date,season,game_pk,game_number,double_header,away_team,home_team,game_time_et,away_pitcher,home_pitcher,away_pitcher_id,home_pitcher_id,away_pitcher_q,home_pitcher_q,away_batting_q,home_batting_q,park_factor,away_proj_runs,home_proj_runs,combined_lambda,lambda_lr_t1,lambda_lr_b1,lambda_lr_total,nrfi_prob,yrfi_prob,over_1_5_prob,under_1_5_prob,nrfi_prob_raw,yrfi_prob_raw,pick_side,pick_strength,pick_label,blended_inputs,created_at,away_era,home_era,away_whip,home_whip,away_fip,home_fip,away_bb9,home_bb9,away_hr9,home_hr9,away_k9,home_k9,away_obp,home_obp,away_slg,home_slg,away_rpg,home_rpg,wx_temp_c,wx_wind_kmh,wx_humidity,wx_is_dome,home_p_last5_pitcher_nrfi,away_p_last5_pitcher_nrfi,home_p_last10_pitcher_nrfi,away_p_last10_pitcher_nrfi,home_top3c_obp,away_top3c_obp,home_top3c_slg,away_top3c_slg,home_top3c_iso,away_top3c_iso,home_top3c_source,away_top3c_source,home_lineup_json,away_lineup_json,top_factors_t1_json,top_factors_b1_json,home_plate_ump_id,home_plate_ump_nrfi_rate,home_xera,away_xera,home_whiff_pct_rank,away_whiff_pct_rank,home_pvt_nrfi_rate,away_pvt_nrfi_rate,home_avg_ip_per_start,away_avg_ip_per_start,away_top3_ops_vs_oppHand,home_top3_ops_vs_oppHand,away_pitcher_throws_hand,home_pitcher_throws_hand,actual_result,graded_result,fi_away_runs,fi_home_runs,fi_total_runs,graded_at,market_nrfi_odds,market_yrfi_odds,sportsbook,odds_captured_at,implied_nrfi_prob,implied_yrfi_prob,edge_nrfi,edge_yrfi,edge_on_pick,bet_placed,units_risked,profit_loss_units,opened_nrfi_odds,opened_yrfi_odds,opened_captured_at,clv_pct,v21_shadow_nrfi_prob,v21_shadow_pick_side,v21_shadow_pick_strength,away_top3c_last10_obp,home_top3c_last10_obp,away_top3c_last10_slg,home_top3c_last10_slg,away_top3c_last10_iso,home_top3c_last10_iso,sizing_prob
2026-04-05,2026,824379,1,,PHI,COL,3:10 PM ET,Taijuan Walker,Tomoyuki Sugano,592836,608372,ltd,ltd,live,live,1.22,0.5844,0.8398,1.4241,,,,0.3623,0.6377,0.4165,0.5835,,,YRFI,STRONG,STRONG YRFI,4,2026-04-26T16:22:38Z,5.882,4.158,1.646,1.255,5.941,5.033,3.56,2.07,2.14,1.83,6.5,6.26,0.306,0.317,0.384,0.405,3.97,4.256,20.50,6.40,15.0,0,0.4000,0.0000,0.5000,0.3000,0.3222,0.3211,0.4727,0.4421,0.1636,0.2211,,,,,,,427164,0.5083,6.170,7.130,17,7,0.7136,0.7197,4.20,4.73,0.8913,0.8657,R,R,YRFI,WIN,0,3,3,2026-04-25T23:44:23+00:00,,,,,,,,,,,,0.909,,,,,,,,0.3211,0.3050,0.4421,0.4889,0.2211,0.2000,
2026-04-05,2026,824460,2,,CHC,CLE,1:15 PM ET,Shota Imanaga,Parker Messick,684007,800048,ltd,ltd,live,live,0.96,0.3822,0.3867,0.7689,,,,0.4891,0.5109,0.1801,0.8199,,,PASS,NO EDGE,PASS - No edge,4,2026-04-26T16:22:38Z,3.074,2.875,0.877,1.102,3.992,3.194,1.72,2.43,1.51,0.76,8.41,8.76,0.342,0.298,0.428,0.394,5.137,4.25,4.40,22.60,69.0,0,0.6000,0.0000,0.5000,0.4000,0.2892,0.3548,0.2875,0.4423,0.0875,0.1923,,,,,,,483919,0.4901,3.180,2.930,49,85,0.7136,0.7272,5.67,5.33,0.8197,0.7360,L,L,NRFI,PASS,0,0,0,2026-04-25T23:44:23+00:00,,,,,,,,,,,,,,,,,,,,0.3478,0.2892,0.4138,0.2875,0.1724,0.0875,
2026-04-05,2026,823566,1,,MIA,NYY,1:35 PM ET,Pete Fairbanks,Max Fried,664126,608331,sm,ltd,live,live,1.02,0.3149,0.4586,0.7735,,,,0.4830,0.5170,0.1817,0.8183,,,PASS,NO EDGE,PASS - No edge,4,2026-04-26T16:22:38Z,4.153,2.627,1.127,0.933,3.535,2.732,2.55,2.27,1.12,0.43,9.79,7.85,0.331,0.328,0.4,0.425,4.518,4.97,13.10,17.10,79.0,0,1.0000,,0.9000,,0.3689,0.3261,0.4524,0.3846,0.2143,0.1538,,,,,,,484499,0.5451,2.300,2.220,34,78,0.7028,0.7136,6.53,,0.8247,0.7793,R,L,YRFI,PASS,1,3,4,2026-04-25T23:44:23+00:00,,,,,,,,,,,,,,,,,,,,0.3261,0.3689,0.3846,0.4524,0.1538,0.2143,
2026-04-05,2026,825025,1,,HOU,OAK,4:05 PM ET,Lance McCullers Jr.,Jacob Lopez,621121,682052,ltd,ltd,live,live,0.93,0.5972,0.5617,1.1588,,,,0.3969,0.6031,0.3225,0.6775,,,YRFI,STRONG,STRONG YRFI,4,2026-04-26T16:22:38Z,5.835,4.692,1.504,1.498,4.766,4.87,4.59,4.9,1.41,1.46,9.09,9.09,0.336,0.316,0.428,0.4,4.901,4.375,28.30,15.50,29.0,0,0.6000,0.6000,0.7000,0.7000,0.3053,0.4737,0.4096,0.5862,0.2048,0.2644,,,,,,,544728,0.4859,3.690,4.990,22,43,0.7272,0.7510,5.33,3.93,1.0347,0.9087,R,L,NRFI,LOSS,0,0,0,2026-04-25T23:44:23+00:00,,,,,,,,,,,,-1,,,,,,,,0.4737,0.3053,0.5862,0.4096,0.2644,0.2048,
2026-04-05,2026,822756,1,,LAD,WSH,1:35 PM ET,Roki Sasaki,Foster Griffin,808963,656492,ltd,ltd,live,live,0.97,0.5222,0.6772,1.1994,,,,0.4130,0.5870,0.3372,0.6628,,,YRFI,STRONG,STRONG YRFI,4,2026-04-26T16:22:38Z,5.018,3.875,1.485,1.23,5.449,4.444,4.29,2.9,1.84,1.4,8.54,8.37,0.343,0.326,0.452,0.405,5.232,5.134,15.90,19.40,50.0,0,1.0000,0.6000,1.0000,0.5556,0.2688,0.3462,0.3448,0.3529,0.1264,0.0735,,,,,,,691042,0.5084,4.510,6.020,47,79,0.7136,0.7136,5.00,4.93,1.0463,0.7103,R,L,NRFI,LOSS,0,0,0,2026-04-25T23:44:23+00:00,,,,,,,,,,,,-1,,,,,,,,0.3462,0.2688,0.3529,0.3448,0.0735,0.1264,
2026-04-05,2026,823238,1,,NYM,SF,4:05 PM ET,Kodai Senga,Logan Webb,673540,657277,sm,ltd,live,live,0.94,0.3105,0.5032,0.8138,,,,0.4130,0.5870,0.1962,0.8038,,,YRFI,STRONG,STRONG YRFI,4,2026-04-26T16:22:38Z,4.807,4.008,1.484,1.307,4.411,2.792,4.59,2.56,1.31,0.55,9.55,8.8,0.302,0.302,0.37,0.386,3.848,3.756,25.20,16.30,42.0,0,0.8000,0.6000,0.7000,0.8000,0.2743,0.2857,0.3429,0.2941,0.1143,0.1059,,,,,,,664263,0.5650,4.450,4.670,17,73,0.7309,0.7510,5.87,5.07,0.5193,0.7187,R,R,NRFI,LOSS,0,0,0,2026-04-25T23:44:23+00:00,,,,,,,,,,,,-1,,,,,,,,0.2857,0.2743,0.2941,0.3429,0.1059,0.1143,
2026-04-05,2026,824131,1,,MIL,KC,2:10 PM ET,Kyle Harrison,Kris Bubic,690986,663460,sm,ltd,live,live,0.96,0.3927,0.4499,0.8427,,,,0.4891,0.5109,0.2066,0.7934,,,PASS,NO EDGE,PASS - No edge,4,2026-04-26T16:22:38Z,3.822,3.214,1.291,1.157,3.941,3.233,3.32,3.49,1.12,0.68,9.22,9.1,0.326,0.310,0.373,0.385,4.726,4.113,16.50,10.00,34.0,0,0.6000,0.6000,0.7000,0.5714,0.3462,0.3799,0.2791,0.5067,0.0349,0.2267,,,,,,,504381,0.4205,4.760,3.420,75,74,0.7272,0.7136,5.27,4.67,0.5207,0.8910,L,L,YRFI,PASS,3,0,3,2026-04-25T23:44:23+00:00,,,,,,,,,,,,,,,,,,,,0.3799,0.3462,0.5067,0.2791,0.2267,0.0349,
2026-04-05,2026,824296,1,,STL,DET,7:20 PM ET,Kyle Leahy,Keider Montero,681517,672456,ltd,ltd,live,live,0.98,0.4059,0.5023,0.9082,,,,0.4692,0.5308,0.2305,0.7695,,,PASS,NO EDGE,PASS - No edge,4,2026-04-26T16:22:38Z,4.218,4.098,1.398,1.197,4.085,3.685,3.36,2.42,1.0,0.97,7.34,7.52,0.322,0.326,0.398,0.409,4.628,4.436,6.30,23.90,45.0,0,1.0000,0.5000,1.0000,0.5000,0.4286,0.3738,0.4386,0.3837,0.1404,0.1279,,,,,,,427533,0.5151,2.350,5.720,18,16,0.7136,0.7136,4.13,4.00,0.8130,0.5857,R,R,NRFI,PASS,0,0,0,2026-04-25T23:44:23+00:00,,,,,,,,,,,,,,,,,,,,0.3738,0.4333,0.3837,0.4800,0.1279,0.1600,
2026-04-05,2026,823405,1,,BAL,PIT,1:35 PM ET,Chris Bassitt,Braxton Ashcraft,605135,677952,ltd,ltd,live,live,0.96,0.3485,0.5668,0.9153,,,,0.4707,0.5293,0.2331,0.7669,,,PASS,NO EDGE,PASS - No edge,4,2026-04-26T16:22:38Z,4.923,2.956,1.582,1.149,4.473,2.873,3.72,2.95,1.2,0.55,7.22,9.42,0.323,0.326,0.405,0.392,4.494,4.804,7.70,17.10,70.0,0,1.0000,0.8000,1.0000,0.8000,0.3564,0.3514,0.5778,0.4000,0.3000,0.1474,,,,,,,676581,0.5084,2.080,6.250,81,17,0.7136,0.7309,4.60,4.93,0.7770,0.8757,R,R,YRFI,PASS,0,2,2,2026-04-25T23:44:23+00:00,,,,,,,,,,,,,,,,,,,,0.3514,0.3564,0.4000,0.5778,0.1474,0.3000,
2026-04-05,2026,823729,1,,TB,MIN,2:10 PM ET,Nick Martinez,Simeon Woods Richardson,607259,680573,ltd,ltd,live,live,0.97,0.5601,0.442,1.002,,,,0.4891,0.5109,0.265,0.735,,,PASS,NO EDGE,PASS - No edge,4,2026-04-26T16:22:38Z,3.443,4.789,1.163,1.387,4.051,4.95,2.34,3.63,1.07,1.53,6.18,7.12,0.328,0.323,0.4,0.391,4.75,4.685,10.40,23.80,47.0,0,0.8000,0.8000,0.9000,0.8000,0.2530,0.4312,0.2838,0.5579,0.0946,0.2000,,,,,,,427243,0.4707,4.790,4.670,8,10,0.6942,0.6487,5.40,5.40,0.8290,0.6270,R,R,NRFI,PASS,0,0,0,2026-04-25T23:44:23+00:00,,,,,,,,,,,,,,,,,,,,0.4312,0.2530,0.5579,0.2838,0.2000,0.0946,
2026-04-05,2026,824781,1,,SD,BOS,1:35 PM ET,Walker Buehler,Ranger Suarez,621111,624133,ltd,ltd,live,live,1.05,0.4045,0.602,1.0065,,,,0.4359,0.5641,0.2666,0.7334,,,PASS,NO EDGE,PASS - No edge,4,2026-04-26T16:22:38Z,5.214,3.522,1.553,1.192,4.614,3.45,4.26,2.37,1.2,0.88,7.39,7.72,0.313,0.315,0.388,0.375,4.457,4.256,12.50,16.00,84.0,0,0.4000,0.6000,0.7000,0.7000,0.2500,0.2967,0.2935,0.3855,0.1087,0.1566,,,,,,,427113,0.5139,4.990,4.990,8,41,0.7709,0.7136,4.93,4.80,0.6307,0.5467,R,L,NRFI,PASS,0,0,0,2026-04-25T23:44:23+00:00,,,,,,,,,,,,,,,,,,,,0.2967,0.2500,0.3855,0.2935,0.1566,0.1087,
2026-04-05,2026,824620,1,,TOR,CWS,2:10 PM ET,Eric Lauer,Davis Martin,641778,663436,ltd,ltd,live,live,0.98,0.3999,0.5356,0.9354,,,,0.4130,0.5870,0.2405,0.7595,,,YRFI,STRONG,STRONG YRFI,4,2026-04-26T16:22:38Z,4.541,3.186,1.275,1.172,4.785,3.805,3.24,2.6,1.69,0.97,8.42,6.99,0.332,0.319,0.398,0.394,4.213,4.256,9.80,18.00,39.0,0,0.6000,0.6000,0.6000,0.7000,0.2935,0.3218,0.4568,0.3425,0.2469,0.1370,,,,,,,490319,0.5366,4.670,4.570,32,19,0.7136,0.7272,5.13,4.80,0.6820,0.6807,L,R,YRFI,WIN,0,1,1,2026-04-25T23:44:23+00:00,,,,,,,,,,,,0.909,,,,,,,,0.3218,0.2935,0.3425,0.4568,0.1370,0.2469,
2026-04-05,2026,824459,1,,CHC,CLE,1:10 PM ET,Edward Cabrera,Slade Cecconi,665795,677944,ltd,ltd,live,live,0.96,0.5722,0.4235,0.9957,,,,0.4110,0.5890,0.2627,0.7373,,,YRFI,STRONG,STRONG YRFI,4,2026-04-26T16:22:38Z,3.192,5.016,1.209,1.337,3.591,4.947,3.25,3.04,0.9,1.72,8.55,7.43,0.342,0.298,0.428,0.394,5.137,4.25,4.40,22.60,69.0,0,0.8000,0.6000,0.8000,0.5000,0.3053,0.3191,0.4886,0.4321,0.2386,0.2222,,,,,,,483564,0.5037,5.610,3.720,29,45,0.7136,0.6796,5.80,5.20,0.7103,0.6943,R,R,NRFI,LOSS,0,0,0,2026-04-25T23:44:23+00:00,,,,,,,,,,,,-1,,,,,,,,0.3191,0.3053,0.4321,0.4886,0.2222,0.2386,
2026-04-05,2026,822917,1,,CIN,TEX,2:35 PM ET,Chase Burns,Jack Leiter,695505,683004,ltd,ltd,live,live,1.07,0.5082,0.4914,0.9996,,,,0.5543,0.4457,0.2641,0.7359,,,PASS,NO EDGE,PASS - No edge,4,2026-04-26T16:22:38Z,3.607,4.288,1.191,1.349,3.779,3.88,3.29,3.97,1.2,1.07,10.28,9.42,0.312,0.315,0.388,0.398,4.327,4.256,,,,1,0.4000,0.8000,0.5000,0.7778,0.3303,0.3107,0.4694,0.3068,0.2041,0.1136,,,,,,,427344,0.4727,5.050,3.520,83,87,0.7136,0.7136,6.00,4.67,0.6623,0.7787,R,R,NRFI,PASS,0,0,0,2026-04-25T23:44:23+00:00,,,,,,,,,,,,,,,,,,,,0.3107,0.3303,0.3068,0.4694,0.1136,0.2041,
2026-04-05,2026,824053,1,,SEA,LAA,4:07 PM ET,Luis Castillo,George Klassen,622491,691946,ltd,sm,live,live,0.99,0.5212,0.4623,0.9835,,,,0.4692,0.5308,0.2582,0.7418,,,PASS,NO EDGE,PASS - No edge,4,2026-04-26T16:22:38Z,4.078,4.9,1.374,1.477,3.608,4.656,2.74,3.86,1.01,1.29,8.41,9.28,0.323,0.326,0.389,0.396,4.227,4.576,27.10,9.20,30.0,0,,1.0000,,0.6000,0.3396,0.2400,0.4731,0.2667,0.2258,0.1111,,,,,,,482641,0.4806,,5.260,,49,0.7136,0.7424,,6.27,0.7300,0.7183,R,R,YRFI,PASS,0,1,1,2026-04-25T23:44:23+00:00,,,,,,,,,,,,,,,,,,,,0.2400,0.3396,0.2667,0.4731,0.1111,0.2258,
2026-04-05,2026,825102,1,,ATL,ARI,4:10 PM ET,MartÃ­n PÃ©rez,Brandon Pfaadt,527048,694297,ltd,ltd,live,live,1.0,0.5296,0.4673,0.9969,,,,0.4140,0.5860,0.2631,0.7369,,,YRFI,STRONG,STRONG YRFI,4,2026-04-26T16:22:38Z,3.456,5.364,1.095,1.322,4.227,4.345,2.92,2.65,1.12,1.35,7.1,7.14,0.332,0.309,0.437,0.413,5.273,4.555,,,,1,0.8000,0.4000,0.5000,0.6000,0.2925,0.3419,0.3804,0.4653,0.1848,0.2178,,,,,,,483561,0.5039,4.640,4.600,39,13,0.7510,0.7272,5.93,5.47,0.8810,0.9377,L,R,YRFI,WIN,1,1,2,2026-04-25T23:44:23+00:00,,,,,,,,,,,,0.909,,,,,,,,0.3419,0.2925,0.4653,0.3804,0.2178,0.1848,
2026-04-25,2026,822826,1,,CLE,TOR,3:07 PM ET,Joey Cantillo,Kevin Gausman,676282,592332,ltd,ltd,live,live,1.01,0.3307,0.4865,0.8173,,,,0.5925,0.4075,0.1974,0.8026,,,NRFI,STRONG,STRONG NRFI,4,2026-04-26T16:25:30Z,3.478,3.114,1.285,1.004,3.749,2.971,3.82,1.96,1.08,0.88,10.04,9.26,0.298,0.332,0.394,0.398,4.25,4.213,,,,1,1.0000,0.8000,0.8000,0.8000,0.3684,0.3412,0.4323,0.4942,0.1135,0.2490,,,,,,,511890,0.5521,2.990,3.850,77,62,0.7412,0.7136,5.67,5.07,0.7933,0.8920,L,R,NRFI,WIN,0,0,0,2026-04-25T23:14:04+00:00,,,,,,,,,,,,0.909,,,,,,,,0.3500,0.3363,0.5294,0.4563,0.2941,0.1456,
2026-04-25,2026,824933,1,,PHI,ATL,7:15 PM ET,Zack Wheeler,Bryce Elder,554430,693821,sm,ltd,live,live,0.98,0.3815,0.3868,0.7683,,,,0.6486,0.3514,0.1799,0.8201,,,NRFI,STRONG,STRONG NRFI,4,2026-04-26T16:25:30Z,2.809,3.69,0.969,1.188,2.771,3.698,2.37,2.7,1.02,0.95,11.66,7.55,0.306,0.332,0.384,0.437,3.97,5.273,20.30,2.20,86.0,0,0.8000,0.4000,0.8000,0.6000,0.3622,0.3230,0.4938,0.4356,0.2174,0.1931,,,,,,,621660,0.4990,2.860,2.490,29,90,0.6780,0.7507,6.00,5.53,0.7960,0.8810,R,R,YRFI,LOSS,1,0,1,2026-04-26T01:51:04+00:00,,,,,,,,,,,,-1,,,,,,,,0.2857,0.3597,0.3953,0.4706,0.2093,0.2017,
2026-04-25,2026,825093,1,,SD,ARI,6:05 PM ET,GermÃ¡n MÃ¡rquez,Zac Gallen,608566,668678,ltd,ltd,live,live,1.0,0.4495,0.6381,1.0876,,,,0.4493,0.5507,0.2964,0.7036,,,PASS,NO EDGE,PASS - No edge,4,2026-04-26T16:25:30Z,5.825,4.131,1.571,1.301,5.481,4.057,3.12,2.74,1.86,1.12,6.07,7.05,0.313,0.309,0.388,0.413,4.457,4.555,,,,1,0.6000,0.4000,0.6000,0.6000,0.3252,0.3086,0.4658,0.3813,0.2137,0.1403,,,,,,,521889,0.4806,4.920,5.050,9,29,0.7680,0.6109,5.13,4.60,0.6907,0.6423,R,R,NRFI,PASS,0,0,0,2026-04-25T23:14:04+00:00,,,,,,,,,,,,,,,,,,,,0.3327,0.3468,0.4261,0.4952,0.1565,0.2286,
2026-04-25,2026,824851,1,,BOS,BAL,12:05 PM ET,Garrett Crochet,Trevor Rogers,676979,669432,ltd,ltd,live,live,1.06,0.3833,0.4589,0.8422,,,,0.4493,0.5507,0.2064,0.7936,,,PASS,NO EDGE,PASS - No edge,4,2026-04-26T16:25:30Z,4.18,3.195,1.219,1.154,3.276,3.176,2.57,2.68,1.24,0.7,11.15,8.33,0.315,0.323,0.375,0.405,4.256,4.494,9.90,16.00,91.0,0,1.0000,0.4000,0.8000,0.6000,0.3615,0.3458,0.5097,0.4100,0.2374,0.1494,,,,,,,427164,0.5083,3.670,4.860,59,43,0.7396,0.7396,5.73,4.80,0.9253,0.8503,L,L,NRFI,PASS,0,0,0,2026-04-25T23:14:04+00:00,,,,,,,,,,,,,,,,,,,,0.2564,0.3358,0.2642,0.4793,0.0849,0.2231,
2026-04-25,2026,823960,1,,CHC,LAD,7:15 PM ET,Colin Rea,Roki Sasaki,607067,808963,ltd,ltd,live,live,0.97,0.6643,0.5023,1.1666,,,,0.3813,0.6187,0.3253,0.6747,,,YRFI,STRONG,STRONG YRFI,4,2026-04-26T16:25:30Z,4.217,5.018,1.262,1.485,3.885,5.449,2.69,4.29,1.08,1.84,7.5,8.54,0.342,0.343,0.428,0.452,5.137,5.232,17.10,17.00,63.0,0,0.8000,1.0000,0.7000,0.8000,0.3461,0.3237,0.4381,0.3277,0.1810,0.1008,,,,,,,482631,0.5380,6.020,4.250,79,27,0.7396,0.7396,4.33,5.93,0.7853,0.8563,R,R,NRFI,LOSS,0,0,0,2026-04-26T01:51:04+00:00,,,,,,,,,,,,-1,,,,,,,,0.3953,0.3092,0.4306,0.3333,0.1389,0.0938,
2026-04-25,2026,824527,1,,DET,CIN,7:15 PM ET,Jack Flaherty,Brady Singer,656427,663903,ltd,ltd,live,live,1.09,0.5274,0.6371,1.1645,,,,0.4081,0.5919,0.3245,0.6755,,,YRFI,STRONG,STRONG YRFI,4,2026-04-26T16:25:30Z,4.906,4.425,1.457,1.4,4.434,4.142,5.07,2.76,1.34,1.24,10.33,7.5,0.326,0.312,0.409,0.388,4.436,4.327,23.50,12.20,46.0,0,0.6000,1.0000,0.6000,0.9000,0.3158,0.3689,0.3646,0.4500,0.1458,0.1455,,,,,,,427113,0.5139,5.320,5.460,23,46,0.7197,0.7396,4.73,4.67,0.7603,0.6623,R,R,YRFI,WIN,1,4,5,2026-04-26T01:51:04+00:00,,,,,,,,,,,,0.909,,,,,,,,0.3786,0.3140,0.4130,0.4107,0.1087,0.1875,
2026-04-25,2026,823637,1,,COL,NYM,4:10 PM ET,Jose Quintana,Kodai Senga,,,sm,sm,live,live,0.96,0.5268,0.5517,1.0784,,,,0.6413,0.3587,0.2931,0.7069,,,NRFI,STRONG,STRONG NRFI,4,2026-04-26T16:25:30Z,4.517,4.807,1.427,1.484,5.379,4.411,4.12,4.59,1.44,1.31,5.29,9.55,0.317,0.302,0.405,0.37,4.256,3.848,5.50,10.80,93.0,0,,,,,0.3198,0.3465,0.3773,0.5435,0.1227,0.2609,,,,,,,665299,0.5084,,,,,,,,,0.9597,0.8020,R,R,POSTPONED,POSTPONED,,,,2026-04-26T16:21:08+00:00,,,,,,,,,,,,,,,,,,,,0.3600,0.3025,0.5929,0.3241,0.3009,0.0833,
2026-04-25,2026,823229,1,,MIA,SF,4:05 PM ET,Eury PÃ©rez,Robbie Ray,691587,592662,ltd,ltd,live,live,0.94,0.4541,0.44,0.8941,,,,0.4604,0.5396,0.2254,0.7746,,,PASS,NO EDGE,PASS - No edge,4,2026-04-26T16:25:30Z,4.397,3.22,1.226,1.178,4.185,4.006,3.47,3.7,1.41,1.21,9.65,9.34,0.331,0.302,0.4,0.386,4.518,3.756,14.40,16.60,71.0,0,0.8000,0.6000,0.8000,0.6000,0.3130,0.3509,0.3803,0.4537,0.1082,0.1659,,,,,,,483919,0.4901,4.480,5.150,68,71,0.7396,0.7136,5.67,5.20,0.7213,0.7187,R,L,NRFI,PASS,0,0,0,2026-04-25T23:14:04+00:00,,,,,,,,,,,,,,,,,,,,0.3701,0.2846,0.4779,0.2960,0.1770,0.0400,
2026-04-25,2026,824613,1,,WSH,CWS,4:10 PM ET,Jake Irvin,Noah Schultz,663623,702273,ltd,sm,live,live,0.98,0.4805,0.5356,1.0161,,,,0.4493,0.5507,0.2702,0.7298,,,PASS,NO EDGE,PASS - No edge,4,2026-04-26T16:25:30Z,5.341,4.014,1.325,1.212,4.733,3.971,3.22,3.65,1.62,1.03,8.01,9.4,0.326,0.319,0.405,0.394,5.134,4.256,7.30,21.70,86.0,0,0.5000,0.4000,0.5000,0.6000,0.3431,0.3430,0.4903,0.4854,0.2607,0.2427,,,,,,,596809,0.5038,3.290,4.570,60,59,0.7136,0.7272,4.67,4.80,0.6790,0.7873,R,L,NRFI,PASS,0,0,0,2026-04-25T23:14:04+00:00,,,,,,,,,,,,,,,,,,,,0.3241,0.3942,0.4725,0.6752,0.2637,0.3761,
2026-04-25,2026,823070,1,,SEA,STL,2:15 PM ET,Bryan Woo,Matthew Liberatore,693433,669461,ltd,ltd,live,live,0.97,0.517,0.3718,0.8888,,,,0.4553,0.5447,0.2234,0.7766,,,PASS,NO EDGE,PASS - No edge,4,2026-04-26T16:25:30Z,3.369,4.442,0.991,1.413,3.457,4.976,1.65,2.77,1.15,1.67,8.34,6.58,0.323,0.322,0.389,0.398,4.227,4.628,24.70,8.30,40.0,0,0.6000,1.0000,0.7000,0.9000,0.3690,0.3034,0.3832,0.3350,0.1423,0.1214,,,,,,,483569,0.5176,5.790,3.640,12,36,0.7272,0.7272,5.40,6.40,0.6967,0.8130,R,L,YRFI,PASS,2,2,4,2026-04-25T23:14:04+00:00,,,,,,,,,,,,,,,,,,,,0.3434,0.3796,0.3837,0.5086,0.1395,0.2328,
2026-04-25,2026,822910,1,,OAK,TEX,7:05 PM ET,Jeffrey Springs,MacKenzie Gore,605488,669022,ltd,ltd,live,live,1.07,0.5129,0.5117,1.0246,,,,0.5322,0.4678,0.2733,0.7267,,,PASS,NO EDGE,PASS - No edge,4,2026-04-26T16:25:30Z,3.96,4.249,1.116,1.324,4.356,3.756,2.83,3.94,1.38,1.27,7.57,11.22,0.316,0.315,0.4,0.398,4.375,4.256,,,,1,0.8000,0.6000,0.6000,0.7000,0.3523,0.3965,0.4392,0.5185,0.1843,0.2434,,,,,,,658536,0.5084,4.600,2.930,63,52,0.6942,0.7309,5.20,5.93,0.8733,0.7500,L,L,NRFI,PASS,0,0,0,2026-04-26T01:51:04+00:00,,,,,,,,,,,,,,,,,,,,0.4215,0.3697,0.5800,0.4141,0.2800,0.1717,
2026-04-25,2026,822989,1,,MIN,TB,4:10 PM ET,Bailey Ober,Shane McClanahan,641927,663556,ltd,ltd,live,live,0.93,0.4323,0.4688,0.9011,,,,0.4520,0.5480,0.2279,0.7721,,,PASS,NO EDGE,PASS - No edge,4,2026-04-26T16:25:30Z,4.584,4.094,1.238,1.254,4.274,3.83,2.44,3.76,1.4,0.9,7.48,9.22,0.323,0.328,0.391,0.4,4.685,4.75,,,,1,0.7500,0.8000,0.7500,0.9000,0.3534,0.3627,0.4583,0.4333,0.1840,0.1750,,,,,,,665281,0.5305,4.330,3.880,51,24,0.6796,0.6942,4.50,5.20,0.7543,0.7870,R,L,NRFI,PASS,0,0,0,2026-04-25T23:14:04+00:00,,,,,,,,,,,,,,,,,,,,0.3554,0.3526,0.4906,0.5043,0.2170,0.2522,
2026-04-25,2026,824203,1,,NYY,HOU,7:10 PM ET,Ryan Weathers,Mike Burrows,677960,681347,ltd,ltd,live,live,0.99,0.547,0.4941,1.0411,,,,0.4692,0.5308,0.2794,0.7206,,,PASS,NO EDGE,PASS - No edge,4,2026-04-26T16:25:30Z,3.715,4.981,1.242,1.43,3.875,4.399,2.59,3.16,1.35,1.57,9.75,9.26,0.328,0.336,0.425,0.428,4.97,4.901,,,,1,0.4000,0.6000,0.6000,0.8000,0.3905,0.3803,0.5131,0.5488,0.2247,0.3089,,,,,,,427248,0.5131,3.830,4.600,66,64,0.7136,0.7136,5.33,5.67,0.8860,1.0277,L,R,YRFI,PASS,0,1,1,2026-04-26T01:51:04+00:00,,,,,,,,,,,,,,,,,,,,0.3675,0.3622,0.6170,0.5357,0.3830,0.2500,
2026-04-25,2026,823799,1,,PIT,MIL,7:10 PM ET,Mitch Keller,Jacob Misiorowski,656605,694819,ltd,ltd,live,live,1.03,0.459,0.4355,0.8946,,,,0.6620,0.3380,0.2255,0.7745,,,NRFI,STRONG,STRONG NRFI,4,2026-04-26T16:25:30Z,3.726,3.852,1.209,1.18,3.433,3.328,2.75,3.66,0.7,1.13,7.18,12.19,0.326,0.326,0.392,0.373,4.804,4.726,,,,1,0.6000,0.8000,0.6000,0.8000,0.3585,0.3465,0.4528,0.4351,0.1890,0.1832,,,,,,,482608,0.4520,3.040,3.830,97,33,0.7272,0.6883,5.33,5.80,0.7163,0.8613,R,R,NRFI,WIN,0,0,0,2026-04-26T01:51:04+00:00,,,,,,,,,,,,0.909,,,,,,,,0.2556,0.3333,0.2906,0.3739,0.1368,0.1130,
2026-04-25,2026,824121,1,,LAA,KC,7:10 PM ET,Walbert Urena,Cole Ragans,700712,666142,sm,ltd,live,live,0.96,0.5213,0.5064,1.0277,,,,0.4734,0.5266,0.2744,0.7256,,,PASS,NO EDGE,PASS - No edge,4,2026-04-26T16:25:30Z,4.322,4.665,1.459,1.321,4.294,4.377,4.11,4.19,1.12,1.6,9.26,11.42,0.326,0.310,0.396,0.385,4.576,4.113,23.50,8.40,46.0,0,0.4000,1.0000,0.6000,1.0000,0.3203,0.3636,0.3947,0.4426,0.1541,0.1967,,,,,,,658292,0.4848,5.390,3.440,86,51,0.7510,0.7136,4.20,6.00,0.9003,0.6987,R,L,NRFI,PASS,0,0,0,2026-04-26T01:51:04+00:00,,,,,,,,,,,,,,,,,,,,0.3481,0.3462,0.4234,0.4825,0.2072,0.2105,
2026-04-01,2026,823157,1,,NYY,SEA,4:10 PM ET,Cam Schlittler,George Kirby,693645,669923,ltd,ltd,live,live,0.95,0.3804,0.3164,0.6968,,,,0.6532,0.3468,0.1547,0.8453,,,NRFI,STRONG,STRONG NRFI,4,2026-04-26T16:21:54Z,2.661,3.597,0.997,1.116,2.7,3.398,2.34,2.07,0.69,1.0,10.11,8.25,0.328,0.323,0.425,0.389,4.97,4.227,,,,1,0.8000,0.8000,0.8000,0.8000,0.3421,0.3115,0.3438,0.4364,0.1250,0.2000,,,,,,,483561,0.5039,2.860,2.310,21,78,0.6796,0.7136,5.47,5.67,0.7793,0.8467,R,R,YRFI,LOSS,1,0,1,2026-04-25T23:39:36+00:00,,,,,,,,,,,,-1,,,,,,,,0.3115,0.3421,0.4364,0.3438,0.2000,0.1250,
2026-04-01,2026,825106,1,,DET,ARI,3:40 PM ET,Tarik Skubal,Zac Gallen,669373,668678,ltd,ltd,live,live,1.0,0.4621,0.2708,0.7329,,,,0.4130,0.5870,0.1673,0.8327,,,YRFI,STRONG,STRONG YRFI,4,2026-04-26T16:21:54Z,2.452,4.131,0.937,1.301,2.107,4.057,1.51,2.74,0.55,1.12,10.34,7.05,0.326,0.309,0.409,0.413,4.436,4.555,,,,1,0.6000,0.8000,0.7000,0.9000,0.3281,0.4375,0.4821,0.4038,0.2321,0.0962,,,,,,,503077,0.5258,4.920,3.040,9,73,0.7136,0.7136,5.60,5.67,0.8453,0.9377,L,R,YRFI,WIN,0,1,1,2026-04-25T23:39:36+00:00,,,,,,,,,,,,0.909,,,,,,,,0.4375,0.3281,0.4038,0.4821,0.0962,0.2321,
2026-04-01,2026,823321,1,,SF,SD,4:10 PM ET,Adrian Houser,Nick Pivetta,605288,601713,ltd,sm,live,live,0.95,0.3022,0.4689,0.7711,,,,0.4965,0.5035,0.1808,0.8192,,,PASS,NO EDGE,PASS - No edge,4,2026-04-26T16:21:54Z,4.878,3.336,1.476,1.03,4.132,2.785,2.79,2.74,1.0,0.78,6.02,10.6,0.302,0.313,0.386,0.388,3.756,4.457,21.60,13.10,65.0,0,0.6000,0.4000,0.6000,0.5000,0.2833,0.3115,0.3273,0.3684,0.1091,0.1053,,,,,,,596809,0.5038,1.780,5.830,54,14,0.7197,0.7075,5.27,6.07,0.6180,0.6857,R,R,YRFI,PASS,0,1,1,2026-04-25T23:39:36+00:00,,,,,,,,,,,,,,,,,,,,0.3115,0.2833,0.3684,0.3273,0.1053,0.1091,
2026-04-01,2026,822835,1,,COL,TOR,1:07 PM ET,Kyle Freeland,Kevin Gausman,607536,592332,sm,ltd,live,live,1.01,0.3323,0.4397,0.772,,,,0.6413,0.3587,0.1812,0.8188,,,NRFI,STRONG,STRONG NRFI,4,2026-04-26T16:21:54Z,4.242,3.114,1.329,1.004,3.761,2.971,2.18,1.96,1.05,0.88,7.11,9.26,0.317,0.332,0.405,0.398,4.256,4.213,,,,1,0.6000,0.8000,0.8000,0.7000,0.3913,0.2885,0.4474,0.4400,0.1842,0.1800,,,,,,,427366,0.4992,2.990,3.910,77,58,0.7075,0.6942,6.07,5.53,0.8257,0.9307,L,R,NRFI,WIN,0,0,0,2026-04-25T23:39:36+00:00,,,,,,,,,,,,0.909,,,,,,,,0.2879,0.3816,0.3968,0.4923,0.1429,0.2154,
2026-04-01,2026,824136,1,,MIN,KC,7:40 PM ET,Joe Ryan,Noah Cameron,657746,702070,ltd,ltd,live,live,0.96,0.4764,0.3592,0.8356,,,,0.4000,0.6000,0.204,0.796,,,YRFI,STRONG,STRONG YRFI,4,2026-04-26T16:21:54Z,3.634,3.835,1.031,1.266,3.276,4.387,2.14,2.92,1.13,1.39,9.78,7.63,0.323,0.310,0.391,0.385,4.685,4.113,12.80,16.30,97.0,0,0.4000,0.4000,0.5000,0.5000,0.3125,0.2353,0.1538,0.1429,0.0000,0.0000,,,,,,,427164,0.5083,7.040,2.990,36,44,0.7396,0.7138,6.07,4.27,0.7827,0.7130,R,L,NRFI,LOSS,0,0,0,2026-04-25T23:39:36+00:00,,,,,,,,,,,,-1,,,,,,,,0.2660,0.2634,0.2651,0.3553,0.0843,0.1316,
2026-04-01,2026,823483,1,,WSH,PHI,1:05 PM ET,Cade Cavalli,Cristopher SÃ¡nchez,676917,650911,ltd,ltd,live,live,1.04,0.3832,0.4604,0.8436,,,,0.4692,0.5308,0.207,0.793,,,PASS,NO EDGE,PASS - No edge,4,2026-04-26T16:21:54Z,4.141,2.7,1.462,1.305,3.489,2.5,3.5,2.3,0.77,0.66,9.11,10.45,0.326,0.306,0.405,0.384,5.134,3.97,26.80,7.20,39.0,0,1.0000,0.6000,1.0000,0.7000,0.2000,0.2698,0.1667,0.3729,0.0238,0.1525,,,,,,,503586,0.4946,3.290,3.910,83,39,0.7272,0.7396,6.33,4.53,0.7557,0.7960,R,L,YRFI,PASS,0,1,1,2026-04-25T23:39:36+00:00,,,,,,,,,,,,,,,,,,,,0.2698,0.2500,0.3729,0.2407,0.1525,0.0741,
2026-04-01,2026,824536,1,,PIT,CIN,12:40 PM ET,Paul Skenes,Andrew Abbott,694973,671096,ltd,ltd,live,live,1.09,0.5458,0.3131,0.859,,,,0.4493,0.5507,0.2125,0.7875,,,PASS,NO EDGE,PASS - No edge,4,2026-04-26T16:21:54Z,2.184,4.408,0.853,1.41,2.407,4.153,2.08,3.08,0.57,1.13,9.93,7.24,0.326,0.312,0.392,0.388,4.804,4.327,14.60,13.00,91.0,0,0.8000,0.6000,0.7000,0.7000,0.3188,0.2834,0.2982,0.3333,0.1228,0.0877,,,,,,,427128,0.4785,5.570,1.940,27,42,0.7272,0.7396,5.73,4.27,0.6803,0.6623,R,L,YRFI,PASS,3,0,3,2026-04-25T23:39:36+00:00,,,,,,,,,,,,,,,,,,,,0.2823,0.3188,0.3500,0.2982,0.1000,0.1228,
2026-04-01,2026,824860,1,,TEX,BAL,12:35 PM ET,Nathan Eovaldi,Trevor Rogers,543135,669432,ltd,ltd,live,live,1.06,0.388,0.4751,0.8631,,,,0.4891,0.5109,0.214,0.786,,,PASS,NO EDGE,PASS - No edge,4,2026-04-26T16:21:54Z,3.541,3.195,1.127,1.154,3.931,3.176,1.93,2.68,1.51,0.7,8.94,8.33,0.315,0.323,0.398,0.405,4.256,4.494,22.00,9.80,81.0,0,0.8000,0.8000,0.8000,0.8000,0.3433,0.3611,0.4000,0.4688,0.1333,0.1719,,,,,,,484499,0.5451,3.670,4.700,59,68,0.7075,0.6909,5.27,6.33,0.6263,0.7770,R,L,NRFI,PASS,0,0,0,2026-04-25T23:39:36+00:00,,,,,,,,,,,,,,,,,,,,0.3611,0.3433,0.4688,0.4000,0.1719,0.1333,
2026-04-01,2026,823806,1,,TB,MIL,1:40 PM ET,Drew Rasmussen,Jacob Misiorowski,656876,694819,ltd,ltd,live,live,1.03,0.46,0.4264,0.8863,,,,0.6620,0.3380,0.2225,0.7775,,,NRFI,STRONG,STRONG NRFI,4,2026-04-26T16:21:54Z,2.64,3.852,0.912,1.18,3.856,3.328,1.91,3.66,1.35,1.13,8.26,12.19,0.328,0.326,0.4,0.373,4.75,4.726,,,,1,0.4000,1.0000,0.5000,0.9000,0.4154,0.3700,0.5357,0.5000,0.2143,0.1607,,,,,,,427044,0.4802,3.040,2.650,97,42,0.7136,0.7136,5.00,4.07,0.7073,0.8453,R,R,NRFI,WIN,0,0,0,2026-04-25T23:39:36+00:00,,,,,,,,,,,,0.909,,,,,,,,0.3700,0.4154,0.5000,0.5357,0.1607,0.2143,
2026-04-01,2026,823970,1,,CLE,LAD,8:20 PM ET,Gavin Williams,Yoshinobu Yamamoto,668909,808967,ltd,ltd,live,live,0.97,0.3159,0.6021,0.918,,,,0.4692,0.5308,0.2341,0.7659,,,PASS,NO EDGE,PASS - No edge,4,2026-04-26T16:21:54Z,3.163,2.486,1.186,0.945,4.368,2.935,4.65,2.32,1.38,0.78,10.22,9.28,0.298,0.343,0.394,0.452,4.25,5.232,20.50,17.30,53.0,0,0.8000,0.8000,0.8000,0.8000,0.3281,0.2580,0.2830,0.2742,0.0943,0.0645,,,,,,,511890,0.5521,3.640,4.100,76,80,0.7136,0.6796,6.60,5.80,0.7710,0.7700,R,R,NRFI,PASS,0,0,0,2026-04-25T23:39:36+00:00,,,,,,,,,,,,,,,,,,,,0.2580,0.3281,0.2742,0.2830,0.0645,0.0943,
2026-04-01,2026,824698,1,,LAA,CHC,2:20 PM ET,Yusei Kikuchi,Matthew Boyd,579328,571510,ltd,sm,live,live,1.0,0.3535,0.5809,0.9344,,,,0.4130,0.5870,0.2401,0.7599,,,YRFI,STRONG,STRONG YRFI,4,2026-04-26T16:21:54Z,4.923,3.879,1.491,1.103,3.908,2.961,3.86,2.06,1.09,0.87,9.27,9.4,0.326,0.342,0.396,0.428,4.576,5.137,3.90,27.20,85.0,0,0.4000,0.6000,0.7000,0.6000,0.3134,0.3976,0.5088,0.4394,0.2982,0.1970,,,,,,,482663,0.5317,3.720,4.920,97,58,0.7136,0.7136,4.80,4.60,0.9003,0.8387,L,L,NRFI,LOSS,0,0,0,2026-04-25T23:39:36+00:00,,,,,,,,,,,,-1,,,,,,,,0.3976,0.3134,0.4394,0.5088,0.1970,0.2982,
2026-04-01,2026,823078,1,,NYM,STL,1:15 PM ET,Freddy Peralta,Matthew Liberatore,642547,669461,ltd,ltd,live,live,0.97,0.4799,0.4507,0.9307,,,,0.4536,0.5464,0.2388,0.7612,,,PASS,NO EDGE,PASS - No edge,4,2026-04-26T16:21:54Z,3.234,4.442,1.138,1.413,3.562,4.976,3.49,2.77,1.09,1.67,10.27,6.58,0.302,0.322,0.37,0.398,3.848,4.628,12.50,12.50,91.0,0,1.0000,0.6000,0.8000,0.8000,0.3433,0.3333,0.4286,0.3167,0.1607,0.1000,,,,,,,544728,0.4859,5.790,3.570,12,78,0.6796,0.7412,5.07,4.60,0.5780,0.8130,R,L,NRFI,PASS,0,0,0,2026-04-25T23:39:36+00:00,,,,,,,,,,,,,,,,,,,,0.3333,0.3433,0.3167,0.4286,0.1000,0.1607,
2026-04-01,2026,824211,1,,BOS,HOU,2:10 PM ET,Garrett Crochet,Mike Burrows,676979,681347,ltd,ltd,live,live,0.99,0.4958,0.4553,0.9511,,,,0.4891,0.5109,0.2463,0.7537,,,PASS,NO EDGE,PASS - No edge,4,2026-04-26T16:21:54Z,4.18,4.981,1.219,1.43,3.276,4.399,2.57,3.16,1.24,1.57,11.15,9.26,0.315,0.336,0.375,0.428,4.256,4.901,,,,1,0.6000,0.8000,0.8000,0.9000,0.4805,0.2619,0.6780,0.2703,0.3559,0.1081,,,,,,,427129,0.4611,3.830,4.860,66,43,0.7136,0.7396,4.40,6.60,0.5697,0.9480,L,R,YRFI,PASS,1,2,3,2026-04-25T23:39:36+00:00,,,,,,,,,,,,,,,,,,,,0.3143,0.4805,0.3626,0.6780,0.1538,0.3559,
2026-04-01,2026,824940,1,,OAK,ATL,12:15 PM ET,Luis Severino,Chris Sale,622663,519242,ltd,ltd,live,live,0.98,0.3524,0.5866,0.939,,,,0.4758,0.5242,0.2418,0.7582,,,PASS,NO EDGE,PASS - No edge,4,2026-04-26T16:21:54Z,4.816,2.668,1.414,1.041,4.199,3.084,4.22,2.25,1.01,1.11,7.92,10.66,0.316,0.332,0.4,0.437,4.375,5.273,27.20,9.70,41.0,0,0.8000,0.6000,0.9000,0.8000,0.3125,0.2593,0.4464,0.5000,0.2143,0.2692,,,,,,,575629,0.4774,2.990,5.320,52,37,0.6796,0.7197,6.13,5.27,0.8197,0.8810,R,L,NRFI,PASS,0,0,0,2026-04-25T23:39:36+00:00,,,,,,,,,,,,,,,,,,,,0.2338,0.3125,0.4110,0.4464,0.2192,0.2143,
2026-04-01,2026,823889,1,,CWS,MIA,1:10 PM ET,Shane Smith,Sandy Alcantara,681343,645261,sm,ltd,live,live,0.95,0.4125,0.5362,0.9487,,,,0.5543,0.4457,0.2454,0.7546,,,PASS,NO EDGE,PASS - No edge,4,2026-04-26T16:21:54Z,4.987,4.189,1.422,1.189,4.072,4.046,4.66,2.9,1.06,1.0,9.49,6.61,0.319,0.331,0.394,0.4,4.256,4.518,,,,1,0.6000,1.0000,0.7000,0.9000,0.2683,0.2564,0.3243,0.2857,0.1081,0.1143,,,,,,,483912,0.5511,3.110,4.510,52,52,0.7136,0.7136,6.73,4.53,0.6093,0.6837,R,R,YRFI,PASS,0,4,4,2026-04-25T23:39:36+00:00,,,,,,,,,,,,,,,,,,,,0.2212,0.2321,0.3143,0.2400,0.1429,0.0800,
2026-04-02,2026,823242,1,,NYM,SF,9:45 PM ET,David Peterson,Robbie Ray,656849,592662,ltd,ltd,live,live,0.94,0.4054,0.4041,0.8095,,,,0.4130,0.5870,0.1946,0.8054,,,YRFI,STRONG,STRONG YRFI,4,2026-04-26T16:21:58Z,4.552,3.22,1.481,1.178,3.403,4.006,3.6,3.7,0.63,1.21,8.11,9.34,0.302,0.302,0.37,0.386,3.848,3.756,18.00,17.10,49.0,0,1.0000,0.6000,0.7000,0.7000,0.2740,0.3103,0.3088,0.3243,0.0882,0.1216,,,,,,,598411,0.5467,4.480,4.790,68,41,0.7075,0.7613,4.73,4.40,0.5780,0.6680,L,L,YRFI,WIN,1,3,4,2026-04-25T23:40:09+00:00,,,,,,,,,,,,0.909,,,,,,,,0.3103,0.2740,0.3243,0.3088,0.1216,0.0882,
2026-04-02,2026,825105,1,,ATL,ARI,9:40 PM ET,Reynaldo LÃ³pez,Ryne Nelson,625643,669194,ltd,ltd,live,live,1.0,0.5051,0.5403,1.0454,,,,0.4037,0.5963,0.2809,0.7191,,,YRFI,STRONG,STRONG YRFI,4,2026-04-26T16:21:58Z,4.041,4.591,1.312,1.198,4.554,4.093,3.58,2.94,1.37,1.26,8.76,8.12,0.332,0.309,0.437,0.413,5.273,4.555,,,,1,0.8000,0.5000,0.9000,0.5000,0.3077,0.3600,0.3182,0.5556,0.1364,0.2667,,,,,,,623946,0.4271,5.220,4.890,41,18,0.7396,0.7136,5.53,5.50,0.8100,0.6713,R,R,YRFI,WIN,1,0,1,2026-04-25T23:40:09+00:00,,,,,,,,,,,,0.909,,,,,,,,0.3485,0.3176,0.5833,0.4561,0.3000,0.2105,
2026-04-02,2026,824621,1,,TOR,CWS,4:10 PM ET,Dylan Cease,Sean Burke,656302,691799,ltd,ltd,live,live,0.98,0.492,0.4158,0.9078,,,,0.4891,0.5109,0.2304,0.7696,,,PASS,NO EDGE,PASS - No edge,4,2026-04-26T16:21:58Z,3.603,4.173,1.315,1.353,2.599,4.404,4.27,3.51,0.69,1.34,13.14,8.12,0.332,0.319,0.398,0.394,4.213,4.256,19.00,26.70,79.0,0,0.5000,0.6000,0.5000,0.7000,0.3478,0.3947,0.5345,0.4194,0.2931,0.1613,,,,,,,521889,0.4806,2.240,2.690,73,98,0.7272,0.6796,1.00,5.47,0.7393,0.7573,R,R,YRFI,PASS,0,1,1,2026-04-25T23:40:09+00:00,,,,,,,,,,,,,,,,,,,,0.3947,0.3478,0.4194,0.5345,0.1613,0.2931,
2026-04-02,2026,824133,1,,MIN,KC,2:10 PM ET,Taj Bradley,Cole Ragans,671737,666142,ltd,ltd,live,live,0.96,0.5224,0.461,0.9834,,,,0.4692,0.5308,0.2581,0.7419,,,PASS,NO EDGE,PASS - No edge,4,2026-04-26T16:21:58Z,4.065,4.665,1.299,1.321,3.942,4.377,3.5,4.19,1.14,1.6,8.84,11.42,0.323,0.310,0.391,0.385,4.685,4.113,17.00,19.10,68.0,0,0.6000,0.8000,0.7000,0.8000,0.3548,0.2326,0.2941,0.2821,0.0392,0.1026,,,,,,,484183,0.5086,5.390,4.250,86,43,0.7075,0.7075,4.00,5.13,0.6160,0.6443,R,L,NRFI,PASS,0,0,0,2026-04-25T23:40:09+00:00,,,,,,,,,,,,,,,,,,,,0.2326,0.3548,0.2821,0.2941,0.1026,0.0392,
2026-04-03,2026,824056,1,,SEA,LAA,9:38 PM ET,Bryan Woo,Reid Detmers,693433,672282,ltd,ltd,live,live,0.99,0.3843,0.3795,0.7639,,,,0.4692,0.5308,0.1783,0.8217,,,PASS,NO EDGE,PASS - No edge,4,2026-04-26T16:22:11Z,3.369,4.076,0.991,1.195,3.457,3.195,1.65,2.99,1.15,0.86,8.34,10.08,0.323,0.326,0.389,0.396,4.227,4.576,27.80,16.60,18.0,0,1.0000,0.8000,1.0000,0.7000,0.4211,0.2241,0.5135,0.1373,0.2568,0.0196,,,,,,,594151,0.4534,2.930,3.640,67,36,0.7075,0.7075,4.67,5.60,0.6670,0.8173,R,L,NRFI,PASS,0,0,0,2026-04-25T23:41:35+00:00,,,,,,,,,,,,,,,,,,,,0.2184,0.4211,0.1688,0.5135,0.0519,0.2568,
2026-04-03,2026,823240,1,,NYM,SF,10:15 PM ET,Nolan McLean,Tyler Mahle,690997,641816,ltd,ltd,live,live,0.94,0.4426,0.3216,0.7643,,,,0.4493,0.5507,0.1784,0.8216,,,PASS,NO EDGE,PASS - No edge,4,2026-04-26T16:22:11Z,3.055,3.719,0.992,1.332,3.039,4.435,2.74,3.79,0.84,1.27,10.37,8.16,0.302,0.302,0.37,0.386,3.848,3.756,23.20,8.70,27.0,0,0.8000,0.6000,0.8000,0.6667,0.3034,0.2727,0.3976,0.2222,0.1325,0.0926,,,,,,,605671,0.5497,5.720,2.280,33,69,0.7136,0.7136,4.93,5.33,0.5193,0.6467,R,R,YRFI,PASS,2,0,2,2026-04-25T23:41:35+00:00,,,,,,,,,,,,,,,,,,,,0.2940,0.3034,0.2821,0.3976,0.1026,0.1325,
2026-04-03,2026,824621,1,,TOR,CWS,2:10 PM ET,Dylan Cease,Grant Taylor,656302,691799,ltd,sm,live,live,0.98,0.3537,0.4158,0.7695,,,,0.4891,0.5109,0.1803,0.8197,,,PASS,NO EDGE,PASS - No edge,4,2026-04-26T16:22:11Z,3.603,4.102,1.315,1.259,2.599,2.725,4.27,3.05,0.69,0.62,13.14,11.1,0.332,0.319,0.398,0.394,4.213,4.256,5.30,28.00,88.0,0,0.5000,0.6000,0.5000,0.7000,0.3478,0.3947,0.5345,0.4194,0.2931,0.1613,,,,,,,521889,0.4806,2.240,2.690,73,98,0.7272,0.6796,1.00,5.47,0.7393,0.7573,R,R,YRFI,PASS,0,1,1,2026-04-25T23:41:35+00:00,,,,,,,,,,,,,,,,,,,,0.3947,0.3478,0.4194,0.5345,0.1613,0.2931,
2026-04-03,2026,824377,1,,PHI,COL,4:10 PM ET,Aaron Nola,Michael Lorenzen,605400,547179,ltd,ltd,live,live,1.22,0.5689,0.6281,1.197,,,,0.3623,0.6377,0.3363,0.6637,,,YRFI,STRONG,STRONG YRFI,4,2026-04-26T16:22:11Z,5.398,5.19,1.38,1.545,4.23,4.35,3.02,2.25,1.52,1.46,9.5,7.26,0.306,0.317,0.384,0.405,3.97,4.256,11.80,25.10,20.0,0,0.6000,0.6000,0.8000,0.5000,0.3413,0.3333,0.5128,0.5000,0.2051,0.3182,,,,,,,596740,0.5740,5.610,4.860,21,63,0.6942,0.6509,5.20,6.07,0.9390,0.9860,R,R,YRFI,WIN,7,0,7,2026-04-25T23:41:35+00:00,,,,,,,,,,,,0.909,,,,,,,,0.3143,0.3577,0.5410,0.6667,0.3279,0.3333,
2026-04-03,2026,825103,1,,ATL,ARI,9:45 PM ET,Grant Holmes,Eduardo Rodriguez,656550,593958,ltd,ltd,live,live,1.0,0.602,0.5519,1.1539,,,,0.4115,0.5885,0.3206,0.6794,,,YRFI,STRONG,STRONG YRFI,4,2026-04-26T16:22:11Z,3.83,4.143,1.28,1.449,4.489,4.701,4.06,3.65,1.32,1.39,8.44,7.3,0.332,0.309,0.437,0.413,5.273,4.555,,,,1,0.6000,0.6000,0.8000,0.8000,0.3176,0.3548,0.4595,0.4304,0.2297,0.1772,,,,,,,482631,0.5380,4.950,4.130,7,79,0.7136,0.7396,5.67,4.80,0.8453,0.7103,R,L,NRFI,LOSS,0,0,0,2026-04-25T23:41:35+00:00,,,,,,,,,,,,-1,,,,,,,,0.3548,0.3176,0.4304,0.4595,0.1772,0.2297,
2026-04-03,2026,822758,1,,LAD,WSH,1:05 PM ET,Emmet Sheehan,Miles Mikolas,686218,571945,ltd,ltd,live,live,0.97,0.6616,0.4578,1.1195,,,,0.4035,0.5965,0.3081,0.6919,,,YRFI,STRONG,STRONG YRFI,4,2026-04-26T16:22:11Z,3.92,6.176,1.147,1.51,3.602,5.68,2.93,2.78,1.15,2.06,9.96,5.94,0.343,0.326,0.452,0.405,5.232,5.134,26.80,11.20,44.0,0,0.8000,0.6000,0.7000,0.7000,0.3038,0.3026,0.3784,0.2381,0.1216,0.0794,,,,,,,573597,0.4761,5.460,3.960,15,85,0.6780,0.7136,5.00,4.60,0.7700,0.8310,R,R,YRFI,WIN,0,3,3,2026-04-25T23:41:35+00:00,,,,,,,,,,,,0.909,,,,,,,,0.3026,0.3038,0.2381,0.3784,0.0794,0.1216,
2026-04-03,2026,823406,1,,BAL,PIT,4:12 PM ET,Kyle Bradish,Mitch Keller,680694,656605,ltd,ltd,live,live,0.96,0.3834,0.4804,0.8639,,,,0.4505,0.5495,0.2143,0.7857,,,PASS,NO EDGE,PASS - No edge,4,2026-04-26T16:22:11Z,3.834,3.726,1.41,1.209,3.607,3.433,3.62,2.75,0.96,0.7,10.06,7.18,0.323,0.326,0.405,0.392,4.494,4.804,25.60,18.80,53.0,0,0.8000,0.4000,0.8000,0.5714,0.3365,0.3415,0.6102,0.3889,0.3390,0.1250,,,,,,,605672,0.5283,3.830,4.420,33,44,0.7272,0.6796,5.27,5.33,0.7770,0.7523,R,R,NRFI,PASS,0,0,0,2026-04-25T23:41:35+00:00,,,,,,,,,,,,,,,,,,,,0.3415,0.3288,0.3889,0.5556,0.1250,0.2840,
2026-04-03,2026,824299,1,,STL,DET,1:10 PM ET,Michael McGreevy,Framber Valdez,700241,664285,ltd,ltd,live,live,0.98,0.4192,0.443,0.8622,,,,0.4609,0.5391,0.2137,0.7863,,,PASS,NO EDGE,PASS - No edge,4,2026-04-26T16:22:11Z,3.937,3.545,1.113,1.272,4.284,3.44,1.93,3.42,1.22,0.62,5.7,7.65,0.322,0.326,0.398,0.409,4.628,4.436,17.70,14.30,57.0,0,0.6000,0.6000,0.6000,0.5000,0.3506,0.2917,0.2812,0.3065,0.0625,0.0968,,,,,,,547380,0.5173,3.940,6.130,14,6,0.7272,0.7136,5.73,5.73,0.6080,0.8823,R,L,NRFI,PASS,0,0,0,2026-04-25T23:41:35+00:00,,,,,,,,,,,,,,,,,,,,0.2917,0.3506,0.3065,0.2812,0.0968,0.0625,
2026-04-03,2026,824458,1,,CHC,CLE,4:10 PM ET,Cade Horton,Joey Cantillo,690990,676282,sm,ltd,live,live,0.96,0.4946,0.3799,0.8745,,,,0.4692,0.5308,0.2182,0.7818,,,PASS,NO EDGE,PASS - No edge,4,2026-04-26T16:22:11Z,2.658,3.478,1.043,1.285,3.597,3.749,2.53,3.82,0.85,1.08,7.07,10.04,0.342,0.298,0.428,0.394,5.137,4.25,18.50,6.00,72.0,0,0.8000,0.6000,0.7000,0.8000,0.2771,0.3415,0.4545,0.5286,0.2338,0.2857,,,,,,,605670,0.5573,3.850,3.880,62,54,0.7136,0.7136,5.33,5.13,0.8387,0.6943,R,L,NRFI,PASS,0,0,0,2026-04-25T23:41:35+00:00,,,,,,,,,,,,,,,,,,,,0.3415,0.2771,0.5286,0.4545,0.2857,0.2338,
2026-04-03,2026,824786,1,,SD,BOS,2:10 PM ET,Michael King,Sonny Gray,650633,543243,ltd,ltd,live,live,1.05,0.4248,0.4809,0.9058,,,,0.4130,0.5870,0.2296,0.7704,,,YRFI,STRONG,STRONG YRFI,4,2026-04-26T16:22:11Z,3.147,4.287,1.179,1.256,3.807,3.675,3.73,1.92,0.95,1.22,8.95,8.23,0.313,0.315,0.388,0.375,4.457,4.256,18.80,14.80,54.0,0,0.8000,0.6000,0.7000,0.7000,0.2597,0.2800,0.2754,0.2941,0.1014,0.0882,,,,,,,503490,0.5467,5.640,3.620,13,62,0.7075,0.6796,5.27,4.13,0.6857,0.5467,R,R,NRFI,LOSS,0,0,0,2026-04-25T23:41:35+00:00,,,,,,,,,,,,-1,,,,,,,,0.2800,0.2597,0.2941,0.2754,0.0882,0.1014,
2026-04-03,2026,824134,1,,MIL,KC,7:45 PM ET,Chad Patrick,Luinder Avila,701656,607625,ltd,sm,live,live,0.96,0.4961,0.4253,0.9214,,,,0.4891,0.5109,0.2354,0.7646,,,PASS,NO EDGE,PASS - No edge,4,2026-04-26T16:22:11Z,3.102,4.826,1.273,1.478,3.734,4.339,3.06,3.39,0.91,1.24,7.66,8.91,0.326,0.310,0.373,0.385,4.726,4.113,21.60,23.80,84.0,0,0.6000,1.0000,0.6000,1.0000,0.3514,0.4647,0.2951,0.5833,0.0328,0.2222,,,,,,,427013,0.5040,4.300,,17,,0.6942,0.7136,4.87,5.07,0.8760,0.6443,R,R,NRFI,PASS,0,0,0,2026-04-25T23:41:35+00:00,,,,,,,,,,,,,,,,,,,,0.4136,0.3514,0.4928,0.2951,0.1594,0.0328,
2026-04-03,2026,822919,1,,CIN,TEX,4:05 PM ET,Brady Singer,MacKenzie Gore,663903,669022,ltd,ltd,live,live,1.07,0.5051,0.5254,1.0305,,,,0.4692,0.5308,0.2754,0.7246,,,PASS,NO EDGE,PASS - No edge,4,2026-04-26T16:22:11Z,4.425,4.249,1.4,1.324,4.142,3.756,2.76,3.94,1.24,1.27,7.5,11.22,0.312,0.315,0.388,0.398,4.327,4.256,,,,1,0.6000,0.6000,0.4000,0.5000,0.3452,0.3333,0.4800,0.3556,0.2000,0.1556,,,,,,,623949,0.5484,4.600,5.320,63,23,0.7510,0.7075,4.53,4.87,0.8473,0.7787,R,L,NRFI,PASS,0,0,0,2026-04-25T23:41:35+00:00,,,,,,,,,,,,,,,,,,,,0.3492,0.3452,0.3704,0.4800,0.1296,0.2000,
2026-04-03,2026,823732,1,,TB,MIN,4:10 PM ET,Joe Boyle,Bailey Ober,671212,641927,sm,ltd,live,live,0.97,0.4651,0.4762,0.9413,,,,0.4891,0.5109,0.2427,0.7573,,,PASS,NO EDGE,PASS - No edge,4,2026-04-26T16:22:11Z,4.615,4.584,1.244,1.238,3.811,4.274,3.73,2.44,0.98,1.4,9.42,7.48,0.328,0.323,0.4,0.391,4.75,4.685,3.50,14.40,80.0,0,1.0000,0.8000,0.9000,0.7000,0.3000,0.4107,0.3429,0.4318,0.1143,0.1591,,,,,,,503502,0.4948,3.880,4.330,24,56,0.7272,0.7136,5.27,5.07,0.6577,0.4777,R,R,YRFI,PASS,2,0,2,2026-04-25T23:41:35+00:00,,,,,,,,,,,,,,,,,,,,0.3649,0.2656,0.3390,0.3276,0.1186,0.1207,
2026-04-03,2026,825026,1,,HOU,OAK,9:40 PM ET,Cristian Javier,Jeffrey Springs,664299,605488,sm,ltd,live,live,0.93,0.4643,0.5383,1.0026,,,,0.4692,0.5308,0.2652,0.7348,,,PASS,NO EDGE,PASS - No edge,4,2026-04-26T16:22:11Z,5.851,3.96,1.461,1.116,4.745,4.356,4.26,2.83,1.23,1.38,7.83,7.57,0.336,0.316,0.428,0.4,4.901,4.375,24.50,8.40,25.0,0,0.8000,0.6000,0.8000,0.5556,0.2857,0.2000,0.4688,0.2000,0.2500,0.0000,,,,,,,554242,0.4415,2.930,7.180,52,30,0.7396,0.7309,5.07,5.13,0.8023,0.9087,R,L,NRFI,PASS,0,0,0,2026-04-25T23:41:35+00:00,,,,,,,,,,,,,,,,,,,,0.3405,0.2857,0.4432,0.4688,0.1705,0.2500,
2026-04-03,2026,823568,1,,MIA,NYY,1:35 PM ET,Eury PÃ©rez,Will Warren,691587,701542,ltd,ltd,live,live,1.02,0.4399,0.5571,0.997,,,,0.4891,0.5109,0.2631,0.7369,,,PASS,NO EDGE,PASS - No edge,4,2026-04-26T16:22:11Z,4.397,3.631,1.226,1.274,4.185,3.386,3.47,2.92,1.41,1.07,9.65,10.02,0.331,0.328,0.4,0.425,4.518,4.97,18.70,4.80,66.0,0,0.8000,0.8000,0.9000,0.6000,0.2877,0.3348,0.3692,0.3333,0.1692,0.0833,,,,,,,665297,0.4839,3.490,5.150,30,71,0.7136,0.7272,5.13,5.40,0.6493,0.7793,R,R,YRFI,PASS,1,2,3,2026-04-25T23:41:35+00:00,,,,,,,,,,,,,,,,,,,,0.3348,0.2877,0.3333,0.3692,0.0833,0.1692,
2026-04-04,2026,823239,1,,NYM,SF,9:05 PM ET,Clay Holmes,Landen Roupp,605280,694738,ltd,ltd,live,live,0.94,0.3569,0.4006,0.7575,,,,0.6413,0.3587,0.176,0.824,,,NRFI,STRONG,STRONG NRFI,4,2026-04-26T16:22:24Z,2.917,3.212,1.184,1.274,3.965,3.155,3.34,3.82,0.82,0.57,6.46,9.31,0.302,0.302,0.37,0.386,3.848,3.756,27.30,3.00,29.0,0,0.8000,0.6000,0.7000,0.6000,0.2800,0.3173,0.3333,0.2791,0.1075,0.0930,,,,,,,482663,0.5317,2.550,4.220,47,35,0.7136,0.6796,4.47,4.87,0.6293,0.6180,R,R,NRFI,WIN,0,0,0,2026-04-25T23:43:02+00:00,,,,,,,,,,,,0.909,,,,,,,,0.3173,0.2800,0.2791,0.3333,0.0930,0.1075,
2026-04-04,2026,824622,1,,TOR,CWS,2:10 PM ET,Mason Fluharty,Grant Taylor,689254,691799,sm,sm,live,live,0.98,0.3537,0.4544,0.8081,,,,0.4891,0.5109,0.1941,0.8059,,,PASS,NO EDGE,PASS - No edge,4,2026-04-26T16:22:24Z,4.524,4.102,1.222,1.259,3.751,2.725,3.52,3.05,1.08,0.62,10.08,11.1,0.332,0.319,0.398,0.394,4.213,4.256,6.20,28.80,78.0,0,0.6667,,0.6667,,0.3108,0.3421,0.3438,0.3281,0.1250,0.1094,,,,,,,608093,0.5118,2.240,1.860,73,93,0.7396,0.7136,1.00,,0.6820,0.6513,L,R,YRFI,PASS,0,1,1,2026-04-25T23:43:02+00:00,,,,,,,,,,,,,,,,,,,,0.3421,0.3108,0.3281,0.3438,0.1094,0.1250,
2026-04-04,2026,824134,2,,MIL,KC,7:10 PM ET,Logan Henderson,Seth Lugo,701656,607625,sm,ltd,live,live,0.96,0.4184,0.4284,0.8467,,,,0.4891,0.5109,0.2081,0.7919,,,PASS,NO EDGE,PASS - No edge,4,2026-04-26T16:22:24Z,3.946,2.838,1.234,1.133,3.833,3.766,3.05,3.19,1.12,0.94,9.7,7.91,0.326,0.310,0.373,0.385,4.726,4.113,11.70,25.20,49.0,0,0.6000,1.0000,0.6000,1.0000,0.3514,0.4647,0.2951,0.5833,0.0328,0.2222,,,,,,,427013,0.5040,4.300,,17,,0.6942,0.7136,4.87,5.07,0.8760,0.6443,R,R,NRFI,PASS,0,0,0,2026-04-25T23:43:02+00:00,,,,,,,,,,,,,,,,,,,,0.4136,0.3514,0.4928,0.2951,0.1594,0.0328,
2026-04-04,2026,825027,1,,HOU,OAK,4:05 PM ET,Tatsuya Imai,Luis Morales,837227,806960,sm,sm,live,live,0.93,0.6092,0.496,1.1052,,,,0.3623,0.6377,0.3029,0.6971,,,YRFI,STRONG,STRONG YRFI,4,2026-04-26T16:22:24Z,4.722,5.055,1.391,1.459,4.158,5.058,4.53,4.2,1.0,1.87,9.81,8.22,0.336,0.316,0.428,0.4,4.901,4.375,27.80,8.10,32.0,0,0.2000,1.0000,0.6000,1.0000,0.2308,0.3000,0.0476,0.3721,0.0000,0.1860,,,,,,,483569,0.5176,11.060,4.100,7,93,0.7136,0.7136,4.93,2.67,0.5793,0.6797,R,R,YRFI,WIN,2,0,2,2026-04-25T23:43:02+00:00,,,,,,,,,,,,0.909,,,,,,,,0.3000,0.2651,0.3721,0.3108,0.1860,0.1081,
2026-04-04,2026,823404,1,,BAL,PIT,4:05 PM ET,Shane Baz,Carmen Mlodzinski,669358,669387,ltd,ltd,live,live,0.96,0.3708,0.4982,0.8691,,,,0.4378,0.5622,0.2162,0.7838,,,PASS,NO EDGE,PASS - No edge,4,2026-04-26T16:22:24Z,4.957,3.519,1.421,1.34,3.876,2.914,3.36,2.99,1.09,0.5,8.64,8.77,0.323,0.326,0.405,0.392,4.494,4.804,29.50,16.60,32.0,0,0.8000,1.0000,0.9000,0.8000,0.3372,0.3608,0.6026,0.4405,0.3333,0.1667,,,,,,,427248,0.5131,4.050,4.330,16,40,0.7136,0.7136,3.33,4.33,0.7770,0.8757,R,R,NRFI,PASS,0,0,0,2026-04-25T23:43:02+00:00,,,,,,,,,,,,,,,,,,,,0.3608,0.3372,0.4405,0.6026,0.1667,0.3333,
2026-04-04,2026,824295,1,,STL,DET,1:10 PM ET,Dustin May,Jack Flaherty,669160,656427,ltd,ltd,live,live,0.98,0.5689,0.5248,1.0937,,,,0.4130,0.5870,0.2987,0.7013,,,YRFI,STRONG,STRONG YRFI,4,2026-04-26T16:22:24Z,5.296,4.906,1.467,1.457,4.238,4.434,3.08,5.07,1.31,1.34,8.02,10.33,0.322,0.326,0.398,0.409,4.628,4.436,16.00,21.60,89.0,0,0.8000,0.8000,0.8000,0.7000,0.4167,0.3370,0.3878,0.3636,0.1020,0.1169,,,,,,,608158,0.5142,5.460,4.360,46,4,0.7272,0.7136,4.60,5.13,0.8130,0.7513,R,R,YRFI,WIN,0,3,3,2026-04-25T23:43:02+00:00,,,,,,,,,,,,0.909,,,,,,,,0.3370,0.3765,0.3636,0.4110,0.1169,0.1233,
2026-04-04,2026,824054,1,,SEA,LAA,9:38 PM ET,Emerson Hancock,Jack Kochanowicz,676106,686799,ltd,ltd,live,live,0.99,0.5793,0.4838,1.0631,,,,0.3981,0.6019,0.2874,0.7126,,,YRFI,STRONG,STRONG YRFI,4,2026-04-26T16:22:24Z,3.941,5.137,1.15,1.514,4.351,4.988,2.33,4.87,1.5,1.1,7.82,6.0,0.323,0.326,0.389,0.396,4.227,4.576,33.00,6.20,7.0,0,0.4000,0.6000,0.4000,0.7000,0.3925,0.2500,0.4524,0.2821,0.2262,0.1282,,,,,,,607884,0.5403,5.260,4.480,34,34,0.6640,0.6796,4.20,5.00,0.7300,0.8173,R,R,YRFI,WIN,0,1,1,2026-04-25T23:43:02+00:00,,,,,,,,,,,,0.909,,,,,,,,0.2500,0.3925,0.2821,0.4524,0.1282,0.2262,
2026-04-04,2026,825104,1,,ATL,ARI,7:15 PM ET,Bryce Elder,Michael Soroka,693821,647336,ltd,ltd,live,live,1.0,0.4292,0.4377,0.8669,,,,0.4130,0.5870,0.2154,0.7846,,,YRFI,STRONG,STRONG YRFI,4,2026-04-26T16:22:24Z,3.69,3.697,1.188,1.158,3.698,3.218,2.7,2.69,0.95,0.99,7.55,10.15,0.332,0.309,0.437,0.413,5.273,4.555,,,,1,0.8000,0.8000,0.8000,0.9000,0.3093,0.3429,0.4167,0.4891,0.2024,0.2283,,,,,,,427315,0.5564,4.600,2.860,38,29,0.7136,0.6942,4.20,6.13,0.8810,0.7103,R,R,NRFI,LOSS,0,0,0,2026-04-25T23:43:02+00:00,,,,,,,,,,,,-1,,,,,,,,0.3429,0.3093,0.4891,0.4167,0.2283,0.2024,
2026-04-04,2026,824132,1,,MIL,KC,2:10 PM ET,Chad Patrick,Luinder Avila,694477,679883,ltd,sm,live,live,0.96,0.4961,0.4253,0.9214,,,,0.4891,0.5109,0.2354,0.7646,,,PASS,NO EDGE,PASS - No edge,4,2026-04-26T16:22:24Z,3.102,4.826,1.273,1.478,3.734,4.339,3.06,3.39,0.91,1.24,7.66,8.91,0.326,0.310,0.373,0.385,4.726,4.113,11.70,25.20,49.0,0,,1.0000,,0.8000,0.3514,0.3986,0.2951,0.5000,0.0328,0.2069,,,,,,,605674,0.5127,,4.020,,32,0.7136,0.7272,,4.27,0.8007,0.6443,R,R,YRFI,PASS,2,0,2,2026-04-25T23:43:02+00:00,,,,,,,,,,,,,,,,,,,,0.3506,0.3514,0.4342,0.2951,0.1711,0.0328,
2026-04-04,2026,824782,1,,SD,BOS,4:10 PM ET,Randy VÃ¡squez,Connelly Early,681190,813349,ltd,ltd,live,live,1.05,0.487,0.4519,0.9389,,,,0.4692,0.5308,0.2418,0.7582,,,PASS,NO EDGE,PASS - No edge,4,2026-04-26T16:22:24Z,3.03,3.692,1.221,1.277,3.679,4.038,3.12,3.65,0.77,1.02,7.05,8.8,0.313,0.315,0.388,0.375,4.457,4.256,4.00,17.40,75.0,0,0.8000,0.8000,0.8000,0.9000,0.2097,0.3088,0.2881,0.4032,0.1186,0.1613,,,,,,,623938,0.4993,5.050,4.330,32,69,0.7136,0.7396,4.93,5.47,0.6037,0.6310,R,L,NRFI,PASS,0,0,0,2026-04-25T23:43:02+00:00,,,,,,,,,,,,,,,,,,,,0.3088,0.2097,0.4032,0.2881,0.1613,0.1186,
2026-04-04,2026,823730,1,,TB,MIN,7:10 PM ET,Steven Matz,Mick Abel,571927,690953,ltd,ltd,live,live,0.97,0.4703,0.4693,0.9396,,,,0.4130,0.5870,0.242,0.758,,,YRFI,STRONG,STRONG YRFI,4,2026-04-26T16:22:24Z,3.978,4.566,1.182,1.414,4.151,3.738,2.6,3.64,1.35,0.94,8.3,9.39,0.328,0.323,0.4,0.391,4.75,4.685,2.20,21.50,84.0,0,0.8000,0.6667,0.8750,0.6667,0.3636,0.3976,0.4032,0.5676,0.1613,0.2297,,,,,,,521051,0.4691,5.020,5.050,72,55,0.7136,0.7136,3.73,4.67,0.8317,0.8090,L,R,NRFI,LOSS,0,0,0,2026-04-25T23:43:02+00:00,,,,,,,,,,,,-1,,,,,,,,0.3976,0.3636,0.5676,0.4032,0.2297,0.1613,
2026-04-04,2026,822757,1,,LAD,WSH,4:05 PM ET,Tyler Glasnow,Jake Irvin,607192,663623,ltd,ltd,live,live,0.97,0.5762,0.3936,0.9699,,,,0.4493,0.5507,0.2532,0.7468,,,PASS,NO EDGE,PASS - No edge,4,2026-04-26T16:22:24Z,2.993,5.341,0.94,1.325,3.068,4.733,3.04,3.22,0.82,1.62,10.26,8.01,0.343,0.326,0.452,0.405,5.232,5.134,29.10,15.10,34.0,0,1.0000,0.6000,0.7000,0.7000,0.3111,0.3514,0.3902,0.3810,0.1463,0.1270,,,,,,,427139,0.5818,4.570,2.170,59,76,0.7136,0.6796,5.47,5.53,0.6357,0.7430,R,R,YRFI,PASS,2,0,2,2026-04-25T23:43:02+00:00,,,,,,,,,,,,,,,,,,,,0.3220,0.3111,0.3659,0.3902,0.1220,0.1463,
2026-04-04,2026,824460,1,,CHC,CLE,7:15 PM ET,Shota Imanaga,Slade Cecconi,684007,800048,ltd,ltd,live,live,0.96,0.5722,0.3867,0.9589,,,,0.4891,0.5109,0.2491,0.7509,,,PASS,NO EDGE,PASS - No edge,4,2026-04-26T16:22:24Z,3.074,5.016,0.877,1.337,3.992,4.947,1.72,3.04,1.51,1.72,8.41,7.43,0.342,0.298,0.428,0.394,5.137,4.25,23.80,22.70,61.0,0,0.6000,0.0000,0.5000,0.4000,0.2892,0.3548,0.2875,0.4423,0.0875,0.1923,,,,,,,483919,0.4901,3.180,2.930,49,85,0.7136,0.7272,5.67,5.33,0.8197,0.7360,L,L,NRFI,PASS,0,0,0,2026-04-25T23:43:02+00:00,,,,,,,,,,,,,,,,,,,,0.3478,0.2892,0.4138,0.2875,0.1724,0.0875,
2026-04-04,2026,822920,1,,CIN,TEX,7:05 PM ET,Rhett Lowder,Kumar Rocker,695076,677958,ltd,ltd,live,live,1.07,0.5066,0.4615,0.9681,,,,0.4891,0.5109,0.2525,0.7475,,,PASS,NO EDGE,PASS - No edge,4,2026-04-26T16:22:24Z,3.738,4.505,1.204,1.345,3.796,4.194,2.91,3.27,0.83,1.22,7.51,8.39,0.312,0.315,0.388,0.398,4.327,4.256,,,,1,0.8000,1.0000,0.7000,1.0000,0.3505,0.3111,0.5172,0.3158,0.2299,0.1316,,,,,,,429805,0.5769,4.360,4.070,41,20,0.7136,0.7136,4.93,5.00,0.6623,0.7787,R,R,YRFI,PASS,2,0,2,2026-04-25T23:43:02+00:00,,,,,,,,,,,,,,,,,,,,0.3111,0.3505,0.3158,0.5172,0.1316,0.2299,
2026-04-04,2026,823569,1,,MIA,NYY,7:05 PM ET,Max Meyer,Ryan Weathers,676974,677960,ltd,ltd,live,live,1.02,0.4611,0.5299,0.991,,,,0.3692,0.6308,0.2609,0.7391,,,YRFI,STRONG,STRONG YRFI,4,2026-04-26T16:22:24Z,4.282,3.715,1.302,1.242,3.871,3.875,3.3,2.59,1.17,1.35,9.56,9.75,0.331,0.328,0.4,0.425,4.518,4.97,10.60,18.00,71.0,0,1.0000,0.2000,0.8889,0.4000,0.3409,0.2985,0.4189,0.3333,0.2027,0.1404,,,,,,,427292,0.5307,4.600,4.420,64,68,0.7136,0.7136,4.20,4.87,0.6967,0.7793,R,L,YRFI,WIN,2,0,2,2026-04-25T23:43:02+00:00,,,,,,,,,,,,0.909,,,,,,,,0.2985,0.3409,0.3333,0.4189,0.1404,0.2027,
2026-04-04,2026,824378,1,,PHI,COL,8:10 PM ET,JesÃºs Luzardo,Brennan Bernardino,666200,657514,ltd,sm,live,live,1.22,0.4657,0.5023,0.968,,,,0.4692,0.5308,0.2525,0.7475,,,PASS,NO EDGE,PASS - No edge,4,2026-04-26T16:22:24Z,5.128,3.116,1.349,1.219,2.928,3.412,2.88,3.41,0.87,0.6,10.75,8.3,0.306,0.317,0.384,0.405,3.97,4.256,16.90,11.60,18.0,0,0.6667,0.8000,0.6667,0.7000,0.3000,0.3158,0.3929,0.4458,0.1429,0.2289,,,,,,,605673,0.4897,2.880,4.070,48,88,0.7136,0.7396,1.11,6.80,0.6507,0.7197,L,L,YRFI,PASS,1,0,1,2026-04-25T23:43:02+00:00,,,,,,,,,,,,,,,,,,,,0.3158,0.3337,0.4458,0.3881,0.2289,0.1045,
2026-04-06,2026,824376,1,,HOU,COL,8:40 PM ET,Cody Bolton,Ryan Feltner,675989,663372,sm,ltd,live,live,1.22,0.6975,0.6275,1.325,,,,0.3623,0.6377,0.382,0.618,,,YRFI,STRONG,STRONG YRFI,4,2026-04-26T16:22:49Z,4.402,4.992,1.322,1.372,4.264,4.777,3.8,3.3,1.19,1.55,9.46,8.25,0.336,0.317,0.428,0.405,4.901,4.256,20.40,15.80,20.0,0,1.0000,,0.7143,,0.2895,0.5044,0.3836,0.6548,0.1233,0.3095,,,,,,,598411,0.5467,6.450,4.190,52,35,0.7136,0.7136,4.67,,0.8463,0.8600,R,R,YRFI,WIN,2,0,2,2026-04-25T23:45:15+00:00,,,,,,,,,,,,0.909,,,,,,,,0.5044,0.2895,0.6548,0.4545,0.3095,0.1909,
2026-04-06,2026,822755,1,,STL,WSH,6:45 PM ET,Andre Pallante,Zack Littell,669467,641793,ltd,ltd,live,live,0.97,0.6085,0.5902,1.1986,,,,0.3623,0.6377,0.3369,0.6631,,,YRFI,STRONG,STRONG YRFI,4,2026-04-26T16:22:49Z,4.905,5.253,1.432,1.327,4.628,6.212,4.05,2.06,1.13,2.59,6.55,5.94,0.322,0.326,0.398,0.405,4.628,5.134,16.30,8.70,31.0,0,1.0000,1.0000,0.8000,0.7000,0.2875,0.3613,0.3803,0.3608,0.1831,0.1134,,,,,,,665297,0.4839,8.020,5.190,3,46,0.7075,0.7272,5.13,4.73,0.8130,0.7303,R,R,YRFI,WIN,0,2,2,2026-04-25T23:45:15+00:00,,,,,,,,,,,,0.909,,,,,,,,0.3613,0.2596,0.3608,0.3226,0.1134,0.1505,
2026-04-06,2026,823728,1,,DET,MIN,7:40 PM ET,Casey Mize,Joe Ryan,663554,657746,ltd,ltd,live,live,0.97,0.3628,0.4198,0.7826,,,,0.6496,0.3504,0.185,0.815,,,NRFI,STRONG,STRONG NRFI,4,2026-04-26T16:22:49Z,3.308,3.634,1.22,1.031,3.388,3.276,2.6,2.14,1.01,1.13,9.15,9.78,0.326,0.323,0.409,0.391,4.436,4.685,3.30,20.80,32.0,0,0.6000,0.8000,0.6000,0.8000,0.2632,0.4128,0.2289,0.4348,0.0482,0.1304,,,,,,,427128,0.4785,2.990,3.220,44,63,0.7309,0.7396,4.67,5.87,0.8453,0.7347,R,R,NRFI,WIN,0,0,0,2026-04-25T23:45:15+00:00,,,,,,,,,,,,0.909,,,,,,,,0.4128,0.2632,0.4348,0.2289,0.1304,0.0482,
2026-04-06,2026,824052,1,,ATL,LAA,9:38 PM ET,Chris Sale,JosÃ© Soriano,519242,667755,ltd,ltd,live,live,0.99,0.4123,0.3849,0.7971,,,,0.4722,0.5278,0.1902,0.8098,,,PASS,NO EDGE,PASS - No edge,4,2026-04-26T16:22:49Z,2.668,2.323,1.041,1.121,3.084,2.923,2.25,3.67,1.11,0.45,10.66,9.21,0.332,0.326,0.437,0.396,5.273,4.576,24.00,15.50,54.0,0,0.8000,0.8000,0.8000,0.9000,0.2849,0.3561,0.3396,0.4825,0.1415,0.2193,,,,,,,427537,0.4944,2.730,2.990,90,52,0.7396,0.7272,3.93,6.00,0.8810,0.6420,L,R,YRFI,PASS,1,1,2,2026-04-25T23:45:15+00:00,,,,,,,,,,,,,,,,,,,,0.3561,0.2849,0.4825,0.3396,0.2193,0.1415,
2026-04-06,2026,822918,1,,SEA,TEX,8:05 PM ET,Logan Gilbert,Jacob deGrom,669302,594798,ltd,ltd,live,live,1.07,0.4025,0.4001,0.8025,,,,0.6413,0.3587,0.1921,0.8079,,,NRFI,STRONG,STRONG NRFI,4,2026-04-26T16:22:49Z,3.856,2.646,1.138,0.978,2.992,3.428,2.03,2.16,1.12,1.39,10.83,10.78,0.323,0.315,0.389,0.398,4.227,4.256,,,,1,0.6000,0.6000,0.7000,0.6000,0.3140,0.3083,0.4364,0.2981,0.1818,0.0962,,,,,,,623945,0.5123,2.990,3.750,86,79,0.7309,0.7680,5.40,5.47,0.8467,0.7787,R,R,YRFI,LOSS,1,1,2,2026-04-25T23:45:15+00:00,,,,,,,,,,,,-1,,,,,,,,0.3083,0.3140,0.2981,0.4364,0.0962,0.1818,
2026-04-06,2026,823237,1,,PHI,SF,9:45 PM ET,Andrew Painter,Adrian Houser,691725,605288,ltd,ltd,live,live,0.94,0.4188,0.3963,0.8151,,,,0.4130,0.5870,0.1966,0.8034,,,YRFI,STRONG,STRONG YRFI,4,2026-04-26T16:22:49Z,4.594,4.878,1.344,1.476,3.819,4.132,2.72,2.79,1.03,1.0,8.52,6.02,0.306,0.302,0.384,0.386,3.97,3.756,16.30,22.40,72.0,0,0.2000,1.0000,0.4000,1.0000,0.2800,0.3058,0.3448,0.4151,0.1121,0.2075,,,,,,,503077,0.5258,5.830,3.940,14,18,0.6942,0.7136,5.73,5.33,0.8913,0.7187,R,R,NRFI,LOSS,0,0,0,2026-04-25T23:45:15+00:00,,,,,,,,,,,,-1,,,,,,,,0.3058,0.2800,0.4151,0.3448,0.2075,0.1121,
2026-04-06,2026,824456,1,,KC,CLE,6:10 PM ET,Michael Wacha,Tanner Bibee,608379,676440,ltd,ltd,live,live,0.96,0.4555,0.3813,0.8368,,,,0.4691,0.5309,0.2045,0.7955,,,PASS,NO EDGE,PASS - No edge,4,2026-04-26T16:22:49Z,3.259,4.33,1.091,1.324,3.532,4.348,2.55,2.94,0.81,1.4,7.15,7.91,0.310,0.298,0.385,0.394,4.113,4.25,7.70,12.20,64.0,0,0.8000,0.8000,0.8000,0.8000,0.2859,0.3529,0.4259,0.3200,0.2037,0.0600,,,,,,,644760,0.6254,4.640,4.600,63,59,0.6780,0.7412,6.00,5.07,0.6443,0.6943,R,R,NRFI,PASS,0,0,0,2026-04-25T23:45:15+00:00,,,,,,,,,,,,,,,,,,,,0.3529,0.2859,0.3200,0.4259,0.0600,0.2037,
2026-04-06,2026,823401,1,,SD,PIT,6:40 PM ET,GermÃ¡n MÃ¡rquez,Bubba Chandler,608566,696149,ltd,ltd,live,live,0.96,0.4784,0.6327,1.1112,,,,0.4290,0.5710,0.3051,0.6949,,,YRFI,STRONG,STRONG YRFI,4,2026-04-26T16:22:49Z,5.825,4.426,1.571,1.292,5.481,4.391,3.12,3.83,1.86,1.21,6.07,8.53,0.313,0.326,0.388,0.392,4.457,4.804,10.70,19.20,60.0,0,0.8000,0.4000,0.8000,0.6000,0.3621,0.3019,0.5743,0.4167,0.2970,0.1771,,,,,,,503586,0.4946,5.290,5.050,39,29,0.7136,0.7272,4.73,4.33,0.6907,0.8757,R,R,NRFI,LOSS,0,0,0,2026-04-25T23:45:15+00:00,,,,,,,,,,,,-1,,,,,,,,0.3019,0.3621,0.4167,0.5743,0.1771,0.2970,
2026-04-06,2026,824783,1,,MIL,BOS,6:45 PM ET,Brandon Woodruff,Brayan Bello,605540,678394,ltd,ltd,live,live,1.05,0.6715,0.4245,1.096,,,,0.3623,0.6377,0.2995,0.7005,,,YRFI,STRONG,STRONG YRFI,4,2026-04-26T16:22:49Z,3.708,5.355,1.044,1.605,3.718,5.454,2.23,3.95,1.25,1.72,9.11,6.51,0.326,0.315,0.373,0.375,4.726,4.256,7.70,23.10,34.0,0,0.4000,0.6000,0.7000,0.6000,0.3542,0.4160,0.3333,0.5464,0.1282,0.2268,,,,,,,482620,0.6177,8.320,3.060,84,31,0.7136,0.7272,4.93,5.20,0.8453,0.7303,R,R,YRFI,WIN,0,1,1,2026-04-25T23:45:15+00:00,,,,,,,,,,,,0.909,,,,,,,,0.4160,0.3542,0.5464,0.3333,0.2268,0.1282,
2026-04-06,2026,823886,1,,CIN,MIA,6:40 PM ET,Brandon Williamson,Janson Junk,682227,676083,ltd,ltd,live,live,0.95,0.3196,0.5582,0.8778,,,,0.4692,0.5308,0.2194,0.7806,,,PASS,NO EDGE,PASS - No edge,4,2026-04-26T16:22:49Z,4.662,3.97,1.354,1.15,4.854,3.294,4.06,1.67,1.29,0.69,7.55,6.17,0.312,0.331,0.388,0.4,4.327,4.518,,,,1,0.8000,1.0000,0.7000,1.0000,0.3077,0.3136,0.3409,0.2970,0.1364,0.0990,,,,,,,596805,0.4819,3.520,7.000,23,33,0.7136,0.7136,5.27,4.67,0.6623,0.8247,L,R,NRFI,PASS,0,0,0,2026-04-25T23:45:15+00:00,,,,,,,,,,,,,,,,,,,,0.3136,0.3077,0.2970,0.3409,0.0990,0.1364,
2026-04-06,2026,824619,1,,BAL,CWS,7:40 PM ET,Brandon Young,Grant Taylor,687064,691799,sm,sm,live,live,0.98,0.3653,0.5116,0.8769,,,,0.6413,0.3587,0.2191,0.7809,,,NRFI,STRONG,STRONG NRFI,4,2026-04-26T16:22:49Z,4.635,4.102,1.336,1.259,4.568,2.725,3.1,3.05,1.4,0.62,7.78,11.1,0.323,0.319,0.405,0.394,4.494,4.256,8.40,14.30,51.0,0,0.7500,0.4000,0.7500,0.6000,0.3426,0.3496,0.5111,0.4112,0.2778,0.1495,,,,,,,623946,0.4271,2.240,3.270,73,19,0.7136,0.7136,1.00,5.40,0.7770,0.7573,R,R,NRFI,WIN,0,0,0,2026-04-25T23:45:15+00:00,,,,,,,,,,,,0.909,,,,,,,,0.3496,0.3426,0.4112,0.5111,0.1495,0.2778,
2026-04-06,2026,822832,1,,LAD,TOR,7:07 PM ET,Justin Wrobleski,Max Scherzer,680736,453286,ltd,sm,live,live,1.01,0.6966,0.3687,1.0653,,,,0.3911,0.6089,0.2882,0.7118,,,YRFI,STRONG,STRONG YRFI,4,2026-04-26T16:22:49Z,3.371,6.383,1.104,1.382,3.242,5.823,2.34,3.02,0.62,2.3,7.32,7.56,0.343,0.332,0.452,0.398,5.232,4.213,,,,1,0.2000,0.5000,0.5000,0.5000,0.4359,0.3750,0.3871,0.4394,0.0968,0.1667,,,,,,,575629,0.4774,6.740,3.720,3,2,0.7510,0.7136,4.20,5.50,0.8063,0.6410,L,R,YRFI,WIN,2,1,3,2026-04-25T23:45:15+00:00,,,,,,,,,,,,0.909,,,,,,,,0.3459,0.4286,0.3974,0.4500,0.1410,0.1500,
2026-04-06,2026,823002,1,,CHC,TB,4:10 PM ET,Jameson Taillon,Shane McClanahan,592791,663556,ltd,ltd,live,live,0.93,0.4664,0.5384,1.0048,,,,0.4130,0.5870,0.266,0.734,,,YRFI,STRONG,STRONG YRFI,4,2026-04-26T16:22:49Z,4.032,4.094,1.157,1.254,5.153,3.83,2.73,3.76,1.93,0.9,7.41,9.22,0.342,0.328,0.428,0.4,5.137,4.75,,,,1,1.0000,1.0000,1.0000,0.7000,0.3945,0.3223,0.5161,0.4412,0.2151,0.2353,,,,,,,665281,0.5305,4.330,4.600,51,66,0.6942,0.7510,4.67,5.60,0.8387,0.8317,R,L,NRFI,LOSS,0,0,0,2026-04-25T23:45:15+00:00,,,,,,,,,,,,-1,,,,,,,,0.3223,0.3945,0.4412,0.5161,0.2353,0.2151,
2026-04-07,2026,823402,1,,SD,PIT,6:40 PM ET,Nick Pivetta,Paul Skenes,601713,694973,sm,ltd,live,live,0.96,0.2654,0.3631,0.6285,,,,0.6620,0.3380,0.1314,0.8686,,,NRFI,STRONG,STRONG NRFI,4,2026-04-26T16:22:57Z,3.336,2.184,1.03,0.853,2.785,2.407,2.74,2.08,0.78,0.57,10.6,9.93,0.313,0.326,0.388,0.392,4.457,4.804,4.90,12.10,37.0,0,0.6000,0.6000,0.7000,0.6000,0.3672,0.2975,0.5495,0.4037,0.2703,0.1743,,,,,,,503502,0.4948,1.940,1.780,42,54,0.7136,0.7510,4.07,5.07,0.6907,0.8757,R,R,NRFI,WIN,0,0,0,2026-04-25T23:45:40+00:00,,,,,,,,,,,,0.909,,,,,,,,0.2975,0.3672,0.4037,0.5495,0.1743,0.2703,
2026-04-07,2026,822831,1,,LAD,TOR,7:07 PM ET,Yoshinobu Yamamoto,Kevin Gausman,808967,592332,ltd,ltd,live,live,1.01,0.3784,0.3453,0.7237,,,,0.4891,0.5109,0.1641,0.8359,,,PASS,NO EDGE,PASS - No edge,4,2026-04-26T16:22:57Z,2.486,3.114,0.945,1.004,2.935,2.971,2.32,1.96,0.78,0.88,9.28,9.26,0.343,0.332,0.452,0.398,5.232,4.213,,,,1,0.6000,0.8000,0.8000,0.8000,0.3200,0.3659,0.3113,0.4712,0.1132,0.1923,,,,,,,605670,0.5573,2.990,3.640,77,76,0.7272,0.7136,5.47,6.07,0.7353,0.6860,R,R,NRFI,PASS,0,0,0,2026-04-25T23:45:40+00:00,,,,,,,,,,,,,,,,,,,,0.3659,0.3200,0.4712,0.3113,0.1923,0.1132,
2026-04-07,2026,823235,1,,PHI,SF,9:45 PM ET,Cristopher SÃ¡nchez,Robbie Ray,650911,592662,ltd,ltd,live,live,0.94,0.4156,0.3119,0.7275,,,,0.4549,0.5451,0.1654,0.8346,,,PASS,NO EDGE,PASS - No edge,4,2026-04-26T16:22:57Z,2.7,3.22,1.305,1.178,2.5,4.006,2.3,3.7,0.66,1.21,10.45,9.34,0.306,0.302,0.384,0.386,3.97,3.756,17.20,23.30,62.0,0,0.8000,1.0000,0.7000,1.0000,0.3022,0.3235,0.3906,0.4237,0.1328,0.2034,,,,,,,623949,0.5484,4.480,3.290,68,83,0.7075,0.7396,4.87,6.20,0.6507,0.6247,L,L,YRFI,PASS,0,1,1,2026-04-25T23:45:40+00:00,,,,,,,,,,,,,,,,,,,,0.3235,0.3071,0.4237,0.4153,0.2034,0.1441,
2026-04-07,2026,823727,1,,DET,MIN,7:40 PM ET,Tarik Skubal,Taj Bradley,669373,671737,ltd,ltd,live,live,0.97,0.4656,0.2678,0.7334,,,,0.4597,0.5403,0.1675,0.8325,,,PASS,NO EDGE,PASS - No edge,4,2026-04-26T16:22:57Z,2.452,4.065,0.937,1.299,2.107,3.942,1.51,3.5,0.55,1.14,10.34,8.84,0.326,0.323,0.409,0.391,4.436,4.685,6.20,20.60,32.0,0,0.8000,0.6000,0.8000,0.8000,0.2925,0.4000,0.2778,0.3750,0.0889,0.1250,,,,,,,511890,0.5521,4.250,3.040,43,73,0.7136,0.7709,5.33,5.67,0.5857,0.7033,L,R,NRFI,PASS,0,0,0,2026-04-25T23:45:40+00:00,,,,,,,,,,,,,,,,,,,,0.3750,0.2925,0.3462,0.2778,0.1154,0.0889,
2026-04-07,2026,824375,1,,HOU,COL,8:40 PM ET,Mike Burrows,Kyle Freeland,681347,607536,ltd,sm,live,live,1.22,0.5544,0.6543,1.2087,,,,0.4031,0.5969,0.3405,0.6595,,,YRFI,STRONG,STRONG YRFI,4,2026-04-26T16:22:57Z,4.981,4.242,1.43,1.329,4.399,3.761,3.16,2.18,1.57,1.05,9.26,7.11,0.336,0.317,0.428,0.405,4.901,4.256,22.30,10.70,14.0,0,0.8000,0.4000,0.7000,0.7000,0.2842,0.4922,0.4239,0.6429,0.1630,0.2959,,,,,,,605671,0.5497,3.910,3.830,58,66,0.6640,0.7272,5.40,4.60,0.9617,0.8600,R,L,NRFI,LOSS,0,0,0,2026-04-25T23:45:40+00:00,,,,,,,,,,,,-1,,,,,,,,0.5083,0.2773,0.6848,0.4000,0.3152,0.1478,
2026-04-07,2026,823648,1,,ARI,NYM,4:10 PM ET,Zac Gallen,Freddy Peralta,668678,642547,ltd,ltd,live,live,0.96,0.4172,0.4199,0.8371,,,,0.4692,0.5308,0.2046,0.7954,,,PASS,NO EDGE,PASS - No edge,4,2026-04-26T16:22:57Z,4.131,3.234,1.301,1.138,4.057,3.562,2.74,3.49,1.12,1.09,7.05,10.27,0.309,0.302,0.413,0.37,4.555,3.848,6.70,26.30,25.0,0,0.6000,0.8000,0.8000,0.8000,0.2812,0.3046,0.2439,0.4272,0.0732,0.2039,,,,,,,427366,0.4992,3.570,4.920,78,9,0.6796,0.7272,4.67,5.47,0.7103,0.5967,R,R,YRFI,PASS,0,1,1,2026-04-25T23:45:40+00:00,,,,,,,,,,,,,,,,,,,,0.3046,0.2895,0.4272,0.2371,0.2039,0.0619,
2026-04-07,2026,823567,1,,OAK,NYY,7:05 PM ET,Aaron Civale,Cam Schlittler,650644,693645,ltd,ltd,live,live,1.02,0.3253,0.5313,0.8566,,,,0.4692,0.5308,0.2117,0.7883,,,PASS,NO EDGE,PASS - No edge,4,2026-04-26T16:22:57Z,4.408,2.661,1.283,0.997,4.147,2.7,2.76,2.34,1.26,0.69,7.77,10.11,0.316,0.328,0.4,0.425,4.375,4.97,6.40,25.20,26.0,0,0.8000,0.4000,0.8000,0.7000,0.3729,0.3451,0.4316,0.4375,0.2000,0.2083,,,,,,,427129,0.4611,2.310,4.190,78,26,0.7136,0.6640,5.73,4.80,0.9087,0.7793,R,R,NRFI,PASS,0,0,0,2026-04-25T23:45:40+00:00,,,,,,,,,,,,,,,,,,,,0.3451,0.3729,0.4375,0.4316,0.2083,0.2000,
2026-04-07,2026,822916,1,,SEA,TEX,8:05 PM ET,George Kirby,Nathan Eovaldi,669923,543135,ltd,ltd,live,live,1.07,0.4436,0.4133,0.8569,,,,0.4891,0.5109,0.2118,0.7882,,,PASS,NO EDGE,PASS - No edge,4,2026-04-26T16:22:57Z,3.597,3.541,1.116,1.127,3.398,3.931,2.07,1.93,1.0,1.51,8.25,8.94,0.323,0.315,0.389,0.398,4.227,4.256,,,,1,0.8000,0.6000,0.8000,0.7000,0.3233,0.3030,0.4333,0.3070,0.1750,0.1140,,,,,,,484198,0.5395,4.700,2.860,68,21,0.6767,0.7757,5.53,5.87,0.8467,0.7787,R,R,YRFI,PASS,1,0,1,2026-04-25T23:45:40+00:00,,,,,,,,,,,,,,,,,,,,0.3145,0.3233,0.3271,0.4333,0.1215,0.1750,
2026-04-07,2026,824051,1,,ATL,LAA,9:38 PM ET,Reynaldo LÃ³pez,Yusei Kikuchi,625643,579328,ltd,ltd,live,live,0.99,0.5479,0.5441,1.092,,,,0.4118,0.5882,0.298,0.702,,,YRFI,STRONG,STRONG YRFI,4,2026-04-26T16:22:57Z,4.041,4.923,1.312,1.491,4.554,3.908,3.58,3.86,1.37,1.09,8.76,9.27,0.332,0.326,0.437,0.396,5.273,4.576,25.40,11.90,45.0,0,0.8000,0.6667,0.6000,0.6667,0.3669,0.3357,0.4779,0.4409,0.2478,0.1811,,,,,,,554242,0.4415,4.920,4.890,58,18,0.6942,0.7136,5.27,5.33,0.8453,0.8173,R,L,YRFI,WIN,0,2,2,2026-04-25T23:45:40+00:00,,,,,,,,,,,,0.909,,,,,,,,0.3411,0.3806,0.4123,0.5000,0.1491,0.2593,
2026-04-07,2026,823887,1,,CIN,MIA,6:40 PM ET,Andrew Abbott,Sandy Alcantara,671096,645261,ltd,ltd,live,live,0.95,0.4097,0.4947,0.9044,,,,0.4891,0.5109,0.2291,0.7709,,,PASS,NO EDGE,PASS - No edge,4,2026-04-26T16:22:57Z,4.408,4.189,1.41,1.189,4.153,4.046,3.08,2.9,1.13,1.0,7.24,6.61,0.312,0.331,0.388,0.4,4.327,4.518,,,,1,0.8000,0.6000,0.7000,0.6000,0.3030,0.3231,0.3012,0.3125,0.1205,0.0982,,,,,,,428442,0.5176,3.110,5.570,52,27,0.7396,0.7272,7.33,5.27,0.6623,0.6967,L,R,NRFI,PASS,0,0,0,2026-04-25T23:45:40+00:00,,,,,,,,,,,,,,,,,,,,0.3231,0.3030,0.3125,0.3012,0.0982,0.1205,
2026-04-07,2026,824618,1,,BAL,CWS,3:10 PM ET,Trevor Rogers,Shane Smith,669432,681343,ltd,sm,live,live,0.98,0.5202,0.3782,0.8984,,,,0.4692,0.5308,0.2269,0.7731,,,PASS,NO EDGE,PASS - No edge,4,2026-04-26T16:22:57Z,3.195,4.987,1.154,1.422,3.176,4.072,2.68,4.66,0.7,1.06,8.33,9.49,0.323,0.319,0.405,0.394,4.494,4.256,1.00,13.90,67.0,0,0.8000,0.8000,0.8000,0.8000,0.3125,0.3333,0.3855,0.4202,0.1687,0.1681,,,,,,,482631,0.5380,4.510,3.670,52,59,0.7272,0.7136,4.00,5.40,0.7770,0.8597,L,R,NRFI,PASS,0,0,0,2026-04-25T23:45:40+00:00,,,,,,,,,,,,,,,,,,,,0.3333,0.3125,0.4202,0.3855,0.1681,0.1687,
2026-04-07,2026,822754,1,,STL,WSH,6:45 PM ET,Matthew Liberatore,Cade Cavalli,669461,676917,ltd,ltd,live,live,0.97,0.4443,0.5899,1.0342,,,,0.4692,0.5308,0.2768,0.7232,,,PASS,NO EDGE,PASS - No edge,4,2026-04-26T16:22:57Z,4.442,4.141,1.413,1.462,4.976,3.489,2.77,3.5,1.67,0.77,6.58,9.11,0.322,0.326,0.398,0.405,4.628,5.134,11.80,17.20,22.0,0,0.4000,1.0000,0.6000,0.8000,0.3307,0.3582,0.5130,0.3333,0.2522,0.1019,,,,,,,658292,0.4848,3.910,5.790,39,12,0.7136,0.7136,4.73,5.20,0.8130,0.7557,L,R,YRFI,PASS,2,1,3,2026-04-25T23:45:40+00:00,,,,,,,,,,,,,,,,,,,,0.3582,0.3307,0.3333,0.5130,0.1019,0.2522,
2026-04-07,2026,824780,1,,MIL,BOS,6:45 PM ET,Jacob Misiorowski,Garrett Crochet,694819,676979,ltd,ltd,live,live,1.05,0.4354,0.4601,0.8955,,,,0.4130,0.5870,0.2259,0.7741,,,YRFI,STRONG,STRONG YRFI,4,2026-04-26T16:22:57Z,3.852,4.18,1.18,1.219,3.328,3.276,3.66,2.57,1.13,1.24,12.19,11.15,0.326,0.315,0.373,0.375,4.726,4.256,4.40,27.30,34.0,0,0.6000,0.4000,0.8000,0.5000,0.3525,0.3894,0.3786,0.4900,0.1456,0.1800,,,,,,,483630,0.5220,4.860,3.040,43,97,0.7272,0.7136,6.20,5.33,0.5897,0.6483,R,L,NRFI,LOSS,0,0,0,2026-04-25T23:45:40+00:00,,,,,,,,,,,,-1,,,,,,,,0.3894,0.3525,0.4900,0.3786,0.1800,0.1456,
2026-04-07,2026,824457,1,,KC,CLE,1:10 PM ET,Noah Cameron,Gavin Williams,702070,668909,ltd,ltd,live,live,0.96,0.4877,0.4812,0.9688,,,,0.5543,0.4457,0.2528,0.7472,,,PASS,NO EDGE,PASS - No edge,4,2026-04-26T16:22:57Z,3.835,3.163,1.266,1.186,4.387,4.368,2.92,4.65,1.39,1.38,7.63,10.22,0.310,0.298,0.385,0.394,4.113,4.25,-0.40,10.30,51.0,0,0.8000,0.6000,0.8000,0.5000,0.2611,0.3670,0.3211,0.3587,0.1284,0.0870,,,,,,,521251,0.4391,4.100,7.040,80,36,0.7309,0.6942,5.80,6.07,0.5880,0.8413,L,R,NRFI,PASS,0,0,0,2026-04-25T23:45:40+00:00,,,,,,,,,,,,,,,,,,,,0.3670,0.2761,0.3587,0.3333,0.0870,0.1313,
2026-04-07,2026,822999,1,,CHC,TB,6:40 PM ET,Javier Assad,Mason Englert,665871,669438,sm,sm,live,live,0.93,0.5092,0.4845,0.9937,,,,0.3623,0.6377,0.2619,0.7381,,,YRFI,STRONG,STRONG YRFI,4,2026-04-26T16:22:57Z,5.174,4.776,1.315,1.372,4.373,4.456,2.93,2.77,1.17,1.5,7.02,8.56,0.342,0.328,0.428,0.4,5.137,4.75,,,,1,,1.0000,,0.8571,0.4000,0.3231,0.5610,0.3178,0.2439,0.1215,,,,,,,431232,0.4946,8.840,5.390,24,3,0.7136,0.7136,,5.33,0.6743,0.6997,R,R,NRFI,LOSS,0,0,0,2026-04-25T23:45:40+00:00,,,,,,,,,,,,-1,,,,,,,,0.3231,0.3750,0.3178,0.5111,0.1215,0.2222,
2026-04-08,2026,824374,1,,HOU,COL,3:10 PM ET,Cristian Javier,Michael Lorenzen,664299,547179,sm,ltd,live,live,1.22,0.653,0.7025,1.3555,,,,0.3623,0.6377,0.3927,0.6073,,,YRFI,STRONG,STRONG YRFI,4,2026-04-26T16:23:06Z,5.851,5.19,1.461,1.545,4.745,4.35,4.26,2.25,1.23,1.46,7.83,7.26,0.336,0.317,0.428,0.405,4.901,4.256,19.70,18.40,23.0,0,0.6000,0.6000,0.7000,0.6000,0.2632,0.4643,0.5135,0.5833,0.2703,0.2685,,,,,,,482663,0.5317,5.610,7.180,21,30,0.7197,0.7136,4.73,5.00,0.8463,0.8873,R,R,YRFI,WIN,0,1,1,2026-04-25T23:46:01+00:00,,,,,,,,,,,,0.909,,,,,,,,0.4878,0.3257,0.6170,0.4605,0.2766,0.1711,
2026-04-08,2026,822833,1,,LAD,TOR,3:07 PM ET,Shohei Ohtani,Dylan Cease,660271,656302,ltd,ltd,live,live,1.01,0.4658,0.3335,0.7993,,,,0.6520,0.3480,0.191,0.809,,,NRFI,STRONG,STRONG NRFI,4,2026-04-26T16:23:06Z,2.442,3.603,1.011,1.315,2.716,2.599,2.41,4.27,0.6,0.69,9.81,13.14,0.343,0.332,0.452,0.398,5.232,4.213,,,,1,0.4000,1.0000,0.6000,0.8000,0.3066,0.3551,0.2991,0.4359,0.1111,0.1709,,,,,,,483564,0.5037,2.690,2.010,98,86,0.7309,0.6796,5.33,5.13,0.7353,0.6860,R,R,NRFI,WIN,0,0,0,2026-04-25T23:46:01+00:00,,,,,,,,,,,,0.909,,,,,,,,0.3438,0.3200,0.4364,0.3208,0.1727,0.1226,
2026-04-08,2026,823403,1,,SD,PIT,12:35 PM ET,Michael King,Mitch Keller,650633,656605,ltd,ltd,live,live,0.96,0.374,0.4702,0.8442,,,,0.6413,0.3587,0.2072,0.7928,,,NRFI,STRONG,STRONG NRFI,4,2026-04-26T16:23:06Z,3.147,3.726,1.179,1.209,3.807,3.433,3.73,2.75,0.95,0.7,8.95,7.18,0.313,0.326,0.388,0.392,4.457,4.804,16.50,11.60,17.0,0,0.8000,0.8000,0.8000,0.7000,0.3475,0.2782,0.5161,0.3719,0.2500,0.1570,,,,,,,521051,0.4691,3.830,3.620,33,62,0.7309,0.6796,5.20,4.27,0.6907,0.8757,R,R,NRFI,WIN,0,0,0,2026-04-25T23:46:01+00:00,,,,,,,,,,,,0.909,,,,,,,,0.2880,0.3561,0.3894,0.5391,0.1681,0.2696,
2026-04-08,2026,823646,1,,ARI,NYM,4:10 PM ET,Ryne Nelson,David Peterson,669194,656849,ltd,ltd,live,live,0.96,0.4299,0.4221,0.852,,,,0.4415,0.5585,0.21,0.79,,,PASS,NO EDGE,PASS - No edge,4,2026-04-26T16:23:06Z,4.591,4.552,1.198,1.481,4.093,3.403,2.94,3.6,1.26,0.63,8.12,8.11,0.309,0.302,0.413,0.37,4.555,3.848,4.90,14.50,53.0,0,0.4000,0.6000,0.6000,0.8000,0.2925,0.3003,0.2734,0.4017,0.0781,0.1795,,,,,,,503490,0.5467,4.790,5.220,41,41,0.7396,0.6796,4.20,5.27,0.9377,0.6293,R,L,YRFI,PASS,1,0,1,2026-04-25T23:46:01+00:00,,,,,,,,,,,,,,,,,,,,0.3050,0.2920,0.3905,0.2869,0.1714,0.0820,
2026-04-08,2026,823000,1,,CHC,TB,6:40 PM ET,Colin Rea,Joe Boyle,607067,671212,ltd,sm,live,live,0.93,0.4685,0.4449,0.9134,,,,0.4303,0.5697,0.2324,0.7676,,,YRFI,STRONG,STRONG YRFI,4,2026-04-26T16:23:06Z,4.217,4.615,1.262,1.244,3.885,3.811,2.69,3.73,1.08,0.98,7.5,9.42,0.342,0.328,0.428,0.4,5.137,4.75,,,,1,0.8000,0.6000,0.7000,0.8000,0.3740,0.3310,0.5000,0.3306,0.2105,0.1157,,,,,,,489985,0.4845,4.330,4.250,56,27,0.7136,0.7396,5.33,5.33,0.6743,0.8317,R,R,YRFI,WIN,1,0,1,2026-04-25T23:46:01+00:00,,,,,,,,,,,,0.909,,,,,,,,0.3206,0.3529,0.3119,0.4667,0.1101,0.2000,
2026-04-08,2026,822753,1,,STL,WSH,4:05 PM ET,Michael McGreevy,Miles Mikolas,700241,571945,ltd,ltd,live,live,0.97,0.6005,0.4615,1.062,,,,0.4130,0.5870,0.2871,0.7129,,,YRFI,STRONG,STRONG YRFI,4,2026-04-26T16:23:06Z,3.937,6.176,1.113,1.51,4.284,5.68,1.93,2.78,1.22,2.06,5.7,5.94,0.322,0.326,0.398,0.405,4.628,5.134,10.40,13.00,30.0,0,0.8000,0.6000,0.7000,0.5000,0.3534,0.3642,0.4950,0.3250,0.2277,0.1000,,,,,,,482608,0.4520,5.460,6.130,15,6,0.7136,0.7136,4.87,5.47,0.8130,0.7840,R,R,NRFI,LOSS,0,0,0,2026-04-25T23:46:01+00:00,,,,,,,,,,,,-1,,,,,,,,0.3676,0.3761,0.2685,0.5319,0.0556,0.2447,
2026-04-08,2026,822915,1,,SEA,TEX,2:35 PM ET,Bryan Woo,MacKenzie Gore,693433,669022,ltd,ltd,live,live,1.07,0.5095,0.3943,0.9038,,,,0.6413,0.3587,0.2289,0.7711,,,NRFI,STRONG,STRONG NRFI,4,2026-04-26T16:23:06Z,3.369,4.249,0.991,1.324,3.457,3.756,1.65,3.94,1.15,1.27,8.34,11.22,0.323,0.315,0.389,0.398,4.227,4.256,,,,1,0.6000,1.0000,0.5000,0.8000,0.3077,0.2662,0.4077,0.2984,0.1615,0.1210,,,,,,,665576,0.4578,4.600,3.640,63,36,0.7272,0.6909,4.73,6.00,0.7230,0.7787,R,L,NRFI,WIN,0,0,0,2026-04-25T23:46:01+00:00,,,,,,,,,,,,0.909,,,,,,,,0.2846,0.3130,0.3364,0.4286,0.1364,0.1765,
2026-04-08,2026,823726,1,,DET,MIN,7:40 PM ET,Framber Valdez,Bailey Ober,664285,641927,ltd,ltd,live,live,0.97,0.4552,0.4372,0.8924,,,,0.4891,0.5109,0.2247,0.7753,,,PASS,NO EDGE,PASS - No edge,4,2026-04-26T16:23:06Z,3.545,4.584,1.272,1.238,3.44,4.274,3.42,2.44,0.62,1.4,7.65,7.48,0.326,0.323,0.409,0.391,4.436,4.685,10.70,19.10,58.0,0,0.8000,0.6000,0.8000,0.7000,0.2308,0.3803,0.2473,0.3448,0.0860,0.1034,,,,,,,676580,0.5084,3.880,3.940,24,14,0.7185,0.7272,5.00,5.53,0.8613,0.6160,L,R,YRFI,PASS,0,6,6,2026-04-25T23:46:01+00:00,,,,,,,,,,,,,,,,,,,,0.3636,0.2300,0.3084,0.2444,0.0935,0.0889,
2026-04-08,2026,823234,1,,PHI,SF,3:45 PM ET,Aaron Nola,Tyler Mahle,605400,641816,ltd,ltd,live,live,0.94,0.4538,0.4491,0.9029,,,,0.3706,0.6294,0.2286,0.7714,,,YRFI,STRONG,STRONG YRFI,4,2026-04-26T16:23:06Z,5.398,3.719,1.38,1.332,4.23,4.435,3.02,3.79,1.52,1.27,9.5,8.16,0.306,0.302,0.384,0.386,3.97,3.756,19.20,25.80,76.0,0,0.6000,0.6000,0.7000,0.6000,0.3179,0.3311,0.4214,0.4141,0.1429,0.1875,,,,,,,429805,0.5769,5.720,4.860,33,63,0.7136,0.6780,4.87,6.13,0.8913,0.7187,R,R,NRFI,LOSS,0,0,0,2026-04-25T23:46:01+00:00,,,,,,,,,,,,-1,,,,,,,,0.3382,0.3359,0.4052,0.4793,0.1810,0.1653,
2026-04-08,2026,823564,1,,OAK,NYY,7:05 PM ET,Luis Severino,Will Warren,622663,701542,ltd,ltd,live,live,1.02,0.4258,0.5908,1.0166,,,,0.4313,0.5687,0.2703,0.7297,,,YRFI,STRONG,STRONG YRFI,4,2026-04-26T16:23:06Z,4.816,3.631,1.414,1.274,4.199,3.386,4.22,2.92,1.01,1.07,7.92,10.02,0.316,0.328,0.4,0.425,4.375,4.97,5.50,15.90,46.0,0,0.6000,0.8000,0.8000,0.8000,0.3536,0.3333,0.3962,0.4312,0.1792,0.2018,,,,,,,547380,0.5173,3.490,5.320,30,37,0.7136,0.7396,5.07,4.93,0.9087,0.7793,R,R,YRFI,WIN,0,2,2,2026-04-25T23:46:01+00:00,,,,,,,,,,,,0.909,,,,,,,,0.3333,0.3536,0.4312,0.3962,0.2018,0.1792,
2026-04-08,2026,823885,1,,CIN,MIA,6:40 PM ET,Brady Singer,Eury PÃ©rez,663903,691587,ltd,ltd,live,live,0.95,0.4511,0.4874,0.9385,,,,0.4239,0.5761,0.2416,0.7584,,,YRFI,STRONG,STRONG YRFI,4,2026-04-26T16:23:06Z,4.425,4.397,1.4,1.226,4.142,4.185,2.76,3.47,1.24,1.41,7.5,9.65,0.312,0.331,0.388,0.4,4.327,4.518,,,,1,0.6000,0.8000,0.6000,0.5000,0.3413,0.3241,0.3644,0.3145,0.1102,0.1048,,,,,,,482666,0.5220,5.150,5.320,71,23,0.6796,0.7136,5.07,4.67,0.6623,0.6493,R,R,YRFI,WIN,2,2,4,2026-04-25T23:46:01+00:00,,,,,,,,,,,,0.909,,,,,,,,0.3383,0.3472,0.3363,0.3636,0.1150,0.1091,
2026-04-08,2026,824050,1,,ATL,LAA,4:07 PM ET,Grant Holmes,Reid Detmers,656550,672282,ltd,ltd,live,live,0.99,0.4309,0.5558,0.9867,,,,0.4493,0.5507,0.2593,0.7407,,,PASS,NO EDGE,PASS - No edge,4,2026-04-26T16:23:06Z,3.83,4.076,1.28,1.195,4.489,3.195,4.06,2.99,1.32,0.86,8.44,10.08,0.332,0.326,0.437,0.396,5.273,4.576,25.60,13.00,52.0,0,1.0000,0.6000,1.0000,0.8000,0.3571,0.3354,0.4567,0.4468,0.2283,0.1844,,,,,,,483569,0.5176,2.930,4.130,67,79,0.7136,0.7272,5.67,4.80,0.8453,0.8173,R,L,YRFI,PASS,1,0,1,2026-04-25T23:46:01+00:00,,,,,,,,,,,,,,,,,,,,0.3409,0.3525,0.4454,0.4174,0.1681,0.1913,
2026-04-08,2026,824779,1,,MIL,BOS,1:35 PM ET,Shane Drohan,Sonny Gray,675660,543243,sm,ltd,live,live,1.05,0.4385,0.5131,0.9517,,,,0.4026,0.5974,0.2465,0.7535,,,YRFI,STRONG,STRONG YRFI,4,2026-04-26T16:23:06Z,4.361,4.287,1.324,1.256,4.204,3.675,3.57,1.92,1.04,1.22,8.48,8.23,0.326,0.315,0.373,0.375,4.726,4.256,3.70,8.30,49.0,0,0.8000,,0.7000,,0.3684,0.4123,0.4051,0.4949,0.1646,0.1717,,,,,,,639723,0.5480,5.640,5.320,13,15,0.7508,0.7136,5.40,,0.7283,0.7623,L,R,NRFI,LOSS,0,0,0,2026-04-25T23:46:01+00:00,,,,,,,,,,,,-1,,,,,,,,0.4038,0.3238,0.4947,0.3736,0.1789,0.1538,
2026-04-08,2026,824455,1,,KC,CLE,1:10 PM ET,Cole Ragans,Joey Cantillo,666142,676282,ltd,ltd,live,live,0.96,0.4336,0.5277,0.9613,,,,0.4755,0.5245,0.25,0.75,,,PASS,NO EDGE,PASS - No edge,4,2026-04-26T16:23:06Z,4.665,3.478,1.321,1.285,4.377,3.749,4.19,3.82,1.6,1.08,11.42,10.04,0.310,0.298,0.385,0.394,4.113,4.25,15.50,12.60,18.0,0,0.8000,0.8000,0.8000,0.7000,0.2875,0.3493,0.2895,0.3171,0.0965,0.0650,,,,,,,427248,0.5131,3.850,5.390,62,86,0.6942,0.7396,4.80,4.60,0.8910,0.7360,L,L,YRFI,PASS,0,3,3,2026-04-25T23:46:01+00:00,,,,,,,,,,,,,,,,,,,,0.3433,0.3070,0.3186,0.3021,0.0708,0.1042,
2026-04-08,2026,824617,1,,BAL,CWS,2:10 PM ET,Kyle Bradish,Sean Burke,680694,680732,ltd,ltd,live,live,0.98,0.5082,0.4656,0.9738,,,,0.4352,0.5648,0.2546,0.7454,,,PASS,NO EDGE,PASS - No edge,4,2026-04-26T16:23:06Z,3.834,4.173,1.41,1.353,3.607,4.404,3.62,3.51,0.96,1.34,10.06,8.12,0.323,0.319,0.405,0.394,4.494,4.256,20.00,25.30,36.0,0,0.2000,0.6000,0.4000,0.6250,0.3411,0.3893,0.4722,0.5045,0.2407,0.2162,,,,,,,691042,0.5084,3.750,4.420,11,44,0.7136,0.6796,3.87,4.73,0.9443,0.7573,R,R,NRFI,PASS,0,0,0,2026-04-25T23:46:01+00:00,,,,,,,,,,,,,,,,,,,,0.4146,0.3306,0.5437,0.4563,0.2330,0.2233,
2026-04-09,2026,823319,1,,COL,SD,9:40 PM ET,Jimmy Herget,Randy VÃ¡squez,623474,681190,sm,ltd,live,live,0.95,0.3962,0.348,0.7442,,,,0.4891,0.5109,0.1713,0.8287,,,PASS,NO EDGE,PASS - No edge,4,2026-04-26T16:23:10Z,2.661,3.03,1.116,1.221,3.014,3.679,2.56,3.12,0.63,0.77,8.68,7.05,0.317,0.313,0.405,0.388,4.256,4.457,21.90,9.80,76.0,0,0.8000,,0.9000,,0.2653,0.3396,0.3030,0.2609,0.1136,0.0217,,,,,,,544728,0.4859,4.330,3.850,69,48,0.7412,0.7136,5.47,,0.5497,0.5913,R,R,NRFI,PASS,0,0,0,2026-04-25T23:46:10+00:00,,,,,,,,,,,,,,,,,,,,0.3823,0.2683,0.3462,0.3119,0.0513,0.1284,
2026-04-09,2026,823645,1,,ARI,NYM,7:10 PM ET,Eduardo Rodriguez,Nolan McLean,593958,690997,ltd,ltd,live,live,0.96,0.3421,0.5031,0.8452,,,,0.5543,0.4457,0.2075,0.7925,,,PASS,NO EDGE,PASS - No edge,4,2026-04-26T16:23:10Z,4.143,3.055,1.449,0.992,4.701,3.039,3.65,2.74,1.39,0.84,7.3,10.37,0.309,0.302,0.413,0.37,4.555,3.848,7.10,15.80,69.0,0,0.6000,0.6000,0.7000,0.8000,0.3292,0.3163,0.2920,0.4019,0.0730,0.1495,,,,,,,623938,0.4993,2.280,4.950,69,7,0.7136,0.7510,5.33,5.80,0.7873,0.7273,L,R,YRFI,PASS,0,1,1,2026-04-25T23:46:10+00:00,,,,,,,,,,,,,,,,,,,,0.3198,0.3382,0.3444,0.3162,0.1000,0.0855,
2026-04-09,2026,823884,1,,CIN,MIA,12:10 PM ET,Rhett Lowder,Max Meyer,695076,676974,ltd,ltd,live,live,0.95,0.4291,0.4282,0.8572,,,,0.4891,0.5109,0.2119,0.7881,,,PASS,NO EDGE,PASS - No edge,4,2026-04-26T16:23:10Z,3.738,4.282,1.204,1.302,3.796,3.871,2.91,3.3,0.83,1.17,7.51,9.56,0.312,0.331,0.388,0.4,4.327,4.518,,,,1,0.2000,1.0000,0.4000,1.0000,0.3563,0.3270,0.3769,0.3088,0.1077,0.0956,,,,,,,503493,0.5220,4.420,4.070,68,20,0.7396,0.7136,4.80,5.50,0.6623,0.6493,R,R,YRFI,PASS,0,1,1,2026-04-25T23:46:10+00:00,,,,,,,,,,,,,,,,,,,,0.3178,0.3806,0.2883,0.4054,0.0811,0.1171,
2026-04-09,2026,823724,1,,DET,MIN,1:40 PM ET,Jack Flaherty,Mick Abel,656427,690953,ltd,ltd,live,live,0.97,0.4602,0.5933,1.0535,,,,0.4493,0.5507,0.2839,0.7161,,,PASS,NO EDGE,PASS - No edge,4,2026-04-26T16:23:10Z,4.906,4.566,1.457,1.414,4.434,3.738,5.07,3.64,1.34,0.94,10.33,9.39,0.326,0.323,0.409,0.391,4.436,4.685,7.20,10.20,53.0,0,0.8000,1.0000,0.8889,0.9000,0.3707,0.3581,0.4316,0.3543,0.1789,0.1024,,,,,,,482641,0.4806,5.020,5.460,72,46,0.7136,0.6942,3.53,4.53,0.7777,0.7727,R,R,NRFI,PASS,0,0,0,2026-04-25T23:46:10+00:00,,,,,,,,,,,,,,,,,,,,0.3496,0.3942,0.3738,0.4471,0.1215,0.1765,
2026-04-09,2026,824130,1,,CWS,KC,7:40 PM ET,Anthony Kay,Seth Lugo,641743,607625,ltd,ltd,live,live,0.96,0.4033,0.5253,0.9286,,,,0.3687,0.6313,0.238,0.762,,,YRFI,STRONG,STRONG YRFI,4,2026-04-26T16:23:10Z,4.672,2.838,1.36,1.133,4.838,3.766,3.74,3.19,1.38,0.94,7.75,7.91,0.319,0.310,0.394,0.385,4.256,4.113,24.60,25.30,44.0,0,0.8000,0.0000,0.7000,0.0000,0.3481,0.3403,0.3259,0.4417,0.0667,0.2167,,,,,,,427243,0.4707,4.300,7.730,17,20,0.7709,0.7136,5.07,4.67,0.7573,0.8910,L,R,NRFI,LOSS,0,0,0,2026-04-25T23:46:10+00:00,,,,,,,,,,,,-1,,,,,,,,0.3095,0.3582,0.3761,0.3509,0.1560,0.0789,
2026-04-09,2026,823565,1,,OAK,NYY,1:35 PM ET,Jeffrey Springs,Ryan Weathers,605488,677960,ltd,ltd,live,live,1.02,0.4464,0.5316,0.9779,,,,0.4692,0.5308,0.2561,0.7439,,,PASS,NO EDGE,PASS - No edge,4,2026-04-26T16:23:10Z,3.96,3.715,1.116,1.242,4.356,3.875,2.83,2.59,1.38,1.35,7.57,9.75,0.316,0.328,0.4,0.425,4.375,4.97,7.60,16.50,67.0,0,0.8000,0.8000,0.8000,0.8000,0.3544,0.2756,0.4946,0.2719,0.2366,0.0789,,,,,,,608158,0.5142,4.600,2.930,64,52,0.7136,0.7510,4.33,5.07,0.6233,0.8707,L,L,NRFI,PASS,0,0,0,2026-04-25T23:46:10+00:00,,,,,,,,,,,,,,,,,,,,0.2846,0.3800,0.2818,0.5422,0.0818,0.2651,
2026-04-10,2026,824128,1,,CWS,KC,7:40 PM ET,Davis Martin,Kris Bubic,663436,663460,ltd,ltd,live,live,0.96,0.3786,0.4059,0.7845,,,,0.4692,0.5308,0.1857,0.8143,,,PASS,NO EDGE,PASS - No edge,4,2026-04-26T16:23:20Z,3.186,3.214,1.172,1.157,3.805,3.233,2.6,3.49,0.97,0.68,6.99,9.1,0.319,0.310,0.394,0.385,4.256,4.113,12.50,11.80,87.0,0,0.6000,0.8000,0.6000,0.6000,0.3488,0.3397,0.3311,0.4186,0.0676,0.2016,,,,,,,503586,0.4946,4.760,4.670,75,32,0.7396,0.7396,4.87,5.27,0.8790,0.6443,R,L,NRFI,PASS,0,0,0,2026-04-25T23:46:32+00:00,,,,,,,,,,,,,,,,,,,,0.2984,0.3481,0.3143,0.3534,0.1238,0.0862,
2026-04-10,2026,823482,1,,ARI,PHI,6:40 PM ET,Michael Soroka,JesÃºs Luzardo,647336,666200,ltd,ltd,live,live,1.04,0.4139,0.3984,0.8123,,,,0.4130,0.5870,0.1956,0.8044,,,YRFI,STRONG,STRONG YRFI,4,2026-04-26T16:23:20Z,3.697,5.128,1.158,1.349,3.218,2.928,2.69,2.88,0.99,0.87,10.15,10.75,0.309,0.306,0.413,0.384,4.555,3.97,19.80,15.20,42.0,0,0.8000,0.8000,0.8000,0.8000,0.3438,0.3133,0.4044,0.3814,0.1765,0.1441,,,,,,,511890,0.5521,4.070,4.600,88,38,0.6942,0.7272,6.93,4.20,0.9600,0.8913,R,L,YRFI,WIN,0,4,4,2026-04-25T23:46:32+00:00,,,,,,,,,,,,0.909,,,,,,,,0.3117,0.3835,0.3298,0.4404,0.1064,0.1927,
2026-04-10,2026,824534,1,,LAA,CIN,6:45 PM ET,Jack Kochanowicz,Chase Burns,686799,695505,ltd,ltd,live,live,1.09,0.4953,0.6648,1.1601,,,,0.4493,0.5507,0.3229,0.6771,,,PASS,NO EDGE,PASS - No edge,4,2026-04-26T16:23:20Z,5.137,3.607,1.514,1.191,4.988,3.779,4.87,3.29,1.1,1.2,6.0,10.28,0.326,0.312,0.396,0.388,4.576,4.327,19.90,5.60,68.0,0,0.8000,0.4000,0.8000,0.4000,0.3161,0.3153,0.2980,0.4536,0.0861,0.2268,,,,,,,676581,0.5084,3.520,5.260,87,34,0.7136,0.7136,4.73,4.40,0.6447,0.6623,R,R,NRFI,PASS,0,0,0,2026-04-25T23:46:32+00:00,,,,,,,,,,,,,,,,,,,,0.3146,0.3106,0.4070,0.2870,0.1744,0.0783,
2026-04-10,2026,824695,1,,PIT,CHC,2:20 PM ET,Carmen Mlodzinski,Shota Imanaga,669387,684007,ltd,ltd,live,live,1.0,0.4041,0.4421,0.8462,,,,0.6472,0.3528,0.2079,0.7921,,,NRFI,STRONG,STRONG NRFI,4,2026-04-26T16:23:20Z,3.519,3.074,1.34,0.877,2.914,3.992,2.99,1.72,0.5,1.51,8.77,8.41,0.326,0.342,0.392,0.428,4.804,5.137,9.00,8.70,86.0,0,0.2000,1.0000,0.4000,0.9000,0.3291,0.4099,0.3534,0.4719,0.1353,0.1573,,,,,,,577468,0.4946,2.930,4.050,85,16,0.7510,0.7396,5.13,3.60,0.7343,0.6743,R,L,NRFI,WIN,0,0,0,2026-04-25T23:46:32+00:00,,,,,,,,,,,,0.909,,,,,,,,0.4064,0.3178,0.4353,0.3486,0.1294,0.1376,
2026-04-10,2026,823968,1,,TEX,LAD,10:10 PM ET,Kumar Rocker,Tyler Glasnow,677958,607192,ltd,ltd,live,live,0.97,0.3434,0.5554,0.8988,,,,0.4692,0.5308,0.2271,0.7729,,,PASS,NO EDGE,PASS - No edge,4,2026-04-26T16:23:20Z,4.505,2.993,1.345,0.94,4.194,3.068,3.27,3.04,1.22,0.82,8.39,10.26,0.315,0.343,0.398,0.452,4.256,5.232,22.50,15.00,57.0,0,0.6000,0.6000,0.7000,0.7000,0.3791,0.3577,0.4286,0.4722,0.1587,0.1852,,,,,,,427197,0.5268,2.170,4.360,76,41,0.7396,0.7136,5.33,4.87,0.7970,0.7353,R,R,NRFI,PASS,0,0,0,2026-04-25T23:46:32+00:00,,,,,,,,,,,,,,,,,,,,0.3429,0.3664,0.4565,0.4128,0.1848,0.1468,
2026-04-10,2026,822829,1,,MIN,TOR,7:07 PM ET,Simeon Woods Richardson,Patrick Corbin,680573,571578,ltd,sm,live,live,1.01,0.4812,0.5792,1.0604,,,,0.4130,0.5870,0.2864,0.7136,,,YRFI,STRONG,STRONG YRFI,4,2026-04-26T16:23:20Z,4.789,4.211,1.387,1.289,4.95,4.139,3.63,2.85,1.53,1.23,7.12,7.6,0.323,0.332,0.391,0.398,4.685,4.213,,,,1,0.6000,0.8000,0.7000,0.9000,0.3267,0.3143,0.3281,0.2857,0.1172,0.0756,,,,,,,484499,0.5451,5.870,4.790,36,8,0.7197,0.7396,4.67,5.73,0.7033,0.6860,R,L,YRFI,WIN,3,0,3,2026-04-25T23:46:32+00:00,,,,,,,,,,,,0.909,,,,,,,,0.3217,0.3167,0.2708,0.3462,0.0729,0.1346,
2026-04-10,2026,823643,1,,OAK,NYM,7:10 PM ET,J.T. Ginn,Clay Holmes,669372,605280,ltd,ltd,live,live,0.96,0.4215,0.4697,0.8912,,,,0.4891,0.5109,0.2243,0.7757,,,PASS,NO EDGE,PASS - No edge,4,2026-04-26T16:23:20Z,4.473,2.917,1.238,1.184,4.597,3.965,3.18,3.34,1.62,0.82,8.8,6.46,0.316,0.302,0.4,0.37,4.375,3.848,9.40,18.20,73.0,0,0.6000,0.4000,0.6000,0.4000,0.3000,0.3333,0.2869,0.4286,0.0738,0.1849,,,,,,,596805,0.4819,4.220,3.340,35,51,0.7136,0.7136,5.33,5.00,0.8093,0.6863,R,R,NRFI,PASS,0,0,0,2026-04-25T23:46:32+00:00,,,,,,,,,,,,,,,,,,,,0.3387,0.3182,0.3889,0.3093,0.1481,0.0722,
2026-04-10,2026,823808,1,,WSH,MIL,7:40 PM ET,Jake Irvin,Aaron Ashby,663623,676879,ltd,sm,live,live,1.03,0.4397,0.584,1.0237,,,,0.6463,0.3537,0.273,0.727,,,NRFI,STRONG,STRONG NRFI,4,2026-04-26T16:23:20Z,5.341,2.932,1.325,1.258,4.733,2.926,3.22,3.62,1.62,0.69,8.01,11.2,0.326,0.326,0.405,0.373,5.134,4.726,,,,1,1.0000,0.8000,1.0000,0.7000,0.4130,0.3333,0.5085,0.4492,0.1949,0.1949,,,,,,,427533,0.5151,2.750,4.570,97,59,0.6796,0.6780,2.00,5.27,0.7370,0.8453,R,L,YRFI,LOSS,2,3,5,2026-04-25T23:46:32+00:00,,,,,,,,,,,,-1,,,,,,,,0.3509,0.3986,0.4653,0.5046,0.1980,0.2110,
2026-04-10,2026,824941,1,,CLE,ATL,7:15 PM ET,Slade Cecconi,Bryce Elder,677944,693821,ltd,ltd,live,live,0.98,0.3996,0.6151,1.0147,,,,0.4938,0.5062,0.2697,0.7303,,,PASS,NO EDGE,PASS - No edge,4,2026-04-26T16:23:20Z,5.016,3.69,1.337,1.188,4.947,3.698,3.04,2.7,1.72,0.95,7.43,7.55,0.298,0.332,0.394,0.437,4.25,5.273,24.40,5.90,26.0,0,0.8000,0.8000,0.9000,0.9000,0.3563,0.3034,0.4934,0.4203,0.2237,0.1957,,,,,,,665298,0.5084,2.860,5.610,29,29,0.7272,0.7396,6.27,5.40,0.6943,0.8810,R,R,NRFI,PASS,0,0,0,2026-04-25T23:46:32+00:00,,,,,,,,,,,,,,,,,,,,0.3138,0.3824,0.3663,0.5214,0.1584,0.2308,
2026-04-10,2026,823318,1,,COL,SD,9:40 PM ET,Tomoyuki Sugano,Walker Buehler,608372,621111,ltd,ltd,live,live,0.95,0.5277,0.5042,1.0319,,,,0.4493,0.5507,0.276,0.724,,,PASS,NO EDGE,PASS - No edge,4,2026-04-26T16:23:20Z,4.158,5.214,1.255,1.553,5.033,4.614,2.07,4.26,1.83,1.2,6.26,7.39,0.317,0.313,0.405,0.388,4.256,4.457,21.70,12.20,71.0,0,0.8000,0.6000,0.7000,0.5000,0.2751,0.2989,0.3403,0.3086,0.1319,0.0988,,,,,,,427537,0.4944,4.990,6.170,41,17,0.6780,0.7136,4.13,4.80,0.5953,0.6907,R,R,NRFI,PASS,0,0,0,2026-04-25T23:46:32+00:00,,,,,,,,,,,,,,,,,,,,0.3093,0.2814,0.3085,0.3333,0.0957,0.1228,
2026-04-10,2026,822997,1,,NYY,TB,7:10 PM ET,Luis Gil,Steven Matz,661563,571927,sm,ltd,live,live,0.93,0.4475,0.5687,1.0162,,,,0.4007,0.5993,0.2702,0.7298,,,YRFI,STRONG,STRONG YRFI,4,2026-04-26T16:23:20Z,3.872,3.978,1.28,1.182,5.068,4.151,4.25,2.6,1.38,1.35,7.09,8.3,0.328,0.328,0.425,0.4,4.97,4.75,,,,1,0.7500,1.0000,0.7500,0.9000,0.3648,0.3836,0.4429,0.4919,0.1500,0.2339,,,,,,,483919,0.4901,5.050,6.290,55,13,0.7136,0.7272,5.00,5.53,1.0050,0.7870,R,L,YRFI,WIN,2,2,4,2026-04-25T23:46:32+00:00,,,,,,,,,,,,0.909,,,,,,,,0.4059,0.3206,0.5243,0.4215,0.2524,0.1488,
2026-04-10,2026,824858,1,,SF,BAL,7:15 PM ET,Landen Roupp,Shane Baz,694738,669358,ltd,ltd,live,live,1.06,0.4626,0.4686,0.9313,,,,0.5743,0.4257,0.239,0.761,,,NRFI,STRONG,STRONG NRFI,4,2026-04-26T16:23:20Z,3.212,4.957,1.274,1.421,3.155,3.876,3.82,3.36,0.57,1.09,9.31,8.64,0.302,0.323,0.386,0.405,3.756,4.494,18.70,11.20,55.0,0,1.0000,0.8000,0.8000,0.8000,0.3904,0.3333,0.5200,0.4467,0.2240,0.1533,,,,,,,427113,0.5139,4.330,2.550,40,47,0.7136,0.7136,4.47,4.20,0.7187,0.9443,R,R,NRFI,WIN,0,0,0,2026-04-25T23:46:32+00:00,,,,,,,,,,,,0.909,,,,,,,,0.3542,0.4219,0.5210,0.5909,0.1933,0.2545,
2026-04-10,2026,824297,1,,MIA,DET,6:40 PM ET,Chris Paddack,Keider Montero,663978,672456,ltd,ltd,live,live,0.98,0.4078,0.5363,0.944,,,,0.6413,0.3587,0.2437,0.7563,,,NRFI,STRONG,STRONG NRFI,4,2026-04-26T16:23:20Z,5.741,4.098,1.381,1.197,4.763,3.685,2.16,2.42,1.81,0.97,7.5,7.52,0.331,0.326,0.4,0.409,4.518,4.436,9.30,12.70,82.0,0,1.0000,0.6000,1.0000,0.5000,0.3514,0.3603,0.3651,0.3803,0.1190,0.1127,,,,,,,483561,0.5039,2.350,3.830,18,45,0.7272,0.7272,4.13,4.53,0.6493,0.8057,R,R,NRFI,WIN,0,0,0,2026-04-25T23:46:32+00:00,,,,,,,,,,,,0.909,,,,,,,,0.3684,0.3223,0.4035,0.3524,0.1316,0.1238,
2026-04-10,2026,823076,1,,BOS,STL,8:15 PM ET,Connelly Early,Dustin May,813349,669160,ltd,ltd,live,live,0.97,0.4712,0.4882,0.9594,,,,0.4605,0.5395,0.2493,0.7507,,,PASS,NO EDGE,PASS - No edge,4,2026-04-26T16:23:20Z,3.692,5.296,1.277,1.467,4.038,4.238,3.65,3.08,1.02,1.31,8.8,8.02,0.315,0.322,0.375,0.398,4.256,4.628,18.40,17.90,70.0,0,0.6000,0.8000,0.7000,0.8333,0.3855,0.3039,0.3308,0.2235,0.0923,0.0588,,,,,,,427344,0.4727,4.360,5.050,4,32,0.6796,0.7136,4.60,4.73,0.5967,0.6677,L,R,NRFI,PASS,0,0,0,2026-04-25T23:46:32+00:00,,,,,,,,,,,,,,,,,,,,0.3061,0.3986,0.2317,0.2642,0.0610,0.0472,
2026-04-10,2026,823156,1,,HOU,SEA,9:40 PM ET,Tatsuya Imai,Emerson Hancock,837227,676106,sm,ltd,live,live,0.95,0.4659,0.5032,0.9691,,,,0.4891,0.5109,0.2529,0.7471,,,PASS,NO EDGE,PASS - No edge,4,2026-04-26T16:23:20Z,4.722,3.941,1.391,1.15,4.158,4.351,4.53,2.33,1.0,1.5,9.81,7.82,0.336,0.323,0.428,0.389,4.901,4.227,,,,1,0.6000,1.0000,0.6000,1.0000,0.2500,0.4444,0.1913,0.5455,0.0522,0.2397,,,,,,,658536,0.5084,4.480,4.100,34,93,0.7272,0.7136,5.53,4.17,0.8463,0.6513,R,R,YRFI,PASS,0,3,3,2026-04-25T23:46:32+00:00,,,,,,,,,,,,,,,,,,,,0.4524,0.2547,0.5700,0.2151,0.2500,0.0645,
2026-04-11,2026,822996,1,,NYY,TB,6:10 PM ET,Max Fried,Nick Martinez,608331,607259,ltd,ltd,live,live,0.93,0.4214,0.3058,0.7272,,,,0.4692,0.5308,0.1653,0.8347,,,PASS,NO EDGE,PASS - No edge,4,2026-04-26T16:23:28Z,2.627,3.443,0.933,1.163,2.732,4.051,2.27,2.34,0.43,1.07,7.85,6.18,0.328,0.328,0.425,0.4,4.97,4.75,,,,1,0.8000,0.8000,0.8000,0.9000,0.3926,0.3311,0.5130,0.3485,0.2087,0.1439,,,,,,,575629,0.4774,4.670,2.300,10,34,0.7136,0.7075,5.20,6.80,0.7793,0.7833,L,R,NRFI,PASS,0,0,0,2026-04-25T23:46:49+00:00,,,,,,,,,,,,,,,,,,,,0.3335,0.3366,0.2828,0.4535,0.0909,0.2209,
2026-04-11,2026,824294,1,,MIA,DET,1:10 PM ET,Janson Junk,Casey Mize,676083,663554,ltd,ltd,live,live,0.98,0.4044,0.3606,0.765,,,,0.6527,0.3473,0.1787,0.8213,,,NRFI,STRONG,STRONG NRFI,4,2026-04-26T16:23:28Z,3.97,3.308,1.15,1.22,3.294,3.388,1.67,2.6,0.69,1.01,6.17,9.15,0.331,0.326,0.4,0.409,4.518,4.436,10.10,11.60,38.0,0,1.0000,0.8000,0.8000,0.7000,0.3868,0.3415,0.4583,0.3701,0.1354,0.1169,,,,,,,623946,0.4271,3.220,3.520,63,23,0.7136,0.7272,5.53,5.87,0.6493,0.7353,R,R,YRFI,LOSS,0,2,2,2026-04-25T23:46:49+00:00,,,,,,,,,,,,-1,,,,,,,,0.3282,0.3051,0.3652,0.3738,0.1217,0.1308,
2026-04-11,2026,824535,1,,LAA,CIN,4:10 PM ET,George Klassen,Brandon Williamson,691946,682227,sm,ltd,live,live,1.09,0.6064,0.5981,1.2045,,,,0.3623,0.6377,0.339,0.661,,,YRFI,STRONG,STRONG YRFI,4,2026-04-26T16:23:28Z,4.9,4.662,1.477,1.354,4.656,4.854,3.86,4.06,1.29,1.29,9.28,7.55,0.326,0.312,0.396,0.388,4.576,4.327,18.00,8.70,44.0,0,1.0000,1.0000,1.0000,1.0000,0.3065,0.3407,0.3025,0.4114,0.0988,0.1709,,,,,,,644760,0.6254,7.000,,33,,0.7136,0.7136,5.67,2.67,0.9003,0.6623,R,L,YRFI,WIN,0,4,4,2026-04-25T23:46:49+00:00,,,,,,,,,,,,0.909,,,,,,,,0.2791,0.3030,0.3305,0.3103,0.1186,0.1034,
2026-04-11,2026,823480,1,,ARI,PHI,1:05 PM ET,Brandon Pfaadt,Taijuan Walker,694297,592836,ltd,ltd,live,live,1.04,0.692,0.4915,1.1835,,,,0.3995,0.6005,0.3314,0.6686,,,YRFI,STRONG,STRONG YRFI,4,2026-04-26T16:23:28Z,5.364,5.882,1.322,1.646,4.345,5.941,2.65,3.56,1.35,2.14,7.14,6.5,0.309,0.306,0.413,0.384,4.555,3.97,18.50,11.50,26.0,0,0.0000,0.6000,0.2000,0.5000,0.3410,0.3192,0.3986,0.4056,0.1689,0.1748,,,,,,,665576,0.4578,7.130,4.640,7,39,0.6942,0.7272,4.93,5.93,0.7103,0.8913,R,R,YRFI,WIN,2,0,2,2026-04-25T23:46:49+00:00,,,,,,,,,,,,0.909,,,,,,,,0.3332,0.3835,0.4078,0.4595,0.1748,0.1982,
2026-04-11,2026,824939,1,,CLE,ATL,7:15 PM ET,Parker Messick,MartÃ­n PÃ©rez,800048,527048,ltd,ltd,live,live,0.98,0.4267,0.4108,0.8375,,,,0.4692,0.5308,0.2047,0.7953,,,PASS,NO EDGE,PASS - No edge,4,2026-04-26T16:23:28Z,2.875,3.456,1.102,1.095,3.194,4.227,2.43,2.92,0.76,1.12,8.76,7.1,0.298,0.332,0.394,0.437,4.25,5.273,27.50,9.00,21.0,0,0.2000,0.6000,0.5000,0.5556,0.3422,0.3298,0.4671,0.3525,0.1916,0.1151,,,,,,,482620,0.6177,4.600,3.180,13,49,0.6942,0.7136,5.07,5.47,0.7360,0.8453,L,L,YRFI,PASS,1,0,1,2026-04-25T23:46:49+00:00,,,,,,,,,,,,,,,,,,,,0.3739,0.3285,0.3900,0.4472,0.1300,0.1789,
2026-04-11,2026,824697,1,,PIT,CHC,2:20 PM ET,Braxton Ashcraft,Edward Cabrera,677952,665795,ltd,ltd,live,live,1.0,0.4426,0.4154,0.858,,,,0.6509,0.3491,0.2122,0.7878,,,NRFI,STRONG,STRONG NRFI,4,2026-04-26T16:23:28Z,2.956,3.192,1.149,1.209,2.873,3.591,2.95,3.25,0.55,0.9,9.42,8.55,0.326,0.342,0.392,0.428,4.804,5.137,7.50,10.20,68.0,0,0.6000,1.0000,0.5000,1.0000,0.3393,0.3253,0.4222,0.4706,0.1704,0.2185,,,,,,,623945,0.5123,3.720,2.080,45,81,0.7136,0.7396,4.93,4.67,0.7523,0.6903,R,R,NRFI,WIN,0,0,0,2026-04-25T23:46:49+00:00,,,,,,,,,,,,0.909,,,,,,,,0.3207,0.3602,0.4300,0.4190,0.1900,0.1524,
2026-04-11,2026,823074,1,,BOS,STL,7:15 PM ET,Ranger Suarez,Kyle Leahy,624133,681517,ltd,ltd,live,live,0.97,0.451,0.4055,0.8564,,,,0.3766,0.6234,0.2116,0.7884,,,YRFI,STRONG,STRONG YRFI,4,2026-04-26T16:23:28Z,3.522,4.218,1.192,1.398,3.45,4.085,2.37,3.36,0.88,1.0,7.72,7.34,0.315,0.322,0.375,0.398,4.256,4.628,21.40,11.80,66.0,0,0.6667,0.4000,0.6667,0.7000,0.3793,0.2609,0.4184,0.2377,0.1702,0.0738,,,,,,,665281,0.5305,5.720,4.990,16,8,0.7136,0.7396,4.33,4.53,0.5737,0.9057,L,R,NRFI,LOSS,0,0,0,2026-04-25T23:46:49+00:00,,,,,,,,,,,,-1,,,,,,,,0.2458,0.4060,0.2381,0.3905,0.0857,0.1429,
2026-04-11,2026,823316,1,,COL,SD,8:40 PM ET,Ryan Feltner,GermÃ¡n MÃ¡rquez,663372,608566,ltd,ltd,live,live,0.95,0.5674,0.5243,1.0917,,,,0.4765,0.5235,0.2979,0.7021,,,PASS,NO EDGE,PASS - No edge,4,2026-04-26T16:23:28Z,4.992,5.825,1.372,1.571,4.777,5.481,3.3,3.12,1.55,1.86,8.25,6.07,0.317,0.313,0.405,0.388,4.256,4.457,21.80,14.90,59.0,0,0.4000,0.8000,0.7000,0.6250,0.2733,0.2957,0.3290,0.4455,0.1226,0.1727,,,,,,,554242,0.4415,5.050,6.450,29,52,0.7136,0.7613,4.33,4.53,0.8393,0.6907,R,R,YRFI,PASS,2,0,2,2026-04-25T23:46:49+00:00,,,,,,,,,,,,,,,,,,,,0.2935,0.2578,0.4138,0.2807,0.1494,0.0965,
2026-04-11,2026,823644,1,,OAK,NYM,4:10 PM ET,Jacob Lopez,Kodai Senga,682052,673540,ltd,sm,live,live,0.96,0.5295,0.5507,1.0803,,,,0.4692,0.5308,0.2937,0.7063,,,PASS,NO EDGE,PASS - No edge,4,2026-04-26T16:23:28Z,4.692,4.807,1.498,1.484,4.87,4.411,4.9,4.59,1.46,1.31,9.09,9.55,0.316,0.302,0.4,0.37,4.375,3.848,15.70,15.80,27.0,0,0.6000,0.6000,0.8000,0.8000,0.3455,0.3311,0.3188,0.4031,0.1014,0.1705,,,,,,,428442,0.5176,4.670,3.690,73,22,0.7396,0.7136,5.07,4.67,0.8093,0.5370,L,R,YRFI,PASS,0,1,1,2026-04-25T23:46:49+00:00,,,,,,,,,,,,,,,,,,,,0.3175,0.3053,0.3423,0.2566,0.1171,0.0619,
2026-04-11,2026,824129,1,,CWS,KC,4:10 PM ET,Erick Fedde,Michael Wacha,607200,608379,ltd,ltd,live,live,0.96,0.3632,0.539,0.9022,,,,0.4891,0.5109,0.2283,0.7717,,,PASS,NO EDGE,PASS - No edge,4,2026-04-26T16:23:28Z,4.669,3.259,1.366,1.091,4.921,3.532,4.1,2.55,1.15,0.81,5.4,7.15,0.319,0.310,0.394,0.385,4.256,4.113,23.90,15.00,63.0,0,0.8000,0.8000,0.9000,0.4000,0.3388,0.2925,0.3270,0.3516,0.0692,0.1562,,,,,,,503502,0.4948,4.600,3.750,59,11,0.7597,0.6640,5.33,4.80,0.7993,0.6443,R,R,YRFI,PASS,0,1,1,2026-04-25T23:46:49+00:00,,,,,,,,,,,,,,,,,,,,0.2500,0.3358,0.2400,0.3504,0.0700,0.0855,
2026-04-11,2026,823805,1,,WSH,MIL,7:10 PM ET,Foster Griffin,Kyle Harrison,656492,690986,ltd,sm,live,live,1.03,0.5079,0.5292,1.0371,,,,0.6620,0.3380,0.2779,0.7221,,,NRFI,STRONG,STRONG NRFI,4,2026-04-26T16:23:28Z,3.875,3.822,1.23,1.291,4.444,3.941,2.9,3.32,1.4,1.12,8.37,9.22,0.326,0.326,0.405,0.373,5.134,4.726,,,,1,0.8000,1.0000,0.6250,1.0000,0.3526,0.3551,0.4050,0.5285,0.1653,0.2520,,,,,,,427129,0.4611,3.420,4.510,74,47,0.6796,0.7136,4.87,5.00,0.8220,0.5207,L,L,NRFI,WIN,0,0,0,2026-04-25T23:46:49+00:00,,,,,,,,,,,,0.909,,,,,,,,0.3818,0.3338,0.5567,0.3860,0.2577,0.1579,
2026-04-11,2026,823155,1,,HOU,SEA,9:40 PM ET,Lance McCullers Jr.,Luis Castillo,621121,622491,ltd,ltd,live,live,0.95,0.4452,0.5699,1.0151,,,,0.4130,0.5870,0.2698,0.7302,,,YRFI,STRONG,STRONG YRFI,4,2026-04-26T16:23:28Z,5.835,4.078,1.504,1.374,4.766,3.608,4.59,2.74,1.41,1.01,9.09,8.41,0.336,0.323,0.428,0.389,4.901,4.227,,,,1,0.8000,0.8000,0.6000,0.7000,0.2653,0.4340,0.1905,0.5938,0.0476,0.2891,,,,,,,503077,0.5258,5.260,4.990,49,43,0.7954,0.6942,5.80,4.13,0.9493,0.6513,R,R,YRFI,WIN,0,2,2,2026-04-25T23:46:49+00:00,,,,,,,,,,,,0.909,,,,,,,,0.4194,0.2703,0.5980,0.2083,0.2941,0.0521,
2026-04-11,2026,822830,1,,MIN,TOR,3:07 PM ET,Joe Ryan,Eric Lauer,657746,641778,ltd,ltd,live,live,1.01,0.5457,0.3834,0.9291,,,,0.5075,0.4925,0.2382,0.7618,,,PASS,NO EDGE,PASS - No edge,4,2026-04-26T16:23:28Z,3.634,4.541,1.031,1.275,3.276,4.785,2.14,3.24,1.13,1.69,9.78,8.42,0.323,0.332,0.391,0.398,4.685,4.213,,,,1,0.4000,0.6000,0.6000,0.6000,0.3782,0.3117,0.3922,0.2879,0.1176,0.0758,,,,,,,665297,0.4839,4.570,2.990,19,44,0.6796,0.7075,4.00,4.87,0.7033,0.8287,R,L,YRFI,PASS,0,2,2,2026-04-25T23:46:49+00:00,,,,,,,,,,,,,,,,,,,,0.2991,0.3587,0.2673,0.4198,0.0693,0.1481,
2026-04-11,2026,824857,1,,SF,BAL,7:15 PM ET,Logan Webb,Chris Bassitt,657277,605135,ltd,ltd,live,live,1.06,0.5264,0.4077,0.9341,,,,0.4130,0.5870,0.24,0.76,,,YRFI,STRONG,STRONG YRFI,4,2026-04-26T16:23:28Z,4.008,4.923,1.307,1.582,2.792,4.473,2.56,3.72,0.55,1.2,8.8,7.22,0.302,0.323,0.386,0.405,3.756,4.494,20.00,8.90,28.0,0,0.6000,0.8000,0.7000,0.7000,0.3520,0.3475,0.4744,0.4954,0.2115,0.2018,,,,,,,427366,0.4992,6.250,4.450,17,17,0.6509,0.7272,4.13,5.87,0.5767,0.7770,R,R,NRFI,LOSS,0,0,0,2026-04-25T23:46:49+00:00,,,,,,,,,,,,-1,,,,,,,,0.3784,0.3696,0.5631,0.5656,0.2330,0.2705,
2026-04-11,2026,823967,1,,TEX,LAD,9:10 PM ET,Jack Leiter,Emmet Sheehan,683004,686218,ltd,ltd,live,live,0.97,0.3994,0.5572,0.9566,,,,0.4038,0.5962,0.2483,0.7517,,,YRFI,STRONG,STRONG YRFI,4,2026-04-26T16:23:28Z,4.288,3.92,1.349,1.147,3.88,3.602,3.97,2.93,1.07,1.15,9.42,9.96,0.315,0.343,0.398,0.452,4.256,5.232,21.20,18.90,50.0,0,0.6000,0.4000,0.6000,0.5000,0.3750,0.3556,0.4101,0.4790,0.1439,0.1933,,,,,,,598411,0.5467,3.960,5.050,85,83,0.6796,0.7136,4.80,6.07,0.7970,0.7353,R,R,YRFI,WIN,1,4,5,2026-04-25T23:46:49+00:00,,,,,,,,,,,,0.909,,,,,,,,0.3364,0.3778,0.4479,0.4248,0.1771,0.1416,
2026-04-12,2026,822998,1,,NYY,TB,1:40 PM ET,Cam Schlittler,Drew Rasmussen,693645,656876,ltd,ltd,live,live,0.93,0.3836,0.3263,0.7099,,,,0.5543,0.4457,0.1593,0.8407,,,PASS,NO EDGE,PASS - No edge,4,2026-04-26T16:23:37Z,2.661,2.64,0.997,0.912,2.7,3.856,2.34,1.91,0.69,1.35,10.11,8.26,0.328,0.328,0.425,0.4,4.97,4.75,,,,1,1.0000,1.0000,0.9000,0.8000,0.3478,0.3865,0.4136,0.4552,0.1358,0.2239,,,,,,,483564,0.5037,2.650,2.310,42,78,0.7028,0.6942,4.07,5.80,0.8860,0.7870,R,R,YRFI,PASS,0,1,1,2026-04-25T23:47:08+00:00,,,,,,,,,,,,,,,,,,,,0.4302,0.2969,0.4731,0.4017,0.2258,0.1538,
2026-04-12,2026,824293,1,,MIA,DET,1:40 PM ET,Sandy Alcantara,Tarik Skubal,645261,669373,ltd,ltd,live,live,0.98,0.258,0.4621,0.7201,,,,0.4870,0.5130,0.1628,0.8372,,,PASS,NO EDGE,PASS - No edge,4,2026-04-26T16:23:37Z,4.189,2.452,1.189,0.937,4.046,2.107,2.9,1.51,1.0,0.55,6.61,10.34,0.331,0.326,0.4,0.409,4.518,4.436,25.30,26.70,38.0,0,0.8000,0.8000,0.8000,0.7000,0.3764,0.2703,0.4091,0.2344,0.1234,0.0625,,,,,,,482631,0.5380,3.040,3.110,73,52,0.6796,0.7272,5.93,7.60,0.7077,0.8453,R,L,YRFI,PASS,0,3,3,2026-04-25T23:47:08+00:00,,,,,,,,,,,,,,,,,,,,0.2703,0.3361,0.2268,0.3945,0.0515,0.1284,
2026-04-12,2026,823317,1,,COL,SD,4:10 PM ET,Kyle Freeland,Nick Pivetta,607536,601713,sm,sm,live,live,0.95,0.3256,0.4167,0.7423,,,,0.6488,0.3512,0.1706,0.8294,,,NRFI,STRONG,STRONG NRFI,4,2026-04-26T16:23:37Z,4.242,3.336,1.329,1.03,3.761,2.785,2.18,2.74,1.05,0.78,7.11,10.6,0.317,0.313,0.405,0.388,4.256,4.457,19.20,12.10,68.0,0,0.6000,0.8000,0.6000,0.7000,0.3049,0.2945,0.3795,0.4533,0.1506,0.2133,,,,,,,483569,0.5176,1.780,3.910,54,58,0.6780,0.6862,4.67,5.53,0.6857,0.6307,L,R,YRFI,LOSS,0,1,1,2026-04-25T23:47:08+00:00,,,,,,,,,,,,-1,,,,,,,,0.2945,0.2880,0.4533,0.3504,0.2133,0.1368,
2026-04-12,2026,823075,1,,BOS,STL,2:15 PM ET,Brayan Bello,Andre Pallante,678394,669467,ltd,ltd,live,live,0.97,0.5086,0.652,1.1606,,,,0.3623,0.6377,0.3231,0.6769,,,YRFI,STRONG,STRONG YRFI,4,2026-04-26T16:23:37Z,5.355,4.905,1.605,1.432,5.454,4.628,3.95,4.05,1.72,1.13,6.51,6.55,0.315,0.322,0.375,0.398,4.256,4.628,24.40,26.40,44.0,0,0.8000,0.4000,0.7000,0.7000,0.3665,0.2680,0.2980,0.2426,0.0795,0.0662,,,,,,,431232,0.4946,5.190,8.320,46,84,0.7272,0.6796,4.53,4.40,0.5737,0.8130,R,R,YRFI,WIN,2,0,2,2026-04-25T23:47:08+00:00,,,,,,,,,,,,0.909,,,,,,,,0.2605,0.3971,0.2547,0.2427,0.0849,0.0388,
2026-04-12,2026,824126,1,,CWS,KC,2:10 PM ET,Grant Taylor,Noah Cameron,691799,702070,sm,ltd,live,live,0.96,0.4583,0.359,0.8173,,,,0.3706,0.6294,0.1974,0.8026,,,YRFI,STRONG,STRONG YRFI,4,2026-04-26T16:23:37Z,4.102,3.835,1.259,1.266,2.725,4.387,3.05,2.92,0.62,1.39,11.1,7.63,0.319,0.310,0.394,0.385,4.256,4.113,21.00,19.60,82.0,0,0.8000,0.8000,0.5000,0.8000,0.3282,0.3125,0.3412,0.3673,0.0882,0.1769,,,,,,,521051,0.4691,7.040,2.240,36,73,0.6942,0.7136,5.80,1.00,0.8790,0.6443,R,L,NRFI,LOSS,0,0,0,2026-04-25T23:47:08+00:00,,,,,,,,,,,,-1,,,,,,,,0.2810,0.3158,0.2549,0.3613,0.0980,0.1092,
2026-04-12,2026,824696,1,,PIT,CHC,2:20 PM ET,Bubba Chandler,Jameson Taillon,696149,592791,ltd,ltd,live,live,1.0,0.5495,0.5847,1.1342,,,,0.4130,0.5870,0.3135,0.6865,,,YRFI,STRONG,STRONG YRFI,4,2026-04-26T16:23:37Z,4.426,4.032,1.292,1.157,4.391,5.153,3.83,2.73,1.21,1.93,8.53,7.41,0.326,0.342,0.392,0.428,4.804,5.137,25.10,33.40,37.0,0,1.0000,1.0000,0.8000,0.8333,0.3516,0.3616,0.4000,0.5065,0.1455,0.2338,,,,,,,484198,0.5395,4.600,5.290,66,39,0.7508,0.7136,5.93,5.07,0.8757,0.7253,R,R,YRFI,WIN,1,0,1,2026-04-25T23:47:08+00:00,,,,,,,,,,,,0.909,,,,,,,,0.4030,0.3587,0.5664,0.3625,0.2655,0.1000,
2026-04-12,2026,822828,1,,MIN,TOR,1:37 PM ET,Taj Bradley,Max Scherzer,671737,453286,ltd,sm,live,live,1.01,0.6336,0.492,1.1257,,,,0.4130,0.5870,0.3104,0.6896,,,YRFI,STRONG,STRONG YRFI,4,2026-04-26T16:23:37Z,4.065,6.383,1.299,1.382,3.942,5.823,3.5,3.02,1.14,2.3,8.84,7.56,0.323,0.332,0.391,0.398,4.685,4.213,,,,1,0.2000,0.8000,0.4000,0.8000,0.3471,0.3383,0.3987,0.2818,0.1242,0.0727,,,,,,,658292,0.4848,6.740,4.250,3,43,0.7510,0.7075,3.73,5.33,0.6330,0.7307,R,R,YRFI,WIN,0,1,1,2026-04-25T23:47:08+00:00,,,,,,,,,,,,0.909,,,,,,,,0.3265,0.3500,0.2892,0.4404,0.0843,0.1560,
2026-04-12,2026,823804,1,,WSH,MIL,2:10 PM ET,Zack Littell,Brandon Woodruff,641793,605540,ltd,ltd,live,live,1.03,0.4372,0.6794,1.1166,,,,0.5543,0.4457,0.307,0.693,,,PASS,NO EDGE,PASS - No edge,4,2026-04-26T16:23:37Z,5.253,3.708,1.327,1.044,6.212,3.718,2.06,2.23,2.59,1.25,5.94,9.11,0.326,0.326,0.405,0.373,5.134,4.726,,,,1,0.4000,1.0000,0.6000,0.8000,0.4030,0.3553,0.5229,0.5038,0.2569,0.2406,,,,,,,547380,0.5173,3.060,8.020,31,3,0.7613,0.7075,5.20,5.27,0.7303,0.7717,R,R,NRFI,PASS,0,0,0,2026-04-25T23:47:08+00:00,,,,,,,,,,,,,,,,,,,,0.3750,0.3858,0.5361,0.5054,0.2577,0.2581,
2026-04-12,2026,823642,1,,OAK,NYM,1:40 PM ET,Aaron Civale,Freddy Peralta,650644,642547,ltd,ltd,live,live,0.96,0.4127,0.428,0.8406,,,,0.4692,0.5308,0.2059,0.7941,,,PASS,NO EDGE,PASS - No edge,4,2026-04-26T16:23:37Z,4.408,3.234,1.283,1.138,4.147,3.562,2.76,3.49,1.26,1.09,7.77,10.27,0.316,0.302,0.4,0.37,4.375,3.848,9.00,16.40,66.0,0,0.6000,0.6000,0.8000,0.7000,0.2938,0.3313,0.3191,0.3944,0.1135,0.1620,,,,,,,482666,0.5220,3.570,4.190,78,26,0.7136,0.7272,4.40,5.13,0.8093,0.6507,R,R,NRFI,PASS,0,0,0,2026-04-25T23:47:08+00:00,,,,,,,,,,,,,,,,,,,,0.3178,0.2538,0.3451,0.3000,0.1239,0.1000,
2026-04-12,2026,823154,1,,HOU,SEA,4:10 PM ET,Cody Bolton,Logan Gilbert,675989,669302,sm,ltd,live,live,0.95,0.3708,0.4878,0.8586,,,,0.4733,0.5267,0.2124,0.7876,,,PASS,NO EDGE,PASS - No edge,4,2026-04-26T16:23:37Z,4.402,3.856,1.322,1.138,4.264,2.992,3.8,2.03,1.19,1.12,9.46,10.83,0.336,0.323,0.428,0.389,4.901,4.227,,,,1,0.4000,1.0000,0.5000,1.0000,0.3029,0.4463,0.3510,0.5612,0.1523,0.2590,,,,,,,623949,0.5484,3.750,4.190,79,35,0.7396,0.7136,5.53,4.33,0.8747,0.8467,R,R,YRFI,PASS,0,1,1,2026-04-25T23:47:08+00:00,,,,,,,,,,,,,,,,,,,,0.4154,0.3120,0.4904,0.3853,0.2115,0.1651,
2026-04-12,2026,824938,1,,CLE,ATL,7:20 PM ET,Tanner Bibee,Chris Sale,676440,519242,ltd,ltd,live,live,0.98,0.3489,0.5586,0.9075,,,,0.4703,0.5297,0.2303,0.7697,,,PASS,NO EDGE,PASS - No edge,4,2026-04-26T16:23:37Z,4.33,2.668,1.324,1.041,4.348,3.084,2.94,2.25,1.4,1.11,7.91,10.66,0.298,0.332,0.394,0.437,4.25,5.273,27.60,15.60,26.0,0,0.6000,0.8000,0.8000,0.9000,0.3632,0.3183,0.5284,0.3370,0.2500,0.1087,,,,,,,483630,0.5220,2.990,4.640,52,63,0.6942,0.7272,5.80,5.13,0.7033,0.8810,R,L,NRFI,PASS,0,0,0,2026-04-25T23:47:08+00:00,,,,,,,,,,,,,,,,,,,,0.3313,0.3869,0.3412,0.5667,0.1059,0.2667,
2026-04-12,2026,823479,1,,ARI,PHI,1:35 PM ET,Zac Gallen,Zach Pop,668678,647315,ltd,sm,live,live,1.04,0.4616,0.4663,0.9279,,,,0.4130,0.5870,0.2377,0.7623,,,YRFI,STRONG,STRONG YRFI,4,2026-04-26T16:23:37Z,4.131,4.122,1.301,1.226,4.057,3.97,2.74,3.12,1.12,1.02,7.05,8.7,0.309,0.306,0.413,0.384,4.555,3.97,16.10,17.40,42.0,0,,0.6000,,0.7000,0.3351,0.3728,0.4214,0.5083,0.1950,0.2250,,,,,,,605670,0.5573,,4.920,,9,0.7136,0.6909,,5.27,0.8163,0.8913,R,R,NRFI,LOSS,0,0,0,2026-04-25T23:47:08+00:00,,,,,,,,,,,,-1,,,,,,,,0.4026,0.3923,0.5556,0.5229,0.2556,0.2477,
2026-04-12,2026,824859,1,,SF,BAL,1:35 PM ET,Adrian Houser,Cade Povich,605288,700249,ltd,sm,live,live,1.06,0.463,0.5363,0.9993,,,,0.4493,0.5507,0.264,0.736,,,PASS,NO EDGE,PASS - No edge,4,2026-04-26T16:23:37Z,4.878,4.458,1.476,1.364,4.132,4.039,2.79,3.15,1.0,1.21,6.02,8.45,0.302,0.323,0.386,0.405,3.756,4.494,16.90,19.10,43.0,0,0.4000,0.4000,0.6000,0.5000,0.3490,0.3175,0.4699,0.4286,0.2169,0.1657,,,,,,,503490,0.5467,3.620,5.830,69,14,0.7136,0.7396,5.27,5.87,0.6590,0.7770,R,L,YRFI,PASS,0,2,2,2026-04-25T23:47:08+00:00,,,,,,,,,,,,,,,,,,,,0.3150,0.3669,0.4407,0.5500,0.1780,0.2750,
2026-04-12,2026,823966,1,,TEX,LAD,4:10 PM ET,Jacob deGrom,Roki Sasaki,594798,808963,ltd,ltd,live,live,0.97,0.5908,0.4375,1.0282,,,,0.3997,0.6003,0.2746,0.7254,,,YRFI,STRONG,STRONG YRFI,4,2026-04-26T16:23:37Z,2.646,5.018,0.978,1.485,3.428,5.449,2.16,4.29,1.39,1.84,10.78,8.54,0.315,0.343,0.398,0.452,4.256,5.232,18.10,17.10,49.0,0,0.6000,0.4000,0.6000,0.6000,0.4140,0.3669,0.5350,0.4966,0.2102,0.2207,,,,,,,605671,0.5497,6.020,2.990,79,86,0.7272,0.6942,4.73,5.33,0.8047,0.7743,R,R,YRFI,WIN,0,1,1,2026-04-25T23:47:08+00:00,,,,,,,,,,,,0.909,,,,,,,,0.3390,0.4420,0.4951,0.6121,0.2427,0.2500,
2026-04-12,2026,824533,1,,LAA,CIN,1:40 PM ET,JosÃ© Soriano,Andrew Abbott,667755,671096,ltd,ltd,live,live,1.09,0.5375,0.422,0.9594,,,,0.4130,0.5870,0.2493,0.7507,,,YRFI,STRONG,STRONG YRFI,4,2026-04-26T16:23:37Z,2.323,4.408,1.121,1.41,2.923,4.153,3.67,3.08,0.45,1.13,9.21,7.24,0.326,0.312,0.396,0.388,4.576,4.327,25.50,15.30,31.0,0,0.8000,0.8000,0.6000,0.7000,0.3249,0.3138,0.3235,0.4177,0.1059,0.1772,,,,,,,521251,0.4391,5.570,2.730,27,90,0.7136,0.7272,5.40,5.07,0.6420,0.6623,R,L,YRFI,WIN,3,0,3,2026-04-25T23:47:08+00:00,,,,,,,,,,,,0.909,,,,,,,,0.3044,0.3281,0.4037,0.3363,0.1560,0.0973,
2026-04-13,2026,823964,1,,NYM,LAD,10:10 PM ET,David Peterson,Justin Wrobleski,656849,680736,ltd,ltd,live,live,0.97,0.3141,0.5116,0.8258,,,,0.4493,0.5507,0.2005,0.7995,,,PASS,NO EDGE,PASS - No edge,4,2026-04-26T16:23:43Z,4.552,3.371,1.481,1.104,3.403,3.242,3.6,2.34,0.63,0.62,8.11,7.32,0.302,0.343,0.37,0.452,3.848,5.232,17.60,9.00,50.0,0,0.3333,0.2000,0.3333,0.5000,0.3874,0.3486,0.4395,0.3490,0.1656,0.1074,,,,,,,544728,0.4859,3.720,4.790,2,41,0.7136,0.7510,5.33,4.20,0.7360,0.8250,L,L,YRFI,PASS,0,1,1,2026-04-25T23:47:22+00:00,,,,,,,,,,,,,,,,,,,,0.3203,0.4044,0.3186,0.4685,0.0796,0.1712,
2026-04-13,2026,823400,1,,WSH,PIT,6:40 PM ET,PJ Poulin,Paul Skenes,676571,694973,sm,ltd,live,live,0.96,0.2872,0.5503,0.8375,,,,0.4130,0.5870,0.2048,0.7952,,,YRFI,STRONG,STRONG YRFI,4,2026-04-26T16:23:43Z,4.17,2.184,1.339,0.853,4.649,2.407,3.82,2.08,1.32,0.57,8.25,9.93,0.326,0.326,0.405,0.392,5.134,4.804,26.30,19.60,51.0,0,0.6000,1.0000,0.8000,1.0000,0.3125,0.3707,0.4412,0.5048,0.2500,0.2000,,,,,,,503493,0.5220,1.940,6.210,42,5,0.7136,0.7136,4.33,1.00,0.6390,0.3927,L,R,YRFI,WIN,1,0,1,2026-04-25T23:47:22+00:00,,,,,,,,,,,,0.909,,,,,,,,0.3824,0.2727,0.5275,0.2679,0.2198,0.1250,
2026-04-13,2026,823725,1,,BOS,MIN,7:40 PM ET,Garrett Crochet,Bailey Ober,676979,641927,ltd,ltd,live,live,0.97,0.4341,0.4237,0.8578,,,,0.4692,0.5308,0.2121,0.7879,,,PASS,NO EDGE,PASS - No edge,4,2026-04-26T16:23:43Z,4.18,4.584,1.219,1.238,3.276,4.274,2.57,2.44,1.24,1.4,11.15,7.48,0.315,0.323,0.375,0.391,4.256,4.685,17.30,17.40,75.0,0,0.8000,0.6000,0.8000,0.8000,0.3125,0.2679,0.2477,0.2365,0.0459,0.0676,,,,,,,691042,0.5084,3.880,4.860,24,43,0.7510,0.7272,4.93,6.27,0.5737,0.7827,L,R,YRFI,PASS,0,4,4,2026-04-25T23:47:22+00:00,,,,,,,,,,,,,,,,,,,,0.2683,0.2892,0.2661,0.2466,0.0917,0.0548,
2026-04-13,2026,823481,1,,CHC,PHI,6:40 PM ET,Javier Assad,Cristopher SÃ¡nchez,665871,650911,sm,ltd,live,live,1.04,0.3952,0.4894,0.8846,,,,0.3799,0.6201,0.2219,0.7781,,,YRFI,STRONG,STRONG YRFI,4,2026-04-26T16:23:43Z,5.174,2.7,1.315,1.305,4.373,2.5,2.93,2.3,1.17,0.66,7.02,10.45,0.342,0.306,0.428,0.384,5.137,3.97,26.00,21.30,41.0,0,0.8000,1.0000,0.9000,0.8750,0.3404,0.3049,0.4026,0.3099,0.2078,0.0986,,,,,,,608158,0.5142,3.290,5.390,83,3,0.7272,0.7272,5.80,5.27,0.8217,0.6990,R,L,YRFI,WIN,0,1,1,2026-04-25T23:47:22+00:00,,,,,,,,,,,,0.909,,,,,,,,0.3333,0.3611,0.4737,0.3793,0.2237,0.1724,
2026-04-13,2026,824937,1,,MIA,ATL,7:15 PM ET,Eury PÃ©rez,Grant Holmes,691587,656550,ltd,ltd,live,live,0.98,0.5257,0.5532,1.0789,,,,0.4692,0.5308,0.2932,0.7068,,,PASS,NO EDGE,PASS - No edge,4,2026-04-26T16:23:43Z,4.397,3.83,1.226,1.28,4.185,4.489,3.47,4.06,1.41,1.32,9.65,8.44,0.331,0.332,0.4,0.437,4.518,5.273,26.60,8.80,31.0,0,0.8000,0.4000,0.8000,0.5000,0.3611,0.3188,0.5211,0.3483,0.2421,0.1124,,,,,,,427248,0.5131,4.130,5.150,79,71,0.7272,0.6205,5.53,5.07,0.6493,0.8810,R,R,NRFI,PASS,0,0,0,2026-04-25T23:47:22+00:00,,,,,,,,,,,,,,,,,,,,0.3106,0.3714,0.3559,0.5600,0.1271,0.2640,
2026-04-13,2026,823153,1,,HOU,SEA,4:10 PM ET,Mike Burrows,George Kirby,681347,669923,ltd,ltd,live,live,0.95,0.3831,0.5087,0.8918,,,,0.4891,0.5109,0.2245,0.7755,,,PASS,NO EDGE,PASS - No edge,4,2026-04-26T16:23:43Z,4.981,3.597,1.43,1.116,4.399,3.398,3.16,2.07,1.57,1.0,9.26,8.25,0.336,0.323,0.428,0.389,4.901,4.227,,,,1,0.6000,0.6000,0.7000,0.7000,0.3000,0.4444,0.3374,0.5533,0.1411,0.2467,,,,,,,429805,0.5769,2.860,3.830,21,66,0.7309,0.7272,6.20,4.87,0.8747,0.8467,R,R,YRFI,PASS,0,3,3,2026-04-25T23:47:22+00:00,,,,,,,,,,,,,,,,,,,,0.4077,0.3071,0.4673,0.3761,0.1776,0.1651,
2026-04-13,2026,825024,1,,TEX,OAK,9:40 PM ET,Nathan Eovaldi,Luis Severino,543135,622663,ltd,ltd,live,live,0.93,0.4701,0.4081,0.8782,,,,0.3623,0.6377,0.2196,0.7804,,,YRFI,STRONG,STRONG YRFI,4,2026-04-26T16:23:43Z,3.541,4.816,1.127,1.414,3.931,4.199,1.93,4.22,1.51,1.01,8.94,7.92,0.315,0.316,0.398,0.4,4.256,4.375,17.20,15.30,61.0,0,0.6000,0.6000,0.7000,0.8000,0.3246,0.3333,0.2842,0.4330,0.0947,0.2165,,,,,,,483912,0.5511,5.320,4.700,37,68,0.7613,0.7412,4.93,5.73,0.7813,0.5270,R,R,YRFI,WIN,3,0,3,2026-04-25T23:47:22+00:00,,,,,,,,,,,,0.909,,,,,,,,0.2738,0.3270,0.3562,0.3663,0.1781,0.1386,
2026-04-13,2026,823073,1,,CLE,STL,7:45 PM ET,Gavin Williams,Matthew Liberatore,668909,669461,ltd,ltd,live,live,0.97,0.5154,0.5465,1.0619,,,,0.4493,0.5507,0.287,0.713,,,PASS,NO EDGE,PASS - No edge,4,2026-04-26T16:23:43Z,3.163,4.442,1.186,1.413,4.368,4.976,4.65,2.77,1.38,1.67,10.22,6.58,0.298,0.322,0.394,0.398,4.25,4.628,27.90,22.30,55.0,0,0.8000,1.0000,0.7000,0.9000,0.3645,0.3263,0.3148,0.3625,0.0926,0.1250,,,,,,,427554,0.4835,5.790,4.100,12,80,0.7136,0.7272,5.40,5.73,0.7360,0.8130,R,L,YRFI,PASS,1,1,2,2026-04-25T23:47:22+00:00,,,,,,,,,,,,,,,,,,,,0.3657,0.3750,0.3981,0.2547,0.1553,0.0566,
2026-04-13,2026,823563,1,,LAA,NYY,7:05 PM ET,Yusei Kikuchi,Will Warren,579328,701542,ltd,ltd,live,live,1.02,0.4379,0.5742,1.0121,,,,0.3961,0.6039,0.2687,0.7313,,,YRFI,STRONG,STRONG YRFI,4,2026-04-26T16:23:43Z,4.923,3.631,1.491,1.274,3.908,3.386,3.86,2.92,1.09,1.07,9.27,10.02,0.326,0.328,0.396,0.425,4.576,4.97,27.20,19.90,37.0,0,0.8000,0.8000,0.8000,0.7000,0.3159,0.3649,0.3333,0.4335,0.1319,0.2023,,,,,,,596809,0.5038,3.490,4.920,30,58,0.7396,0.7424,5.00,5.07,0.8173,0.7140,L,R,YRFI,WIN,0,2,2,2026-04-25T23:47:22+00:00,,,,,,,,,,,,0.909,,,,,,,,0.3261,0.3254,0.3504,0.3125,0.1368,0.1146,
2026-04-13,2026,824856,1,,ARI,BAL,6:35 PM ET,Ryne Nelson,Dean Kremer,669194,665152,ltd,sm,live,live,1.06,0.4801,0.5162,0.9963,,,,0.4130,0.5870,0.2629,0.7371,,,YRFI,STRONG,STRONG YRFI,4,2026-04-26T16:23:43Z,4.591,4.168,1.198,1.145,4.093,4.237,2.94,2.21,1.26,1.61,8.12,8.68,0.309,0.323,0.413,0.405,4.555,4.494,27.40,18.50,36.0,0,0.4000,0.6000,0.6000,0.8000,0.3575,0.3190,0.4693,0.4037,0.2067,0.1801,,,,,,,639723,0.5480,4.100,5.220,94,41,0.7136,0.7272,4.60,5.20,0.7103,0.7770,R,R,YRFI,WIN,1,0,1,2026-04-25T23:47:22+00:00,,,,,,,,,,,,0.909,,,,,,,,0.3330,0.3643,0.3960,0.5042,0.1683,0.2437,
2026-04-14,2026,823965,1,,NYM,LAD,10:10 PM ET,Nolan McLean,Yoshinobu Yamamoto,690997,808967,ltd,ltd,live,live,0.97,0.2942,0.4072,0.7014,,,,0.4789,0.5211,0.1563,0.8437,,,PASS,NO EDGE,PASS - No edge,4,2026-04-26T16:23:52Z,3.055,2.486,0.992,0.945,3.039,2.935,2.74,2.32,0.84,0.78,10.37,9.28,0.302,0.343,0.37,0.452,3.848,5.232,21.40,16.50,53.0,0,1.0000,0.6000,0.9000,0.7000,0.3873,0.3232,0.4217,0.3118,0.1566,0.1000,,,,,,,427537,0.4944,3.640,2.280,76,69,0.7272,0.7136,5.87,5.40,0.6573,0.7353,R,R,YRFI,PASS,1,1,2,2026-04-25T23:47:42+00:00,,,,,,,,,,,,,,,,,,,,0.2748,0.4234,0.3033,0.4771,0.0820,0.1743,
2026-04-14,2026,823315,1,,SEA,SD,9:40 PM ET,Bryan Woo,Michael King,693433,650633,ltd,ltd,live,live,0.95,0.4209,0.3528,0.7737,,,,0.5543,0.4457,0.1818,0.8182,,,PASS,NO EDGE,PASS - No edge,4,2026-04-26T16:23:52Z,3.369,3.147,0.991,1.179,3.457,3.807,1.65,3.73,1.15,0.95,8.34,8.95,0.323,0.313,0.389,0.388,4.227,4.457,21.10,15.70,52.0,0,1.0000,1.0000,0.7000,0.8000,0.3149,0.3137,0.4157,0.3580,0.1742,0.1420,,,,,,,489985,0.4845,3.620,3.640,62,36,0.7272,0.6942,4.87,5.80,0.8467,0.6907,R,R,NRFI,PASS,0,0,0,2026-04-25T23:47:42+00:00,,,,,,,,,,,,,,,,,,,,0.3203,0.2977,0.3874,0.3879,0.1532,0.1638,
2026-04-14,2026,823802,1,,TOR,MIL,7:40 PM ET,Kevin Gausman,Jacob Misiorowski,592332,694819,ltd,ltd,live,live,1.03,0.4346,0.3683,0.8029,,,,0.6620,0.3380,0.1922,0.8078,,,NRFI,STRONG,STRONG NRFI,4,2026-04-26T16:23:52Z,3.114,3.852,1.004,1.18,2.971,3.328,1.96,3.66,0.88,1.13,9.26,12.19,0.332,0.326,0.398,0.373,4.213,4.726,,,,1,0.4000,0.8000,0.6000,0.8000,0.3792,0.3676,0.4621,0.4217,0.2069,0.1265,,,,,,,482663,0.5317,3.040,2.990,97,77,0.7136,0.7396,5.00,5.33,0.7307,0.7597,R,R,NRFI,WIN,0,0,0,2026-04-25T23:47:42+00:00,,,,,,,,,,,,0.909,,,,,,,,0.3689,0.3648,0.4685,0.4486,0.1622,0.1963,
2026-04-14,2026,823723,1,,BOS,MIN,7:40 PM ET,Sonny Gray,Mick Abel,543243,690953,ltd,ltd,live,live,0.97,0.4389,0.4267,0.8656,,,,0.4335,0.5665,0.215,0.785,,,PASS,NO EDGE,PASS - No edge,4,2026-04-26T16:23:52Z,4.287,4.566,1.256,1.414,3.675,3.738,1.92,3.64,1.22,0.94,8.23,9.39,0.315,0.323,0.375,0.391,4.256,4.685,17.10,3.40,67.0,0,1.0000,0.8000,0.9000,0.8000,0.3006,0.3203,0.3355,0.2734,0.1184,0.0859,,,,,,,483561,0.5039,5.020,5.640,72,13,0.7136,0.7396,4.13,5.67,0.6557,0.6993,R,R,YRFI,PASS,0,1,1,2026-04-25T23:47:42+00:00,,,,,,,,,,,,,,,,,,,,0.3727,0.3248,0.3483,0.3663,0.1236,0.1386,
2026-04-14,2026,825022,1,,TEX,OAK,9:40 PM ET,MacKenzie Gore,Jeffrey Springs,669022,605488,ltd,ltd,live,live,0.93,0.423,0.4687,0.8917,,,,0.4891,0.5109,0.2245,0.7755,,,PASS,NO EDGE,PASS - No edge,4,2026-04-26T16:23:52Z,4.249,3.96,1.324,1.116,3.756,4.356,3.94,2.83,1.27,1.38,11.22,7.57,0.315,0.316,0.398,0.4,4.256,4.375,17.00,18.10,58.0,0,1.0000,0.8000,0.8000,0.6000,0.3163,0.3299,0.3876,0.4046,0.1404,0.1561,,,,,,,573597,0.4761,2.930,4.600,52,63,0.7613,0.6796,5.47,4.73,0.5653,0.8010,L,L,YRFI,PASS,1,0,1,2026-04-25T23:47:42+00:00,,,,,,,,,,,,,,,,,,,,0.2810,0.3383,0.3394,0.3583,0.1284,0.0917,
2026-04-14,2026,823072,1,,CLE,STL,7:45 PM ET,Joey Cantillo,Michael McGreevy,676282,700241,ltd,ltd,live,live,0.97,0.4032,0.4859,0.8891,,,,0.3963,0.6037,0.2235,0.7765,,,YRFI,STRONG,STRONG YRFI,4,2026-04-26T16:23:52Z,3.478,3.937,1.285,1.113,3.749,4.284,3.82,1.93,1.08,1.22,10.04,5.7,0.298,0.322,0.394,0.398,4.25,4.628,29.70,23.70,52.0,0,0.6000,0.8000,0.5000,0.9000,0.3578,0.3367,0.3164,0.4407,0.0904,0.1921,,,,,,,577468,0.4946,6.130,3.850,6,62,0.7136,0.7136,5.27,4.93,0.6943,0.6677,L,R,YRFI,WIN,1,1,2,2026-04-25T23:47:42+00:00,,,,,,,,,,,,0.909,,,,,,,,0.3707,0.3750,0.4135,0.2778,0.1538,0.0648,
2026-04-14,2026,824210,1,,COL,HOU,8:10 PM ET,Michael Lorenzen,Spencer Arrighetti,547179,681293,ltd,sm,live,live,0.99,0.4895,0.5571,1.0465,,,,0.4154,0.5846,0.2814,0.7186,,,YRFI,STRONG,STRONG YRFI,4,2026-04-26T16:23:52Z,5.19,4.086,1.545,1.332,4.35,4.168,2.25,4.25,1.46,1.02,7.26,9.06,0.317,0.336,0.405,0.428,4.256,4.901,,,,1,0.6000,0.6000,0.7143,0.7000,0.4328,0.3197,0.5280,0.4630,0.2298,0.2037,,,,,,,427128,0.4785,4.990,5.610,82,21,0.7136,0.7309,5.13,5.27,0.9080,0.8747,R,R,YRFI,WIN,1,0,1,2026-04-25T23:47:42+00:00,,,,,,,,,,,,0.909,,,,,,,,0.3124,0.4000,0.4643,0.4486,0.2143,0.1682,
2026-04-14,2026,823562,1,,LAA,NYY,7:05 PM ET,Reid Detmers,Ryan Weathers,672282,677960,ltd,ltd,live,live,1.02,0.459,0.4516,0.9106,,,,0.3973,0.6027,0.2314,0.7686,,,YRFI,STRONG,STRONG YRFI,4,2026-04-26T16:23:52Z,4.076,3.715,1.195,1.242,3.195,3.875,2.99,2.59,0.86,1.35,10.08,9.75,0.326,0.328,0.396,0.425,4.576,4.97,29.50,22.40,36.0,0,0.8000,0.6667,0.8000,0.6667,0.2947,0.3728,0.4490,0.4536,0.2245,0.1907,,,,,,,605674,0.5127,4.600,2.930,64,67,0.7136,0.7272,4.93,5.22,0.9003,0.8503,L,L,YRFI,WIN,3,0,3,2026-04-25T23:47:42+00:00,,,,,,,,,,,,0.909,,,,,,,,0.3504,0.3342,0.4628,0.5100,0.1983,0.2600,
2026-04-14,2026,824935,1,,MIA,ATL,7:15 PM ET,Max Meyer,Reynaldo LÃ³pez,676974,625643,ltd,ltd,live,live,0.98,0.5146,0.5262,1.0408,,,,0.4493,0.5507,0.2793,0.7207,,,PASS,NO EDGE,PASS - No edge,4,2026-04-26T16:23:52Z,4.282,4.041,1.302,1.312,3.871,4.554,3.3,3.58,1.17,1.37,9.56,8.76,0.331,0.332,0.4,0.437,4.518,5.273,27.80,8.60,29.0,0,0.5000,0.4000,0.5000,0.4000,0.3636,0.3383,0.5074,0.3737,0.2266,0.1211,,,,,,,676581,0.5084,4.890,4.420,18,68,0.7272,0.6942,5.17,4.60,0.6493,0.8810,R,R,YRFI,PASS,1,0,1,2026-04-25T23:47:42+00:00,,,,,,,,,,,,,,,,,,,,0.3407,0.3696,0.3782,0.5203,0.1261,0.2276,
2026-04-14,2026,823478,1,,CHC,PHI,6:40 PM ET,Riley Martin,Aaron Nola,702303,605400,sm,ltd,live,live,1.04,0.5691,0.4493,1.0185,,,,0.3975,0.6025,0.271,0.729,,,YRFI,STRONG,STRONG YRFI,4,2026-04-26T16:23:52Z,3.856,5.398,1.181,1.38,3.994,4.23,2.87,3.02,1.19,1.52,9.27,9.5,0.342,0.306,0.428,0.384,5.137,3.97,29.00,17.70,38.0,0,0.6000,,0.6000,,0.3619,0.3155,0.4889,0.3277,0.2333,0.1073,,,,,,,427533,0.5151,4.860,,63,,0.7709,0.7136,6.13,,0.6743,0.6507,L,R,NRFI,LOSS,0,0,0,2026-04-25T23:47:42+00:00,,,,,,,,,,,,-1,,,,,,,,0.2923,0.4297,0.2655,0.6075,0.0619,0.2897,
2026-04-14,2026,824616,1,,TB,CWS,7:40 PM ET,Shane McClanahan,Noah Schultz,663556,702273,ltd,sm,live,live,0.98,0.4665,0.4607,0.9272,,,,0.4657,0.5343,0.2375,0.7625,,,PASS,NO EDGE,PASS - No edge,4,2026-04-26T16:23:52Z,4.094,4.014,1.254,1.212,3.83,3.971,3.76,3.65,0.9,1.03,9.22,9.4,0.328,0.319,0.4,0.394,4.75,4.256,25.60,22.50,67.0,0,,1.0000,,1.0000,0.3104,0.3610,0.3439,0.4571,0.1656,0.1829,,,,,,,605673,0.4897,3.290,4.330,60,51,0.7136,0.7136,,4.33,0.8507,0.8790,L,L,YRFI,PASS,3,0,3,2026-04-25T23:47:42+00:00,,,,,,,,,,,,,,,,,,,,0.3030,0.2901,0.4035,0.2277,0.1842,0.0891,
2026-04-14,2026,824531,1,,SF,CIN,6:40 PM ET,Robbie Ray,Brady Singer,592662,663903,ltd,ltd,live,live,1.09,0.4755,0.5277,1.0032,,,,0.4066,0.5934,0.2654,0.7346,,,YRFI,STRONG,STRONG YRFI,4,2026-04-26T16:23:52Z,3.22,4.425,1.178,1.4,4.006,4.142,3.7,2.76,1.21,1.24,9.34,7.5,0.302,0.312,0.386,0.388,3.756,4.327,27.60,22.30,50.0,0,0.8000,0.8000,0.5000,0.8000,0.3436,0.3317,0.4028,0.4389,0.1458,0.1556,,,,,,,607884,0.5403,5.320,4.480,23,68,0.7396,0.7396,4.07,5.20,0.7187,0.8473,L,R,NRFI,LOSS,0,0,0,2026-04-25T23:47:42+00:00,,,,,,,,,,,,-1,,,,,,,,0.3732,0.3462,0.5043,0.4255,0.1826,0.1489,
2026-04-14,2026,824853,1,,ARI,BAL,6:35 PM ET,Merrill Kelly,Trevor Rogers,518876,669432,sm,ltd,live,live,1.06,0.3968,0.5974,0.9942,,,,0.3623,0.6377,0.2621,0.7379,,,YRFI,STRONG,STRONG YRFI,4,2026-04-26T16:23:52Z,4.606,3.195,1.335,1.154,4.687,3.176,3.2,2.68,1.65,0.7,8.13,8.33,0.309,0.323,0.413,0.405,4.555,4.494,30.40,11.70,31.0,0,0.8000,0.6000,0.8000,0.6000,0.3575,0.3626,0.4869,0.4861,0.2251,0.2083,,,,,,,482620,0.6177,3.670,13.640,59,80,0.7396,0.6796,5.60,5.27,1.1477,0.7770,R,L,NRFI,LOSS,0,0,0,2026-04-25T23:47:42+00:00,,,,,,,,,,,,-1,,,,,,,,0.3740,0.3669,0.4706,0.5462,0.1863,0.2857,
2026-04-14,2026,823398,1,,WSH,PIT,6:40 PM ET,PJ Poulin,Mitch Keller,676571,656605,sm,ltd,live,live,0.96,0.4048,0.5503,0.9551,,,,0.4692,0.5308,0.2477,0.7523,,,PASS,NO EDGE,PASS - No edge,4,2026-04-26T16:23:52Z,4.17,3.726,1.339,1.209,4.649,3.433,3.82,2.75,1.32,0.7,8.25,7.18,0.326,0.326,0.405,0.392,5.134,4.804,20.90,2.50,82.0,0,0.8000,1.0000,0.8000,1.0000,0.4021,0.3664,0.5185,0.4741,0.2037,0.1897,,,,,,,596805,0.4819,3.830,6.210,33,5,0.6780,0.7136,5.33,1.00,0.5987,0.7953,L,R,YRFI,PASS,3,1,4,2026-04-25T23:47:42+00:00,,,,,,,,,,,,,,,,,,,,0.3458,0.4462,0.4255,0.5140,0.1702,0.1682,
2026-04-14,2026,824292,1,,KC,DET,6:40 PM ET,Cole Ragans,Framber Valdez,666142,664285,ltd,ltd,live,live,0.98,0.3974,0.5572,0.9546,,,,0.4692,0.5308,0.2475,0.7525,,,PASS,NO EDGE,PASS - No edge,4,2026-04-26T16:23:52Z,4.665,3.545,1.321,1.272,4.377,3.44,4.19,3.42,1.6,0.62,11.42,7.65,0.310,0.326,0.385,0.409,4.113,4.436,24.70,11.40,58.0,0,0.6000,0.6000,0.6000,0.7000,0.3782,0.3609,0.4226,0.3681,0.1310,0.1042,,,,,,,484183,0.5086,3.940,5.390,14,86,0.7075,0.7272,5.73,4.00,1.0287,0.6773,L,L,NRFI,PASS,0,0,0,2026-04-25T23:47:42+00:00,,,,,,,,,,,,,,,,,,,,0.3565,0.3440,0.3939,0.4107,0.1414,0.1339,
2026-04-15,2026,823561,1,,LAA,NYY,7:05 PM ET,Jack Kochanowicz,Luis Gil,686799,661563,ltd,sm,live,live,1.02,0.583,0.6807,1.2637,,,,0.3623,0.6377,0.3603,0.6397,,,YRFI,STRONG,STRONG YRFI,4,2026-04-26T16:24:01Z,5.137,3.872,1.514,1.28,4.988,5.068,4.87,4.25,1.1,1.38,6.0,7.09,0.326,0.328,0.396,0.425,4.576,4.97,31.20,12.00,37.0,0,0.8000,0.6000,0.9000,0.5000,0.3747,0.3475,0.5669,0.4467,0.3071,0.2234,,,,,,,427013,0.5040,6.290,5.260,13,34,0.7272,0.7396,5.13,4.60,0.8173,0.7630,R,R,YRFI,WIN,0,1,1,2026-04-25T23:48:04+00:00,,,,,,,,,,,,0.909,,,,,,,,0.2958,0.3750,0.4032,0.5000,0.2016,0.2564,
2026-04-15,2026,823963,1,,NYM,LAD,10:10 PM ET,Clay Holmes,Shohei Ohtani,605280,660271,ltd,ltd,live,live,0.97,0.2841,0.5072,0.7913,,,,0.6413,0.3587,0.1881,0.8119,,,NRFI,STRONG,STRONG NRFI,4,2026-04-26T16:24:01Z,2.917,2.442,1.184,1.011,3.965,2.716,3.34,2.41,0.82,0.6,6.46,9.81,0.302,0.343,0.37,0.452,3.848,5.232,23.20,16.00,46.0,0,1.0000,0.8000,0.9000,0.7000,0.3493,0.3058,0.3989,0.3260,0.1366,0.1050,,,,,,,554242,0.4415,2.010,4.220,86,35,0.7136,0.7136,5.33,5.60,0.6217,0.7630,R,R,NRFI,WIN,0,0,0,2026-04-25T23:48:04+00:00,,,,,,,,,,,,0.909,,,,,,,,0.2500,0.4062,0.2957,0.3679,0.0870,0.0755,
2026-04-15,2026,824209,1,,COL,HOU,8:10 PM ET,Jose Quintana,Spencer Arrighetti,500779,681293,sm,sm,live,live,0.99,0.4895,0.6694,1.1589,,,,0.4692,0.5308,0.3225,0.6775,,,PASS,NO EDGE,PASS - No edge,4,2026-04-26T16:24:01Z,4.517,4.086,1.427,1.332,5.379,4.168,4.12,4.25,1.44,1.02,5.29,9.06,0.317,0.336,0.405,0.428,4.256,4.901,,,,1,0.6000,0.8000,0.7143,0.6000,0.4000,0.3228,0.4819,0.3944,0.1988,0.1479,,,,,,,521889,0.4806,4.990,5.320,82,21,0.7136,0.6796,5.13,5.00,0.7437,1.0277,L,R,YRFI,PASS,0,2,2,2026-04-25T23:48:04+00:00,,,,,,,,,,,,,,,,,,,,0.3711,0.3969,0.4588,0.4636,0.1765,0.1818,
2026-04-15,2026,823314,1,,SEA,SD,9:40 PM ET,Emerson Hancock,Randy VÃ¡squez,676106,681190,ltd,ltd,live,live,0.95,0.3955,0.4497,0.8452,,,,0.4692,0.5308,0.2075,0.7925,,,PASS,NO EDGE,PASS - No edge,4,2026-04-26T16:24:01Z,3.941,3.03,1.15,1.221,4.351,3.679,2.33,3.12,1.5,0.77,7.82,7.05,0.323,0.313,0.389,0.388,4.227,4.457,20.70,15.90,69.0,0,0.8000,0.6000,0.9000,0.6000,0.3316,0.3102,0.4706,0.3405,0.2032,0.1351,,,,,,,427344,0.4727,4.330,4.480,69,34,0.7136,0.6942,5.40,5.53,0.8467,0.7437,R,R,NRFI,PASS,0,0,0,2026-04-25T23:48:04+00:00,,,,,,,,,,,,,,,,,,,,0.3040,0.3749,0.3704,0.5263,0.1574,0.2281,
2026-04-15,2026,824855,1,,ARI,BAL,12:35 PM ET,Eduardo Rodriguez,Kyle Bradish,593958,680694,ltd,ltd,live,live,1.06,0.4885,0.6152,1.1037,,,,0.4489,0.5511,0.3023,0.6977,,,PASS,NO EDGE,PASS - No edge,4,2026-04-26T16:24:01Z,4.143,3.834,1.449,1.41,4.701,3.607,3.65,3.62,1.39,0.96,7.3,10.06,0.309,0.323,0.413,0.405,4.555,4.494,30.40,12.20,37.0,0,0.8000,0.6000,0.6667,0.7000,0.3489,0.3205,0.4631,0.4254,0.2118,0.1934,,,,,,,483630,0.5220,4.420,4.950,44,7,0.7136,0.7510,4.73,6.00,0.7103,0.7427,L,R,NRFI,PASS,0,0,0,2026-04-25T23:48:04+00:00,,,,,,,,,,,,,,,,,,,,0.3252,0.3406,0.4057,0.4790,0.1698,0.2437,
2026-04-15,2026,823477,1,,CHC,PHI,6:40 PM ET,Shota Imanaga,JesÃºs Luzardo,684007,666200,ltd,ltd,live,live,1.04,0.4551,0.4,0.8551,,,,0.4493,0.5507,0.2111,0.7889,,,PASS,NO EDGE,PASS - No edge,4,2026-04-26T16:24:01Z,3.074,5.128,0.877,1.349,3.992,2.928,1.72,2.88,1.51,0.87,8.41,10.75,0.342,0.306,0.428,0.384,5.137,3.97,30.10,13.90,38.0,0,1.0000,0.4000,0.8000,0.4000,0.3725,0.3556,0.4971,0.3742,0.2370,0.1097,,,,,,,427129,0.4611,4.070,2.930,88,85,0.7510,0.7272,6.27,5.33,0.9217,0.5527,L,L,YRFI,PASS,0,1,1,2026-04-25T23:48:04+00:00,,,,,,,,,,,,,,,,,,,,0.3559,0.4034,0.3398,0.5152,0.0680,0.2323,
2026-04-15,2026,823803,1,,TOR,MIL,7:40 PM ET,Dylan Cease,Chad Patrick,656302,694477,ltd,ltd,live,live,1.03,0.4403,0.4534,0.8937,,,,0.6402,0.3598,0.2252,0.7748,,,NRFI,STRONG,STRONG NRFI,4,2026-04-26T16:24:01Z,3.603,3.102,1.315,1.273,2.599,3.734,4.27,3.06,0.69,0.91,13.14,7.66,0.332,0.326,0.398,0.373,4.213,4.726,,,,1,1.0000,0.6000,0.8000,0.7000,0.3906,0.3926,0.4562,0.4676,0.1875,0.1799,,,,,,,427197,0.5268,4.020,2.690,32,98,0.7136,0.7075,4.20,5.13,0.6467,0.7597,R,R,YRFI,LOSS,1,0,1,2026-04-25T23:48:04+00:00,,,,,,,,,,,,-1,,,,,,,,0.4071,0.3786,0.5714,0.4144,0.2551,0.1532,
2026-04-15,2026,823071,1,,CLE,STL,1:15 PM ET,Slade Cecconi,Dustin May,677944,669160,ltd,ltd,live,live,0.97,0.4777,0.5622,1.0398,,,,0.4692,0.5308,0.2789,0.7211,,,PASS,NO EDGE,PASS - No edge,4,2026-04-26T16:24:01Z,5.016,5.296,1.337,1.467,4.947,4.238,3.04,3.08,1.72,1.31,7.43,8.02,0.298,0.322,0.394,0.398,4.25,4.628,22.30,17.60,79.0,0,0.6000,0.8000,0.7000,0.9000,0.3609,0.3272,0.3670,0.4346,0.1330,0.1937,,,,,,,623945,0.5123,4.360,5.610,4,29,0.7136,0.6796,4.60,5.33,0.6943,0.8130,R,R,YRFI,PASS,1,0,1,2026-04-25T23:48:04+00:00,,,,,,,,,,,,,,,,,,,,0.3535,0.3768,0.4182,0.3694,0.1727,0.1441,
2026-04-15,2026,823399,1,,WSH,PIT,6:40 PM ET,Jake Irvin,Mason Montgomery,663623,682254,ltd,sm,live,live,0.96,0.4941,0.5527,1.0468,,,,0.4692,0.5308,0.2815,0.7185,,,PASS,NO EDGE,PASS - No edge,4,2026-04-26T16:24:01Z,5.341,4.591,1.325,1.424,4.733,3.631,3.22,4.09,1.62,1.11,8.01,11.69,0.326,0.326,0.405,0.392,5.134,4.804,28.00,19.80,45.0,0,,0.6000,,0.6000,0.3927,0.3557,0.5798,0.4444,0.2819,0.1754,,,,,,,428442,0.5176,3.570,4.570,91,59,0.7136,0.7136,,5.07,0.7370,0.8757,R,L,YRFI,PASS,0,2,2,2026-04-25T23:48:04+00:00,,,,,,,,,,,,,,,,,,,,0.3740,0.4307,0.4766,0.5664,0.1963,0.2478,
2026-04-15,2026,824936,1,,MIA,ATL,7:15 PM ET,Chris Paddack,Bryce Elder,663978,693821,ltd,ltd,live,live,0.98,0.4169,0.583,0.9999,,,,0.4493,0.5507,0.2642,0.7358,,,PASS,NO EDGE,PASS - No edge,4,2026-04-26T16:24:01Z,5.741,3.69,1.381,1.188,4.763,3.698,2.16,2.7,1.81,0.95,7.5,7.55,0.331,0.332,0.4,0.437,4.518,5.273,28.20,10.70,36.0,0,0.8000,0.6000,0.9000,0.6000,0.3621,0.3514,0.5047,0.4121,0.2243,0.1357,,,,,,,644760,0.6254,2.860,3.830,29,45,0.7075,0.7136,6.33,4.60,0.7533,0.8810,R,R,NRFI,PASS,0,0,0,2026-04-25T23:48:04+00:00,,,,,,,,,,,,,,,,,,,,0.3538,0.3768,0.3805,0.5164,0.1150,0.2213,
2026-04-15,2026,823722,1,,BOS,MIN,1:40 PM ET,Connelly Early,Simeon Woods Richardson,813349,680573,ltd,ltd,live,live,0.97,0.5227,0.4893,1.012,,,,0.4891,0.5109,0.2686,0.7314,,,PASS,NO EDGE,PASS - No edge,4,2026-04-26T16:24:01Z,3.692,4.789,1.277,1.387,4.038,4.95,3.65,3.63,1.02,1.53,8.8,7.12,0.315,0.323,0.375,0.391,4.256,4.685,20.20,4.10,42.0,0,0.8000,0.8000,0.9000,0.8571,0.3398,0.3806,0.2771,0.3740,0.0964,0.1069,,,,,,,623946,0.4271,4.790,5.050,8,32,0.7272,0.7136,5.33,4.53,0.6510,0.7627,L,R,YRFI,PASS,0,1,1,2026-04-25T23:48:04+00:00,,,,,,,,,,,,,,,,,,,,0.4182,0.3095,0.3778,0.2857,0.0889,0.1143,
2026-04-15,2026,825021,1,,TEX,OAK,9:40 PM ET,Kumar Rocker,J.T. Ginn,677958,669372,ltd,ltd,live,live,0.93,0.4641,0.4701,0.9341,,,,0.4130,0.5870,0.24,0.76,,,YRFI,STRONG,STRONG YRFI,4,2026-04-26T16:24:01Z,4.505,4.473,1.345,1.238,4.194,4.597,3.27,3.18,1.22,1.62,8.39,8.8,0.315,0.316,0.398,0.4,4.256,4.375,18.30,20.00,60.0,0,0.6000,0.6000,0.5000,0.8000,0.3690,0.3077,0.4476,0.4355,0.1888,0.1989,,,,,,,664263,0.5650,3.340,4.360,51,41,0.7075,0.6796,4.60,5.00,0.7787,0.9620,R,R,YRFI,WIN,0,1,1,2026-04-25T23:48:04+00:00,,,,,,,,,,,,0.909,,,,,,,,0.2742,0.3966,0.4018,0.4021,0.1964,0.1237,
2026-04-15,2026,824615,1,,TB,CWS,7:40 PM ET,Jesse Scholtens,Sean Burke,669947,680732,sm,ltd,live,live,0.98,0.5207,0.4229,0.9437,,,,0.4692,0.5308,0.2435,0.7565,,,PASS,NO EDGE,PASS - No edge,4,2026-04-26T16:24:01Z,3.852,4.173,1.176,1.353,3.826,4.404,2.67,3.51,1.03,1.34,8.58,8.12,0.328,0.319,0.4,0.394,4.75,4.256,21.90,19.60,73.0,0,0.4000,,0.5000,,0.2737,0.3774,0.2444,0.4058,0.0815,0.0942,,,,,,,503077,0.5258,3.750,3.960,11,16,0.6942,0.7136,4.20,,0.6327,0.6427,R,R,NRFI,PASS,0,0,0,2026-04-25T23:48:04+00:00,,,,,,,,,,,,,,,,,,,,0.3374,0.2819,0.4062,0.2258,0.1146,0.0753,
2026-04-15,2026,824532,1,,SF,CIN,6:40 PM ET,Tyler Mahle,Rhett Lowder,641816,695076,ltd,ltd,live,live,1.09,0.4177,0.5762,0.9939,,,,0.4130,0.5870,0.262,0.738,,,YRFI,STRONG,STRONG YRFI,4,2026-04-26T16:24:01Z,3.719,3.738,1.332,1.204,4.435,3.796,3.79,2.91,1.27,0.83,8.16,7.51,0.302,0.312,0.386,0.388,3.756,4.327,27.70,13.20,47.0,0,0.6667,0.6000,0.6667,0.7000,0.3288,0.3607,0.3298,0.4970,0.1117,0.1856,,,,,,,511890,0.5521,4.070,5.720,20,33,0.7136,0.7136,5.44,4.87,0.7463,0.6623,R,R,YRFI,WIN,0,4,4,2026-04-25T23:48:04+00:00,,,,,,,,,,,,0.909,,,,,,,,0.4097,0.3411,0.5909,0.3393,0.2364,0.0982,
2026-04-15,2026,824291,1,,KC,DET,6:40 PM ET,Seth Lugo,Jack Flaherty,607625,656427,ltd,ltd,live,live,0.98,0.5393,0.4471,0.9864,,,,0.4413,0.5587,0.2592,0.7408,,,PASS,NO EDGE,PASS - No edge,4,2026-04-26T16:24:01Z,2.838,4.906,1.133,1.457,3.766,4.434,3.19,5.07,0.94,1.34,7.91,10.33,0.310,0.326,0.385,0.409,4.113,4.436,20.50,13.90,85.0,0,1.0000,1.0000,0.9000,0.7000,0.3713,0.3243,0.4057,0.3177,0.1257,0.0781,,,,,,,596740,0.5740,5.460,4.300,46,17,0.7396,0.7597,4.67,5.07,0.6443,0.8453,R,R,NRFI,PASS,0,0,0,2026-04-25T23:48:04+00:00,,,,,,,,,,,,,,,,,,,,0.3083,0.3443,0.3445,0.3832,0.1092,0.1215,
2026-04-16,2026,824289,1,,KC,DET,1:10 PM ET,Kris Bubic,Keider Montero,663460,672456,ltd,ltd,live,live,0.98,0.3847,0.4197,0.8045,,,,0.5795,0.4205,0.1928,0.8072,,,NRFI,STRONG,STRONG NRFI,4,2026-04-26T16:24:08Z,3.214,4.098,1.157,1.197,3.233,3.685,3.49,2.42,0.68,0.97,9.1,7.52,0.310,0.326,0.385,0.409,4.113,4.436,18.30,11.30,75.0,0,1.0000,0.6000,1.0000,0.6000,0.3615,0.3162,0.3911,0.3153,0.1397,0.0837,,,,,,,427164,0.5083,2.350,4.760,18,75,0.6942,0.7272,4.53,5.13,0.6443,0.5960,L,R,NRFI,WIN,0,0,0,2026-04-25T23:48:21+00:00,,,,,,,,,,,,0.909,,,,,,,,0.2923,0.3659,0.3419,0.4615,0.1197,0.1923,
2026-04-16,2026,824453,1,,BAL,CLE,6:10 PM ET,Shane Baz,Parker Messick,669358,800048,ltd,ltd,live,live,0.96,0.3511,0.4724,0.8235,,,,0.4891,0.5109,0.1997,0.8003,,,PASS,NO EDGE,PASS - No edge,4,2026-04-26T16:24:08Z,4.957,2.875,1.421,1.102,3.876,3.194,3.36,2.43,1.09,0.76,8.64,8.76,0.323,0.298,0.405,0.394,4.494,4.25,20.50,11.10,70.0,0,0.8000,1.0000,0.6000,0.8000,0.3188,0.3400,0.4208,0.4398,0.1881,0.1991,,,,,,,547380,0.5173,3.180,4.330,49,40,0.7136,0.6942,5.60,5.00,0.7427,0.6943,R,L,YRFI,PASS,0,2,2,2026-04-25T23:48:21+00:00,,,,,,,,,,,,,,,,,,,,0.3309,0.3306,0.4711,0.3784,0.2397,0.1532,
2026-04-16,2026,823560,1,,LAA,NYY,1:35 PM ET,Brent Suter,Max Fried,608718,608331,sm,ltd,live,live,1.02,0.3135,0.5353,0.8487,,,,0.4891,0.5109,0.2088,0.7912,,,PASS,NO EDGE,PASS - No edge,4,2026-04-26T16:24:08Z,3.705,2.627,1.245,0.933,4.2,2.732,2.98,2.27,1.27,0.43,8.22,7.85,0.326,0.328,0.396,0.425,4.576,4.97,26.70,18.00,43.0,0,0.8000,0.6667,0.9000,0.6667,0.3287,0.3647,0.4270,0.4749,0.2108,0.2146,,,,,,,504381,0.4205,2.300,3.370,34,59,0.7136,0.7136,7.00,2.67,0.9003,0.7853,L,L,YRFI,PASS,2,1,3,2026-04-25T23:48:21+00:00,,,,,,,,,,,,,,,,,,,,0.3521,0.2978,0.5197,0.4327,0.2441,0.2308,
2026-04-16,2026,824208,1,,COL,HOU,8:10 PM ET,Juan Mejia,Ryan Weiss,675848,680802,sm,sm,live,live,0.99,0.5719,0.5213,1.0932,,,,0.4130,0.5870,0.2985,0.7015,,,YRFI,STRONG,STRONG YRFI,4,2026-04-26T16:24:08Z,4.535,4.914,1.411,1.536,3.75,4.945,3.49,4.24,0.99,1.6,9.33,9.55,0.317,0.336,0.405,0.428,4.256,4.901,,,,1,,,,,0.4189,0.3370,0.5196,0.3881,0.2346,0.1269,,,,,,,545402,0.5488,5.750,4.050,38,60,0.7136,0.7136,,,0.7763,0.8747,R,R,YRFI,WIN,0,2,2,2026-04-25T23:48:21+00:00,,,,,,,,,,,,0.909,,,,,,,,0.3638,0.3636,0.4146,0.4336,0.1341,0.1770,
2026-04-16,2026,823396,1,,WSH,PIT,12:35 PM ET,Foster Griffin,Braxton Ashcraft,656492,677952,ltd,ltd,live,live,0.96,0.3679,0.5009,0.8687,,,,0.6099,0.3901,0.2161,0.7839,,,NRFI,STRONG,STRONG NRFI,4,2026-04-26T16:24:08Z,3.875,2.956,1.23,1.149,4.444,2.873,2.9,2.95,1.4,0.55,8.37,9.42,0.326,0.326,0.405,0.392,5.134,4.804,20.30,10.30,83.0,0,1.0000,1.0000,1.0000,1.0000,0.3746,0.3420,0.4852,0.4675,0.1834,0.2189,,,,,,,482666,0.5220,2.080,4.510,81,47,0.7136,0.7136,5.07,5.11,0.7303,0.9010,L,R,NRFI,WIN,0,0,0,2026-04-25T23:48:21+00:00,,,,,,,,,,,,0.909,,,,,,,,0.3729,0.3889,0.5437,0.4737,0.2621,0.1579,
2026-04-16,2026,823801,1,,TOR,MIL,1:40 PM ET,Patrick Corbin,Brandon Sproat,571578,687075,sm,ltd,live,live,1.03,0.5367,0.5148,1.0515,,,,0.4692,0.5308,0.2832,0.7168,,,PASS,NO EDGE,PASS - No edge,4,2026-04-26T16:24:08Z,4.211,5.065,1.289,1.36,4.139,4.65,2.85,3.83,1.23,1.37,7.6,8.49,0.332,0.326,0.398,0.373,4.213,4.726,,,,1,0.8000,0.6000,0.8000,0.7000,0.4031,0.3953,0.4684,0.4589,0.1709,0.1712,,,,,,,598411,0.5467,5.260,5.870,34,36,0.7136,0.6640,4.73,4.33,0.6467,0.6077,L,R,NRFI,PASS,0,0,0,2026-04-25T23:48:21+00:00,,,,,,,,,,,,,,,,,,,,0.4159,0.3946,0.5312,0.4423,0.2188,0.1635,
2026-04-16,2026,824530,1,,SF,CIN,12:40 PM ET,Landen Roupp,Chase Burns,694738,695505,ltd,ltd,live,live,1.09,0.4447,0.4646,0.9093,,,,0.4891,0.5109,0.2309,0.7691,,,PASS,NO EDGE,PASS - No edge,4,2026-04-26T16:24:08Z,3.212,3.607,1.274,1.191,3.155,3.779,3.82,3.29,0.57,1.2,9.31,10.28,0.302,0.312,0.386,0.388,3.756,4.327,25.00,20.30,39.0,0,1.0000,0.8000,0.8000,0.8000,0.3533,0.3184,0.3987,0.4187,0.1519,0.1478,,,,,,,608093,0.5118,3.520,2.550,87,47,0.7136,0.7136,4.67,4.40,0.6467,0.7957,R,R,NRFI,PASS,0,0,0,2026-04-25T23:48:21+00:00,,,,,,,,,,,,,,,,,,,,0.3339,0.3558,0.4425,0.3908,0.1593,0.1609,
2026-04-16,2026,824614,1,,TB,CWS,2:10 PM ET,Steven Matz,Jordan Leasure,571927,673929,ltd,sm,live,live,0.98,0.5759,0.4562,1.0321,,,,0.3623,0.6377,0.276,0.724,,,YRFI,STRONG,STRONG YRFI,4,2026-04-26T16:24:08Z,3.978,4.716,1.182,1.286,4.151,4.993,2.6,4.1,1.35,1.78,8.3,9.73,0.328,0.319,0.4,0.394,4.75,4.256,11.50,17.90,99.0,0,0.0000,0.6000,0.0000,0.6000,0.3205,0.3224,0.3468,0.3736,0.1676,0.1154,,,,,,,658536,0.5084,7.780,5.050,59,55,0.7136,0.7272,1.00,5.00,0.6673,0.8790,L,R,NRFI,LOSS,0,0,0,2026-04-25T23:48:21+00:00,,,,,,,,,,,,-1,,,,,,,,0.3072,0.3058,0.4035,0.2300,0.1491,0.0900,
2026-04-16,2026,825023,1,,TEX,OAK,3:05 PM ET,Jack Leiter,Jacob Lopez,683004,682052,ltd,ltd,live,live,0.93,0.5441,0.4716,1.0157,,,,0.3921,0.6079,0.27,0.73,,,YRFI,STRONG,STRONG YRFI,4,2026-04-26T16:24:08Z,4.288,4.692,1.349,1.498,3.88,4.87,3.97,4.9,1.07,1.46,9.42,9.09,0.315,0.316,0.398,0.4,4.256,4.375,21.40,16.50,35.0,0,0.4000,0.4000,0.7000,0.5000,0.3600,0.3009,0.4531,0.4680,0.2031,0.2118,,,,,,,427139,0.5818,3.690,5.050,22,83,0.7396,0.7396,4.27,5.47,0.6500,0.9250,R,L,NRFI,LOSS,0,0,0,2026-04-25T23:48:21+00:00,,,,,,,,,,,,-1,,,,,,,,0.2583,0.3356,0.4561,0.3516,0.2368,0.1209,
2026-04-16,2026,823313,1,,SEA,SD,8:40 PM ET,Luis Castillo,Walker Buehler,622491,621111,ltd,ltd,live,live,0.95,0.5269,0.4298,0.9566,,,,0.4276,0.5724,0.2483,0.7517,,,YRFI,STRONG,STRONG YRFI,4,2026-04-26T16:24:08Z,4.078,5.214,1.374,1.553,3.608,4.614,2.74,4.26,1.01,1.2,8.41,7.39,0.323,0.313,0.389,0.388,4.227,4.457,20.00,12.90,70.0,0,0.8000,0.8000,0.7000,0.7000,0.3273,0.3160,0.4450,0.3367,0.1800,0.1327,,,,,,,665281,0.5305,4.990,5.260,41,49,0.6942,0.6942,4.53,5.27,0.8467,0.6907,R,R,NRFI,LOSS,0,0,0,2026-04-25T23:48:21+00:00,,,,,,,,,,,,-1,,,,,,,,0.3178,0.3485,0.3704,0.4872,0.1667,0.1966,
2026-04-17,2026,823152,1,,TEX,SEA,9:40 PM ET,Jacob deGrom,Logan Gilbert,594798,669302,ltd,ltd,live,live,0.95,0.3379,0.3756,0.7135,,,,0.5543,0.4457,0.1605,0.8395,,,PASS,NO EDGE,PASS - No edge,4,2026-04-26T16:24:17Z,2.646,3.856,0.978,1.138,3.428,2.992,2.16,2.03,1.39,1.12,10.78,10.83,0.315,0.323,0.398,0.389,4.256,4.227,,,,1,0.4000,0.2000,0.5000,0.5000,0.2933,0.3190,0.2642,0.4341,0.0829,0.1951,,,,,,,490319,0.5366,3.750,2.990,79,86,0.7424,0.7028,5.73,5.13,0.7787,0.6453,R,R,YRFI,PASS,1,0,1,2026-04-25T23:48:41+00:00,,,,,,,,,,,,,,,,,,,,0.2992,0.3333,0.4144,0.3301,0.2072,0.1165,
2026-04-17,2026,823559,1,,KC,NYY,7:05 PM ET,Michael Wacha,Cam Schlittler,608379,693645,ltd,ltd,live,live,1.02,0.317,0.4409,0.7579,,,,0.4692,0.5308,0.1762,0.8238,,,PASS,NO EDGE,PASS - No edge,4,2026-04-26T16:24:17Z,3.259,2.661,1.091,0.997,3.532,2.7,2.55,2.34,0.81,0.69,7.15,10.11,0.310,0.328,0.385,0.425,4.113,4.97,25.30,13.80,37.0,0,0.8000,1.0000,0.7000,0.9000,0.3290,0.3173,0.4308,0.3394,0.2154,0.1009,,,,,,,605671,0.5497,2.310,4.600,78,59,0.7136,0.7197,5.73,6.40,0.6443,0.7793,R,R,NRFI,PASS,0,0,0,2026-04-25T23:48:41+00:00,,,,,,,,,,,,,,,,,,,,0.2846,0.2968,0.3559,0.4216,0.1356,0.2255,
2026-04-17,2026,823476,1,,ATL,PHI,6:40 PM ET,MartÃ­n PÃ©rez,Taijuan Walker,527048,592836,ltd,ltd,live,live,1.04,0.7622,0.4545,1.2166,,,,0.3623,0.6377,0.3434,0.6566,,,YRFI,STRONG,STRONG YRFI,4,2026-04-26T16:24:17Z,3.456,5.882,1.095,1.646,4.227,5.941,2.92,3.56,1.12,2.14,7.1,6.5,0.332,0.306,0.437,0.384,5.273,3.97,26.50,11.30,40.0,0,0.0000,0.2000,0.2000,0.4000,0.3476,0.3647,0.4851,0.5177,0.2376,0.2301,,,,,,,596805,0.4819,7.130,4.600,7,13,0.6909,0.7197,4.73,4.87,0.8810,0.6507,L,R,YRFI,WIN,2,0,2,2026-04-25T23:48:41+00:00,,,,,,,,,,,,0.909,,,,,,,,0.3841,0.3710,0.5600,0.5234,0.2400,0.2523,
2026-04-17,2026,823883,1,,MIL,MIA,7:10 PM ET,Coleman Crow,Janson Junk,689441,676083,sm,ltd,live,live,0.95,0.3339,0.4448,0.7787,,,,0.4891,0.5109,0.1836,0.8164,,,PASS,NO EDGE,PASS - No edge,4,2026-04-26T16:24:17Z,4.107,3.97,1.215,1.15,3.965,3.294,2.86,1.67,1.06,0.69,8.69,6.17,0.326,0.331,0.373,0.4,4.726,4.518,,,,1,0.6000,,0.7000,,0.3392,0.3819,0.3606,0.4413,0.1106,0.1732,,,,,,,658292,0.4848,3.520,,23,,0.7272,0.7136,5.67,,0.7597,0.6493,R,R,NRFI,PASS,0,0,0,2026-04-25T23:48:41+00:00,,,,,,,,,,,,,,,,,,,,0.3714,0.3178,0.4000,0.3451,0.1364,0.1150,
2026-04-17,2026,825101,1,,TOR,ARI,9:40 PM ET,Braydon Fisher,Michael Soroka,680755,647336,sm,ltd,live,live,1.0,0.3811,0.4219,0.803,,,,0.3732,0.6268,0.1923,0.8077,,,YRFI,STRONG,STRONG YRFI,4,2026-04-26T16:24:17Z,3.149,3.697,1.114,1.158,3.464,3.218,3.02,2.69,0.91,0.99,9.46,10.15,0.332,0.309,0.398,0.413,4.213,4.555,,,,1,0.6000,0.0000,0.7000,0.0000,0.3227,0.3462,0.4278,0.3274,0.1907,0.0708,,,,,,,484198,0.5395,4.600,3.770,38,74,0.7272,0.7136,4.20,1.33,0.8247,0.7103,R,R,NRFI,LOSS,0,0,0,2026-04-25T23:48:41+00:00,,,,,,,,,,,,-1,,,,,,,,0.3182,0.3464,0.3165,0.4404,0.0633,0.1835,
2026-04-17,2026,824373,1,,LAD,COL,8:40 PM ET,Tyler Glasnow,Tomoyuki Sugano,607192,608372,ltd,ltd,live,live,1.22,0.7003,0.4569,1.1572,,,,0.3922,0.6078,0.3219,0.6781,,,YRFI,STRONG,STRONG YRFI,4,2026-04-26T16:24:17Z,2.993,4.158,0.94,1.255,3.068,5.033,3.04,2.07,0.82,1.83,10.26,6.26,0.343,0.317,0.452,0.405,5.232,4.256,1.50,6.50,83.0,0,0.6000,0.6000,0.5000,0.8000,0.3234,0.3761,0.4533,0.4194,0.1933,0.1613,,,,,,,605672,0.5283,6.170,2.170,17,76,0.6796,0.7272,4.80,5.20,0.7353,0.9337,R,R,YRFI,WIN,1,0,1,2026-04-25T23:48:41+00:00,,,,,,,,,,,,0.909,,,,,,,,0.3985,0.3158,0.4299,0.3960,0.1589,0.1485,
2026-04-17,2026,825019,1,,CWS,OAK,9:40 PM ET,Davis Martin,Aaron Civale,663436,650644,ltd,ltd,live,live,0.93,0.424,0.4035,0.8275,,,,0.4130,0.5870,0.2011,0.7989,,,YRFI,STRONG,STRONG YRFI,4,2026-04-26T16:24:17Z,3.186,4.408,1.172,1.283,3.805,4.147,2.6,2.76,0.97,1.26,6.99,7.77,0.319,0.316,0.394,0.4,4.256,4.375,21.60,17.50,24.0,0,0.8000,0.8000,0.7000,0.6000,0.3736,0.2995,0.4422,0.3450,0.1837,0.1813,,,,,,,431232,0.4946,4.190,4.670,26,32,0.7396,0.6796,5.07,5.67,0.7873,0.8540,R,R,YRFI,WIN,1,0,1,2026-04-25T23:48:41+00:00,,,,,,,,,,,,0.909,,,,,,,,0.2672,0.3810,0.2421,0.4000,0.1368,0.1222,
2026-04-17,2026,824778,1,,DET,BOS,7:15 PM ET,Casey Mize,Ranger Suarez,663554,624133,ltd,ltd,live,live,1.05,0.4159,0.4307,0.8466,,,,0.4692,0.5308,0.208,0.792,,,PASS,NO EDGE,PASS - No edge,4,2026-04-26T16:24:17Z,3.308,3.522,1.22,1.192,3.388,3.45,2.6,2.37,1.01,0.88,9.15,7.72,0.326,0.315,0.409,0.375,4.436,4.256,12.10,6.90,87.0,0,0.4000,1.0000,0.7000,0.8000,0.3927,0.3693,0.4734,0.3826,0.1809,0.1208,,,,,,,596809,0.5038,4.990,3.220,8,63,0.7396,0.7272,4.53,5.60,0.7267,0.7840,R,L,NRFI,PASS,0,0,0,2026-04-25T23:48:41+00:00,,,,,,,,,,,,,,,,,,,,0.3267,0.4167,0.3596,0.4505,0.1124,0.1441,
2026-04-17,2026,824693,1,,NYM,CHC,2:20 PM ET,Kodai Senga,Edward Cabrera,673540,665795,sm,ltd,live,live,1.0,0.3908,0.6446,1.0354,,,,0.4361,0.5639,0.2773,0.7227,,,PASS,NO EDGE,PASS - No edge,4,2026-04-26T16:24:17Z,4.807,3.192,1.484,1.209,4.411,3.591,4.59,3.25,1.31,0.9,9.55,8.55,0.302,0.342,0.37,0.428,3.848,5.137,24.30,23.40,56.0,0,0.8000,0.6000,0.6000,0.8000,0.3319,0.2791,0.3495,0.2968,0.1068,0.0903,,,,,,,429805,0.5769,3.720,4.670,45,73,0.7075,0.7396,5.13,4.53,0.6460,0.6743,R,R,YRFI,PASS,0,4,4,2026-04-25T23:48:41+00:00,,,,,,,,,,,,,,,,,,,,0.2583,0.3188,0.2973,0.3333,0.0991,0.0813,
2026-04-17,2026,824048,1,,SD,LAA,9:38 PM ET,Matt Waldron,JosÃ© Soriano,663362,667755,sm,ltd,live,live,0.99,0.3688,0.5429,0.9117,,,,0.4130,0.5870,0.2318,0.7682,,,YRFI,STRONG,STRONG YRFI,4,2026-04-26T16:24:17Z,5.605,2.323,1.43,1.121,4.511,2.923,3.24,3.67,1.37,0.45,8.69,9.21,0.313,0.326,0.388,0.396,4.457,4.576,24.20,13.40,48.0,0,0.8000,1.0000,0.7000,1.0000,0.3536,0.3015,0.4612,0.3366,0.2329,0.1139,,,,,,,483912,0.5511,2.730,4.700,90,4,0.7272,0.7272,5.67,4.67,0.5913,0.8173,R,R,NRFI,LOSS,0,0,0,2026-04-25T23:48:41+00:00,,,,,,,,,,,,-1,,,,,,,,0.3204,0.3310,0.3578,0.4590,0.1193,0.2295,
2026-04-17,2026,823720,1,,CIN,MIN,8:10 PM ET,Brandon Williamson,Joe Ryan,682227,657746,ltd,ltd,live,live,0.97,0.3488,0.5685,0.9173,,,,0.4721,0.5279,0.2339,0.7661,,,PASS,NO EDGE,PASS - No edge,4,2026-04-26T16:24:17Z,4.662,3.634,1.354,1.031,4.854,3.276,4.06,2.14,1.29,1.13,7.55,9.78,0.312,0.323,0.388,0.391,4.327,4.685,6.00,19.60,74.0,0,0.6000,1.0000,0.5000,1.0000,0.3398,0.3277,0.3820,0.3237,0.1348,0.1159,,,,,,,483569,0.5176,2.990,7.000,44,33,0.7136,0.7136,5.27,5.11,0.6623,0.7033,L,R,NRFI,PASS,0,0,0,2026-04-25T23:48:41+00:00,,,,,,,,,,,,,,,,,,,,0.3433,0.3898,0.3455,0.4902,0.1273,0.1961,
2026-04-17,2026,824454,1,,BAL,CLE,6:10 PM ET,Chris Bassitt,Tanner Bibee,605135,676440,ltd,ltd,live,live,0.96,0.4773,0.5374,1.0148,,,,0.4085,0.5915,0.2697,0.7303,,,YRFI,STRONG,STRONG YRFI,4,2026-04-26T16:24:17Z,4.923,4.33,1.582,1.324,4.473,4.348,3.72,2.94,1.2,1.4,7.22,7.91,0.323,0.298,0.405,0.394,4.494,4.25,19.70,8.10,55.0,0,0.8000,0.6000,0.9000,0.7000,0.3278,0.3359,0.4340,0.4336,0.1934,0.1947,,,,,,,608158,0.5142,4.640,6.250,63,17,0.6487,0.7396,4.87,4.07,0.7770,0.6943,R,R,NRFI,LOSS,0,0,0,2026-04-25T23:48:41+00:00,,,,,,,,,,,,-1,,,,,,,,0.3237,0.3588,0.4538,0.4375,0.2353,0.1786,
2026-04-17,2026,822752,1,,SF,WSH,6:45 PM ET,Logan Webb,Zack Littell,657277,641793,ltd,ltd,live,live,0.97,0.5464,0.3938,0.9402,,,,0.3623,0.6377,0.2423,0.7577,,,YRFI,STRONG,STRONG YRFI,4,2026-04-26T16:24:17Z,4.008,5.253,1.307,1.327,2.792,6.212,2.56,2.06,0.55,2.59,8.8,5.94,0.302,0.326,0.386,0.405,3.756,5.134,26.30,10.80,37.0,0,1.0000,1.0000,0.8000,0.8000,0.3317,0.3277,0.4457,0.4299,0.2011,0.1495,,,,,,,668921,0.5084,8.020,4.450,3,17,0.7272,0.7396,5.07,5.87,0.7187,0.7303,R,R,NRFI,LOSS,0,0,0,2026-04-25T23:48:41+00:00,,,,,,,,,,,,-1,,,,,,,,0.3659,0.3667,0.4956,0.5000,0.1770,0.2170,
2026-04-17,2026,823397,1,,TB,PIT,6:45 PM ET,Nick Martinez,Bubba Chandler,607259,696149,ltd,ltd,live,live,0.96,0.5026,0.4433,0.9459,,,,0.4692,0.5308,0.2443,0.7557,,,PASS,NO EDGE,PASS - No edge,4,2026-04-26T16:24:17Z,3.443,4.426,1.163,1.292,4.051,4.391,2.34,3.83,1.07,1.21,6.18,8.53,0.328,0.326,0.4,0.392,4.75,4.804,24.70,1.60,45.0,0,1.0000,0.8000,0.8571,0.8000,0.3827,0.3520,0.5455,0.4244,0.2584,0.1512,,,,,,,665576,0.4578,5.290,4.670,39,10,0.7136,0.7197,4.93,5.60,0.7870,0.8757,R,R,NRFI,PASS,0,0,0,2026-04-25T23:48:41+00:00,,,,,,,,,,,,,,,,,,,,0.3198,0.3939,0.4286,0.5044,0.1786,0.2124,
2026-04-17,2026,824207,1,,STL,HOU,8:10 PM ET,Kyle Leahy,Peter Lambert,681517,663567,ltd,sm,live,live,0.99,0.4248,0.5376,0.9624,,,,0.4493,0.5507,0.2504,0.7496,,,PASS,NO EDGE,PASS - No edge,4,2026-04-26T16:24:17Z,4.218,3.999,1.398,1.254,4.085,3.571,3.36,3.06,1.0,0.94,7.34,9.8,0.322,0.336,0.398,0.428,4.628,4.901,,,,1,,0.7500,,0.7500,0.4228,0.3714,0.5297,0.3622,0.2277,0.1276,,,,,,,427315,0.5564,2.950,5.720,99,16,0.7136,0.7136,,4.25,0.8130,0.8773,R,R,YRFI,PASS,1,0,1,2026-04-25T23:48:41+00:00,,,,,,,,,,,,,,,,,,,,0.3696,0.3609,0.3455,0.4444,0.1273,0.1709,
2026-04-18,2026,823394,1,,TB,PIT,3:30 PM ET,Drew Rasmussen,Paul Skenes,656876,694973,ltd,ltd,live,live,0.96,0.2788,0.4035,0.6823,,,,0.6595,0.3405,0.1497,0.8503,,,NRFI,STRONG,STRONG NRFI,4,2026-04-26T16:24:26Z,2.64,2.184,0.912,0.853,3.856,2.407,1.91,2.08,1.35,0.57,8.26,9.93,0.328,0.326,0.4,0.392,4.75,4.804,18.10,15.80,87.0,0,0.6000,1.0000,0.7000,0.9000,0.3837,0.3498,0.5541,0.3988,0.2658,0.1131,,,,,,,482641,0.4806,1.940,2.650,42,42,0.7136,0.7136,4.80,4.27,0.6327,0.8757,R,R,YRFI,LOSS,0,2,2,2026-04-25T23:48:57+00:00,,,,,,,,,,,,-1,,,,,,,,0.3170,0.4030,0.4062,0.5526,0.1354,0.2544,
2026-04-18,2026,824372,1,,LAD,COL,8:10 PM ET,Emmet Sheehan,Ryan Feltner,686218,663372,ltd,ltd,live,live,1.22,0.7283,0.5314,1.2597,,,,0.3623,0.6377,0.3588,0.6412,,,YRFI,STRONG,STRONG YRFI,4,2026-04-26T16:24:26Z,3.92,4.992,1.147,1.372,3.602,4.777,2.93,3.3,1.15,1.55,9.96,8.25,0.343,0.317,0.452,0.405,5.232,4.256,15.60,7.10,11.0,0,0.8000,0.4000,0.6667,0.5000,0.3184,0.3968,0.4375,0.5144,0.1875,0.2115,,,,,,,427248,0.5131,6.450,3.960,52,85,0.7510,0.7075,4.80,4.60,0.7743,0.9337,R,R,YRFI,WIN,2,1,3,2026-04-25T23:48:57+00:00,,,,,,,,,,,,0.909,,,,,,,,0.3824,0.3036,0.5089,0.3608,0.2321,0.1443,
2026-04-18,2026,823151,1,,TEX,SEA,7:15 PM ET,Nathan Eovaldi,George Kirby,543135,669923,ltd,ltd,live,live,0.95,0.3491,0.4141,0.7631,,,,0.6486,0.3514,0.178,0.822,,,NRFI,STRONG,STRONG NRFI,4,2026-04-26T16:24:26Z,3.541,3.597,1.127,1.116,3.931,3.398,1.93,2.07,1.51,1.0,8.94,8.25,0.315,0.323,0.398,0.389,4.256,4.227,,,,1,0.6000,0.6000,0.7000,0.8000,0.3004,0.3320,0.2626,0.4587,0.0808,0.2064,,,,,,,427128,0.4785,2.860,4.700,21,68,0.7830,0.6526,6.53,5.73,0.7787,0.6513,R,R,YRFI,LOSS,0,1,1,2026-04-25T23:48:57+00:00,,,,,,,,,,,,-1,,,,,,,,0.3308,0.3360,0.4602,0.3143,0.2212,0.0952,
2026-04-18,2026,823474,1,,ATL,PHI,7:15 PM ET,Chris Sale,Cristopher SÃ¡nchez,519242,650911,ltd,ltd,live,live,1.04,0.3959,0.3717,0.7675,,,,0.4607,0.5393,0.1796,0.8204,,,PASS,NO EDGE,PASS - No edge,4,2026-04-26T16:24:26Z,2.668,2.7,1.041,1.305,3.084,2.5,2.25,2.3,1.11,0.66,10.66,10.45,0.332,0.306,0.437,0.384,5.273,3.97,17.80,19.00,66.0,0,0.8000,0.6000,0.9000,0.8000,0.3522,0.3496,0.4860,0.4538,0.2336,0.1723,,,,,,,428442,0.5176,3.290,2.990,83,52,0.7510,0.6909,5.60,5.40,0.8453,0.6507,L,L,NRFI,PASS,0,0,0,2026-04-25T23:48:57+00:00,,,,,,,,,,,,,,,,,,,,0.3507,0.3968,0.4672,0.5556,0.1721,0.2593,
2026-04-18,2026,824206,1,,STL,HOU,7:10 PM ET,Andre Pallante,Lance McCullers Jr.,669467,621121,ltd,ltd,live,live,0.99,0.5848,0.6062,1.191,,,,0.4295,0.5705,0.3341,0.6659,,,YRFI,STRONG,STRONG YRFI,4,2026-04-26T16:24:26Z,4.905,5.835,1.432,1.504,4.628,4.766,4.05,4.59,1.13,1.41,6.55,9.09,0.322,0.336,0.398,0.428,4.628,4.901,,,,1,0.6000,0.6000,0.6000,0.7000,0.4138,0.3846,0.5438,0.3865,0.2442,0.1401,,,,,,,691042,0.5084,4.990,5.190,43,46,0.7136,0.7136,4.47,4.53,0.8130,0.8773,R,R,YRFI,WIN,2,1,3,2026-04-25T23:48:57+00:00,,,,,,,,,,,,0.909,,,,,,,,0.4043,0.3481,0.4091,0.4918,0.1636,0.2131,
2026-04-18,2026,824049,1,,SD,LAA,9:38 PM ET,GermÃ¡n MÃ¡rquez,Yusei Kikuchi,608566,579328,ltd,ltd,live,live,0.99,0.4902,0.6425,1.1327,,,,0.4014,0.5986,0.3129,0.6871,,,YRFI,STRONG,STRONG YRFI,4,2026-04-26T16:24:26Z,5.825,4.923,1.571,1.491,5.481,3.908,3.12,3.86,1.86,1.09,6.07,9.27,0.313,0.326,0.388,0.396,4.457,4.576,28.10,13.60,23.0,0,0.6000,0.4000,0.6000,0.6000,0.3635,0.3278,0.4716,0.4286,0.2443,0.1705,,,,,,,573597,0.4761,4.920,5.050,58,29,0.7272,0.7272,4.60,4.87,0.6307,0.7463,R,L,NRFI,LOSS,0,0,0,2026-04-25T23:48:57+00:00,,,,,,,,,,,,-1,,,,,,,,0.3512,0.3540,0.4513,0.4688,0.1681,0.2292,
2026-04-18,2026,823882,1,,MIL,MIA,4:10 PM ET,Brandon Woodruff,Sandy Alcantara,605540,645261,ltd,ltd,live,live,0.95,0.4279,0.4063,0.8341,,,,0.6413,0.3587,0.2035,0.7965,,,NRFI,STRONG,STRONG NRFI,4,2026-04-26T16:24:26Z,3.708,4.189,1.044,1.189,3.718,4.046,2.23,2.9,1.25,1.0,9.11,6.61,0.326,0.331,0.373,0.4,4.726,4.518,,,,1,0.6000,0.6000,0.6000,0.6000,0.3389,0.3683,0.3620,0.4227,0.1131,0.1649,,,,,,,503493,0.5220,3.110,3.060,52,31,0.7136,0.6909,7.47,5.53,0.7597,0.6493,R,R,NRFI,WIN,0,0,0,2026-04-25T23:48:57+00:00,,,,,,,,,,,,0.909,,,,,,,,0.3526,0.3308,0.3826,0.3534,0.1304,0.1121,
2026-04-18,2026,825098,1,,TOR,ARI,8:10 PM ET,Max Scherzer,Zac Gallen,453286,668678,sm,ltd,live,live,1.0,0.4461,0.6471,1.0932,,,,0.3846,0.6154,0.2985,0.7015,,,YRFI,STRONG,STRONG YRFI,4,2026-04-26T16:24:26Z,6.383,4.131,1.382,1.301,5.823,4.057,3.02,2.74,2.3,1.12,7.56,7.05,0.332,0.309,0.398,0.413,4.213,4.555,,,,1,0.8000,0.4000,0.7000,0.4000,0.3247,0.3247,0.4251,0.3390,0.1836,0.0734,,,,,,,427554,0.4835,4.920,6.740,9,3,0.7396,0.6796,4.87,3.20,0.7267,0.7103,R,R,YRFI,WIN,1,1,2,2026-04-25T23:48:57+00:00,,,,,,,,,,,,0.909,,,,,,,,0.2936,0.3588,0.3168,0.4609,0.0693,0.1826,
2026-04-18,2026,822751,1,,SF,WSH,4:05 PM ET,Adrian Houser,Cade Cavalli,605288,676917,ltd,ltd,live,live,0.97,0.399,0.5181,0.917,,,,0.4061,0.5939,0.2338,0.7662,,,YRFI,STRONG,STRONG YRFI,4,2026-04-26T16:24:26Z,4.878,4.141,1.476,1.462,4.132,3.489,2.79,3.5,1.0,0.77,6.02,9.11,0.302,0.326,0.386,0.405,3.756,5.134,24.10,14.50,51.0,0,0.4000,0.4000,0.5000,0.4000,0.3676,0.3361,0.5125,0.4367,0.2437,0.1441,,,,,,,639723,0.5480,3.910,5.830,39,14,0.7136,0.6796,3.93,5.60,0.7187,0.7483,R,R,YRFI,WIN,0,1,1,2026-04-25T23:48:57+00:00,,,,,,,,,,,,0.909,,,,,,,,0.3891,0.3529,0.5214,0.4725,0.1709,0.1978,
2026-04-18,2026,825020,1,,CWS,OAK,4:05 PM ET,Erick Fedde,Luis Severino,607200,622663,ltd,ltd,live,live,0.93,0.4714,0.5358,1.0072,,,,0.4207,0.5793,0.2669,0.7331,,,YRFI,STRONG,STRONG YRFI,4,2026-04-26T16:24:26Z,4.669,4.816,1.366,1.414,4.921,4.199,4.1,4.22,1.15,1.01,5.4,7.92,0.319,0.316,0.394,0.4,4.256,4.375,24.80,11.60,26.0,0,0.6000,0.8000,0.6000,0.4000,0.3929,0.2672,0.4714,0.2905,0.2000,0.1061,,,,,,,489985,0.4845,5.320,3.750,37,11,0.7510,0.6796,5.13,4.87,0.6137,0.9250,R,R,NRFI,LOSS,0,0,0,2026-04-25T23:48:57+00:00,,,,,,,,,,,,-1,,,,,,,,0.2333,0.4318,0.2523,0.4583,0.1028,0.1528,
2026-04-18,2026,824775,1,,DET,BOS,4:10 PM ET,Tarik Skubal,Brayan Bello,669373,678394,ltd,ltd,live,live,1.05,0.6687,0.2747,0.9434,,,,0.3623,0.6377,0.2434,0.7566,,,YRFI,STRONG,STRONG YRFI,4,2026-04-26T16:24:26Z,2.452,5.355,0.937,1.605,2.107,5.454,1.51,3.95,0.55,1.72,10.34,6.51,0.326,0.315,0.409,0.375,4.436,4.256,7.20,10.40,91.0,0,0.6000,0.8000,0.7000,0.8000,0.3820,0.3786,0.3986,0.4372,0.1419,0.1658,,,,,,,681849,0.5084,8.320,3.040,84,73,0.7272,0.6640,4.73,6.07,0.8633,0.7623,L,R,YRFI,WIN,1,0,1,2026-04-25T23:48:57+00:00,,,,,,,,,,,,0.909,,,,,,,,0.3705,0.4054,0.4393,0.4176,0.1589,0.1429,
2026-04-18,2026,823721,1,,CIN,MIN,2:10 PM ET,Andrew Abbott,Taj Bradley,671096,671737,ltd,ltd,live,live,0.97,0.4476,0.5039,0.9515,,,,0.4493,0.5507,0.2464,0.7536,,,PASS,NO EDGE,PASS - No edge,4,2026-04-26T16:24:26Z,4.408,4.065,1.41,1.299,4.153,3.942,3.08,3.5,1.13,1.14,7.24,8.84,0.312,0.323,0.388,0.391,4.327,4.685,7.50,28.60,27.0,0,0.8000,0.6000,0.7000,0.6000,0.3600,0.3110,0.4138,0.3430,0.1724,0.1279,,,,,,,544728,0.4859,4.250,5.570,43,27,0.7136,0.7272,5.53,5.07,0.7730,0.6833,L,R,YRFI,PASS,0,2,2,2026-04-25T23:48:57+00:00,,,,,,,,,,,,,,,,,,,,0.3294,0.3983,0.3605,0.5052,0.1395,0.2268,
2026-04-18,2026,823558,1,,KC,NYY,1:35 PM ET,Noah Cameron,Will Warren,702070,701542,ltd,ltd,live,live,1.02,0.415,0.5563,0.9713,,,,0.4366,0.5634,0.2537,0.7463,,,PASS,NO EDGE,PASS - No edge,4,2026-04-26T16:24:26Z,3.835,3.631,1.266,1.274,4.387,3.386,2.92,2.92,1.39,1.07,7.63,10.02,0.310,0.328,0.385,0.425,4.113,4.97,14.80,15.50,69.0,0,0.8000,1.0000,0.8000,0.5000,0.3064,0.2778,0.3423,0.3008,0.1275,0.1301,,,,,,,658325,0.5084,3.490,7.040,30,36,0.7272,0.6796,4.67,5.47,0.6777,0.5997,L,R,NRFI,PASS,0,0,0,2026-04-25T23:48:57+00:00,,,,,,,,,,,,,,,,,,,,0.2667,0.2871,0.3226,0.3763,0.1935,0.1398,
2026-04-18,2026,824694,1,,NYM,CHC,2:20 PM ET,Freddy Peralta,Jameson Taillon,642547,592791,ltd,ltd,live,live,1.0,0.4852,0.5024,0.9876,,,,0.6078,0.3922,0.2597,0.7403,,,NRFI,STRONG,STRONG NRFI,4,2026-04-26T16:24:26Z,3.234,4.032,1.138,1.157,3.562,5.153,3.49,2.73,1.09,1.93,10.27,7.41,0.302,0.342,0.37,0.428,3.848,5.137,7.90,29.60,51.0,0,0.8000,0.8000,0.7000,0.8000,0.3399,0.2801,0.3682,0.3175,0.1136,0.1005,,,,,,,605673,0.4897,4.600,3.570,66,78,0.6363,0.6643,5.93,4.60,0.5193,0.6743,R,R,NRFI,WIN,0,0,0,2026-04-25T23:48:57+00:00,,,,,,,,,,,,0.909,,,,,,,,0.2845,0.3381,0.3810,0.3810,0.1238,0.0952,
2026-04-18,2026,824451,1,,BAL,CLE,6:10 PM ET,Dean Kremer,Gavin Williams,665152,668909,sm,ltd,live,live,0.96,0.511,0.4477,0.9587,,,,0.4493,0.5507,0.2491,0.7509,,,PASS,NO EDGE,PASS - No edge,4,2026-04-26T16:24:26Z,4.168,3.163,1.145,1.186,4.237,4.368,2.21,4.65,1.61,1.38,8.68,10.22,0.323,0.298,0.405,0.394,4.494,4.25,11.00,18.60,88.0,0,0.8000,0.4000,0.8000,0.5000,0.3398,0.3357,0.4299,0.4202,0.1900,0.1849,,,,,,,427533,0.5151,4.100,4.100,80,94,0.6942,0.7396,5.73,4.60,0.7770,0.6943,R,R,NRFI,PASS,0,0,0,2026-04-25T23:48:57+00:00,,,,,,,,,,,,,,,,,,,,0.3380,0.3835,0.4202,0.4414,0.2017,0.1802,
2026-04-19,2026,824371,1,,LAD,COL,3:10 PM ET,Roki Sasaki,Michael Lorenzen,808963,547179,ltd,ltd,live,live,1.22,0.6818,0.7861,1.4678,,,,0.3623,0.6377,0.4314,0.5686,,,YRFI,STRONG,STRONG YRFI,4,2026-04-26T16:24:35Z,5.018,5.19,1.485,1.545,5.449,4.35,4.29,2.25,1.84,1.46,8.54,7.26,0.343,0.317,0.452,0.405,5.232,4.256,23.20,11.80,6.0,0,0.8000,0.8000,0.7000,0.6000,0.3228,0.3786,0.4852,0.4429,0.2367,0.1667,,,,,,,676581,0.5084,5.610,6.020,21,79,0.7272,0.7136,4.27,4.40,0.7353,0.9597,R,R,NRFI,LOSS,0,0,0,2026-04-25T23:49:15+00:00,,,,,,,,,,,,-1,,,,,,,,0.3881,0.3611,0.4375,0.5385,0.1607,0.2857,
2026-04-19,2026,825100,1,,TOR,ARI,4:10 PM ET,Kevin Gausman,Ryne Nelson,592332,669194,ltd,ltd,live,live,1.0,0.4485,0.3515,0.8,,,,0.4614,0.5386,0.1912,0.8088,,,PASS,NO EDGE,PASS - No edge,4,2026-04-26T16:24:35Z,3.114,4.591,1.004,1.198,2.971,4.093,1.96,2.94,0.88,1.26,9.26,8.12,0.332,0.309,0.398,0.413,4.213,4.555,,,,1,0.6000,0.8000,0.8000,0.8000,0.2849,0.3317,0.4153,0.3508,0.1694,0.0733,,,,,,,577468,0.4946,5.220,2.990,41,77,0.7396,0.7272,5.27,5.20,0.7267,0.6803,R,R,YRFI,PASS,8,0,8,2026-04-25T23:49:15+00:00,,,,,,,,,,,,,,,,,,,,0.3186,0.3110,0.3585,0.4248,0.0755,0.1504,
2026-04-19,2026,823150,1,,TEX,SEA,4:10 PM ET,MacKenzie Gore,Bryan Woo,669022,693433,ltd,ltd,live,live,0.95,0.333,0.4755,0.8086,,,,0.5543,0.4457,0.1943,0.8057,,,PASS,NO EDGE,PASS - No edge,4,2026-04-26T16:24:35Z,4.249,3.369,1.324,0.991,3.756,3.457,3.94,1.65,1.27,1.15,11.22,8.34,0.315,0.323,0.398,0.389,4.256,4.227,,,,1,1.0000,0.8000,0.8000,0.6000,0.3042,0.3308,0.3734,0.4506,0.1545,0.1974,,,,,,,521889,0.4806,3.640,4.600,36,63,0.7028,0.7396,6.00,4.60,0.7787,0.7230,L,R,YRFI,PASS,0,1,1,2026-04-25T23:49:15+00:00,,,,,,,,,,,,,,,,,,,,0.3358,0.3468,0.4701,0.4587,0.2222,0.1927,
2026-04-19,2026,824452,1,,BAL,CLE,1:40 PM ET,Trevor Rogers,Joey Cantillo,669432,676282,ltd,ltd,live,live,0.96,0.4544,0.37,0.8244,,,,0.4891,0.5109,0.2,0.8,,,PASS,NO EDGE,PASS - No edge,4,2026-04-26T16:24:35Z,3.195,3.478,1.154,1.285,3.176,3.749,2.68,3.82,0.7,1.08,8.33,10.04,0.323,0.298,0.405,0.394,4.494,4.25,8.90,18.00,45.0,0,0.6000,0.8000,0.8000,0.8000,0.3320,0.3322,0.3857,0.4280,0.1435,0.1920,,,,,,,427129,0.4611,3.850,3.670,62,59,0.7396,0.6942,5.27,5.33,0.7427,0.7360,L,L,NRFI,PASS,0,0,0,2026-04-25T23:49:15+00:00,,,,,,,,,,,,,,,,,,,,0.3165,0.3750,0.4167,0.4779,0.2000,0.1858,
2026-04-19,2026,824205,1,,STL,HOU,2:10 PM ET,Matthew Liberatore,Mike Burrows,669461,681347,ltd,ltd,live,live,0.99,0.522,0.6059,1.1279,,,,0.4692,0.5308,0.3112,0.6888,,,PASS,NO EDGE,PASS - No edge,4,2026-04-26T16:24:35Z,4.442,4.981,1.413,1.43,4.976,4.399,2.77,3.16,1.67,1.57,6.58,9.26,0.322,0.336,0.398,0.428,4.628,4.901,,,,1,0.4000,0.6000,0.6000,0.7000,0.4145,0.3891,0.5463,0.4064,0.2511,0.1553,,,,,,,483561,0.5039,3.830,5.790,66,12,0.7136,0.7136,5.20,5.20,0.8130,1.0347,L,R,NRFI,PASS,0,0,0,2026-04-25T23:49:15+00:00,,,,,,,,,,,,,,,,,,,,0.4184,0.3556,0.4775,0.5083,0.2072,0.2333,
2026-04-19,2026,825018,1,,CWS,OAK,4:05 PM ET,Noah Schultz,Jeffrey Springs,702273,605488,sm,ltd,live,live,0.93,0.4242,0.4447,0.8689,,,,0.4650,0.5350,0.2162,0.7838,,,PASS,NO EDGE,PASS - No edge,4,2026-04-26T16:24:35Z,4.014,3.96,1.212,1.116,3.971,4.356,3.65,2.83,1.03,1.38,9.4,7.57,0.319,0.316,0.394,0.4,4.256,4.375,21.80,19.40,36.0,0,0.8000,0.0000,0.8000,0.0000,0.3633,0.3332,0.4444,0.3857,0.1709,0.1857,,,,,,,427344,0.4727,2.930,3.290,52,60,0.6487,0.7136,5.93,4.33,0.8790,0.8010,L,L,YRFI,PASS,1,0,1,2026-04-25T23:49:15+00:00,,,,,,,,,,,,,,,,,,,,0.3206,0.4265,0.3000,0.4957,0.1273,0.1739,
2026-04-19,2026,823393,1,,TB,PIT,1:35 PM ET,Shane McClanahan,Mitch Keller,663556,656605,ltd,ltd,live,live,0.96,0.3929,0.4754,0.8683,,,,0.4891,0.5109,0.216,0.784,,,PASS,NO EDGE,PASS - No edge,4,2026-04-26T16:24:35Z,4.094,3.726,1.254,1.209,3.83,3.433,3.76,2.75,0.9,0.7,9.22,7.18,0.328,0.326,0.4,0.392,4.75,4.804,9.50,13.70,40.0,0,0.6000,1.0000,0.8000,1.0000,0.3463,0.3485,0.3427,0.4103,0.0899,0.1368,,,,,,,607884,0.5403,3.830,4.330,33,51,0.7272,0.7136,5.13,4.56,0.7870,0.6803,L,R,YRFI,PASS,0,1,1,2026-04-25T23:49:15+00:00,,,,,,,,,,,,,,,,,,,,0.3249,0.3737,0.3621,0.3253,0.1034,0.0723,
2026-04-19,2026,824777,1,,DET,BOS,4:35 PM ET,Framber Valdez,Garrett Crochet,664285,676979,ltd,ltd,live,live,1.05,0.4336,0.4485,0.8822,,,,0.4378,0.5622,0.221,0.779,,,PASS,NO EDGE,PASS - No edge,4,2026-04-26T16:24:35Z,3.545,4.18,1.272,1.219,3.44,3.276,3.42,2.57,0.62,1.24,7.65,11.15,0.326,0.315,0.409,0.375,4.436,4.256,4.10,20.00,92.0,0,0.6000,0.8000,0.7000,0.7000,0.3789,0.3191,0.3899,0.3625,0.1321,0.1375,,,,,,,427013,0.5040,4.860,3.940,43,14,0.7136,0.7272,5.40,6.20,0.6277,0.7623,L,L,YRFI,PASS,1,1,2,2026-04-25T23:49:15+00:00,,,,,,,,,,,,,,,,,,,,0.3100,0.4159,0.4382,0.4362,0.1798,0.1383,
2026-04-19,2026,824691,1,,NYM,CHC,2:20 PM ET,Tobias Myers,Javier Assad,668964,665871,sm,sm,live,live,1.0,0.4366,0.4722,0.9089,,,,0.5543,0.4457,0.2308,0.7692,,,PASS,NO EDGE,PASS - No edge,4,2026-04-26T16:24:35Z,3.53,5.174,1.15,1.315,3.817,4.373,2.33,2.93,1.07,1.17,7.83,7.02,0.302,0.342,0.37,0.428,3.848,5.137,6.50,13.30,62.0,0,0.8000,0.8000,0.7778,0.6667,0.3283,0.2857,0.3534,0.3081,0.1078,0.0872,,,,,,,503077,0.5258,5.390,2.770,3,19,0.7075,0.6796,4.93,3.67,0.6460,0.6743,R,R,NRFI,PASS,0,0,0,2026-04-25T23:49:15+00:00,,,,,,,,,,,,,,,,,,,,0.2857,0.3309,0.3429,0.3780,0.1048,0.0945,
2026-04-19,2026,823475,1,,ATL,PHI,7:20 PM ET,Grant Holmes,Andrew Painter,656550,691725,ltd,ltd,live,live,1.04,0.503,0.5367,1.0397,,,,0.4692,0.5308,0.2789,0.7211,,,PASS,NO EDGE,PASS - No edge,4,2026-04-26T16:24:35Z,3.83,4.594,1.28,1.344,4.489,3.819,4.06,2.72,1.32,1.03,8.44,8.52,0.332,0.306,0.437,0.384,5.273,3.97,11.30,14.80,50.0,0,1.0000,1.0000,1.0000,0.8000,0.3436,0.3719,0.4690,0.5000,0.2212,0.2120,,,,,,,482666,0.5220,3.940,4.130,18,79,0.7136,0.7272,4.67,5.13,0.8810,0.8913,R,R,YRFI,PASS,0,2,2,2026-04-25T23:49:15+00:00,,,,,,,,,,,,,,,,,,,,0.3972,0.3659,0.5161,0.5185,0.2016,0.2407,
2026-04-19,2026,823556,1,,KC,NYY,1:35 PM ET,Cole Ragans,Ryan Weathers,666142,677960,ltd,ltd,live,live,1.02,0.435,0.6101,1.0451,,,,0.4130,0.5870,0.2808,0.7192,,,YRFI,STRONG,STRONG YRFI,4,2026-04-26T16:24:35Z,4.665,3.715,1.321,1.242,4.377,3.875,4.19,2.59,1.6,1.35,11.42,9.75,0.310,0.328,0.385,0.425,4.113,4.97,8.20,13.50,57.0,0,0.6000,0.6000,0.8000,0.7000,0.3880,0.3088,0.5943,0.3417,0.3160,0.1083,,,,,,,427197,0.5268,4.600,5.390,64,86,0.7136,0.7136,5.13,4.20,0.8910,1.0050,L,L,YRFI,WIN,0,3,3,2026-04-25T23:49:15+00:00,,,,,,,,,,,,0.909,,,,,,,,0.2619,0.3583,0.3675,0.6442,0.1538,0.3654,
2026-04-19,2026,823881,1,,MIL,MIA,1:40 PM ET,Jacob Misiorowski,Eury PÃ©rez,694819,691587,ltd,ltd,live,live,0.95,0.4711,0.4402,0.9114,,,,0.4280,0.5720,0.2317,0.7683,,,YRFI,STRONG,STRONG YRFI,4,2026-04-26T16:24:35Z,3.852,4.397,1.18,1.226,3.328,4.185,3.66,3.47,1.13,1.41,12.19,9.65,0.326,0.331,0.373,0.4,4.726,4.518,,,,1,0.4000,0.6000,0.5000,0.7000,0.3560,0.3923,0.4195,0.4182,0.1398,0.1576,,,,,,,596740,0.5740,5.150,3.040,71,97,0.7396,0.7136,5.07,5.07,0.6763,0.7533,R,R,YRFI,WIN,0,3,3,2026-04-25T23:49:15+00:00,,,,,,,,,,,,0.909,,,,,,,,0.3761,0.3582,0.3297,0.4224,0.1209,0.1552,
2026-04-19,2026,823718,1,,CIN,MIN,2:10 PM ET,Brady Singer,Bailey Ober,663903,641927,ltd,ltd,live,live,0.97,0.4376,0.4964,0.9341,,,,0.4891,0.5109,0.24,0.76,,,PASS,NO EDGE,PASS - No edge,4,2026-04-26T16:24:35Z,4.425,4.584,1.4,1.238,4.142,4.274,2.76,2.44,1.24,1.4,7.5,7.48,0.312,0.323,0.388,0.391,4.327,4.685,7.90,15.30,27.0,0,0.8000,0.8000,0.8000,0.6000,0.3668,0.3389,0.4323,0.3896,0.1719,0.1623,,,,,,,427537,0.4944,3.880,5.320,24,23,0.7075,0.7797,5.13,4.20,0.6267,0.8080,R,R,YRFI,PASS,0,1,1,2026-04-25T23:49:15+00:00,,,,,,,,,,,,,,,,,,,,0.3333,0.3871,0.3684,0.4766,0.1579,0.1776,
2026-04-19,2026,824047,1,,SD,LAA,4:07 PM ET,Michael King,Walbert Urena,650633,700712,ltd,sm,live,live,0.99,0.5078,0.4775,0.9852,,,,0.4867,0.5133,0.2588,0.7412,,,PASS,NO EDGE,PASS - No edge,4,2026-04-26T16:24:35Z,3.147,4.322,1.179,1.459,3.807,4.294,3.73,4.11,0.95,1.12,8.95,9.26,0.313,0.326,0.388,0.396,4.457,4.576,25.30,14.10,39.0,0,,1.0000,,0.7000,0.3621,0.3242,0.4587,0.4174,0.2190,0.1609,,,,,,,664263,0.5650,3.440,3.620,51,62,0.7136,0.7272,,5.07,0.6907,0.8173,R,R,NRFI,PASS,0,0,0,2026-04-25T23:49:15+00:00,,,,,,,,,,,,,,,,,,,,0.3613,0.3688,0.4513,0.4622,0.1593,0.2101,
2026-04-19,2026,822750,1,,SF,WSH,1:35 PM ET,Robbie Ray,PJ Poulin,592662,676571,ltd,sm,live,live,0.97,0.4676,0.5141,0.9818,,,,0.3800,0.6200,0.2575,0.7425,,,YRFI,STRONG,STRONG YRFI,4,2026-04-26T16:24:35Z,3.22,4.17,1.178,1.339,4.006,4.649,3.7,3.82,1.21,1.32,9.34,8.25,0.302,0.326,0.386,0.405,3.756,5.134,14.70,26.30,24.0,0,0.5000,0.8000,0.5000,0.8000,0.3261,0.3322,0.4483,0.4251,0.2118,0.1336,,,,,,,605674,0.5127,6.210,4.480,5,68,0.7136,0.7396,1.00,5.40,0.6247,0.8220,L,L,NRFI,LOSS,0,0,0,2026-04-25T23:49:15+00:00,,,,,,,,,,,,-1,,,,,,,,0.3668,0.3115,0.4634,0.3853,0.1301,0.1560,
2026-04-20,2026,824370,1,,LAD,COL,8:40 PM ET,Justin Wrobleski,Jose Quintana,680736,500779,ltd,sm,live,live,1.22,0.8193,0.4481,1.2674,,,,0.3623,0.6377,0.3616,0.6384,,,YRFI,STRONG,STRONG YRFI,4,2026-04-26T16:24:41Z,3.371,4.517,1.104,1.427,3.242,5.379,2.34,4.12,0.62,1.44,7.32,5.29,0.343,0.317,0.452,0.405,5.232,4.256,26.80,16.00,6.0,0,0.6000,0.5000,0.6000,0.5000,0.2850,0.4062,0.3657,0.4747,0.1543,0.1772,,,,,,,644760,0.6254,5.320,3.720,21,2,0.7412,0.7136,5.00,6.00,0.9600,0.8100,L,L,YRFI,WIN,0,1,1,2026-04-25T23:49:28+00:00,,,,,,,,,,,,0.909,,,,,,,,0.4574,0.3200,0.4706,0.4719,0.1412,0.2360,
2026-04-20,2026,822994,1,,CIN,TB,6:40 PM ET,Rhett Lowder,Jesse Scholtens,695076,669947,ltd,sm,live,live,0.93,0.3792,0.4246,0.8038,,,,0.4891,0.5109,0.1926,0.8074,,,PASS,NO EDGE,PASS - No edge,4,2026-04-26T16:24:41Z,3.738,3.852,1.204,1.176,3.796,3.826,2.91,2.67,0.83,1.03,7.51,8.58,0.312,0.328,0.388,0.4,4.327,4.75,,,,1,,0.7500,,0.7500,0.3407,0.3139,0.4106,0.3154,0.1423,0.1120,,,,,,,427243,0.4707,3.960,4.070,16,20,0.7136,0.7136,,5.75,0.6623,0.7870,R,R,YRFI,PASS,2,1,3,2026-04-25T23:49:28+00:00,,,,,,,,,,,,,,,,,,,,0.3086,0.3021,0.3364,0.3590,0.1273,0.1197,
2026-04-20,2026,824046,1,,TOR,LAA,9:38 PM ET,Dylan Cease,Reid Detmers,656302,672282,ltd,ltd,live,live,0.99,0.3826,0.4357,0.8183,,,,0.4891,0.5109,0.1978,0.8022,,,PASS,NO EDGE,PASS - No edge,4,2026-04-26T16:24:41Z,3.603,4.076,1.315,1.195,2.599,3.195,4.27,2.99,0.69,0.86,13.14,10.08,0.332,0.326,0.398,0.396,4.213,4.576,23.30,16.30,47.0,0,0.7500,0.8000,0.7500,0.7000,0.3675,0.3453,0.4476,0.3883,0.2137,0.0922,,,,,,,665281,0.5305,2.930,2.690,67,98,0.7272,0.6796,5.67,5.13,0.9367,0.8173,R,L,YRFI,PASS,0,1,1,2026-04-25T23:49:28+00:00,,,,,,,,,,,,,,,,,,,,0.3559,0.3929,0.4425,0.4602,0.1150,0.2124,
2026-04-20,2026,824125,1,,BAL,KC,7:40 PM ET,Kyle Bradish,Seth Lugo,680694,607625,ltd,ltd,live,live,0.96,0.4155,0.4484,0.8638,,,,0.4493,0.5507,0.2143,0.7857,,,PASS,NO EDGE,PASS - No edge,4,2026-04-26T16:24:41Z,3.834,2.838,1.41,1.133,3.607,3.766,3.62,3.19,0.96,0.94,10.06,7.91,0.323,0.310,0.405,0.385,4.494,4.113,22.90,24.30,36.0,0,1.0000,0.8000,0.7000,0.7000,0.3063,0.3258,0.3386,0.4292,0.1076,0.1888,,,,,,,511890,0.5521,4.300,4.420,17,44,0.7396,0.7136,5.53,4.73,0.7500,0.6443,R,R,NRFI,PASS,0,0,0,2026-04-25T23:49:28+00:00,,,,,,,,,,,,,,,,,,,,0.2636,0.2540,0.3063,0.3534,0.1441,0.1552,
2026-04-20,2026,823879,1,,STL,MIA,6:40 PM ET,Michael McGreevy,Max Meyer,700241,676974,ltd,ltd,live,live,0.95,0.448,0.4331,0.8812,,,,0.4493,0.5507,0.2206,0.7794,,,PASS,NO EDGE,PASS - No edge,4,2026-04-26T16:24:41Z,3.937,4.282,1.113,1.302,4.284,3.871,1.93,3.3,1.22,1.17,5.7,9.56,0.322,0.331,0.398,0.4,4.628,4.518,,,,1,0.6000,0.6000,0.5000,0.5000,0.3298,0.3793,0.3780,0.3906,0.1341,0.1459,,,,,,,482608,0.4520,4.420,6.130,68,6,0.7272,0.7272,4.93,5.27,0.8130,0.7700,R,R,NRFI,PASS,0,0,0,2026-04-25T23:49:28+00:00,,,,,,,,,,,,,,,,,,,,0.3957,0.3462,0.4602,0.3964,0.1947,0.1532,
2026-04-20,2026,824450,1,,HOU,CLE,6:10 PM ET,Spencer Arrighetti,Slade Cecconi,681293,677944,sm,ltd,live,live,0.96,0.5585,0.4966,1.0551,,,,0.4153,0.5847,0.2845,0.7155,,,YRFI,STRONG,STRONG YRFI,4,2026-04-26T16:24:41Z,4.086,5.016,1.332,1.337,4.168,4.947,4.25,3.04,1.02,1.72,9.06,7.43,0.336,0.298,0.428,0.394,4.901,4.25,3.60,5.50,47.0,0,0.8000,0.8000,0.9000,0.7500,0.3260,0.4103,0.4310,0.5458,0.2008,0.2500,,,,,,,427164,0.5083,5.610,4.990,29,82,0.7136,0.7136,4.73,5.60,0.8773,0.6943,R,R,YRFI,WIN,2,1,3,2026-04-25T23:49:28+00:00,,,,,,,,,,,,0.909,,,,,,,,0.3603,0.3561,0.5417,0.4364,0.2583,0.2000,
2026-04-20,2026,822749,1,,ATL,WSH,6:45 PM ET,Bryce Elder,Jake Irvin,693821,663623,ltd,ltd,live,live,0.97,0.5664,0.4527,1.0191,,,,0.4891,0.5109,0.2713,0.7287,,,PASS,NO EDGE,PASS - No edge,4,2026-04-26T16:24:41Z,3.69,5.341,1.188,1.325,3.698,4.733,2.7,3.22,0.95,1.62,7.55,8.01,0.332,0.326,0.437,0.405,5.273,5.134,11.30,18.40,24.0,0,0.4000,0.8000,0.5000,0.9000,0.3158,0.3514,0.4244,0.5000,0.1891,0.2222,,,,,,,623938,0.4993,4.570,2.860,59,29,0.7797,0.6780,5.00,6.07,0.8100,0.7430,R,R,YRFI,PASS,0,2,2,2026-04-25T23:49:28+00:00,,,,,,,,,,,,,,,,,,,,0.3276,0.2903,0.4078,0.3119,0.1553,0.1193,
2026-04-20,2026,824776,1,,DET,BOS,11:10 AM ET,Jack Flaherty,Sonny Gray,656427,543243,ltd,ltd,live,live,1.05,0.4367,0.6087,1.0454,,,,0.4130,0.5870,0.2809,0.7191,,,YRFI,STRONG,STRONG YRFI,4,2026-04-26T16:24:41Z,4.906,4.287,1.457,1.256,4.434,3.675,5.07,1.92,1.34,1.22,10.33,8.23,0.326,0.315,0.409,0.375,4.436,4.256,7.90,13.30,34.0,0,0.6000,1.0000,0.8000,0.9000,0.3725,0.3670,0.4409,0.3408,0.1682,0.0942,,,,,,,504381,0.4205,5.640,5.460,13,46,0.7309,0.6942,5.27,4.87,0.8613,0.7840,R,R,NRFI,LOSS,0,0,0,2026-04-25T23:49:28+00:00,,,,,,,,,,,,-1,,,,,,,,0.3496,0.3622,0.3396,0.3271,0.0849,0.0841,
2026-04-20,2026,823149,1,,OAK,SEA,9:40 PM ET,J.T. Ginn,Emerson Hancock,669372,676106,ltd,ltd,live,live,0.95,0.4294,0.5007,0.9301,,,,0.4891,0.5109,0.2385,0.7615,,,PASS,NO EDGE,PASS - No edge,4,2026-04-26T16:24:41Z,4.473,3.941,1.238,1.15,4.597,4.351,3.18,2.33,1.62,1.5,8.8,7.82,0.316,0.323,0.4,0.389,4.375,4.227,,,,1,0.8000,0.6000,0.6000,0.6000,0.3050,0.3939,0.2851,0.4635,0.0950,0.1927,,,,,,,482631,0.5380,4.480,3.340,34,51,0.6796,0.6796,5.53,4.67,0.9620,0.6513,R,R,YRFI,PASS,0,2,2,2026-04-25T23:49:28+00:00,,,,,,,,,,,,,,,,,,,,0.4180,0.3538,0.4433,0.3761,0.1753,0.1376,
2026-04-20,2026,824692,1,,PHI,CHC,7:40 PM ET,Aaron Nola,Colin Rea,605400,607067,ltd,ltd,live,live,1.0,0.411,0.5753,0.9864,,,,0.5105,0.4895,0.2592,0.7408,,,PASS,NO EDGE,PASS - No edge,4,2026-04-26T16:24:41Z,5.398,4.217,1.38,1.262,4.23,3.885,3.02,2.69,1.52,1.08,9.5,7.5,0.306,0.342,0.384,0.428,3.97,5.137,9.20,18.10,54.0,0,0.8000,0.8000,0.8000,0.6000,0.3273,0.3480,0.3471,0.4790,0.1033,0.2269,,,,,,,554242,0.4415,4.250,4.860,27,63,0.7197,0.7797,5.40,6.07,0.8913,0.6743,R,R,NRFI,PASS,0,0,0,2026-04-25T23:49:28+00:00,,,,,,,,,,,,,,,,,,,,0.3680,0.3116,0.5545,0.3492,0.2727,0.0873,
2026-04-21,2026,823236,1,,LAD,SF,9:45 PM ET,Yoshinobu Yamamoto,Landen Roupp,808967,694738,ltd,ltd,live,live,0.94,0.4385,0.3001,0.7385,,,,0.5514,0.4486,0.1693,0.8307,,,PASS,NO EDGE,PASS - No edge,4,2026-04-26T16:24:49Z,2.486,3.212,0.945,1.274,2.935,3.155,2.32,3.82,0.78,0.57,9.28,9.31,0.343,0.302,0.452,0.386,5.232,3.756,15.10,16.60,77.0,0,0.8000,0.8000,0.9000,0.8000,0.3238,0.3707,0.4115,0.4713,0.1269,0.1967,,,,,,,608093,0.5118,2.550,3.640,47,76,0.6942,0.7075,5.00,6.33,0.7483,0.7187,R,R,YRFI,PASS,0,3,3,2026-04-25T23:49:45+00:00,,,,,,,,,,,,,,,,,,,,0.3814,0.3286,0.4538,0.3952,0.1765,0.1048,
2026-04-21,2026,824690,1,,PHI,CHC,7:40 PM ET,JesÃºs Luzardo,Shota Imanaga,666200,684007,ltd,ltd,live,live,1.0,0.3658,0.4601,0.8259,,,,0.6122,0.3878,0.2005,0.7995,,,NRFI,STRONG,STRONG NRFI,4,2026-04-26T16:24:49Z,5.128,3.074,1.349,0.877,2.928,3.992,2.88,1.72,0.87,1.51,10.75,8.41,0.306,0.342,0.384,0.428,3.97,5.137,17.20,12.90,84.0,0,0.4000,1.0000,0.3000,0.9000,0.3571,0.3415,0.4549,0.4600,0.1843,0.2160,,,,,,,483569,0.5176,2.930,4.070,85,88,0.6942,0.7613,5.53,5.93,0.6507,0.8387,L,L,NRFI,WIN,0,0,0,2026-04-25T23:49:45+00:00,,,,,,,,,,,,0.909,,,,,,,,0.3386,0.3732,0.5263,0.4400,0.2632,0.1360,
2026-04-21,2026,824773,1,,NYY,BOS,6:45 PM ET,Luis Gil,Connelly Early,661563,813349,sm,ltd,live,live,1.05,0.5267,0.5992,1.126,,,,0.3773,0.6227,0.3105,0.6895,,,YRFI,STRONG,STRONG YRFI,4,2026-04-26T16:24:49Z,3.872,3.692,1.28,1.277,5.068,4.038,4.25,3.65,1.38,1.02,7.09,8.8,0.328,0.315,0.425,0.375,4.97,4.256,6.50,16.30,50.0,0,0.8000,0.8000,0.7500,0.9000,0.4027,0.3716,0.4022,0.5699,0.1359,0.3264,,,,,,,658536,0.5084,5.050,6.290,32,13,0.7136,0.7396,4.93,4.93,0.9300,0.7303,R,L,NRFI,LOSS,0,0,0,2026-04-25T23:49:45+00:00,,,,,,,,,,,,-1,,,,,,,,0.3774,0.4215,0.7159,0.4200,0.4545,0.1200,
2026-04-21,2026,824127,1,,BAL,KC,7:40 PM ET,Shane Baz,Kris Bubic,669358,663460,ltd,ltd,live,live,0.96,0.39,0.465,0.855,,,,0.4130,0.5870,0.2111,0.7889,,,YRFI,STRONG,STRONG YRFI,4,2026-04-26T16:24:49Z,4.957,3.214,1.421,1.157,3.876,3.233,3.36,3.49,1.09,0.68,8.64,9.1,0.323,0.310,0.405,0.385,4.494,4.113,24.60,29.80,58.0,0,0.6000,0.8000,0.7000,0.8000,0.3146,0.3450,0.3383,0.4619,0.1015,0.2108,,,,,,,665576,0.4578,4.760,4.330,75,40,0.7396,0.7396,5.07,5.20,0.8503,0.6443,R,L,NRFI,LOSS,0,0,0,2026-04-25T23:49:45+00:00,,,,,,,,,,,,-1,,,,,,,,0.3015,0.2692,0.3644,0.3475,0.1610,0.1441,
2026-04-21,2026,822995,1,,CIN,TB,6:40 PM ET,Chase Burns,Steven Matz,695505,571927,ltd,ltd,live,live,0.93,0.409,0.4521,0.8611,,,,0.4692,0.5308,0.2133,0.7867,,,PASS,NO EDGE,PASS - No edge,4,2026-04-26T16:24:49Z,3.607,3.978,1.191,1.182,3.779,4.151,3.29,2.6,1.2,1.35,10.28,8.3,0.312,0.328,0.388,0.4,4.327,4.75,,,,1,0.8000,1.0000,0.6667,0.9000,0.3460,0.3333,0.4086,0.3650,0.1362,0.1350,,,,,,,503586,0.4946,5.050,3.520,55,87,0.7197,0.7136,5.07,5.67,0.8473,0.7870,R,L,YRFI,PASS,2,0,2,2026-04-25T23:49:45+00:00,,,,,,,,,,,,,,,,,,,,0.3505,0.3223,0.4024,0.3675,0.1707,0.1197,
2026-04-21,2026,823640,1,,MIN,NYM,7:10 PM ET,Simeon Woods Richardson,Nolan McLean,680573,690997,ltd,ltd,live,live,0.96,0.3487,0.5134,0.8622,,,,0.6105,0.3895,0.2137,0.7863,,,NRFI,STRONG,STRONG NRFI,4,2026-04-26T16:24:49Z,4.789,3.055,1.387,0.992,4.95,3.039,3.63,2.74,1.53,0.84,7.12,10.37,0.323,0.302,0.391,0.37,4.685,3.848,7.40,19.30,40.0,0,0.6000,1.0000,0.6000,0.9000,0.3157,0.3466,0.3277,0.3784,0.0979,0.1419,,,,,,,596809,0.5038,2.280,4.790,69,8,0.7136,0.7272,5.80,5.33,0.7397,0.6020,R,R,NRFI,WIN,0,0,0,2026-04-25T23:49:45+00:00,,,,,,,,,,,,0.909,,,,,,,,0.3958,0.2738,0.5122,0.3363,0.2073,0.0885,
2026-04-21,2026,822747,1,,ATL,WSH,6:45 PM ET,Reynaldo LÃ³pez,Foster Griffin,625643,656492,ltd,ltd,live,live,0.97,0.5133,0.5588,1.0722,,,,0.4130,0.5870,0.2908,0.7092,,,YRFI,STRONG,STRONG YRFI,4,2026-04-26T16:24:49Z,4.041,3.875,1.312,1.23,4.554,4.444,3.58,2.9,1.37,1.4,8.76,8.37,0.332,0.326,0.437,0.405,5.273,5.134,15.90,14.50,27.0,0,1.0000,0.4000,1.0000,0.4000,0.3100,0.3583,0.4267,0.4428,0.1940,0.1624,,,,,,,427113,0.5139,4.510,4.890,47,18,0.7136,0.7075,5.17,5.13,0.8453,0.7713,R,L,YRFI,WIN,0,3,3,2026-04-25T23:49:45+00:00,,,,,,,,,,,,0.909,,,,,,,,0.3806,0.2941,0.4322,0.3365,0.1356,0.1442,
2026-04-21,2026,824045,1,,TOR,LAA,9:38 PM ET,Patrick Corbin,Jack Kochanowicz,571578,686799,sm,ltd,live,live,0.99,0.5767,0.4948,1.0715,,,,0.3963,0.6037,0.2905,0.7095,,,YRFI,STRONG,STRONG YRFI,4,2026-04-26T16:24:49Z,4.211,5.137,1.289,1.514,4.139,4.988,2.85,4.87,1.23,1.1,7.6,6.0,0.332,0.326,0.398,0.396,4.213,4.576,20.80,15.10,60.0,0,0.6000,0.6000,0.4000,0.7000,0.3707,0.3791,0.4613,0.4455,0.2066,0.1188,,,,,,,431232,0.4946,5.260,5.870,34,36,0.6942,0.7028,5.33,4.33,0.8723,0.9003,L,R,NRFI,LOSS,0,0,0,2026-04-25T23:49:45+00:00,,,,,,,,,,,,-1,,,,,,,,0.3905,0.4101,0.5192,0.5310,0.1635,0.2566,
2026-04-21,2026,825099,1,,CWS,ARI,9:40 PM ET,Sean Burke,Merrill Kelly,680732,518876,ltd,sm,live,live,1.0,0.5203,0.5397,1.06,,,,0.3623,0.6377,0.2863,0.7137,,,YRFI,STRONG,STRONG YRFI,4,2026-04-26T16:24:49Z,4.173,4.606,1.353,1.335,4.404,4.687,3.51,3.2,1.34,1.65,8.12,8.13,0.319,0.309,0.394,0.413,4.256,4.555,,,,1,0.6000,0.6000,0.6000,0.5000,0.3294,0.3227,0.4305,0.4231,0.1839,0.2308,,,,,,,427139,0.5818,13.640,3.750,80,11,0.6796,0.6796,5.07,4.53,0.7873,0.7103,R,R,YRFI,WIN,4,0,4,2026-04-25T23:49:45+00:00,,,,,,,,,,,,0.909,,,,,,,,0.3385,0.3548,0.4476,0.4505,0.2667,0.1802,
2026-04-21,2026,824290,1,,MIL,DET,6:40 PM ET,Kyle Harrison,Keider Montero,690986,672456,sm,ltd,live,live,0.98,0.406,0.4827,0.8887,,,,0.5922,0.4078,0.2234,0.7766,,,NRFI,STRONG,STRONG NRFI,4,2026-04-26T16:24:49Z,3.822,4.098,1.291,1.197,3.941,3.685,3.32,2.42,1.12,0.97,9.22,7.52,0.326,0.326,0.373,0.409,4.726,4.436,20.20,22.40,44.0,0,1.0000,0.8000,1.0000,0.6667,0.3402,0.3758,0.4217,0.4905,0.1807,0.2190,,,,,,,621660,0.4990,2.350,3.420,18,74,0.7272,0.7272,4.73,4.73,0.8613,0.4340,L,R,NRFI,WIN,0,0,0,2026-04-25T23:49:45+00:00,,,,,,,,,,,,0.909,,,,,,,,0.3730,0.3431,0.4862,0.4302,0.2110,0.1977,
2026-04-21,2026,823880,1,,STL,MIA,6:40 PM ET,Dustin May,Chris Paddack,669160,663978,ltd,ltd,live,live,0.95,0.4964,0.5131,1.0095,,,,0.4692,0.5308,0.2677,0.7323,,,PASS,NO EDGE,PASS - No edge,4,2026-04-26T16:24:49Z,5.296,5.741,1.467,1.381,4.238,4.763,3.08,2.16,1.31,1.81,8.02,7.5,0.322,0.331,0.398,0.4,4.628,4.518,,,,1,0.6000,0.4000,0.7000,0.6000,0.3316,0.3742,0.3765,0.3786,0.1353,0.1399,,,,,,,484499,0.5451,3.830,4.360,45,4,0.7136,0.7136,4.53,4.93,0.8130,0.7700,R,R,YRFI,PASS,1,1,2,2026-04-25T23:49:45+00:00,,,,,,,,,,,,,,,,,,,,0.3603,0.3594,0.4336,0.4074,0.1947,0.1574,
2026-04-21,2026,823148,1,,OAK,SEA,9:40 PM ET,Jacob Lopez,Luis Castillo,682052,622491,ltd,ltd,live,live,0.95,0.4104,0.587,0.9974,,,,0.4692,0.5308,0.2633,0.7367,,,PASS,NO EDGE,PASS - No edge,4,2026-04-26T16:24:49Z,4.692,4.078,1.498,1.374,4.87,3.608,4.9,2.74,1.46,1.01,9.09,8.41,0.316,0.323,0.4,0.389,4.375,4.227,,,,1,0.8000,0.4000,0.8000,0.7000,0.3039,0.3984,0.3770,0.5049,0.1548,0.2233,,,,,,,623946,0.4271,5.260,3.690,49,22,0.6990,0.6796,5.13,4.07,0.9620,0.7230,L,R,YRFI,PASS,1,0,1,2026-04-25T23:49:45+00:00,,,,,,,,,,,,,,,,,,,,0.4252,0.3583,0.5481,0.5093,0.2500,0.2130,
2026-04-21,2026,822914,1,,PIT,TEX,8:05 PM ET,Carmen Mlodzinski,Kumar Rocker,669387,677958,ltd,ltd,live,live,1.07,0.5373,0.4206,0.9579,,,,0.5148,0.4852,0.2488,0.7512,,,PASS,NO EDGE,PASS - No edge,4,2026-04-26T16:24:49Z,3.519,4.505,1.34,1.345,2.914,4.194,2.99,3.27,0.5,1.22,8.77,8.39,0.326,0.315,0.392,0.398,4.804,4.256,,,,1,0.4000,1.0000,0.7000,0.9000,0.3554,0.3893,0.4714,0.5042,0.2048,0.2101,,,,,,,483919,0.4901,4.360,4.050,41,16,0.7272,0.7136,4.67,3.87,0.8143,0.7970,R,R,YRFI,PASS,1,0,1,2026-04-25T23:49:45+00:00,,,,,,,,,,,,,,,,,,,,0.3923,0.3488,0.4495,0.4545,0.1651,0.2091,
2026-04-21,2026,824448,1,,HOU,CLE,6:10 PM ET,Ryan Weiss,Parker Messick,680802,800048,sm,ltd,live,live,0.96,0.373,0.5803,0.9532,,,,0.4692,0.5308,0.247,0.753,,,PASS,NO EDGE,PASS - No edge,4,2026-04-26T16:24:49Z,4.914,2.875,1.536,1.102,4.945,3.194,4.24,2.43,1.6,0.76,9.55,8.76,0.336,0.298,0.428,0.394,4.901,4.25,21.50,14.30,31.0,0,0.8000,1.0000,0.7000,1.0000,0.3229,0.4033,0.4183,0.5294,0.1952,0.2353,,,,,,,658292,0.4848,3.180,5.750,49,38,0.7136,0.7136,6.13,3.67,1.0347,0.6943,R,L,YRFI,PASS,0,1,1,2026-04-25T23:49:45+00:00,,,,,,,,,,,,,,,,,,,,0.3406,0.3456,0.4919,0.4298,0.2177,0.2018,
2026-04-21,2026,824369,1,,SD,COL,8:40 PM ET,Randy VÃ¡squez,Jimmy Herget,681190,623474,ltd,sm,live,live,1.22,0.4252,0.5348,0.96,,,,0.4130,0.5870,0.2495,0.7505,,,YRFI,STRONG,STRONG YRFI,4,2026-04-26T16:24:49Z,3.03,2.661,1.221,1.116,3.679,3.014,3.12,2.56,0.77,0.63,7.05,8.68,0.313,0.317,0.388,0.405,4.457,4.256,27.70,16.00,7.0,0,0.5000,1.0000,0.5000,0.9000,0.3254,0.3136,0.4947,0.4008,0.2394,0.1529,,,,,,,623945,0.5123,3.850,4.330,48,69,0.6942,0.7508,1.00,5.73,0.6907,0.9597,R,R,NRFI,LOSS,0,0,0,2026-04-25T23:49:45+00:00,,,,,,,,,,,,-1,,,,,,,,0.3670,0.3304,0.4595,0.5300,0.1622,0.2800,
2026-04-22,2026,824367,1,,SD,COL,8:40 PM ET,Walker Buehler,Tomoyuki Sugano,621111,608372,ltd,ltd,live,live,1.22,0.6159,0.7125,1.3283,,,,0.3623,0.6377,0.3832,0.6168,,,YRFI,STRONG,STRONG YRFI,4,2026-04-26T16:24:58Z,5.214,4.158,1.553,1.255,4.614,5.033,4.26,2.07,1.2,1.83,7.39,6.26,0.313,0.317,0.388,0.405,4.457,4.256,27.80,23.70,4.0,0,0.6000,1.0000,0.4000,0.7000,0.2712,0.3109,0.3761,0.3913,0.1606,0.1462,,,,,,,484198,0.5395,6.170,4.990,17,41,0.7272,0.6909,5.00,4.53,0.6907,0.5473,R,R,YRFI,WIN,1,0,1,2026-04-25T23:50:06+00:00,,,,,,,,,,,,0.909,,,,,,,,0.3543,0.2523,0.4545,0.3776,0.1636,0.1837,
2026-04-22,2026,824774,1,,NYY,BOS,6:45 PM ET,Max Fried,Ranger Suarez,608331,624133,ltd,ltd,live,live,1.05,0.4375,0.3222,0.7597,,,,0.4240,0.5760,0.1768,0.8232,,,YRFI,STRONG,STRONG YRFI,4,2026-04-26T16:24:58Z,2.627,3.522,0.933,1.192,2.732,3.45,2.27,2.37,0.43,0.88,7.85,7.72,0.328,0.315,0.425,0.375,4.97,4.256,7.40,13.00,78.0,0,0.6000,0.6000,0.7000,0.8000,0.3692,0.3590,0.4342,0.5109,0.1535,0.2663,,,,,,,429805,0.5769,4.990,2.300,8,34,0.7272,0.7197,5.33,6.67,0.7667,0.9253,L,L,YRFI,WIN,3,0,3,2026-04-25T23:50:06+00:00,,,,,,,,,,,,0.909,,,,,,,,0.3805,0.3223,0.6129,0.3271,0.3548,0.0935,
2026-04-22,2026,823147,1,,OAK,SEA,4:10 PM ET,Aaron Civale,Logan Gilbert,650644,669302,ltd,ltd,live,live,0.95,0.3418,0.4562,0.7979,,,,0.4891,0.5109,0.1905,0.8095,,,PASS,NO EDGE,PASS - No edge,4,2026-04-26T16:24:58Z,4.408,3.856,1.283,1.138,4.147,2.992,2.76,2.03,1.26,1.12,7.77,10.83,0.316,0.323,0.4,0.389,4.375,4.227,,,,1,0.2000,0.6000,0.4000,0.6000,0.3123,0.3831,0.3115,0.4840,0.1107,0.2181,,,,,,,427315,0.5564,3.750,4.190,79,26,0.7510,0.7272,5.80,5.00,0.9250,0.6513,R,R,YRFI,PASS,2,1,3,2026-04-25T23:50:06+00:00,,,,,,,,,,,,,,,,,,,,0.4146,0.3615,0.5341,0.3784,0.2500,0.1261,
2026-04-22,2026,822748,1,,ATL,WSH,6:45 PM ET,Didier Fuentes,Zack Littell,800311,641793,sm,ltd,live,live,0.97,0.659,0.4939,1.1529,,,,0.3623,0.6377,0.3203,0.6797,,,YRFI,STRONG,STRONG YRFI,4,2026-04-26T16:24:58Z,4.532,5.253,1.298,1.327,3.972,6.212,2.94,2.06,1.21,2.59,9.68,5.94,0.332,0.326,0.437,0.405,5.273,5.134,23.40,10.40,42.0,0,1.0000,0.5000,0.8000,0.5000,0.3359,0.3609,0.4649,0.4842,0.2281,0.2105,,,,,,,427366,0.4992,8.020,3.710,3,73,0.6796,0.7136,4.73,3.25,0.8810,0.7303,R,R,YRFI,WIN,1,4,5,2026-04-25T23:50:06+00:00,,,,,,,,,,,,0.909,,,,,,,,0.3623,0.3025,0.4286,0.3824,0.1597,0.1961,
2026-04-22,2026,823231,1,,LAD,SF,9:45 PM ET,Shohei Ohtani,Tyler Mahle,660271,641816,ltd,ltd,live,live,0.94,0.5438,0.2898,0.8336,,,,0.4301,0.5699,0.2033,0.7967,,,YRFI,STRONG,STRONG YRFI,4,2026-04-26T16:24:58Z,2.442,3.719,1.011,1.332,2.716,4.435,2.41,3.79,0.6,1.27,9.81,8.16,0.343,0.302,0.452,0.386,5.232,3.756,15.80,11.00,70.0,0,0.4000,1.0000,0.7000,1.0000,0.3242,0.3603,0.4037,0.4156,0.1222,0.1523,,,,,,,490319,0.5366,5.720,2.010,33,86,0.7075,0.7272,4.73,5.80,0.7353,0.7187,R,R,NRFI,LOSS,0,0,0,2026-04-25T23:50:06+00:00,,,,,,,,,,,,-1,,,,,,,,0.3441,0.3286,0.4107,0.3770,0.1518,0.0984,
2026-04-22,2026,823878,1,,STL,MIA,12:10 PM ET,Kyle Leahy,Janson Junk,681517,676083,ltd,ltd,live,live,0.95,0.3338,0.4911,0.8249,,,,0.4502,0.5498,0.2002,0.7998,,,PASS,NO EDGE,PASS - No edge,4,2026-04-26T16:24:58Z,4.218,3.97,1.398,1.15,4.085,3.294,3.36,1.67,1.0,0.69,7.34,6.17,0.322,0.331,0.398,0.4,4.628,4.518,,,,1,0.6000,0.8000,0.8000,0.8000,0.3671,0.3535,0.4216,0.3458,0.1418,0.1250,,,,,,,658082,0.5146,3.520,5.720,23,16,0.7136,0.7136,5.33,4.40,0.7583,0.7533,R,R,NRFI,PASS,0,0,0,2026-04-25T23:50:06+00:00,,,,,,,,,,,,,,,,,,,,0.3359,0.3852,0.3761,0.4386,0.1560,0.1579,
2026-04-22,2026,823641,1,,MIN,NYM,7:10 PM ET,Connor Prielipp,Clay Holmes,687570,605280,sm,ltd,live,live,0.96,0.4343,0.3942,0.8285,,,,0.4891,0.5109,0.2015,0.7985,,,PASS,NO EDGE,PASS - No edge,4,2026-04-26T16:24:58Z,4.227,2.917,1.227,1.184,3.864,3.965,2.73,3.34,1.09,0.82,9.32,6.46,0.323,0.302,0.391,0.37,4.685,3.848,10.70,5.80,74.0,0,0.8000,,0.7000,,0.3153,0.3614,0.3433,0.4333,0.0945,0.1762,,,,,,,605674,0.5127,4.220,,35,,0.7272,0.7136,5.80,,0.8080,0.7020,L,R,YRFI,PASS,0,1,1,2026-04-25T23:50:06+00:00,,,,,,,,,,,,,,,,,,,,0.3390,0.2870,0.4423,0.3704,0.1827,0.1296,
2026-04-22,2026,825097,1,,CWS,ARI,9:40 PM ET,Anthony Kay,Eduardo Rodriguez,641743,593958,ltd,ltd,live,live,1.0,0.5359,0.5676,1.1035,,,,0.3623,0.6377,0.3023,0.6977,,,YRFI,STRONG,STRONG YRFI,4,2026-04-26T16:24:58Z,4.672,4.143,1.36,1.449,4.838,4.701,3.74,3.65,1.38,1.39,7.75,7.3,0.319,0.309,0.394,0.413,4.256,4.555,,,,1,0.6000,0.5000,0.7000,0.5000,0.3371,0.3531,0.4292,0.4426,0.1845,0.2213,,,,,,,605672,0.5283,4.950,7.730,7,20,0.7412,0.7136,5.80,5.17,0.8790,0.9377,L,L,YRFI,WIN,2,0,2,2026-04-25T23:50:06+00:00,,,,,,,,,,,,0.909,,,,,,,,0.3620,0.3704,0.4513,0.4679,0.2301,0.2018,
2026-04-22,2026,824688,1,,PHI,CHC,7:40 PM ET,Kyle Backhus,Matthew Boyd,679775,571510,sm,sm,live,live,1.0,0.325,0.5267,0.8517,,,,0.5291,0.4709,0.2099,0.7901,,,PASS,NO EDGE,PASS - No edge,4,2026-04-26T16:24:58Z,4.357,3.879,1.277,1.103,4.119,2.961,2.6,2.06,1.32,0.87,8.89,9.4,0.306,0.342,0.384,0.428,3.97,5.137,11.90,12.80,69.0,0,0.6000,,0.7000,,0.3654,0.3400,0.4590,0.4713,0.1866,0.2299,,,,,,,545402,0.5488,3.720,2.930,97,6,0.7272,0.7136,4.53,,0.6507,0.8387,L,L,YRFI,PASS,0,1,1,2026-04-25T23:50:06+00:00,,,,,,,,,,,,,,,,,,,,0.3386,0.3810,0.5664,0.4567,0.3097,0.1575,
2026-04-22,2026,824123,1,,BAL,KC,2:10 PM ET,Chris Bassitt,Michael Wacha,605135,608379,ltd,ltd,live,live,0.96,0.3741,0.529,0.9031,,,,0.4130,0.5870,0.2287,0.7713,,,YRFI,STRONG,STRONG YRFI,4,2026-04-26T16:24:58Z,4.923,3.259,1.582,1.091,4.473,3.532,3.72,2.55,1.2,0.81,7.22,7.15,0.323,0.310,0.405,0.385,4.494,4.113,19.80,18.80,80.0,0,1.0000,0.6000,0.9000,0.7000,0.3125,0.3242,0.3177,0.4134,0.0938,0.1811,,,,,,,482641,0.4806,4.600,6.250,59,17,0.7508,0.7396,6.60,4.07,0.7500,0.6910,R,R,YRFI,WIN,2,1,3,2026-04-25T23:50:06+00:00,,,,,,,,,,,,0.909,,,,,,,,0.2687,0.3107,0.2544,0.3793,0.0965,0.1609,
2026-04-22,2026,824286,1,,MIL,DET,6:40 PM ET,DL Hall,Casey Mize,669084,663554,sm,ltd,live,live,0.98,0.4027,0.5144,0.917,,,,0.4891,0.5109,0.2338,0.7662,,,PASS,NO EDGE,PASS - No edge,4,2026-04-26T16:24:58Z,3.61,3.308,1.266,1.22,4.129,3.388,4.35,2.6,0.93,1.01,8.78,9.15,0.326,0.326,0.373,0.409,4.726,4.436,20.30,11.00,52.0,0,1.0000,1.0000,0.8000,1.0000,0.3768,0.3757,0.4025,0.4889,0.1120,0.2089,,,,,,,483912,0.5511,3.220,4.670,63,69,0.7136,0.7136,5.80,3.00,0.8613,0.6773,L,R,NRFI,PASS,0,0,0,2026-04-25T23:50:06+00:00,,,,,,,,,,,,,,,,,,,,0.3876,0.3770,0.5221,0.3889,0.2124,0.0926,
2026-04-22,2026,824449,1,,HOU,CLE,1:10 PM ET,Peter Lambert,Tanner Bibee,663567,676440,sm,ltd,live,live,0.96,0.5071,0.417,0.9242,,,,0.4490,0.5510,0.2364,0.7636,,,PASS,NO EDGE,PASS - No edge,4,2026-04-26T16:24:58Z,3.999,4.33,1.254,1.324,3.571,4.348,3.06,2.94,0.94,1.4,9.8,7.91,0.336,0.298,0.428,0.394,4.901,4.25,19.70,10.10,57.0,0,0.8000,0.0000,0.9000,0.0000,0.3333,0.4000,0.4215,0.5204,0.1954,0.2268,,,,,,,605673,0.4897,4.640,2.950,63,99,0.7136,0.7136,4.87,5.00,0.8773,0.6943,R,R,YRFI,PASS,2,0,2,2026-04-25T23:50:06+00:00,,,,,,,,,,,,,,,,,,,,0.3453,0.3529,0.4677,0.4054,0.1935,0.1892,
2026-04-22,2026,822913,1,,PIT,TEX,8:05 PM ET,Braxton Ashcraft,Jack Leiter,677952,683004,ltd,ltd,live,live,1.07,0.539,0.3953,0.9343,,,,0.5505,0.4495,0.2401,0.7599,,,PASS,NO EDGE,PASS - No edge,4,2026-04-26T16:24:58Z,2.956,4.288,1.149,1.349,2.873,3.88,2.95,3.97,0.55,1.07,9.42,9.42,0.326,0.315,0.392,0.398,4.804,4.256,,,,1,0.4000,1.0000,0.5000,1.0000,0.3244,0.3733,0.4624,0.5120,0.2105,0.2400,,,,,,,575629,0.4774,5.050,2.080,83,81,0.7272,0.7136,5.47,5.40,0.8757,0.7397,R,R,YRFI,PASS,1,0,1,2026-04-25T23:50:06+00:00,,,,,,,,,,,,,,,,,,,,0.3857,0.3015,0.4831,0.4711,0.2119,0.2479,
2026-04-22,2026,824044,1,,TOR,LAA,3:07 PM ET,Eric Lauer,JosÃ© Soriano,641778,667755,ltd,ltd,live,live,0.99,0.366,0.5612,0.9273,,,,0.4607,0.5393,0.2375,0.7625,,,PASS,NO EDGE,PASS - No edge,4,2026-04-26T16:24:58Z,4.541,2.323,1.275,1.121,4.785,2.923,3.24,3.67,1.69,0.45,8.42,9.21,0.332,0.326,0.398,0.396,4.213,4.576,20.70,19.00,44.0,0,0.8000,0.6000,0.8000,0.6000,0.3634,0.3551,0.4468,0.4071,0.1986,0.1018,,,,,,,489985,0.4845,2.730,4.570,90,19,0.7272,0.7272,6.53,4.47,0.7267,0.9003,L,R,NRFI,PASS,0,0,0,2026-04-25T23:50:06+00:00,,,,,,,,,,,,,,,,,,,,0.3761,0.3750,0.4595,0.4867,0.1171,0.2389,
2026-04-22,2026,822993,1,,CIN,TB,1:10 PM ET,Brandon Williamson,Nick Martinez,682227,607259,ltd,ltd,live,live,0.93,0.3852,0.5536,0.9387,,,,0.4072,0.5928,0.2417,0.7583,,,YRFI,STRONG,STRONG YRFI,4,2026-04-26T16:24:58Z,4.662,3.443,1.354,1.163,4.854,4.051,4.06,2.34,1.29,1.07,7.55,6.18,0.312,0.328,0.388,0.4,4.327,4.75,,,,1,0.8000,1.0000,0.9000,1.0000,0.3726,0.3134,0.4528,0.3483,0.1811,0.1348,,,,,,,503502,0.4948,4.670,7.000,10,33,0.7272,0.7136,5.47,5.17,0.6623,0.8507,L,R,NRFI,LOSS,0,0,0,2026-04-25T23:50:06+00:00,,,,,,,,,,,,-1,,,,,,,,0.3085,0.3704,0.3947,0.4107,0.1754,0.1518,
2026-04-23,2026,823233,1,,LAD,SF,3:45 PM ET,Tyler Glasnow,Logan Webb,607192,657277,ltd,ltd,live,live,0.94,0.3815,0.3267,0.7082,,,,0.4657,0.5343,0.1587,0.8413,,,PASS,NO EDGE,PASS - No edge,4,2026-04-26T16:25:08Z,2.993,4.008,0.94,1.307,3.068,2.792,3.04,2.56,0.82,0.55,10.26,8.8,0.343,0.302,0.452,0.386,5.232,3.756,17.70,18.00,61.0,0,1.0000,0.8000,0.8000,0.8000,0.3179,0.3563,0.3936,0.4803,0.1170,0.2087,,,,,,,427128,0.4785,4.450,2.170,17,76,0.6539,0.7028,6.00,5.60,0.7667,0.7187,R,R,NRFI,PASS,0,0,0,2026-04-25T23:50:19+00:00,,,,,,,,,,,,,,,,,,,,0.3614,0.2846,0.4690,0.2927,0.2035,0.0488,
2026-04-23,2026,824368,1,,SD,COL,3:10 PM ET,Matt Waldron,Ryan Feltner,663362,663372,sm,ltd,live,live,1.22,0.6405,0.6472,1.2877,,,,0.3756,0.6244,0.3688,0.6312,,,YRFI,STRONG,STRONG YRFI,4,2026-04-26T16:25:08Z,5.605,4.992,1.43,1.372,4.511,4.777,3.24,3.3,1.37,1.55,8.69,8.25,0.313,0.317,0.388,0.405,4.457,4.256,17.20,16.20,15.0,0,0.6000,1.0000,0.6000,1.0000,0.3233,0.3074,0.4597,0.3788,0.1943,0.1402,,,,,,,577468,0.4946,6.450,4.700,52,4,0.7709,0.7075,4.53,4.17,0.6907,0.9337,R,R,YRFI,WIN,0,1,1,2026-04-25T23:50:19+00:00,,,,,,,,,,,,0.909,,,,,,,,0.3590,0.3025,0.4464,0.4352,0.1607,0.2037,
2026-04-23,2026,824689,1,,PHI,CHC,2:20 PM ET,Cristopher SÃ¡nchez,Edward Cabrera,650911,665795,ltd,ltd,live,live,1.0,0.4006,0.3995,0.8001,,,,0.4891,0.5109,0.1913,0.8087,,,PASS,NO EDGE,PASS - No edge,4,2026-04-26T16:25:08Z,2.7,3.192,1.305,1.209,2.5,3.591,2.3,3.25,0.66,0.9,10.45,8.55,0.306,0.342,0.384,0.428,3.97,5.137,26.80,27.20,37.0,0,1.0000,0.8000,0.6000,0.9000,0.3650,0.3301,0.4610,0.4579,0.1844,0.2234,,,,,,,427537,0.4944,3.720,3.290,45,83,0.7412,0.7396,5.53,5.67,0.8913,0.8387,L,R,NRFI,PASS,0,0,0,2026-04-25T23:50:19+00:00,,,,,,,,,,,,,,,,,,,,0.3228,0.3986,0.5088,0.5000,0.2632,0.1774,
2026-04-23,2026,823639,1,,MIN,NYM,7:10 PM ET,Joe Ryan,Christian Scott,657746,681035,ltd,sm,live,live,0.96,0.4685,0.3399,0.8084,,,,0.4891,0.5109,0.1942,0.8058,,,PASS,NO EDGE,PASS - No edge,4,2026-04-26T16:25:08Z,3.634,4.268,1.031,1.317,3.276,4.328,2.14,3.24,1.13,1.17,9.78,8.88,0.323,0.302,0.391,0.37,4.685,3.848,21.50,15.10,23.0,0,,0.8000,,0.6000,0.3215,0.3440,0.3858,0.4326,0.1320,0.1860,,,,,,,427013,0.5040,,2.990,,44,0.7136,0.7272,,5.47,0.7727,0.8020,R,R,YRFI,PASS,1,3,4,2026-04-25T23:50:19+00:00,,,,,,,,,,,,,,,,,,,,0.3171,0.3421,0.4182,0.4020,0.1818,0.1373,
2026-04-23,2026,824288,1,,MIL,DET,1:10 PM ET,Brandon Sproat,Tarik Skubal,687075,669373,ltd,ltd,live,live,0.98,0.2568,0.5561,0.8129,,,,0.4891,0.5109,0.1959,0.8041,,,PASS,NO EDGE,PASS - No edge,4,2026-04-26T16:25:08Z,5.065,2.452,1.36,0.937,4.65,2.107,3.83,1.51,1.37,0.55,8.49,10.34,0.326,0.326,0.373,0.409,4.726,4.436,22.70,11.30,63.0,0,0.8000,0.8000,0.8000,0.8333,0.3755,0.3867,0.3990,0.4384,0.1232,0.1507,,,,,,,573597,0.4761,3.040,5.260,73,34,0.7396,0.7136,6.07,4.87,0.6077,0.5857,R,L,YRFI,PASS,0,2,2,2026-04-25T23:50:19+00:00,,,,,,,,,,,,,,,,,,,,0.3701,0.3929,0.4324,0.4490,0.1441,0.1429,
2026-04-23,2026,824770,1,,NYY,BOS,6:10 PM ET,Cam Schlittler,Payton Tolle,693645,801139,ltd,sm,live,live,1.05,0.4871,0.3438,0.831,,,,0.6588,0.3412,0.2024,0.7976,,,NRFI,STRONG,STRONG NRFI,4,2026-04-26T16:25:08Z,2.661,3.848,0.997,1.174,2.7,3.926,2.34,2.8,0.69,1.24,10.11,9.89,0.328,0.315,0.425,0.375,4.97,4.256,10.60,18.50,50.0,0,0.3333,0.8000,0.3333,0.7000,0.3398,0.3924,0.3389,0.5792,0.0944,0.3083,,,,,,,596805,0.4819,1.790,2.310,92,78,0.7136,0.7136,3.44,5.53,1.0050,0.5920,R,L,NRFI,WIN,0,0,0,2026-04-25T23:50:19+00:00,,,,,,,,,,,,0.909,,,,,,,,0.4065,0.3274,0.6961,0.3627,0.4020,0.1078,
2026-04-23,2026,825096,1,,CWS,ARI,3:40 PM ET,Davis Martin,Michael Soroka,663436,647336,ltd,ltd,live,live,1.0,0.3821,0.4387,0.8208,,,,0.4025,0.5975,0.1987,0.8013,,,YRFI,STRONG,STRONG YRFI,4,2026-04-26T16:25:08Z,3.186,3.697,1.172,1.158,3.805,3.218,2.6,2.69,0.97,0.99,6.99,10.15,0.319,0.309,0.394,0.413,4.256,4.555,,,,1,0.8000,0.8000,0.7000,0.6000,0.3545,0.3393,0.4675,0.4744,0.2033,0.2564,,,,,,,484183,0.5086,4.600,4.670,38,32,0.7136,0.7272,4.93,5.87,0.7873,0.7103,R,R,YRFI,WIN,0,1,1,2026-04-25T23:50:19+00:00,,,,,,,,,,,,0.909,,,,,,,,0.3778,0.4066,0.5893,0.5364,0.3393,0.2273,
2026-04-23,2026,822745,1,,ATL,WSH,1:05 PM ET,JR Ritchie,Cade Cavalli,702275,676917,sm,ltd,live,live,0.97,0.4812,0.5176,0.9988,,,,0.4493,0.5507,0.2638,0.7362,,,PASS,NO EDGE,PASS - No edge,4,2026-04-26T16:25:08Z,3.957,4.141,1.213,1.462,4.419,3.489,2.94,3.5,1.4,0.77,8.91,9.11,0.332,0.326,0.437,0.405,5.273,5.134,27.90,1.60,33.0,0,0.6000,,0.6000,,0.3620,0.3618,0.4947,0.4983,0.2447,0.2237,,,,,,,503490,0.5467,3.910,,39,,0.7136,0.7136,3.93,,0.8810,0.7863,R,R,YRFI,PASS,0,1,1,2026-04-25T23:50:19+00:00,,,,,,,,,,,,,,,,,,,,0.3597,0.3571,0.4538,0.4756,0.1849,0.2439,
2026-04-23,2026,822912,1,,PIT,TEX,8:05 PM ET,Bubba Chandler,Jacob deGrom,696149,594798,ltd,ltd,live,live,1.07,0.4232,0.5563,0.9795,,,,0.4891,0.5109,0.2567,0.7433,,,PASS,NO EDGE,PASS - No edge,4,2026-04-26T16:25:08Z,4.426,2.646,1.292,0.978,4.391,3.428,3.83,2.16,1.21,1.39,8.53,10.78,0.326,0.315,0.392,0.398,4.804,4.256,,,,1,0.4000,1.0000,0.5000,0.8750,0.3292,0.3681,0.4481,0.5132,0.2028,0.2415,,,,,,,605670,0.5573,2.990,5.290,86,39,0.7510,0.7136,4.93,5.13,0.8757,0.6153,R,R,NRFI,PASS,0,0,0,2026-04-25T23:50:19+00:00,,,,,,,,,,,,,,,,,,,,0.3643,0.2545,0.4874,0.2812,0.2353,0.1250,
2026-04-24,2026,823800,1,,PIT,MIL,7:40 PM ET,Paul Skenes,Brandon Woodruff,694973,605540,ltd,ltd,live,live,1.03,0.4236,0.309,0.7326,,,,0.6620,0.3380,0.1672,0.8328,,,NRFI,STRONG,STRONG NRFI,4,2026-04-26T16:25:16Z,2.184,3.708,0.853,1.044,2.407,3.718,2.08,2.23,0.57,1.25,9.93,9.11,0.326,0.326,0.392,0.373,4.804,4.726,,,,1,0.6000,0.6000,0.7000,0.7000,0.3654,0.3510,0.4672,0.5105,0.1967,0.2363,,,,,,,665297,0.4839,3.060,1.940,31,42,0.8025,0.6796,5.73,4.40,0.7523,0.8613,R,R,NRFI,WIN,0,0,0,2026-04-25T23:50:35+00:00,,,,,,,,,,,,0.909,,,,,,,,0.3492,0.3615,0.5000,0.4522,0.2321,0.1652,
2026-04-24,2026,824854,1,,BOS,BAL,7:05 PM ET,Brayan Bello,Brandon Young,678394,687064,ltd,sm,live,live,1.06,0.5186,0.7077,1.2262,,,,0.4130,0.5870,0.3468,0.6532,,,YRFI,STRONG,STRONG YRFI,4,2026-04-26T16:25:16Z,5.355,4.635,1.605,1.336,5.454,4.568,3.95,3.1,1.72,1.4,6.51,7.78,0.315,0.323,0.375,0.405,4.256,4.494,19.40,3.80,74.0,0,0.4000,0.6000,0.6000,0.6000,0.3565,0.3257,0.3979,0.3229,0.1361,0.0885,,,,,,,596740,0.5740,3.270,8.320,19,84,0.7136,0.7396,5.20,4.73,0.5920,0.8507,R,R,YRFI,WIN,0,4,4,2026-04-25T23:50:35+00:00,,,,,,,,,,,,0.909,,,,,,,,0.3103,0.2976,0.3491,0.3204,0.1038,0.1359,
2026-04-24,2026,822827,1,,CLE,TOR,7:07 PM ET,Gavin Williams,Max Scherzer,668909,453286,ltd,sm,live,live,1.01,0.6088,0.5472,1.156,,,,0.4493,0.5507,0.3214,0.6786,,,PASS,NO EDGE,PASS - No edge,4,2026-04-26T16:25:16Z,3.163,6.383,1.186,1.382,4.368,5.823,4.65,3.02,1.38,2.3,10.22,7.56,0.298,0.332,0.394,0.398,4.25,4.213,,,,1,0.4000,0.8000,0.3000,0.8000,0.3699,0.3590,0.4215,0.4979,0.1166,0.2446,,,,,,,607884,0.5403,6.740,4.100,3,80,0.6942,0.7075,4.27,5.93,0.7920,0.6903,R,R,YRFI,PASS,5,2,7,2026-04-25T23:50:35+00:00,,,,,,,,,,,,,,,,,,,,0.4524,0.3636,0.5800,0.4466,0.2700,0.1262,
2026-04-24,2026,822992,1,,MIN,TB,7:10 PM ET,Taj Bradley,Drew Rasmussen,671737,656876,ltd,ltd,live,live,0.93,0.3669,0.4795,0.8464,,,,0.4891,0.5109,0.208,0.792,,,PASS,NO EDGE,PASS - No edge,4,2026-04-26T16:25:16Z,4.065,2.64,1.299,0.912,3.942,3.856,3.5,1.91,1.14,1.35,8.84,8.26,0.323,0.328,0.391,0.4,4.685,4.75,,,,1,0.8000,0.8000,0.9000,0.8000,0.3511,0.3932,0.4188,0.4398,0.1480,0.1728,,,,,,,427344,0.4727,2.650,4.250,42,43,0.7272,0.7136,4.40,5.53,0.8597,0.7870,R,R,YRFI,PASS,0,1,1,2026-04-25T23:50:35+00:00,,,,,,,,,,,,,,,,,,,,0.4153,0.3535,0.5567,0.4261,0.2577,0.1652,
2026-04-24,2026,823232,1,,MIA,SF,10:15 PM ET,Sandy Alcantara,Adrian Houser,645261,605288,ltd,ltd,live,live,0.94,0.4576,0.3996,0.8572,,,,0.4493,0.5507,0.2119,0.7881,,,PASS,NO EDGE,PASS - No edge,4,2026-04-26T16:25:16Z,4.189,4.878,1.189,1.476,4.046,4.132,2.9,2.79,1.0,1.0,6.61,6.02,0.331,0.302,0.4,0.386,4.518,3.756,16.80,18.60,67.0,0,0.2000,0.8000,0.3000,0.7000,0.3142,0.3349,0.3849,0.3850,0.1134,0.1390,,,,,,,483564,0.5037,5.830,3.110,14,52,0.6796,0.7396,5.53,7.07,0.6837,0.7187,R,R,YRFI,PASS,3,0,3,2026-04-25T23:50:35+00:00,,,,,,,,,,,,,,,,,,,,0.3564,0.2756,0.4535,0.2951,0.1977,0.0492,
2026-04-24,2026,823638,1,,COL,NYM,7:10 PM ET,Michael Lorenzen,Freddy Peralta,547179,642547,ltd,ltd,live,live,0.96,0.4106,0.4591,0.8696,,,,0.4692,0.5308,0.2164,0.7836,,,PASS,NO EDGE,PASS - No edge,4,2026-04-26T16:25:16Z,5.19,3.234,1.545,1.138,4.35,3.562,2.25,3.49,1.46,1.09,7.26,10.27,0.317,0.302,0.405,0.37,4.256,3.848,12.60,16.70,53.0,0,0.8000,0.8000,0.8000,0.7000,0.3017,0.3346,0.3473,0.5569,0.0898,0.2764,,,,,,,521051,0.4691,3.570,5.610,78,21,0.7396,0.7510,5.33,4.13,0.9543,0.6720,R,R,NRFI,PASS,0,0,0,2026-04-25T23:50:35+00:00,,,,,,,,,,,,,,,,,,,,0.3254,0.3028,0.5897,0.3592,0.3162,0.0971,
2026-04-24,2026,824204,1,,NYY,HOU,8:10 PM ET,Will Warren,Lance McCullers Jr.,701542,621121,ltd,ltd,live,live,0.99,0.6128,0.4714,1.0842,,,,0.4493,0.5507,0.2952,0.7048,,,PASS,NO EDGE,PASS - No edge,4,2026-04-26T16:25:16Z,3.631,5.835,1.274,1.504,3.386,4.766,2.92,4.59,1.07,1.41,10.02,9.09,0.328,0.336,0.425,0.428,4.97,4.901,,,,1,0.4000,0.8000,0.5000,0.8000,0.4250,0.3360,0.6286,0.4306,0.2857,0.1962,,,,,,,644760,0.6254,4.990,3.490,43,30,0.7136,0.7272,4.67,5.07,0.7820,0.8153,R,R,YRFI,PASS,3,0,3,2026-04-25T23:50:35+00:00,,,,,,,,,,,,,,,,,,,,0.3302,0.3617,0.5158,0.5952,0.2526,0.3095,
2026-04-24,2026,823962,1,,CHC,LAD,10:15 PM ET,Jameson Taillon,Emmet Sheehan,592791,686218,ltd,ltd,live,live,0.97,0.4491,0.6079,1.057,,,,0.4692,0.5308,0.2852,0.7148,,,PASS,NO EDGE,PASS - No edge,4,2026-04-26T16:25:16Z,4.032,3.92,1.157,1.147,5.153,3.602,2.73,2.93,1.93,1.15,7.41,9.96,0.342,0.343,0.428,0.452,5.137,5.232,22.90,13.70,50.0,0,0.2000,0.8000,0.5000,0.7000,0.3588,0.3363,0.4385,0.3838,0.1692,0.1279,,,,,,,691042,0.5084,3.960,4.600,85,66,0.7136,0.7272,4.20,5.73,0.6743,0.7853,R,R,NRFI,PASS,0,0,0,2026-04-25T23:50:35+00:00,,,,,,,,,,,,,,,,,,,,0.3662,0.3464,0.4531,0.3704,0.1484,0.1111,
2026-04-24,2026,823069,1,,SEA,STL,8:15 PM ET,George Kirby,Andre Pallante,669923,669467,ltd,ltd,live,live,0.97,0.5172,0.3897,0.9069,,,,0.4891,0.5109,0.2301,0.7699,,,PASS,NO EDGE,PASS - No edge,4,2026-04-26T16:25:16Z,3.597,4.905,1.116,1.432,3.398,4.628,2.07,4.05,1.0,1.13,8.25,6.55,0.323,0.322,0.389,0.398,4.227,4.628,22.60,3.80,60.0,0,0.4000,0.6000,0.6000,0.7000,0.3704,0.3200,0.3902,0.3359,0.1477,0.1197,,,,,,,554242,0.4415,5.190,2.860,46,21,0.7136,0.7396,4.53,6.67,0.6513,0.8130,R,R,NRFI,PASS,0,0,0,2026-04-25T23:50:35+00:00,,,,,,,,,,,,,,,,,,,,0.3615,0.3778,0.4298,0.5088,0.1579,0.2368,
2026-04-24,2026,824611,1,,WSH,CWS,7:40 PM ET,PJ Poulin,Bryan Hudson,676571,663542,sm,sm,live,live,0.98,0.486,0.5333,1.0193,,,,0.4437,0.5563,0.2713,0.7287,,,PASS,NO EDGE,PASS - No edge,4,2026-04-26T16:25:16Z,4.17,3.618,1.339,1.333,4.649,3.842,3.82,3.75,1.32,0.94,8.25,9.59,0.326,0.319,0.405,0.394,5.134,4.256,19.80,14.50,63.0,0,,0.6667,,0.6667,0.3450,0.3510,0.4516,0.4716,0.2056,0.2074,,,,,,,504381,0.4205,3.670,6.210,47,5,0.7136,0.7136,,0.89,0.8137,0.5020,L,L,NRFI,PASS,0,0,0,2026-04-25T23:50:35+00:00,,,,,,,,,,,,,,,,,,,,0.3556,0.4091,0.4957,0.5752,0.2393,0.2655,
2026-04-24,2026,822909,1,,OAK,TEX,8:05 PM ET,Luis Severino,Nathan Eovaldi,622663,543135,ltd,ltd,live,live,1.07,0.4466,0.5687,1.0153,,,,0.4508,0.5492,0.2699,0.7301,,,PASS,NO EDGE,PASS - No edge,4,2026-04-26T16:25:16Z,4.816,3.541,1.414,1.127,4.199,3.931,4.22,1.93,1.01,1.51,7.92,8.94,0.316,0.315,0.4,0.398,4.375,4.256,,,,1,0.4000,0.6000,0.7000,0.6000,0.3386,0.3986,0.4661,0.5150,0.2127,0.2275,,,,,,,623949,0.5484,4.700,5.320,68,37,0.7508,0.7309,5.33,4.93,0.9620,0.6153,R,R,YRFI,PASS,3,0,3,2026-04-25T23:50:35+00:00,,,,,,,,,,,,,,,,,,,,0.4308,0.2818,0.5556,0.3474,0.2407,0.1684,
2026-04-24,2026,824529,1,,DET,CIN,6:40 PM ET,Framber Valdez,Andrew Abbott,664285,671096,ltd,ltd,live,live,1.09,0.5353,0.4694,1.0048,,,,0.4001,0.5999,0.266,0.734,,,YRFI,STRONG,STRONG YRFI,4,2026-04-26T16:25:16Z,3.545,4.408,1.272,1.41,3.44,4.153,3.42,3.08,0.62,1.13,7.65,7.24,0.326,0.312,0.409,0.388,4.436,4.327,24.60,14.00,52.0,0,0.4000,0.6000,0.5000,0.6000,0.3385,0.3667,0.4036,0.4111,0.1659,0.1502,,,,,,,623938,0.4993,5.570,3.940,27,14,0.7136,0.7136,4.93,6.00,0.5960,0.8473,L,L,NRFI,LOSS,0,0,0,2026-04-25T23:50:35+00:00,,,,,,,,,,,,-1,,,,,,,,0.4034,0.3429,0.5000,0.4444,0.2000,0.2111,
2026-04-24,2026,824124,1,,LAA,KC,7:40 PM ET,Yusei Kikuchi,Noah Cameron,579328,702070,ltd,ltd,live,live,0.96,0.4754,0.4889,0.9642,,,,0.3623,0.6377,0.2511,0.7489,,,YRFI,STRONG,STRONG YRFI,4,2026-04-26T16:25:16Z,4.923,3.835,1.491,1.266,3.908,4.387,3.86,2.92,1.09,1.39,9.27,7.63,0.326,0.310,0.396,0.385,4.576,4.113,21.20,11.50,48.0,0,1.0000,0.6000,0.6000,0.7000,0.3022,0.3649,0.3383,0.4539,0.1045,0.2048,,,,,,,427554,0.4835,7.040,4.920,36,58,0.6796,0.7412,4.93,4.80,0.9003,0.8513,L,L,NRFI,LOSS,0,0,0,2026-04-25T23:50:35+00:00,,,,,,,,,,,,-1,,,,,,,,0.3630,0.3173,0.5089,0.3656,0.2679,0.1075,
2026-04-24,2026,824932,1,,PHI,ATL,7:15 PM ET,Andrew Painter,Grant Holmes,691725,656550,ltd,ltd,live,live,0.98,0.4811,0.4983,0.9794,,,,0.4891,0.5109,0.2567,0.7433,,,PASS,NO EDGE,PASS - No edge,4,2026-04-26T16:25:16Z,4.594,3.83,1.344,1.28,3.819,4.489,2.72,4.06,1.03,1.32,8.52,8.44,0.306,0.332,0.384,0.437,3.97,5.273,25.80,8.70,39.0,0,0.8000,1.0000,0.7000,1.0000,0.3634,0.3272,0.4951,0.4421,0.2168,0.2140,,,,,,,665298,0.5084,4.130,3.940,79,18,0.6942,0.7272,5.27,4.44,0.8913,0.8810,R,R,NRFI,PASS,0,0,0,2026-04-25T23:50:35+00:00,,,,,,,,,,,,,,,,,,,,0.2923,0.3669,0.4174,0.4538,0.2174,0.1765,
2026-04-26,2026,824122,1,,LAA,KC,4:10 PM ET,Reid Detmers,Seth Lugo,672282,607625,ltd,ltd,live,live,0.96,0.4354,0.3637,0.7991,,,,0.4957,0.5043,0.1909,0.8091,,,PASS,NO EDGE,PASS - No edge,4,2026-04-26T21:20:34Z,3.853,3.368,1.144,1.219,3.107,3.854,2.82,3.1,0.81,1.0,9.9,7.75,0.328,0.316,0.401,0.383,4.608,4.017,18.80,7.20,97.0,0,1.0000,0.8000,0.7000,0.8000,0.3208,0.3749,0.3105,0.4784,0.0927,0.2338,,,,,,,623945,0.5123,4.300,2.930,17,67,0.7510,0.6942,6.27,5.73,0.8200,0.8297,L,R,YRFI,PASS,2,0,2,2026-04-26T21:31:05+00:00,,,,,,,,,,,,,,,,,,,,0.4240,0.3415,0.4900,0.4135,0.2100,0.1731,
2026-04-26,2026,824202,1,,NYY,HOU,2:10 PM ET,Luis Gil,Spencer Arrighetti,661563,681293,sm,sm,live,live,0.99,0.5006,0.6802,1.1808,,,,0.4048,0.5952,0.3304,0.6696,,,YRFI,STRONG,STRONG YRFI,4,2026-04-26T21:20:34Z,4.515,3.749,1.327,1.241,5.527,4.039,4.42,3.89,1.59,1.05,6.61,9.2,0.326,0.336,0.424,0.43,4.948,4.949,,,,1,0.6000,0.8000,0.6667,0.9000,0.3914,0.3875,0.5216,0.5586,0.2302,0.3125,,,,,,,605672,0.5283,4.990,6.290,82,13,0.6796,0.6487,5.60,5.27,0.8860,0.8517,R,R,YRFI,WIN,0,2,2,2026-04-26T18:31:38+00:00,,,,,,,,,,,,0.909,,,,,,,,0.3871,0.3780,0.5773,0.5804,0.3402,0.2768,
2026-04-26,2026,823230,1,,MIA,SF,4:05 PM ET,Max Meyer,Landen Roupp,676974,694738,ltd,ltd,live,live,0.94,0.3973,0.4026,0.7999,,,,0.5543,0.4457,0.1912,0.8088,,,PASS,NO EDGE,PASS - No edge,4,2026-04-26T21:20:34Z,4.001,3.362,1.286,1.229,3.723,3.262,3.23,3.68,1.1,0.66,9.63,9.17,0.329,0.301,0.399,0.385,4.483,3.692,16.20,17.90,59.0,0,1.0000,0.8000,0.9000,0.6000,0.3445,0.3465,0.3987,0.3964,0.0997,0.1351,,,,,,,575629,0.4774,2.550,4.420,47,68,0.7136,0.7136,5.53,5.00,0.7700,0.7673,R,R,NRFI,PASS,0,0,0,2026-04-26T21:31:05+00:00,,,,,,,,,,,,,,,,,,,,0.3964,0.3889,0.4375,0.4188,0.1354,0.0769,
2026-04-26,2026,823959,1,,CHC,LAD,4:10 PM ET,Shota Imanaga,Justin Wrobleski,684007,680736,ltd,ltd,live,live,0.97,0.3861,0.4462,0.8323,,,,0.4891,0.5109,0.2029,0.7971,,,PASS,NO EDGE,PASS - No edge,4,2026-04-26T21:20:34Z,3.297,3.172,0.905,1.141,3.897,3.219,1.9,2.6,1.45,0.58,8.66,7.55,0.343,0.343,0.427,0.452,5.017,5.18,17.20,21.50,50.0,0,0.4000,0.6000,0.4000,0.4000,0.3415,0.3569,0.4394,0.4531,0.1834,0.1812,,,,,,,623946,0.4271,3.720,2.930,2,85,0.7136,0.7396,6.20,5.80,0.8387,0.8227,L,L,YRFI,PASS,0,3,3,2026-04-26T21:31:05+00:00,,,,,,,,,,,,,,,,,,,,0.3786,0.3077,0.5000,0.3276,0.2049,0.1034,
2026-04-26,2026,822911,1,,OAK,TEX,2:35 PM ET,J.T. Ginn,Kumar Rocker,669372,677958,ltd,ltd,live,live,1.07,0.5016,0.5458,1.0474,,,,0.4891,0.5109,0.2817,0.7183,,,PASS,NO EDGE,PASS - No edge,4,2026-04-26T21:20:34Z,4.237,4.373,1.235,1.342,4.494,4.094,3.14,3.25,1.52,1.11,8.56,8.03,0.317,0.316,0.4,0.395,4.32,4.18,,,,1,0.4000,0.4000,0.6000,0.6000,0.3321,0.3588,0.4542,0.4702,0.2000,0.2185,,,,,,,429805,0.5769,4.360,3.340,41,51,0.6487,0.7197,5.07,4.87,0.9087,0.6153,R,R,YRFI,PASS,2,0,2,2026-04-26T19:39:49+00:00,,,,,,,,,,,,,,,,,,,,0.3873,0.2936,0.5546,0.3684,0.2773,0.1579,
2026-04-26,2026,823068,1,,SEA,STL,2:15 PM ET,Emerson Hancock,Michael McGreevy,676106,700241,ltd,ltd,live,live,0.97,0.3929,0.4939,0.8868,,,,0.3867,0.6133,0.2227,0.7773,,,YRFI,STRONG,STRONG YRFI,4,2026-04-26T21:20:34Z,3.865,3.739,1.178,1.092,4.573,4.2,2.39,1.78,1.62,1.24,7.67,5.97,0.322,0.322,0.39,0.399,4.199,4.565,25.60,15.60,45.0,0,0.8000,0.8000,0.6000,0.7000,0.3704,0.3252,0.4007,0.3392,0.1568,0.1201,,,,,,,545402,0.5488,6.130,4.480,6,34,0.7272,0.7136,5.47,5.73,0.6513,0.8130,R,R,NRFI,LOSS,0,0,0,2026-04-26T18:31:38+00:00,,,,,,,,,,,,-1,,,,,,,,0.3582,0.3913,0.4407,0.5391,0.1695,0.2609,
2026-04-26,2026,823635,1,,COL,NYM,1:40 PM ET,Jose Quintana,Nolan McLean,500779,690997,sm,ltd,live,live,0.96,0.3303,0.5316,0.8619,,,,0.6413,0.3587,0.2136,0.7864,,,NRFI,STRONG,STRONG NRFI,4,2026-04-26T21:20:34Z,4.256,2.973,1.365,1.018,5.334,2.937,4.07,2.8,1.47,0.78,5.6,10.51,0.317,0.299,0.401,0.366,4.131,3.692,13.50,5.40,52.0,0,0.6000,0.6000,0.6000,0.7000,0.3164,0.3424,0.3448,0.5021,0.0948,0.2189,,,,,,,503502,0.4948,2.280,5.320,69,21,0.7136,0.7272,6.07,4.73,0.9337,0.7020,L,R,NRFI,WIN,0,0,0,2026-04-26T18:31:38+00:00,,,,,,,,,,,,0.909,,,,,,,,0.3279,0.2683,0.4685,0.3248,0.2072,0.0940,
2026-04-26,2026,824934,1,,PHI,ATL,1:35 PM ET,Aaron Nola,Chris Sale,605400,519242,ltd,ltd,live,live,0.98,0.3162,0.5995,0.9156,,,,0.4565,0.5435,0.2332,0.7668,,,PASS,NO EDGE,PASS - No edge,4,2026-04-26T21:20:34Z,5.799,2.454,1.43,0.995,4.476,2.926,3.19,2.31,1.66,1.02,9.6,10.89,0.302,0.333,0.38,0.44,3.924,5.29,26.50,8.70,45.0,0,0.8000,0.8000,0.8000,0.7000,0.3662,0.3333,0.4895,0.4545,0.2132,0.2240,,,,,,,483912,0.5511,2.990,4.860,52,63,0.7028,0.7052,5.80,5.33,0.6507,0.8810,R,L,YRFI,PASS,0,3,3,2026-04-26T17:53:34+00:00,,,,,,,,,,,,,,,,,,,,0.3037,0.3732,0.4310,0.4622,0.2328,0.1933,
2026-04-26,2026,822824,1,,CLE,TOR,1:37 PM ET,Slade Cecconi,Patrick Corbin,677944,571578,ltd,sm,live,live,1.01,0.4553,0.5509,1.0062,,,,0.4130,0.5870,0.2665,0.7335,,,YRFI,STRONG,STRONG YRFI,4,2026-04-26T21:20:34Z,5.129,4.18,1.332,1.321,4.877,4.019,2.91,2.92,1.7,1.13,7.45,7.58,0.319,0.315,0.392,0.396,4.199,4.208,,,,1,0.6000,0.8000,0.7000,0.8000,0.3526,0.3353,0.4236,0.4224,0.1250,0.1769,,,,,,,594151,0.4534,5.870,5.610,36,29,0.7075,0.7136,4.47,4.93,0.7360,0.7307,R,L,YRFI,WIN,0,1,1,2026-04-26T17:53:34+00:00,,,,,,,,,,,,0.909,,,,,,,,0.3217,0.3443,0.4444,0.4444,0.2222,0.1282,
2026-04-26,2026,823797,1,,PIT,MIL,2:10 PM ET,Carmen Mlodzinski,Kyle Harrison,669387,690986,ltd,ltd,live,live,1.03,0.4426,0.4169,0.8596,,,,0.6464,0.3536,0.2128,0.7872,,,NRFI,STRONG,STRONG NRFI,4,2026-04-26T21:20:34Z,3.856,3.463,1.357,1.204,2.851,3.529,2.95,3.15,0.48,1.01,8.8,10.06,0.323,0.325,0.387,0.372,4.692,4.732,,,,1,0.8000,1.0000,0.7000,0.9000,0.3541,0.3578,0.4403,0.3487,0.1791,0.0756,,,,,,,484499,0.5451,3.420,4.050,74,16,0.7136,0.7136,4.13,4.13,0.6803,0.8613,R,L,NRFI,WIN,0,0,0,2026-04-26T18:31:38+00:00,,,,,,,,,,,,0.909,,,,,,,,0.3929,0.3047,0.3125,0.3158,0.0208,0.0877,
2026-04-26,2026,824528,1,,DET,CIN,1:40 PM ET,Keider Montero,Rhett Lowder,672456,695076,ltd,ltd,live,live,1.09,0.4544,0.4839,0.9384,,,,0.4891,0.5109,0.2416,0.7584,,,PASS,NO EDGE,PASS - No edge,4,2026-04-26T21:20:34Z,4.196,3.731,1.212,1.218,3.97,3.6,2.5,2.84,1.16,0.77,7.63,7.85,0.328,0.311,0.416,0.39,4.517,4.297,19.40,11.50,53.0,0,0.6000,1.0000,0.6000,1.0000,0.3232,0.3858,0.3880,0.4019,0.1639,0.1262,,,,,,,427366,0.4992,4.070,2.350,20,18,0.7136,0.7136,5.80,5.27,0.7707,0.6623,R,R,YRFI,PASS,2,0,2,2026-04-26T18:31:38+00:00,,,,,,,,,,,,,,,,,,,,0.4037,0.3246,0.4301,0.4825,0.1290,0.2456,
2026-04-26,2026,825094,1,,SD,ARI,4:05 PM ET,Michael King,Ryne Nelson,650633,669194,ltd,ltd,live,live,1.0,0.4597,0.4489,0.9086,,,,0.4493,0.5507,0.2307,0.7693,,,PASS,NO EDGE,PASS - No edge,4,2026-04-26T21:20:34Z,2.992,4.724,1.137,1.217,3.615,4.187,3.66,2.89,0.9,1.32,9.35,8.03,0.314,0.308,0.39,0.41,4.423,4.446,,,,1,0.6000,1.0000,0.7000,0.7000,0.3544,0.3076,0.5214,0.3715,0.2335,0.1354,,,,,,,608093,0.5118,5.220,3.620,41,62,0.7028,0.7272,4.13,5.53,0.6907,0.7850,R,R,NRFI,PASS,0,0,0,2026-04-26T21:31:05+00:00,,,,,,,,,,,,,,,,,,,,0.2997,0.3568,0.3246,0.5351,0.0965,0.2456,
2026-04-26,2026,824852,1,,BOS,BAL,1:35 PM ET,Connelly Early,Kyle Bradish,813349,680694,ltd,ltd,live,live,1.06,0.4973,0.5346,1.0319,,,,0.4891,0.5109,0.276,0.724,,,PASS,NO EDGE,PASS - No edge,4,2026-04-26T21:20:34Z,3.604,3.946,1.228,1.422,4.252,3.842,3.46,3.87,1.18,1.02,8.54,9.73,0.315,0.32,0.376,0.405,4.273,4.459,13.50,8.70,67.0,0,1.0000,0.8000,0.7000,0.7778,0.3604,0.3322,0.5000,0.3527,0.2276,0.1279,,,,,,,605673,0.4897,4.420,5.050,44,32,0.7412,0.7136,5.00,5.00,0.6483,0.8503,L,R,NRFI,PASS,0,0,0,2026-04-26T17:53:34+00:00,,,,,,,,,,,,,,,,,,,,0.2937,0.3478,0.3182,0.4793,0.1182,0.2149,
2026-04-26,2026,822991,1,,MIN,TB,1:40 PM ET,Simeon Woods Richardson,Griffin Jax,680573,643377,ltd,sm,live,live,0.93,0.4629,0.586,1.0489,,,,0.3974,0.6026,0.2822,0.7178,,,YRFI,STRONG,STRONG YRFI,4,2026-04-26T21:20:34Z,5.015,4.679,1.459,1.359,5.08,3.964,3.77,3.7,1.55,1.36,6.89,11.06,0.321,0.329,0.388,0.401,4.622,4.732,,,,1,1.0000,1.0000,1.0000,0.9000,0.3469,0.3487,0.4448,0.4000,0.1773,0.1511,,,,,,,431232,0.4946,5.220,4.790,85,8,0.7136,0.7075,1.00,5.13,0.7443,0.7870,R,R,NRFI,LOSS,0,0,0,2026-04-26T17:53:34+00:00,,,,,,,,,,,,-1,,,,,,,,0.3306,0.3275,0.3486,0.4872,0.1101,0.2479,
2026-04-26,2026,824612,1,,WSH,CWS,2:10 PM ET,Foster Griffin,Bryan Hudson,656492,663542,ltd,sm,live,live,0.98,0.4718,0.4522,0.924,,,,0.4371,0.5629,0.2363,0.7637,,,PASS,NO EDGE,PASS - No edge,4,2026-04-26T21:20:34Z,3.506,3.55,1.168,1.308,4.179,3.79,2.87,3.68,1.27,0.92,8.55,9.58,0.323,0.316,0.401,0.387,5.062,4.18,13.40,12.80,78.0,0,1.0000,1.0000,1.0000,1.0000,0.3625,0.3625,0.4594,0.4853,0.2191,0.2353,,,,,,,605674,0.5127,3.670,4.510,47,47,0.7272,0.7136,1.00,5.33,0.7370,0.8790,L,L,NRFI,PASS,0,0,0,2026-04-26T18:31:38+00:00,,,,,,,,,,,,,,,,,,,,0.3790,0.4298,0.5657,0.6050,0.3434,0.2773,
2026-04-26,2026,823637,2,,COL,NYM,1:45 PM ET,Chase Dollander,Kodai Senga,801403,673540,ltd,sm,live,live,0.96,0.5207,0.4565,0.9772,,,,0.4891,0.5109,0.2559,0.7441,,,PASS,NO EDGE,PASS - No edge,4,2026-04-26T21:20:34Z,4.785,4.727,1.316,1.476,4.273,4.406,3.65,4.66,1.36,1.29,9.22,9.54,0.317,0.299,0.401,0.366,4.131,3.692,13.50,5.40,52.0,0,0.6000,0.2000,0.7000,0.6000,0.3198,0.3465,0.3773,0.5435,0.1227,0.2609,,,,,,,665299,0.5084,4.670,2.820,73,77,0.6942,0.7136,4.40,4.87,0.9597,0.8020,R,R,NRFI,PASS,0,0,0,2026-04-26T21:31:05+00:00,,,,,,,,,,,,,,,,,,,,0.3600,0.3025,0.5929,0.3241,0.3009,0.0833,
2026-04-27,2026,822906,1,,NYY,TEX,8:05 PM ET,Max Fried,Jack Leiter,608331,683004,ltd,ltd,live,live,1.07,0.5428,0.3237,0.8665,0.3218,0.3099,0.6317,0.4692,0.5308,0.2153,0.7847,,,PASS,NO EDGE,PASS - No edge,4,2026-04-27T21:39:50Z,2.627,4.288,0.933,1.349,2.732,3.88,2.27,3.97,0.43,1.07,7.85,9.42,0.326,0.315,0.424,0.394,4.948,4.18,,,,1,0.4,0.6,0.4000,0.8000,0.342,0.3795,0.4852,0.5506,0.2164,0.3109,,,,,,,482620,0.6177,5.05,2.3,83.0,34.0,0.7396,0.7272,5.07,7.00,0.7200,0.7200,L,R,NRFI,PASS,0,0,0,2026-04-28T13:06:47+00:00,,,,,,,,,,,,,,,,,,,,0.3952,0.3507,0.5833,0.5833,0.3438,0.2917,
2026-04-27,2026,823395,1,,STL,PIT,6:40 PM ET,Dustin May,Mason Montgomery,669160,682254,ltd,sm,live,live,0.96,0.4629,0.5084,0.9713,0.2703,0.4489,0.7192,0.4130,0.5870,0.2537,0.7463,,,YRFI,STRONG,STRONG YRFI,4,2026-04-27T21:39:50Z,5.296,4.591,1.467,1.424,4.238,3.631,3.08,4.19,1.31,1.11,8.02,11.69,0.322,0.323,0.399,0.387,4.565,4.692,22.90,18.40,32.0,0,1.0,0.4,1.0000,0.6000,0.3494,0.3654,0.4737,0.4047,0.2237,0.1639,,,,,,,503490,0.5467,3.57,4.36,91.0,4.0,0.7136,0.6796,1.00,4.93,0.7200,0.7200,R,L,YRFI,WIN,0,1,1,2026-04-28T13:06:47+00:00,,,,,,,,,,,,0.909,,,,,,,,0.2975,0.3434,0.3173,0.3529,0.1250,0.1176,
2026-04-27,2026,822825,1,,BOS,TOR,7:07 PM ET,Ranger Suarez,Dylan Cease,624133,656302,ltd,ltd,live,live,1.01,0.3928,0.398,0.7908,0.177,0.3338,0.5108,0.5813,0.4187,0.1879,0.8121,,,NRFI,STRONG,STRONG NRFI,4,2026-04-27T21:39:50Z,3.522,3.603,1.192,1.315,3.45,2.599,2.37,4.27,0.88,0.69,7.72,13.14,0.315,0.315,0.376,0.396,4.273,4.208,,,,1,0.6,0.6,0.6000,0.6000,0.3754,0.3312,0.4480,0.3545,0.1200,0.1343,,,,,,,427243,0.4707,2.69,4.99,98.0,8.0,0.7197,0.7272,5.13,5.40,0.7200,0.7200,L,R,NRFI,WIN,0,0,0,2026-04-28T13:06:47+00:00,,,,,,,,,,,,0.909,,,,,,,,0.2913,0.3471,0.3091,0.4569,0.1182,0.1379,
2026-04-27,2026,824609,1,,LAA,CWS,7:40 PM ET,Jack Kochanowicz,Anthony Kay,686799,641743,ltd,ltd,live,live,0.98,0.5412,0.5821,1.1233,1.0003,0.3963,1.3966,0.3623,0.6377,0.3095,0.6905,,,YRFI,STRONG,STRONG YRFI,4,2026-04-27T21:39:50Z,5.137,4.672,1.514,1.36,4.988,4.838,4.88,3.87,1.1,1.38,6.0,7.75,0.329,0.316,0.401,0.387,4.676,4.18,18.30,16.90,76.0,0,0.6667,0.8,0.6667,0.5000,0.3293,0.3956,0.4588,0.4876,0.2437,0.2355,,,,,,,427537,0.4944,7.73,5.26,20.0,34.0,0.7136,0.6487,4.67,5.80,0.7200,0.7200,R,L,YRFI,WIN,1,0,1,2026-04-28T13:06:47+00:00,,,,,,,,,,,,0.909,,,,,,,,0.4176,0.3577,0.4400,0.6083,0.1700,0.3333,
2026-04-27,2026,823961,1,,MIA,LAD,10:10 PM ET,Chris Paddack,Yoshinobu Yamamoto,663978,808967,ltd,ltd,live,live,0.97,0.3207,0.5812,0.9019,0.3067,0.3707,0.6773,0.4891,0.5109,0.2282,0.7718,,,PASS,NO EDGE,PASS - No edge,4,2026-04-27T21:39:50Z,5.741,2.486,1.381,0.945,4.763,2.935,2.16,2.32,1.81,0.78,7.5,9.28,0.327,0.342,0.396,0.452,4.483,5.25,19.50,10.60,41.0,0,0.6,0.6,0.7000,0.6000,0.3566,0.3308,0.4441,0.3761,0.1783,0.1282,,,,,,,503586,0.4946,3.64,3.83,76.0,45,0.7136,0.6487,6.53,4.73,0.7200,0.7200,R,R,YRFI,PASS,0,2,2,2026-04-28T13:06:47+00:00,,,,,,,,,,,,,,,,,,,,0.3391,0.3310,0.3824,0.3894,0.1275,0.1327,
2026-04-27,2026,823311,1,,CHC,SD,9:40 PM ET,Matthew Boyd,Randy VÃ¡squez,571510,681190,sm,ltd,live,live,0.95,0.4297,0.34,0.7697,0.3929,0.3101,0.703,0.4130,0.5870,0.1804,0.8196,,,YRFI,STRONG,STRONG YRFI,4,2026-04-27T21:39:50Z,3.879,3.03,1.103,1.221,2.961,3.679,2.06,3.12,0.87,0.77,9.4,7.05,0.341,0.314,0.422,0.393,5.017,4.518,18.60,18.10,64.0,0,1.0,0.8,0.9000,0.7000,0.3117,0.3404,0.3688,0.3886,0.1296,0.1295,,,,,,,605670,0.5573,4.33,3.72,69.0,97.0,0.7136,0.7396,5.73,4.47,0.7200,0.7200,L,R,YRFI,WIN,0,3,3,2026-04-28T13:06:47+00:00,,,,,,,,,,,,0.909,,,,,,,,0.3546,0.2950,0.4524,0.2783,0.1667,0.0609,
2026-04-27,2026,824446,1,,TB,CLE,6:10 PM ET,Steven Matz,Parker Messick,571927,800048,ltd,ltd,live,live,0.96,0.3571,0.4397,0.7968,0.2574,0.426,0.6834,0.4692,0.5308,0.19,0.81,,,PASS,NO EDGE,PASS - No edge,4,2026-04-27T21:39:50Z,3.978,2.875,1.182,1.102,4.151,3.194,2.65,2.51,1.35,0.76,8.3,8.76,0.329,0.319,0.401,0.392,4.732,4.199,20.80,13.80,41.0,0,1.0,0.6,0.7000,0.5714,0.3333,0.3702,0.4172,0.4887,0.1724,0.2136,,,,,,,658082,0.5146,3.18,5.05,49.0,55.0,0.7396,0.7136,6.13,4.87,0.7200,0.7200,L,L,NRFI,PASS,0,0,0,2026-04-28T13:06:47+00:00,,,,,,,,,,,,,,,,,,,,0.3805,0.3448,0.4086,0.4646,0.1505,0.2222,
2026-04-27,2026,823719,1,,SEA,MIN,7:40 PM ET,Luis Castillo,Connor Prielipp,622491,687570,ltd,sm,live,live,0.97,0.4066,0.4431,0.8497,0.2867,0.356,0.6427,0.4692,0.5308,0.2092,0.7908,,,PASS,NO EDGE,PASS - No edge,4,2026-04-27T21:39:50Z,4.078,4.227,1.374,1.227,3.608,3.864,2.74,2.91,1.01,1.09,8.41,9.32,0.322,0.321,0.39,0.388,4.199,4.622,10.30,21.80,94.0,0,0.0,0.6,0.0000,0.8000,0.3262,0.2979,0.4187,0.3566,0.1789,0.1434,,,,,,,573597,0.4761,4.2,5.26,50.0,49.0,0.7136,0.7412,4.00,4.67,0.7200,0.7200,R,L,NRFI,PASS,0,0,0,2026-04-28T13:06:47+00:00,,,,,,,,,,,,,,,,,,,,0.3604,0.3301,0.5300,0.5000,0.2300,0.2340,
2026-04-28,2026,822908,1,,NYY,TEX,8:05 PM ET,Cam Schlittler,Jacob deGrom,693645,594798,ltd,ltd,live,live,1.07,0.4297,0.3458,0.7755,0.1749,0.1954,0.3703,0.5543,0.4457,0.1824,0.8176,,,PASS,NO EDGE,PASS - No edge,4,2026-04-28T15:34:49Z,2.661,2.646,0.997,0.978,2.7,3.428,2.38,2.16,0.69,1.39,10.11,10.78,0.328,0.315,0.428,0.393,4.926,4.131,,,,1,0.6,0.8,0.6000,0.8000,0.3420,0.3795,0.4852,0.5506,0.2164,0.3109,,,,,,,482620,0.6177,2.99,2.31,86.0,78.0,0.7396,0.7136,5.07,6.07,0.8860,0.8197,R,R,YRFI,PASS,1,0,1,2026-04-29T06:11:53+00:00,,,,,,,,,,,,,,,,,,,,,,,,,,
2026-04-28,2026,823956,1,,MIA,LAD,10:10 PM ET,Janson Junk,Shohei Ohtani,676083,660271,ltd,ltd,live,live,0.97,0.3115,0.3898,0.7013,0.1777,0.3194,0.4971,0.4802,0.5198,0.1562,0.8438,,,PASS,NO EDGE,PASS - No edge,4,2026-04-28T15:34:49Z,3.97,2.442,1.15,1.011,3.294,2.716,1.68,2.48,0.69,0.6,6.17,9.81,0.327,0.342,0.395,0.448,4.472,5.244,21.20,17.40,38.0,0,1.0,0.8,1.0000,0.8000,0.3589,0.3308,0.5180,0.3761,0.2297,0.1282,,,,,,,623949,0.5484,2.01,3.52,86.0,23.0,0.7136,0.7136,6.00,5.40,0.7700,0.8433,R,R,NRFI,PASS,0,0,0,2026-04-29T06:11:53+00:00,,,,,,,,,,,,,,,,,,,,,,,,,,
2026-04-28,2026,823636,1,,WSH,NYM,7:10 PM ET,Zack Littell,Clay Holmes,641793,605280,ltd,ltd,live,live,0.96,0.4406,0.551,0.9916,0.3062,0.5397,0.8459,0.4381,0.5619,0.2612,0.7388,,,PASS,NO EDGE,PASS - No edge,4,2026-04-28T15:34:49Z,5.253,2.917,1.327,1.184,6.212,3.965,2.06,3.34,2.59,0.82,5.94,6.46,0.323,0.298,0.401,0.364,5.062,3.692,15.00,11.20,40.0,0,0.8,0.8,0.7000,0.8000,0.3208,0.3343,0.3629,0.4375,0.1139,0.1941,,,,,,,489985,0.4845,4.22,8.02,35.0,3.0,0.7272,0.6796,6.00,4.93,0.7430,0.8020,R,R,YRFI,PASS,0,1,1,2026-04-29T06:11:53+00:00,,,,,,,,,,,,,,,,,,,,,,,,,,
2026-04-28,2026,823716,1,,SEA,MIN,7:40 PM ET,Logan Gilbert,Joe Ryan,669302,657746,ltd,ltd,live,live,0.97,0.3446,0.3769,0.7215,0.1893,0.3349,0.5242,0.4692,0.5308,0.1633,0.8367,,,PASS,NO EDGE,PASS - No edge,4,2026-04-28T15:34:49Z,3.856,3.634,1.138,1.031,2.992,3.276,2.03,2.14,1.12,1.13,10.83,9.78,0.321,0.325,0.388,0.393,4.194,4.767,13.70,18.50,36.0,0,0.6,0.2,0.5000,0.4000,0.3808,0.3196,0.4159,0.3424,0.1589,0.1254,,,,,,,427139,0.5818,2.99,3.75,44.0,79.0,0.6942,0.6780,5.40,5.53,0.6513,0.8597,R,R,NRFI,PASS,0,0,0,2026-04-29T06:11:53+00:00,,,,,,,,,,,,,,,,,,,,,,,,,,
2026-04-28,2026,824447,1,,TB,CLE,6:10 PM ET,Nick Martinez,Tanner Bibee,607259,676440,ltd,ltd,live,live,0.96,0.4794,0.4095,0.8889,0.37,0.3209,0.6908,0.4891,0.5109,0.2235,0.7765,,,PASS,NO EDGE,PASS - No edge,4,2026-04-28T15:34:49Z,3.443,4.33,1.163,1.324,4.051,4.348,2.34,2.94,1.07,1.4,6.18,7.91,0.327,0.317,0.399,0.39,4.692,4.15,16.10,12.70,74.0,0,0.8,1.0,0.8000,0.9000,0.3323,0.3428,0.4040,0.3857,0.1751,0.1179,,,,,,,665297,0.4839,4.64,4.67,63.0,10.0,0.7613,0.7136,5.07,6.00,0.7383,0.6943,R,R,NRFI,PASS,0,0,0,2026-04-29T06:11:53+00:00,,,,,,,,,,,,,,,,,,,,,,,,,,
2026-04-28,2026,823473,1,,SF,PHI,6:40 PM ET,Tyler Mahle,JesÃºs Luzardo,641816,666200,ltd,ltd,live,live,1.04,0.3741,0.5138,0.8879,0.309,0.4557,0.7647,0.4605,0.5395,0.2231,0.7769,,,PASS,NO EDGE,PASS - No edge,4,2026-04-28T15:34:49Z,3.719,5.128,1.332,1.349,4.435,2.928,3.82,2.88,1.27,0.87,8.16,10.75,0.303,0.302,0.387,0.38,3.808,3.924,16.30,5.00,48.0,0,1.0,0.6,0.9000,0.7000,0.3306,0.3529,0.4545,0.4065,0.2257,0.1032,,,,,,,598411,0.5467,4.07,5.72,88.0,33.0,0.7510,0.7272,5.47,5.13,0.7423,0.8913,R,L,NRFI,PASS,0,0,0,2026-04-29T06:11:53+00:00,,,,,,,,,,,,,,,,,,,,,,,,,,
2026-04-28,2026,823310,1,,CHC,SD,9:40 PM ET,Edward Cabrera,Walker Buehler,665795,621111,ltd,ltd,live,live,0.95,0.5731,0.4234,0.9965,0.4302,0.259,0.6893,0.4493,0.5507,0.263,0.737,,,PASS,NO EDGE,PASS - No edge,4,2026-04-28T15:34:49Z,3.192,5.214,1.209,1.553,3.591,4.614,3.25,4.26,0.9,1.2,8.55,7.39,0.34,0.316,0.422,0.398,5.062,4.622,20.30,17.00,60.0,0,1.0,1.0,0.8000,0.7000,0.3117,0.4037,0.3688,0.5489,0.1296,0.2213,,,,,,,483564,0.5037,4.99,3.72,41.0,45.0,0.6487,0.7510,4.07,5.93,0.8093,0.6907,R,R,NRFI,PASS,0,0,0,2026-04-29T06:11:53+00:00,,,,,,,,,,,,,,,,,,,,,,,,,,
2026-04-28,2026,824931,1,,DET,ATL,7:15 PM ET,Casey Mize,MartÃ­n PÃ©rez,663554,527048,ltd,ltd,live,live,0.98,0.4418,0.4524,0.8942,0.3287,0.2476,0.5763,0.4891,0.5109,0.2254,0.7746,,,PASS,NO EDGE,PASS - No edge,4,2026-04-28T15:34:49Z,3.308,3.456,1.22,1.095,3.388,4.227,2.6,2.98,1.01,1.12,9.15,7.1,0.328,0.333,0.416,0.44,4.517,5.29,18.50,5.00,86.0,0,0.4,1.0,0.4000,0.9000,0.3728,0.3821,0.4985,0.4574,0.2157,0.1809,,,,,,,484198,0.5395,4.6,3.22,13.0,63.0,0.7138,0.7272,5.27,5.73,0.5960,0.8810,R,L,NRFI,PASS,0,0,0,2026-04-29T06:11:53+00:00,,,,,,,,,,,,,,,,,,,,,,,,,,
2026-04-28,2026,824849,1,,HOU,BAL,6:35 PM ET,Kai-Wei Teng,Shane Baz,678906,669358,sm,ltd,live,live,1.06,0.5364,0.5227,1.0591,0.3432,0.2634,0.6067,0.4697,0.5303,0.286,0.714,,,PASS,NO EDGE,PASS - No edge,4,2026-04-28T15:34:49Z,3.988,4.957,1.201,1.421,4.131,3.876,3.59,3.36,1.23,1.09,9.44,8.64,0.336,0.32,0.43,0.405,4.949,4.459,15.40,8.70,54.0,0,0.8,0.4,0.9000,0.5000,0.3594,0.3953,0.5018,0.5312,0.2294,0.2361,,,,,,,490319,0.5366,4.33,2.67,40.0,29.0,0.7396,0.7136,5.67,3.93,0.8517,0.9443,R,R,YRFI,PASS,0,2,2,2026-04-29T06:11:53+00:00,,,,,,,,,,,,,,,,,,,,,,,,,,
2026-04-28,2026,824610,1,,LAA,CWS,7:40 PM ET,JosÃ© Soriano,Davis Martin,667755,663436,ltd,ltd,live,live,0.98,0.4188,0.3712,0.79,0.3822,0.2398,0.6219,0.4692,0.5308,0.1876,0.8124,,,PASS,NO EDGE,PASS - No edge,4,2026-04-28T15:34:49Z,2.323,3.186,1.121,1.172,2.923,3.805,3.67,2.6,0.45,0.97,9.21,6.99,0.331,0.316,0.405,0.39,4.728,4.267,16.20,3.20,74.0,0,0.8,0.8,0.6000,0.8000,0.3545,0.3956,0.4675,0.4876,0.2468,0.2355,,,,,,,544728,0.4859,4.67,2.73,32.0,90.0,0.6796,0.7136,6.27,6.33,0.8537,0.6690,R,R,NRFI,PASS,0,0,0,2026-04-29T06:11:53+00:00,,,,,,,,,,,,,,,,,,,,,,,,,,
2026-04-28,2026,823798,1,,ARI,MIL,7:40 PM ET,TBD,Chad Patrick,518876,694477,avg,ltd,live,live,1.03,0.453,0.5075,0.9605,0.1968,0.2458,0.4426,0.3623,0.6377,0.2497,0.7503,,,PASS,STARTER PENDING,PASS - Starter pending,3,2026-04-28T15:34:49Z,4.2,3.102,1.25,1.273,4.2,3.734,3.2,3.06,1.2,0.91,8.9,7.66,0.313,0.325,0.422,0.372,4.732,4.732,,,,1,0.8,0.5,0.8000,0.6000,0.2862,0.3281,0.3122,0.5912,0.0952,0.2920,,,,,,,483561,0.5039,4.02,13.640,32.0,80,0.7136,0.7412,4.67,4.53,0.7427,0.5183,R,R,NRFI,PASS,0,0,0,2026-04-29T06:11:53+00:00,,,,,,,,,,,,,,,,,,,,,,,,,,
2026-04-28,2026,825017,1,,KC,OAK,9:40 PM ET,Kris Bubic,TBD,663460,650644,ltd,avg,live,live,0.93,0.4221,0.3797,0.8018,0.3296,0.441,0.7707,0.4275,0.5725,0.1919,0.8081,,,PASS,STARTER PENDING,PASS - Starter pending,3,2026-04-28T15:34:49Z,3.214,4.2,1.157,1.25,3.233,4.2,3.49,3.2,0.68,1.2,9.1,8.9,0.32,0.317,0.396,0.4,4.273,4.32,20.60,17.10,57.0,0,0.5,0.8,0.5000,0.7000,0.3571,0.3415,0.4596,0.4087,0.1832,0.1349,,,,,,,503493,0.5220,4.190,4.76,26,75.0,0.7075,0.7136,5.13,5.73,0.6623,0.8010,L,R,NRFI,PASS,0,0,0,2026-04-29T06:11:53+00:00,,,,,,,,,,,,,,,,,,,,,,,,,,
2026-04-28,2026,823390,1,,STL,PIT,6:40 PM ET,Kyle Leahy,TBD,681517,677952,ltd,avg,live,live,0.96,0.4461,0.4835,0.9296,0.2725,0.3711,0.6436,0.5380,0.4620,0.2384,0.7616,,,PASS,STARTER PENDING,PASS - Starter pending,3,2026-04-28T15:34:49Z,4.218,4.2,1.398,1.25,4.085,4.2,3.39,3.2,1.0,1.2,7.34,8.9,0.32,0.322,0.398,0.384,4.552,4.631,22.60,10.40,56.0,0,0.5,0.8,1.0000,0.8333,0.3438,0.3654,0.4182,0.4047,0.1745,0.1639,,,,,,,623938,0.4993,2.080,5.72,81,16.0,0.7272,0.7136,5.93,4.80,0.8130,0.7163,R,R,NRFI,PASS,0,0,0,2026-04-29T06:11:53+00:00,,,,,,,,,,,,,,,,,,,,,,,,,,
2026-04-28,2026,824526,1,,COL,CIN,6:40 PM ET,TBD,Chase Burns,607536,695505,avg,ltd,live,live,1.09,0.4697,0.5134,0.983,0.2562,0.3685,0.6247,0.4741,0.5259,0.258,0.742,,,PASS,STARTER PENDING,PASS - Starter pending,3,2026-04-28T15:34:49Z,4.2,3.607,1.25,1.191,4.2,3.779,3.2,3.37,1.2,1.2,8.9,10.28,0.317,0.311,0.399,0.391,4.199,4.297,21.90,7.80,63.0,0,1.0,0.5,0.9000,0.7000,0.3537,0.3527,0.4325,0.5444,0.1865,0.2581,,,,,,,547380,0.5173,3.52,3.910,87.0,58,0.7272,0.7197,5.60,5.53,0.9597,0.8473,L,R,YRFI,PASS,0,3,3,2026-04-29T06:11:53+00:00,,,,,,,,,,,,,,,,,,,,,,,,,,
2026-04-28,2026,822823,1,,BOS,TOR,7:07 PM ET,Payton Tolle,Trey Yesavage,801139,702056,sm,avg,live,live,1.01,0.4515,0.4421,0.8936,0.2533,0.3364,0.5898,0.5837,0.4163,0.2252,0.7748,,,PASS,STARTER PENDING,PASS - Starter pending,3,2026-04-28T15:34:49Z,3.848,4.2,1.174,1.25,3.926,4.2,2.98,3.2,1.24,1.2,9.89,8.9,0.315,0.311,0.376,0.391,4.29,4.11,,,,1,0.6667,0.5,0.6667,0.5000,0.3754,0.3312,0.4480,0.3545,0.1200,0.1343,,,,,,,639723,0.5480,4.2,1.790,50.0,92,0.7136,0.7136,4.67,4.08,0.6483,0.8920,L,R,NRFI,PASS,0,0,0,2026-04-29T06:11:53+00:00,,,,,,,,,,,,,,,,,,,,,,,,,,
2026-04-29,2026,823958,1,,MIA,LAD,3:10 PM ET,Sandy Alcantara,Tyler Glasnow,645261,607192,ltd,ltd,live,live,0.97,0.3464,0.4905,0.8369,0.1685,0.3215,0.49,0.6413,0.3587,0.2045,0.7955,,,NRFI,STRONG,STRONG NRFI,4,2026-04-29T20:20:38Z,4.189,2.984,1.189,0.948,4.046,3.081,2.9,3.19,1.0,0.82,6.61,10.37,0.326,0.34,0.391,0.443,4.321,5.038,21.9,16.2,40.0,0.0,0.8,0.8,0.8,0.7,0.3707,0.3332,0.4862,0.3808,0.1957,0.1269,,,,,,,658536,0.5084,2.16,3.1,77.0,55.0,0.7272,0.6796,6.6,6.87,0.7700,0.8243,R,R,NRFI,WIN,0,0,0,2026-04-29T20:27:34+00:00,,,,,,,,,,,,0.909,,,,,,,,,,,,,,
2026-04-29,2026,824525,1,,COL,CIN,6:40 PM ET,Tomoyuki Sugano,Brandon Williamson,608372,682227,ltd,ltd,live,live,1.09,0.5739,0.5692,1.1431,0.6797,0.4586,1.1383,0.3623,0.6377,0.3167,0.6833,,,YRFI,STRONG,STRONG YRFI,4,2026-04-29T20:20:38Z,4.158,4.662,1.255,1.354,5.033,4.854,2.07,4.18,1.83,1.29,6.26,7.55,0.317,0.312,0.4,0.394,4.15,4.358,16.4,16.3,67.0,0.0,1.0,0.6,1.0,0.4,0.3256,0.2896,0.4,0.3333,0.1688,0.1111,,,,,,,608158,0.5142,6.93,6.15,33.0,17.0,0.7396,0.7136,5.0,5.27,0.6377,0.6623,R,L,YRFI,WIN,3,0,3,2026-04-29T23:41:57+00:00,+105,-135,DraftKings,2026-04-29T19:23:58+00:00,0.4878,0.5745,-0.1255,0.0632,0.0632,Y,1,0.741,,,,,,,,,,,,,,
2026-04-29,2026,822821,1,,BOS,TOR,3:07 PM ET,Brayan Bello,Eric Lauer,678394,641778,ltd,ltd,live,live,1.01,0.505,0.6275,1.1325,0.2657,0.5973,0.863,0.4114,0.5886,0.3129,0.6871,,,YRFI,STRONG,STRONG YRFI,4,2026-04-29T20:20:38Z,5.355,4.642,1.605,1.297,5.454,4.935,3.95,3.21,1.72,1.81,6.51,8.44,0.313,0.312,0.374,0.388,4.125,3.994,,,,1.0,0.6,0.4,0.6,0.5,0.3571,0.3596,0.443,0.4164,0.1368,0.1607,,,,,,,676581,0.5084,4.56,8.24,19.0,86.0,0.7396,0.7424,4.47,4.4,0.7697,0.7840,R,L,YRFI,WIN,1,0,1,2026-04-29T20:27:34+00:00,,,,,,,,,,,,0.909,,,,,,,,,,,,,,
2026-04-29,2026,825015,1,,KC,OAK,9:40 PM ET,Michael Wacha,Luis Severino,608379,622663,ltd,ltd,live,live,0.93,0.4643,0.3632,0.8276,0.5139,0.3994,0.9132,0.3952,0.6048,0.2011,0.7989,,,YRFI,STRONG,STRONG YRFI,4,2026-04-29T20:20:38Z,3.259,4.816,1.091,1.414,3.532,4.199,2.55,4.22,0.81,1.01,7.15,7.92,0.32,0.317,0.398,0.396,4.267,4.244,20.1,15.3,58.0,0.0,0.6,0.8,0.6,0.8,0.3173,0.32,0.3962,0.3982,0.169,0.169,,,,,,,,0.5084,5.31,4.59,38.0,59.0,0.7197,0.7396,5.27,6.47,0.6957,0.9620,R,R,YRFI,WIN,1,0,1,2026-04-30T06:16:31+00:00,+105,-135,DraftKings,2026-04-29T19:23:58+00:00,0.4878,0.5745,-0.0808,0.0185,0.0185,Y,1,0.741,,,,,,,,,,,,,,
2026-04-29,2026,824850,1,,HOU,BAL,6:35 PM ET,Peter Lambert,Chris Bassitt,663567,605135,sm,ltd,live,live,1.06,0.6085,0.4707,1.0792,0.6019,0.2595,0.8614,0.4101,0.5899,0.2933,0.7067,,,YRFI,STRONG,STRONG YRFI,4,2026-04-29T20:20:38Z,3.999,4.923,1.254,1.582,3.571,4.473,3.22,3.72,0.94,1.2,9.8,7.22,0.335,0.32,0.431,0.405,4.906,4.472,13.6,11.3,92.0,0.0,0.4,0.5,0.7,0.5,0.32,0.3353,0.4054,0.4313,0.169,0.169,,,,,,,,0.5084,6.23,2.94,17.0,99.0,0.6909,0.7136,4.27,5.5,0.7797,0.5407,R,R,POSTPONED,POSTPONED,,,,2026-04-30T00:22:40+00:00,,,,,,,,,,,,0,,,,,,,,,,,,,,
2026-04-29,2026,823717,1,,SEA,MIN,1:40 PM ET,George Kirby,Taj Bradley,669923,671737,ltd,ltd,live,live,0.97,0.4445,0.3855,0.83,0.313,0.2317,0.5447,0.6413,0.3587,0.202,0.798,,,NRFI,STRONG,STRONG NRFI,4,2026-04-29T20:20:38Z,3.569,3.874,1.148,1.253,3.295,3.966,2.03,3.46,0.93,1.16,8.21,8.86,0.321,0.324,0.391,0.391,4.186,4.625,10.8,12.0,33.0,0.0,0.6,0.8,0.7,0.8,0.3364,0.3152,0.4209,0.35,0.1799,0.1344,,,,,,,665298,0.5084,4.23,2.85,44.0,21.0,0.7272,0.6942,5.93,6.67,0.6513,0.8080,R,R,NRFI,WIN,0,0,0,2026-04-29T20:27:34+00:00,,,,,,,,,,,,0.909,,,,,,,,,,,,,,
2026-04-29,2026,824445,1,,TB,CLE,1:10 PM ET,Drew Rasmussen,Gavin Williams,656876,668909,ltd,ltd,live,live,0.96,0.5048,0.3692,0.874,0.3038,0.1787,0.4825,0.6425,0.3575,0.218,0.782,,,NRFI,STRONG,STRONG NRFI,4,2026-04-29T20:20:38Z,2.55,3.045,0.938,1.153,3.839,4.268,1.97,4.47,1.3,1.32,8.06,10.06,0.325,0.315,0.393,0.385,4.506,3.995,7.7,11.9,92.0,0.0,0.6,0.8,0.7,0.9,0.327,0.3396,0.3969,0.4367,0.1688,0.1717,,,,,,,482608,0.452,4.09,2.64,81.0,42.0,0.7197,0.7396,6.13,5.13,0.7383,0.6943,R,R,NRFI,WIN,0,0,0,2026-04-29T20:27:34+00:00,,,,,,,,,,,,0.909,,,,,,,,,,,,,,
2026-04-29,2026,823392,1,,STL,PIT,6:40 PM ET,Andre Pallante,Bubba Chandler,669467,696149,ltd,ltd,live,live,0.96,0.4918,0.5479,1.0397,0.4746,0.424,0.8986,0.3992,0.6008,0.2788,0.7212,,,YRFI,STRONG,STRONG YRFI,4,2026-04-29T20:20:38Z,4.905,4.426,1.432,1.292,4.628,4.391,4.05,3.92,1.13,1.21,6.55,8.53,0.322,0.323,0.403,0.39,4.699,4.683,14.8,14.7,85.0,0.0,1.0,0.4,0.8889,0.7,0.3495,0.376,0.4752,0.4232,0.2236,0.1755,,,,,,,427113,0.5139,5.27,5.17,39.0,48.0,0.7136,0.6942,4.8,5.07,0.8130,0.7163,R,R,NRFI,LOSS,0,0,0,2026-04-29T23:41:57+00:00,-115,-115,DraftKings,2026-04-29T19:23:58+00:00,0.5349,0.5349,-0.1269,0.0571,0.0571,Y,1,-1,,,,,,,,,,,,,,
2026-04-29,2026,823796,1,,ARI,MIL,7:40 PM ET,Eduardo Rodriguez,Brandon Sproat,593958,687075,ltd,ltd,live,live,1.03,0.5507,0.6051,1.1558,0.2813,0.2878,0.5691,0.5151,0.4849,0.3213,0.6787,,,PASS,NO EDGE,PASS - No edge,4,2026-04-29T20:20:38Z,4.143,5.065,1.449,1.36,4.701,4.65,3.65,3.94,1.39,1.37,7.3,8.49,0.311,0.329,0.416,0.376,4.669,4.924,,,,1.0,0.6,0.6,0.7143,0.6,0.3663,0.3416,0.3963,0.4291,0.1296,0.1773,,,,,,,427315,0.5564,5.2,4.94,35.0,7.0,0.7136,0.751,4.73,5.6,0.7103,0.7000,L,R,YRFI,PASS,0,1,1,2026-04-30T06:16:31+00:00,-120,-105,DraftKings,2026-04-29T19:23:58+00:00,0.5455,0.5122,-0.0564,-0.0013,,N,,,,,,,,,,,,,,,,
2026-04-29,2026,824930,1,,DET,ATL,7:15 PM ET,Tarik Skubal,JR Ritchie,669373,702275,ltd,sm,live,live,0.98,0.4744,0.2891,0.7635,0.294,0.2368,0.5308,0.6015,0.3985,0.1782,0.8218,,,NRFI,STRONG,STRONG NRFI,4,2026-04-29T20:20:38Z,2.452,3.957,0.937,1.213,2.107,4.419,1.51,3.11,0.55,1.4,10.34,8.91,0.327,0.333,0.413,0.441,4.461,5.283,25.8,16.8,62.0,0.0,0.0,0.8,0.0,0.8,0.3657,0.3878,0.4674,0.4175,0.1785,0.1212,,,,,,,504381,0.4205,4.2,3.01,50.0,73.0,0.7136,0.7272,7.0,6.07,0.8453,0.8453,L,R,YRFI,LOSS,0,2,2,2026-04-29T23:41:57+00:00,-140,+110,DraftKings,2026-04-29T19:23:58+00:00,0.5833,0.4762,0.0558,-0.1153,0.0558,Y,1,-1,,,,,,,,,,,,,,
2026-04-29,2026,824608,1,,LAA,CWS,1:10 PM ET,Yusei Kikuchi,Erick Fedde,579328,607200,ltd,ltd,live,live,0.98,0.5372,0.4995,1.0367,0.3069,0.4454,0.7522,0.4381,0.5619,0.2777,0.7223,,,PASS,NO EDGE,PASS - No edge,4,2026-04-29T20:20:38Z,4.785,4.468,1.49,1.304,3.9,4.939,3.88,3.71,1.06,1.28,9.14,5.62,0.329,0.303,0.405,0.391,4.612,4.212,7.3,18.6,88.0,0.0,0.8,0.8,0.5,0.7,0.356,0.377,0.4525,0.4434,0.2152,0.2136,,,,,,,483569,0.5176,3.74,4.91,11.0,59.0,0.7272,0.7613,4.73,4.93,0.8200,0.8790,L,R,NRFI,PASS,0,0,0,2026-04-29T20:27:34+00:00,,,,,,,,,,,,,,,,,,,,,,,,,,
2026-04-29,2026,823312,1,,CHC,SD,4:10 PM ET,Jameson Taillon,Matt Waldron,592791,663362,ltd,sm,live,live,0.95,0.5314,0.5251,1.0565,0.412,0.2588,0.6709,0.4692,0.5308,0.285,0.715,,,PASS,NO EDGE,PASS - No edge,4,2026-04-29T20:20:38Z,4.032,5.605,1.157,1.43,5.153,4.511,2.73,3.4,1.93,1.37,7.41,8.69,0.341,0.314,0.421,0.396,5.128,4.585,21.0,14.9,59.0,0.0,0.6667,0.8,0.6667,0.8,0.312,0.3683,0.3386,0.4677,0.1108,0.1742,,,,,,,483919,0.4901,4.68,4.59,4.0,67.0,0.7136,0.7396,4.44,5.53,0.7480,0.5930,R,R,NRFI,PASS,0,0,0,2026-04-29T20:27:34+00:00,-120,-105,DraftKings,2026-04-29T19:23:58+00:00,0.5455,0.5122,-0.0763,0.0186,,N,,,,,,,,,,,,,,,,
2026-04-29,2026,823633,1,,WSH,NYM,7:10 PM ET,Cade Cavalli,David Peterson,676917,656849,ltd,ltd,live,live,0.96,0.4376,0.4043,0.842,0.4544,0.297,0.7514,0.4493,0.5507,0.2064,0.7936,,,PASS,NO EDGE,PASS - No edge,4,2026-04-29T20:20:38Z,4.141,4.552,1.462,1.481,3.489,3.403,3.58,3.6,0.77,0.63,9.11,8.11,0.32,0.299,0.396,0.364,4.95,3.79,11.5,13.2,71.0,0.0,0.2,0.6,0.4,0.6,0.3192,0.3313,0.3886,0.4404,0.1295,0.2202,,,,,,,427344,0.4727,4.78,3.87,41.0,39.0,0.664,0.7272,4.2,4.2,0.8220,0.7660,R,L,YRFI,PASS,2,0,2,2026-04-29T23:41:57+00:00,-145,+110,DraftKings,2026-04-29T19:23:58+00:00,0.5918,0.4762,-0.1324,0.0644,,N,,,,,,,,,,,,,,,,
2026-04-29,2026,823471,1,,SF,PHI,6:10 PM ET,Logan Webb,Cristopher Sánchez,657277,650911,ltd,ltd,live,live,1.04,0.3199,0.3636,0.6835,0.2029,0.5462,0.7492,0.4493,0.5507,0.1501,0.8499,,,PASS,NO EDGE,PASS - No edge,4,2026-04-29T20:20:38Z,4.008,2.7,1.307,1.305,2.792,2.5,2.56,2.3,0.55,0.66,8.8,10.45,0.299,0.305,0.382,0.381,3.722,3.994,16.0,18.8,45.0,0.0,0.8,1.0,0.9,0.8,0.3394,0.3334,0.4592,0.3856,0.2205,0.1003,,,,,,,605671,0.5497,3.28,4.41,84.0,17.0,0.7075,0.7396,5.53,6.4,0.7607,0.7960,R,L,POSTPONED,POSTPONED,,,,2026-04-30T06:16:31+00:00,-150,+115,DraftKings,2026-04-29T19:23:58+00:00,0.6,0.4651,-0.1371,0.072,,N,,,,,,,,,,,,,,,,
2026-04-29,2026,822907,1,,NYY,TEX,2:35 PM ET,Elmer Rodríguez,Nathan Eovaldi,695684,543135,sm,ltd,live,live,1.07,0.4705,0.4981,0.9686,0.3751,0.3019,0.6769,0.4692,0.5308,0.2527,0.7473,,,PASS,NO EDGE,PASS - No edge,4,2026-04-29T20:20:38Z,4.0,3.445,1.31,1.108,4.267,3.801,3.62,1.88,1.14,1.46,8.9,9.18,0.323,0.316,0.425,0.39,4.777,3.995,,,,1.0,0.4,0.5,0.6,0.5,0.3495,0.3799,0.4771,0.569,0.2049,0.3241,,,,,,,658325,0.5084,4.68,4.2,69.0,50.0,0.699,0.7136,5.6,5.0,0.8860,0.7963,R,R,NRFI,PASS,0,0,0,2026-04-29T20:27:34+00:00,,,,,,,,,,,,,,,,,,,,,,,,,,
2026-04-30,2026,823795,1,,ARI,MIL,1:40 PM ET,Michael Soroka,Brandon Woodruff,647336,605540,ltd,ltd,live,live,1.03,0.4149,0.4295,0.8443,0.1415,0.3027,0.4442,0.6532,0.3468,0.2072,0.7928,,,NRFI,STRONG,STRONG NRFI,4,2026-04-30T23:59:21Z,3.697,3.708,1.158,1.044,3.218,3.718,2.72,2.28,0.99,1.25,10.15,9.11,0.313,0.328,0.421,0.374,4.699,4.858,,,,1.0,0.6,0.8,0.7,0.7,0.3762,0.3471,0.4164,0.4456,0.1566,0.1905,lineup,lineup,"[{""id"": 669003, ""name"": ""Garrett Mitchell"", ""bats"": ""L"", ""obp"": 0.3870967741935484, ""slg"": 0.36486486486486486, ""iso"": 0.13513513513513511, ""ab"": 74}, {""id"": 668930, ""name"": ""Brice Turang"", ""bats"": ""L"", ""obp"": 0.4065040650406504, ""slg"": 0.5, ""iso"": 0.21999999999999997, ""ab"": 100}, {""id"": 661388, ""name"": ""William Contreras"", ""bats"": ""R"", ""obp"": 0.33613445378151263, ""slg"": 0.37383177570093457, ""iso"": 0.11214953271028039, ""ab"": 107}]","[{""id"": 672695, ""name"": ""Geraldo Perdomo"", ""bats"": ""S"", ""obp"": 0.3619047619047619, ""slg"": 0.38372093023255816, ""iso"": 0.13953488372093026, ""ab"": 86}, {""id"": 699912, ""name"": ""Jose Fernandez"", ""bats"": ""R"", ""obp"": 0.3488372093023256, ""slg"": 0.46987951807228917, ""iso"": 0.14457831325301207, ""ab"": 83}, {""id"": 678489, ""name"": ""Jorge Barrosa"", ""bats"": ""S"", ""obp"": 0.25396825396825395, ""slg"": 0.4067796610169492, ""iso"": 0.2033898305084746, ""ab"": 59}]",,,482631,0.538,3.05,4.59,31.0,39.0,0.7075,0.7136,5.73,5.53,0.7117,0.7933,R,R,YRFI,LOSS,0,3,3,2026-04-30T18:11:12+00:00,,,,,,,,,,Y,1,-1,,,,,,,,0.3863,0.3115,0.4828,0.2981,0.1724,0.0962,
2026-04-30,2026,823714,1,,TOR,MIN,7:40 PM ET,Kevin Gausman,Bailey Ober,592332,641927,ltd,ltd,live,live,0.97,0.4284,0.342,0.7704,0.2409,0.239,0.4799,0.6433,0.3567,0.1806,0.8194,,,NRFI,STRONG,STRONG NRFI,4,2026-04-30T23:59:21Z,3.114,4.584,1.004,1.238,2.971,4.274,1.96,2.44,0.88,1.4,9.26,7.48,0.314,0.324,0.391,0.39,4.172,4.647,10.3,13.2,35.0,0.0,0.8,1.0,0.9,0.8,0.3644,0.3659,0.4517,0.4444,0.1892,0.1548,lineup,lineup,"[{""id"": 621439, ""name"": ""Byron Buxton"", ""bats"": ""R"", ""obp"": 0.2923076923076923, ""slg"": 0.46218487394957986, ""iso"": 0.22689075630252103, ""ab"": 119}, {""id"": 663616, ""name"": ""Trevor Larnach"", ""bats"": ""L"", ""obp"": 0.41975308641975306, ""slg"": 0.4153846153846154, ""iso"": 0.13846153846153847, ""ab"": 65}, {""id"": 680777, ""name"": ""Ryan Jeffers"", ""bats"": ""R"", ""obp"": 0.4175824175824176, ""slg"": 0.4666666666666667, ""iso"": 0.17333333333333334, ""ab"": 75}]","[{""id"": 543807, ""name"": ""George Springer"", ""bats"": ""R"", ""obp"": 0.296875, ""slg"": 0.375, ""iso"": 0.17857142857142858, ""ab"": 56}, {""id"": 660821, ""name"": ""Jes\u00fas S\u00e1nchez"", ""bats"": ""L"", ""obp"": 0.30927835051546393, ""slg"": 0.4482758620689655, ""iso"": 0.1839080459770115, ""ab"": 87}, {""id"": 665489, ""name"": ""Vladimir Guerrero Jr."", ""bats"": ""R"", ""obp"": 0.4444444444444444, ""slg"": 0.47706422018348627, ""iso"": 0.11926605504587157, ""ab"": 109}]",,,484499,0.5451,3.87,2.96,24.0,77.0,0.6909,0.6767,5.6,5.8,0.7393,0.7663,R,R,NRFI,WIN,0,0,0,2026-05-01T06:26:07+00:00,-130,+100,DraftKings,2026-04-30T23:59:22+00:00,0.5652,0.5,0.0781,-0.1433,0.0781,Y,1,0.769,,,,,,,,0.3853,0.3643,0.4792,0.4643,0.1667,0.1964,
2026-04-30,2026,824848,1,,HOU,BAL,12:35 PM ET,Peter Lambert,Chris Bassitt,663567,605135,sm,ltd,live,live,1.06,0.6085,0.4707,1.0792,0.7198,0.2767,0.9965,0.3733,0.6267,0.2933,0.7067,,,YRFI,STRONG,STRONG YRFI,4,2026-04-30T23:59:21Z,3.999,4.923,1.254,1.582,3.571,4.473,3.22,3.72,0.94,1.2,9.8,7.22,0.335,0.32,0.431,0.405,4.906,4.472,14.7,23.0,56.0,0.0,0.4,0.5,0.7,0.5,0.3645,0.3898,0.5017,0.515,0.2249,0.2259,lineup,lineup,"[{""id"": 683002, ""name"": ""Gunnar Henderson"", ""bats"": ""L"", ""obp"": 0.2867647058823529, ""slg"": 0.4918032786885246, ""iso"": 0.2786885245901639, ""ab"": 122}, {""id"": 621493, ""name"": ""Taylor Ward"", ""bats"": ""R"", ""obp"": 0.4264705882352941, ""slg"": 0.45535714285714285, ""iso"": 0.14285714285714285, ""ab"": 112}, {""id"": 668939, ""name"": ""Adley Rutschman"", ""bats"": ""S"", ""obp"": 0.4, ""slg"": 0.6181818181818182, ""iso"": 0.2727272727272727, ""ab"": 55}]","[{""id"": 621043, ""name"": ""Carlos Correa"", ""bats"": ""R"", ""obp"": 0.36752136752136755, ""slg"": 0.40594059405940597, ""iso"": 0.12871287128712872, ""ab"": 101}, {""id"": 669288, ""name"": ""Daniel Johnson"", ""bats"": ""L"", ""obp"": 0.3, ""slg"": 0.125, ""iso"": 0.0, ""ab"": 8}, {""id"": 694376, ""name"": ""Shay Whitcomb"", ""bats"": ""R"", ""obp"": 0.18181818181818182, ""slg"": 0.4, ""iso"": 0.30000000000000004, ""ab"": 10}]",,,427128,0.4785,6.23,2.94,17.0,99.0,0.6909,0.7136,4.27,5.5,0.6183,0.9443,R,R,NRFI,LOSS,0,0,0,2026-04-30T18:11:12+00:00,,,,,,,,,,Y,1,-1,,,,,,,,0.3433,0.3897,0.3929,0.5462,0.1607,0.2437,
2026-04-30,2026,824524,1,,COL,CIN,12:40 PM ET,Michael Lorenzen,Andrew Abbott,547179,671096,ltd,ltd,live,live,1.09,0.5183,0.5516,1.0699,0.4563,0.362,0.8184,0.413,0.587,0.2899,0.7101,,,YRFI,STRONG,STRONG YRFI,4,2026-04-30T23:59:21Z,5.19,4.408,1.545,1.41,4.35,4.153,2.25,3.08,1.46,1.13,7.26,7.24,0.321,0.313,0.407,0.394,4.342,4.306,15.1,10.8,32.0,0.0,0.4,0.8,0.6,0.7,0.3241,0.2926,0.3934,0.4041,0.1622,0.1796,lineup,lineup,"[{""id"": 670770, ""name"": ""TJ Friedl"", ""bats"": ""L"", ""obp"": 0.26956521739130435, ""slg"": 0.2524271844660194, ""iso"": 0.06796116504854369, ""ab"": 103}, {""id"": 680574, ""name"": ""Matt McLain"", ""bats"": ""R"", ""obp"": 0.3384615384615385, ""slg"": 0.32727272727272727, ""iso"": 0.1090909090909091, ""ab"": 110}, {""id"": 682829, ""name"": ""Elly De La Cruz"", ""bats"": ""S"", ""obp"": 0.3582089552238806, ""slg"": 0.575, ""iso"": 0.29166666666666663, ""ab"": 120}]","[{""id"": 666160, ""name"": ""Mickey Moniak"", ""bats"": ""L"", ""obp"": 0.35789473684210527, ""slg"": 0.6551724137931034, ""iso"": 0.3448275862068965, ""ab"": 87}, {""id"": 664983, ""name"": ""Jake McCarthy"", ""bats"": ""L"", ""obp"": 0.32786885245901637, ""slg"": 0.39285714285714285, ""iso"": 0.125, ""ab"": 56}, {""id"": 696100, ""name"": ""Hunter Goodman"", ""bats"": ""R"", ""obp"": 0.3448275862068966, ""slg"": 0.5865384615384616, ""iso"": 0.31730769230769235, ""ab"": 104}]",,,427129,0.4611,5.52,5.55,27.0,21.0,0.7272,0.7075,4.53,4.67,0.7533,0.6623,R,L,YRFI,WIN,2,0,2,2026-04-30T18:11:12+00:00,,,,,,,,,,Y,1,0.909,,,,,,,,0.4118,0.3215,0.7064,0.5210,0.3486,0.2437,
2026-04-30,2026,825016,1,,KC,OAK,3:05 PM ET,Noah Cameron,Jeffrey Springs,702070,605488,ltd,ltd,live,live,0.93,0.4171,0.4616,0.8787,0.1974,0.5986,0.796,0.4153,0.5847,0.2197,0.7803,,,YRFI,STRONG,STRONG YRFI,4,2026-04-30T23:59:21Z,3.835,3.96,1.266,1.116,4.387,4.356,2.92,2.83,1.39,1.38,7.63,7.57,0.319,0.319,0.395,0.399,4.217,4.261,19.3,16.2,61.0,0.0,0.6,1.0,0.7,0.7,0.3613,0.3569,0.4582,0.3958,0.1787,0.1237,lineup,lineup,"[{""id"": 805779, ""name"": ""Jacob Wilson"", ""bats"": ""R"", ""obp"": 0.29365079365079366, ""slg"": 0.3902439024390244, ""iso"": 0.10569105691056913, ""ab"": 123}, {""id"": 669127, ""name"": ""Shea Langeliers"", ""bats"": ""R"", ""obp"": 0.3712121212121212, ""slg"": 0.5619834710743802, ""iso"": 0.24793388429752067, ""ab"": 121}, {""id"": 701762, ""name"": ""Nick Kurtz"", ""bats"": ""L"", ""obp"": 0.4148148148148148, ""slg"": 0.4174757281553398, ""iso"": 0.1844660194174757, ""ab"": 103}]","[{""id"": 672580, ""name"": ""Maikel Garcia"", ""bats"": ""R"", ""obp"": 0.3305785123966942, ""slg"": 0.3888888888888889, ""iso"": 0.12962962962962965, ""ab"": 108}, {""id"": 677951, ""name"": ""Bobby Witt Jr."", ""bats"": ""R"", ""obp"": 0.3656716417910448, ""slg"": 0.4406779661016949, ""iso"": 0.1440677966101695, ""ab"": 118}, {""id"": 695506, ""name"": ""Jac Caglianone"", ""bats"": ""L"", ""obp"": 0.32653061224489793, ""slg"": 0.39080459770114945, ""iso"": 0.14942528735632185, ""ab"": 87}]",,,482666,0.522,2.92,6.98,55.0,37.0,0.6942,0.7396,6.07,5.27,0.9377,0.8010,L,L,YRFI,WIN,1,1,2,2026-05-01T06:26:07+00:00,+100,-130,DraftKings,2026-04-30T18:18:24+00:00,0.5,0.5652,-0.0847,0.0195,0.0195,Y,1,0.769,,,,,,,,0.3256,0.3889,0.4483,0.5354,0.1897,0.2205,
2026-04-30,2026,824929,1,,DET,ATL,12:15 PM ET,Framber Valdez,Bryce Elder,664285,693821,ltd,ltd,live,live,0.98,0.4065,0.4676,0.8741,0.1997,0.3399,0.5396,0.5634,0.4366,0.2181,0.7819,,,NRFI,STRONG,STRONG NRFI,4,2026-04-30T23:59:21Z,3.545,3.69,1.272,1.188,3.44,3.698,3.42,2.7,0.62,0.95,7.65,7.55,0.325,0.331,0.411,0.442,4.429,5.255,20.4,17.5,35.0,0.0,0.6,0.6,0.7,0.6,0.3671,0.3859,0.4711,0.4123,0.1818,0.1169,lineup,lineup,"[{""id"": 660670, ""name"": ""Ronald Acu\u00f1a Jr."", ""bats"": ""R"", ""obp"": 0.35714285714285715, ""slg"": 0.3706896551724138, ""iso"": 0.12931034482758622, ""ab"": 116}, {""id"": 686948, ""name"": ""Drake Baldwin"", ""bats"": ""L"", ""obp"": 0.38028169014084506, ""slg"": 0.5039370078740157, ""iso"": 0.19685039370078738, ""ab"": 127}, {""id"": 645277, ""name"": ""Ozzie Albies"", ""bats"": ""S"", ""obp"": 0.36363636363636365, ""slg"": 0.5333333333333333, ""iso"": 0.21666666666666667, ""ab"": 120}]","[{""id"": 805808, ""name"": ""Kevin McGonigle"", ""bats"": ""L"", ""obp"": 0.4198473282442748, ""slg"": 0.5175438596491229, ""iso"": 0.18421052631578955, ""ab"": 114}, {""id"": 650402, ""name"": ""Gleyber Torres"", ""bats"": ""R"", ""obp"": 0.3787878787878788, ""slg"": 0.3113207547169811, ""iso"": 0.07547169811320753, ""ab"": 106}, {""id"": 663330, ""name"": ""Jahmai Jones"", ""bats"": ""R"", ""obp"": 0.2222222222222222, ""slg"": 0.4, ""iso"": 0.2, ""ab"": 35}]",,,577468,0.4946,2.85,3.92,28.0,13.0,0.7272,0.6796,6.2,5.67,0.5857,0.8453,L,R,NRFI,WIN,0,0,0,2026-04-30T18:11:12+00:00,,,,,,,,,,Y,1,0.909,,,,,,,,0.3964,0.3985,0.4737,0.5179,0.1789,0.2143,
2026-04-30,2026,823472,1,,SF,PHI,12:35 PM ET,Logan Webb,Cristopher Sánchez,657277,650911,ltd,ltd,live,live,1.04,0.3199,0.3636,0.6835,0.1898,0.4835,0.6733,0.4692,0.5308,0.1501,0.8499,,,PASS,NO EDGE,PASS - No edge,4,2026-04-30T23:59:21Z,4.008,2.7,1.307,1.305,2.792,2.5,2.56,2.3,0.55,0.66,8.8,10.45,0.299,0.305,0.382,0.381,3.722,3.994,13.4,8.9,78.0,0.0,0.8,1.0,0.9,0.8,0.3394,0.3334,0.4592,0.3856,0.2205,0.1003,lineup,lineup,"[{""id"": 607208, ""name"": ""Trea Turner"", ""bats"": ""R"", ""obp"": 0.3230769230769231, ""slg"": 0.3728813559322034, ""iso"": 0.11864406779661019, ""ab"": 118}, {""id"": 656941, ""name"": ""Kyle Schwarber"", ""bats"": ""L"", ""obp"": 0.34615384615384615, ""slg"": 0.5047619047619047, ""iso"": 0.3142857142857143, ""ab"": 105}, {""id"": 547180, ""name"": ""Bryce Harper"", ""bats"": ""L"", ""obp"": 0.34959349593495936, ""slg"": 0.5092592592592593, ""iso"": 0.24074074074074076, ""ab"": 108}]","[{""id"": 671218, ""name"": ""Heliot Ramos"", ""bats"": ""R"", ""obp"": 0.308411214953271, ""slg"": 0.4158415841584158, ""iso"": 0.14851485148514848, ""ab"": 101}, {""id"": 656305, ""name"": ""Matt Chapman"", ""bats"": ""R"", ""obp"": 0.3442622950819672, ""slg"": 0.36363636363636365, ""iso"": 0.09090909090909094, ""ab"": 110}, {""id"": 650333, ""name"": ""Luis Arraez"", ""bats"": ""L"", ""obp"": 0.3448275862068966, ""slg"": 0.37962962962962965, ""iso"": 0.06481481481481483, ""ab"": 108}]",,,605671,0.5497,3.28,4.41,84.0,17.0,0.7075,0.7396,5.53,6.4,0.7607,0.8913,R,L,YRFI,PASS,2,1,3,2026-04-30T18:11:12+00:00,,,,,,,,,,,,,,,,,,,,0.3707,0.3162,0.4513,0.4103,0.1416,0.1966,
2026-04-30,2026,823634,1,,WSH,NYM,1:10 PM ET,Miles Mikolas,Freddy Peralta,571945,642547,ltd,ltd,live,live,0.96,0.4343,0.546,0.9803,0.2262,0.421,0.6473,0.4875,0.5125,0.257,0.743,,,PASS,NO EDGE,PASS - No edge,4,2026-04-30T23:59:21Z,6.176,3.234,1.51,1.138,5.68,3.562,2.78,3.49,2.06,1.09,5.94,10.27,0.323,0.299,0.401,0.365,5.147,3.75,12.1,5.8,84.0,0.0,1.0,0.8,0.8,0.7,0.3274,0.3437,0.4098,0.4379,0.1415,0.1864,lineup,lineup,"[{""id"": 666182, ""name"": ""Bo Bichette"", ""bats"": ""R"", ""obp"": 0.2727272727272727, ""slg"": 0.3252032520325203, ""iso"": 0.08943089430894308, ""ab"": 123}, {""id"": 665742, ""name"": ""Juan Soto"", ""bats"": ""L"", ""obp"": 0.421875, ""slg"": 0.5454545454545454, ""iso"": 0.21818181818181814, ""ab"": 55}, {""id"": 596103, ""name"": ""Austin Slater"", ""bats"": ""R"", ""obp"": 0.27586206896551724, ""slg"": 0.16666666666666666, ""iso"": 0.0, ""ab"": 24}]","[{""id"": 695578, ""name"": ""James Wood"", ""bats"": ""L"", ""obp"": 0.40397350993377484, ""slg"": 0.5546218487394958, ""iso"": 0.31092436974789917, ""ab"": 119}, {""id"": 671277, ""name"": ""Luis Garc\u00eda Jr."", ""bats"": ""L"", ""obp"": 0.27, ""slg"": 0.3473684210526316, ""iso"": 0.10526315789473686, ""ab"": 95}, {""id"": 695734, ""name"": ""Daylen Lile"", ""bats"": ""L"", ""obp"": 0.33088235294117646, ""slg"": 0.3951612903225806, ""iso"": 0.12903225806451613, ""ab"": 124}]",,,665281,0.5305,3.55,5.45,79.0,14.0,0.7272,0.7138,5.47,4.47,0.8310,0.7660,R,R,NRFI,PASS,0,0,0,2026-04-30T18:11:12+00:00,,,,,,,,,,,,,,,,,,,,0.3651,0.3462,0.4327,0.4286,0.1923,0.1648,
2026-04-30,2026,823391,1,,STL,PIT,12:35 PM ET,Hunter Dobbins,Paul Skenes,690928,694973,ltd,ltd,live,live,0.96,0.2712,0.4486,0.7198,0.1618,0.4285,0.5903,0.4891,0.5109,0.1627,0.8373,,,PASS,NO EDGE,PASS - No edge,4,2026-04-30T23:59:21Z,4.164,2.184,1.265,0.853,3.966,2.407,2.85,2.08,1.04,0.57,7.75,9.93,0.322,0.323,0.403,0.389,4.706,4.668,9.0,12.0,72.0,0.0,0.8,0.2,0.7,0.6,0.3455,0.3793,0.4655,0.4398,0.2192,0.1867,lineup,lineup,"[{""id"": 665833, ""name"": ""Oneil Cruz"", ""bats"": ""L"", ""obp"": 0.3181818181818182, ""slg"": 0.5206611570247934, ""iso"": 0.26446280991735543, ""ab"": 121}, {""id"": 664040, ""name"": ""Brandon Lowe"", ""bats"": ""L"", ""obp"": 0.33620689655172414, ""slg"": 0.5196078431372549, ""iso"": 0.27450980392156865, ""ab"": 102}, {""id"": 668804, ""name"": ""Bryan Reynolds"", ""bats"": ""S"", ""obp"": 0.3795620437956204, ""slg"": 0.35454545454545455, ""iso"": 0.1181818181818182, ""ab"": 110}]","[{""id"": 802139, ""name"": ""JJ Wetherholt"", ""bats"": ""L"", ""obp"": 0.3695652173913043, ""slg"": 0.45132743362831856, ""iso"": 0.20353982300884954, ""ab"": 113}, {""id"": 671056, ""name"": ""Iv\u00e1n Herrera"", ""bats"": ""R"", ""obp"": 0.42028985507246375, ""slg"": 0.42857142857142855, ""iso"": 0.18095238095238092, ""ab"": 105}, {""id"": 676475, ""name"": ""Alec Burleson"", ""bats"": ""L"", ""obp"": 0.34615384615384615, ""slg"": 0.43859649122807015, ""iso"": 0.17543859649122806, ""ab"": 114}]",,,427366,0.4992,1.93,4.2,42.0,50.0,0.751,0.7136,5.67,4.13,0.8130,0.8757,R,R,YRFI,PASS,3,0,3,2026-04-30T18:11:12+00:00,,,,,,,,,,,,,,,,,,,,0.3603,0.2794,0.5339,0.3525,0.2712,0.1557,
2026-04-30,2026,824850,2,,HOU,BAL,3:58 PM ET,Lance McCullers Jr.,Brandon Young,621121,687064,ltd,sm,live,live,1.06,0.5712,0.6408,1.2121,0.207,0.464,0.6711,0.4692,0.5308,0.3417,0.6583,,,PASS,NO EDGE,PASS - No edge,4,2026-04-30T23:59:21Z,5.835,4.635,1.504,1.336,4.766,4.568,4.66,3.19,1.41,1.4,9.09,7.78,0.335,0.32,0.431,0.405,4.906,4.472,14.7,23.0,56.0,0.0,0.6,0.4,0.6,0.5,0.32,0.3353,0.4054,0.4313,0.169,0.169,team_fallback,team_fallback,"[{""id"": 677942, ""name"": ""Blaze Alexander"", ""bats"": ""R"", ""obp"": 0.23809523809523808, ""slg"": 0.1896551724137931, ""iso"": 0.017241379310344807, ""ab"": 58}, {""id"": 681297, ""name"": ""Colton Cowser"", ""bats"": ""L"", ""obp"": 0.27419354838709675, ""slg"": 0.23636363636363636, ""iso"": 0.03636363636363635, ""ab"": 55}, {""id"": 687637, ""name"": ""Dylan Beavers"", ""bats"": ""L"", ""obp"": 0.3, ""slg"": 0.3611111111111111, ""iso"": 0.125, ""ab"": 72}]","[{""id"": 694728, ""name"": ""Brice Matthews"", ""bats"": ""R"", ""obp"": 0.2641509433962264, ""slg"": 0.3958333333333333, ""iso"": 0.20833333333333331, ""ab"": 48}, {""id"": 670541, ""name"": ""Yordan Alvarez"", ""bats"": ""L"", ""obp"": 0.4626865671641791, ""slg"": 0.7363636363636363, ""iso"": 0.3818181818181818, ""ab"": 110}, {""id"": 670623, ""name"": ""Isaac Paredes"", ""bats"": ""R"", ""obp"": 0.32038834951456313, ""slg"": 0.36666666666666664, ""iso"": 0.14444444444444443, ""ab"": 90}]",,,,0.5084,3.26,4.94,19.0,44.0,0.6942,0.7396,5.4,5.07,0.7797,0.5407,R,R,YRFI,PASS,5,0,5,2026-05-01T15:19:04+00:00,-105,-125,DraftKings,2026-04-30T19:08:45+00:00,0.5122,0.5556,-0.043,-0.0248,,N,,,,,,,,,,0.3451,0.2230,0.5962,0.2500,0.2885,0.0789,
2026-04-30,2026,823471,2,,SF,PHI,5:35 PM ET,TBD,TBD,,,avg,avg,live,live,1.04,0.4317,0.4695,0.9011,0.2862,0.4454,0.7316,0.4512,0.5488,0.2279,0.7721,,,PASS,NO EDGE,PASS - No edge,2,2026-04-30T23:59:21Z,4.2,4.2,1.25,1.25,4.2,4.2,3.2,3.2,1.2,1.2,8.9,8.9,0.299,0.306,0.381,0.383,3.683,3.928,15.0,23.8,63.0,0.0,0.5,0.5,0.5,0.5,0.306,0.2987,0.3833,0.3807,0.169,0.169,team_fallback,team_fallback,"[{""id"": 607208, ""name"": ""Trea Turner"", ""bats"": ""R"", ""obp"": 0.3230769230769231, ""slg"": 0.3728813559322034, ""iso"": 0.11864406779661019, ""ab"": 118}, {""id"": 656941, ""name"": ""Kyle Schwarber"", ""bats"": ""L"", ""obp"": 0.34615384615384615, ""slg"": 0.5047619047619047, ""iso"": 0.3142857142857143, ""ab"": 105}, {""id"": 547180, ""name"": ""Bryce Harper"", ""bats"": ""L"", ""obp"": 0.34959349593495936, ""slg"": 0.5092592592592593, ""iso"": 0.24074074074074076, ""ab"": 108}]","[{""id"": 671218, ""name"": ""Heliot Ramos"", ""bats"": ""R"", ""obp"": 0.308411214953271, ""slg"": 0.4158415841584158, ""iso"": 0.14851485148514848, ""ab"": 101}, {""id"": 656305, ""name"": ""Matt Chapman"", ""bats"": ""R"", ""obp"": 0.3442622950819672, ""slg"": 0.36363636363636365, ""iso"": 0.09090909090909094, ""ab"": 110}, {""id"": 650333, ""name"": ""Luis Arraez"", ""bats"": ""L"", ""obp"": 0.3448275862068966, ""slg"": 0.37962962962962965, ""iso"": 0.06481481481481483, ""ab"": 108}]",,,,0.5084,4.2,4.2,50.0,50.0,0.7136,0.7136,5.0,5.0,,,,,YRFI,PASS,0,2,2,2026-05-01T15:19:04+00:00,-135,+105,DraftKings,2026-04-30T21:08:57+00:00,0.5745,0.4878,-0.1233,0.061,,N,,,,,,,,,,0.3707,0.3162,0.4513,0.4103,0.1416,0.1966,
2026-05-01,2026,823066,1,,LAD,STL,8:15 PM ET,Emmet Sheehan,Matthew Liberatore,686218,669461,ltd,ltd,live,live,0.97,0.5703,0.4404,1.0107,0.4777,0.3677,0.8454,0.413,0.587,0.2682,0.7318,,,YRFI,STRONG,STRONG YRFI,4,2026-05-01T23:05:17Z,3.92,4.442,1.147,1.413,3.602,4.976,2.98,2.77,1.15,1.67,9.96,6.58,0.34,0.324,0.44,0.406,5.082,4.821,16.9,9.9,27.0,0.0,0.4,0.4,0.7,0.5,0.3848,0.359,0.4493,0.4317,0.1884,0.1651,lineup,lineup,"[{""id"": 802139, ""name"": ""JJ Wetherholt"", ""bats"": ""L"", ""obp"": 0.3776223776223776, ""slg"": 0.47863247863247865, ""iso"": 0.22222222222222227, ""ab"": 117}, {""id"": 671056, ""name"": ""Iv\u00e1n Herrera"", ""bats"": ""R"", ""obp"": 0.4195804195804196, ""slg"": 0.42201834862385323, ""iso"": 0.1743119266055046, ""ab"": 109}, {""id"": 676475, ""name"": ""Alec Burleson"", ""bats"": ""L"", ""obp"": 0.35555555555555557, ""slg"": 0.44537815126050423, ""iso"": 0.16806722689075632, ""ab"": 119}]","[{""id"": 660271, ""name"": ""Shohei Ohtani"", ""bats"": ""L"", ""obp"": 0.4057971014492754, ""slg"": 0.4909090909090909, ""iso"": 0.2181818181818182, ""ab"": 110}, {""id"": 518692, ""name"": ""Freddie Freeman"", ""bats"": ""L"", ""obp"": 0.328125, ""slg"": 0.41379310344827586, ""iso"": 0.15517241379310343, ""ab"": 116}, {""id"": 669257, ""name"": ""Will Smith"", ""bats"": ""R"", ""obp"": 0.3333333333333333, ""slg"": 0.38202247191011235, ""iso"": 0.11235955056179775, ""ab"": 89}]","[{""name"": ""home_xera"", ""value"": 5.77, ""contribution"": 0.6088}, {""name"": ""away_obp"", ""value"": 0.3396, ""contribution"": 0.171}, {""name"": ""home_fip"", ""value"": 4.9765, ""contribution"": -0.1365}, {""name"": ""away_top3c_obp"", ""value"": 0.359, ""contribution"": 0.0571}, {""name"": ""away_top3c_iso"", ""value"": 0.1651, ""contribution"": -0.0563}]","[{""name"": ""away_p_last5_pitcher_nrfi"", ""value"": 0.4, ""contribution"": 0.1237}, {""name"": ""home_top3c_obp"", ""value"": 0.3848, ""contribution"": 0.1068}, {""name"": ""fi_park_nrfi_rate"", ""value"": 0.5205, ""contribution"": -0.0832}, {""name"": ""home_plate_ump_nrfi_rate"", ""value"": 0.5268, ""contribution"": 0.0654}, {""name"": ""wx_temp_c"", ""value"": 16.9, ""contribution"": -0.0541}]",427197,0.5268,5.77,3.95,12.0,87.0,0.7272,0.7272,5.07,5.27,0.7807,0.8130,R,L,YRFI,WIN,0,3,3,2026-05-02T00:58:38+00:00,-125,-105,DraftKings,2026-05-01T21:45:07+00:00,0.5556,0.5122,-0.1437,0.0759,0.0759,Y,1,0.952,,,,,,,,0.3360,0.3750,0.3578,0.5385,0.1101,0.2650,
2026-05-01,2026,824366,1,,ATL,COL,8:40 PM ET,Grant Holmes,Jose Quintana,656550,500779,ltd,sm,live,live,1.22,0.7709,0.6586,1.4295,0.4623,0.3368,0.7991,0.413,0.587,0.4183,0.5817,,,YRFI,STRONG,STRONG YRFI,4,2026-05-01T23:05:17Z,3.83,4.256,1.28,1.365,4.489,5.334,4.07,4.07,1.32,1.47,8.44,5.6,0.33,0.321,0.438,0.406,5.186,4.335,16.7,11.9,12.0,0.0,0.6,0.8,0.7,0.7,0.3592,0.3677,0.556,0.472,0.2671,0.1813,lineup,lineup,"[{""id"": 666397, ""name"": ""Edouard Julien"", ""bats"": ""L"", ""obp"": 0.3956043956043956, ""slg"": 0.4430379746835443, ""iso"": 0.1392405063291139, ""ab"": 79}, {""id"": 666160, ""name"": ""Mickey Moniak"", ""bats"": ""L"", ""obp"": 0.36082474226804123, ""slg"": 0.651685393258427, ""iso"": 0.3370786516853933, ""ab"": 89}, {""id"": 696100, ""name"": ""Hunter Goodman"", ""bats"": ""R"", ""obp"": 0.3305785123966942, ""slg"": 0.5596330275229358, ""iso"": 0.3027522935779816, ""ab"": 109}]","[{""id"": 660670, ""name"": ""Ronald Acu\u00f1a Jr."", ""bats"": ""R"", ""obp"": 0.35172413793103446, ""slg"": 0.371900826446281, ""iso"": 0.13223140495867766, ""ab"": 121}, {""id"": 686948, ""name"": ""Drake Baldwin"", ""bats"": ""L"", ""obp"": 0.3835616438356164, ""slg"": 0.5, ""iso"": 0.1923076923076923, ""ab"": 130}, {""id"": 645277, ""name"": ""Ozzie Albies"", ""bats"": ""S"", ""obp"": 0.36764705882352944, ""slg"": 0.5403225806451613, ""iso"": 0.21774193548387094, ""ab"": 124}]","[{""name"": ""home_xera"", ""value"": 5.31, ""contribution"": 0.4311}, {""name"": ""home_fip"", ""value"": 5.3342, ""contribution"": -0.1861}, {""name"": ""fi_park_nrfi_rate"", ""value"": 0.4303, ""contribution"": 0.1424}, {""name"": ""away_obp"", ""value"": 0.3303, ""contribution"": 0.1014}, {""name"": ""away_top3c_slg"", ""value"": 0.472, ""contribution"": -0.0993}]","[{""name"": ""fi_park_nrfi_rate"", ""value"": 0.4303, ""contribution"": 0.2371}, {""name"": ""home_top3c_slg"", ""value"": 0.556, ""contribution"": -0.2316}, {""name"": ""home_top3c_iso"", ""value"": 0.2671, ""contribution"": 0.1995}, {""name"": ""home_plate_ump_nrfi_rate"", ""value"": 0.4946, ""contribution"": -0.0704}, {""name"": ""away_fip"", ""value"": 4.4893, ""contribution"": -0.0583}]",431232,0.4946,5.31,4.12,21.0,80.0,0.7138,0.7272,4.47,5.47,0.8453,0.9597,R,L,YRFI,WIN,0,3,3,2026-05-02T00:58:38+00:00,+115,-150,DraftKings,2026-05-01T22:13:30+00:00,0.4651,0.6,-0.0521,-0.013,-0.013,Y,1,0.667,,,,,,,,0.4015,0.4015,0.5398,0.6271,0.2212,0.2966,
2026-05-01,2026,824041,1,,NYM,LAA,9:38 PM ET,Christian Scott,Walbert Urena,681035,700712,sm,sm,live,live,0.99,0.4592,0.5103,0.9695,0.2447,0.4888,0.7335,0.4494,0.5506,0.253,0.747,,,PASS,NO EDGE,PASS - No edge,4,2026-05-01T23:05:17Z,4.268,4.322,1.317,1.459,4.328,4.294,3.44,4.27,1.17,1.12,8.88,9.26,0.298,0.328,0.365,0.403,3.755,4.612,23.8,13.8,54.0,0.0,1.0,0.0,1.0,0.0,0.369,0.3393,0.4406,0.4319,0.2156,0.1549,lineup,lineup,"[{""id"": 687263, ""name"": ""Zach Neto"", ""bats"": ""R"", ""obp"": 0.34, ""slg"": 0.4108527131782946, ""iso"": 0.17829457364341086, ""ab"": 129}, {""id"": 545361, ""name"": ""Mike Trout"", ""bats"": ""R"", ""obp"": 0.4305555555555556, ""slg"": 0.5688073394495413, ""iso"": 0.3211009174311927, ""ab"": 109}, {""id"": 660162, ""name"": ""Yo\u00e1n Moncada"", ""bats"": ""S"", ""obp"": 0.32323232323232326, ""slg"": 0.3170731707317073, ""iso"": 0.13414634146341464, ""ab"": 82}]","[{""id"": 666182, ""name"": ""Bo Bichette"", ""bats"": ""R"", ""obp"": 0.27205882352941174, ""slg"": 0.31746031746031744, ""iso"": 0.0873015873015873, ""ab"": 126}, {""id"": 665742, ""name"": ""Juan Soto"", ""bats"": ""L"", ""obp"": 0.4411764705882353, ""slg"": 0.5689655172413793, ""iso"": 0.22413793103448276, ""ab"": 58}, {""id"": 669004, ""name"": ""MJ Melendez"", ""bats"": ""L"", ""obp"": 0.40625, ""slg"": 0.6551724137931034, ""iso"": 0.31034482758620685, ""ab"": 29}]","[{""name"": ""home_xera"", ""value"": 3.41, ""contribution"": -0.303}, {""name"": ""away_obp"", ""value"": 0.2985, ""contribution"": -0.1361}, {""name"": ""home_plate_ump_nrfi_rate"", ""value"": 0.4391, ""contribution"": 0.1024}, {""name"": ""away_top3c_iso"", ""value"": 0.1549, ""contribution"": -0.0988}, {""name"": ""fi_park_nrfi_rate"", ""value"": 0.4603, ""contribution"": 0.0784}]","[{""name"": ""home_plate_ump_nrfi_rate"", ""value"": 0.4391, ""contribution"": -0.3045}, {""name"": ""away_p_last5_pitcher_nrfi"", ""value"": 0.0, ""contribution"": 0.2759}, {""name"": ""away_avg_ip_per_start"", ""value"": 1.3333, ""contribution"": 0.2098}, {""name"": ""fi_park_nrfi_rate"", ""value"": 0.4603, ""contribution"": 0.1305}, {""name"": ""home_top3c_iso"", ""value"": 0.2156, ""contribution"": 0.0846}]",521251,0.4391,3.41,4.2,53.0,50.0,0.7136,0.7136,4.83,1.33,0.7660,0.8253,R,R,YRFI,PASS,0,2,2,2026-05-02T04:15:11Z,-105,-125,DraftKings,2026-05-01T22:13:30+00:00,0.5122,0.5556,-0.0617,-0.0061,,N,,,,,,,,,,0.3763,0.3707,0.5053,0.3617,0.2105,0.1383,
2026-05-01,2026,823877,1,,PHI,MIA,7:10 PM ET,Zack Wheeler,Eury Pérez,554430,691587,sm,ltd,live,live,0.95,0.4299,0.3354,0.7653,0.4291,0.3888,0.8179,0.413,0.587,0.1788,0.8212,,,YRFI,STRONG,STRONG YRFI,4,2026-05-01T23:05:17Z,2.809,4.397,0.969,1.226,2.771,4.185,2.37,3.5,1.02,1.41,11.66,9.65,0.307,0.327,0.388,0.392,4.016,4.386,,,,1.0,0.6,0.6,0.7,0.6,0.3311,0.3535,0.369,0.4911,0.1218,0.247,lineup,lineup,"[{""id"": 805300, ""name"": ""Jakob Marsee"", ""bats"": ""L"", ""obp"": 0.3, ""slg"": 0.2627118644067797, ""iso"": 0.08474576271186443, ""ab"": 118}, {""id"": 669065, ""name"": ""Kyle Stowers"", ""bats"": ""L"", ""obp"": 0.34146341463414637, ""slg"": 0.3142857142857143, ""iso"": 0.08571428571428572, ""ab"": 35}, {""id"": 672640, ""name"": ""Otto Lopez"", ""bats"": ""R"", ""obp"": 0.36220472440944884, ""slg"": 0.4915254237288136, ""iso"": 0.16949152542372886, ""ab"": 118}]","[{""id"": 656941, ""name"": ""Kyle Schwarber"", ""bats"": ""L"", ""obp"": 0.381294964028777, ""slg"": 0.5945945945945946, ""iso"": 0.36936936936936937, ""ab"": 111}, {""id"": 547180, ""name"": ""Bryce Harper"", ""bats"": ""L"", ""obp"": 0.3560606060606061, ""slg"": 0.49122807017543857, ""iso"": 0.22807017543859648, ""ab"": 114}, {""id"": 666969, ""name"": ""Adolis Garc\u00eda"", ""bats"": ""R"", ""obp"": 0.32, ""slg"": 0.38738738738738737, ""iso"": 0.14414414414414412, ""ab"": 111}]","[{""name"": ""home_xera"", ""value"": 5.1, ""contribution"": 0.3499}, {""name"": ""away_top3c_iso"", ""value"": 0.247, ""contribution"": 0.2867}, {""name"": ""away_top3c_slg"", ""value"": 0.4911, ""contribution"": -0.1621}, {""name"": ""wx_is_dome"", ""value"": 1.0, ""contribution"": -0.1048}, {""name"": ""era_gap_t1"", ""value"": 1.5884, ""contribution"": 0.0913}]","[{""name"": ""era_gap_b1"", ""value"": -1.5884, ""contribution"": -0.1588}, {""name"": ""home_top3c_slg"", ""value"": 0.369, ""contribution"": 0.1456}, {""name"": ""away_fip"", ""value"": 2.7712, ""contribution"": 0.1418}, {""name"": ""home_top3c_iso"", ""value"": 0.1218, ""contribution"": -0.1248}, {""name"": ""away_pvt_nrfi_rate"", ""value"": 0.8025, ""contribution"": 0.1177}]",427533,0.5151,5.1,4.2,72.0,50.0,0.7136,0.8025,4.87,5.33,0.8297,0.7700,R,R,YRFI,WIN,0,1,1,2026-05-02T00:00:41+00:00,-135,+100,DraftKings,2026-05-01T21:45:07+00:00,0.5745,0.5,-0.1615,0.087,0.087,Y,1,1,,,,,,,,0.3615,0.3335,0.5225,0.3421,0.2613,0.0965,
2026-05-01,2026,824287,1,,TEX,DET,6:40 PM ET,MacKenzie Gore,Jack Flaherty,669022,656427,ltd,ltd,live,live,0.98,0.525,0.4984,1.0234,0.4631,0.3055,0.7686,0.4435,0.5565,0.2728,0.7272,,,PASS,NO EDGE,PASS - No edge,4,2026-05-01T23:05:17Z,4.249,4.906,1.324,1.457,3.756,4.434,3.94,5.07,1.27,1.34,11.22,10.33,0.316,0.328,0.388,0.412,4.06,4.441,20.0,10.0,60.0,0.0,0.8,0.8,0.8,0.7,0.3839,0.3288,0.416,0.4092,0.1374,0.1754,lineup,lineup,"[{""id"": 650402, ""name"": ""Gleyber Torres"", ""bats"": ""R"", ""obp"": 0.38686131386861317, ""slg"": 0.32727272727272727, ""iso"": 0.07272727272727275, ""ab"": 110}, {""id"": 805808, ""name"": ""Kevin McGonigle"", ""bats"": ""L"", ""obp"": 0.4264705882352941, ""slg"": 0.5086206896551724, ""iso"": 0.18103448275862066, ""ab"": 116}, {""id"": 663330, ""name"": ""Jahmai Jones"", ""bats"": ""R"", ""obp"": 0.21621621621621623, ""slg"": 0.3888888888888889, ""iso"": 0.19444444444444445, ""ab"": 36}]","[{""id"": 607043, ""name"": ""Brandon Nimmo"", ""bats"": ""L"", ""obp"": 0.36428571428571427, ""slg"": 0.4596774193548387, ""iso"": 0.16935483870967738, ""ab"": 124}, {""id"": 694497, ""name"": ""Evan Carter"", ""bats"": ""L"", ""obp"": 0.308411214953271, ""slg"": 0.3333333333333333, ""iso"": 0.14444444444444443, ""ab"": 90}, {""id"": 608369, ""name"": ""Corey Seager"", ""bats"": ""L"", ""obp"": 0.3076923076923077, ""slg"": 0.4144144144144144, ""iso"": 0.2072072072072072, ""ab"": 111}]","[{""name"": ""home_xera"", ""value"": 5.41, ""contribution"": 0.4697}, {""name"": ""away_top3c_slg"", ""value"": 0.4092, ""contribution"": 0.1075}, {""name"": ""fi_park_nrfi_rate"", ""value"": 0.5298, ""contribution"": -0.0699}, {""name"": ""home_avg_ip_per_start"", ""value"": 4.2, ""contribution"": 0.0616}, {""name"": ""home_fip"", ""value"": 4.434, ""contribution"": -0.0614}]","[{""name"": ""fi_park_nrfi_rate"", ""value"": 0.5298, ""contribution"": -0.1164}, {""name"": ""home_top3c_obp"", ""value"": 0.3839, ""contribution"": 0.1047}, {""name"": ""home_top3c_iso"", ""value"": 0.1374, ""contribution"": -0.0899}, {""name"": ""home_plate_ump_nrfi_rate"", ""value"": 0.4948, ""contribution"": -0.0695}, {""name"": ""away_xera"", ""value"": 4.59, ""contribution"": 0.0689}]",503502,0.4948,5.41,4.59,48.0,64.0,0.7075,0.7136,4.2,5.13,0.7143,0.5960,L,R,YRFI,PASS,1,0,1,2026-05-02T00:00:41+00:00,-135,+105,DraftKings,2026-05-01T22:13:30+00:00,0.5745,0.4878,-0.131,0.0687,,N,,,-135,+105,2026-05-01T22:13:30+00:00,,,,,0.2855,0.4220,0.3333,0.4607,0.1111,0.1573,
2026-05-01,2026,822744,1,,MIL,WSH,6:45 PM ET,Jacob Misiorowski,Jake Irvin,694819,663623,ltd,ltd,live,live,0.97,0.534,0.4588,0.9928,0.4277,0.3083,0.736,0.4493,0.5507,0.2616,0.7384,,,PASS,NO EDGE,PASS - No edge,4,2026-05-01T23:05:17Z,3.852,5.341,1.18,1.325,3.328,4.733,3.71,3.22,1.13,1.62,12.19,8.01,0.331,0.323,0.381,0.4,5.039,5.144,19.1,16.5,29.0,0.0,0.4,0.8,0.7,0.6,0.3424,0.3944,0.4648,0.4418,0.2254,0.1644,lineup,lineup,"[{""id"": 695578, ""name"": ""James Wood"", ""bats"": ""L"", ""obp"": 0.4, ""slg"": 0.5409836065573771, ""iso"": 0.3032786885245902, ""ab"": 122}, {""id"": 671277, ""name"": ""Luis Garc\u00eda Jr."", ""bats"": ""L"", ""obp"": 0.27884615384615385, ""slg"": 0.36363636363636365, ""iso"": 0.1111111111111111, ""ab"": 99}, {""id"": 678554, ""name"": ""Curtis Mead"", ""bats"": ""R"", ""obp"": 0.30985915492957744, ""slg"": 0.47619047619047616, ""iso"": 0.25396825396825395, ""ab"": 63}]","[{""id"": 669003, ""name"": ""Garrett Mitchell"", ""bats"": ""L"", ""obp"": 0.3979591836734694, ""slg"": 0.3717948717948718, ""iso"": 0.12820512820512822, ""ab"": 78}, {""id"": 668930, ""name"": ""Brice Turang"", ""bats"": ""L"", ""obp"": 0.421875, ""slg"": 0.5048543689320388, ""iso"": 0.21359223300970875, ""ab"": 103}, {""id"": 661388, ""name"": ""William Contreras"", ""bats"": ""R"", ""obp"": 0.3629032258064516, ""slg"": 0.43243243243243246, ""iso"": 0.14414414414414417, ""ab"": 111}]","[{""name"": ""away_top3c_obp"", ""value"": 0.3944, ""contribution"": 0.1595}, {""name"": ""home_xera"", ""value"": 4.56, ""contribution"": 0.1413}, {""name"": ""away_obp"", ""value"": 0.3313, ""contribution"": 0.1095}, {""name"": ""home_fip"", ""value"": 4.7329, ""contribution"": -0.1028}, {""name"": ""era_gap_t1"", ""value"": 1.4895, ""contribution"": 0.0856}]","[{""name"": ""away_xera"", ""value"": 3.03, ""contribution"": -0.2108}, {""name"": ""era_gap_b1"", ""value"": -1.4895, ""contribution"": -0.1489}, {""name"": ""home_top3c_iso"", ""value"": 0.2254, ""contribution"": 0.1063}, {""name"": ""fi_park_nrfi_rate"", ""value"": 0.471, ""contribution"": 0.0925}, {""name"": ""away_fip"", ""value"": 3.3281, ""contribution"": 0.077}]",608093,0.5118,4.56,3.03,60.0,98.0,0.6509,0.7136,4.93,5.53,0.7933,0.7707,R,R,YRFI,PASS,1,0,1,2026-05-02T00:00:41+00:00,-140,+105,DraftKings,2026-05-01T22:13:30+00:00,0.5833,0.4878,-0.134,0.0629,,N,,,-140,+105,2026-05-01T22:13:30+00:00,,,,,0.3443,0.3628,0.3585,0.4894,0.1038,0.2447,
2026-05-01,2026,823389,1,,CIN,PIT,6:45 PM ET,Brady Singer,Mitch Keller,663903,656605,ltd,ltd,live,live,0.96,0.366,0.4838,0.8498,0.2552,0.3408,0.596,0.4891,0.5109,0.2092,0.7908,,,PASS,NO EDGE,PASS - No edge,4,2026-05-01T23:05:17Z,4.425,3.726,1.4,1.209,4.142,3.433,2.76,2.75,1.24,0.7,7.5,7.18,0.313,0.323,0.396,0.389,4.342,4.676,9.2,6.6,82.0,0.0,0.8,0.4,0.8,0.5,0.35,0.3193,0.4798,0.3942,0.2283,0.1652,lineup,lineup,"[{""id"": 665833, ""name"": ""Oneil Cruz"", ""bats"": ""L"", ""obp"": 0.32116788321167883, ""slg"": 0.512, ""iso"": 0.256, ""ab"": 125}, {""id"": 664040, ""name"": ""Brandon Lowe"", ""bats"": ""L"", ""obp"": 0.33884297520661155, ""slg"": 0.5514018691588785, ""iso"": 0.29906542056074764, ""ab"": 107}, {""id"": 668804, ""name"": ""Bryan Reynolds"", ""bats"": ""S"", ""obp"": 0.3873239436619718, ""slg"": 0.37719298245614036, ""iso"": 0.13157894736842107, ""ab"": 114}]","[{""id"": 670770, ""name"": ""TJ Friedl"", ""bats"": ""L"", ""obp"": 0.2689075630252101, ""slg"": 0.2803738317757009, ""iso"": 0.09345794392523363, ""ab"": 107}, {""id"": 680574, ""name"": ""Matt McLain"", ""bats"": ""R"", ""obp"": 0.3283582089552239, ""slg"": 0.3157894736842105, ""iso"": 0.10526315789473684, ""ab"": 114}, {""id"": 682829, ""name"": ""Elly De La Cruz"", ""bats"": ""S"", ""obp"": 0.35507246376811596, ""slg"": 0.5645161290322581, ""iso"": 0.28225806451612906, ""ab"": 124}]","[{""name"": ""away_top3c_slg"", ""value"": 0.3942, ""contribution"": 0.1571}, {""name"": ""home_xera"", ""value"": 3.81, ""contribution"": -0.1485}, {""name"": ""home_fip"", ""value"": 3.4327, ""contribution"": 0.0773}, {""name"": ""away_top3c_obp"", ""value"": 0.3193, ""contribution"": -0.0581}, {""name"": ""fi_park_nrfi_rate"", ""value"": 0.5233, ""contribution"": -0.0559}]","[{""name"": ""away_xera"", ""value"": 5.31, ""contribution"": 0.198}, {""name"": ""wx_temp_c"", ""value"": 9.2, ""contribution"": -0.1398}, {""name"": ""away_p_last5_pitcher_nrfi"", ""value"": 0.4, ""contribution"": 0.1237}, {""name"": ""home_plate_ump_nrfi_rate"", ""value"": 0.4835, ""contribution"": -0.1172}, {""name"": ""home_top3c_iso"", ""value"": 0.2283, ""contribution"": 0.1129}]",427554,0.4835,3.81,5.31,33.0,24.0,0.7075,0.664,5.6,5.0,0.6623,0.7523,R,R,YRFI,PASS,0,1,1,2026-05-02T00:58:38+00:00,-120,-110,DraftKings,2026-05-01T22:13:30+00:00,0.5455,0.5238,-0.0564,-0.0129,,N,,,-120,-110,2026-05-01T22:13:30+00:00,,,,,0.3222,0.2847,0.5410,0.3770,0.2623,0.1803,
2026-05-01,2026,822990,1,,SF,TB,7:10 PM ET,Robbie Ray,Shane McClanahan,592662,663556,ltd,ltd,live,live,0.93,0.3805,0.4573,0.8378,0.2577,0.3915,0.6492,0.4849,0.5151,0.2049,0.7951,,,PASS,NO EDGE,PASS - No edge,4,2026-05-01T23:05:17Z,3.22,4.094,1.178,1.254,4.006,3.83,3.7,3.89,1.21,0.9,9.34,9.22,0.301,0.324,0.38,0.391,3.712,4.528,,,,1.0,0.8,0.8,0.8,0.9,0.3459,0.3369,0.4195,0.3844,0.1273,0.0983,lineup,lineup,"[{""id"": 802415, ""name"": ""Chandler Simpson"", ""bats"": ""L"", ""obp"": 0.3492063492063492, ""slg"": 0.3559322033898305, ""iso"": 0.0423728813559322, ""ab"": 118}, {""id"": 691406, ""name"": ""Junior Caminero"", ""bats"": ""R"", ""obp"": 0.3282442748091603, ""slg"": 0.48717948717948717, ""iso"": 0.23076923076923078, ""ab"": 117}, {""id"": 668723, ""name"": ""Ryan Vilade"", ""bats"": ""R"", ""obp"": 0.4, ""slg"": 0.40625, ""iso"": 0.0625, ""ab"": 32}]","[{""id"": 671218, ""name"": ""Heliot Ramos"", ""bats"": ""R"", ""obp"": 0.3220338983050847, ""slg"": 0.42727272727272725, ""iso"": 0.14545454545454545, ""ab"": 110}, {""id"": 656305, ""name"": ""Matt Chapman"", ""bats"": ""R"", ""obp"": 0.3533834586466165, ""slg"": 0.3644067796610169, ""iso"": 0.09322033898305082, ""ab"": 118}, {""id"": 650333, ""name"": ""Luis Arraez"", ""bats"": ""L"", ""obp"": 0.3333333333333333, ""slg"": 0.3644067796610169, ""iso"": 0.05932203389830504, ""ab"": 118}]","[{""name"": ""away_top3c_iso"", ""value"": 0.0983, ""contribution"": -0.336}, {""name"": ""away_top3c_slg"", ""value"": 0.3844, ""contribution"": 0.1894}, {""name"": ""fi_park_nrfi_rate"", ""value"": 0.4376, ""contribution"": 0.1269}, {""name"": ""away_obp"", ""value"": 0.3012, ""contribution"": -0.1159}, {""name"": ""wx_is_dome"", ""value"": 1.0, ""contribution"": -0.1048}]","[{""name"": ""fi_park_nrfi_rate"", ""value"": 0.4376, ""contribution"": 0.2112}, {""name"": ""home_plate_ump_nrfi_rate"", ""value"": 0.5488, ""contribution"": 0.1582}, {""name"": ""home_top3c_iso"", ""value"": 0.1273, ""contribution"": -0.1124}, {""name"": ""era_gap_b1"", ""value"": -0.8743, ""contribution"": -0.0874}, {""name"": ""wx_is_dome"", ""value"": 1.0, ""contribution"": -0.0598}]",545402,0.5488,4.32,4.44,54.0,69.0,0.7136,0.7272,4.6,5.6,0.7607,0.8130,L,L,NRFI,PASS,0,0,0,2026-05-02T00:00:41+00:00,-140,+105,DraftKings,2026-05-01T22:13:30+00:00,0.5833,0.4878,-0.0984,0.0273,,N,,,-140,+105,2026-05-01T22:13:30+00:00,,,,,0.3491,0.3551,0.3761,0.4646,0.1009,0.1515,
2026-05-01,2026,823713,1,,TOR,MIN,8:10 PM ET,Patrick Corbin,Simeon Woods Richardson,571578,680573,sm,ltd,live,live,0.97,0.5287,0.4745,1.0032,0.2934,0.3793,0.6727,0.4692,0.5308,0.2654,0.7346,,,PASS,NO EDGE,PASS - No edge,4,2026-05-01T23:05:17Z,4.18,5.015,1.321,1.459,4.019,5.08,2.92,3.78,1.13,1.55,7.58,6.89,0.313,0.324,0.388,0.392,4.103,4.697,11.4,10.8,26.0,0.0,1.0,0.6,0.9,0.7,0.3874,0.3612,0.485,0.4356,0.203,0.1477,lineup,lineup,"[{""id"": 621439, ""name"": ""Byron Buxton"", ""bats"": ""R"", ""obp"": 0.30597014925373134, ""slg"": 0.5040650406504065, ""iso"": 0.25203252032520324, ""ab"": 123}, {""id"": 668885, ""name"": ""Austin Martin"", ""bats"": ""R"", ""obp"": 0.47674418604651164, ""slg"": 0.421875, ""iso"": 0.109375, ""ab"": 64}, {""id"": 680777, ""name"": ""Ryan Jeffers"", ""bats"": ""R"", ""obp"": 0.42105263157894735, ""slg"": 0.5063291139240507, ""iso"": 0.20253164556962028, ""ab"": 79}]","[{""id"": 543807, ""name"": ""George Springer"", ""bats"": ""R"", ""obp"": 0.3088235294117647, ""slg"": 0.38333333333333336, ""iso"": 0.16666666666666669, ""ab"": 60}, {""id"": 660821, ""name"": ""Jes\u00fas S\u00e1nchez"", ""bats"": ""L"", ""obp"": 0.297029702970297, ""slg"": 0.42857142857142855, ""iso"": 0.1758241758241758, ""ab"": 91}, {""id"": 665489, ""name"": ""Vladimir Guerrero Jr."", ""bats"": ""R"", ""obp"": 0.43846153846153846, ""slg"": 0.4690265486725664, ""iso"": 0.11504424778761063, ""ab"": 113}]","[{""name"": ""home_xera"", ""value"": 4.78, ""contribution"": 0.2263}, {""name"": ""home_fip"", ""value"": 5.08, ""contribution"": -0.1509}, {""name"": ""away_top3c_iso"", ""value"": 0.1477, ""contribution"": -0.1289}, {""name"": ""away_top3c_obp"", ""value"": 0.3612, ""contribution"": 0.0634}, {""name"": ""fi_park_nrfi_rate"", ""value"": 0.5266, ""contribution"": -0.063}]","[{""name"": ""away_xera"", ""value"": 5.85, ""contribution"": 0.2948}, {""name"": ""wx_temp_c"", ""value"": 11.4, ""contribution"": -0.1153}, {""name"": ""home_top3c_obp"", ""value"": 0.3874, ""contribution"": 0.1129}, {""name"": ""fi_park_nrfi_rate"", ""value"": 0.5266, ""contribution"": -0.1048}, {""name"": ""home_top3c_slg"", ""value"": 0.485, ""contribution"": -0.0884}]",658082,0.5146,4.78,5.85,8.0,37.0,0.751,0.6909,5.0,4.67,0.6457,0.7867,L,R,NRFI,PASS,0,0,0,2026-05-02T00:58:38+00:00,-105,-125,DraftKings,2026-05-01T22:13:30+00:00,0.5122,0.5556,-0.043,-0.0248,,N,,,,,,,,,,0.3679,0.3966,0.4632,0.5700,0.1579,0.2700,
2026-05-01,2026,823146,1,,KC,SEA,9:45 PM ET,Cole Ragans,Bryan Woo,666142,693433,ltd,ltd,live,live,0.95,0.33,0.5179,0.8479,0.2101,0.4545,0.6647,0.4692,0.5308,0.2085,0.7915,,,PASS,NO EDGE,PASS - No edge,4,2026-05-01T23:05:17Z,4.665,3.369,1.321,0.991,4.377,3.457,4.25,1.65,1.6,1.15,11.42,8.34,0.321,0.322,0.397,0.392,4.19,4.271,,,,1.0,0.8,0.6,0.8,0.6,0.3185,0.329,0.3565,0.4006,0.139,0.1543,lineup,lineup,"[{""id"": 641487, ""name"": ""J.P. Crawford"", ""bats"": ""L"", ""obp"": 0.36633663366336633, ""slg"": 0.3125, ""iso"": 0.11249999999999999, ""ab"": 80}, {""id"": 663728, ""name"": ""Cal Raleigh"", ""bats"": ""S"", ""obp"": 0.2746478873239437, ""slg"": 0.392, ""iso"": 0.2, ""ab"": 125}, {""id"": 677594, ""name"": ""Julio Rodr\u00edguez"", ""bats"": ""R"", ""obp"": 0.32857142857142857, ""slg"": 0.3492063492063492, ""iso"": 0.09523809523809523, ""ab"": 126}]","[{""id"": 672580, ""name"": ""Maikel Garcia"", ""bats"": ""R"", ""obp"": 0.3412698412698413, ""slg"": 0.4424778761061947, ""iso"": 0.16814159292035402, ""ab"": 113}, {""id"": 677951, ""name"": ""Bobby Witt Jr."", ""bats"": ""R"", ""obp"": 0.3669064748201439, ""slg"": 0.4297520661157025, ""iso"": 0.14049586776859507, ""ab"": 121}, {""id"": 686469, ""name"": ""Vinnie Pasquantino"", ""bats"": ""L"", ""obp"": 0.27419354838709675, ""slg"": 0.32038834951456313, ""iso"": 0.15533980582524273, ""ab"": 103}]","[{""name"": ""home_xera"", ""value"": 3.63, ""contribution"": -0.218}, {""name"": ""away_top3c_slg"", ""value"": 0.4006, ""contribution"": 0.136}, {""name"": ""wx_is_dome"", ""value"": 1.0, ""contribution"": -0.1048}, {""name"": ""away_top3c_iso"", ""value"": 0.1543, ""contribution"": -0.1014}, {""name"": ""era_gap_t1"", ""value"": -1.2962, ""contribution"": -0.0745}]","[{""name"": ""away_xera"", ""value"": 5.38, ""contribution"": 0.2105}, {""name"": ""home_top3c_slg"", ""value"": 0.3565, ""contribution"": 0.1708}, {""name"": ""era_gap_b1"", ""value"": 1.2962, ""contribution"": 0.1296}, {""name"": ""home_top3c_iso"", ""value"": 0.139, ""contribution"": -0.0864}, {""name"": ""home_plate_ump_nrfi_rate"", ""value"": 0.5258, ""contribution"": 0.0612}]",503077,0.5258,3.63,5.38,37.0,87.0,0.7136,0.7272,5.8,4.6,0.6443,0.6770,L,R,YRFI,PASS,4,2,6,2026-05-02T04:15:11Z,-160,+125,DraftKings,2026-05-01T22:13:30+00:00,0.6154,0.4444,-0.1462,0.0864,,N,,,,,,,,,,0.3609,0.3529,0.5357,0.5083,0.2679,0.2333,
2026-05-01,2026,824686,1,,ARI,CHC,2:20 PM ET,Zac Gallen,Colin Rea,668678,607067,ltd,ltd,live,live,1.0,0.4372,0.5177,0.9549,0.2628,0.3538,0.6166,0.4891,0.5109,0.2477,0.7523,,,PASS,NO EDGE,PASS - No edge,4,2026-05-01T23:05:17Z,4.131,4.217,1.301,1.262,4.057,3.885,2.74,2.69,1.12,1.08,7.05,7.5,0.311,0.342,0.417,0.423,4.617,5.125,5.8,8.4,75.0,0.0,1.0,0.6,0.8,0.6,0.3668,0.3836,0.4565,0.5451,0.1677,0.2419,lineup,lineup,"[{""id"": 807713, ""name"": ""Matt Shaw"", ""bats"": ""R"", ""obp"": 0.34177215189873417, ""slg"": 0.5068493150684932, ""iso"": 0.20547945205479456, ""ab"": 73}, {""id"": 694208, ""name"": ""Mois\u00e9s Ballesteros"", ""bats"": ""L"", ""obp"": 0.3924050632911392, ""slg"": 0.6197183098591549, ""iso"": 0.2816901408450704, ""ab"": 71}, {""id"": 608324, ""name"": ""Alex Bregman"", ""bats"": ""R"", ""obp"": 0.34965034965034963, ""slg"": 0.3709677419354839, ""iso"": 0.11290322580645162, ""ab"": 124}]","[{""id"": 672695, ""name"": ""Geraldo Perdomo"", ""bats"": ""S"", ""obp"": 0.3577981651376147, ""slg"": 0.3707865168539326, ""iso"": 0.13483146067415733, ""ab"": 89}, {""id"": 545121, ""name"": ""Ildemaro Vargas"", ""bats"": ""S"", ""obp"": 0.3978494623655914, ""slg"": 0.6888888888888889, ""iso"": 0.3111111111111111, ""ab"": 90}, {""id"": 682998, ""name"": ""Corbin Carroll"", ""bats"": ""L"", ""obp"": 0.39655172413793105, ""slg"": 0.5714285714285714, ""iso"": 0.2755102040816326, ""ab"": 98}]","[{""name"": ""away_top3c_slg"", ""value"": 0.5451, ""contribution"": -0.3402}, {""name"": ""away_top3c_iso"", ""value"": 0.2419, ""contribution"": 0.2652}, {""name"": ""away_top3c_obp"", ""value"": 0.3836, ""contribution"": 0.1282}, {""name"": ""fi_park_nrfi_rate"", ""value"": 0.541, ""contribution"": -0.0938}, {""name"": ""home_plate_ump_nrfi_rate"", ""value"": 0.5511, ""contribution"": -0.0565}]","[{""name"": ""wx_temp_c"", ""value"": 5.8, ""contribution"": -0.1776}, {""name"": ""home_plate_ump_nrfi_rate"", ""value"": 0.5511, ""contribution"": 0.1679}, {""name"": ""fi_park_nrfi_rate"", ""value"": 0.541, ""contribution"": -0.1562}, {""name"": ""away_xera"", ""value"": 4.91, ""contribution"": 0.1262}, {""name"": ""away_pvt_nrfi_rate"", ""value"": 0.7613, ""contribution"": 0.0693}]",483912,0.5511,4.23,4.91,27.0,9.0,0.664,0.7613,5.53,4.93,0.8163,0.7017,R,R,YRFI,PASS,0,3,3,2026-05-01T19:59:08+00:00,-170,+130,DraftKings,2026-05-01T18:12:54+00:00,0.6296,0.4348,-0.1405,0.0761,,N,,,-170,+130,2026-05-01T18:12:54+00:00,,,,,0.4229,0.4216,0.6296,0.5682,0.2870,0.2386,
2026-05-01,2026,825012,1,,CLE,OAK,9:40 PM ET,Joey Cantillo,J.T. Ginn,676282,669372,ltd,ltd,live,live,0.93,0.4374,0.4458,0.8832,0.2706,0.3213,0.5919,0.4891,0.5109,0.2214,0.7786,,,PASS,NO EDGE,PASS - No edge,4,2026-05-01T23:05:17Z,3.224,4.237,1.285,1.235,3.749,4.494,3.85,3.17,1.08,1.52,10.04,8.56,0.315,0.321,0.385,0.4,4.037,4.299,16.9,13.9,73.0,0.0,0.6,0.8,0.6,0.8,0.3695,0.3315,0.4735,0.4018,0.1838,0.1692,lineup,lineup,"[{""id"": 805779, ""name"": ""Jacob Wilson"", ""bats"": ""R"", ""obp"": 0.29770992366412213, ""slg"": 0.390625, ""iso"": 0.1015625, ""ab"": 128}, {""id"": 669127, ""name"": ""Shea Langeliers"", ""bats"": ""R"", ""obp"": 0.38235294117647056, ""slg"": 0.592, ""iso"": 0.26399999999999996, ""ab"": 125}, {""id"": 701762, ""name"": ""Nick Kurtz"", ""bats"": ""L"", ""obp"": 0.4244604316546763, ""slg"": 0.4339622641509434, ""iso"": 0.18867924528301888, ""ab"": 106}]","[{""id"": 680757, ""name"": ""Steven Kwan"", ""bats"": ""L"", ""obp"": 0.31007751937984496, ""slg"": 0.2920353982300885, ""iso"": 0.07079646017699115, ""ab"": 113}, {""id"": 800050, ""name"": ""Chase DeLauter"", ""bats"": ""L"", ""obp"": 0.3448275862068966, ""slg"": 0.48514851485148514, ""iso"": 0.2277227722772277, ""ab"": 101}, {""id"": 608070, ""name"": ""Jos\u00e9 Ram\u00edrez"", ""bats"": ""S"", ""obp"": 0.34057971014492755, ""slg"": 0.4358974358974359, ""iso"": 0.2136752136752137, ""ab"": 117}]","[{""name"": ""home_xera"", ""value"": 3.31, ""contribution"": -0.3417}, {""name"": ""away_top3c_slg"", ""value"": 0.4018, ""contribution"": 0.132}, {""name"": ""fi_park_nrfi_rate"", ""value"": 0.4448, ""contribution"": 0.1115}, {""name"": ""home_fip"", ""value"": 4.4943, ""contribution"": -0.0697}, {""name"": ""era_gap_t1"", ""value"": 1.0132, ""contribution"": 0.0582}]","[{""name"": ""fi_park_nrfi_rate"", ""value"": 0.4448, ""contribution"": 0.1857}, {""name"": ""home_plate_ump_nrfi_rate"", ""value"": 0.4774, ""contribution"": -0.1429}, {""name"": ""era_gap_b1"", ""value"": -1.0132, ""contribution"": -0.1013}, {""name"": ""home_top3c_obp"", ""value"": 0.3695, ""contribution"": 0.071}, {""name"": ""away_xera"", ""value"": 3.84, ""contribution"": -0.0656}]",575629,0.4774,3.31,3.84,54.0,62.0,0.7136,0.7136,4.33,5.33,0.6943,0.8010,L,R,YRFI,PASS,0,2,2,2026-05-02T04:15:11Z,-115,-115,DraftKings,2026-05-01T22:13:30+00:00,0.5349,0.5349,-0.0458,-0.024,,N,,,,,,,,,,0.3145,0.3813,0.3519,0.5280,0.1296,0.2080,
2026-05-01,2026,823309,1,,CWS,SD,9:40 PM ET,Noah Schultz,Germán Márquez,702273,608566,sm,ltd,live,live,0.95,0.5574,0.454,1.0113,0.3949,0.2406,0.6355,0.4891,0.5109,0.2684,0.7316,,,PASS,NO EDGE,PASS - No edge,4,2026-05-01T23:05:17Z,4.014,5.825,1.212,1.571,3.971,5.481,3.79,3.12,1.03,1.86,9.4,6.07,0.319,0.312,0.391,0.394,4.255,4.572,21.2,10.0,66.0,0.0,0.6,0.6667,0.6,0.6667,0.3271,0.3406,0.3881,0.4658,0.1224,0.2443,lineup,lineup,"[{""id"": 657656, ""name"": ""Ram\u00f3n Laureano"", ""bats"": ""R"", ""obp"": 0.31666666666666665, ""slg"": 0.4392523364485981, ""iso"": 0.1869158878504673, ""ab"": 107}, {""id"": 665487, ""name"": ""Fernando Tatis Jr."", ""bats"": ""R"", ""obp"": 0.3230769230769231, ""slg"": 0.2857142857142857, ""iso"": 0.0357142857142857, ""ab"": 112}, {""id"": 609280, ""name"": ""Miguel Andujar"", ""bats"": ""R"", ""obp"": 0.352112676056338, ""slg"": 0.47761194029850745, ""iso"": 0.16417910447761191, ""ab"": 67}]","[{""id"": 643217, ""name"": ""Andrew Benintendi"", ""bats"": ""L"", ""obp"": 0.25773195876288657, ""slg"": 0.37777777777777777, ""iso"": 0.16666666666666666, ""ab"": 90}, {""id"": 808959, ""name"": ""Munetaka Murakami"", ""bats"": ""L"", ""obp"": 0.375, ""slg"": 0.5636363636363636, ""iso"": 0.32727272727272727, ""ab"": 110}, {""id"": 678246, ""name"": ""Miguel Vargas"", ""bats"": ""R"", ""obp"": 0.3656716417910448, ""slg"": 0.4392523364485981, ""iso"": 0.22429906542056074, ""ab"": 107}]","[{""name"": ""home_xera"", ""value"": 5.0, ""contribution"": 0.3113}, {""name"": ""away_top3c_iso"", ""value"": 0.2443, ""contribution"": 0.2753}, {""name"": ""home_fip"", ""value"": 5.4811, ""contribution"": -0.2064}, {""name"": ""era_gap_t1"", ""value"": 1.8118, ""contribution"": 0.1041}, {""name"": ""away_top3c_slg"", ""value"": 0.4658, ""contribution"": -0.0788}]","[{""name"": ""era_gap_b1"", ""value"": -1.8118, ""contribution"": -0.1811}, {""name"": ""away_xera"", ""value"": 3.26, ""contribution"": -0.1696}, {""name"": ""home_top3c_iso"", ""value"": 0.1224, ""contribution"": -0.1234}, {""name"": ""home_top3c_slg"", ""value"": 0.3881, ""contribution"": 0.107}, {""name"": ""fi_park_nrfi_rate"", ""value"": 0.5211, ""contribution"": -0.0854}]",428442,0.5176,5.0,3.26,28.0,61.0,0.6942,0.7136,4.93,5.11,0.7873,0.6037,L,R,NRFI,PASS,0,0,0,2026-05-02T04:15:11Z,-115,-115,DraftKings,2026-05-01T22:13:30+00:00,0.5349,0.5349,-0.0458,-0.024,,N,,,,,,,,,,0.3858,0.2992,0.5926,0.3362,0.3056,0.0776,
2026-05-01,2026,823557,1,,BAL,NYY,7:05 PM ET,Cade Povich,Will Warren,700249,701542,sm,ltd,live,live,1.02,0.4306,0.5251,0.9557,0.317,0.2924,0.6093,0.4891,0.5109,0.248,0.752,,,PASS,NO EDGE,PASS - No edge,4,2026-05-01T23:05:17Z,4.458,3.631,1.364,1.274,4.039,3.386,3.16,2.92,1.21,1.07,8.45,10.02,0.321,0.322,0.405,0.421,4.603,4.777,13.3,16.0,63.0,0.0,0.8,0.6,0.8,0.6,0.3979,0.3683,0.6371,0.5016,0.3629,0.2262,lineup,lineup,"[{""id"": 502671, ""name"": ""Paul Goldschmidt"", ""bats"": ""R"", ""obp"": 0.30303030303030304, ""slg"": 0.42857142857142855, ""iso"": 0.24999999999999997, ""ab"": 28}, {""id"": 700250, ""name"": ""Ben Rice"", ""bats"": ""L"", ""obp"": 0.4426229508196721, ""slg"": 0.7142857142857143, ""iso"": 0.38775510204081637, ""ab"": 98}, {""id"": 592450, ""name"": ""Aaron Judge"", ""bats"": ""R"", ""obp"": 0.3805970149253731, ""slg"": 0.6216216216216216, ""iso"": 0.36936936936936937, ""ab"": 111}]","[{""id"": 683002, ""name"": ""Gunnar Henderson"", ""bats"": ""L"", ""obp"": 0.2827586206896552, ""slg"": 0.48091603053435117, ""iso"": 0.26717557251908397, ""ab"": 131}, {""id"": 621493, ""name"": ""Taylor Ward"", ""bats"": ""R"", ""obp"": 0.4375, ""slg"": 0.4434782608695652, ""iso"": 0.13913043478260867, ""ab"": 115}, {""id"": 668939, ""name"": ""Adley Rutschman"", ""bats"": ""S"", ""obp"": 0.40625, ""slg"": 0.6610169491525424, ""iso"": 0.3050847457627119, ""ab"": 59}]","[{""name"": ""home_xera"", ""value"": 3.48, ""contribution"": -0.276}, {""name"": ""away_top3c_iso"", ""value"": 0.2262, ""contribution"": 0.1997}, {""name"": ""away_top3c_slg"", ""value"": 0.5016, ""contribution"": -0.1969}, {""name"": ""home_plate_ump_nrfi_rate"", ""value"": 0.4271, ""contribution"": 0.1194}, {""name"": ""home_fip"", ""value"": 3.3855, ""contribution"": 0.0839}]","[{""name"": ""home_top3c_iso"", ""value"": 0.3629, ""contribution"": 0.413}, {""name"": ""home_top3c_slg"", ""value"": 0.6371, ""contribution"": -0.3954}, {""name"": ""home_plate_ump_nrfi_rate"", ""value"": 0.4271, ""contribution"": -0.3551}, {""name"": ""home_top3c_obp"", ""value"": 0.3979, ""contribution"": 0.1374}, {""name"": ""away_xera"", ""value"": 3.61, ""contribution"": -0.1068}]",623946,0.4271,3.48,3.61,30.0,70.0,0.751,0.6363,5.4,5.6,0.9443,0.9827,L,R,YRFI,PASS,0,1,1,2026-05-02T00:00:41+00:00,-110,-120,DraftKings,2026-05-01T22:13:30+00:00,0.5238,0.5455,-0.0347,-0.0346,,N,,,-110,-120,2026-05-01T22:13:30+00:00,,,,,0.4074,0.3967,0.5517,0.5918,0.2414,0.3265,
2026-05-01,2026,824772,1,,HOU,BOS,7:10 PM ET,Mike Burrows,Jake Bennett,681347,687562,ltd,avg,live,live,1.05,0.5241,0.5364,1.0605,0.308,0.3809,0.6889,0.4692,0.5308,0.2865,0.7135,,,PASS,NO DATA,PASS - No data,3,2026-05-01T23:05:17Z,4.981,4.2,1.43,1.25,4.399,4.2,3.18,3.2,1.57,1.2,9.26,8.9,0.337,0.312,0.43,0.372,4.995,4.125,15.4,14.4,30.0,0.0,0.5,0.6,0.5,0.6,0.3191,0.3926,0.3465,0.517,0.132,0.2198,lineup,lineup,"[{""id"": 680776, ""name"": ""Jarren Duran"", ""bats"": ""L"", ""obp"": 0.23148148148148148, ""slg"": 0.25, ""iso"": 0.07999999999999999, ""ab"": 100}, {""id"": 575929, ""name"": ""Willson Contreras"", ""bats"": ""R"", ""obp"": 0.375, ""slg"": 0.48598130841121495, ""iso"": 0.22429906542056077, ""ab"": 107}, {""id"": 701350, ""name"": ""Roman Anthony"", ""bats"": ""L"", ""obp"": 0.3391304347826087, ""slg"": 0.2916666666666667, ""iso"": 0.08333333333333334, ""ab"": 96}]","[{""id"": 621043, ""name"": ""Carlos Correa"", ""bats"": ""R"", ""obp"": 0.36065573770491804, ""slg"": 0.39622641509433965, ""iso"": 0.12264150943396229, ""ab"": 106}, {""id"": 670541, ""name"": ""Yordan Alvarez"", ""bats"": ""L"", ""obp"": 0.46153846153846156, ""slg"": 0.7372881355932204, ""iso"": 0.38135593220338987, ""ab"": 118}, {""id"": 670623, ""name"": ""Isaac Paredes"", ""bats"": ""R"", ""obp"": 0.3392857142857143, ""slg"": 0.3838383838383838, ""iso"": 0.13131313131313127, ""ab"": 99}]","[{""name"": ""away_top3c_slg"", ""value"": 0.517, ""contribution"": -0.2476}, {""name"": ""away_top3c_iso"", ""value"": 0.2198, ""contribution"": 0.1728}, {""name"": ""away_top3c_obp"", ""value"": 0.3926, ""contribution"": 0.1542}, {""name"": ""away_obp"", ""value"": 0.3371, ""contribution"": 0.1523}, {""name"": ""home_p_last10_pitcher_nrfi"", ""value"": 0.5, ""contribution"": -0.0587}]","[{""name"": ""home_top3c_slg"", ""value"": 0.3465, ""contribution"": 0.1909}, {""name"": ""home_plate_ump_nrfi_rate"", ""value"": 0.5467, ""contribution"": 0.1494}, {""name"": ""home_top3c_iso"", ""value"": 0.132, ""contribution"": -0.1019}, {""name"": ""era_gap_b1"", ""value"": 0.7815, ""contribution"": 0.0782}, {""name"": ""away_xera"", ""value"": 3.81, ""contribution"": -0.071}]",503490,0.5467,4.2,3.81,50.0,67.0,0.7136,0.6796,5.0,5.2,1.0277,0.6483,R,L,NRFI,PASS,0,0,0,2026-05-02T00:00:41+00:00,+100,-130,DraftKings,2026-05-01T22:13:30+00:00,0.5,0.5652,-0.0308,-0.0344,,N,,,+100,-130,2026-05-01T22:13:30+00:00,,,,,0.3923,0.2800,0.5508,0.3000,0.2119,0.1091,
2026-05-02,2026,824284,1,,TEX,DET,7:15 PM ET,Kumar Rocker,Keider Montero,677958,672456,ltd,ltd,live,live,0.98,0.4053,0.4906,0.8959,0.1668,0.2927,0.4595,0.6489,0.3511,0.226,0.774,,,NRFI,STRONG,STRONG NRFI,4,2026-05-02T23:53:21Z,4.373,4.196,1.342,1.212,4.094,3.97,3.3,2.53,1.11,1.16,8.03,7.63,0.317,0.328,0.389,0.408,4.08,4.432,20.0,10.0,60.0,0.0,1.0,0.2,1.0,0.5,0.3852,0.3359,0.4037,0.4327,0.1101,0.1923,lineup,lineup,"[{""id"": 805808, ""name"": ""Kevin McGonigle"", ""bats"": ""L"", ""obp"": 0.41134751773049644, ""slg"": 0.48760330578512395, ""iso"": 0.17355371900826444, ""ab"": 121}, {""id"": 650402, ""name"": ""Gleyber Torres"", ""bats"": ""R"", ""obp"": 0.38028169014084506, ""slg"": 0.3157894736842105, ""iso"": 0.07017543859649122, ""ab"": 114}, {""id"": 690993, ""name"": ""Colt Keith"", ""bats"": ""L"", ""obp"": 0.3541666666666667, ""slg"": 0.40217391304347827, ""iso"": 0.07608695652173914, ""ab"": 92}]","[{""id"": 694497, ""name"": ""Evan Carter"", ""bats"": ""L"", ""obp"": 0.3090909090909091, ""slg"": 0.32608695652173914, ""iso"": 0.14130434782608697, ""ab"": 92}, {""id"": 608369, ""name"": ""Corey Seager"", ""bats"": ""L"", ""obp"": 0.31851851851851853, ""slg"": 0.42105263157894735, ""iso"": 0.21052631578947367, ""ab"": 114}, {""id"": 673962, ""name"": ""Josh Jung"", ""bats"": ""R"", ""obp"": 0.3813559322033898, ""slg"": 0.5377358490566038, ""iso"": 0.2169811320754717, ""ab"": 106}]","[{""name"": ""home_xera"", ""value"": 2.34, ""contribution"": -0.7165}, {""name"": ""home_p_last10_pitcher_nrfi"", ""value"": 1.0, ""contribution"": 0.0702}, {""name"": ""fi_park_nrfi_rate"", ""value"": 0.5298, ""contribution"": -0.0699}, {""name"": ""away_top3c_iso"", ""value"": 0.1923, ""contribution"": 0.0577}, {""name"": ""home_plate_ump_nrfi_rate"", ""value"": 0.4707, ""contribution"": 0.0575}]","[{""name"": ""away_p_last5_pitcher_nrfi"", ""value"": 0.2, ""contribution"": 0.1998}, {""name"": ""home_plate_ump_nrfi_rate"", ""value"": 0.4707, ""contribution"": -0.1712}, {""name"": ""home_top3c_iso"", ""value"": 0.1101, ""contribution"": -0.1508}, {""name"": ""fi_park_nrfi_rate"", ""value"": 0.5298, ""contribution"": -0.1164}, {""name"": ""home_top3c_obp"", ""value"": 0.3852, ""contribution"": 0.1078}]",427243,0.4707,2.34,4.35,18.0,41.0,0.7272,0.7272,5.4,5.33,0.8317,0.7797,R,R,YRFI,LOSS,0,3,3,2026-05-02T23:51:28+00:00,-130,+100,DraftKings,2026-05-02T20:54:11+00:00,0.5652,0.5,0.0837,-0.1489,0.0837,Y,1,-1,,,,,,,,0.3468,0.4098,0.4476,0.4020,0.1810,0.0980,
2026-05-02,2026,824685,1,,ARI,CHC,2:20 PM ET,Ryne Nelson,Shota Imanaga,669194,684007,ltd,ltd,live,live,1.0,0.3949,0.5541,0.949,0.1394,0.2997,0.4391,0.6546,0.3454,0.2455,0.7545,,,NRFI,STRONG,STRONG NRFI,4,2026-05-02T23:53:21Z,5.06,3.339,1.244,0.935,4.385,3.89,2.99,1.97,1.44,1.41,8.05,8.56,0.311,0.341,0.417,0.421,4.625,5.144,11.2,10.7,43.0,0.0,0.6,0.6,0.3,0.7,0.3388,0.3426,0.3969,0.4427,0.1437,0.1911,lineup,lineup,"[{""id"": 683737, ""name"": ""Michael Busch"", ""bats"": ""L"", ""obp"": 0.3014705882352941, ""slg"": 0.2966101694915254, ""iso"": 0.09322033898305082, ""ab"": 118}, {""id"": 694208, ""name"": ""Mois\u00e9s Ballesteros"", ""bats"": ""L"", ""obp"": 0.3855421686746988, ""slg"": 0.5945945945945946, ""iso"": 0.2702702702702703, ""ab"": 74}, {""id"": 608324, ""name"": ""Alex Bregman"", ""bats"": ""R"", ""obp"": 0.3469387755102041, ""slg"": 0.375, ""iso"": 0.1171875, ""ab"": 128}]","[{""id"": 606466, ""name"": ""Ketel Marte"", ""bats"": ""S"", ""obp"": 0.29133858267716534, ""slg"": 0.38461538461538464, ""iso"": 0.15384615384615385, ""ab"": 117}, {""id"": 672695, ""name"": ""Geraldo Perdomo"", ""bats"": ""S"", ""obp"": 0.35964912280701755, ""slg"": 0.40425531914893614, ""iso"": 0.15957446808510636, ""ab"": 94}, {""id"": 682998, ""name"": ""Corbin Carroll"", ""bats"": ""L"", ""obp"": 0.38016528925619836, ""slg"": 0.5436893203883495, ""iso"": 0.2621359223300971, ""ab"": 103}]","[{""name"": ""home_xera"", ""value"": 2.92, ""contribution"": -0.4924}, {""name"": ""home_p_last10_pitcher_nrfi"", ""value"": 0.3, ""contribution"": -0.1103}, {""name"": ""era_gap_t1"", ""value"": -1.7209, ""contribution"": -0.0989}, {""name"": ""fi_park_nrfi_rate"", ""value"": 0.541, ""contribution"": -0.0938}, {""name"": ""away_top3c_iso"", ""value"": 0.1911, ""contribution"": 0.0525}]","[{""name"": ""away_xera"", ""value"": 5.17, ""contribution"": 0.1729}, {""name"": ""era_gap_b1"", ""value"": 1.7209, ""contribution"": 0.1721}, {""name"": ""fi_park_nrfi_rate"", ""value"": 0.541, ""contribution"": -0.1562}, {""name"": ""home_plate_ump_nrfi_rate"", ""value"": 0.4761, ""contribution"": -0.1484}, {""name"": ""wx_temp_c"", ""value"": 11.2, ""contribution"": -0.1175}]",573597,0.4761,2.92,5.17,86.0,41.0,0.7136,0.7136,5.87,4.2,0.9377,0.6857,R,L,NRFI,WIN,0,0,0,2026-05-02T18:57:22+00:00,-155,+120,DraftKings,2026-05-02T16:42:02+00:00,0.6078,0.4545,0.0468,-0.1091,0.0468,Y,1,0.645,,,,,,,,0.3686,0.3876,0.4587,0.5046,0.1835,0.2294,
2026-05-02,2026,823067,1,,LAD,STL,7:15 PM ET,Roki Sasaki,Michael McGreevy,808963,700241,ltd,ltd,live,live,0.97,0.4339,0.6563,1.0902,0.5204,0.4509,0.9713,0.3797,0.6203,0.2974,0.7026,,,YRFI,STRONG,STRONG YRFI,4,2026-05-02T23:53:21Z,5.018,3.739,1.485,1.092,5.449,4.2,4.38,1.8,1.84,1.24,8.54,5.97,0.339,0.325,0.436,0.41,5.016,4.867,15.5,12.8,36.0,0.0,0.8,1.0,0.7,0.8,0.3816,0.3572,0.4497,0.4251,0.1899,0.159,lineup,lineup,"[{""id"": 802139, ""name"": ""JJ Wetherholt"", ""bats"": ""L"", ""obp"": 0.36486486486486486, ""slg"": 0.45901639344262296, ""iso"": 0.21311475409836067, ""ab"": 122}, {""id"": 671056, ""name"": ""Iv\u00e1n Herrera"", ""bats"": ""R"", ""obp"": 0.4189189189189189, ""slg"": 0.42105263157894735, ""iso"": 0.16666666666666663, ""ab"": 114}, {""id"": 676475, ""name"": ""Alec Burleson"", ""bats"": ""L"", ""obp"": 0.3597122302158273, ""slg"": 0.4672131147540984, ""iso"": 0.18852459016393447, ""ab"": 122}]","[{""id"": 660271, ""name"": ""Shohei Ohtani"", ""bats"": ""L"", ""obp"": 0.3916083916083916, ""slg"": 0.46956521739130436, ""iso"": 0.20869565217391306, ""ab"": 115}, {""id"": 518692, ""name"": ""Freddie Freeman"", ""bats"": ""L"", ""obp"": 0.3333333333333333, ""slg"": 0.4166666666666667, ""iso"": 0.15000000000000002, ""ab"": 120}, {""id"": 669257, ""name"": ""Will Smith"", ""bats"": ""R"", ""obp"": 0.33980582524271846, ""slg"": 0.3804347826086957, ""iso"": 0.10869565217391308, ""ab"": 92}]","[{""name"": ""home_xera"", ""value"": 6.11, ""contribution"": 0.7402}, {""name"": ""away_obp"", ""value"": 0.3391, ""contribution"": 0.1675}, {""name"": ""away_top3c_iso"", ""value"": 0.159, ""contribution"": -0.0817}, {""name"": ""era_gap_t1"", ""value"": -1.2791, ""contribution"": -0.0735}, {""name"": ""away_top3c_slg"", ""value"": 0.4251, ""contribution"": 0.0553}]","[{""name"": ""away_xera"", ""value"": 5.96, ""contribution"": 0.3145}, {""name"": ""away_fip"", ""value"": 5.4488, ""contribution"": -0.17}, {""name"": ""home_plate_ump_nrfi_rate"", ""value"": 0.5467, ""contribution"": 0.1494}, {""name"": ""era_gap_b1"", ""value"": 1.2791, ""contribution"": 0.1279}, {""name"": ""away_p_last5_pitcher_nrfi"", ""value"": 1.0, ""contribution"": -0.1047}]",598411,0.5467,6.11,5.96,6.0,80.0,0.7272,0.7136,5.47,4.53,0.7853,0.8130,R,R,NRFI,LOSS,0,0,0,2026-05-02T23:51:28+00:00,-105,-120,DraftKings,2026-05-02T20:54:11+00:00,0.5122,0.5455,-0.1325,0.0748,0.0748,Y,1,-1,,,,,,,,0.3145,0.3796,0.2936,0.5714,0.0734,0.2857,
2026-05-02,2026,822746,1,,MIL,WSH,4:05 PM ET,Kyle Harrison,Foster Griffin,690986,656492,ltd,ltd,live,live,0.97,0.4619,0.4467,0.9086,0.4067,0.3919,0.7986,0.413,0.587,0.2307,0.7693,,,YRFI,STRONG,STRONG YRFI,4,2026-05-02T23:53:21Z,3.463,3.506,1.204,1.168,3.529,4.179,3.24,2.98,1.01,1.27,10.06,8.55,0.332,0.321,0.38,0.395,5.06,5.057,15.0,15.1,29.0,0.0,1.0,0.8,1.0,0.8,0.3361,0.3962,0.4492,0.443,0.2262,0.1596,lineup,lineup,"[{""id"": 695578, ""name"": ""James Wood"", ""bats"": ""L"", ""obp"": 0.389937106918239, ""slg"": 0.5238095238095238, ""iso"": 0.2936507936507937, ""ab"": 126}, {""id"": 678554, ""name"": ""Curtis Mead"", ""bats"": ""R"", ""obp"": 0.30666666666666664, ""slg"": 0.45454545454545453, ""iso"": 0.2424242424242424, ""ab"": 66}, {""id"": 691781, ""name"": ""Brady House"", ""bats"": ""R"", ""obp"": 0.2845528455284553, ""slg"": 0.36283185840707965, ""iso"": 0.1415929203539823, ""ab"": 113}]","[{""id"": 669003, ""name"": ""Garrett Mitchell"", ""bats"": ""L"", ""obp"": 0.38461538461538464, ""slg"": 0.36904761904761907, ""iso"": 0.130952380952381, ""ab"": 84}, {""id"": 668930, ""name"": ""Brice Turang"", ""bats"": ""L"", ""obp"": 0.42105263157894735, ""slg"": 0.4953271028037383, ""iso"": 0.20560747663551404, ""ab"": 107}, {""id"": 661388, ""name"": ""William Contreras"", ""bats"": ""R"", ""obp"": 0.3798449612403101, ""slg"": 0.4482758620689655, ""iso"": 0.13793103448275862, ""ab"": 116}]","[{""name"": ""away_top3c_obp"", ""value"": 0.3962, ""contribution"": 0.1648}, {""name"": ""home_xera"", ""value"": 4.5, ""contribution"": 0.1181}, {""name"": ""away_obp"", ""value"": 0.3322, ""contribution"": 0.1156}, {""name"": ""away_top3c_iso"", ""value"": 0.1596, ""contribution"": -0.0792}, {""name"": ""home_p_last10_pitcher_nrfi"", ""value"": 1.0, ""contribution"": 0.0702}]","[{""name"": ""away_xera"", ""value"": 3.41, ""contribution"": -0.1427}, {""name"": ""home_top3c_iso"", ""value"": 0.2262, ""contribution"": 0.1082}, {""name"": ""home_plate_ump_nrfi_rate"", ""value"": 0.5366, ""contribution"": 0.1068}, {""name"": ""fi_park_nrfi_rate"", ""value"": 0.471, ""contribution"": 0.0925}, {""name"": ""wx_temp_c"", ""value"": 15.0, ""contribution"": -0.0753}]",490319,0.5366,4.5,3.41,50.0,74.0,0.7272,0.6942,5.73,4.73,0.8120,0.8220,L,L,YRFI,WIN,3,0,3,2026-05-02T20:51:07+00:00,-145,+115,DraftKings,2026-05-02T19:02:30+00:00,0.5918,0.4651,-0.1788,0.1219,0.1219,Y,1,1.15,,,,,,,,0.3566,0.3607,0.3860,0.4694,0.1053,0.2653,
2026-05-02,2026,822988,1,,SF,TB,6:10 PM ET,Landen Roupp,Griffin Jax,694738,643377,ltd,sm,live,live,0.93,0.4055,0.3935,0.799,0.4535,0.2231,0.6765,0.4692,0.5308,0.1909,0.8091,,,PASS,NO EDGE,PASS - No edge,4,2026-05-02T23:53:21Z,3.24,4.679,1.2,1.359,3.243,3.964,3.67,3.77,0.63,1.36,9.05,11.06,0.3,0.321,0.377,0.391,3.633,4.495,,,,1.0,1.0,1.0,1.0,0.9,0.2941,0.3416,0.375,0.4398,0.1339,0.1386,lineup,lineup,"[{""id"": 802415, ""name"": ""Chandler Simpson"", ""bats"": ""L"", ""obp"": 0.34615384615384615, ""slg"": 0.35537190082644626, ""iso"": 0.04132231404958675, ""ab"": 121}, {""id"": 656775, ""name"": ""Cedric Mullins"", ""bats"": ""L"", ""obp"": 0.18446601941747573, ""slg"": 0.23157894736842105, ""iso"": 0.10526315789473684, ""ab"": 95}, {""id"": 691406, ""name"": ""Junior Caminero"", ""bats"": ""R"", ""obp"": 0.3283582089552239, ""slg"": 0.5083333333333333, ""iso"": 0.24999999999999994, ""ab"": 120}]","[{""id"": 808982, ""name"": ""Jung Hoo Lee"", ""bats"": ""L"", ""obp"": 0.344, ""slg"": 0.43859649122807015, ""iso"": 0.14035087719298245, ""ab"": 114}, {""id"": 650333, ""name"": ""Luis Arraez"", ""bats"": ""L"", ""obp"": 0.33076923076923076, ""slg"": 0.36885245901639346, ""iso"": 0.0655737704918033, ""ab"": 122}, {""id"": 669477, ""name"": ""Casey Schmitt"", ""bats"": ""R"", ""obp"": 0.3523809523809524, ""slg"": 0.53125, ""iso"": 0.22916666666666669, ""ab"": 96}]","[{""name"": ""home_xera"", ""value"": 5.2, ""contribution"": 0.3886}, {""name"": ""home_avg_ip_per_start"", ""value"": 1.4444, ""contribution"": 0.2127}, {""name"": ""away_top3c_iso"", ""value"": 0.1386, ""contribution"": -0.1673}, {""name"": ""away_obp"", ""value"": 0.2996, ""contribution"": -0.1274}, {""name"": ""fi_park_nrfi_rate"", ""value"": 0.4376, ""contribution"": 0.1269}]","[{""name"": ""away_xera"", ""value"": 2.48, ""contribution"": -0.3094}, {""name"": ""fi_park_nrfi_rate"", ""value"": 0.4376, ""contribution"": 0.2112}, {""name"": ""era_gap_b1"", ""value"": -1.4385, ""contribution"": -0.1438}, {""name"": ""home_top3c_slg"", ""value"": 0.375, ""contribution"": 0.1335}, {""name"": ""home_top3c_obp"", ""value"": 0.2941, ""contribution"": -0.1051}]",427537,0.4944,5.2,2.48,86.0,50.0,0.7136,0.7272,1.44,5.87,0.7950,0.6673,R,R,NRFI,PASS,0,0,0,2026-05-02T22:27:30+00:00,-165,+125,DraftKings,2026-05-03T03:57:55+00:00,0.6226,0.4444,-0.1534,0.0864,,N,,,-165,+125,2026-05-02T21:34:53+00:00,,,,,0.3610,0.2687,0.5089,0.3868,0.1786,0.1604,
2026-05-02,2026,824042,1,,NYM,LAA,9:38 PM ET,Nolan McLean,Reid Detmers,690997,672282,ltd,ltd,live,live,0.99,0.3512,0.3698,0.7209,0.2061,0.3202,0.5263,0.6168,0.3832,0.1631,0.8369,,,NRFI,STRONG,STRONG NRFI,4,2026-05-02T23:53:21Z,2.973,4.167,1.018,1.196,2.937,3.271,2.86,2.96,0.78,0.93,10.51,10.01,0.299,0.324,0.365,0.4,3.761,4.578,21.3,13.4,63.0,0.0,0.8,0.8,0.8333,0.7,0.3573,0.3268,0.4404,0.3978,0.2022,0.1398,lineup,lineup,"[{""id"": 687263, ""name"": ""Zach Neto"", ""bats"": ""R"", ""obp"": 0.33766233766233766, ""slg"": 0.4015151515151515, ""iso"": 0.17424242424242423, ""ab"": 132}, {""id"": 545361, ""name"": ""Mike Trout"", ""bats"": ""R"", ""obp"": 0.42567567567567566, ""slg"": 0.5575221238938053, ""iso"": 0.30973451327433627, ""ab"": 113}, {""id"": 694384, ""name"": ""Nolan Schanuel"", ""bats"": ""L"", ""obp"": 0.3023255813953488, ""slg"": 0.3706896551724138, ""iso"": 0.12931034482758622, ""ab"": 116}]","[{""id"": 666182, ""name"": ""Bo Bichette"", ""bats"": ""R"", ""obp"": 0.2785714285714286, ""slg"": 0.3230769230769231, ""iso"": 0.08461538461538462, ""ab"": 130}, {""id"": 665742, ""name"": ""Juan Soto"", ""bats"": ""L"", ""obp"": 0.4444444444444444, ""slg"": 0.5573770491803278, ""iso"": 0.21311475409836061, ""ab"": 61}, {""id"": 682626, ""name"": ""Francisco Alvarez"", ""bats"": ""R"", ""obp"": 0.31, ""slg"": 0.3977272727272727, ""iso"": 0.17045454545454544, ""ab"": 88}]","[{""name"": ""home_xera"", ""value"": 2.92, ""contribution"": -0.4924}, {""name"": ""away_top3c_iso"", ""value"": 0.1398, ""contribution"": -0.1622}, {""name"": ""away_top3c_slg"", ""value"": 0.3978, ""contribution"": 0.145}, {""name"": ""away_obp"", ""value"": 0.2989, ""contribution"": -0.1325}, {""name"": ""home_fip"", ""value"": 3.2707, ""contribution"": 0.0998}]","[{""name"": ""away_xera"", ""value"": 2.27, ""contribution"": -0.3471}, {""name"": ""fi_park_nrfi_rate"", ""value"": 0.4603, ""contribution"": 0.1305}, {""name"": ""away_fip"", ""value"": 2.9367, ""contribution"": 0.1226}, {""name"": ""era_gap_b1"", ""value"": -1.1943, ""contribution"": -0.1194}, {""name"": ""home_top3c_iso"", ""value"": 0.2022, ""contribution"": 0.0547}]",483630,0.522,2.92,2.27,68.0,70.0,0.7136,0.7136,5.8,6.07,0.5953,0.8377,R,L,YRFI,LOSS,0,1,1,2026-05-03T02:34:54+00:00,-145,+110,DraftKings,2026-05-02T22:32:42+00:00,0.5918,0.4762,0.025,-0.093,0.025,Y,1,-1,,,,,,,,0.3391,0.3333,0.4158,0.4248,0.1485,0.1770,
2026-05-02,2026,823554,1,,BAL,NYY,1:35 PM ET,Kyle Bradish,Ryan Weathers,680694,677960,ltd,ltd,live,live,1.02,0.4509,0.5384,0.9893,0.3725,0.4088,0.7814,0.4303,0.5697,0.2603,0.7397,,,YRFI,STRONG,STRONG YRFI,4,2026-05-02T23:53:21Z,3.946,3.715,1.422,1.242,3.842,3.875,3.96,2.67,1.02,1.35,9.73,9.75,0.319,0.325,0.401,0.425,4.548,4.824,14.3,14.5,28.0,0.0,0.4,1.0,0.7,0.7,0.3802,0.3562,0.5637,0.4826,0.3121,0.2177,lineup,lineup,"[{""id"": 663757, ""name"": ""Trent Grisham"", ""bats"": ""L"", ""obp"": 0.2966101694915254, ""slg"": 0.31958762886597936, ""iso"": 0.1649484536082474, ""ab"": 97}, {""id"": 700250, ""name"": ""Ben Rice"", ""bats"": ""L"", ""obp"": 0.4409448818897638, ""slg"": 0.7281553398058253, ""iso"": 0.39805825242718446, ""ab"": 103}, {""id"": 592450, ""name"": ""Aaron Judge"", ""bats"": ""R"", ""obp"": 0.39568345323741005, ""slg"": 0.6228070175438597, ""iso"": 0.3596491228070176, ""ab"": 114}]","[{""id"": 621493, ""name"": ""Taylor Ward"", ""bats"": ""R"", ""obp"": 0.42567567567567566, ""slg"": 0.42857142857142855, ""iso"": 0.134453781512605, ""ab"": 119}, {""id"": 683002, ""name"": ""Gunnar Henderson"", ""bats"": ""L"", ""obp"": 0.2751677852348993, ""slg"": 0.4666666666666667, ""iso"": 0.2592592592592593, ""ab"": 135}, {""id"": 668939, ""name"": ""Adley Rutschman"", ""bats"": ""S"", ""obp"": 0.38235294117647056, ""slg"": 0.6190476190476191, ""iso"": 0.28571428571428575, ""ab"": 63}]","[{""name"": ""away_top3c_iso"", ""value"": 0.2177, ""contribution"": 0.1638}, {""name"": ""home_xera"", ""value"": 4.59, ""contribution"": 0.1529}, {""name"": ""away_top3c_slg"", ""value"": 0.4826, ""contribution"": -0.1344}, {""name"": ""fi_park_nrfi_rate"", ""value"": 0.4673, ""contribution"": 0.0635}, {""name"": ""away_top3c_obp"", ""value"": 0.3562, ""contribution"": 0.0487}]","[{""name"": ""home_top3c_iso"", ""value"": 0.3121, ""contribution"": 0.2998}, {""name"": ""home_top3c_slg"", ""value"": 0.5637, ""contribution"": -0.2472}, {""name"": ""fi_park_nrfi_rate"", ""value"": 0.4673, ""contribution"": 0.1057}, {""name"": ""away_p_last5_pitcher_nrfi"", ""value"": 1.0, ""contribution"": -0.1047}, {""name"": ""home_top3c_obp"", ""value"": 0.3802, ""contribution"": 0.0962}]",483561,0.5039,4.59,4.41,64.0,46.0,0.7136,0.7508,5.87,5.07,0.8503,0.8860,R,L,NRFI,LOSS,0,0,0,2026-05-02T18:57:22+00:00,-115,-110,DraftKings,2026-05-02T16:42:02+00:00,0.5349,0.5238,-0.1046,0.0459,0.0459,Y,1,-1,-115,-110,2026-05-02T16:42:02+00:00,0,,,,0.3759,0.3920,0.4957,0.5248,0.2174,0.2574,
2026-05-02,2026,825014,1,,CLE,OAK,4:05 PM ET,Slade Cecconi,Jacob Lopez,677944,682052,ltd,ltd,live,live,0.93,0.5364,0.5106,1.047,0.2439,0.6296,0.8735,0.4063,0.5937,0.2815,0.7185,,,YRFI,STRONG,STRONG YRFI,4,2026-05-02T23:53:21Z,5.129,4.761,1.332,1.523,4.877,4.905,2.91,5.13,1.7,1.43,7.45,9.09,0.318,0.322,0.389,0.4,4.12,4.314,15.9,16.3,75.0,0.0,0.6,0.6,0.7,0.7,0.3696,0.3218,0.4744,0.3964,0.2131,0.1622,lineup,lineup,"[{""id"": 701762, ""name"": ""Nick Kurtz"", ""bats"": ""L"", ""obp"": 0.4166666666666667, ""slg"": 0.41818181818181815, ""iso"": 0.1818181818181818, ""ab"": 110}, {""id"": 642851, ""name"": ""Austin Wynns"", ""bats"": ""R"", ""obp"": 0.14705882352941177, ""slg"": 0.09375, ""iso"": 0.0, ""ab"": 32}, {""id"": 691016, ""name"": ""Tyler Soderstrom"", ""bats"": ""L"", ""obp"": 0.3023255813953488, ""slg"": 0.40707964601769914, ""iso"": 0.1946902654867257, ""ab"": 113}]","[{""id"": 680757, ""name"": ""Steven Kwan"", ""bats"": ""L"", ""obp"": 0.3208955223880597, ""slg"": 0.29914529914529914, ""iso"": 0.06837606837606836, ""ab"": 117}, {""id"": 682657, ""name"": ""Angel Mart\u00ednez"", ""bats"": ""S"", ""obp"": 0.29411764705882354, ""slg"": 0.4791666666666667, ""iso"": 0.21875, ""ab"": 96}, {""id"": 608070, ""name"": ""Jos\u00e9 Ram\u00edrez"", ""bats"": ""S"", ""obp"": 0.34265734265734266, ""slg"": 0.425, ""iso"": 0.20833333333333331, ""ab"": 120}]","[{""name"": ""home_xera"", ""value"": 3.68, ""contribution"": -0.1987}, {""name"": ""away_top3c_slg"", ""value"": 0.3964, ""contribution"": 0.1498}, {""name"": ""home_fip"", ""value"": 4.9047, ""contribution"": -0.1266}, {""name"": ""fi_park_nrfi_rate"", ""value"": 0.4448, ""contribution"": 0.1115}, {""name"": ""away_top3c_iso"", ""value"": 0.1622, ""contribution"": -0.0685}]","[{""name"": ""away_xera"", ""value"": 5.55, ""contribution"": 0.241}, {""name"": ""home_plate_ump_nrfi_rate"", ""value"": 0.5573, ""contribution"": 0.1941}, {""name"": ""fi_park_nrfi_rate"", ""value"": 0.4448, ""contribution"": 0.1857}, {""name"": ""away_fip"", ""value"": 4.8771, ""contribution"": -0.1034}, {""name"": ""home_top3c_iso"", ""value"": 0.2131, ""contribution"": 0.0789}]",605670,0.5573,3.68,5.55,22.0,29.0,0.7136,0.7272,4.73,5.2,0.7360,0.6263,R,L,YRFI,WIN,0,2,2,2026-05-02T20:51:07+00:00,+120,-155,DraftKings,2026-05-02T17:42:25+00:00,0.4545,0.6078,-0.0482,-0.0141,-0.0141,Y,1,0.645,,,,,,,,0.2945,0.3108,0.3585,0.3925,0.1509,0.1869,
2026-05-02,2026,824771,1,,HOU,BOS,4:10 PM ET,Spencer Arrighetti,Connelly Early,681293,813349,sm,ltd,live,live,1.05,0.5349,0.4941,1.029,0.4582,0.3852,0.8435,0.413,0.587,0.2749,0.7251,,,YRFI,STRONG,STRONG YRFI,4,2026-05-02T23:53:21Z,3.749,3.604,1.241,1.228,4.039,4.252,3.99,3.57,1.05,1.18,9.2,8.54,0.337,0.313,0.43,0.373,4.911,4.101,10.2,7.4,90.0,0.0,0.8,0.6,0.8,0.7,0.3251,0.3939,0.3631,0.5238,0.1401,0.2232,lineup,lineup,"[{""id"": 680776, ""name"": ""Jarren Duran"", ""bats"": ""L"", ""obp"": 0.23214285714285715, ""slg"": 0.27884615384615385, ""iso"": 0.10576923076923078, ""ab"": 104}, {""id"": 575929, ""name"": ""Willson Contreras"", ""bats"": ""R"", ""obp"": 0.3787878787878788, ""slg"": 0.4818181818181818, ""iso"": 0.2181818181818182, ""ab"": 110}, {""id"": 701350, ""name"": ""Roman Anthony"", ""bats"": ""L"", ""obp"": 0.35294117647058826, ""slg"": 0.32, ""iso"": 0.09, ""ab"": 100}]","[{""id"": 621043, ""name"": ""Carlos Correa"", ""bats"": ""R"", ""obp"": 0.3700787401574803, ""slg"": 0.44144144144144143, ""iso"": 0.15315315315315314, ""ab"": 111}, {""id"": 670541, ""name"": ""Yordan Alvarez"", ""bats"": ""L"", ""obp"": 0.44594594594594594, ""slg"": 0.7073170731707317, ""iso"": 0.3658536585365853, ""ab"": 123}, {""id"": 670623, ""name"": ""Isaac Paredes"", ""bats"": ""R"", ""obp"": 0.35344827586206895, ""slg"": 0.39215686274509803, ""iso"": 0.12745098039215685, ""ab"": 102}]","[{""name"": ""home_xera"", ""value"": 5.04, ""contribution"": 0.3267}, {""name"": ""away_top3c_slg"", ""value"": 0.5238, ""contribution"": -0.27}, {""name"": ""away_top3c_iso"", ""value"": 0.2232, ""contribution"": 0.1871}, {""name"": ""away_top3c_obp"", ""value"": 0.3939, ""contribution"": 0.158}, {""name"": ""away_obp"", ""value"": 0.3366, ""contribution"": 0.1485}]","[{""name"": ""home_top3c_slg"", ""value"": 0.3631, ""contribution"": 0.1576}, {""name"": ""away_xera"", ""value"": 4.97, ""contribution"": 0.137}, {""name"": ""wx_temp_c"", ""value"": 10.2, ""contribution"": -0.1287}, {""name"": ""home_top3c_iso"", ""value"": 0.1401, ""contribution"": -0.0838}, {""name"": ""wx_wind_kmh"", ""value"": 7.4, ""contribution"": -0.074}]",623938,0.4993,5.04,4.97,32.0,83.0,0.7136,0.7272,5.27,6.0,1.0277,0.6483,R,L,YRFI,WIN,1,0,1,2026-05-02T20:51:07+00:00,-115,-115,DraftKings,2026-05-02T17:42:25+00:00,0.5349,0.5349,-0.1219,0.0521,0.0521,Y,1,0.87,,,,,,,,0.4046,0.2984,0.5750,0.3578,0.2167,0.1468,
2026-05-02,2026,823715,1,,TOR,MIN,2:10 PM ET,Dylan Cease,Connor Prielipp,656302,687570,ltd,sm,live,live,0.97,0.3934,0.421,0.8144,0.2807,0.3359,0.6166,0.4891,0.5109,0.1964,0.8036,,,PASS,NO EDGE,PASS - No edge,4,2026-05-02T23:53:21Z,3.815,4.163,1.347,1.184,2.626,3.733,4.29,3.16,0.63,0.98,12.68,9.29,0.313,0.324,0.391,0.391,4.165,4.661,20.0,20.2,20.0,0.0,0.5,0.6,0.5,0.6,0.3408,0.3609,0.4337,0.4253,0.1845,0.1266,lineup,lineup,"[{""id"": 621439, ""name"": ""Byron Buxton"", ""bats"": ""R"", ""obp"": 0.31654676258992803, ""slg"": 0.5275590551181102, ""iso"": 0.26771653543307083, ""ab"": 127}, {""id"": 663616, ""name"": ""Trevor Larnach"", ""bats"": ""L"", ""obp"": 0.4235294117647059, ""slg"": 0.40298507462686567, ""iso"": 0.13432835820895522, ""ab"": 67}, {""id"": 605137, ""name"": ""Josh Bell"", ""bats"": ""S"", ""obp"": 0.31297709923664124, ""slg"": 0.34782608695652173, ""iso"": 0.1217391304347826, ""ab"": 115}]","[{""id"": 660821, ""name"": ""Jes\u00fas S\u00e1nchez"", ""bats"": ""L"", ""obp"": 0.2830188679245283, ""slg"": 0.40625, ""iso"": 0.16666666666666666, ""ab"": 96}, {""id"": 676391, ""name"": ""Ernie Clement"", ""bats"": ""R"", ""obp"": 0.3230769230769231, ""slg"": 0.42857142857142855, ""iso"": 0.12698412698412698, ""ab"": 126}, {""id"": 665489, ""name"": ""Vladimir Guerrero Jr."", ""bats"": ""R"", ""obp"": 0.42962962962962964, ""slg"": 0.452991452991453, ""iso"": 0.1111111111111111, ""ab"": 117}]","[{""name"": ""away_top3c_iso"", ""value"": 0.1266, ""contribution"": -0.2173}, {""name"": ""fi_park_nrfi_rate"", ""value"": 0.5266, ""contribution"": -0.063}, {""name"": ""away_top3c_obp"", ""value"": 0.3609, ""contribution"": 0.0626}, {""name"": ""wx_wind_kmh"", ""value"": 20.2, ""contribution"": 0.0608}, {""name"": ""home_p_last10_pitcher_nrfi"", ""value"": 0.5, ""contribution"": -0.0587}]","[{""name"": ""away_xera"", ""value"": 3.21, ""contribution"": -0.1786}, {""name"": ""away_fip"", ""value"": 2.6265, ""contribution"": 0.1587}, {""name"": ""wx_wind_kmh"", ""value"": 20.2, ""contribution"": 0.1276}, {""name"": ""home_plate_ump_nrfi_rate"", ""value"": 0.4839, ""contribution"": -0.1155}, {""name"": ""fi_park_nrfi_rate"", ""value"": 0.5266, ""contribution"": -0.1048}]",665297,0.4839,4.2,3.21,50.0,97.0,0.7136,0.7709,4.5,5.2,0.8477,0.7727,R,L,YRFI,PASS,0,1,1,2026-05-02T18:57:22+00:00,-135,+105,DraftKings,2026-05-03T03:57:55+00:00,0.5745,0.4878,-0.0854,0.0231,,N,,,-135,+105,2026-05-02T17:42:25+00:00,,,,,0.3304,0.3358,0.4286,0.4538,0.1524,0.2017,
2026-05-02,2026,823388,1,,CIN,PIT,4:05 PM ET,Rhett Lowder,Carmen Mlodzinski,695076,669387,ltd,ltd,live,live,0.96,0.346,0.4214,0.7674,0.3233,0.3481,0.6713,0.4692,0.5308,0.1795,0.8205,,,PASS,NO EDGE,PASS - No edge,4,2026-05-02T23:53:21Z,3.731,3.856,1.218,1.357,3.6,2.851,2.95,2.97,0.77,0.48,7.85,8.8,0.31,0.327,0.392,0.397,4.271,4.766,20.0,10.0,60.0,0.0,1.0,0.4,0.9,0.5,0.3494,0.3128,0.4875,0.431,0.2368,0.1925,lineup,lineup,"[{""id"": 665833, ""name"": ""Oneil Cruz"", ""bats"": ""L"", ""obp"": 0.31690140845070425, ""slg"": 0.5076923076923077, ""iso"": 0.25384615384615383, ""ab"": 130}, {""id"": 669707, ""name"": ""Jared Triolo"", ""bats"": ""R"", ""obp"": 0.3076923076923077, ""slg"": 0.2608695652173913, ""iso"": 0.043478260869565216, ""ab"": 23}, {""id"": 663968, ""name"": ""Jake Mangum"", ""bats"": ""S"", ""obp"": 0.32894736842105265, ""slg"": 0.3, ""iso"": 0.02857142857142858, ""ab"": 70}]","[{""id"": 677956, ""name"": ""Rece Hinds"", ""bats"": ""R"", ""obp"": 0.17142857142857143, ""slg"": 0.21875, ""iso"": 0.09375, ""ab"": 32}, {""id"": 668709, ""name"": ""JJ Bleday"", ""bats"": ""L"", ""obp"": 0.4166666666666667, ""slg"": 0.5555555555555556, ""iso"": 0.33333333333333337, ""ab"": 9}, {""id"": 680574, ""name"": ""Matt McLain"", ""bats"": ""R"", ""obp"": 0.3188405797101449, ""slg"": 0.3050847457627119, ""iso"": 0.1016949152542373, ""ab"": 118}]","[{""name"": ""home_fip"", ""value"": 2.8509, ""contribution"": 0.1579}, {""name"": ""away_top3c_obp"", ""value"": 0.3128, ""contribution"": -0.0769}, {""name"": ""home_xera"", ""value"": 4.03, ""contribution"": -0.0635}, {""name"": ""away_top3c_iso"", ""value"": 0.1925, ""contribution"": 0.0583}, {""name"": ""fi_park_nrfi_rate"", ""value"": 0.5233, ""contribution"": -0.0559}]","[{""name"": ""home_top3c_iso"", ""value"": 0.2368, ""contribution"": 0.1317}, {""name"": ""away_p_last5_pitcher_nrfi"", ""value"": 0.4, ""contribution"": 0.1237}, {""name"": ""home_top3c_slg"", ""value"": 0.4875, ""contribution"": -0.0934}, {""name"": ""fi_park_nrfi_rate"", ""value"": 0.5233, ""contribution"": -0.0931}, {""name"": ""away_fip"", ""value"": 3.6, ""contribution"": 0.0453}]",691042,0.5084,4.03,4.03,16.0,21.0,0.7136,0.7136,4.47,5.8,0.7797,0.5573,R,R,YRFI,PASS,2,5,7,2026-05-02T20:51:07+00:00,-120,-105,DraftKings,2026-05-03T03:57:55+00:00,0.5455,0.5122,-0.0763,0.0186,,N,,,-120,-105,2026-05-02T19:51:37+00:00,,,,,0.2574,0.2551,0.3804,0.3187,0.1848,0.1209,
2026-05-02,2026,823876,1,,PHI,MIA,4:10 PM ET,Andrew Painter,Max Meyer,691725,676974,ltd,ltd,live,live,0.95,0.3967,0.4373,0.834,0.3152,0.3463,0.6615,0.4692,0.5308,0.2035,0.7965,,,PASS,NO EDGE,PASS - No edge,4,2026-05-02T23:53:21Z,4.594,3.976,1.344,1.281,3.819,3.716,2.84,3.25,1.03,1.09,8.52,9.52,0.308,0.327,0.388,0.39,4.059,4.399,,,,1.0,1.0,1.0,0.6,1.0,0.3312,0.3476,0.3684,0.4792,0.1193,0.2355,lineup,lineup,"[{""id"": 805300, ""name"": ""Jakob Marsee"", ""bats"": ""L"", ""obp"": 0.296551724137931, ""slg"": 0.2601626016260163, ""iso"": 0.08130081300813011, ""ab"": 123}, {""id"": 669065, ""name"": ""Kyle Stowers"", ""bats"": ""L"", ""obp"": 0.32608695652173914, ""slg"": 0.28205128205128205, ""iso"": 0.07692307692307693, ""ab"": 39}, {""id"": 672640, ""name"": ""Otto Lopez"", ""bats"": ""R"", ""obp"": 0.3712121212121212, ""slg"": 0.5040650406504065, ""iso"": 0.17073170731707316, ""ab"": 123}]","[{""id"": 607208, ""name"": ""Trea Turner"", ""bats"": ""R"", ""obp"": 0.31654676258992803, ""slg"": 0.3858267716535433, ""iso"": 0.13385826771653542, ""ab"": 127}, {""id"": 656941, ""name"": ""Kyle Schwarber"", ""bats"": ""L"", ""obp"": 0.3680555555555556, ""slg"": 0.5689655172413793, ""iso"": 0.353448275862069, ""ab"": 116}, {""id"": 547180, ""name"": ""Bryce Harper"", ""bats"": ""L"", ""obp"": 0.35766423357664234, ""slg"": 0.4915254237288136, ""iso"": 0.2288135593220339, ""ab"": 118}]","[{""name"": ""away_top3c_iso"", ""value"": 0.2355, ""contribution"": 0.2383}, {""name"": ""away_top3c_slg"", ""value"": 0.4792, ""contribution"": -0.1231}, {""name"": ""wx_is_dome"", ""value"": 1.0, ""contribution"": -0.1048}, {""name"": ""home_xera"", ""value"": 4.41, ""contribution"": 0.0833}, {""name"": ""fi_park_nrfi_rate"", ""value"": 0.4659, ""contribution"": 0.0665}]","[{""name"": ""home_top3c_slg"", ""value"": 0.3684, ""contribution"": 0.1468}, {""name"": ""home_top3c_iso"", ""value"": 0.1193, ""contribution"": -0.1303}, {""name"": ""fi_park_nrfi_rate"", ""value"": 0.4659, ""contribution"": 0.1107}, {""name"": ""away_p_last5_pitcher_nrfi"", ""value"": 1.0, ""contribution"": -0.1047}, {""name"": ""era_gap_b1"", ""value"": 0.6174, ""contribution"": 0.0618}]",547380,0.5173,4.41,3.92,69.0,18.0,0.7272,0.7136,5.0,4.75,0.8913,0.7700,R,R,NRFI,PASS,0,0,0,2026-05-02T20:51:07+00:00,-115,-115,DraftKings,2026-05-03T03:57:55+00:00,0.5349,0.5349,-0.0657,-0.0041,,N,,,-115,-115,2026-05-02T19:51:37+00:00,,,,,0.3551,0.3333,0.5043,0.3554,0.2696,0.0992,
2026-05-02,2026,823308,1,,CWS,SD,8:40 PM ET,Sean Burke,Michael King,680732,650633,ltd,ltd,live,live,0.95,0.4199,0.4614,0.8813,0.2803,0.3302,0.6106,0.4891,0.5109,0.2207,0.7793,,,PASS,NO EDGE,PASS - No edge,4,2026-05-02T23:53:21Z,3.762,3.135,1.259,1.138,4.169,3.927,3.17,3.59,1.21,1.12,7.83,9.2,0.32,0.311,0.393,0.392,4.335,4.516,18.3,13.7,80.0,0.0,1.0,0.8,0.8,0.6,0.3072,0.3377,0.3578,0.4639,0.1202,0.2445,lineup,lineup,"[{""id"": 657656, ""name"": ""Ram\u00f3n Laureano"", ""bats"": ""R"", ""obp"": 0.3064516129032258, ""slg"": 0.42342342342342343, ""iso"": 0.18018018018018017, ""ab"": 111}, {""id"": 665487, ""name"": ""Fernando Tatis Jr."", ""bats"": ""R"", ""obp"": 0.34328358208955223, ""slg"": 0.3217391304347826, ""iso"": 0.05217391304347824, ""ab"": 115}, {""id"": 701538, ""name"": ""Jackson Merrill"", ""bats"": ""L"", ""obp"": 0.2698412698412698, ""slg"": 0.33043478260869563, ""iso"": 0.13043478260869562, ""ab"": 115}]","[{""id"": 643217, ""name"": ""Andrew Benintendi"", ""bats"": ""L"", ""obp"": 0.24509803921568626, ""slg"": 0.3617021276595745, ""iso"": 0.15957446808510642, ""ab"": 94}, {""id"": 808959, ""name"": ""Munetaka Murakami"", ""bats"": ""L"", ""obp"": 0.3829787234042553, ""slg"": 0.584070796460177, ""iso"": 0.34513274336283184, ""ab"": 113}, {""id"": 678246, ""name"": ""Miguel Vargas"", ""bats"": ""R"", ""obp"": 0.3597122302158273, ""slg"": 0.42857142857142855, ""iso"": 0.21428571428571427, ""ab"": 112}]","[{""name"": ""away_top3c_iso"", ""value"": 0.2445, ""contribution"": 0.2762}, {""name"": ""home_xera"", ""value"": 3.61, ""contribution"": -0.2258}, {""name"": ""away_top3c_slg"", ""value"": 0.4639, ""contribution"": -0.0728}, {""name"": ""fi_park_nrfi_rate"", ""value"": 0.5211, ""contribution"": -0.0513}, {""name"": ""era_gap_t1"", ""value"": -0.6268, ""contribution"": -0.036}]","[{""name"": ""home_top3c_slg"", ""value"": 0.3578, ""contribution"": 0.1683}, {""name"": ""home_top3c_iso"", ""value"": 0.1202, ""contribution"": -0.1282}, {""name"": ""fi_park_nrfi_rate"", ""value"": 0.5211, ""contribution"": -0.0854}, {""name"": ""away_xera"", ""value"": 3.74, ""contribution"": -0.0835}, {""name"": ""home_top3c_obp"", ""value"": 0.3072, ""contribution"": -0.0745}]",503493,0.522,3.61,3.74,62.0,11.0,0.7272,0.7396,5.73,4.87,0.7873,0.6907,R,R,NRFI,PASS,0,0,0,2026-05-03T02:34:54+00:00,-120,-105,DraftKings,2026-05-03T03:57:55+00:00,0.5455,0.5122,-0.0564,-0.0013,,N,,,-120,-105,2026-05-02T23:53:24+00:00,,,,,0.3664,0.2611,0.5405,0.2241,0.2703,0.0345,
2026-05-02,2026,823144,1,,KC,SEA,9:40 PM ET,Seth Lugo,Emerson Hancock,607625,676106,ltd,ltd,live,live,0.95,0.4438,0.4284,0.8722,0.2744,0.2777,0.5521,0.5543,0.4457,0.2173,0.7827,,,PASS,NO EDGE,PASS - No edge,4,2026-05-02T23:53:21Z,3.418,3.865,1.232,1.178,3.843,4.573,3.05,2.41,0.98,1.62,7.63,7.67,0.321,0.321,0.4,0.395,4.25,4.307,,,,1.0,0.8,0.8,0.7,0.7,0.3199,0.3317,0.3703,0.4057,0.1516,0.1571,lineup,lineup,"[{""id"": 641487, ""name"": ""J.P. Crawford"", ""bats"": ""L"", ""obp"": 0.36792452830188677, ""slg"": 0.30952380952380953, ""iso"": 0.10714285714285715, ""ab"": 84}, {""id"": 663728, ""name"": ""Cal Raleigh"", ""bats"": ""S"", ""obp"": 0.272108843537415, ""slg"": 0.3798449612403101, ""iso"": 0.1937984496124031, ""ab"": 129}, {""id"": 677594, ""name"": ""Julio Rodr\u00edguez"", ""bats"": ""R"", ""obp"": 0.3333333333333333, ""slg"": 0.4, ""iso"": 0.13846153846153847, ""ab"": 130}]","[{""id"": 672580, ""name"": ""Maikel Garcia"", ""bats"": ""R"", ""obp"": 0.3435114503816794, ""slg"": 0.4358974358974359, ""iso"": 0.16239316239316237, ""ab"": 117}, {""id"": 677951, ""name"": ""Bobby Witt Jr."", ""bats"": ""R"", ""obp"": 0.3680555555555556, ""slg"": 0.424, ""iso"": 0.136, ""ab"": 125}, {""id"": 686469, ""name"": ""Vinnie Pasquantino"", ""bats"": ""L"", ""obp"": 0.27906976744186046, ""slg"": 0.35185185185185186, ""iso"": 0.17592592592592593, ""ab"": 108}]","[{""name"": ""away_top3c_slg"", ""value"": 0.4057, ""contribution"": 0.1191}, {""name"": ""home_xera"", ""value"": 4.47, ""contribution"": 0.1065}, {""name"": ""wx_is_dome"", ""value"": 1.0, ""contribution"": -0.1048}, {""name"": ""away_top3c_iso"", ""value"": 0.1571, ""contribution"": -0.0895}, {""name"": ""home_fip"", ""value"": 4.5735, ""contribution"": -0.0807}]","[{""name"": ""home_top3c_slg"", ""value"": 0.3703, ""contribution"": 0.1431}, {""name"": ""home_plate_ump_nrfi_rate"", ""value"": 0.4946, ""contribution"": -0.0704}, {""name"": ""wx_is_dome"", ""value"": 1.0, ""contribution"": -0.0598}, {""name"": ""home_top3c_iso"", ""value"": 0.1516, ""contribution"": -0.0582}, {""name"": ""away_avg_ip_per_start"", ""value"": 6.2667, ""contribution"": -0.0468}]",503586,0.4946,4.47,4.29,35.0,17.0,0.6942,0.7272,5.73,6.27,0.6443,0.6657,R,R,YRFI,PASS,0,1,1,2026-05-03T15:43:33+00:00,-130,+100,DraftKings,2026-05-02T23:53:24+00:00,0.5652,0.5,-0.0109,-0.0543,,N,,,-130,+100,2026-05-02T23:53:24+00:00,,,,,0.3529,0.3478,0.5130,0.5246,0.2522,0.2541,
2026-05-02,2026,824365,1,,ATL,COL,8:10 PM ET,Chris Sale,Brennan Bernardino,519242,657514,ltd,sm,live,live,1.22,0.5312,0.4403,0.9715,0.3112,0.3119,0.6231,0.4891,0.5109,0.2537,0.7463,,,PASS,NO EDGE,PASS - No edge,4,2026-05-02T23:53:21Z,2.454,3.038,0.995,1.202,2.926,3.366,2.31,3.42,1.02,0.58,10.89,8.28,0.331,0.321,0.44,0.406,5.245,4.37,22.0,11.8,6.0,0.0,0.5,0.8,0.5,0.8,0.2911,0.3688,0.3321,0.4677,0.1057,0.1783,lineup,lineup,"[{""id"": 687597, ""name"": ""Jordan Beck"", ""bats"": ""R"", ""obp"": 0.208955223880597, ""slg"": 0.24193548387096775, ""iso"": 0.08064516129032259, ""ab"": 62}, {""id"": 686668, ""name"": ""Brenton Doyle"", ""bats"": ""R"", ""obp"": 0.2978723404255319, ""slg"": 0.29411764705882354, ""iso"": 0.07058823529411765, ""ab"": 85}, {""id"": 681198, ""name"": ""TJ Rumfield"", ""bats"": ""L"", ""obp"": 0.3282442748091603, ""slg"": 0.4067796610169492, ""iso"": 0.1440677966101695, ""ab"": 118}]","[{""id"": 660670, ""name"": ""Ronald Acu\u00f1a Jr."", ""bats"": ""R"", ""obp"": 0.36, ""slg"": 0.376, ""iso"": 0.128, ""ab"": 125}, {""id"": 686948, ""name"": ""Drake Baldwin"", ""bats"": ""L"", ""obp"": 0.37748344370860926, ""slg"": 0.48507462686567165, ""iso"": 0.18656716417910452, ""ab"": 134}, {""id"": 645277, ""name"": ""Ozzie Albies"", ""bats"": ""S"", ""obp"": 0.36879432624113473, ""slg"": 0.5390625, ""iso"": 0.21875, ""ab"": 128}]","[{""name"": ""home_xera"", ""value"": 2.87, ""contribution"": -0.5117}, {""name"": ""home_avg_ip_per_start"", ""value"": 1.0, ""contribution"": 0.2371}, {""name"": ""fi_park_nrfi_rate"", ""value"": 0.4303, ""contribution"": 0.1424}, {""name"": ""away_obp"", ""value"": 0.3311, ""contribution"": 0.1075}, {""name"": ""home_fip"", ""value"": 3.3662, ""contribution"": 0.0866}]","[{""name"": ""fi_park_nrfi_rate"", ""value"": 0.4303, ""contribution"": 0.2371}, {""name"": ""home_top3c_slg"", ""value"": 0.3321, ""contribution"": 0.2201}, {""name"": ""away_xera"", ""value"": 2.98, ""contribution"": -0.2198}, {""name"": ""home_top3c_iso"", ""value"": 0.1057, ""contribution"": -0.1607}, {""name"": ""away_fip"", ""value"": 2.9257, ""contribution"": 0.1238}]",489985,0.4845,2.87,2.98,50.0,55.0,0.7136,0.7396,1.0,5.8,0.8377,0.6377,L,L,YRFI,PASS,2,0,2,2026-05-03T02:34:54+00:00,-125,-105,DraftKings,2026-05-03T03:57:55+00:00,0.5556,0.5122,-0.0665,-0.0013,,N,,,-125,-105,2026-05-02T23:53:24+00:00,,,,,0.3926,0.3226,0.5259,0.3373,0.2155,0.0843,
2026-05-03,2026,823711,1,,TOR,MIN,12:45 PM ET,Trey Yesavage,Joe Ryan,702056,657746,sm,live,live,live,0.97,0.336,0.4415,0.7775,0.2193,0.3032,0.5225,0.6324,0.3676,0.1832,0.8168,,,NRFI,STRONG,STRONG NRFI,4,2026-05-04T02:36:04Z,3.725,3.586,1.193,1.04,3.943,3.147,2.84,2.09,1.06,1.05,8.49,9.72,0.315,0.323,0.396,0.39,4.307,4.648,21.5,17.8,17.0,0.0,0.6,0.75,0.6,0.75,0.3932,0.3768,0.4834,0.448,0.1993,0.156,lineup,lineup,"[{""id"": 621439, ""name"": ""Byron Buxton"", ""bats"": ""R"", ""obp"": 0.3146853146853147, ""slg"": 0.5419847328244275, ""iso"": 0.2824427480916031, ""ab"": 131}, {""id"": 663616, ""name"": ""Trevor Larnach"", ""bats"": ""L"", ""obp"": 0.42696629213483145, ""slg"": 0.4225352112676056, ""iso"": 0.1408450704225352, ""ab"": 71}, {""id"": 668885, ""name"": ""Austin Martin"", ""bats"": ""R"", ""obp"": 0.4835164835164835, ""slg"": 0.43478260869565216, ""iso"": 0.10144927536231885, ""ab"": 69}]","[{""id"": 664702, ""name"": ""Myles Straw"", ""bats"": ""R"", ""obp"": 0.35714285714285715, ""slg"": 0.4489795918367347, ""iso"": 0.163265306122449, ""ab"": 49}, {""id"": 672960, ""name"": ""Kazuma Okamoto"", ""bats"": ""R"", ""obp"": 0.3157894736842105, ""slg"": 0.453781512605042, ""iso"": 0.2184873949579832, ""ab"": 119}, {""id"": 665489, ""name"": ""Vladimir Guerrero Jr."", ""bats"": ""R"", ""obp"": 0.42142857142857143, ""slg"": 0.4380165289256198, ""iso"": 0.1074380165289256, ""ab"": 121}]","[{""name"": ""home_xera"", ""value"": 3.07, ""contribution"": -0.4344}, {""name"": ""home_fip"", ""value"": 3.147, ""contribution"": 0.1169}, {""name"": ""away_top3c_obp"", ""value"": 0.3768, ""contribution"": 0.1084}, {""name"": ""away_top3c_iso"", ""value"": 0.156, ""contribution"": -0.0943}, {""name"": ""home_plate_ump_nrfi_rate"", ""value"": 0.452, ""contribution"": 0.0841}]","[{""name"": ""home_plate_ump_nrfi_rate"", ""value"": 0.452, ""contribution"": -0.2501}, {""name"": ""home_top3c_obp"", ""value"": 0.3932, ""contribution"": 0.1264}, {""name"": ""fi_park_nrfi_rate"", ""value"": 0.5266, ""contribution"": -0.1048}, {""name"": ""wx_wind_kmh"", ""value"": 17.8, ""contribution"": 0.0898}, {""name"": ""home_top3c_slg"", ""value"": 0.4834, ""contribution"": -0.0852}]",482608,0.452,3.07,4.2,44.0,50.0,0.678,0.7136,5.8,4.83,0.8700,0.8597,R,R,YRFI,LOSS,0,1,1,2026-05-03T17:17:10+00:00,-130,+100,DraftKings,2026-05-03T15:46:21+00:00,0.5652,0.5,0.0672,-0.1324,0.0672,Y,1,-1,-130,+100,2026-05-03T15:46:21+00:00,0,,,,0.3670,0.4000,0.5000,0.5794,0.2234,0.2523,
2026-05-03,2026,823387,1,,CIN,PIT,1:35 PM ET,Chase Burns,Braxton Ashcraft,695505,677952,ltd,live,live,live,0.96,0.3644,0.4687,0.8333,0.2006,0.3126,0.5132,0.6413,0.3587,0.2032,0.7968,,,NRFI,STRONG,STRONG NRFI,4,2026-05-04T02:36:04Z,3.56,3.51,1.204,1.204,3.697,3.172,3.22,3.16,1.23,0.76,10.54,9.66,0.31,0.333,0.396,0.402,4.328,5.015,15.8,15.5,26.0,0.0,1.0,1.0,1.0,0.9,0.3619,0.3283,0.4905,0.4553,0.2331,0.2101,lineup,lineup,"[{""id"": 665833, ""name"": ""Oneil Cruz"", ""bats"": ""L"", ""obp"": 0.31756756756756754, ""slg"": 0.5, ""iso"": 0.24264705882352944, ""ab"": 136}, {""id"": 664040, ""name"": ""Brandon Lowe"", ""bats"": ""L"", ""obp"": 0.35877862595419846, ""slg"": 0.5357142857142857, ""iso"": 0.2857142857142857, ""ab"": 112}, {""id"": 680779, ""name"": ""Henry Davis"", ""bats"": ""R"", ""obp"": 0.25301204819277107, ""slg"": 0.28378378378378377, ""iso"": 0.1216216216216216, ""ab"": 74}]","[{""id"": 670770, ""name"": ""TJ Friedl"", ""bats"": ""L"", ""obp"": 0.28346456692913385, ""slg"": 0.2982456140350877, ""iso"": 0.09649122807017543, ""ab"": 114}, {""id"": 667472, ""name"": ""Dane Myers"", ""bats"": ""R"", ""obp"": 0.4230769230769231, ""slg"": 0.35714285714285715, ""iso"": 0.07142857142857145, ""ab"": 42}, {""id"": 682829, ""name"": ""Elly De La Cruz"", ""bats"": ""S"", ""obp"": 0.35172413793103446, ""slg"": 0.5538461538461539, ""iso"": 0.27692307692307694, ""ab"": 130}]","[{""name"": ""home_xera"", ""value"": 2.77, ""contribution"": -0.5503}, {""name"": ""away_top3c_iso"", ""value"": 0.2101, ""contribution"": 0.1322}, {""name"": ""home_fip"", ""value"": 3.1715, ""contribution"": 0.1135}, {""name"": ""home_p_last10_pitcher_nrfi"", ""value"": 1.0, ""contribution"": 0.0702}, {""name"": ""fi_park_nrfi_rate"", ""value"": 0.5233, ""contribution"": -0.0559}]","[{""name"": ""away_xera"", ""value"": 3.33, ""contribution"": -0.157}, {""name"": ""home_top3c_iso"", ""value"": 0.2331, ""contribution"": 0.1235}, {""name"": ""home_plate_ump_nrfi_rate"", ""value"": 0.5395, ""contribution"": 0.119}, {""name"": ""away_p_last5_pitcher_nrfi"", ""value"": 1.0, ""contribution"": -0.1047}, {""name"": ""home_top3c_slg"", ""value"": 0.4905, ""contribution"": -0.0996}]",484198,0.5395,2.77,3.33,81.0,91.0,0.751,0.7396,5.6,5.8,0.7730,0.7953,R,R,NRFI,WIN,0,0,0,2026-05-03T18:57:41+00:00,-155,+120,DraftKings,2026-05-03T15:46:21+00:00,0.6078,0.4545,0.0335,-0.0958,0.0335,Y,1,0.645,,,,,,,,0.4049,0.2480,0.5978,0.3826,0.2826,0.2000,
2026-05-03,2026,822742,1,,MIL,WSH,1:35 PM ET,Logan Henderson,PJ Poulin,701656,676571,sm,ltd,live,live,0.97,0.5244,0.4641,0.9885,0.7914,0.3232,1.1147,0.3623,0.6377,0.26,0.74,,,YRFI,STRONG,STRONG YRFI,4,2026-05-04T02:36:04Z,3.946,4.095,1.234,1.314,3.833,4.584,3.2,3.87,1.12,1.29,9.7,8.26,0.332,0.319,0.377,0.393,5.037,4.974,17.0,12.8,20.0,0.0,0.75,1.0,0.75,1.0,0.3229,0.3393,0.4111,0.4,0.172,0.1536,lineup,lineup,"[{""id"": 695578, ""name"": ""James Wood"", ""bats"": ""L"", ""obp"": 0.39263803680981596, ""slg"": 0.5230769230769231, ""iso"": 0.2846153846153846, ""ab"": 130}, {""id"": 678554, ""name"": ""Curtis Mead"", ""bats"": ""R"", ""obp"": 0.3037974683544304, ""slg"": 0.45714285714285713, ""iso"": 0.24285714285714285, ""ab"": 70}, {""id"": 696285, ""name"": ""Jacob Young"", ""bats"": ""R"", ""obp"": 0.2807017543859649, ""slg"": 0.3425925925925926, ""iso"": 0.10185185185185189, ""ab"": 108}]","[{""id"": 650859, ""name"": ""Luis Rengifo"", ""bats"": ""S"", ""obp"": 0.2621359223300971, ""slg"": 0.27956989247311825, ""iso"": 0.08602150537634407, ""ab"": 93}, {""id"": 661388, ""name"": ""William Contreras"", ""bats"": ""R"", ""obp"": 0.3805970149253731, ""slg"": 0.44166666666666665, ""iso"": 0.1333333333333333, ""ab"": 120}, {""id"": 663368, ""name"": ""Blake Perkins"", ""bats"": ""S"", ""obp"": 0.21153846153846154, ""slg"": 0.17391304347826086, ""iso"": 0.06521739130434782, ""ab"": 46}]","[{""name"": ""home_xera"", ""value"": 6.19, ""contribution"": 0.7711}, {""name"": ""home_avg_ip_per_start"", ""value"": 1.0833, ""contribution"": 0.2325}, {""name"": ""away_top3c_slg"", ""value"": 0.4, ""contribution"": 0.138}, {""name"": ""away_obp"", ""value"": 0.3316, ""contribution"": 0.1116}, {""name"": ""away_top3c_iso"", ""value"": 0.1536, ""contribution"": -0.1045}]","[{""name"": ""home_plate_ump_nrfi_rate"", ""value"": 0.4785, ""contribution"": -0.1383}, {""name"": ""away_p_last5_pitcher_nrfi"", ""value"": 1.0, ""contribution"": -0.1047}, {""name"": ""fi_park_nrfi_rate"", ""value"": 0.471, ""contribution"": 0.0925}, {""name"": ""home_top3c_slg"", ""value"": 0.4111, ""contribution"": 0.0607}, {""name"": ""away_avg_ip_per_start"", ""value"": 4.2667, ""contribution"": 0.0572}]",427128,0.4785,6.19,4.2,5.0,50.0,0.7136,0.7272,1.08,4.27,0.5853,0.7587,R,L,NRFI,LOSS,0,0,0,2026-05-03T18:57:41+00:00,-105,-125,DraftKings,2026-05-03T15:46:21+00:00,0.5122,0.5556,-0.1499,0.0821,0.0821,Y,1,-1,,,,,,,,0.3010,0.3361,0.3191,0.4118,0.0851,0.1863,
2026-05-03,2026,824687,1,,ARI,CHC,2:20 PM ET,Merrill Kelly,Matthew Boyd,518876,571510,live,live,live,live,1.0,0.3525,0.6491,1.0016,0.2914,1.5754,1.8667,0.3623,0.6377,0.2648,0.7352,,,YRFI,STRONG,STRONG YRFI,4,2026-05-04T02:36:04Z,5.011,4.386,1.414,1.199,5.07,2.936,3.73,2.23,1.66,0.81,7.55,9.37,0.308,0.34,0.411,0.422,4.527,5.078,19.7,24.1,32.0,0.0,0.8,0.6,0.6,0.6,0.3584,0.337,0.4467,0.4325,0.1657,0.184,lineup,lineup,"[{""id"": 663538, ""name"": ""Nico Hoerner"", ""bats"": ""R"", ""obp"": 0.3741496598639456, ""slg"": 0.4609375, ""iso"": 0.1640625, ""ab"": 128}, {""id"": 694208, ""name"": ""Mois\u00e9s Ballesteros"", ""bats"": ""L"", ""obp"": 0.367816091954023, ""slg"": 0.5641025641025641, ""iso"": 0.2564102564102564, ""ab"": 78}, {""id"": 608324, ""name"": ""Alex Bregman"", ""bats"": ""R"", ""obp"": 0.33774834437086093, ""slg"": 0.36363636363636365, ""iso"": 0.11363636363636365, ""ab"": 132}]","[{""id"": 606466, ""name"": ""Ketel Marte"", ""bats"": ""S"", ""obp"": 0.2824427480916031, ""slg"": 0.371900826446281, ""iso"": 0.14876033057851237, ""ab"": 121}, {""id"": 672695, ""name"": ""Geraldo Perdomo"", ""bats"": ""S"", ""obp"": 0.3559322033898305, ""slg"": 0.3979591836734694, ""iso"": 0.15306122448979592, ""ab"": 98}, {""id"": 682998, ""name"": ""Corbin Carroll"", ""bats"": ""L"", ""obp"": 0.376, ""slg"": 0.5327102803738317, ""iso"": 0.2523364485981308, ""ab"": 107}]","[{""name"": ""home_fip"", ""value"": 2.9364, ""contribution"": 0.1461}, {""name"": ""home_plate_ump_nrfi_rate"", ""value"": 0.5818, ""contribution"": -0.1}, {""name"": ""fi_park_nrfi_rate"", ""value"": 0.541, ""contribution"": -0.0938}, {""name"": ""wx_wind_kmh"", ""value"": 24.1, ""contribution"": 0.09}, {""name"": ""away_obp"", ""value"": 0.3085, ""contribution"": -0.0613}]","[{""name"": ""away_xera"", ""value"": 14.71, ""contribution"": 1.8833}, {""name"": ""home_plate_ump_nrfi_rate"", ""value"": 0.5818, ""contribution"": 0.2974}, {""name"": ""wx_wind_kmh"", ""value"": 24.1, ""contribution"": 0.189}, {""name"": ""fi_park_nrfi_rate"", ""value"": 0.541, ""contribution"": -0.1562}, {""name"": ""away_fip"", ""value"": 5.0702, ""contribution"": -0.1259}]",427139,0.5818,4.12,14.71,90.0,70.0,0.7396,0.7309,4.67,4.4,0.9377,0.7480,R,L,NRFI,LOSS,0,0,0,2026-05-03T18:57:41+00:00,+115,-155,DraftKings,2026-05-03T15:46:21+00:00,0.4651,0.6078,-0.1028,0.0299,0.0299,Y,1,-1,,,,,,,,0.3622,0.3307,0.4505,0.4286,0.1802,0.1875,
2026-05-03,2026,824285,1,,TEX,DET,7:20 PM ET,Jack Leiter,Tyler Holton,683004,663947,live,ltd,live,live,0.98,0.4801,0.5312,1.0113,0.5803,0.4683,1.0486,0.3623,0.6377,0.2684,0.7316,,,YRFI,STRONG,STRONG YRFI,4,2026-05-04T02:36:04Z,4.433,4.263,1.363,1.311,4.292,4.735,3.76,3.16,1.36,1.5,9.13,7.49,0.316,0.328,0.389,0.408,4.016,4.444,16.2,23.2,35.0,0.0,0.6,0.6,0.6667,0.5,0.3594,0.3333,0.4216,0.4246,0.1289,0.1754,lineup,lineup,"[{""id"": 805808, ""name"": ""Kevin McGonigle"", ""bats"": ""L"", ""obp"": 0.4041095890410959, ""slg"": 0.47619047619047616, ""iso"": 0.16666666666666663, ""ab"": 126}, {""id"": 663837, ""name"": ""Matt Vierling"", ""bats"": ""R"", ""obp"": 0.2702702702702703, ""slg"": 0.3484848484848485, ""iso"": 0.13636363636363638, ""ab"": 66}, {""id"": 670097, ""name"": ""Zack Short"", ""bats"": ""R"", ""obp"": null, ""slg"": null, ""iso"": null, ""ab"": null}]","[{""id"": 607043, ""name"": ""Brandon Nimmo"", ""bats"": ""L"", ""obp"": 0.3776223776223776, ""slg"": 0.46825396825396826, ""iso"": 0.16666666666666669, ""ab"": 126}, {""id"": 696030, ""name"": ""Alejandro Osuna"", ""bats"": ""L"", ""obp"": 0.42857142857142855, ""slg"": 0.3125, ""iso"": 0.0625, ""ab"": 16}, {""id"": 608369, ""name"": ""Corey Seager"", ""bats"": ""L"", ""obp"": 0.31654676258992803, ""slg"": 0.4152542372881356, ""iso"": 0.2033898305084746, ""ab"": 118}]","[{""name"": ""home_xera"", ""value"": 6.23, ""contribution"": 0.7865}, {""name"": ""home_avg_ip_per_start"", ""value"": 1.3333, ""contribution"": 0.2188}, {""name"": ""home_fip"", ""value"": 4.7351, ""contribution"": -0.1031}, {""name"": ""wx_wind_kmh"", ""value"": 23.2, ""contribution"": 0.0833}, {""name"": ""fi_park_nrfi_rate"", ""value"": 0.5298, ""contribution"": -0.0699}]","[{""name"": ""away_xera"", ""value"": 5.34, ""contribution"": 0.2033}, {""name"": ""wx_wind_kmh"", ""value"": 23.2, ""contribution"": 0.1749}, {""name"": ""home_plate_ump_nrfi_rate"", ""value"": 0.548, ""contribution"": 0.1549}, {""name"": ""fi_park_nrfi_rate"", ""value"": 0.5298, ""contribution"": -0.1164}, {""name"": ""home_top3c_iso"", ""value"": 0.1289, ""contribution"": -0.1088}]",639723,0.548,6.23,5.34,14.0,76.0,0.7136,0.7272,1.33,5.07,0.7500,0.5377,R,L,NRFI,LOSS,0,0,0,2026-05-03T23:42:32+00:00,-160,+125,DraftKings,2026-05-03T22:34:44+00:00,0.6154,0.4444,-0.2531,0.1933,0.1933,Y,1,-1,-160,+125,2026-05-03T22:34:44+00:00,0,,,,0.3491,0.3204,0.3516,0.3511,0.0989,0.1277,
2026-05-03,2026,823875,1,,PHI,MIA,1:40 PM ET,Jesús Luzardo,Chris Paddack,666200,663978,live,live,live,live,0.95,0.442,0.3603,0.8022,0.2345,0.2878,0.5222,0.6335,0.3665,0.192,0.808,,,NRFI,STRONG,STRONG NRFI,4,2026-05-04T02:36:04Z,4.647,5.667,1.248,1.374,2.728,4.68,2.6,2.17,0.79,1.7,10.71,7.19,0.304,0.328,0.382,0.392,3.974,4.391,,,,1.0,0.6,1.0,0.6,0.9,0.345,0.3395,0.4093,0.4663,0.1317,0.2291,lineup,lineup,"[{""id"": 672640, ""name"": ""Otto Lopez"", ""bats"": ""R"", ""obp"": 0.3722627737226277, ""slg"": 0.5, ""iso"": 0.1640625, ""ab"": 128}, {""id"": 682663, ""name"": ""Agust\u00edn Ram\u00edrez"", ""bats"": ""R"", ""obp"": 0.328, ""slg"": 0.3577981651376147, ""iso"": 0.11926605504587157, ""ab"": 109}, {""id"": 683357, ""name"": ""Owen Caissie"", ""bats"": ""L"", ""obp"": 0.24242424242424243, ""slg"": 0.3333333333333333, ""iso"": 0.1333333333333333, ""ab"": 90}]","[{""id"": 607208, ""name"": ""Trea Turner"", ""bats"": ""R"", ""obp"": 0.3076923076923077, ""slg"": 0.37404580152671757, ""iso"": 0.12977099236641224, ""ab"": 131}, {""id"": 656941, ""name"": ""Kyle Schwarber"", ""bats"": ""L"", ""obp"": 0.36054421768707484, ""slg"": 0.5546218487394958, ""iso"": 0.3445378151260504, ""ab"": 119}, {""id"": 547180, ""name"": ""Bryce Harper"", ""bats"": ""L"", ""obp"": 0.35, ""slg"": 0.4793388429752066, ""iso"": 0.22314049586776863, ""ab"": 121}]","[{""name"": ""away_top3c_iso"", ""value"": 0.2291, ""contribution"": 0.2117}, {""name"": ""home_xera"", ""value"": 3.74, ""contribution"": -0.1755}, {""name"": ""wx_is_dome"", ""value"": 1.0, ""contribution"": -0.1048}, {""name"": ""home_fip"", ""value"": 4.6797, ""contribution"": -0.0954}, {""name"": ""away_obp"", ""value"": 0.3043, ""contribution"": -0.0928}]","[{""name"": ""away_xera"", ""value"": 3.21, ""contribution"": -0.1786}, {""name"": ""away_fip"", ""value"": 2.7279, ""contribution"": 0.1469}, {""name"": ""fi_park_nrfi_rate"", ""value"": 0.4659, ""contribution"": 0.1107}, {""name"": ""away_p_last5_pitcher_nrfi"", ""value"": 1.0, ""contribution"": -0.1047}, {""name"": ""home_top3c_iso"", ""value"": 0.1317, ""contribution"": -0.1027}]",608158,0.5142,3.74,3.21,45.0,89.0,0.7136,0.751,4.67,5.67,0.8913,0.9050,L,R,YRFI,LOSS,6,0,6,2026-05-03T18:57:41+00:00,-135,+105,DraftKings,2026-05-03T15:46:21+00:00,0.5745,0.4878,0.059,-0.1213,0.059,Y,1,-1,,,,,,,,0.3333,0.2881,0.4386,0.3182,0.2193,0.0727,
2026-05-03,2026,823307,1,,CWS,SD,4:10 PM ET,Anthony Kay,Griffin Canning,641743,656288,sm,ltd,live,live,0.95,0.4481,0.5237,0.9718,0.3305,0.5753,0.9058,0.3973,0.6027,0.2539,0.7461,,,YRFI,STRONG,STRONG YRFI,4,2026-05-04T02:36:04Z,4.938,3.927,1.415,1.332,4.762,4.077,3.91,3.8,1.29,1.04,7.55,8.51,0.32,0.311,0.391,0.387,4.328,4.42,20.0,17.3,56.0,0.0,0.6,0.5,0.6,0.5,0.3055,0.3279,0.3981,0.4677,0.1489,0.2395,lineup,lineup,"[{""id"": 657656, ""name"": ""Ram\u00f3n Laureano"", ""bats"": ""R"", ""obp"": 0.3046875, ""slg"": 0.41739130434782606, ""iso"": 0.17391304347826084, ""ab"": 115}, {""id"": 609280, ""name"": ""Miguel Andujar"", ""bats"": ""R"", ""obp"": 0.35443037974683544, ""slg"": 0.4666666666666667, ""iso"": 0.14666666666666667, ""ab"": 75}, {""id"": 701538, ""name"": ""Jackson Merrill"", ""bats"": ""L"", ""obp"": 0.27692307692307694, ""slg"": 0.33613445378151263, ""iso"": 0.12605042016806725, ""ab"": 119}]","[{""id"": 803011, ""name"": ""Sam Antonacci"", ""bats"": ""L"", ""obp"": 0.3684210526315789, ""slg"": 0.4583333333333333, ""iso"": 0.1875, ""ab"": 48}, {""id"": 808959, ""name"": ""Munetaka Murakami"", ""bats"": ""L"", ""obp"": 0.3724137931034483, ""slg"": 0.5641025641025641, ""iso"": 0.3333333333333333, ""ab"": 117}, {""id"": 678246, ""name"": ""Miguel Vargas"", ""bats"": ""R"", ""obp"": 0.35664335664335667, ""slg"": 0.4224137931034483, ""iso"": 0.20689655172413796, ""ab"": 116}]","[{""name"": ""away_top3c_iso"", ""value"": 0.2395, ""contribution"": 0.2554}, {""name"": ""away_top3c_slg"", ""value"": 0.4677, ""contribution"": -0.085}, {""name"": ""era_gap_t1"", ""value"": -1.0112, ""contribution"": -0.0581}, {""name"": ""fi_park_nrfi_rate"", ""value"": 0.5211, ""contribution"": -0.0513}, {""name"": ""home_plate_ump_nrfi_rate"", ""value"": 0.4819, ""contribution"": 0.0417}]","[{""name"": ""away_xera"", ""value"": 8.09, ""contribution"": 0.6964}, {""name"": ""home_plate_ump_nrfi_rate"", ""value"": 0.4819, ""contribution"": -0.1239}, {""name"": ""era_gap_b1"", ""value"": 1.0112, ""contribution"": 0.1011}, {""name"": ""away_fip"", ""value"": 4.7615, ""contribution"": -0.09}, {""name"": ""home_top3c_slg"", ""value"": 0.3981, ""contribution"": 0.087}]",596805,0.4819,4.2,8.09,50.0,16.0,0.6796,0.7136,4.67,4.5,0.8487,0.7010,L,R,NRFI,LOSS,0,0,0,2026-05-03T20:53:04+00:00,-120,-110,DraftKings,2026-05-03T17:22:47+00:00,0.5455,0.5238,-0.1482,0.0789,0.0789,Y,1,-1,,,,,,,,0.3871,0.2901,0.5000,0.3009,0.2212,0.0708,
2026-05-03,2026,823145,1,,KC,SEA,4:10 PM ET,Kris Bubic,Luis Castillo,663460,622491,live,live,live,live,0.95,0.4293,0.3937,0.823,0.448,0.3162,0.7642,0.4482,0.5518,0.1995,0.8005,,,PASS,NO EDGE,PASS - No edge,4,2026-05-04T02:36:04Z,3.119,4.699,1.186,1.407,3.224,3.953,3.75,2.8,0.64,1.2,9.22,8.19,0.319,0.319,0.397,0.392,4.224,4.26,,,,1.0,0.6,0.8,0.8,0.7,0.2985,0.3278,0.3618,0.4022,0.1331,0.1543,lineup,lineup,"[{""id"": 686527, ""name"": ""Dominic Canzone"", ""bats"": ""L"", ""obp"": 0.31645569620253167, ""slg"": 0.4861111111111111, ""iso"": 0.2222222222222222, ""ab"": 72}, {""id"": 677594, ""name"": ""Julio Rodr\u00edguez"", ""bats"": ""R"", ""obp"": 0.33783783783783783, ""slg"": 0.41044776119402987, ""iso"": 0.14179104477611942, ""ab"": 134}, {""id"": 647304, ""name"": ""Josh Naylor"", ""bats"": ""L"", ""obp"": 0.2835820895522388, ""slg"": 0.3305785123966942, ""iso"": 0.11570247933884298, ""ab"": 121}]","[{""id"": 672580, ""name"": ""Maikel Garcia"", ""bats"": ""R"", ""obp"": 0.3382352941176471, ""slg"": 0.4380165289256198, ""iso"": 0.1652892561983471, ""ab"": 121}, {""id"": 677951, ""name"": ""Bobby Witt Jr."", ""bats"": ""R"", ""obp"": 0.3624161073825503, ""slg"": 0.4153846153846154, ""iso"": 0.1307692307692308, ""ab"": 130}, {""id"": 686469, ""name"": ""Vinnie Pasquantino"", ""bats"": ""L"", ""obp"": 0.2781954887218045, ""slg"": 0.3482142857142857, ""iso"": 0.16964285714285712, ""ab"": 112}]","[{""name"": ""home_xera"", ""value"": 5.63, ""contribution"": 0.5547}, {""name"": ""away_top3c_slg"", ""value"": 0.4022, ""contribution"": 0.1307}, {""name"": ""wx_is_dome"", ""value"": 1.0, ""contribution"": -0.1048}, {""name"": ""away_top3c_iso"", ""value"": 0.1543, ""contribution"": -0.1016}, {""name"": ""era_gap_t1"", ""value"": 1.5805, ""contribution"": 0.0908}]","[{""name"": ""home_top3c_slg"", ""value"": 0.3618, ""contribution"": 0.1602}, {""name"": ""era_gap_b1"", ""value"": -1.5805, ""contribution"": -0.158}, {""name"": ""home_plate_ump_nrfi_rate"", ""value"": 0.5484, ""contribution"": 0.1565}, {""name"": ""home_top3c_iso"", ""value"": 0.1331, ""contribution"": -0.0995}, {""name"": ""home_top3c_obp"", ""value"": 0.2985, ""contribution"": -0.0949}]",623949,0.5484,5.63,4.38,39.0,78.0,0.6909,0.7136,4.47,5.53,0.6443,0.5803,L,R,NRFI,PASS,0,0,0,2026-05-03T20:53:04+00:00,-130,+100,DraftKings,2026-05-04T02:38:25+00:00,0.5652,0.5,-0.117,0.0518,,N,,,-130,+100,2026-05-03T19:54:41+00:00,,,,,0.3456,0.3684,0.5130,0.5833,0.2522,0.2407,
2026-05-03,2026,824364,1,,ATL,COL,3:10 PM ET,Spencer Strider,Kyle Freeland,675911,607536,ltd,live,live,live,1.22,0.5711,0.6335,1.2046,0.3868,0.4056,0.7924,0.4189,0.5811,0.339,0.661,,,YRFI,STRONG,STRONG YRFI,4,2026-05-04T02:36:04Z,4.388,4.477,1.362,1.316,4.28,3.839,3.55,2.15,1.38,1.11,9.29,7.11,0.332,0.319,0.445,0.401,5.321,4.301,23.9,14.0,11.0,0.0,0.8,0.8,0.7,0.8,0.3547,0.3645,0.5495,0.5013,0.2662,0.1964,lineup,lineup,"[{""id"": 666397, ""name"": ""Edouard Julien"", ""bats"": ""L"", ""obp"": 0.3854166666666667, ""slg"": 0.42168674698795183, ""iso"": 0.13253012048192775, ""ab"": 83}, {""id"": 666160, ""name"": ""Mickey Moniak"", ""bats"": ""L"", ""obp"": 0.3627450980392157, ""slg"": 0.6702127659574468, ""iso"": 0.35106382978723405, ""ab"": 94}, {""id"": 696100, ""name"": ""Hunter Goodman"", ""bats"": ""R"", ""obp"": 0.32558139534883723, ""slg"": 0.5431034482758621, ""iso"": 0.2931034482758621, ""ab"": 116}]","[{""id"": 643289, ""name"": ""Mauricio Dub\u00f3n"", ""bats"": ""R"", ""obp"": 0.3253968253968254, ""slg"": 0.42735042735042733, ""iso"": 0.1538461538461538, ""ab"": 117}, {""id"": 686948, ""name"": ""Drake Baldwin"", ""bats"": ""L"", ""obp"": 0.391025641025641, ""slg"": 0.5217391304347826, ""iso"": 0.21014492753623187, ""ab"": 138}, {""id"": 645277, ""name"": ""Ozzie Albies"", ""bats"": ""S"", ""obp"": 0.3698630136986301, ""slg"": 0.5454545454545454, ""iso"": 0.21969696969696967, ""ab"": 132}]","[{""name"": ""away_top3c_slg"", ""value"": 0.5013, ""contribution"": -0.1958}, {""name"": ""fi_park_nrfi_rate"", ""value"": 0.4303, ""contribution"": 0.1424}, {""name"": ""away_obp"", ""value"": 0.3319, ""contribution"": 0.1135}, {""name"": ""away_top3c_iso"", ""value"": 0.1964, ""contribution"": 0.0747}, {""name"": ""away_top3c_obp"", ""value"": 0.3645, ""contribution"": 0.0729}]","[{""name"": ""fi_park_nrfi_rate"", ""value"": 0.4303, ""contribution"": 0.2371}, {""name"": ""home_top3c_slg"", ""value"": 0.5495, ""contribution"": -0.2186}, {""name"": ""home_top3c_iso"", ""value"": 0.2662, ""contribution"": 0.1974}, {""name"": ""home_plate_ump_nrfi_rate"", ""value"": 0.4727, ""contribution"": -0.1627}, {""name"": ""away_pvt_nrfi_rate"", ""value"": 0.7396, ""contribution"": 0.0438}]",427344,0.4727,4.09,4.2,45.0,50.0,0.7309,0.7396,5.33,5.8,0.7893,0.9597,R,L,YRFI,WIN,0,1,1,2026-05-03T19:47:57+00:00,-105,-125,DraftKings,2026-05-03T17:46:14+00:00,0.5122,0.5556,-0.0933,0.0255,0.0255,Y,1,0.8,,,,,,,,0.3798,0.3939,0.5439,0.6102,0.2281,0.2881,
2026-05-03,2026,824769,1,,HOU,BOS,1:35 PM ET,Cody Bolton,Ranger Suarez,675989,624133,sm,live,live,live,1.05,0.4001,0.5234,0.9235,0.2854,0.471,0.7564,0.4493,0.5507,0.2361,0.7639,,,PASS,NO EDGE,PASS - No edge,4,2026-05-04T02:36:04Z,4.495,3.149,1.335,1.089,4.302,3.186,4.07,2.24,1.16,0.79,9.27,8.09,0.338,0.315,0.433,0.371,4.934,4.078,11.4,21.1,36.0,0.0,0.8,0.5,0.6,0.5,0.328,0.3941,0.36,0.5172,0.1354,0.2184,lineup,lineup,"[{""id"": 680776, ""name"": ""Jarren Duran"", ""bats"": ""L"", ""obp"": 0.23931623931623933, ""slg"": 0.2777777777777778, ""iso"": 0.10185185185185186, ""ab"": 108}, {""id"": 575929, ""name"": ""Willson Contreras"", ""bats"": ""R"", ""obp"": 0.3722627737226277, ""slg"": 0.47368421052631576, ""iso"": 0.21052631578947367, ""ab"": 114}, {""id"": 701350, ""name"": ""Roman Anthony"", ""bats"": ""L"", ""obp"": 0.3629032258064516, ""slg"": 0.32038834951456313, ""iso"": 0.08737864077669905, ""ab"": 103}]","[{""id"": 621043, ""name"": ""Carlos Correa"", ""bats"": ""R"", ""obp"": 0.3787878787878788, ""slg"": 0.4434782608695652, ""iso"": 0.14782608695652172, ""ab"": 115}, {""id"": 670541, ""name"": ""Yordan Alvarez"", ""bats"": ""L"", ""obp"": 0.43790849673202614, ""slg"": 0.6850393700787402, ""iso"": 0.3543307086614173, ""ab"": 127}, {""id"": 670623, ""name"": ""Isaac Paredes"", ""bats"": ""R"", ""obp"": 0.35537190082644626, ""slg"": 0.39622641509433965, ""iso"": 0.13207547169811323, ""ab"": 106}]","[{""name"": ""home_xera"", ""value"": 3.5, ""contribution"": -0.2683}, {""name"": ""away_top3c_slg"", ""value"": 0.5172, ""contribution"": -0.2483}, {""name"": ""away_top3c_iso"", ""value"": 0.2184, ""contribution"": 0.1669}, {""name"": ""away_obp"", ""value"": 0.3381, ""contribution"": 0.1602}, {""name"": ""away_top3c_obp"", ""value"": 0.3941, ""contribution"": 0.1586}]","[{""name"": ""home_top3c_slg"", ""value"": 0.36, ""contribution"": 0.1638}, {""name"": ""wx_wind_kmh"", ""value"": 21.1, ""contribution"": 0.1418}, {""name"": ""away_avg_ip_per_start"", ""value"": 2.6667, ""contribution"": 0.1404}, {""name"": ""era_gap_b1"", ""value"": 1.346, ""contribution"": 0.1346}, {""name"": ""wx_temp_c"", ""value"": 11.4, ""contribution"": -0.1153}]",427113,0.5139,3.5,4.17,16.0,36.0,0.664,0.7136,6.13,2.67,1.0277,0.6483,R,L,NRFI,PASS,0,0,0,2026-05-03T18:57:41+00:00,-120,-105,DraftKings,2026-05-04T02:38:25+00:00,0.5455,0.5122,-0.0962,0.0385,,N,,,-120,-105,2026-05-03T17:22:47+00:00,,,,,0.4122,0.3231,0.5294,0.3694,0.1765,0.1441,
2026-05-03,2026,825013,1,,CLE,OAK,4:05 PM ET,Parker Messick,Aaron Civale,800048,650644,ltd,live,live,live,0.93,0.411,0.3399,0.751,0.4042,0.2696,0.6739,0.4692,0.5308,0.1737,0.8263,,,PASS,NO EDGE,PASS - No edge,4,2026-05-04T02:36:04Z,2.774,4.098,1.085,1.277,3.029,4.03,2.55,2.71,0.7,1.17,9.14,7.6,0.321,0.324,0.395,0.404,4.321,4.349,20.0,10.0,60.0,0.0,0.6,1.0,0.5,0.8,0.3389,0.3493,0.3866,0.4113,0.1374,0.1662,lineup,lineup,"[{""id"": 805779, ""name"": ""Jacob Wilson"", ""bats"": ""R"", ""obp"": 0.30935251798561153, ""slg"": 0.4, ""iso"": 0.10370370370370374, ""ab"": 135}, {""id"": 667670, ""name"": ""Brent Rooker"", ""bats"": ""R"", ""obp"": 0.2361111111111111, ""slg"": 0.30158730158730157, ""iso"": 0.14285714285714285, ""ab"": 63}, {""id"": 701762, ""name"": ""Nick Kurtz"", ""bats"": ""L"", ""obp"": 0.4161073825503356, ""slg"": 0.41739130434782606, ""iso"": 0.17391304347826084, ""ab"": 115}]","[{""id"": 680757, ""name"": ""Steven Kwan"", ""bats"": ""L"", ""obp"": 0.32857142857142857, ""slg"": 0.2975206611570248, ""iso"": 0.06611570247933884, ""ab"": 121}, {""id"": 800050, ""name"": ""Chase DeLauter"", ""bats"": ""L"", ""obp"": 0.3888888888888889, ""slg"": 0.5277777777777778, ""iso"": 0.2314814814814815, ""ab"": 108}, {""id"": 608070, ""name"": ""Jos\u00e9 Ram\u00edrez"", ""bats"": ""S"", ""obp"": 0.33557046979865773, ""slg"": 0.42063492063492064, ""iso"": 0.20634920634920637, ""ab"": 126}]","[{""name"": ""home_xera"", ""value"": 4.53, ""contribution"": 0.1297}, {""name"": ""fi_park_nrfi_rate"", ""value"": 0.4448, ""contribution"": 0.1115}, {""name"": ""away_top3c_slg"", ""value"": 0.4113, ""contribution"": 0.1008}, {""name"": ""era_gap_t1"", ""value"": 1.3241, ""contribution"": 0.0761}, {""name"": ""home_p_last10_pitcher_nrfi"", ""value"": 0.5, ""contribution"": -0.0587}]","[{""name"": ""away_xera"", ""value"": 2.66, ""contribution"": -0.2772}, {""name"": ""fi_park_nrfi_rate"", ""value"": 0.4448, ""contribution"": 0.1857}, {""name"": ""era_gap_b1"", ""value"": -1.3241, ""contribution"": -0.1324}, {""name"": ""away_fip"", ""value"": 3.0294, ""contribution"": 0.1118}, {""name"": ""home_top3c_slg"", ""value"": 0.3866, ""contribution"": 0.1101}]",483564,0.5037,4.53,2.66,23.0,52.0,0.6942,0.7136,5.13,6.07,0.6943,0.6497,L,R,NRFI,PASS,0,0,0,2026-05-03T20:53:04+00:00,-110,-120,DraftKings,2026-05-04T02:38:25+00:00,0.5238,0.5455,-0.0546,-0.0147,,N,,,-110,-120,2026-05-03T19:54:41+00:00,,,,,0.4031,0.3556,0.3796,0.4655,0.0926,0.1897,
2026-05-03,2026,822987,1,,SF,TB,1:40 PM ET,Tyler Mahle,Steven Matz,641816,571927,live,live,live,live,0.93,0.3647,0.5002,0.8649,0.2712,0.4179,0.6891,0.4692,0.5308,0.2147,0.7853,,,PASS,NO EDGE,PASS - No edge,4,2026-05-04T02:36:04Z,4.092,3.841,1.364,1.138,4.383,4.217,3.93,2.51,1.18,1.34,7.97,7.73,0.298,0.323,0.375,0.391,3.578,4.505,,,,1.0,0.6,0.6,0.625,0.7,0.3375,0.2992,0.4337,0.3988,0.1657,0.1416,lineup,lineup,"[{""id"": 802415, ""name"": ""Chandler Simpson"", ""bats"": ""L"", ""obp"": 0.34328358208955223, ""slg"": 0.352, ""iso"": 0.03999999999999998, ""ab"": 125}, {""id"": 691406, ""name"": ""Junior Caminero"", ""bats"": ""R"", ""obp"": 0.3333333333333333, ""slg"": 0.5040650406504065, ""iso"": 0.24390243902439018, ""ab"": 123}, {""id"": 666018, ""name"": ""Jonathan Aranda"", ""bats"": ""L"", ""obp"": 0.3357664233576642, ""slg"": 0.4473684210526316, ""iso"": 0.2192982456140351, ""ab"": 114}]","[{""id"": 671218, ""name"": ""Heliot Ramos"", ""bats"": ""R"", ""obp"": 0.30952380952380953, ""slg"": 0.4067796610169492, ""iso"": 0.13559322033898308, ""ab"": 118}, {""id"": 646240, ""name"": ""Rafael Devers"", ""bats"": ""L"", ""obp"": 0.25, ""slg"": 0.296875, ""iso"": 0.0859375, ""ab"": 128}, {""id"": 669477, ""name"": ""Casey Schmitt"", ""bats"": ""R"", ""obp"": 0.3486238532110092, ""slg"": 0.52, ""iso"": 0.22000000000000003, ""ab"": 100}]","[{""name"": ""home_xera"", ""value"": 4.78, ""contribution"": 0.2263}, {""name"": ""away_top3c_iso"", ""value"": 0.1416, ""contribution"": -0.1545}, {""name"": ""away_top3c_slg"", ""value"": 0.3988, ""contribution"": 0.1418}, {""name"": ""away_obp"", ""value"": 0.2981, ""contribution"": -0.139}, {""name"": ""fi_park_nrfi_rate"", ""value"": 0.4376, ""contribution"": 0.1269}]","[{""name"": ""fi_park_nrfi_rate"", ""value"": 0.4376, ""contribution"": 0.2112}, {""name"": ""away_xera"", ""value"": 5.27, ""contribution"": 0.1908}, {""name"": ""home_plate_ump_nrfi_rate"", ""value"": 0.4859, ""contribution"": -0.1071}, {""name"": ""wx_is_dome"", ""value"": 1.0, ""contribution"": -0.0598}, {""name"": ""away_p_last5_pitcher_nrfi"", ""value"": 0.6, ""contribution"": 0.0476}]",544728,0.4859,4.78,5.27,41.0,19.0,0.6942,0.7396,5.27,5.33,0.9140,0.7870,R,L,YRFI,PASS,1,0,1,2026-05-03T18:57:41+00:00,-130,+100,DraftKings,2026-05-04T02:38:25+00:00,0.5652,0.5,-0.096,0.0308,,N,,,-130,+100,2026-05-03T17:22:47+00:00,,,,,0.2881,0.3162,0.4167,0.4952,0.1667,0.2381,
2026-05-03,2026,823065,1,,LAD,STL,2:15 PM ET,Justin Wrobleski,Dustin May,680736,669160,ltd,live,live,live,0.97,0.5123,0.3821,0.8944,0.3263,0.4008,0.7271,0.4552,0.5448,0.2255,0.7745,,,PASS,NO EDGE,PASS - No edge,4,2026-05-04T02:36:04Z,3.081,5.102,1.124,1.469,3.229,4.169,2.71,3.07,0.56,1.2,7.47,7.6,0.339,0.324,0.433,0.41,4.953,4.828,23.9,22.9,30.0,0.0,0.2,0.6,0.5,0.5,0.3846,0.3476,0.4932,0.4236,0.2234,0.1671,lineup,lineup,"[{""id"": 802139, ""name"": ""JJ Wetherholt"", ""bats"": ""L"", ""obp"": 0.35526315789473684, ""slg"": 0.4444444444444444, ""iso"": 0.20634920634920634, ""ab"": 126}, {""id"": 671056, ""name"": ""Iv\u00e1n Herrera"", ""bats"": ""R"", ""obp"": 0.42105263157894735, ""slg"": 0.42735042735042733, ""iso"": 0.17094017094017094, ""ab"": 117}, {""id"": 691023, ""name"": ""Jordan Walker"", ""bats"": ""R"", ""obp"": 0.37681159420289856, ""slg"": 0.6048387096774194, ""iso"": 0.2903225806451613, ""ab"": 124}]","[{""id"": 660271, ""name"": ""Shohei Ohtani"", ""bats"": ""L"", ""obp"": 0.38095238095238093, ""slg"": 0.453781512605042, ""iso"": 0.20168067226890757, ""ab"": 119}, {""id"": 518692, ""name"": ""Freddie Freeman"", ""bats"": ""L"", ""obp"": 0.33088235294117646, ""slg"": 0.4112903225806452, ""iso"": 0.14516129032258068, ""ab"": 124}, {""id"": 606192, ""name"": ""Teoscar Hern\u00e1ndez"", ""bats"": ""R"", ""obp"": 0.3247863247863248, ""slg"": 0.40384615384615385, ""iso"": 0.15384615384615385, ""ab"": 104}]","[{""name"": ""away_obp"", ""value"": 0.3393, ""contribution"": 0.1691}, {""name"": ""era_gap_t1"", ""value"": 2.021, ""contribution"": 0.1161}, {""name"": ""wx_wind_kmh"", ""value"": 22.9, ""contribution"": 0.081}, {""name"": ""home_xera"", ""value"": 4.03, ""contribution"": -0.0635}, {""name"": ""away_top3c_slg"", ""value"": 0.4236, ""contribution"": 0.0601}]","[{""name"": ""era_gap_b1"", ""value"": -2.021, ""contribution"": -0.2021}, {""name"": ""wx_wind_kmh"", ""value"": 22.9, ""contribution"": 0.1701}, {""name"": ""home_plate_ump_nrfi_rate"", ""value"": 0.5497, ""contribution"": 0.162}, {""name"": ""home_top3c_obp"", ""value"": 0.3846, ""contribution"": 0.1064}, {""name"": ""home_top3c_slg"", ""value"": 0.4932, ""contribution"": -0.105}]",605671,0.5497,4.03,3.71,3.0,2.0,0.7136,0.7396,5.33,6.4,0.7667,0.9057,L,R,NRFI,PASS,0,0,0,2026-05-03T18:57:41+00:00,+105,-135,DraftKings,2026-05-04T02:38:25+00:00,0.4878,0.5745,-0.0326,-0.0297,,N,,,+105,-135,2026-05-03T17:46:14+00:00,,,,,0.3125,0.3852,0.2679,0.5776,0.0536,0.2845,
2026-05-03,2026,824043,1,,NYM,LAA,4:07 PM ET,Clay Holmes,Jack Kochanowicz,605280,686799,live,live,live,live,0.99,0.492,0.438,0.93,0.2654,0.4731,0.7385,0.4493,0.5507,0.2385,0.7615,,,PASS,NO EDGE,PASS - No edge,4,2026-05-04T02:36:04Z,2.687,4.97,1.144,1.473,3.778,4.744,3.2,4.61,0.76,1.01,6.66,6.12,0.298,0.325,0.364,0.398,3.745,4.566,20.2,18.3,53.0,0.0,0.8,1.0,0.6,0.8,0.3565,0.3386,0.4332,0.4181,0.1952,0.1422,lineup,lineup,"[{""id"": 687263, ""name"": ""Zach Neto"", ""bats"": ""R"", ""obp"": 0.3333333333333333, ""slg"": 0.3897058823529412, ""iso"": 0.16911764705882354, ""ab"": 136}, {""id"": 545361, ""name"": ""Mike Trout"", ""bats"": ""R"", ""obp"": 0.43137254901960786, ""slg"": 0.5555555555555556, ""iso"": 0.2991452991452992, ""ab"": 117}, {""id"": 694384, ""name"": ""Nolan Schanuel"", ""bats"": ""L"", ""obp"": 0.29850746268656714, ""slg"": 0.36363636363636365, ""iso"": 0.12396694214876033, ""ab"": 121}]","[{""id"": 666182, ""name"": ""Bo Bichette"", ""bats"": ""R"", ""obp"": 0.27586206896551724, ""slg"": 0.31851851851851853, ""iso"": 0.08148148148148149, ""ab"": 135}, {""id"": 665742, ""name"": ""Juan Soto"", ""bats"": ""L"", ""obp"": 0.44155844155844154, ""slg"": 0.5384615384615384, ""iso"": 0.19999999999999996, ""ab"": 65}, {""id"": 596103, ""name"": ""Austin Slater"", ""bats"": ""R"", ""obp"": 0.3142857142857143, ""slg"": 0.26666666666666666, ""iso"": 0.033333333333333326, ""ab"": 30}]","[{""name"": ""home_xera"", ""value"": 4.62, ""contribution"": 0.1645}, {""name"": ""away_top3c_iso"", ""value"": 0.1422, ""contribution"": -0.1519}, {""name"": ""home_plate_ump_nrfi_rate"", ""value"": 0.6177, ""contribution"": -0.1509}, {""name"": ""away_obp"", ""value"": 0.2981, ""contribution"": -0.139}, {""name"": ""era_gap_t1"", ""value"": 2.2828, ""contribution"": 0.1312}]","[{""name"": ""home_plate_ump_nrfi_rate"", ""value"": 0.6177, ""contribution"": 0.4488}, {""name"": ""era_gap_b1"", ""value"": -2.2828, ""contribution"": -0.2282}, {""name"": ""fi_park_nrfi_rate"", ""value"": 0.4603, ""contribution"": 0.1305}, {""name"": ""away_p_last5_pitcher_nrfi"", ""value"": 1.0, ""contribution"": -0.1047}, {""name"": ""wx_wind_kmh"", ""value"": 18.3, ""contribution"": 0.0977}]",482620,0.6177,4.62,3.92,35.0,31.0,0.7136,0.7136,6.2,6.07,0.7660,0.8173,R,R,YRFI,PASS,0,1,1,2026-05-03T20:53:04+00:00,-105,-120,DraftKings,2026-05-04T02:38:25+00:00,0.5122,0.5455,-0.0629,0.0052,,N,,,-105,-120,2026-05-03T19:54:41+00:00,,,,,0.3925,0.3333,0.4505,0.4052,0.1538,0.1638,
2026-05-03,2026,823555,1,,BAL,NYY,1:35 PM ET,Trey Gibson,Max Fried,694346,608331,avg,live,live,live,1.02,0.303,0.5255,0.8285,0.1664,0.5959,0.7623,0.4493,0.5507,0.2015,0.7985,,,PASS,NO DATA,PASS - No data,3,2026-05-04T02:36:04Z,4.2,2.444,1.25,0.938,4.2,2.712,3.2,2.32,1.2,0.4,8.9,7.83,0.317,0.328,0.398,0.431,4.536,4.911,15.1,17.0,22.0,0.0,0.6,0.5,0.8,0.5,0.386,0.3716,0.5679,0.4534,0.3148,0.1897,lineup,lineup,"[{""id"": 663757, ""name"": ""Trent Grisham"", ""bats"": ""L"", ""obp"": 0.3089430894308943, ""slg"": 0.36633663366336633, ""iso"": 0.198019801980198, ""ab"": 101}, {""id"": 502671, ""name"": ""Paul Goldschmidt"", ""bats"": ""R"", ""obp"": 0.2894736842105263, ""slg"": 0.375, ""iso"": 0.21875, ""ab"": 32}, {""id"": 680474, ""name"": ""Max Schuemann"", ""bats"": ""R"", ""obp"": 0.5, ""slg"": 0.0, ""iso"": 0.0, ""ab"": 1}]","[{""id"": 621493, ""name"": ""Taylor Ward"", ""bats"": ""R"", ""obp"": 0.4276315789473684, ""slg"": 0.4262295081967213, ""iso"": 0.13114754098360654, ""ab"": 122}, {""id"": 668939, ""name"": ""Adley Rutschman"", ""bats"": ""S"", ""obp"": 0.3611111111111111, ""slg"": 0.582089552238806, ""iso"": 0.26865671641791045, ""ab"": 67}, {""id"": 624413, ""name"": ""Pete Alonso"", ""bats"": ""R"", ""obp"": 0.31690140845070425, ""slg"": 0.4098360655737705, ""iso"": 0.20491803278688525, ""ab"": 122}]","[{""name"": ""home_xera"", ""value"": 2.21, ""contribution"": -0.7667}, {""name"": ""home_fip"", ""value"": 2.7118, ""contribution"": 0.1772}, {""name"": ""era_gap_t1"", ""value"": -1.7564, ""contribution"": -0.1009}, {""name"": ""away_top3c_obp"", ""value"": 0.3716, ""contribution"": 0.0934}, {""name"": ""home_avg_ip_per_start"", ""value"": 6.8, ""contribution"": -0.081}]","[{""name"": ""home_top3c_iso"", ""value"": 0.3148, ""contribution"": 0.3058}, {""name"": ""home_top3c_slg"", ""value"": 0.5679, ""contribution"": -0.2557}, {""name"": ""home_plate_ump_nrfi_rate"", ""value"": 0.5564, ""contribution"": 0.1903}, {""name"": ""era_gap_b1"", ""value"": 1.7564, ""contribution"": 0.1756}, {""name"": ""home_top3c_obp"", ""value"": 0.386, ""contribution"": 0.1096}]",427315,0.5564,2.21,4.2,36.0,50.0,0.7197,0.7136,6.8,5.0,0.6987,0.8067,R,L,YRFI,PASS,0,1,1,2026-05-03T18:57:41+00:00,-115,-115,DraftKings,2026-05-04T02:38:25+00:00,0.5349,0.5349,-0.0856,0.0158,,N,,,-115,-115,2026-05-03T17:22:47+00:00,,,,,0.3858,0.2800,0.5505,0.3214,0.2661,0.1667,
2026-05-04,2026,824283,1,,BOS,DET,6:10 PM ET,Payton Tolle,Tyler Holton,801139,663947,sm,ltd,live,live,0.98,0.4729,0.4706,0.9435,0.6544,0.2667,0.9211,0.3947,0.6053,0.2435,0.7565,,,YRFI,STRONG,STRONG YRFI,4,2026-05-05T02:30:53Z,4.033,4.201,1.205,1.308,3.937,4.691,3.45,3.15,1.14,1.5,9.78,7.63,0.316,0.328,0.372,0.409,4.015,4.495,24.2,24.2,41.0,0.0,0.8,0.6,0.7143,0.6,0.2929,0.3333,0.4354,0.3776,0.201,0.1445,lineup,lineup,"[{""id"": 681481, ""name"": ""Kerry Carpenter"", ""bats"": ""L"", ""obp"": 0.30275229357798167, ""slg"": 0.46808510638297873, ""iso"": 0.25531914893617025, ""ab"": 94}, {""id"": 663837, ""name"": ""Matt Vierling"", ""bats"": ""R"", ""obp"": 0.2692307692307692, ""slg"": 0.35714285714285715, ""iso"": 0.14285714285714288, ""ab"": 70}, {""id"": 693307, ""name"": ""Dillon Dingler"", ""bats"": ""R"", ""obp"": 0.33035714285714285, ""slg"": 0.49504950495049505, ""iso"": 0.2376237623762376, ""ab"": 101}]","[{""id"": 680776, ""name"": ""Jarren Duran"", ""bats"": ""L"", ""obp"": 0.2459016393442623, ""slg"": 0.30973451327433627, ""iso"": 0.12389380530973448, ""ab"": 113}, {""id"": 575929, ""name"": ""Willson Contreras"", ""bats"": ""R"", ""obp"": 0.3873239436619718, ""slg"": 0.4915254237288136, ""iso"": 0.21186440677966106, ""ab"": 118}, {""id"": 547973, ""name"": ""Aroldis Chapman"", ""bats"": ""L"", ""obp"": null, ""slg"": null, ""iso"": null, ""ab"": null}]","[{""name"": ""home_xera"", ""value"": 6.23, ""contribution"": 0.7865}, {""name"": ""home_avg_ip_per_start"", ""value"": 1.2, ""contribution"": 0.2261}, {""name"": ""away_top3c_slg"", ""value"": 0.3776, ""contribution"": 0.2118}, {""name"": ""away_top3c_iso"", ""value"": 0.1445, ""contribution"": -0.1423}, {""name"": ""home_fip"", ""value"": 4.6914, ""contribution"": -0.097}]","[{""name"": ""away_xera"", ""value"": 1.79, ""contribution"": -0.4332}, {""name"": ""wx_wind_kmh"", ""value"": 24.2, ""contribution"": 0.1906}, {""name"": ""home_top3c_obp"", ""value"": 0.2929, ""contribution"": -0.1079}, {""name"": ""fi_park_nrfi_rate"", ""value"": 0.5258, ""contribution"": -0.102}, {""name"": ""away_avg_ip_per_start"", ""value"": 4.2, ""contribution"": 0.0607}]",427248,0.5131,6.23,1.79,14.0,92.0,0.7136,0.7136,1.2,4.2,0.7763,0.6697,L,L,NRFI,LOSS,0,0,0,2026-05-04T22:43:44+00:00,-135,+100,DraftKings,2026-05-04T21:44:21+00:00,0.5745,0.5,-0.1798,0.1053,0.1053,Y,1,-1,,,,,,,,0.2955,0.2547,0.4557,0.3542,0.2152,0.1667,
2026-05-04,2026,823064,1,,MIL,STL,7:45 PM ET,Chad Patrick,Kyle Leahy,694477,681517,live,live,live,live,0.97,0.4882,0.463,0.9512,0.7206,0.3791,1.0997,0.3759,0.6241,0.2463,0.7537,,,YRFI,STRONG,STRONG YRFI,4,2026-05-05T02:30:53Z,3.137,4.276,1.268,1.418,3.761,4.186,3.5,3.14,0.84,1.18,7.76,7.71,0.33,0.323,0.373,0.406,4.974,4.75,26.1,22.1,43.0,0.0,1.0,0.8,0.8571,0.8,0.3769,0.4064,0.4406,0.4279,0.1847,0.1642,lineup,lineup,"[{""id"": 802139, ""name"": ""JJ Wetherholt"", ""bats"": ""L"", ""obp"": 0.3525641025641026, ""slg"": 0.43846153846153846, ""iso"": 0.19999999999999998, ""ab"": 130}, {""id"": 671056, ""name"": ""Iv\u00e1n Herrera"", ""bats"": ""R"", ""obp"": 0.4166666666666667, ""slg"": 0.4166666666666667, ""iso"": 0.16666666666666669, ""ab"": 120}, {""id"": 676475, ""name"": ""Alec Burleson"", ""bats"": ""L"", ""obp"": 0.36054421768707484, ""slg"": 0.46511627906976744, ""iso"": 0.18604651162790697, ""ab"": 129}]","[{""id"": 669003, ""name"": ""Garrett Mitchell"", ""bats"": ""L"", ""obp"": 0.3805309734513274, ""slg"": 0.3516483516483517, ""iso"": 0.1208791208791209, ""ab"": 91}, {""id"": 694192, ""name"": ""Jackson Chourio"", ""bats"": ""R"", ""obp"": null, ""slg"": null, ""iso"": null, ""ab"": null}, {""id"": 668930, ""name"": ""Brice Turang"", ""bats"": ""L"", ""obp"": 0.427536231884058, ""slg"": 0.4909090909090909, ""iso"": 0.2, ""ab"": 110}]","[{""name"": ""home_xera"", ""value"": 5.96, ""contribution"": 0.6822}, {""name"": ""away_top3c_obp"", ""value"": 0.4064, ""contribution"": 0.1942}, {""name"": ""away_obp"", ""value"": 0.3297, ""contribution"": 0.0972}, {""name"": ""wx_wind_kmh"", ""value"": 22.1, ""contribution"": 0.075}, {""name"": ""era_gap_t1"", ""value"": 1.1389, ""contribution"": 0.0654}]","[{""name"": ""wx_wind_kmh"", ""value"": 22.1, ""contribution"": 0.1575}, {""name"": ""era_gap_b1"", ""value"": -1.1389, ""contribution"": -0.1139}, {""name"": ""fi_park_nrfi_rate"", ""value"": 0.5235, ""contribution"": -0.0939}, {""name"": ""home_top3c_obp"", ""value"": 0.3769, ""contribution"": 0.0884}, {""name"": ""home_plate_ump_nrfi_rate"", ""value"": 0.499, ""contribution"": -0.0518}]",621660,0.499,5.96,4.2,19.0,32.0,0.7136,0.7272,4.87,4.8,0.8423,0.8130,R,R,NRFI,LOSS,0,0,0,2026-05-05T01:17:01+00:00,-110,-120,DraftKings,2026-05-04T22:46:07+00:00,0.5238,0.5455,-0.1479,0.0786,0.0786,Y,1,-1,-110,-120,2026-05-04T21:56:30+00:00,0,,,,0.3046,0.3852,0.2920,0.5478,0.0885,0.2696,
2026-05-04,2026,823143,1,,ATL,SEA,9:40 PM ET,JR Ritchie,Logan Gilbert,702275,669302,sm,live,live,live,0.95,0.3923,0.4886,0.8809,0.2691,0.2954,0.5645,0.5347,0.4653,0.2205,0.7795,,,PASS,NO EDGE,PASS - No edge,4,2026-05-05T02:30:53Z,3.903,3.727,1.262,1.157,4.616,3.102,3.49,2.02,1.44,1.17,8.73,10.6,0.335,0.318,0.449,0.387,5.435,4.195,,,,1.0,0.4,0.5,0.5,0.5,0.3235,0.3851,0.3511,0.5711,0.118,0.2554,lineup,lineup,"[{""id"": 641487, ""name"": ""J.P. Crawford"", ""bats"": ""L"", ""obp"": 0.3565217391304348, ""slg"": 0.3010752688172043, ""iso"": 0.0967741935483871, ""ab"": 93}, {""id"": 677594, ""name"": ""Julio Rodr\u00edguez"", ""bats"": ""R"", ""obp"": 0.3355263157894737, ""slg"": 0.4057971014492754, ""iso"": 0.13768115942028986, ""ab"": 138}, {""id"": 647304, ""name"": ""Josh Naylor"", ""bats"": ""L"", ""obp"": 0.2826086956521739, ""slg"": 0.328, ""iso"": 0.11200000000000002, ""ab"": 125}]","[{""id"": 686948, ""name"": ""Drake Baldwin"", ""bats"": ""L"", ""obp"": 0.391304347826087, ""slg"": 0.5174825174825175, ""iso"": 0.2027972027972028, ""ab"": 143}, {""id"": 645277, ""name"": ""Ozzie Albies"", ""bats"": ""S"", ""obp"": 0.3841059602649007, ""slg"": 0.5481481481481482, ""iso"": 0.21481481481481485, ""ab"": 135}, {""id"": 621566, ""name"": ""Matt Olson"", ""bats"": ""L"", ""obp"": 0.379746835443038, ""slg"": 0.6496350364963503, ""iso"": 0.3503649635036496, ""ab"": 137}]","[{""name"": ""away_top3c_slg"", ""value"": 0.5711, ""contribution"": -0.4257}, {""name"": ""away_top3c_iso"", ""value"": 0.2554, ""contribution"": 0.3219}, {""name"": ""home_xera"", ""value"": 3.74, ""contribution"": -0.1755}, {""name"": ""away_obp"", ""value"": 0.3348, ""contribution"": 0.1354}, {""name"": ""away_top3c_obp"", ""value"": 0.3851, ""contribution"": 0.1326}]","[{""name"": ""home_top3c_slg"", ""value"": 0.3511, ""contribution"": 0.1817}, {""name"": ""home_top3c_iso"", ""value"": 0.118, ""contribution"": -0.1333}, {""name"": ""away_p_last5_pitcher_nrfi"", ""value"": 0.5, ""contribution"": 0.0856}, {""name"": ""away_fip"", ""value"": 4.6163, ""contribution"": -0.073}, {""name"": ""wx_is_dome"", ""value"": 1.0, ""contribution"": -0.0598}]",427013,0.504,3.74,4.2,75.0,50.0,0.6487,0.7136,5.47,6.17,0.9210,0.6657,R,R,YRFI,PASS,1,0,1,2026-05-05T02:16:53+00:00,-130,+100,DraftKings,2026-05-05T02:33:14+00:00,0.5652,0.5,-0.0305,-0.0347,,N,,,-130,+100,2026-05-05T00:03:18+00:00,,,,,0.4526,0.3507,0.6838,0.4754,0.2991,0.1803,
2026-05-04,2026,824120,1,,CLE,KC,7:40 PM ET,Tanner Bibee,Michael Wacha,676440,608379,live,live,live,live,0.96,0.3864,0.474,0.8604,0.3241,0.3178,0.642,0.4802,0.5198,0.213,0.787,,,PASS,NO EDGE,PASS - No edge,4,2026-05-05T02:30:53Z,4.165,3.509,1.328,1.177,4.225,3.698,3.1,2.85,1.31,0.87,8.1,7.27,0.321,0.319,0.393,0.395,4.255,4.219,28.2,14.5,27.0,0.0,0.8,0.8,0.8,0.8,0.3256,0.3384,0.3968,0.3964,0.1481,0.1568,lineup,lineup,"[{""id"": 672580, ""name"": ""Maikel Garcia"", ""bats"": ""R"", ""obp"": 0.3333333333333333, ""slg"": 0.42857142857142855, ""iso"": 0.15873015873015872, ""ab"": 126}, {""id"": 677951, ""name"": ""Bobby Witt Jr."", ""bats"": ""R"", ""obp"": 0.35714285714285715, ""slg"": 0.4074074074074074, ""iso"": 0.12592592592592589, ""ab"": 135}, {""id"": 686469, ""name"": ""Vinnie Pasquantino"", ""bats"": ""L"", ""obp"": 0.2826086956521739, ""slg"": 0.3504273504273504, ""iso"": 0.16239316239316237, ""ab"": 117}]","[{""id"": 680757, ""name"": ""Steven Kwan"", ""bats"": ""L"", ""obp"": 0.3194444444444444, ""slg"": 0.288, ""iso"": 0.06399999999999997, ""ab"": 125}, {""id"": 682177, ""name"": ""Daniel Schneemann"", ""bats"": ""L"", ""obp"": 0.3655913978494624, ""slg"": 0.5238095238095238, ""iso"": 0.22619047619047622, ""ab"": 84}, {""id"": 608070, ""name"": ""Jos\u00e9 Ram\u00edrez"", ""bats"": ""S"", ""obp"": 0.33986928104575165, ""slg"": 0.4186046511627907, ""iso"": 0.20155038759689925, ""ab"": 129}]","[{""name"": ""home_xera"", ""value"": 4.59, ""contribution"": 0.1529}, {""name"": ""away_top3c_slg"", ""value"": 0.3964, ""contribution"": 0.1496}, {""name"": ""fi_park_nrfi_rate"", ""value"": 0.5604, ""contribution"": -0.1351}, {""name"": ""away_top3c_iso"", ""value"": 0.1568, ""contribution"": -0.0909}, {""name"": ""home_avg_ip_per_start"", ""value"": 6.2667, ""contribution"": -0.0517}]","[{""name"": ""fi_park_nrfi_rate"", ""value"": 0.5604, ""contribution"": -0.2249}, {""name"": ""home_top3c_slg"", ""value"": 0.3968, ""contribution"": 0.0895}, {""name"": ""wx_temp_c"", ""value"": 28.2, ""contribution"": 0.0715}, {""name"": ""home_top3c_iso"", ""value"": 0.1481, ""contribution"": -0.066}, {""name"": ""era_gap_b1"", ""value"": 0.6565, ""contribution"": 0.0657}]",483569,0.5176,4.59,4.23,59.0,64.0,0.7508,0.6909,6.27,5.27,0.7697,0.6443,R,R,NRFI,PASS,0,0,0,2026-05-04T23:57:58+00:00,-120,-110,DraftKings,2026-05-05T02:33:14+00:00,0.5455,0.5238,-0.0653,-0.004,,N,,,-120,-110,2026-05-04T21:56:30+00:00,,,,,0.3388,0.3551,0.3462,0.5126,0.1154,0.2353,
2026-05-04,2026,824201,1,,LAD,HOU,8:10 PM ET,Yoshinobu Yamamoto,Steven Okert,808967,595345,live,ltd,live,live,0.99,0.4339,0.3998,0.8337,0.3909,0.3046,0.6955,0.4658,0.5342,0.2034,0.7966,,,PASS,NO EDGE,PASS - No edge,4,2026-05-05T02:30:53Z,2.673,3.686,1.0,1.081,3.166,3.662,2.64,2.96,0.84,1.01,9.14,8.85,0.34,0.339,0.432,0.432,4.934,4.895,,,,1.0,1.0,0.6,1.0,0.7,0.3919,0.3526,0.5083,0.4133,0.2139,0.1532,lineup,lineup,"[{""id"": 621043, ""name"": ""Carlos Correa"", ""bats"": ""R"", ""obp"": 0.3795620437956204, ""slg"": 0.4322033898305085, ""iso"": 0.1440677966101695, ""ab"": 118}, {""id"": 670541, ""name"": ""Yordan Alvarez"", ""bats"": ""L"", ""obp"": 0.43037974683544306, ""slg"": 0.6666666666666666, ""iso"": 0.3409090909090909, ""ab"": 132}, {""id"": 670623, ""name"": ""Isaac Paredes"", ""bats"": ""R"", ""obp"": 0.35714285714285715, ""slg"": 0.4, ""iso"": 0.1363636363636364, ""ab"": 110}]","[{""id"": 660271, ""name"": ""Shohei Ohtani"", ""bats"": ""L"", ""obp"": 0.3815789473684211, ""slg"": 0.4426229508196721, ""iso"": 0.19672131147540983, ""ab"": 122}, {""id"": 518692, ""name"": ""Freddie Freeman"", ""bats"": ""L"", ""obp"": 0.3333333333333333, ""slg"": 0.4186046511627907, ""iso"": 0.1472868217054264, ""ab"": 129}, {""id"": 669257, ""name"": ""Will Smith"", ""bats"": ""R"", ""obp"": 0.3364485981308411, ""slg"": 0.3684210526315789, ""iso"": 0.10526315789473684, ""ab"": 95}]","[{""name"": ""home_avg_ip_per_start"", ""value"": 1.6667, ""contribution"": 0.2005}, {""name"": ""away_obp"", ""value"": 0.3402, ""contribution"": 0.1757}, {""name"": ""home_xera"", ""value"": 3.74, ""contribution"": -0.1755}, {""name"": ""away_top3c_iso"", ""value"": 0.1532, ""contribution"": -0.1061}, {""name"": ""wx_is_dome"", ""value"": 1.0, ""contribution"": -0.1048}]","[{""name"": ""home_top3c_slg"", ""value"": 0.5083, ""contribution"": -0.1355}, {""name"": ""home_top3c_obp"", ""value"": 0.3919, ""contribution"": 0.1235}, {""name"": ""era_gap_b1"", ""value"": -1.0134, ""contribution"": -0.1013}, {""name"": ""away_fip"", ""value"": 3.1657, ""contribution"": 0.0959}, {""name"": ""home_plate_ump_nrfi_rate"", ""value"": 0.4901, ""contribution"": -0.0894}]",483919,0.4901,3.74,3.95,33.0,75.0,0.7136,0.7136,1.67,6.33,0.7807,0.8570,R,L,YRFI,PASS,1,2,3,2026-05-05T01:17:01+00:00,-125,-105,DraftKings,2026-05-05T02:33:14+00:00,0.5556,0.5122,-0.0898,0.022,,N,,,-125,-105,2026-05-05T00:03:18+00:00,,,,,0.2835,0.3939,0.2743,0.5000,0.0796,0.1780,
2026-05-04,2026,824039,1,,CWS,LAA,9:38 PM ET,Davis Martin,José Soriano,663436,667755,live,live,live,live,0.99,0.3894,0.4161,0.8055,0.3148,0.4833,0.7981,0.4086,0.5914,0.1932,0.8068,,,YRFI,STRONG,STRONG YRFI,4,2026-05-05T02:30:53Z,3.067,2.504,1.189,1.164,3.608,3.214,2.51,3.77,0.89,0.64,7.28,9.3,0.319,0.324,0.39,0.394,4.301,4.495,19.4,21.1,51.0,0.0,0.8,0.8,0.8,0.7,0.3581,0.3606,0.4297,0.4759,0.1901,0.2483,lineup,lineup,"[{""id"": 687263, ""name"": ""Zach Neto"", ""bats"": ""R"", ""obp"": 0.3312883435582822, ""slg"": 0.381294964028777, ""iso"": 0.1654676258992806, ""ab"": 139}, {""id"": 545361, ""name"": ""Mike Trout"", ""bats"": ""R"", ""obp"": 0.43312101910828027, ""slg"": 0.55, ""iso"": 0.2916666666666667, ""ab"": 120}, {""id"": 694384, ""name"": ""Nolan Schanuel"", ""bats"": ""L"", ""obp"": 0.30434782608695654, ""slg"": 0.368, ""iso"": 0.12, ""ab"": 125}]","[{""id"": 803011, ""name"": ""Sam Antonacci"", ""bats"": ""L"", ""obp"": 0.36065573770491804, ""slg"": 0.43137254901960786, ""iso"": 0.17647058823529416, ""ab"": 51}, {""id"": 808959, ""name"": ""Munetaka Murakami"", ""bats"": ""L"", ""obp"": 0.3624161073825503, ""slg"": 0.5454545454545454, ""iso"": 0.3223140495867768, ""ab"": 121}, {""id"": 678246, ""name"": ""Miguel Vargas"", ""bats"": ""R"", ""obp"": 0.3586206896551724, ""slg"": 0.423728813559322, ""iso"": 0.20338983050847456, ""ab"": 118}]","[{""name"": ""home_xera"", ""value"": 3.07, ""contribution"": -0.4344}, {""name"": ""away_top3c_iso"", ""value"": 0.2483, ""contribution"": 0.292}, {""name"": ""away_top3c_slg"", ""value"": 0.4759, ""contribution"": -0.112}, {""name"": ""home_fip"", ""value"": 3.2138, ""contribution"": 0.1077}, {""name"": ""fi_park_nrfi_rate"", ""value"": 0.4508, ""contribution"": 0.0988}]","[{""name"": ""fi_park_nrfi_rate"", ""value"": 0.4508, ""contribution"": 0.1644}, {""name"": ""wx_wind_kmh"", ""value"": 21.1, ""contribution"": 0.1418}, {""name"": ""era_gap_b1"", ""value"": 0.5626, ""contribution"": 0.0563}, {""name"": ""away_avg_ip_per_start"", ""value"": 6.4, ""contribution"": -0.0537}, {""name"": ""away_xera"", ""value"": 4.5, ""contribution"": 0.0527}]",484183,0.5086,3.07,4.5,91.0,35.0,0.7136,0.6796,6.13,6.4,0.8487,0.8173,R,R,YRFI,WIN,2,0,2,2026-05-05T02:16:53+00:00,-140,+105,DraftKings,2026-05-05T01:05:19+00:00,0.5833,0.4878,-0.1747,0.1036,0.1036,Y,1,1.05,-140,+105,2026-05-05T00:03:18+00:00,0,,,,0.3525,0.3561,0.4020,0.4211,0.1667,0.1667,
2026-05-04,2026,823874,1,,PHI,MIA,6:40 PM ET,Aaron Nola,Janson Junk,605400,676083,live,live,live,live,0.95,0.2941,0.5192,0.8133,0.2357,0.3585,0.5942,0.4802,0.5198,0.196,0.804,,,PASS,NO EDGE,PASS - No edge,4,2026-05-05T02:30:53Z,5.799,3.642,1.43,1.109,4.476,3.21,3.22,1.67,1.66,0.63,9.6,6.16,0.305,0.328,0.385,0.392,4.036,4.342,,,,1.0,0.8,0.8,0.8,0.7,0.3342,0.3416,0.3651,0.4661,0.1118,0.2266,lineup,lineup,"[{""id"": 805300, ""name"": ""Jakob Marsee"", ""bats"": ""L"", ""obp"": 0.3, ""slg"": 0.25396825396825395, ""iso"": 0.07936507936507936, ""ab"": 126}, {""id"": 691594, ""name"": ""Javier Sanoja"", ""bats"": ""R"", ""obp"": 0.3684210526315789, ""slg"": 0.36231884057971014, ""iso"": 0.0579710144927536, ""ab"": 69}, {""id"": 672640, ""name"": ""Otto Lopez"", ""bats"": ""R"", ""obp"": 0.375886524822695, ""slg"": 0.5, ""iso"": 0.15909090909090912, ""ab"": 132}]","[{""id"": 607208, ""name"": ""Trea Turner"", ""bats"": ""R"", ""obp"": 0.30405405405405406, ""slg"": 0.375, ""iso"": 0.1323529411764706, ""ab"": 136}, {""id"": 656941, ""name"": ""Kyle Schwarber"", ""bats"": ""L"", ""obp"": 0.3684210526315789, ""slg"": 0.5528455284552846, ""iso"": 0.33333333333333337, ""ab"": 123}, {""id"": 547180, ""name"": ""Bryce Harper"", ""bats"": ""L"", ""obp"": 0.35172413793103446, ""slg"": 0.48, ""iso"": 0.22399999999999998, ""ab"": 125}]","[{""name"": ""home_xera"", ""value"": 3.48, ""contribution"": -0.276}, {""name"": ""away_top3c_iso"", ""value"": 0.2266, ""contribution"": 0.2011}, {""name"": ""era_gap_t1"", ""value"": -2.1565, ""contribution"": -0.1239}, {""name"": ""home_fip"", ""value"": 3.2096, ""contribution"": 0.1082}, {""name"": ""wx_is_dome"", ""value"": 1.0, ""contribution"": -0.1048}]","[{""name"": ""era_gap_b1"", ""value"": 2.1565, ""contribution"": 0.2156}, {""name"": ""home_plate_ump_nrfi_rate"", ""value"": 0.4611, ""contribution"": -0.2117}, {""name"": ""home_top3c_slg"", ""value"": 0.3651, ""contribution"": 0.1534}, {""name"": ""home_top3c_iso"", ""value"": 0.1118, ""contribution"": -0.1469}, {""name"": ""fi_park_nrfi_rate"", ""value"": 0.463, ""contribution"": 0.1211}]",427129,0.4611,3.48,4.81,15.0,64.0,0.6796,0.724,5.73,5.27,0.8913,0.6627,R,R,NRFI,PASS,0,0,0,2026-05-04T23:38:03+00:00,-115,-115,DraftKings,2026-05-05T02:33:14+00:00,0.5349,0.5349,-0.0547,-0.0151,,N,,,-115,-115,2026-05-04T21:56:30+00:00,,,,,0.3650,0.3715,0.4870,0.3922,0.2348,0.0882,
2026-05-04,2026,823552,1,,BAL,NYY,7:05 PM ET,Shane Baz,Cam Schlittler,669358,693645,live,live,live,live,1.02,0.3175,0.5389,0.8564,0.1741,0.5182,0.6923,0.4663,0.5337,0.2116,0.7884,,,PASS,NO EDGE,PASS - No edge,4,2026-05-05T02:30:53Z,4.7,2.464,1.408,0.982,3.868,2.606,3.21,2.43,1.13,0.64,8.68,10.25,0.317,0.33,0.396,0.439,4.505,5.036,21.7,13.0,40.0,0.0,0.8,0.8,0.8,0.9,0.3605,0.2972,0.4942,0.4437,0.2572,0.2116,lineup,lineup,"[{""id"": 663757, ""name"": ""Trent Grisham"", ""bats"": ""L"", ""obp"": 0.296875, ""slg"": 0.3523809523809524, ""iso"": 0.1904761904761905, ""ab"": 105}, {""id"": 680474, ""name"": ""Max Schuemann"", ""bats"": ""R"", ""obp"": 0.5, ""slg"": 0.0, ""iso"": 0.0, ""ab"": 1}, {""id"": 641355, ""name"": ""Cody Bellinger"", ""bats"": ""L"", ""obp"": 0.3732394366197183, ""slg"": 0.48333333333333334, ""iso"": 0.20833333333333331, ""ab"": 120}]","[{""id"": 683002, ""name"": ""Gunnar Henderson"", ""bats"": ""L"", ""obp"": 0.27450980392156865, ""slg"": 0.460431654676259, ""iso"": 0.2517985611510791, ""ab"": 139}, {""id"": 668939, ""name"": ""Adley Rutschman"", ""bats"": ""S"", ""obp"": 0.34210526315789475, ""slg"": 0.5492957746478874, ""iso"": 0.25352112676056343, ""ab"": 71}, {""id"": 687637, ""name"": ""Dylan Beavers"", ""bats"": ""L"", ""obp"": 0.2978723404255319, ""slg"": 0.3253012048192771, ""iso"": 0.10843373493975902, ""ab"": 83}]","[{""name"": ""home_xera"", ""value"": 2.36, ""contribution"": -0.7087}, {""name"": ""home_fip"", ""value"": 2.6062, ""contribution"": 0.1918}, {""name"": ""away_top3c_iso"", ""value"": 0.2116, ""contribution"": 0.1385}, {""name"": ""era_gap_t1"", ""value"": -2.2365, ""contribution"": -0.1285}, {""name"": ""away_top3c_obp"", ""value"": 0.2972, ""contribution"": -0.1221}]","[{""name"": ""era_gap_b1"", ""value"": 2.2365, ""contribution"": 0.2236}, {""name"": ""home_top3c_iso"", ""value"": 0.2572, ""contribution"": 0.1774}, {""name"": ""fi_park_nrfi_rate"", ""value"": 0.4645, ""contribution"": 0.1157}, {""name"": ""home_plate_ump_nrfi_rate"", ""value"": 0.538, ""contribution"": 0.1127}, {""name"": ""home_top3c_slg"", ""value"": 0.4942, ""contribution"": -0.1071}]",482631,0.538,2.36,4.06,80.0,33.0,0.7396,0.678,6.0,5.73,0.8790,0.7187,R,R,YRFI,PASS,0,2,2,2026-05-04T23:38:03+00:00,-120,-110,DraftKings,2026-05-05T02:33:14+00:00,0.5455,0.5238,-0.0792,0.0099,,N,,,-120,-110,2026-05-04T21:56:30+00:00,,,,,0.2892,0.3028,0.5043,0.4086,0.2393,0.2043,
2026-05-04,2026,824363,1,,NYM,COL,5:40 PM ET,Huascar Brazobán,Tomoyuki Sugano,623211,608372,ltd,live,live,live,1.22,0.5543,0.5244,1.0787,0.4322,0.3608,0.793,0.4125,0.5875,0.2932,0.7068,,,YRFI,STRONG,STRONG YRFI,4,2026-05-05T02:30:53Z,3.12,3.851,1.147,1.26,3.678,4.965,3.06,2.3,0.9,1.69,8.28,6.07,0.299,0.322,0.365,0.406,3.77,4.335,21.2,2.9,19.0,0.0,0.6,1.0,0.5,1.0,0.3549,0.3372,0.5159,0.4098,0.2226,0.1352,lineup,lineup,"[{""id"": 666160, ""name"": ""Mickey Moniak"", ""bats"": ""L"", ""obp"": 0.37383177570093457, ""slg"": 0.7244897959183674, ""iso"": 0.39795918367346944, ""ab"": 98}, {""id"": 671289, ""name"": ""Tyler Freeman"", ""bats"": ""R"", ""obp"": 0.3787878787878788, ""slg"": 0.3620689655172414, ""iso"": 0.06896551724137934, ""ab"": 58}, {""id"": 681198, ""name"": ""TJ Rumfield"", ""bats"": ""L"", ""obp"": 0.32857142857142857, ""slg"": 0.4251968503937008, ""iso"": 0.15748031496062992, ""ab"": 127}]","[{""id"": 665742, ""name"": ""Juan Soto"", ""bats"": ""L"", ""obp"": 0.4146341463414634, ""slg"": 0.5, ""iso"": 0.18571428571428572, ""ab"": 70}, {""id"": 666182, ""name"": ""Bo Bichette"", ""bats"": ""R"", ""obp"": 0.28, ""slg"": 0.32142857142857145, ""iso"": 0.0785714285714286, ""ab"": 140}, {""id"": 621438, ""name"": ""Tyrone Taylor"", ""bats"": ""R"", ""obp"": 0.22580645161290322, ""slg"": 0.31666666666666665, ""iso"": 0.11666666666666664, ""ab"": 60}]","[{""name"": ""home_xera"", ""value"": 6.15, ""contribution"": 0.7556}, {""name"": ""away_top3c_iso"", ""value"": 0.1352, ""contribution"": -0.1812}, {""name"": ""fi_park_nrfi_rate"", ""value"": 0.4216, ""contribution"": 0.1611}, {""name"": ""away_obp"", ""value"": 0.2986, ""contribution"": -0.1352}, {""name"": ""home_fip"", ""value"": 4.9652, ""contribution"": -0.135}]","[{""name"": ""fi_park_nrfi_rate"", ""value"": 0.4216, ""contribution"": 0.2682}, {""name"": ""away_avg_ip_per_start"", ""value"": 1.3333, ""contribution"": 0.2098}, {""name"": ""away_xera"", ""value"": 3.21, ""contribution"": -0.1786}, {""name"": ""home_top3c_slg"", ""value"": 0.5159, ""contribution"": -0.1508}, {""name"": ""wx_wind_kmh"", ""value"": 2.9, ""contribution"": -0.1449}]",482666,0.522,6.15,3.21,17.0,59.0,0.6796,0.7136,5.4,1.33,0.6393,0.8820,R,R,NRFI,LOSS,0,0,0,2026-05-04T22:22:27+00:00,,,,,,,,,,Y,1,-1,,,,,,,,0.3352,0.4204,0.4078,0.6071,0.1456,0.2589,
2026-05-04,2026,822984,1,,TOR,TB,6:40 PM ET,Eric Lauer,Nick Martinez,641778,607259,live,live,live,live,0.93,0.3625,0.5152,0.8777,0.2314,0.4397,0.6712,0.4742,0.5258,0.2194,0.7806,,,PASS,NO EDGE,PASS - No edge,4,2026-05-05T02:30:53Z,4.397,3.129,1.286,1.109,4.873,3.9,3.16,2.24,1.71,0.97,7.95,6.09,0.315,0.324,0.397,0.388,4.281,4.453,,,,1.0,1.0,0.6,0.9,0.6,0.3384,0.3771,0.4068,0.4542,0.1254,0.1603,lineup,lineup,"[{""id"": 802415, ""name"": ""Chandler Simpson"", ""bats"": ""L"", ""obp"": 0.33093525179856115, ""slg"": 0.3384615384615385, ""iso"": 0.03846153846153849, ""ab"": 130}, {""id"": 691406, ""name"": ""Junior Caminero"", ""bats"": ""R"", ""obp"": 0.34965034965034963, ""slg"": 0.504, ""iso"": 0.24, ""ab"": 125}, {""id"": 656775, ""name"": ""Cedric Mullins"", ""bats"": ""L"", ""obp"": 0.1891891891891892, ""slg"": 0.22549019607843138, ""iso"": 0.09803921568627452, ""ab"": 102}]","[{""id"": 682818, ""name"": ""Yohendrick Pi\u00f1ango"", ""bats"": ""L"", ""obp"": 0.5, ""slg"": 0.46153846153846156, ""iso"": 0.0, ""ab"": 13}, {""id"": 672960, ""name"": ""Kazuma Okamoto"", ""bats"": ""R"", ""obp"": 0.3188405797101449, ""slg"": 0.4715447154471545, ""iso"": 0.23577235772357724, ""ab"": 123}, {""id"": 665489, ""name"": ""Vladimir Guerrero Jr."", ""bats"": ""R"", ""obp"": 0.4206896551724138, ""slg"": 0.4365079365079365, ""iso"": 0.1031746031746032, ""ab"": 126}]","[{""name"": ""home_xera"", ""value"": 3.81, ""contribution"": -0.1485}, {""name"": ""fi_park_nrfi_rate"", ""value"": 0.4424, ""contribution"": 0.1167}, {""name"": ""away_top3c_obp"", ""value"": 0.3771, ""contribution"": 0.1094}, {""name"": ""wx_is_dome"", ""value"": 1.0, ""contribution"": -0.1048}, {""name"": ""away_top3c_iso"", ""value"": 0.1603, ""contribution"": -0.0763}]","[{""name"": ""fi_park_nrfi_rate"", ""value"": 0.4424, ""contribution"": 0.1943}, {""name"": ""era_gap_b1"", ""value"": 1.268, ""contribution"": 0.1268}, {""name"": ""home_top3c_iso"", ""value"": 0.1254, ""contribution"": -0.1166}, {""name"": ""away_fip"", ""value"": 4.873, ""contribution"": -0.1029}, {""name"": ""home_plate_ump_nrfi_rate"", ""value"": 0.5317, ""contribution"": 0.0861}]",482663,0.5317,3.81,4.56,10.0,19.0,0.6796,0.7075,6.2,4.4,0.7837,0.6777,L,R,YRFI,PASS,0,3,3,2026-05-04T23:38:03+00:00,-120,-110,DraftKings,2026-05-05T02:33:14+00:00,0.5455,0.5238,-0.0713,0.002,,N,,,-120,-110,2026-05-04T21:56:30+00:00,,,,,0.4124,0.2655,0.5698,0.3267,0.2326,0.1287,
2026-05-04,2026,823228,1,,SD,SF,9:45 PM ET,Randy Vásquez,Trevor McDonald,681190,686790,live,avg,live,live,0.94,0.4243,0.3912,0.8155,0.2566,0.404,0.6606,0.4802,0.5198,0.1968,0.8032,,,PASS,NO DATA,PASS - No data,3,2026-05-05T02:30:53Z,3.432,4.2,1.247,1.25,4.008,4.2,3.27,3.2,0.96,1.2,7.06,8.9,0.31,0.296,0.39,0.373,4.411,3.526,16.1,15.9,63.0,0.0,1.0,1.0,1.0,0.9,0.3385,0.3044,0.431,0.35,0.1324,0.1139,lineup,lineup,"[{""id"": 808982, ""name"": ""Jung Hoo Lee"", ""bats"": ""L"", ""obp"": 0.3308270676691729, ""slg"": 0.4132231404958678, ""iso"": 0.1322314049586777, ""ab"": 121}, {""id"": 669477, ""name"": ""Casey Schmitt"", ""bats"": ""R"", ""obp"": 0.35398230088495575, ""slg"": 0.5192307692307693, ""iso"": 0.21153846153846156, ""ab"": 104}, {""id"": 650333, ""name"": ""Luis Arraez"", ""bats"": ""L"", ""obp"": 0.3333333333333333, ""slg"": 0.3769230769230769, ""iso"": 0.0692307692307692, ""ab"": 130}]","[{""id"": 657656, ""name"": ""Ram\u00f3n Laureano"", ""bats"": ""R"", ""obp"": 0.30303030303030304, ""slg"": 0.4067796610169492, ""iso"": 0.16949152542372883, ""ab"": 118}, {""id"": 665487, ""name"": ""Fernando Tatis Jr."", ""bats"": ""R"", ""obp"": 0.3333333333333333, ""slg"": 0.31092436974789917, ""iso"": 0.05042016806722688, ""ab"": 119}, {""id"": 701538, ""name"": ""Jackson Merrill"", ""bats"": ""L"", ""obp"": 0.27611940298507465, ""slg"": 0.3333333333333333, ""iso"": 0.12195121951219509, ""ab"": 123}]","[{""name"": ""away_top3c_slg"", ""value"": 0.35, ""contribution"": 0.3027}, {""name"": ""away_top3c_iso"", ""value"": 0.1139, ""contribution"": -0.2706}, {""name"": ""away_top3c_obp"", ""value"": 0.3044, ""contribution"": -0.1013}, {""name"": ""home_plate_ump_nrfi_rate"", ""value"": 0.5769, ""contribution"": -0.093}, {""name"": ""home_p_last10_pitcher_nrfi"", ""value"": 1.0, ""contribution"": 0.0702}]","[{""name"": ""home_plate_ump_nrfi_rate"", ""value"": 0.5769, ""contribution"": 0.2767}, {""name"": ""away_xera"", ""value"": 5.0, ""contribution"": 0.1424}, {""name"": ""away_p_last5_pitcher_nrfi"", ""value"": 1.0, ""contribution"": -0.1047}, {""name"": ""home_top3c_iso"", ""value"": 0.1324, ""contribution"": -0.1011}, {""name"": ""era_gap_b1"", ""value"": -0.7682, ""contribution"": -0.0768}]",429805,0.5769,4.2,5.0,50.0,57.0,0.7136,0.7136,6.5,5.53,0.6907,0.7950,R,R,YRFI,PASS,1,2,3,2026-05-05T02:16:53+00:00,-140,+105,DraftKings,2026-05-05T02:33:14+00:00,0.5833,0.4878,-0.1031,0.032,,N,,,-140,+105,2026-05-05T00:03:18+00:00,,,,,0.2945,0.3635,0.2544,0.5000,0.0351,0.1754,
2026-05-04,2026,824684,1,,CIN,CHC,7:10 PM ET,Chase Petty,Edward Cabrera,695534,665795,avg,live,live,live,1.0,0.4034,0.5326,0.936,0.2458,0.4972,0.7431,0.4603,0.5397,0.2407,0.7593,,,PASS,NO DATA,PASS - No data,3,2026-05-05T02:30:53Z,4.2,3.31,1.25,1.211,4.2,3.579,3.2,3.12,1.2,0.95,8.9,8.72,0.308,0.342,0.392,0.425,4.24,5.138,25.7,22.4,39.0,0.0,1.0,0.5,0.8,0.5,0.36,0.3295,0.453,0.4511,0.1709,0.2068,lineup,lineup,"[{""id"": 663538, ""name"": ""Nico Hoerner"", ""bats"": ""R"", ""obp"": 0.375, ""slg"": 0.46616541353383456, ""iso"": 0.16541353383458646, ""ab"": 133}, {""id"": 694208, ""name"": ""Mois\u00e9s Ballesteros"", ""bats"": ""L"", ""obp"": 0.3804347826086957, ""slg"": 0.5975609756097561, ""iso"": 0.28048780487804875, ""ab"": 82}, {""id"": 608324, ""name"": ""Alex Bregman"", ""bats"": ""R"", ""obp"": 0.3333333333333333, ""slg"": 0.35294117647058826, ""iso"": 0.11029411764705885, ""ab"": 136}]","[{""id"": 667472, ""name"": ""Dane Myers"", ""bats"": ""R"", ""obp"": 0.41509433962264153, ""slg"": 0.3488372093023256, ""iso"": 0.06976744186046513, ""ab"": 43}, {""id"": 668709, ""name"": ""JJ Bleday"", ""bats"": ""L"", ""obp"": 0.5, ""slg"": 0.8, ""iso"": 0.46666666666666673, ""ab"": 15}, {""id"": 682829, ""name"": ""Elly De La Cruz"", ""bats"": ""S"", ""obp"": 0.348993288590604, ""slg"": 0.5413533834586466, ""iso"": 0.2706766917293233, ""ab"": 133}]","[{""name"": ""home_xera"", ""value"": 3.76, ""contribution"": -0.1678}, {""name"": ""away_top3c_iso"", ""value"": 0.2068, ""contribution"": 0.1182}, {""name"": ""fi_park_nrfi_rate"", ""value"": 0.5435, ""contribution"": -0.0992}, {""name"": ""wx_wind_kmh"", ""value"": 22.4, ""contribution"": 0.0773}, {""name"": ""away_obp"", ""value"": 0.3083, ""contribution"": -0.0627}]","[{""name"": ""fi_park_nrfi_rate"", ""value"": 0.5435, ""contribution"": -0.1651}, {""name"": ""wx_wind_kmh"", ""value"": 22.4, ""contribution"": 0.1623}, {""name"": ""home_plate_ump_nrfi_rate"", ""value"": 0.5451, ""contribution"": 0.1426}, {""name"": ""away_avg_ip_per_start"", ""value"": 2.6667, ""contribution"": 0.1404}, {""name"": ""era_gap_b1"", ""value"": 0.8897, ""contribution"": 0.089}]",484499,0.5451,3.76,4.2,63.0,50.0,0.7396,0.7136,5.87,2.67,0.9803,0.8417,R,R,NRFI,PASS,0,0,0,2026-05-05T01:17:01+00:00,+115,-150,DraftKings,2026-05-05T02:33:14+00:00,0.4651,0.6,-0.0048,-0.0603,,N,,,+115,-150,2026-05-04T21:56:30+00:00,,,,,0.4483,0.3154,0.5441,0.4000,0.2500,0.1739,
2026-05-05,2026,824200,1,,LAD,HOU,8:10 PM ET,Shohei Ohtani,Peter Lambert,660271,663567,ltd,sm,live,live,0.99,0.4591,0.3565,0.8155,0.2298,0.1891,0.4189,0.6623,0.3377,0.1968,0.8032,,,NRFI,STRONG,STRONG NRFI,4,2026-05-05T23:03:15Z,2.359,4.014,1.04,1.247,2.62,3.59,2.66,3.47,0.55,0.87,10.12,9.56,0.342,0.337,0.434,0.429,4.995,4.858,,,,1.0,0.6667,1.0,0.6667,1.0,0.3812,0.3556,0.4907,0.4789,0.2069,0.1901,lineup,lineup,"[{""id"": 514888, ""name"": ""Jose Altuve"", ""bats"": ""R"", ""obp"": 0.3356164383561644, ""slg"": 0.3875968992248062, ""iso"": 0.13953488372093026, ""ab"": 129}, {""id"": 694728, ""name"": ""Brice Matthews"", ""bats"": ""R"", ""obp"": 0.2875, ""slg"": 0.39436619718309857, ""iso"": 0.18309859154929575, ""ab"": 71}, {""id"": 670623, ""name"": ""Isaac Paredes"", ""bats"": ""R"", ""obp"": 0.36153846153846153, ""slg"": 0.39823008849557523, ""iso"": 0.1327433628318584, ""ab"": 113}]","[{""id"": 669743, ""name"": ""Alex Call"", ""bats"": ""R"", ""obp"": 0.46153846153846156, ""slg"": 0.3870967741935484, ""iso"": 0.06451612903225806, ""ab"": 31}, {""id"": 518692, ""name"": ""Freddie Freeman"", ""bats"": ""L"", ""obp"": 0.3356164383561644, ""slg"": 0.417910447761194, ""iso"": 0.14179104477611937, ""ab"": 134}, {""id"": 669257, ""name"": ""Will Smith"", ""bats"": ""R"", ""obp"": 0.3482142857142857, ""slg"": 0.4, ""iso"": 0.12, ""ab"": 100}]","[{""name"": ""home_xera"", ""value"": 2.829, ""contribution"": -0.5275}, {""name"": ""away_obp"", ""value"": 0.3418, ""contribution"": 0.1877}, {""name"": ""away_top3c_slg"", ""value"": 0.4789, ""contribution"": -0.1219}, {""name"": ""wx_is_dome"", ""value"": 1.0, ""contribution"": -0.1048}, {""name"": ""era_gap_t1"", ""value"": 1.6542, ""contribution"": 0.0951}]","[{""name"": ""away_xera"", ""value"": 1.7145, ""contribution"": -0.4467}, {""name"": ""era_gap_b1"", ""value"": -1.6542, ""contribution"": -0.1654}, {""name"": ""away_fip"", ""value"": 2.6205, ""contribution"": 0.1594}, {""name"": ""home_plate_ump_nrfi_rate"", ""value"": 0.4774, ""contribution"": -0.1429}, {""name"": ""away_p_last5_pitcher_nrfi"", ""value"": 1.0, ""contribution"": -0.1047}]",575629,0.4774,2.829,1.714,50.0,85.0,0.7136,0.7396,5.11,6.0,0.7517,0.6603,R,R,NRFI,WIN,0,0,0,2026-05-06T02:10:04+00:00,-130,+100,DraftKings,,,,,,,Y,1,0.769,,,,,,,,0.3119,0.3137,0.3030,0.3894,0.0606,0.1327,
2026-05-05,2026,824682,1,,CIN,CHC,7:40 PM ET,Andrew Abbott,Jameson Taillon,671096,592791,live,live,live,live,1.0,0.5019,0.5518,1.0537,0.1962,0.3345,0.5307,0.6,0.4,0.284,0.716,,,NRFI,STRONG,STRONG NRFI,4,2026-05-05T21:54:02Z,4.299,4.016,1.39,1.101,4.189,5.189,3.08,2.59,1.16,1.99,7.26,7.44,0.31,0.342,0.394,0.426,4.235,5.135,11.9,13.6,65.0,0.0,0.8,0.4,0.9,0.5,0.3611,0.3317,0.4375,0.4568,0.175,0.2086,lineup,lineup,"[{""id"": 663538, ""name"": ""Nico Hoerner"", ""bats"": ""R"", ""obp"": 0.36942675159235666, ""slg"": 0.45985401459854014, ""iso"": 0.1605839416058394, ""ab"": 137}, {""id"": 608324, ""name"": ""Alex Bregman"", ""bats"": ""R"", ""obp"": 0.3375, ""slg"": 0.3597122302158273, ""iso"": 0.11510791366906473, ""ab"": 139}, {""id"": 664023, ""name"": ""Ian Happ"", ""bats"": ""S"", ""obp"": 0.37748344370860926, ""slg"": 0.5, ""iso"": 0.25806451612903225, ""ab"": 124}]","[{""id"": 670770, ""name"": ""TJ Friedl"", ""bats"": ""L"", ""obp"": 0.27611940298507465, ""slg"": 0.2975206611570248, ""iso"": 0.09917355371900827, ""ab"": 121}, {""id"": 667472, ""name"": ""Dane Myers"", ""bats"": ""R"", ""obp"": 0.4, ""slg"": 0.3333333333333333, ""iso"": 0.06666666666666665, ""ab"": 45}, {""id"": 682829, ""name"": ""Elly De La Cruz"", ""bats"": ""S"", ""obp"": 0.36363636363636365, ""slg"": 0.5474452554744526, ""iso"": 0.26277372262773724, ""ab"": 137}]","[{""name"": ""home_xera"", ""value"": 3.7197, ""contribution"": -0.1834}, {""name"": ""home_fip"", ""value"": 5.1888, ""contribution"": -0.1659}, {""name"": ""away_top3c_iso"", ""value"": 0.2086, ""contribution"": 0.126}, {""name"": ""fi_park_nrfi_rate"", ""value"": 0.5435, ""contribution"": -0.0992}, {""name"": ""away_obp"", ""value"": 0.3096, ""contribution"": -0.0528}]","[{""name"": ""fi_park_nrfi_rate"", ""value"": 0.5435, ""contribution"": -0.1651}, {""name"": ""away_p_last5_pitcher_nrfi"", ""value"": 0.4, ""contribution"": 0.1237}, {""name"": ""wx_temp_c"", ""value"": 11.9, ""contribution"": -0.1097}, {""name"": ""away_pvt_nrfi_rate"", ""value"": 0.7709, ""contribution"": 0.0805}, {""name"": ""away_xera"", ""value"": 3.7838, ""contribution"": -0.0757}]",658082,0.5146,3.72,3.784,48.0,43.0,0.7138,0.7709,6.0,4.6,0.7730,0.8387,L,R,YRFI,LOSS,1,0,1,2026-05-06T00:01:28+00:00,,,,,,,,,,Y,1,-1,,,,,,,,0.4069,0.3538,0.5341,0.3645,0.2273,0.1402,
2026-05-05,2026,824119,1,,CLE,KC,7:40 PM ET,Gavin Williams,Stephen Kolek,668909,663568,live,ltd,live,live,0.96,0.3771,0.4716,0.8488,0.2728,0.2824,0.5552,0.5709,0.4291,0.2088,0.7912,,,NRFI,STRONG,STRONG NRFI,4,2026-05-05T21:54:02Z,2.873,3.684,1.14,1.174,4.031,3.749,4.21,2.66,1.25,0.84,10.22,6.86,0.318,0.319,0.391,0.395,4.211,4.255,12.7,10.2,67.0,0.0,1.0,0.6,0.8,0.7,0.3236,0.3447,0.4026,0.4091,0.1538,0.1658,lineup,lineup,"[{""id"": 672580, ""name"": ""Maikel Garcia"", ""bats"": ""R"", ""obp"": 0.32413793103448274, ""slg"": 0.4153846153846154, ""iso"": 0.15384615384615385, ""ab"": 130}, {""id"": 677951, ""name"": ""Bobby Witt Jr."", ""bats"": ""R"", ""obp"": 0.35443037974683544, ""slg"": 0.4244604316546763, ""iso"": 0.14388489208633098, ""ab"": 139}, {""id"": 686469, ""name"": ""Vinnie Pasquantino"", ""bats"": ""L"", ""obp"": 0.2887323943661972, ""slg"": 0.36363636363636365, ""iso"": 0.1652892561983471, ""ab"": 121}]","[{""id"": 680757, ""name"": ""Steven Kwan"", ""bats"": ""L"", ""obp"": 0.3108108108108108, ""slg"": 0.27906976744186046, ""iso"": 0.06201550387596899, ""ab"": 129}, {""id"": 800050, ""name"": ""Chase DeLauter"", ""bats"": ""L"", ""obp"": 0.3923076923076923, ""slg"": 0.5535714285714286, ""iso"": 0.25000000000000006, ""ab"": 112}, {""id"": 608070, ""name"": ""Jos\u00e9 Ram\u00edrez"", ""bats"": ""S"", ""obp"": 0.3375796178343949, ""slg"": 0.41353383458646614, ""iso"": 0.19548872180451127, ""ab"": 133}]","[{""name"": ""fi_park_nrfi_rate"", ""value"": 0.5604, ""contribution"": -0.1351}, {""name"": ""away_top3c_slg"", ""value"": 0.4091, ""contribution"": 0.108}, {""name"": ""home_avg_ip_per_start"", ""value"": 6.6, ""contribution"": -0.07}, {""name"": ""away_top3c_iso"", ""value"": 0.1658, ""contribution"": -0.0534}, {""name"": ""home_plate_ump_nrfi_rate"", ""value"": 0.5488, ""contribution"": -0.0532}]","[{""name"": ""fi_park_nrfi_rate"", ""value"": 0.5604, ""contribution"": -0.2249}, {""name"": ""home_plate_ump_nrfi_rate"", ""value"": 0.5488, ""contribution"": 0.1582}, {""name"": ""wx_temp_c"", ""value"": 12.7, ""contribution"": -0.1009}, {""name"": ""era_gap_b1"", ""value"": -0.811, ""contribution"": -0.0811}, {""name"": ""home_top3c_slg"", ""value"": 0.4026, ""contribution"": 0.0779}]",545402,0.5488,4.2,4.171,50.0,88.0,0.7272,0.7412,6.6,6.27,0.6943,0.6443,R,R,YRFI,LOSS,0,2,2,2026-05-05T23:52:50+00:00,,,,,,,,,,Y,1,-1,,,,,,,,0.3760,0.3459,0.3853,0.5517,0.1009,0.2759,
2026-05-05,2026,823469,1,,OAK,PHI,6:40 PM ET,Luis Severino,Cristopher Sánchez,622663,650911,live,live,live,live,1.04,0.3551,0.49,0.8451,0.2797,0.4891,0.7688,0.4318,0.5682,0.2075,0.7925,,,PASS,LOW LAMBDA,PASS - Low lambda,4,2026-05-05T21:10:28Z,4.501,2.7,1.363,1.285,3.972,2.489,4.07,2.44,0.92,0.6,8.13,10.33,0.325,0.303,0.408,0.383,4.403,3.975,26.5,23.5,28.0,0.0,0.6,0.4,0.8,0.6,0.3392,0.3369,0.4697,0.3804,0.2298,0.1319,lineup,lineup,"[{""id"": 607208, ""name"": ""Trea Turner"", ""bats"": ""R"", ""obp"": 0.29605263157894735, ""slg"": 0.36428571428571427, ""iso"": 0.12857142857142856, ""ab"": 140}, {""id"": 656941, ""name"": ""Kyle Schwarber"", ""bats"": ""L"", ""obp"": 0.358974358974359, ""slg"": 0.5354330708661418, ""iso"": 0.3228346456692914, ""ab"": 127}, {""id"": 547180, ""name"": ""Bryce Harper"", ""bats"": ""L"", ""obp"": 0.3624161073825503, ""slg"": 0.5193798449612403, ""iso"": 0.24806201550387602, ""ab"": 129}]","[{""id"": 805779, ""name"": ""Jacob Wilson"", ""bats"": ""R"", ""obp"": 0.3125, ""slg"": 0.39568345323741005, ""iso"": 0.10071942446043164, ""ab"": 139}, {""id"": 667670, ""name"": ""Brent Rooker"", ""bats"": ""R"", ""obp"": 0.23376623376623376, ""slg"": 0.29411764705882354, ""iso"": 0.1323529411764706, ""ab"": 68}, {""id"": 701762, ""name"": ""Nick Kurtz"", ""bats"": ""L"", ""obp"": 0.4117647058823529, ""slg"": 0.4117647058823529, ""iso"": 0.1680672268907563, ""ab"": 119}]","[{""name"": ""home_xera"", ""value"": 2.8811, ""contribution"": -0.5074}, {""name"": ""home_fip"", ""value"": 2.4891, ""contribution"": 0.2081}, {""name"": ""away_top3c_slg"", ""value"": 0.3804, ""contribution"": 0.2026}, {""name"": ""away_top3c_iso"", ""value"": 0.1319, ""contribution"": -0.1952}, {""name"": ""home_plate_ump_nrfi_rate"", ""value"": 0.4271, ""contribution"": 0.1194}]","[{""name"": ""home_plate_ump_nrfi_rate"", ""value"": 0.4271, ""contribution"": -0.3551}, {""name"": ""era_gap_b1"", ""value"": 1.8007, ""contribution"": 0.1801}, {""name"": ""wx_wind_kmh"", ""value"": 23.5, ""contribution"": 0.1796}, {""name"": ""away_p_last5_pitcher_nrfi"", ""value"": 0.4, ""contribution"": 0.1237}, {""name"": ""home_top3c_iso"", ""value"": 0.2298, ""contribution"": 0.1162}]",623946,0.4271,2.881,4.653,95.0,4.0,0.7396,0.7396,5.8,6.0,0.6497,0.8913,R,L,NRFI,PASS,0,0,0,2026-05-05T23:00:42+00:00,,,,,,,,,,,,,,,,,,,,0.3481,0.3630,0.4530,0.5217,0.1795,0.2609,
2026-05-05,2026,822743,1,,MIN,WSH,6:45 PM ET,Taj Bradley,Cade Cavalli,671737,676917,live,ltd,live,live,0.97,0.4391,0.4839,0.9229,0.4102,0.4829,0.893,0.3989,0.6011,0.2359,0.7641,,,YRFI,STRONG,STRONG YRFI,4,2026-05-05T21:10:28Z,3.935,4.048,1.263,1.479,3.931,3.442,3.42,3.53,1.15,0.84,8.86,9.62,0.324,0.319,0.391,0.392,4.635,4.935,27.1,22.7,22.0,0.0,0.8,0.6,0.6,0.7,0.3409,0.3664,0.4402,0.4831,0.207,0.2128,lineup,lineup,"[{""id"": 695578, ""name"": ""James Wood"", ""bats"": ""L"", ""obp"": 0.38323353293413176, ""slg"": 0.5074626865671642, ""iso"": 0.27611940298507465, ""ab"": 134}, {""id"": 695734, ""name"": ""Daylen Lile"", ""bats"": ""L"", ""obp"": 0.31125827814569534, ""slg"": 0.3695652173913043, ""iso"": 0.12318840579710141, ""ab"": 138}, {""id"": 678554, ""name"": ""Curtis Mead"", ""bats"": ""R"", ""obp"": 0.30864197530864196, ""slg"": 0.4507042253521127, ""iso"": 0.23943661971830987, ""ab"": 71}]","[{""id"": 621439, ""name"": ""Byron Buxton"", ""bats"": ""R"", ""obp"": 0.3129251700680272, ""slg"": 0.5298507462686567, ""iso"": 0.2761194029850746, ""ab"": 134}, {""id"": 663616, ""name"": ""Trevor Larnach"", ""bats"": ""L"", ""obp"": 0.41935483870967744, ""slg"": 0.41333333333333333, ""iso"": 0.1333333333333333, ""ab"": 75}, {""id"": 680777, ""name"": ""Ryan Jeffers"", ""bats"": ""R"", ""obp"": 0.3942307692307692, ""slg"": 0.47126436781609193, ""iso"": 0.1839080459770115, ""ab"": 87}]","[{""name"": ""away_top3c_iso"", ""value"": 0.2128, ""contribution"": 0.1436}, {""name"": ""away_top3c_slg"", ""value"": 0.4831, ""contribution"": -0.1359}, {""name"": ""wx_wind_kmh"", ""value"": 22.7, ""contribution"": 0.0795}, {""name"": ""away_top3c_obp"", ""value"": 0.3664, ""contribution"": 0.0783}, {""name"": ""home_fip"", ""value"": 3.4418, ""contribution"": 0.0761}]","[{""name"": ""wx_wind_kmh"", ""value"": 22.7, ""contribution"": 0.167}, {""name"": ""fi_park_nrfi_rate"", ""value"": 0.4681, ""contribution"": 0.1028}, {""name"": ""home_top3c_iso"", ""value"": 0.207, ""contribution"": 0.0653}, {""name"": ""wx_temp_c"", ""value"": 27.1, ""contribution"": 0.0593}, {""name"": ""away_p_last5_pitcher_nrfi"", ""value"": 0.6, ""contribution"": 0.0476}]",427533,0.5151,4.101,4.08,80.0,52.0,0.7136,0.7272,4.2,6.13,0.8863,0.8183,R,R,YRFI,WIN,0,1,1,2026-05-05T23:09:17+00:00,,,,,,,,,,Y,1,0.909,,,,,,,,0.3798,0.3077,0.5487,0.3061,0.2478,0.1327,
2026-05-05,2026,823553,1,,TEX,NYY,7:05 PM ET,Jacob deGrom,Elmer Rodríguez,594798,695684,live,sm,live,live,1.02,0.4647,0.4168,0.8815,0.4256,0.5171,0.9427,0.3916,0.6084,0.2208,0.7792,,,YRFI,STRONG,STRONG YRFI,4,2026-05-05T21:54:02Z,2.55,4.227,0.937,1.318,3.26,4.236,1.97,3.73,1.27,1.09,10.5,8.7,0.315,0.332,0.386,0.441,3.954,5.175,26.9,28.7,16.0,0.0,1.0,0.4,1.0,0.5,0.3665,0.3279,0.5126,0.4196,0.2689,0.1815,lineup,lineup,"[{""id"": 663757, ""name"": ""Trent Grisham"", ""bats"": ""L"", ""obp"": 0.3157894736842105, ""slg"": 0.37962962962962965, ""iso"": 0.20370370370370372, ""ab"": 108}, {""id"": 592450, ""name"": ""Aaron Judge"", ""bats"": ""R"", ""obp"": 0.4090909090909091, ""slg"": 0.648, ""iso"": 0.376, ""ab"": 125}, {""id"": 641355, ""name"": ""Cody Bellinger"", ""bats"": ""L"", ""obp"": 0.3673469387755102, ""slg"": 0.49193548387096775, ""iso"": 0.217741935483871, ""ab"": 124}]","[{""id"": 694497, ""name"": ""Evan Carter"", ""bats"": ""L"", ""obp"": 0.288135593220339, ""slg"": 0.3, ""iso"": 0.12999999999999998, ""ab"": 100}, {""id"": 608369, ""name"": ""Corey Seager"", ""bats"": ""L"", ""obp"": 0.3146853146853147, ""slg"": 0.4098360655737705, ""iso"": 0.19672131147540986, ""ab"": 122}, {""id"": 673962, ""name"": ""Josh Jung"", ""bats"": ""R"", ""obp"": 0.38095238095238093, ""slg"": 0.5350877192982456, ""iso"": 0.21052631578947367, ""ab"": 114}]","[{""name"": ""wx_wind_kmh"", ""value"": 28.7, ""contribution"": 0.1245}, {""name"": ""era_gap_t1"", ""value"": 1.6772, ""contribution"": 0.0964}, {""name"": ""away_top3c_slg"", ""value"": 0.4196, ""contribution"": 0.0732}, {""name"": ""home_avg_ip_per_start"", ""value"": 4.0, ""contribution"": 0.0726}, {""name"": ""home_p_last10_pitcher_nrfi"", ""value"": 1.0, ""contribution"": 0.0702}]","[{""name"": ""wx_wind_kmh"", ""value"": 28.7, ""contribution"": 0.2615}, {""name"": ""home_top3c_iso"", ""value"": 0.2689, ""contribution"": 0.2034}, {""name"": ""away_xera"", ""value"": 3.231, ""contribution"": -0.1748}, {""name"": ""era_gap_b1"", ""value"": -1.6772, ""contribution"": -0.1677}, {""name"": ""home_top3c_slg"", ""value"": 0.5126, ""contribution"": -0.1441}]",607884,0.5403,4.2,3.231,50.0,82.0,0.7136,0.7075,4.0,5.33,0.8317,0.7793,R,R,YRFI,WIN,3,1,4,2026-05-05T23:52:50+00:00,,+115,DraftKings (manual),2026-05-09T17:39:53+00:00,,,,,,Y,1,1.15,,,,,,,,0.3209,0.4015,0.4019,0.6422,0.1495,0.3670,
2026-05-05,2026,824281,1,,BOS,DET,6:40 PM ET,Jovani Morán,Framber Valdez,663558,664285,sm,live,live,live,0.98,0.3621,0.4967,0.8588,0.2189,0.3668,0.5858,0.4802,0.5198,0.2125,0.7875,,,PASS,NO EDGE,PASS - No edge,4,2026-05-05T21:10:28Z,3.596,3.505,1.198,1.25,4.268,3.215,3.84,3.16,1.12,0.58,8.61,7.97,0.317,0.326,0.373,0.405,4.035,4.485,13.4,11.6,53.0,0.0,0.6,0.5,0.6,0.5,0.3394,0.3437,0.4239,0.4266,0.1605,0.1685,lineup,lineup,"[{""id"": 663837, ""name"": ""Matt Vierling"", ""bats"": ""R"", ""obp"": 0.2682926829268293, ""slg"": 0.3424657534246575, ""iso"": 0.136986301369863, ""ab"": 73}, {""id"": 805808, ""name"": ""Kevin McGonigle"", ""bats"": ""L"", ""obp"": 0.4066666666666667, ""slg"": 0.47692307692307695, ""iso"": 0.16153846153846158, ""ab"": 130}, {""id"": 681481, ""name"": ""Kerry Carpenter"", ""bats"": ""L"", ""obp"": 0.3, ""slg"": 0.4631578947368421, ""iso"": 0.25263157894736843, ""ab"": 95}]","[{""id"": 680776, ""name"": ""Jarren Duran"", ""bats"": ""L"", ""obp"": 0.25984251968503935, ""slg"": 0.3474576271186441, ""iso"": 0.1440677966101695, ""ab"": 118}, {""id"": 575929, ""name"": ""Willson Contreras"", ""bats"": ""R"", ""obp"": 0.38095238095238093, ""slg"": 0.47540983606557374, ""iso"": 0.2049180327868852, ""ab"": 122}, {""id"": 677800, ""name"": ""Wilyer Abreu"", ""bats"": ""L"", ""obp"": 0.3793103448275862, ""slg"": 0.453125, ""iso"": 0.15625, ""ab"": 128}]","[{""name"": ""home_xera"", ""value"": 3.7403, ""contribution"": -0.1754}, {""name"": ""home_plate_ump_nrfi_rate"", ""value"": 0.6254, ""contribution"": -0.1618}, {""name"": ""home_fip"", ""value"": 3.215, ""contribution"": 0.1075}, {""name"": ""fi_park_nrfi_rate"", ""value"": 0.5258, ""contribution"": -0.0613}, {""name"": ""away_top3c_slg"", ""value"": 0.4266, ""contribution"": 0.0502}]","[{""name"": ""home_plate_ump_nrfi_rate"", ""value"": 0.6254, ""contribution"": 0.4813}, {""name"": ""away_xera"", ""value"": 2.64, ""contribution"": -0.2808}, {""name"": ""fi_park_nrfi_rate"", ""value"": 0.5258, ""contribution"": -0.102}, {""name"": ""wx_temp_c"", ""value"": 13.4, ""contribution"": -0.0931}, {""name"": ""away_p_last5_pitcher_nrfi"", ""value"": 0.5, ""contribution"": 0.0856}]",644760,0.6254,3.74,2.64,67.0,87.0,0.6942,0.7136,5.67,5.0,0.7810,0.6937,L,L,YRFI,PASS,3,2,5,2026-05-05T23:09:17+00:00,,,,,,,,,,,,,,,,,,,,0.3676,0.3158,0.4957,0.3900,0.2137,0.1600,
2026-05-05,2026,823142,1,,ATL,SEA,9:40 PM ET,Bryce Elder,George Kirby,693821,669923,live,live,live,live,0.95,0.3953,0.4009,0.7962,0.2842,0.2423,0.5265,0.612,0.388,0.1898,0.8102,,,NRFI,STRONG,STRONG NRFI,4,2026-05-05T23:55:43Z,3.528,3.569,1.214,1.158,3.642,3.33,2.83,2.14,0.88,0.93,7.54,8.21,0.334,0.321,0.452,0.389,5.407,4.211,,,,1.0,1.0,0.6,0.8,0.7,0.3231,0.3851,0.376,0.5845,0.1526,0.27,lineup,lineup,"[{""id"": 641487, ""name"": ""J.P. Crawford"", ""bats"": ""L"", ""obp"": 0.36666666666666664, ""slg"": 0.3333333333333333, ""iso"": 0.12499999999999997, ""ab"": 96}, {""id"": 663728, ""name"": ""Cal Raleigh"", ""bats"": ""S"", ""obp"": 0.272108843537415, ""slg"": 0.3798449612403101, ""iso"": 0.1937984496124031, ""ab"": 129}, {""id"": 677594, ""name"": ""Julio Rodr\u00edguez"", ""bats"": ""R"", ""obp"": 0.3375796178343949, ""slg"": 0.4014084507042254, ""iso"": 0.1338028169014085, ""ab"": 142}]","[{""id"": 686948, ""name"": ""Drake Baldwin"", ""bats"": ""L"", ""obp"": 0.39156626506024095, ""slg"": 0.5306122448979592, ""iso"": 0.217687074829932, ""ab"": 147}, {""id"": 645277, ""name"": ""Ozzie Albies"", ""bats"": ""S"", ""obp"": 0.38064516129032255, ""slg"": 0.5611510791366906, ""iso"": 0.23021582733812945, ""ab"": 139}, {""id"": 621566, ""name"": ""Matt Olson"", ""bats"": ""L"", ""obp"": 0.38271604938271603, ""slg"": 0.6642857142857143, ""iso"": 0.36428571428571427, ""ab"": 140}]","[{""name"": ""away_top3c_slg"", ""value"": 0.5845, ""contribution"": -0.47}, {""name"": ""away_top3c_iso"", ""value"": 0.27, ""contribution"": 0.3827}, {""name"": ""home_xera"", ""value"": 3.551, ""contribution"": -0.2486}, {""name"": ""away_top3c_obp"", ""value"": 0.3851, ""contribution"": 0.1326}, {""name"": ""away_obp"", ""value"": 0.3342, ""contribution"": 0.1312}]","[{""name"": ""home_plate_ump_nrfi_rate"", ""value"": 0.4205, ""contribution"": -0.3829}, {""name"": ""home_top3c_slg"", ""value"": 0.376, ""contribution"": 0.1314}, {""name"": ""wx_is_dome"", ""value"": 1.0, ""contribution"": -0.0598}, {""name"": ""home_top3c_iso"", ""value"": 0.1526, ""contribution"": -0.056}, {""name"": ""away_p_last5_pitcher_nrfi"", ""value"": 0.6, ""contribution"": 0.0476}]",504381,0.4205,3.551,4.332,72.0,24.0,0.7272,0.7136,6.6,6.0,0.9210,0.6513,R,R,NRFI,WIN,0,0,0,2026-05-06T02:10:04+00:00,-125,-105,DraftKings,,,,,,,Y,1,0.8,,,,,,,,0.4370,0.3478,0.7043,0.5537,0.3478,0.2893,
2026-05-05,2026,823873,1,,BAL,MIA,6:40 PM ET,Chris Bassitt,Sandy Alcantara,605135,645261,live,live,live,live,0.95,0.4066,0.4958,0.9024,0.3073,0.3594,0.6666,0.4776,0.5224,0.2284,0.7716,,,PASS,NO EDGE,PASS - No edge,4,2026-05-05T21:10:28Z,4.578,4.105,1.548,1.211,4.172,3.958,3.47,2.9,1.08,0.94,7.42,6.57,0.318,0.326,0.394,0.388,4.435,4.255,,,,1.0,0.8,0.6,0.8,0.7,0.3839,0.3349,0.4945,0.4073,0.1694,0.1685,lineup,lineup,"[{""id"": 669364, ""name"": ""Xavier Edwards"", ""bats"": ""S"", ""obp"": 0.4189189189189189, ""slg"": 0.46511627906976744, ""iso"": 0.13178294573643412, ""ab"": 129}, {""id"": 689414, ""name"": ""Liam Hicks"", ""bats"": ""L"", ""obp"": 0.35344827586206895, ""slg"": 0.5346534653465347, ""iso"": 0.23762376237623767, ""ab"": 101}, {""id"": 672640, ""name"": ""Otto Lopez"", ""bats"": ""R"", ""obp"": 0.3724137931034483, ""slg"": 0.49264705882352944, ""iso"": 0.15441176470588236, ""ab"": 136}]","[{""id"": 683002, ""name"": ""Gunnar Henderson"", ""bats"": ""L"", ""obp"": 0.2721518987341772, ""slg"": 0.4513888888888889, ""iso"": 0.24305555555555555, ""ab"": 144}, {""id"": 621493, ""name"": ""Taylor Ward"", ""bats"": ""R"", ""obp"": 0.4230769230769231, ""slg"": 0.416, ""iso"": 0.128, ""ab"": 125}, {""id"": 641933, ""name"": ""Tyler O'Neill"", ""bats"": ""R"", ""obp"": 0.35185185185185186, ""slg"": 0.2727272727272727, ""iso"": 0.06818181818181815, ""ab"": 44}]","[{""name"": ""away_top3c_slg"", ""value"": 0.4073, ""contribution"": 0.1139}, {""name"": ""wx_is_dome"", ""value"": 1.0, ""contribution"": -0.1048}, {""name"": ""home_xera"", ""value"": 4.4168, ""contribution"": 0.086}, {""name"": ""fi_park_nrfi_rate"", ""value"": 0.463, ""contribution"": 0.0728}, {""name"": ""home_avg_ip_per_start"", ""value"": 6.2667, ""contribution"": -0.0517}]","[{""name"": ""fi_park_nrfi_rate"", ""value"": 0.463, ""contribution"": 0.1211}, {""name"": ""home_top3c_slg"", ""value"": 0.4945, ""contribution"": -0.1077}, {""name"": ""home_top3c_obp"", ""value"": 0.3839, ""contribution"": 0.1048}, {""name"": ""home_plate_ump_nrfi_rate"", ""value"": 0.4946, ""contribution"": -0.0704}, {""name"": ""wx_is_dome"", ""value"": 1.0, ""contribution"": -0.0598}]",577468,0.4946,4.417,4.3,28.0,33.0,0.7136,0.7197,6.27,4.73,0.7923,0.8803,R,R,YRFI,PASS,3,1,4,2026-05-05T23:09:17+00:00,,,,,,,,,,,,,,,,,,,,0.3884,0.3770,0.3500,0.4771,0.0900,0.1560,
2026-05-05,2026,825092,1,,PIT,ARI,9:40 PM ET,Bubba Chandler,Eduardo Rodriguez,696149,593958,ltd,live,live,live,1.0,0.5748,0.538,1.1128,0.3436,0.3011,0.6446,0.4802,0.5198,0.3057,0.6943,,,PASS,NO EDGE,PASS - No edge,4,2026-05-05T23:55:43Z,4.497,4.132,1.299,1.482,4.485,4.663,4.16,3.94,1.25,1.31,8.69,7.37,0.333,0.308,0.399,0.413,4.935,4.516,,,,1.0,0.4,1.0,0.5,0.9,0.3309,0.3687,0.4231,0.4368,0.1805,0.1553,lineup,lineup,"[{""id"": 672695, ""name"": ""Geraldo Perdomo"", ""bats"": ""S"", ""obp"": 0.3524590163934426, ""slg"": 0.4019607843137255, ""iso"": 0.15686274509803924, ""ab"": 102}, {""id"": 606466, ""name"": ""Ketel Marte"", ""bats"": ""S"", ""obp"": 0.27205882352941174, ""slg"": 0.35714285714285715, ""iso"": 0.14285714285714288, ""ab"": 126}, {""id"": 682998, ""name"": ""Corbin Carroll"", ""bats"": ""L"", ""obp"": 0.37209302325581395, ""slg"": 0.5181818181818182, ""iso"": 0.24545454545454548, ""ab"": 110}]","[{""id"": 665833, ""name"": ""Oneil Cruz"", ""bats"": ""L"", ""obp"": 0.3223684210526316, ""slg"": 0.5, ""iso"": 0.2357142857142857, ""ab"": 140}, {""id"": 693304, ""name"": ""Nick Gonzales"", ""bats"": ""R"", ""obp"": 0.38095238095238093, ""slg"": 0.3706896551724138, ""iso"": 0.0431034482758621, ""ab"": 116}, {""id"": 668804, ""name"": ""Bryan Reynolds"", ""bats"": ""S"", ""obp"": 0.40384615384615385, ""slg"": 0.4274193548387097, ""iso"": 0.16935483870967744, ""ab"": 124}]","[{""name"": ""fi_park_nrfi_rate"", ""value"": 0.4201, ""contribution"": 0.1642}, {""name"": ""home_xera"", ""value"": 4.5463, ""contribution"": 0.136}, {""name"": ""away_obp"", ""value"": 0.3327, ""contribution"": 0.1197}, {""name"": ""wx_is_dome"", ""value"": 1.0, ""contribution"": -0.1048}, {""name"": ""home_plate_ump_nrfi_rate"", ""value"": 0.4391, ""contribution"": 0.1024}]","[{""name"": ""home_plate_ump_nrfi_rate"", ""value"": 0.4391, ""contribution"": -0.3045}, {""name"": ""fi_park_nrfi_rate"", ""value"": 0.4201, ""contribution"": 0.2734}, {""name"": ""away_p_last5_pitcher_nrfi"", ""value"": 1.0, ""contribution"": -0.1047}, {""name"": ""wx_is_dome"", ""value"": 1.0, ""contribution"": -0.0598}, {""name"": ""away_fip"", ""value"": 4.4855, ""contribution"": -0.0578}]",521251,0.4391,4.546,4.349,32.0,76.0,0.6942,0.7136,5.53,4.93,0.7700,0.7103,R,L,YRFI,PASS,0,2,2,2026-05-06T02:10:04+00:00,,,,,,,,,,,,,,,,,,,,0.3957,0.3413,0.4622,0.4375,0.1681,0.1786,
2026-05-05,2026,824362,1,,NYM,COL,8:40 PM ET,Freddy Peralta,Michael Lorenzen,642547,547179,live,live,live,live,1.22,0.5627,0.534,1.0966,0.3822,0.2668,0.649,0.4802,0.5198,0.2997,0.7003,,,PASS,LINEUP PENDING,PASS - Lineup pending,4,2026-05-05T19:18:45Z,3.1,5.306,1.139,1.528,3.488,4.59,3.57,2.44,1.01,1.59,10.18,7.29,0.296,0.319,0.364,0.404,3.775,4.289,3.3,9.6,99.0,0.0,1.0,1.0,0.8,0.8,0.3187,0.2963,0.4041,0.3636,0.169,0.169,team_fallback,team_fallback,[],[],"[{""name"": ""away_top3c_slg"", ""value"": 0.3636, ""contribution"": 0.2579}, {""name"": ""home_xera"", ""value"": 4.6638, ""contribution"": 0.1814}, {""name"": ""fi_park_nrfi_rate"", ""value"": 0.4216, ""contribution"": 0.1611}, {""name"": ""away_obp"", ""value"": 0.2963, ""contribution"": -0.1522}, {""name"": ""era_gap_t1"", ""value"": 2.2062, ""contribution"": 0.1268}]","[{""name"": ""fi_park_nrfi_rate"", ""value"": 0.4216, ""contribution"": 0.2682}, {""name"": ""era_gap_b1"", ""value"": -2.2062, ""contribution"": -0.2206}, {""name"": ""wx_temp_c"", ""value"": 3.3, ""contribution"": -0.2054}, {""name"": ""away_xera"", ""value"": 3.3533, ""contribution"": -0.1529}, {""name"": ""away_p_last5_pitcher_nrfi"", ""value"": 1.0, ""contribution"": -0.1047}]",,0.5084,4.664,3.353,38.0,90.0,0.7613,0.751,5.13,5.6,0.7140,0.8873,R,R,POSTPONED,POSTPONED,,,,2026-05-07T03:54:49+00:00,,,,,,,,,,,,,,,,,,,,,,,,,,
2026-05-05,2026,823062,1,,MIL,STL,7:45 PM ET,Brandon Sproat,Andre Pallante,687075,669467,ltd,live,live,live,0.97,0.5179,0.5819,1.0998,0.3102,0.382,0.6921,0.4663,0.5337,0.3009,0.6991,,,PASS,LINEUP PENDING,PASS - Lineup pending,4,2026-05-05T21:10:28Z,5.269,4.619,1.388,1.383,4.886,4.513,3.96,3.71,1.55,1.16,8.64,6.76,0.33,0.324,0.375,0.406,4.934,4.775,9.4,12.2,94.0,0.0,0.4,0.6,0.7,0.75,0.3734,0.3305,0.4351,0.3751,0.1807,0.169,lineup,team_fallback,[],[],"[{""name"": ""away_top3c_slg"", ""value"": 0.3751, ""contribution"": 0.2199}, {""name"": ""away_obp"", ""value"": 0.3305, ""contribution"": 0.1032}, {""name"": ""home_fip"", ""value"": 4.5127, ""contribution"": -0.0723}, {""name"": ""home_xera"", ""value"": 4.3636, ""contribution"": 0.0654}, {""name"": ""home_plate_ump_nrfi_rate"", ""value"": 0.5511, ""contribution"": -0.0565}]","[{""name"": ""home_plate_ump_nrfi_rate"", ""value"": 0.5511, ""contribution"": 0.1679}, {""name"": ""wx_temp_c"", ""value"": 9.4, ""contribution"": -0.1376}, {""name"": ""away_fip"", ""value"": 4.8864, ""contribution"": -0.1045}, {""name"": ""fi_park_nrfi_rate"", ""value"": 0.5235, ""contribution"": -0.0939}, {""name"": ""home_top3c_obp"", ""value"": 0.3734, ""contribution"": 0.0802}]",483912,0.5511,4.364,4.139,56.0,16.0,0.7396,0.7136,5.27,4.8,0.7200,0.7200,R,R,POSTPONED,POSTPONED,,,,2026-05-07T03:54:49+00:00,,,,,,,,,,,,,,,,,,,,,,,,,,
2026-05-05,2026,822986,1,,TOR,TB,6:40 PM ET,Kevin Gausman,Drew Rasmussen,592332,656876,live,live,live,live,0.93,0.3372,0.3505,0.6877,0.2278,0.3398,0.5677,0.5158,0.4842,0.1515,0.8485,,,PASS,NO EDGE,PASS - No edge,4,2026-05-05T21:10:28Z,3.344,2.708,1.01,0.947,3.329,3.674,2.06,1.91,1.05,1.26,8.88,8.44,0.315,0.324,0.394,0.389,4.215,4.464,,,,1.0,0.8,1.0,0.9,0.8,0.3462,0.3333,0.4312,0.4408,0.1558,0.1896,lineup,lineup,"[{""id"": 663743, ""name"": ""Nick Fortes"", ""bats"": ""R"", ""obp"": 0.30434782608695654, ""slg"": 0.3563218390804598, ""iso"": 0.09195402298850575, ""ab"": 87}, {""id"": 691406, ""name"": ""Junior Caminero"", ""bats"": ""R"", ""obp"": 0.3469387755102041, ""slg"": 0.4921875, ""iso"": 0.234375, ""ab"": 128}, {""id"": 670764, ""name"": ""Taylor Walls"", ""bats"": ""S"", ""obp"": 0.2962962962962963, ""slg"": 0.23943661971830985, ""iso"": 0.04225352112676056, ""ab"": 71}]","[{""id"": 543807, ""name"": ""George Springer"", ""bats"": ""R"", ""obp"": 0.30666666666666664, ""slg"": 0.36363636363636365, ""iso"": 0.15151515151515152, ""ab"": 66}, {""id"": 682818, ""name"": ""Yohendrick Pi\u00f1ango"", ""bats"": ""L"", ""obp"": 0.5263157894736842, ""slg"": 0.5555555555555556, ""iso"": 0.05555555555555558, ""ab"": 18}, {""id"": 672960, ""name"": ""Kazuma Okamoto"", ""bats"": ""R"", ""obp"": 0.32167832167832167, ""slg"": 0.4645669291338583, ""iso"": 0.2283464566929134, ""ab"": 127}]","[{""name"": ""home_xera"", ""value"": 3.2993, ""contribution"": -0.3458}, {""name"": ""fi_park_nrfi_rate"", ""value"": 0.4424, ""contribution"": 0.1167}, {""name"": ""wx_is_dome"", ""value"": 1.0, ""contribution"": -0.1048}, {""name"": ""away_top3c_iso"", ""value"": 0.1896, ""contribution"": 0.0462}, {""name"": ""home_p_last10_pitcher_nrfi"", ""value"": 0.9, ""contribution"": 0.0444}]","[{""name"": ""fi_park_nrfi_rate"", ""value"": 0.4424, ""contribution"": 0.1943}, {""name"": ""away_xera"", ""value"": 3.5212, ""contribution"": -0.1228}, {""name"": ""away_p_last5_pitcher_nrfi"", ""value"": 1.0, ""contribution"": -0.1047}, {""name"": ""away_fip"", ""value"": 3.3285, ""contribution"": 0.0769}, {""name"": ""home_plate_ump_nrfi_rate"", ""value"": 0.5268, ""contribution"": 0.0654}]",427197,0.5268,3.299,3.521,44.0,81.0,0.6643,0.6646,5.13,5.73,0.7317,0.7670,R,R,YRFI,PASS,1,0,1,2026-05-05T23:00:42+00:00,,,,,,,,,,,,,,,,,,,,0.3918,0.3065,0.5402,0.3488,0.2184,0.1395,
2026-05-05,2026,824040,1,,CWS,LAA,9:38 PM ET,Erick Fedde,Sam Aldegheri,607200,691951,live,sm,live,live,0.99,0.4697,0.551,1.0207,0.2816,0.5926,0.8742,0.4018,0.5982,0.2718,0.7282,,,YRFI,STRONG,STRONG YRFI,4,2026-05-05T23:55:43Z,4.468,4.235,1.304,1.266,4.939,4.34,3.71,3.33,1.28,1.31,5.62,9.08,0.322,0.322,0.395,0.391,4.335,4.407,19.4,17.9,43.0,0.0,0.0,0.8,0.0,0.6,0.3532,0.3463,0.4268,0.4247,0.1894,0.1855,lineup,lineup,"[{""id"": 687263, ""name"": ""Zach Neto"", ""bats"": ""R"", ""obp"": 0.32335329341317365, ""slg"": 0.3706293706293706, ""iso"": 0.16083916083916083, ""ab"": 143}, {""id"": 545361, ""name"": ""Mike Trout"", ""bats"": ""R"", ""obp"": 0.422360248447205, ""slg"": 0.532258064516129, ""iso"": 0.282258064516129, ""ab"": 124}, {""id"": 694384, ""name"": ""Nolan Schanuel"", ""bats"": ""L"", ""obp"": 0.30985915492957744, ""slg"": 0.3875968992248062, ""iso"": 0.13178294573643412, ""ab"": 129}]","[{""id"": 805367, ""name"": ""Chase Meidroth"", ""bats"": ""R"", ""obp"": 0.3404255319148936, ""slg"": 0.344, ""iso"": 0.07999999999999996, ""ab"": 125}, {""id"": 678246, ""name"": ""Miguel Vargas"", ""bats"": ""R"", ""obp"": 0.36, ""slg"": 0.44715447154471544, ""iso"": 0.21951219512195122, ""ab"": 123}, {""id"": 695657, ""name"": ""Colson Montgomery"", ""bats"": ""L"", ""obp"": 0.33793103448275863, ""slg"": 0.4838709677419355, ""iso"": 0.25806451612903225, ""ab"": 124}]","[{""name"": ""home_p_last10_pitcher_nrfi"", ""value"": 0.0, ""contribution"": -0.1876}, {""name"": ""fi_park_nrfi_rate"", ""value"": 0.4508, ""contribution"": 0.0988}, {""name"": ""home_plate_ump_nrfi_rate"", ""value"": 0.574, ""contribution"": -0.0889}, {""name"": ""away_top3c_slg"", ""value"": 0.4247, ""contribution"": 0.0565}, {""name"": ""home_fip"", ""value"": 4.3398, ""contribution"": -0.0483}]","[{""name"": ""home_plate_ump_nrfi_rate"", ""value"": 0.574, ""contribution"": 0.2645}, {""name"": ""away_xera"", ""value"": 5.1853, ""contribution"": 0.1756}, {""name"": ""fi_park_nrfi_rate"", ""value"": 0.4508, ""contribution"": 0.1644}, {""name"": ""away_fip"", ""value"": 4.9386, ""contribution"": -0.1106}, {""name"": ""wx_wind_kmh"", ""value"": 17.9, ""contribution"": 0.0914}]",596740,0.574,4.2,5.185,50.0,8.0,0.7136,0.7272,4.67,5.13,0.9233,0.8173,R,L,YRFI,WIN,2,2,4,2026-05-06T02:10:04+00:00,-105,-120,DraftKings,,,,,,,Y,1,0.833,,,,,,,,0.3594,0.3231,0.3945,0.3478,0.1376,0.1130,
2026-05-05,2026,823227,1,,SD,SF,9:45 PM ET,Walker Buehler,Logan Webb,621111,657277,live,live,live,live,0.94,0.3318,0.475,0.8068,0.2197,0.4426,0.6623,0.4802,0.5198,0.1937,0.8063,,,PASS,NO EDGE,PASS - No edge,4,2026-05-05T23:55:43Z,5.12,3.786,1.535,1.303,4.515,2.901,4.36,2.56,1.11,0.61,7.39,8.71,0.308,0.296,0.388,0.375,4.362,3.515,15.9,16.8,80.0,0.0,0.8,1.0,0.8,0.8,0.3116,0.3127,0.4082,0.4006,0.1452,0.1584,lineup,lineup,"[{""id"": 808982, ""name"": ""Jung Hoo Lee"", ""bats"": ""L"", ""obp"": 0.32116788321167883, ""slg"": 0.4, ""iso"": 0.128, ""ab"": 125}, {""id"": 669477, ""name"": ""Casey Schmitt"", ""bats"": ""R"", ""obp"": 0.358974358974359, ""slg"": 0.5420560747663551, ""iso"": 0.23364485981308408, ""ab"": 107}, {""id"": 646240, ""name"": ""Rafael Devers"", ""bats"": ""L"", ""obp"": 0.2638888888888889, ""slg"": 0.3082706766917293, ""iso"": 0.09022556390977443, ""ab"": 133}]","[{""id"": 701538, ""name"": ""Jackson Merrill"", ""bats"": ""L"", ""obp"": 0.2826086956521739, ""slg"": 0.36220472440944884, ""iso"": 0.14173228346456695, ""ab"": 127}, {""id"": 592518, ""name"": ""Manny Machado"", ""bats"": ""R"", ""obp"": 0.3283582089552239, ""slg"": 0.3893805309734513, ""iso"": 0.16814159292035397, ""ab"": 113}, {""id"": 609280, ""name"": ""Miguel Andujar"", ""bats"": ""R"", ""obp"": 0.3372093023255814, ""slg"": 0.47560975609756095, ""iso"": 0.17073170731707316, ""ab"": 82}]","[{""name"": ""home_xera"", ""value"": 3.4815, ""contribution"": -0.2754}, {""name"": ""home_fip"", ""value"": 2.9008, ""contribution"": 0.151}, {""name"": ""away_top3c_slg"", ""value"": 0.4006, ""contribution"": 0.1359}, {""name"": ""away_top3c_iso"", ""value"": 0.1584, ""contribution"": -0.0843}, {""name"": ""away_top3c_obp"", ""value"": 0.3127, ""contribution"": -0.0772}]","[{""name"": ""away_xera"", ""value"": 5.2493, ""contribution"": 0.1871}, {""name"": ""era_gap_b1"", ""value"": 1.3345, ""contribution"": 0.1335}, {""name"": ""away_p_last5_pitcher_nrfi"", ""value"": 1.0, ""contribution"": -0.1047}, {""name"": ""wx_wind_kmh"", ""value"": 16.8, ""contribution"": 0.0741}, {""name"": ""home_top3c_iso"", ""value"": 0.1452, ""contribution"": -0.0725}]",503077,0.5258,3.482,5.249,48.0,15.0,0.6883,0.7396,6.6,4.2,0.6487,0.7023,R,R,YRFI,PASS,0,2,2,2026-05-06T02:10:04+00:00,,,,,,,,,,,,,,,,,,,,0.3089,0.3500,0.4569,0.4953,0.1897,0.2056,
2026-05-06,2026,824118,1,N,CLE,KC,7:40 PM ET,Joey Cantillo,Cole Ragans,676282,666142,live,ltd,live,live,0.96,0.517,0.4787,0.9957,0.2059,0.1848,0.3907,0.6623,0.3377,0.2627,0.7373,,,NRFI,STRONG,STRONG NRFI,4,2026-05-06T21:53:21Z,3.533,4.818,1.323,1.319,3.956,4.731,4.0,4.32,1.15,1.87,9.74,11.61,0.316,0.319,0.388,0.398,4.188,4.27,15.9,15.3,25.0,0.0,0.4,0.6,0.6,0.7,0.3487,0.3421,0.3971,0.4694,0.1324,0.2111,lineup,lineup,"[{""id"": 672580, ""name"": ""Maikel Garcia"", ""bats"": ""R"", ""obp"": 0.3221476510067114, ""slg"": 0.40601503759398494, ""iso"": 0.15037593984962405, ""ab"": 133}, {""id"": 677951, ""name"": ""Bobby Witt Jr."", ""bats"": ""R"", ""obp"": 0.35802469135802467, ""slg"": 0.43356643356643354, ""iso"": 0.14685314685314682, ""ab"": 143}, {""id"": 695506, ""name"": ""Jac Caglianone"", ""bats"": ""L"", ""obp"": 0.3305084745762712, ""slg"": 0.42857142857142855, ""iso"": 0.18095238095238092, ""ab"": 105}]","[{""id"": 682657, ""name"": ""Angel Mart\u00ednez"", ""bats"": ""S"", ""obp"": 0.30701754385964913, ""slg"": 0.4766355140186916, ""iso"": 0.20560747663551404, ""ab"": 107}, {""id"": 800050, ""name"": ""Chase DeLauter"", ""bats"": ""L"", ""obp"": 0.3880597014925373, ""slg"": 0.5431034482758621, ""iso"": 0.24137931034482762, ""ab"": 116}, {""id"": 608070, ""name"": ""Jos\u00e9 Ram\u00edrez"", ""bats"": ""S"", ""obp"": 0.32919254658385094, ""slg"": 0.40145985401459855, ""iso"": 0.18978102189781024, ""ab"": 137}]","[{""name"": ""home_xera"", ""value"": 3.1115, ""contribution"": -0.4184}, {""name"": ""away_top3c_iso"", ""value"": 0.2111, ""contribution"": 0.1364}, {""name"": ""fi_park_nrfi_rate"", ""value"": 0.5604, ""contribution"": -0.1351}, {""name"": ""home_fip"", ""value"": 4.7305, ""contribution"": -0.1024}, {""name"": ""home_plate_ump_nrfi_rate"", ""value"": 0.4415, ""contribution"": 0.099}]","[{""name"": ""home_plate_ump_nrfi_rate"", ""value"": 0.4415, ""contribution"": -0.2943}, {""name"": ""fi_park_nrfi_rate"", ""value"": 0.5604, ""contribution"": -0.2249}, {""name"": ""era_gap_b1"", ""value"": -1.2857, ""contribution"": -0.1285}, {""name"": ""away_xera"", ""value"": 3.5746, ""contribution"": -0.1132}, {""name"": ""home_top3c_iso"", ""value"": 0.1324, ""contribution"": -0.1012}]",554242,0.4415,3.111,3.575,100.0,89.0,0.7075,0.7075,4.47,5.07,0.9290,0.9377,L,L,NRFI,WIN,0,0,0,2026-05-07T02:34:08+00:00,-145,+110,DraftKings,2026-05-06T23:09:59+00:00,0.5918,0.4762,0.0705,-0.1385,0.0705,Y,1,0.69,-145,+110,2026-05-06T23:09:59+00:00,0,,,,0.3438,0.3200,0.4505,0.5268,0.1622,0.2768,
2026-05-06,2026,822985,1,,TOR,TB,1:10 PM ET,Patrick Corbin,Shane McClanahan,571578,663556,live,sm,live,live,0.93,0.3828,0.4482,0.831,0.3583,0.4853,0.8437,0.4043,0.5957,0.2024,0.7976,,,YRFI,STRONG,STRONG YRFI,4,2026-05-06T15:59:49Z,4.117,3.738,1.322,1.216,4.07,3.622,2.83,3.55,1.18,0.83,7.54,9.07,0.315,0.324,0.393,0.388,4.191,4.455,,,,1.0,0.8,0.8,0.8333,0.7,0.3716,0.3554,0.4732,0.4337,0.1846,0.1657,lineup,lineup,"[{""id"": 650490, ""name"": ""Yandy D\u00edaz"", ""bats"": ""R"", ""obp"": 0.40559440559440557, ""slg"": 0.48, ""iso"": 0.15999999999999998, ""ab"": 125}, {""id"": 656775, ""name"": ""Cedric Mullins"", ""bats"": ""L"", ""obp"": 0.1896551724137931, ""slg"": 0.22429906542056074, ""iso"": 0.09345794392523366, ""ab"": 107}, {""id"": 691406, ""name"": ""Junior Caminero"", ""bats"": ""R"", ""obp"": 0.3509933774834437, ""slg"": 0.48854961832061067, ""iso"": 0.22900763358778625, ""ab"": 131}]","[{""id"": 543807, ""name"": ""George Springer"", ""bats"": ""R"", ""obp"": 0.3, ""slg"": 0.34285714285714286, ""iso"": 0.14285714285714285, ""ab"": 70}, {""id"": 672960, ""name"": ""Kazuma Okamoto"", ""bats"": ""R"", ""obp"": 0.32653061224489793, ""slg"": 0.48854961832061067, ""iso"": 0.24427480916030533, ""ab"": 131}, {""id"": 665489, ""name"": ""Vladimir Guerrero Jr."", ""bats"": ""R"", ""obp"": 0.41333333333333333, ""slg"": 0.42748091603053434, ""iso"": 0.09923664122137404, ""ab"": 131}]","[{""name"": ""home_xera"", ""value"": 4.7456, ""contribution"": 0.213}, {""name"": ""fi_park_nrfi_rate"", ""value"": 0.4424, ""contribution"": 0.1167}, {""name"": ""wx_is_dome"", ""value"": 1.0, ""contribution"": -0.1048}, {""name"": ""away_top3c_iso"", ""value"": 0.1657, ""contribution"": -0.0539}, {""name"": ""home_fip"", ""value"": 3.6217, ""contribution"": 0.0512}]","[{""name"": ""fi_park_nrfi_rate"", ""value"": 0.4424, ""contribution"": 0.1943}, {""name"": ""home_plate_ump_nrfi_rate"", ""value"": 0.5467, ""contribution"": 0.1494}, {""name"": ""away_xera"", ""value"": 4.7815, ""contribution"": 0.1032}, {""name"": ""home_top3c_obp"", ""value"": 0.3716, ""contribution"": 0.0759}, {""name"": ""home_top3c_slg"", ""value"": 0.4732, ""contribution"": -0.0645}]",598411,0.5467,4.746,4.782,50.0,54.0,0.7197,0.7396,4.87,4.93,0.9450,0.7450,L,L,NRFI,LOSS,0,0,0,2026-05-06T17:25:19+00:00,,,,,,,,,,Y,1,-1,,,,,,,,0.3644,0.3014,0.4762,0.3021,0.1905,0.0938,
2026-05-06,2026,823226,1,,SD,SF,3:45 PM ET,Bradgley Rodriguez,Adrian Houser,699134,605288,sm,live,live,live,0.94,0.4585,0.3615,0.82,0.2718,0.227,0.4989,0.6312,0.3688,0.1984,0.8016,,,NRFI,STRONG,STRONG NRFI,4,2026-05-06T18:13:53Z,3.456,4.948,1.201,1.464,3.723,4.46,3.08,2.85,0.85,1.18,8.26,5.86,0.31,0.295,0.393,0.375,4.475,3.544,19.1,21.2,68.0,0.0,0.2,0.5,0.2,0.5,0.3225,0.3162,0.4486,0.4125,0.1703,0.1632,lineup,lineup,"[{""id"": 671218, ""name"": ""Heliot Ramos"", ""bats"": ""R"", ""obp"": 0.2971014492753623, ""slg"": 0.4076923076923077, ""iso"": 0.14615384615384613, ""ab"": 130}, {""id"": 808982, ""name"": ""Jung Hoo Lee"", ""bats"": ""L"", ""obp"": 0.3191489361702128, ""slg"": 0.3953488372093023, ""iso"": 0.12403100775193798, ""ab"": 129}, {""id"": 669477, ""name"": ""Casey Schmitt"", ""bats"": ""R"", ""obp"": 0.35537190082644626, ""slg"": 0.5585585585585585, ""iso"": 0.25225225225225223, ""ab"": 111}]","[{""id"": 701538, ""name"": ""Jackson Merrill"", ""bats"": ""L"", ""obp"": 0.2937062937062937, ""slg"": 0.3787878787878788, ""iso"": 0.14393939393939392, ""ab"": 132}, {""id"": 592518, ""name"": ""Manny Machado"", ""bats"": ""R"", ""obp"": 0.31654676258992803, ""slg"": 0.3728813559322034, ""iso"": 0.1610169491525424, ""ab"": 118}, {""id"": 609280, ""name"": ""Miguel Andujar"", ""bats"": ""R"", ""obp"": 0.3516483516483517, ""slg"": 0.5172413793103449, ""iso"": 0.19540229885057475, ""ab"": 87}]","[{""name"": ""home_p_last10_pitcher_nrfi"", ""value"": 0.2, ""contribution"": -0.1361}, {""name"": ""away_top3c_slg"", ""value"": 0.4125, ""contribution"": 0.0969}, {""name"": ""era_gap_t1"", ""value"": 1.492, ""contribution"": 0.0857}, {""name"": ""wx_wind_kmh"", ""value"": 21.2, ""contribution"": 0.0683}, {""name"": ""away_top3c_obp"", ""value"": 0.3162, ""contribution"": -0.067}]","[{""name"": ""away_xera"", ""value"": 1.65, ""contribution"": -0.4583}, {""name"": ""era_gap_b1"", ""value"": -1.492, ""contribution"": -0.1492}, {""name"": ""wx_wind_kmh"", ""value"": 21.2, ""contribution"": 0.1434}, {""name"": ""away_p_last5_pitcher_nrfi"", ""value"": 0.5, ""contribution"": 0.0856}, {""name"": ""home_plate_ump_nrfi_rate"", ""value"": 0.4946, ""contribution"": -0.0704}]",503586,0.4946,4.301,1.65,10.0,85.0,0.678,0.7136,5.0,5.0,0.6487,0.7663,R,R,NRFI,WIN,0,0,0,2026-05-06T20:17:18+00:00,,,,,,,,,,Y,1,0.909,,,,,,,,0.3254,0.3333,0.5083,0.5263,0.2167,0.2368,
2026-05-06,2026,822740,1,,MIN,WSH,6:45 PM ET,Bailey Ober,Miles Mikolas,641927,571945,live,live,live,live,0.97,0.5966,0.4839,1.0805,0.4621,0.3075,0.7696,0.4311,0.5689,0.2938,0.7062,,,PASS,LOW LAMBDA,PASS - Low lambda,4,2026-05-06T21:18:15Z,4.345,6.209,1.217,1.482,4.376,5.675,2.48,2.75,1.41,2.07,7.14,5.99,0.325,0.317,0.393,0.39,4.76,4.897,22.5,14.8,65.0,0.0,0.8,1.0,0.8,0.9,0.3431,0.3413,0.4463,0.4746,0.209,0.209,lineup,lineup,"[{""id"": 695578, ""name"": ""James Wood"", ""bats"": ""L"", ""obp"": 0.38011695906432746, ""slg"": 0.5072463768115942, ""iso"": 0.2753623188405797, ""ab"": 138}, {""id"": 695734, ""name"": ""Daylen Lile"", ""bats"": ""L"", ""obp"": 0.3161290322580645, ""slg"": 0.375886524822695, ""iso"": 0.1276595744680851, ""ab"": 141}, {""id"": 678554, ""name"": ""Curtis Mead"", ""bats"": ""R"", ""obp"": 0.3176470588235294, ""slg"": 0.4666666666666667, ""iso"": 0.24000000000000002, ""ab"": 75}]","[{""id"": 681546, ""name"": ""James Outman"", ""bats"": ""L"", ""obp"": 0.18181818181818182, ""slg"": 0.1935483870967742, ""iso"": 0.06451612903225806, ""ab"": 31}, {""id"": 686797, ""name"": ""Brooks Lee"", ""bats"": ""S"", ""obp"": 0.3225806451612903, ""slg"": 0.43478260869565216, ""iso"": 0.16521739130434782, ""ab"": 115}, {""id"": 663616, ""name"": ""Trevor Larnach"", ""bats"": ""L"", ""obp"": 0.41836734693877553, ""slg"": 0.425, ""iso"": 0.1375, ""ab"": 80}]","[{""name"": ""home_xera"", ""value"": 5.2867, ""contribution"": 0.4221}, {""name"": ""home_fip"", ""value"": 5.6752, ""contribution"": -0.2333}, {""name"": ""away_top3c_iso"", ""value"": 0.209, ""contribution"": 0.1274}, {""name"": ""away_top3c_slg"", ""value"": 0.4746, ""contribution"": -0.1079}, {""name"": ""era_gap_t1"", ""value"": 1.8643, ""contribution"": 0.1071}]","[{""name"": ""era_gap_b1"", ""value"": -1.8643, ""contribution"": -0.1864}, {""name"": ""away_p_last5_pitcher_nrfi"", ""value"": 1.0, ""contribution"": -0.1047}, {""name"": ""fi_park_nrfi_rate"", ""value"": 0.4681, ""contribution"": 0.1028}, {""name"": ""home_top3c_iso"", ""value"": 0.209, ""contribution"": 0.0699}, {""name"": ""away_fip"", ""value"": 4.376, ""contribution"": -0.0451}]",547380,0.5173,5.287,4.06,5.0,57.0,0.7272,0.6796,4.27,6.0,0.6760,0.8183,R,R,NRFI,PASS,0,0,0,2026-05-06T23:54:31+00:00,-105,-125,DraftKings,2026-05-06T23:06:40+00:00,0.5122,0.5556,-0.0811,0.0133,,N,,,-105,-125,2026-05-06T22:45:19+00:00,,,,,0.3673,0.2941,0.4945,0.2673,0.1758,0.0990,
2026-05-06,2026,823550,1,N,TEX,NYY,7:05 PM ET,Nathan Eovaldi,Will Warren,543135,701542,live,live,live,live,1.02,0.3924,0.4666,0.8591,0.3521,0.4341,0.7862,0.4179,0.5821,0.2126,0.7874,,,YRFI,STRONG,STRONG YRFI,4,2026-05-06T21:53:21Z,3.23,3.452,1.093,1.221,3.719,3.337,1.87,2.8,1.37,1.1,8.94,10.28,0.317,0.332,0.385,0.446,3.955,5.211,17.1,11.8,89.0,0.0,1.0,0.4,0.8,0.6,0.3678,0.3485,0.515,0.4347,0.2698,0.1702,lineup,lineup,"[{""id"": 663757, ""name"": ""Trent Grisham"", ""bats"": ""L"", ""obp"": 0.30656934306569344, ""slg"": 0.36607142857142855, ""iso"": 0.1964285714285714, ""ab"": 112}, {""id"": 592450, ""name"": ""Aaron Judge"", ""bats"": ""R"", ""obp"": 0.41139240506329117, ""slg"": 0.6484375, ""iso"": 0.375, ""ab"": 128}, {""id"": 641355, ""name"": ""Cody Bellinger"", ""bats"": ""L"", ""obp"": 0.37748344370860926, ""slg"": 0.5118110236220472, ""iso"": 0.22834645669291337, ""ab"": 127}]","[{""id"": 607043, ""name"": ""Brandon Nimmo"", ""bats"": ""L"", ""obp"": 0.3741496598639456, ""slg"": 0.46153846153846156, ""iso"": 0.16153846153846158, ""ab"": 130}, {""id"": 677649, ""name"": ""Ezequiel Duran"", ""bats"": ""R"", ""obp"": 0.37037037037037035, ""slg"": 0.4520547945205479, ""iso"": 0.1506849315068493, ""ab"": 73}, {""id"": 608369, ""name"": ""Corey Seager"", ""bats"": ""L"", ""obp"": 0.3108108108108108, ""slg"": 0.3968253968253968, ""iso"": 0.19047619047619047, ""ab"": 126}]","[{""name"": ""home_fip"", ""value"": 3.337, ""contribution"": 0.0906}, {""name"": ""fi_park_nrfi_rate"", ""value"": 0.4645, ""contribution"": 0.0695}, {""name"": ""home_xera"", ""value"": 4.3451, ""contribution"": 0.0583}, {""name"": ""home_plate_ump_nrfi_rate"", ""value"": 0.5521, ""contribution"": -0.0579}, {""name"": ""wx_is_dome"", ""value"": 0.0, ""contribution"": 0.0357}]","[{""name"": ""home_top3c_iso"", ""value"": 0.2698, ""contribution"": 0.2053}, {""name"": ""away_xera"", ""value"": 3.2112, ""contribution"": -0.1783}, {""name"": ""home_plate_ump_nrfi_rate"", ""value"": 0.5521, ""contribution"": 0.1721}, {""name"": ""home_top3c_slg"", ""value"": 0.515, ""contribution"": -0.149}, {""name"": ""away_p_last5_pitcher_nrfi"", ""value"": 0.4, ""contribution"": 0.1237}]",511890,0.5521,4.345,3.211,39.0,84.0,0.7396,0.699,5.53,6.2,0.7970,0.7793,R,R,YRFI,WIN,1,0,1,2026-05-06T23:54:31+00:00,-130,+100,DraftKings,2026-05-06T22:45:19+00:00,0.5652,0.5,-0.1473,0.0821,0.0821,Y,1,1,-130,+100,2026-05-06T22:45:19+00:00,0,,,,0.3594,0.4030,0.3725,0.6818,0.0980,0.3909,
2026-05-06,2026,824683,1,N,CIN,CHC,7:40 PM ET,Brady Singer,Colin Rea,663903,607067,live,live,live,live,1.0,0.398,0.5858,0.9837,0.3197,0.3494,0.669,0.4758,0.5242,0.2583,0.7417,,,PASS,NO EDGE,PASS - No edge,4,2026-05-06T21:53:21Z,4.716,4.155,1.458,1.281,4.513,3.664,2.89,2.5,1.43,1.0,7.31,7.72,0.307,0.342,0.393,0.424,4.191,5.093,12.7,20.6,33.0,0.0,1.0,0.2,0.8,0.5,0.3608,0.3206,0.4444,0.4486,0.1653,0.2089,lineup,lineup,"[{""id"": 663538, ""name"": ""Nico Hoerner"", ""bats"": ""R"", ""obp"": 0.3765432098765432, ""slg"": 0.45714285714285713, ""iso"": 0.15714285714285714, ""ab"": 140}, {""id"": 665804, ""name"": ""Miguel Amaya"", ""bats"": ""R"", ""obp"": 0.3484848484848485, ""slg"": 0.34545454545454546, ""iso"": 0.1272727272727273, ""ab"": 55}, {""id"": 608324, ""name"": ""Alex Bregman"", ""bats"": ""R"", ""obp"": 0.3393939393939394, ""slg"": 0.35664335664335667, ""iso"": 0.1118881118881119, ""ab"": 143}]","[{""id"": 667472, ""name"": ""Dane Myers"", ""bats"": ""R"", ""obp"": 0.4107142857142857, ""slg"": 0.3333333333333333, ""iso"": 0.06666666666666665, ""ab"": 45}, {""id"": 668709, ""name"": ""JJ Bleday"", ""bats"": ""L"", ""obp"": 0.41379310344827586, ""slg"": 0.8333333333333334, ""iso"": 0.5416666666666667, ""ab"": 24}, {""id"": 682829, ""name"": ""Elly De La Cruz"", ""bats"": ""S"", ""obp"": 0.3522012578616352, ""slg"": 0.528169014084507, ""iso"": 0.2535211267605633, ""ab"": 142}]","[{""name"": ""away_top3c_iso"", ""value"": 0.2089, ""contribution"": 0.1271}, {""name"": ""fi_park_nrfi_rate"", ""value"": 0.5435, ""contribution"": -0.0992}, {""name"": ""away_obp"", ""value"": 0.3074, ""contribution"": -0.0692}, {""name"": ""wx_wind_kmh"", ""value"": 20.6, ""contribution"": 0.0638}, {""name"": ""away_top3c_obp"", ""value"": 0.3206, ""contribution"": -0.0543}]","[{""name"": ""away_p_last5_pitcher_nrfi"", ""value"": 0.2, ""contribution"": 0.1998}, {""name"": ""fi_park_nrfi_rate"", ""value"": 0.5435, ""contribution"": -0.1651}, {""name"": ""wx_wind_kmh"", ""value"": 20.6, ""contribution"": 0.1339}, {""name"": ""home_plate_ump_nrfi_rate"", ""value"": 0.4839, ""contribution"": -0.1155}, {""name"": ""wx_temp_c"", ""value"": 12.7, ""contribution"": -0.1009}]",665297,0.4839,4.334,4.422,21.0,32.0,0.6169,0.7272,5.2,4.67,0.9803,0.7307,R,R,YRFI,PASS,1,2,3,2026-05-07T02:34:08+00:00,-135,+100,DraftKings,2026-05-06T23:57:50+00:00,0.5745,0.5,-0.0987,0.0242,,N,,,-135,+100,2026-05-06T23:09:59+00:00,,,,,0.4211,0.3306,0.5844,0.2941,0.2987,0.0784,
2026-05-06,2026,823063,1,,MIL,STL,1:15 PM ET,Brandon Sproat,Andre Pallante,687075,669467,ltd,live,live,live,0.97,0.5179,0.5819,1.0998,0.3146,0.3864,0.701,0.4657,0.5343,0.3009,0.6991,,,PASS,NO EDGE,PASS - No edge,4,2026-05-06T15:59:49Z,5.269,4.619,1.388,1.383,4.886,4.513,3.96,3.71,1.55,1.16,8.64,6.76,0.33,0.324,0.375,0.406,4.934,4.775,14.7,11.9,48.0,0.0,0.4,0.6,0.7,0.75,0.3734,0.4023,0.4351,0.436,0.1807,0.1706,lineup,lineup,"[{""id"": 802139, ""name"": ""JJ Wetherholt"", ""bats"": ""L"", ""obp"": 0.36024844720496896, ""slg"": 0.44029850746268656, ""iso"": 0.19402985074626866, ""ab"": 134}, {""id"": 671056, ""name"": ""Iv\u00e1n Herrera"", ""bats"": ""R"", ""obp"": 0.40993788819875776, ""slg"": 0.416, ""iso"": 0.16799999999999998, ""ab"": 125}, {""id"": 676475, ""name"": ""Alec Burleson"", ""bats"": ""L"", ""obp"": 0.34868421052631576, ""slg"": 0.44776119402985076, ""iso"": 0.17910447761194032, ""ab"": 134}]","[{""id"": 686217, ""name"": ""Sal Frelick"", ""bats"": ""L"", ""obp"": 0.3114754098360656, ""slg"": 0.3173076923076923, ""iso"": 0.10576923076923075, ""ab"": 104}, {""id"": 694192, ""name"": ""Jackson Chourio"", ""bats"": ""R"", ""obp"": 1.0, ""slg"": 1.5, ""iso"": 0.5, ""ab"": 4}, {""id"": 668930, ""name"": ""Brice Turang"", ""bats"": ""L"", ""obp"": 0.43356643356643354, ""slg"": 0.5217391304347826, ""iso"": 0.21739130434782605, ""ab"": 115}]","[{""name"": ""away_top3c_obp"", ""value"": 0.4023, ""contribution"": 0.1824}, {""name"": ""away_obp"", ""value"": 0.3305, ""contribution"": 0.1032}, {""name"": ""home_fip"", ""value"": 4.5127, ""contribution"": -0.0723}, {""name"": ""home_xera"", ""value"": 4.3636, ""contribution"": 0.0654}, {""name"": ""home_plate_ump_nrfi_rate"", ""value"": 0.5511, ""contribution"": -0.0565}]","[{""name"": ""home_plate_ump_nrfi_rate"", ""value"": 0.5511, ""contribution"": 0.1679}, {""name"": ""away_fip"", ""value"": 4.8864, ""contribution"": -0.1045}, {""name"": ""fi_park_nrfi_rate"", ""value"": 0.5235, ""contribution"": -0.0939}, {""name"": ""home_top3c_obp"", ""value"": 0.3734, ""contribution"": 0.0802}, {""name"": ""wx_temp_c"", ""value"": 14.7, ""contribution"": -0.0786}]",483912,0.5511,4.364,4.139,56.0,16.0,0.7396,0.7136,5.27,4.8,0.8087,0.8130,R,R,YRFI,PASS,4,0,4,2026-05-06T18:11:31+00:00,,,,,,,,,,,,,,,,,,,,0.3505,0.3841,0.4312,0.5546,0.1651,0.2689,
2026-05-06,2026,824198,1,,LAD,HOU,2:10 PM ET,Tyler Glasnow,Lance McCullers Jr.,607192,621121,live,ltd,live,live,0.99,0.593,0.4414,1.0343,0.4345,0.2476,0.6821,0.4677,0.5323,0.2769,0.7231,,,PASS,NO EDGE,PASS - No edge,4,2026-05-06T16:27:59Z,3.011,5.724,0.987,1.46,3.402,4.541,3.55,4.77,1.0,1.29,10.61,9.46,0.341,0.335,0.431,0.428,4.917,4.803,,,,1.0,0.4,1.0,0.5,0.8,0.3744,0.3448,0.5015,0.4105,0.2246,0.1579,lineup,lineup,"[{""id"": 694728, ""name"": ""Brice Matthews"", ""bats"": ""R"", ""obp"": 0.2875, ""slg"": 0.39436619718309857, ""iso"": 0.18309859154929575, ""ab"": 71}, {""id"": 543877, ""name"": ""Christian V\u00e1zquez"", ""bats"": ""R"", ""obp"": 0.35384615384615387, ""slg"": 0.4666666666666667, ""iso"": 0.16666666666666669, ""ab"": 60}, {""id"": 669397, ""name"": ""Nick Allen"", ""bats"": ""R"", ""obp"": 0.32, ""slg"": 0.30434782608695654, ""iso"": 0.043478260869565244, ""ab"": 23}]","[{""id"": 660271, ""name"": ""Shohei Ohtani"", ""bats"": ""L"", ""obp"": 0.3821656050955414, ""slg"": 0.432, ""iso"": 0.192, ""ab"": 125}, {""id"": 500743, ""name"": ""Miguel Rojas"", ""bats"": ""R"", ""obp"": 0.3220338983050847, ""slg"": 0.3888888888888889, ""iso"": 0.1111111111111111, ""ab"": 54}, {""id"": 669289, ""name"": ""Santiago Espinal"", ""bats"": ""R"", ""obp"": 0.19230769230769232, ""slg"": 0.2692307692307692, ""iso"": 0.0769230769230769, ""ab"": 26}]","[{""name"": ""home_xera"", ""value"": 5.2588, ""contribution"": 0.4113}, {""name"": ""away_obp"", ""value"": 0.3406, ""contribution"": 0.1786}, {""name"": ""era_gap_t1"", ""value"": 2.7131, ""contribution"": 0.1559}, {""name"": ""wx_is_dome"", ""value"": 1.0, ""contribution"": -0.1048}, {""name"": ""away_top3c_slg"", ""value"": 0.4105, ""contribution"": 0.1033}]","[{""name"": ""era_gap_b1"", ""value"": -2.7131, ""contribution"": -0.2713}, {""name"": ""away_xera"", ""value"": 2.82, ""contribution"": -0.2485}, {""name"": ""home_plate_ump_nrfi_rate"", ""value"": 0.565, ""contribution"": 0.2266}, {""name"": ""home_top3c_slg"", ""value"": 0.5015, ""contribution"": -0.1218}, {""name"": ""away_p_last5_pitcher_nrfi"", ""value"": 1.0, ""contribution"": -0.1047}]",664263,0.565,5.259,2.82,52.0,96.0,0.7272,0.7136,4.87,6.53,0.7437,0.6303,R,R,YRFI,PASS,0,1,1,2026-05-06T19:30:45+00:00,,,,,,,,,,,,,,,,,,,,0.3195,0.3187,0.3472,0.3537,0.1389,0.0976,
2026-05-06,2026,824036,1,,CWS,LAA,4:07 PM ET,Noah Schultz,Walbert Ureña,702273,700712,sm,sm,live,live,0.99,0.4959,0.4664,0.9623,0.2633,0.3901,0.6535,0.4802,0.5198,0.2504,0.7496,,,PASS,NO EDGE,PASS - No edge,4,2026-05-06T18:13:53Z,3.623,4.102,1.174,1.419,3.967,4.205,3.86,4.37,0.93,1.02,8.77,9.07,0.322,0.321,0.394,0.395,4.309,4.399,22.3,15.3,51.0,0.0,1.0,0.75,1.0,0.75,0.3772,0.3727,0.4644,0.4952,0.2198,0.254,lineup,lineup,"[{""id"": 687263, ""name"": ""Zach Neto"", ""bats"": ""R"", ""obp"": 0.32748538011695905, ""slg"": 0.3945578231292517, ""iso"": 0.17687074829931973, ""ab"": 147}, {""id"": 545361, ""name"": ""Mike Trout"", ""bats"": ""R"", ""obp"": 0.43636363636363634, ""slg"": 0.5634920634920635, ""iso"": 0.30158730158730157, ""ab"": 126}, {""id"": 687093, ""name"": ""Vaughn Grissom"", ""bats"": ""R"", ""obp"": 0.3559322033898305, ""slg"": 0.42, ""iso"": 0.13999999999999996, ""ab"": 50}]","[{""id"": 803011, ""name"": ""Sam Antonacci"", ""bats"": ""L"", ""obp"": 0.38571428571428573, ""slg"": 0.43103448275862066, ""iso"": 0.15517241379310343, ""ab"": 58}, {""id"": 808959, ""name"": ""Munetaka Murakami"", ""bats"": ""L"", ""obp"": 0.3782051282051282, ""slg"": 0.5826771653543307, ""iso"": 0.3385826771653543, ""ab"": 127}, {""id"": 678246, ""name"": ""Miguel Vargas"", ""bats"": ""R"", ""obp"": 0.36129032258064514, ""slg"": 0.4365079365079365, ""iso"": 0.2142857142857143, ""ab"": 126}]","[{""name"": ""home_xera"", ""value"": 2.4971, ""contribution"": -0.6558}, {""name"": ""away_top3c_iso"", ""value"": 0.254, ""contribution"": 0.316}, {""name"": ""away_top3c_slg"", ""value"": 0.4952, ""contribution"": -0.1756}, {""name"": ""fi_park_nrfi_rate"", ""value"": 0.4508, ""contribution"": 0.0988}, {""name"": ""away_top3c_obp"", ""value"": 0.3727, ""contribution"": 0.0967}]","[{""name"": ""away_xera"", ""value"": 3.2713, ""contribution"": -0.1676}, {""name"": ""fi_park_nrfi_rate"", ""value"": 0.4508, ""contribution"": 0.1644}, {""name"": ""home_top3c_iso"", ""value"": 0.2198, ""contribution"": 0.0939}, {""name"": ""home_top3c_obp"", ""value"": 0.3772, ""contribution"": 0.089}, {""name"": ""wx_wind_kmh"", ""value"": 15.3, ""contribution"": 0.0504}]",427164,0.5083,2.497,3.271,50.0,50.0,0.7136,0.7136,4.89,5.33,0.8487,0.7883,L,R,NRFI,PASS,0,0,0,2026-05-06T21:15:27+00:00,,,,,,,,,,,,,,,,,,,,0.3852,0.3413,0.4608,0.4595,0.1961,0.1982,
2026-05-06,2026,823141,1,,ATL,SEA,4:10 PM ET,Martín Pérez,Bryan Woo,527048,693433,ltd,live,live,live,0.95,0.392,0.4297,0.8217,0.2093,0.3932,0.6025,0.4802,0.5198,0.199,0.801,,,PASS,NO EDGE,PASS - No edge,4,2026-05-06T18:13:53Z,3.202,3.785,1.104,1.001,4.174,3.702,3.29,1.53,1.04,1.29,7.24,7.95,0.332,0.319,0.45,0.386,5.361,4.168,,,,1.0,0.6,0.4,0.8,0.5,0.3165,0.3838,0.3747,0.5835,0.1557,0.27,lineup,lineup,"[{""id"": 641487, ""name"": ""J.P. Crawford"", ""bats"": ""L"", ""obp"": 0.3629032258064516, ""slg"": 0.36, ""iso"": 0.15, ""ab"": 100}, {""id"": 663728, ""name"": ""Cal Raleigh"", ""bats"": ""S"", ""obp"": 0.26490066225165565, ""slg"": 0.3684210526315789, ""iso"": 0.18796992481203006, ""ab"": 133}, {""id"": 677594, ""name"": ""Julio Rodr\u00edguez"", ""bats"": ""R"", ""obp"": 0.32919254658385094, ""slg"": 0.3904109589041096, ""iso"": 0.13013698630136988, ""ab"": 146}]","[{""id"": 686948, ""name"": ""Drake Baldwin"", ""bats"": ""L"", ""obp"": 0.38235294117647056, ""slg"": 0.5165562913907285, ""iso"": 0.21192052980132448, ""ab"": 151}, {""id"": 645277, ""name"": ""Ozzie Albies"", ""bats"": ""S"", ""obp"": 0.37735849056603776, ""slg"": 0.5524475524475524, ""iso"": 0.22377622377622375, ""ab"": 143}, {""id"": 621566, ""name"": ""Matt Olson"", ""bats"": ""L"", ""obp"": 0.39156626506024095, ""slg"": 0.6853146853146853, ""iso"": 0.3776223776223776, ""ab"": 143}]","[{""name"": ""home_xera"", ""value"": 2.9856, ""contribution"": -0.467}, {""name"": ""away_top3c_slg"", ""value"": 0.5835, ""contribution"": -0.4667}, {""name"": ""away_top3c_iso"", ""value"": 0.27, ""contribution"": 0.383}, {""name"": ""away_top3c_obp"", ""value"": 0.3838, ""contribution"": 0.1289}, {""name"": ""away_obp"", ""value"": 0.3322, ""contribution"": 0.1162}]","[{""name"": ""away_xera"", ""value"": 5.4973, ""contribution"": 0.2315}, {""name"": ""home_top3c_slg"", ""value"": 0.3747, ""contribution"": 0.1342}, {""name"": ""away_p_last5_pitcher_nrfi"", ""value"": 0.4, ""contribution"": 0.1237}, {""name"": ""wx_is_dome"", ""value"": 1.0, ""contribution"": -0.0598}, {""name"": ""era_gap_b1"", ""value"": -0.5832, ""contribution"": -0.0583}]",596809,0.5038,2.986,5.497,50.0,6.0,0.7136,0.7197,5.6,4.93,0.9210,0.6770,L,R,NRFI,PASS,0,0,0,2026-05-06T21:15:27+00:00,,,,,,,,,,,,,,,,,,,,0.4436,0.3358,0.7411,0.5492,0.3839,0.2869,
2026-05-06,2026,824282,1,,BOS,DET,6:40 PM ET,Sonny Gray,Jack Flaherty,543243,656427,live,live,live,live,0.98,0.5422,0.4219,0.9641,0.269,0.2799,0.549,0.5709,0.4291,0.251,0.749,,,NRFI,STRONG,STRONG NRFI,4,2026-05-06T21:18:15Z,4.287,5.17,1.256,1.494,3.675,4.562,1.92,5.17,1.22,1.4,8.23,10.27,0.318,0.324,0.377,0.403,4.152,4.457,12.1,10.9,35.0,0.0,0.6,0.6,0.8,0.8,0.3602,0.3456,0.4244,0.4383,0.1318,0.1785,lineup,lineup,"[{""id"": 805808, ""name"": ""Kevin McGonigle"", ""bats"": ""L"", ""obp"": 0.4025974025974026, ""slg"": 0.46616541353383456, ""iso"": 0.15789473684210525, ""ab"": 133}, {""id"": 663837, ""name"": ""Matt Vierling"", ""bats"": ""R"", ""obp"": 0.27906976744186046, ""slg"": 0.38961038961038963, ""iso"": 0.16883116883116886, ""ab"": 77}, {""id"": 690993, ""name"": ""Colt Keith"", ""bats"": ""L"", ""obp"": 0.3644859813084112, ""slg"": 0.39603960396039606, ""iso"": 0.06930693069306931, ""ab"": 101}]","[{""id"": 680776, ""name"": ""Jarren Duran"", ""bats"": ""L"", ""obp"": 0.25, ""slg"": 0.3333333333333333, ""iso"": 0.1382113821138211, ""ab"": 123}, {""id"": 575929, ""name"": ""Willson Contreras"", ""bats"": ""R"", ""obp"": 0.3815789473684211, ""slg"": 0.49206349206349204, ""iso"": 0.2222222222222222, ""ab"": 126}, {""id"": 677800, ""name"": ""Wilyer Abreu"", ""bats"": ""L"", ""obp"": 0.3933333333333333, ""slg"": 0.48484848484848486, ""iso"": 0.17424242424242425, ""ab"": 132}]","[{""name"": ""home_xera"", ""value"": 3.9079, ""contribution"": -0.1107}, {""name"": ""home_fip"", ""value"": 4.5615, ""contribution"": -0.079}, {""name"": ""home_avg_ip_per_start"", ""value"": 4.1333, ""contribution"": 0.0653}, {""name"": ""fi_park_nrfi_rate"", ""value"": 0.5258, ""contribution"": -0.0613}, {""name"": ""era_gap_t1"", ""value"": 0.8823, ""contribution"": 0.0507}]","[{""name"": ""wx_temp_c"", ""value"": 12.1, ""contribution"": -0.1075}, {""name"": ""home_top3c_iso"", ""value"": 0.1318, ""contribution"": -0.1023}, {""name"": ""fi_park_nrfi_rate"", ""value"": 0.5258, ""contribution"": -0.102}, {""name"": ""era_gap_b1"", ""value"": -0.8823, ""contribution"": -0.0882}, {""name"": ""away_xera"", ""value"": 3.8698, ""contribution"": -0.0603}]",485856,0.5084,3.908,3.87,57.0,65.0,0.7075,0.7412,4.13,4.6,0.7250,0.7603,R,R,NRFI,WIN,0,0,0,2026-05-06T23:54:31+00:00,-130,+100,DraftKings,2026-05-06T22:36:56+00:00,0.5652,0.5,0.0057,-0.0709,0.0057,Y,1,0.769,-130,+100,2026-05-06T22:36:56+00:00,0,,,,0.3841,0.3559,0.5214,0.3689,0.2308,0.0971,
2026-05-06,2026,823470,1,,OAK,PHI,6:40 PM ET,Jeffrey Springs,Zack Wheeler,605488,554430,live,live,live,live,1.04,0.3353,0.4837,0.819,0.1671,0.45,0.6171,0.4802,0.5198,0.198,0.802,,,PASS,NO EDGE,PASS - No edge,4,2026-05-06T21:18:15Z,4.037,2.654,1.151,0.953,4.41,2.614,2.83,2.44,1.44,0.9,7.74,11.7,0.324,0.305,0.403,0.391,4.335,4.074,19.2,14.6,82.0,0.0,0.4,0.4,0.6,0.6,0.3411,0.343,0.4829,0.4051,0.239,0.1513,lineup,lineup,"[{""id"": 607208, ""name"": ""Trea Turner"", ""bats"": ""R"", ""obp"": 0.29936305732484075, ""slg"": 0.3724137931034483, ""iso"": 0.1310344827586207, ""ab"": 145}, {""id"": 656941, ""name"": ""Kyle Schwarber"", ""bats"": ""L"", ""obp"": 0.34782608695652173, ""slg"": 0.5151515151515151, ""iso"": 0.31060606060606055, ""ab"": 132}, {""id"": 547180, ""name"": ""Bryce Harper"", ""bats"": ""L"", ""obp"": 0.37662337662337664, ""slg"": 0.5714285714285714, ""iso"": 0.2857142857142857, ""ab"": 133}]","[{""id"": 687231, ""name"": ""Darell Hernaiz"", ""bats"": ""R"", ""obp"": 0.31666666666666665, ""slg"": 0.2692307692307692, ""iso"": 0.05769230769230768, ""ab"": 52}, {""id"": 805779, ""name"": ""Jacob Wilson"", ""bats"": ""R"", ""obp"": 0.3129251700680272, ""slg"": 0.39436619718309857, ""iso"": 0.09859154929577463, ""ab"": 142}, {""id"": 691016, ""name"": ""Tyler Soderstrom"", ""bats"": ""L"", ""obp"": 0.3028169014084507, ""slg"": 0.416, ""iso"": 0.19999999999999998, ""ab"": 125}]","[{""name"": ""home_xera"", ""value"": 1.9492, ""contribution"": -0.8674}, {""name"": ""home_fip"", ""value"": 2.6138, ""contribution"": 0.1908}, {""name"": ""away_top3c_slg"", ""value"": 0.4051, ""contribution"": 0.1211}, {""name"": ""away_top3c_iso"", ""value"": 0.1513, ""contribution"": -0.1141}, {""name"": ""era_gap_t1"", ""value"": -1.3828, ""contribution"": -0.0795}]","[{""name"": ""era_gap_b1"", ""value"": 1.3828, ""contribution"": 0.1383}, {""name"": ""home_top3c_iso"", ""value"": 0.239, ""contribution"": 0.1368}, {""name"": ""away_p_last5_pitcher_nrfi"", ""value"": 0.4, ""contribution"": 0.1237}, {""name"": ""fi_park_nrfi_rate"", ""value"": 0.4713, ""contribution"": 0.0914}, {""name"": ""home_top3c_slg"", ""value"": 0.4829, ""contribution"": -0.0843}]",483561,0.5039,1.949,4.027,93.0,71.0,0.7396,0.6796,5.4,5.47,0.7063,0.6507,L,R,NRFI,PASS,0,0,0,2026-05-06T23:54:31+00:00,-120,-105,DraftKings,2026-05-06T22:42:16+00:00,0.5455,0.5122,-0.0653,0.0076,,N,,,-120,-105,2026-05-06T22:36:56+00:00,,,,,0.3499,0.3852,0.4151,0.5862,0.1509,0.2931,
2026-05-06,2026,823872,1,,BAL,MIA,6:40 PM ET,Brandon Young,Eury Pérez,687064,691587,ltd,live,live,live,0.95,0.4464,0.5437,0.9902,0.2286,0.3432,0.5718,0.4912,0.5088,0.2606,0.7394,,,PASS,NO EDGE,PASS - No edge,4,2026-05-06T21:18:15Z,4.944,4.344,1.436,1.228,4.976,4.035,3.28,3.5,1.63,1.31,7.53,9.72,0.319,0.327,0.394,0.389,4.525,4.309,,,,1.0,0.8,0.6,0.7,0.5,0.383,0.3473,0.4752,0.452,0.1749,0.1949,lineup,lineup,"[{""id"": 669364, ""name"": ""Xavier Edwards"", ""bats"": ""S"", ""obp"": 0.42483660130718953, ""slg"": 0.4621212121212121, ""iso"": 0.12878787878787878, ""ab"": 132}, {""id"": 689414, ""name"": ""Liam Hicks"", ""bats"": ""L"", ""obp"": 0.371900826446281, ""slg"": 0.5754716981132075, ""iso"": 0.25471698113207547, ""ab"": 106}, {""id"": 681393, ""name"": ""Connor Norby"", ""bats"": ""R"", ""obp"": 0.34146341463414637, ""slg"": 0.3904761904761905, ""iso"": 0.1523809523809524, ""ab"": 105}]","[{""id"": 683002, ""name"": ""Gunnar Henderson"", ""bats"": ""L"", ""obp"": 0.26993865030674846, ""slg"": 0.4429530201342282, ""iso"": 0.23489932885906042, ""ab"": 149}, {""id"": 621493, ""name"": ""Taylor Ward"", ""bats"": ""R"", ""obp"": 0.42857142857142855, ""slg"": 0.4140625, ""iso"": 0.125, ""ab"": 128}, {""id"": 668939, ""name"": ""Adley Rutschman"", ""bats"": ""S"", ""obp"": 0.34146341463414637, ""slg"": 0.5324675324675324, ""iso"": 0.23376623376623373, ""ab"": 77}]","[{""name"": ""home_xera"", ""value"": 3.5113, ""contribution"": -0.2639}, {""name"": ""wx_is_dome"", ""value"": 1.0, ""contribution"": -0.1048}, {""name"": ""fi_park_nrfi_rate"", ""value"": 0.463, ""contribution"": 0.0728}, {""name"": ""away_top3c_iso"", ""value"": 0.1949, ""contribution"": 0.0686}, {""name"": ""era_gap_t1"", ""value"": -0.5997, ""contribution"": -0.0345}]","[{""name"": ""fi_park_nrfi_rate"", ""value"": 0.463, ""contribution"": 0.1211}, {""name"": ""away_fip"", ""value"": 4.9763, ""contribution"": -0.115}, {""name"": ""home_top3c_obp"", ""value"": 0.383, ""contribution"": 0.1026}, {""name"": ""home_top3c_slg"", ""value"": 0.4752, ""contribution"": -0.0687}, {""name"": ""era_gap_b1"", ""value"": 0.5997, ""contribution"": 0.06}]",623945,0.5123,3.511,4.059,68.0,14.0,0.7272,0.7272,5.07,5.6,0.9443,0.8510,R,R,YRFI,PASS,3,3,6,2026-05-06T23:54:31+00:00,-125,-105,DraftKings,2026-05-06T22:42:16+00:00,0.5556,0.5122,-0.0644,-0.0034,,N,,,-125,-105,2026-05-06T22:36:56+00:00,,,,,0.3600,0.3839,0.4324,0.4731,0.1532,0.1935,
2026-05-06,2026,824361,1,N,NYM,COL,9:20 PM ET,Freddy Peralta,Michael Lorenzen,642547,547179,live,live,live,live,1.22,0.5627,0.534,1.0966,0.3168,0.258,0.5748,0.4802,0.5198,0.2997,0.7003,,,PASS,NO EDGE,PASS - No edge,4,2026-05-06T23:57:17Z,3.1,5.306,1.139,1.528,3.488,4.59,3.57,2.44,1.01,1.59,10.18,7.29,0.296,0.319,0.364,0.404,3.775,4.289,2.7,5.6,82.0,0.0,1.0,1.0,0.8,0.8,0.3476,0.3275,0.5524,0.3937,0.2762,0.1299,lineup,lineup,"[{""id"": 666397, ""name"": ""Edouard Julien"", ""bats"": ""L"", ""obp"": 0.37254901960784315, ""slg"": 0.3977272727272727, ""iso"": 0.125, ""ab"": 88}, {""id"": 666160, ""name"": ""Mickey Moniak"", ""bats"": ""L"", ""obp"": 0.3783783783783784, ""slg"": 0.7450980392156863, ""iso"": 0.411764705882353, ""ab"": 102}, {""id"": 696100, ""name"": ""Hunter Goodman"", ""bats"": ""R"", ""obp"": 0.30434782608695654, ""slg"": 0.504, ""iso"": 0.272, ""ab"": 125}]","[{""id"": 665742, ""name"": ""Juan Soto"", ""bats"": ""L"", ""obp"": 0.4069767441860465, ""slg"": 0.4794520547945205, ""iso"": 0.1780821917808219, ""ab"": 73}, {""id"": 666182, ""name"": ""Bo Bichette"", ""bats"": ""R"", ""obp"": 0.2727272727272727, ""slg"": 0.3125, ""iso"": 0.0763888888888889, ""ab"": 144}, {""id"": 669004, ""name"": ""MJ Melendez"", ""bats"": ""L"", ""obp"": 0.36585365853658536, ""slg"": 0.5405405405405406, ""iso"": 0.24324324324324326, ""ab"": 37}]","[{""name"": ""away_top3c_iso"", ""value"": 0.1299, ""contribution"": -0.2035}, {""name"": ""home_xera"", ""value"": 4.6638, ""contribution"": 0.1814}, {""name"": ""fi_park_nrfi_rate"", ""value"": 0.4216, ""contribution"": 0.1611}, {""name"": ""away_top3c_slg"", ""value"": 0.3937, ""contribution"": 0.1587}, {""name"": ""away_obp"", ""value"": 0.2963, ""contribution"": -0.1522}]","[{""name"": ""fi_park_nrfi_rate"", ""value"": 0.4216, ""contribution"": 0.2682}, {""name"": ""home_top3c_slg"", ""value"": 0.5524, ""contribution"": -0.2244}, {""name"": ""era_gap_b1"", ""value"": -2.2062, ""contribution"": -0.2206}, {""name"": ""home_top3c_iso"", ""value"": 0.2762, ""contribution"": 0.2197}, {""name"": ""wx_temp_c"", ""value"": 2.7, ""contribution"": -0.2121}]",428442,0.5176,4.664,3.353,38.0,90.0,0.7613,0.751,5.13,5.6,0.6393,0.9597,R,R,YRFI,PASS,1,0,1,2026-05-07T02:34:08+00:00,-115,-115,DraftKings,2026-05-07T02:34:11+00:00,0.5349,0.5349,-0.0547,-0.0151,,N,,,-115,-115,2026-05-07T00:17:39+00:00,,,,,0.3395,0.3846,0.4167,0.6522,0.1562,0.3478,
2026-05-06,2026,825091,1,N,PIT,ARI,9:40 PM ET,Paul Skenes,Michael Soroka,694973,647336,live,live,live,live,1.0,0.433,0.3101,0.7431,0.3482,0.3019,0.6501,0.4802,0.5198,0.1709,0.8291,,,PASS,NO EDGE,PASS - No edge,4,2026-05-06T23:57:17Z,2.402,4.553,0.89,1.275,2.562,3.427,1.94,2.86,0.77,1.07,10.36,9.98,0.33,0.311,0.395,0.414,4.838,4.607,,,,1.0,0.6,0.6,0.7,0.6,0.331,0.357,0.4257,0.4741,0.1829,0.2228,lineup,lineup,"[{""id"": 672695, ""name"": ""Geraldo Perdomo"", ""bats"": ""S"", ""obp"": 0.3543307086614173, ""slg"": 0.4056603773584906, ""iso"": 0.16037735849056606, ""ab"": 106}, {""id"": 606466, ""name"": ""Ketel Marte"", ""bats"": ""S"", ""obp"": 0.2765957446808511, ""slg"": 0.37404580152671757, ""iso"": 0.15267175572519084, ""ab"": 131}, {""id"": 682998, ""name"": ""Corbin Carroll"", ""bats"": ""L"", ""obp"": 0.3656716417910448, ""slg"": 0.504424778761062, ""iso"": 0.23893805309734512, ""ab"": 113}]","[{""id"": 665833, ""name"": ""Oneil Cruz"", ""bats"": ""L"", ""obp"": 0.3141025641025641, ""slg"": 0.4861111111111111, ""iso"": 0.22916666666666669, ""ab"": 144}, {""id"": 664040, ""name"": ""Brandon Lowe"", ""bats"": ""L"", ""obp"": 0.35555555555555557, ""slg"": 0.5217391304347826, ""iso"": 0.27826086956521734, ""ab"": 115}, {""id"": 668804, ""name"": ""Bryan Reynolds"", ""bats"": ""S"", ""obp"": 0.4, ""slg"": 0.41732283464566927, ""iso"": 0.1653543307086614, ""ab"": 127}]","[{""name"": ""home_xera"", ""value"": 3.5984, ""contribution"": -0.2302}, {""name"": ""away_top3c_iso"", ""value"": 0.2228, ""contribution"": 0.1853}, {""name"": ""fi_park_nrfi_rate"", ""value"": 0.4201, ""contribution"": 0.1642}, {""name"": ""era_gap_t1"", ""value"": 2.1512, ""contribution"": 0.1236}, {""name"": ""away_top3c_slg"", ""value"": 0.4741, ""contribution"": -0.1062}]","[{""name"": ""away_xera"", ""value"": 2.0935, ""contribution"": -0.3787}, {""name"": ""fi_park_nrfi_rate"", ""value"": 0.4201, ""contribution"": 0.2734}, {""name"": ""era_gap_b1"", ""value"": -2.1512, ""contribution"": -0.2151}, {""name"": ""away_fip"", ""value"": 2.5618, ""contribution"": 0.1662}, {""name"": ""wx_is_dome"", ""value"": 1.0, ""contribution"": -0.0598}]",483630,0.522,3.598,2.094,29.0,86.0,0.7136,0.7136,5.13,5.67,0.8757,0.7103,R,R,YRFI,PASS,1,0,1,2026-05-07T02:34:08+00:00,-150,+115,DraftKings,2026-05-07T02:34:11+00:00,0.6,0.4651,-0.1198,0.0547,,N,,,-150,+115,2026-05-07T00:39:34+00:00,,,,,0.3407,0.3071,0.4123,0.3964,0.1930,0.1802,
2026-05-07,2026,824362,1,N,NYM,COL,3:10 PM ET,Christian Scott,Jose Quintana,681035,500779,sm,live,live,live,1.22,0.6215,0.6148,1.2363,0.3215,0.967,1.2885,0.3759,0.6241,0.3504,0.6496,,,YRFI,STRONG,STRONG YRFI,4,2026-05-07T17:44:42Z,4.208,4.001,1.251,1.316,4.271,5.234,3.75,3.68,1.24,1.47,9.48,5.49,0.3,0.321,0.37,0.407,3.897,4.303,22.0,14.9,18.0,0.0,0.6,0.0,0.7,0.0,0.3759,0.3114,0.5208,0.3899,0.2189,0.1352,lineup,lineup,"[{""id"": 666397, ""name"": ""Edouard Julien"", ""bats"": ""L"", ""obp"": 0.37383177570093457, ""slg"": 0.3978494623655914, ""iso"": 0.11827956989247312, ""ab"": 93}, {""id"": 666160, ""name"": ""Mickey Moniak"", ""bats"": ""L"", ""obp"": 0.3706896551724138, ""slg"": 0.719626168224299, ""iso"": 0.3925233644859813, ""ab"": 107}, {""id"": 671289, ""name"": ""Tyler Freeman"", ""bats"": ""R"", ""obp"": 0.38666666666666666, ""slg"": 0.36923076923076925, ""iso"": 0.07692307692307693, ""ab"": 65}]","[{""id"": 665742, ""name"": ""Juan Soto"", ""bats"": ""L"", ""obp"": 0.3956043956043956, ""slg"": 0.5064935064935064, ""iso"": 0.20779220779220775, ""ab"": 77}, {""id"": 666182, ""name"": ""Bo Bichette"", ""bats"": ""R"", ""obp"": 0.27672955974842767, ""slg"": 0.31543624161073824, ""iso"": 0.07382550335570467, ""ab"": 149}, {""id"": 668901, ""name"": ""Mark Vientos"", ""bats"": ""R"", ""obp"": 0.29, ""slg"": 0.41304347826086957, ""iso"": 0.17391304347826086, ""ab"": 92}]","[{""name"": ""home_xera"", ""value"": 5.0737, ""contribution"": 0.3398}, {""name"": ""away_top3c_iso"", ""value"": 0.1352, ""contribution"": -0.1813}, {""name"": ""home_fip"", ""value"": 5.2342, ""contribution"": -0.1722}, {""name"": ""away_top3c_slg"", ""value"": 0.3899, ""contribution"": 0.1711}, {""name"": ""fi_park_nrfi_rate"", ""value"": 0.4216, ""contribution"": 0.1611}]","[{""name"": ""away_xera"", ""value"": 8.0432, ""contribution"": 0.688}, {""name"": ""away_p_last5_pitcher_nrfi"", ""value"": 0.0, ""contribution"": 0.2759}, {""name"": ""fi_park_nrfi_rate"", ""value"": 0.4216, ""contribution"": 0.2682}, {""name"": ""home_top3c_slg"", ""value"": 0.5208, ""contribution"": -0.1606}, {""name"": ""away_avg_ip_per_start"", ""value"": 3.1667, ""contribution"": 0.1144}]",503493,0.522,5.074,8.043,4.0,50.0,0.7396,0.7136,4.87,3.17,0.6610,0.8873,R,L,NRFI,LOSS,0,0,0,2026-05-07T19:41:42+00:00,+110,-145,DraftKings,2026-05-07T18:23:34+00:00,0.4762,0.5918,-0.1003,0.0323,0.0323,Y,1,-1,+110,-145,2026-05-07T18:23:34+00:00,0,,,,0.3359,0.4047,0.4554,0.5429,0.1964,0.2286,
2026-05-07,2026,823467,1,N,OAK,PHI,6:40 PM ET,J.T. Ginn,Andrew Painter,669372,691725,live,sm,live,live,1.04,0.4694,0.5311,1.0005,0.5606,0.3903,0.951,0.3904,0.6096,0.2644,0.7356,,,YRFI,STRONG,STRONG YRFI,4,2026-05-07T21:11:19Z,4.625,4.654,1.302,1.393,4.513,3.883,3.63,3.03,1.43,1.09,8.58,8.81,0.323,0.307,0.402,0.393,4.309,4.111,17.7,11.5,29.0,0.0,1.0,0.8,1.0,0.6,0.3381,0.37,0.4763,0.4923,0.2346,0.2231,lineup,lineup,"[{""id"": 596117, ""name"": ""Garrett Stubbs"", ""bats"": ""L"", ""obp"": 0.29411764705882354, ""slg"": 0.26666666666666666, ""iso"": 0.0, ""ab"": 15}, {""id"": 656941, ""name"": ""Kyle Schwarber"", ""bats"": ""L"", ""obp"": 0.3515151515151515, ""slg"": 0.5185185185185185, ""iso"": 0.3111111111111111, ""ab"": 135}, {""id"": 694025, ""name"": ""Felix Reyes"", ""bats"": ""R"", ""obp"": 0.13333333333333333, ""slg"": 0.26666666666666666, ""iso"": 0.13333333333333333, ""ab"": 30}]","[{""id"": 701762, ""name"": ""Nick Kurtz"", ""bats"": ""L"", ""obp"": 0.41358024691358025, ""slg"": 0.4094488188976378, ""iso"": 0.15748031496062992, ""ab"": 127}, {""id"": 669127, ""name"": ""Shea Langeliers"", ""bats"": ""R"", ""obp"": 0.3904109589041096, ""slg"": 0.6268656716417911, ""iso"": 0.291044776119403, ""ab"": 134}, {""id"": 691016, ""name"": ""Tyler Soderstrom"", ""bats"": ""L"", ""obp"": 0.3013698630136986, ""slg"": 0.43410852713178294, ""iso"": 0.21705426356589147, ""ab"": 129}]","[{""name"": ""home_xera"", ""value"": 5.5256, ""contribution"": 0.5144}, {""name"": ""away_top3c_iso"", ""value"": 0.2231, ""contribution"": 0.1865}, {""name"": ""away_top3c_slg"", ""value"": 0.4923, ""contribution"": -0.1662}, {""name"": ""away_top3c_obp"", ""value"": 0.37, ""contribution"": 0.089}, {""name"": ""home_p_last10_pitcher_nrfi"", ""value"": 1.0, ""contribution"": 0.0702}]","[{""name"": ""home_plate_ump_nrfi_rate"", ""value"": 0.5564, ""contribution"": 0.1903}, {""name"": ""home_top3c_iso"", ""value"": 0.2346, ""contribution"": 0.1269}, {""name"": ""away_xera"", ""value"": 3.6671, ""contribution"": -0.0966}, {""name"": ""fi_park_nrfi_rate"", ""value"": 0.4713, ""contribution"": 0.0914}, {""name"": ""home_top3c_slg"", ""value"": 0.4763, ""contribution"": -0.0709}]",427315,0.5564,5.526,3.667,50.0,82.0,0.7136,0.7136,4.8,4.47,0.9087,0.6227,R,R,YRFI,WIN,4,0,4,2026-05-07T23:35:39+00:00,+105,-140,DraftKings,2026-05-07T21:51:18+00:00,0.4878,0.5833,-0.0974,0.0263,0.0263,Y,1,0.714,+105,-140,2026-05-07T21:51:18+00:00,0,,,,0.3603,0.2857,0.5124,0.4074,0.2231,0.1975,
2026-05-07,2026,823870,1,N,BAL,MIA,6:40 PM ET,Cade Povich,Max Meyer,700249,676974,live,live,live,live,0.95,0.3946,0.5047,0.8994,0.3648,0.4571,0.8219,0.4043,0.5957,0.2273,0.7727,,,YRFI,STRONG,STRONG YRFI,4,2026-05-07T21:11:19Z,4.933,3.617,1.428,1.192,4.399,3.517,3.25,3.07,1.45,0.99,8.49,9.47,0.319,0.327,0.396,0.387,4.572,4.303,,,,1.0,1.0,0.4,0.6,0.5,0.3614,0.3371,0.4889,0.3963,0.1889,0.1622,lineup,lineup,"[{""id"": 672640, ""name"": ""Otto Lopez"", ""bats"": ""R"", ""obp"": 0.3684210526315789, ""slg"": 0.5104895104895105, ""iso"": 0.17482517482517484, ""ab"": 143}, {""id"": 669364, ""name"": ""Xavier Edwards"", ""bats"": ""S"", ""obp"": 0.4140127388535032, ""slg"": 0.4485294117647059, ""iso"": 0.125, ""ab"": 136}, {""id"": 689414, ""name"": ""Liam Hicks"", ""bats"": ""L"", ""obp"": 0.376, ""slg"": 0.5688073394495413, ""iso"": 0.24770642201834864, ""ab"": 109}]","[{""id"": 683002, ""name"": ""Gunnar Henderson"", ""bats"": ""L"", ""obp"": 0.2619047619047619, ""slg"": 0.42857142857142855, ""iso"": 0.22727272727272724, ""ab"": 154}, {""id"": 621493, ""name"": ""Taylor Ward"", ""bats"": ""R"", ""obp"": 0.43373493975903615, ""slg"": 0.4076923076923077, ""iso"": 0.12307692307692308, ""ab"": 130}, {""id"": 687637, ""name"": ""Dylan Beavers"", ""bats"": ""L"", ""obp"": 0.3047619047619048, ""slg"": 0.32608695652173914, ""iso"": 0.10869565217391305, ""ab"": 92}]","[{""name"": ""home_xera"", ""value"": 4.8244, ""contribution"": 0.2434}, {""name"": ""away_top3c_slg"", ""value"": 0.3963, ""contribution"": 0.1502}, {""name"": ""wx_is_dome"", ""value"": 1.0, ""contribution"": -0.1048}, {""name"": ""era_gap_t1"", ""value"": -1.3161, ""contribution"": -0.0756}, {""name"": ""fi_park_nrfi_rate"", ""value"": 0.463, ""contribution"": 0.0728}]","[{""name"": ""away_xera"", ""value"": 5.1843, ""contribution"": 0.1754}, {""name"": ""era_gap_b1"", ""value"": 1.3161, ""contribution"": 0.1316}, {""name"": ""away_p_last5_pitcher_nrfi"", ""value"": 0.4, ""contribution"": 0.1237}, {""name"": ""fi_park_nrfi_rate"", ""value"": 0.463, ""contribution"": 0.1211}, {""name"": ""home_top3c_slg"", ""value"": 0.4889, ""contribution"": -0.0963}]",691042,0.5084,4.824,5.184,79.0,46.0,0.7136,0.7136,5.47,5.4,0.7500,0.7827,L,R,YRFI,WIN,0,2,2,2026-05-07T23:35:39+00:00,-140,+105,DraftKings,2026-05-07T21:51:18+00:00,0.5833,0.4878,-0.179,0.1079,0.1079,Y,1,1.05,-140,+105,2026-05-07T21:51:18+00:00,0,,,,0.3304,0.3719,0.2800,0.5234,0.0900,0.2150,
2026-05-07,2026,824117,1,N,CLE,KC,2:10 PM ET,Slade Cecconi,Seth Lugo,677944,607625,live,live,live,live,0.96,0.3964,0.5291,0.9255,0.3158,0.39,0.7058,0.4657,0.5343,0.2369,0.7631,,,PASS,NO EDGE,PASS - No edge,4,2026-05-07T16:48:54Z,5.358,3.387,1.368,1.264,5.023,3.717,2.72,3.05,1.83,0.91,7.3,7.73,0.316,0.318,0.386,0.393,4.165,4.207,21.5,20.4,31.0,0.0,0.6,0.4,0.7,0.6,0.322,0.3406,0.3956,0.4005,0.1481,0.1607,lineup,lineup,"[{""id"": 672580, ""name"": ""Maikel Garcia"", ""bats"": ""R"", ""obp"": 0.3333333333333333, ""slg"": 0.4117647058823529, ""iso"": 0.14705882352941174, ""ab"": 136}, {""id"": 677951, ""name"": ""Bobby Witt Jr."", ""bats"": ""R"", ""obp"": 0.3493975903614458, ""slg"": 0.4217687074829932, ""iso"": 0.1428571428571429, ""ab"": 147}, {""id"": 686469, ""name"": ""Vinnie Pasquantino"", ""bats"": ""L"", ""obp"": 0.28, ""slg"": 0.3488372093023256, ""iso"": 0.15503875968992248, ""ab"": 129}]","[{""id"": 680757, ""name"": ""Steven Kwan"", ""bats"": ""L"", ""obp"": 0.3026315789473684, ""slg"": 0.2706766917293233, ""iso"": 0.06015037593984962, ""ab"": 133}, {""id"": 682657, ""name"": ""Angel Mart\u00ednez"", ""bats"": ""S"", ""obp"": 0.31092436974789917, ""slg"": 0.46846846846846846, ""iso"": 0.19819819819819817, ""ab"": 111}, {""id"": 608070, ""name"": ""Jos\u00e9 Ram\u00edrez"", ""bats"": ""S"", ""obp"": 0.3333333333333333, ""slg"": 0.39568345323741005, ""iso"": 0.1870503597122302, ""ab"": 139}]","[{""name"": ""home_xera"", ""value"": 4.7928, ""contribution"": 0.2312}, {""name"": ""away_top3c_slg"", ""value"": 0.4005, ""contribution"": 0.1363}, {""name"": ""fi_park_nrfi_rate"", ""value"": 0.5604, ""contribution"": -0.1351}, {""name"": ""era_gap_t1"", ""value"": -1.9711, ""contribution"": -0.1133}, {""name"": ""away_top3c_iso"", ""value"": 0.1607, ""contribution"": -0.0746}]","[{""name"": ""fi_park_nrfi_rate"", ""value"": 0.5604, ""contribution"": -0.2249}, {""name"": ""era_gap_b1"", ""value"": 1.9711, ""contribution"": 0.1971}, {""name"": ""away_xera"", ""value"": 4.9578, ""contribution"": 0.1348}, {""name"": ""wx_wind_kmh"", ""value"": 20.4, ""contribution"": 0.1308}, {""name"": ""away_p_last5_pitcher_nrfi"", ""value"": 0.4, ""contribution"": 0.1237}]",544728,0.4859,4.793,4.958,12.0,24.0,0.7613,0.7272,6.47,5.07,0.7710,0.6443,R,R,YRFI,PASS,3,0,3,2026-05-07T19:41:42+00:00,-105,-125,DraftKings,2026-05-07T18:19:19+00:00,0.5122,0.5556,-0.0465,-0.0213,,N,,,-105,-125,2026-05-07T17:47:41+00:00,,,,,0.2662,0.3308,0.2455,0.5000,0.0636,0.2328,
2026-05-07,2026,823551,1,N,TEX,NYY,12:35 PM ET,MacKenzie Gore,Paul Blackburn,669022,621112,live,ltd,live,live,1.02,0.4248,0.5629,0.9878,0.3446,0.3589,0.7035,0.4657,0.5343,0.2597,0.7403,,,PASS,NO EDGE,PASS - No edge,4,2026-05-07T15:31:53Z,4.4,4.424,1.355,1.34,3.769,3.828,4.13,2.95,1.22,0.94,11.1,7.88,0.317,0.329,0.386,0.442,3.995,5.13,15.4,14.6,34.0,0.0,0.75,0.8,0.75,0.7,0.3795,0.3504,0.5584,0.4412,0.2922,0.1765,lineup,lineup,"[{""id"": 502671, ""name"": ""Paul Goldschmidt"", ""bats"": ""R"", ""obp"": 0.28846153846153844, ""slg"": 0.41304347826086957, ""iso"": 0.21739130434782608, ""ab"": 46}, {""id"": 592450, ""name"": ""Aaron Judge"", ""bats"": ""R"", ""obp"": 0.4074074074074074, ""slg"": 0.6590909090909091, ""iso"": 0.38636363636363635, ""ab"": 132}, {""id"": 641355, ""name"": ""Cody Bellinger"", ""bats"": ""L"", ""obp"": 0.38064516129032255, ""slg"": 0.5076923076923077, ""iso"": 0.22307692307692306, ""ab"": 130}]","[{""id"": 607043, ""name"": ""Brandon Nimmo"", ""bats"": ""L"", ""obp"": 0.375, ""slg"": 0.45112781954887216, ""iso"": 0.15789473684210525, ""ab"": 133}, {""id"": 677649, ""name"": ""Ezequiel Duran"", ""bats"": ""R"", ""obp"": 0.37209302325581395, ""slg"": 0.4605263157894737, ""iso"": 0.15789473684210525, ""ab"": 76}, {""id"": 608369, ""name"": ""Corey Seager"", ""bats"": ""L"", ""obp"": 0.3137254901960784, ""slg"": 0.4198473282442748, ""iso"": 0.20610687022900762, ""ab"": 131}]","[{""name"": ""home_xera"", ""value"": 3.84, ""contribution"": -0.1369}, {""name"": ""home_avg_ip_per_start"", ""value"": 3.5833, ""contribution"": 0.0954}, {""name"": ""home_plate_ump_nrfi_rate"", ""value"": 0.4578, ""contribution"": 0.0758}, {""name"": ""fi_park_nrfi_rate"", ""value"": 0.4645, ""contribution"": 0.0695}, {""name"": ""wx_is_dome"", ""value"": 0.0, ""contribution"": 0.0357}]","[{""name"": ""home_top3c_iso"", ""value"": 0.2922, ""contribution"": 0.2554}, {""name"": ""home_top3c_slg"", ""value"": 0.5584, ""contribution"": -0.2366}, {""name"": ""home_plate_ump_nrfi_rate"", ""value"": 0.4578, ""contribution"": -0.2256}, {""name"": ""fi_park_nrfi_rate"", ""value"": 0.4645, ""contribution"": 0.1157}, {""name"": ""home_top3c_obp"", ""value"": 0.3795, ""contribution"": 0.0944}]",665576,0.4578,3.84,4.532,8.0,75.0,0.6205,0.7075,3.58,4.67,0.7970,0.7667,L,R,YRFI,PASS,0,1,1,2026-05-07T17:15:00+00:00,-105,-125,DraftKings,2026-05-07T16:48:57+00:00,0.5122,0.5556,-0.0465,-0.0213,,N,,,-105,-125,2026-05-07T16:07:01+00:00,,,,,0.3610,0.3821,0.3689,0.6852,0.1068,0.3796,
2026-05-07,2026,822741,1,N,MIN,WSH,1:05 PM ET,Simeon Woods Richardson,Jake Irvin,680573,663623,live,live,live,live,0.97,0.5196,0.633,1.1526,0.437,0.331,0.768,0.4324,0.5676,0.3202,0.6798,,,PASS,LOW LAMBDA,PASS - Low lambda,4,2026-05-07T16:02:18Z,5.176,5.345,1.5,1.37,5.305,4.65,3.69,3.49,1.71,1.51,6.74,8.07,0.322,0.32,0.39,0.4,4.707,5.091,15.6,15.4,53.0,0.0,0.4,1.0,0.6,0.9,0.3474,0.3771,0.4396,0.4638,0.2033,0.1908,lineup,lineup,"[{""id"": 695578, ""name"": ""James Wood"", ""bats"": ""L"", ""obp"": 0.38636363636363635, ""slg"": 0.5070422535211268, ""iso"": 0.2676056338028169, ""ab"": 142}, {""id"": 695734, ""name"": ""Daylen Lile"", ""bats"": ""L"", ""obp"": 0.31875, ""slg"": 0.3680555555555556, ""iso"": 0.12500000000000003, ""ab"": 144}, {""id"": 678554, ""name"": ""Curtis Mead"", ""bats"": ""R"", ""obp"": 0.32222222222222224, ""slg"": 0.44871794871794873, ""iso"": 0.23076923076923078, ""ab"": 78}]","[{""id"": 621439, ""name"": ""Byron Buxton"", ""bats"": ""R"", ""obp"": 0.30128205128205127, ""slg"": 0.5244755244755245, ""iso"": 0.2797202797202797, ""ab"": 143}, {""id"": 663616, ""name"": ""Trevor Larnach"", ""bats"": ""L"", ""obp"": 0.4019607843137255, ""slg"": 0.40476190476190477, ""iso"": 0.13095238095238093, ""ab"": 84}, {""id"": 668885, ""name"": ""Austin Martin"", ""bats"": ""R"", ""obp"": 0.47, ""slg"": 0.4155844155844156, ""iso"": 0.09090909090909094, ""ab"": 77}]","[{""name"": ""home_xera"", ""value"": 5.2569, ""contribution"": 0.4105}, {""name"": ""away_top3c_obp"", ""value"": 0.3771, ""contribution"": 0.1094}, {""name"": ""home_fip"", ""value"": 4.6499, ""contribution"": -0.0913}, {""name"": ""away_top3c_slg"", ""value"": 0.4638, ""contribution"": -0.0723}, {""name"": ""fi_park_nrfi_rate"", ""value"": 0.4681, ""contribution"": 0.0617}]","[{""name"": ""away_fip"", ""value"": 5.3048, ""contribution"": -0.1532}, {""name"": ""away_p_last5_pitcher_nrfi"", ""value"": 1.0, ""contribution"": -0.1047}, {""name"": ""fi_park_nrfi_rate"", ""value"": 0.4681, ""contribution"": 0.1028}, {""name"": ""wx_temp_c"", ""value"": 15.6, ""contribution"": -0.0686}, {""name"": ""home_top3c_iso"", ""value"": 0.2033, ""contribution"": 0.0571}]",608158,0.5142,5.257,4.032,7.0,36.0,0.7272,0.7136,5.13,4.6,0.8597,0.8183,R,R,NRFI,PASS,0,0,0,2026-05-07T17:43:05+00:00,-115,-110,DraftKings,2026-05-07T17:18:07+00:00,0.5349,0.5238,-0.1025,0.0438,,N,,,-115,-110,2026-05-07T16:51:54+00:00,,,,,0.3840,0.3033,0.5357,0.2718,0.2232,0.0971,
2026-05-07,2026,825090,1,N,PIT,ARI,3:40 PM ET,Mitch Keller,Zac Gallen,656605,668678,live,live,live,live,1.0,0.4775,0.3846,0.8621,0.3462,0.4533,0.7996,0.4074,0.5926,0.2137,0.7863,,,YRFI,STRONG,STRONG YRFI,4,2026-05-07T18:19:47Z,3.512,4.661,1.154,1.376,3.293,4.047,2.62,2.96,0.64,1.06,7.23,7.05,0.329,0.307,0.395,0.408,4.764,4.515,,,,1.0,0.4,0.8,0.6,0.8,0.3238,0.3564,0.4127,0.4774,0.1773,0.2236,lineup,lineup,"[{""id"": 672695, ""name"": ""Geraldo Perdomo"", ""bats"": ""S"", ""obp"": 0.3511450381679389, ""slg"": 0.3944954128440367, ""iso"": 0.1559633027522936, ""ab"": 109}, {""id"": 606466, ""name"": ""Ketel Marte"", ""bats"": ""S"", ""obp"": 0.2689655172413793, ""slg"": 0.362962962962963, ""iso"": 0.14814814814814817, ""ab"": 135}, {""id"": 682998, ""name"": ""Corbin Carroll"", ""bats"": ""L"", ""obp"": 0.35507246376811596, ""slg"": 0.48717948717948717, ""iso"": 0.23076923076923078, ""ab"": 117}]","[{""id"": 665833, ""name"": ""Oneil Cruz"", ""bats"": ""L"", ""obp"": 0.30625, ""slg"": 0.47297297297297297, ""iso"": 0.22297297297297297, ""ab"": 148}, {""id"": 664040, ""name"": ""Brandon Lowe"", ""bats"": ""L"", ""obp"": 0.3597122302158273, ""slg"": 0.5462184873949579, ""iso"": 0.2941176470588235, ""ab"": 119}, {""id"": 668804, ""name"": ""Bryan Reynolds"", ""bats"": ""S"", ""obp"": 0.4024390243902439, ""slg"": 0.4198473282442748, ""iso"": 0.16030534351145037, ""ab"": 131}]","[{""name"": ""away_top3c_iso"", ""value"": 0.2236, ""contribution"": 0.1887}, {""name"": ""fi_park_nrfi_rate"", ""value"": 0.4201, ""contribution"": 0.1642}, {""name"": ""away_top3c_slg"", ""value"": 0.4774, ""contribution"": -0.117}, {""name"": ""wx_is_dome"", ""value"": 1.0, ""contribution"": -0.1048}, {""name"": ""away_obp"", ""value"": 0.3287, ""contribution"": 0.0896}]","[{""name"": ""fi_park_nrfi_rate"", ""value"": 0.4201, ""contribution"": 0.2734}, {""name"": ""home_plate_ump_nrfi_rate"", ""value"": 0.548, ""contribution"": 0.1549}, {""name"": ""era_gap_b1"", ""value"": -1.1491, ""contribution"": -0.1149}, {""name"": ""away_fip"", ""value"": 3.2928, ""contribution"": 0.0811}, {""name"": ""wx_is_dome"", ""value"": 1.0, ""contribution"": -0.0598}]",639723,0.548,4.131,4.372,29.0,18.0,0.751,0.7272,4.47,5.8,0.8757,0.7103,R,R,YRFI,WIN,1,1,2,2026-05-07T20:08:30+00:00,-115,-115,DraftKings,2026-05-07T18:44:37+00:00,0.5349,0.5349,-0.1275,0.0577,0.0577,Y,1,0.87,-115,-115,2026-05-07T18:39:22+00:00,0,,,,0.3433,0.2778,0.4261,0.3514,0.1913,0.1622,
2026-05-07,2026,824767,1,N,TB,BOS,7:10 PM ET,Griffin Jax,Jake Bennett,643377,687562,ltd,sm,live,live,1.05,0.4997,0.5048,1.0045,0.3248,0.3408,0.6656,0.4784,0.5216,0.2659,0.7341,,,PASS,NO EDGE,PASS - No edge,4,2026-05-07T21:46:29Z,4.455,3.933,1.33,1.267,3.899,4.367,3.73,3.24,1.29,1.27,10.8,8.51,0.325,0.317,0.386,0.373,4.426,4.149,15.5,17.1,28.0,0.0,1.0,1.0,1.0,1.0,0.3408,0.3656,0.426,0.461,0.1735,0.1786,lineup,lineup,"[{""id"": 680776, ""name"": ""Jarren Duran"", ""bats"": ""L"", ""obp"": 0.25547445255474455, ""slg"": 0.3253968253968254, ""iso"": 0.13492063492063494, ""ab"": 126}, {""id"": 575929, ""name"": ""Willson Contreras"", ""bats"": ""R"", ""obp"": 0.37579617834394907, ""slg"": 0.4806201550387597, ""iso"": 0.21705426356589147, ""ab"": 129}, {""id"": 677800, ""name"": ""Wilyer Abreu"", ""bats"": ""L"", ""obp"": 0.38064516129032255, ""slg"": 0.46715328467153283, ""iso"": 0.16788321167883208, ""ab"": 137}]","[{""id"": 680700, ""name"": ""Richie Palacios"", ""bats"": ""L"", ""obp"": 0.3484848484848485, ""slg"": 0.2692307692307692, ""iso"": 0.0769230769230769, ""ab"": 52}, {""id"": 676439, ""name"": ""Hunter Feduccia"", ""bats"": ""L"", ""obp"": 0.3953488372093023, ""slg"": 0.3055555555555556, ""iso"": 0.02777777777777779, ""ab"": 36}, {""id"": 691406, ""name"": ""Junior Caminero"", ""bats"": ""R"", ""obp"": 0.3419354838709677, ""slg"": 0.4740740740740741, ""iso"": 0.22222222222222227, ""ab"": 135}]","[{""name"": ""away_top3c_obp"", ""value"": 0.3656, ""contribution"": 0.0762}, {""name"": ""home_p_last10_pitcher_nrfi"", ""value"": 1.0, ""contribution"": 0.0702}, {""name"": ""away_top3c_slg"", ""value"": 0.461, ""contribution"": -0.0632}, {""name"": ""away_obp"", ""value"": 0.3251, ""contribution"": 0.0626}, {""name"": ""home_fip"", ""value"": 4.3667, ""contribution"": -0.052}]","[{""name"": ""away_avg_ip_per_start"", ""value"": 1.75, ""contribution"": 0.1881}, {""name"": ""away_xera"", ""value"": 3.2026, ""contribution"": -0.1799}, {""name"": ""away_p_last5_pitcher_nrfi"", ""value"": 1.0, ""contribution"": -0.1047}, {""name"": ""wx_wind_kmh"", ""value"": 17.1, ""contribution"": 0.0788}, {""name"": ""wx_temp_c"", ""value"": 15.5, ""contribution"": -0.0697}]",658325,0.5084,4.2,3.203,50.0,100.0,0.7136,0.7136,5.0,1.75,0.7417,0.7250,R,L,NRFI,PASS,0,0,0,2026-05-07T23:35:39+00:00,-125,-105,DraftKings,2026-05-07T23:12:59+00:00,0.5556,0.5122,-0.0772,0.0094,,N,,,-125,-105,2026-05-07T22:52:08+00:00,,,,,0.3311,0.3676,0.2464,0.4690,0.0580,0.2124,
2026-05-07,2026,823306,1,N,STL,SD,10:10 PM ET,Matthew Liberatore,Michael King,669461,650633,live,live,live,live,0.95,0.4354,0.5115,0.9469,0.2969,0.3765,0.6734,0.4725,0.5275,0.2447,0.7553,,,PASS,NO EDGE,PASS - No edge,4,2026-05-07T23:58:21Z,4.347,3.347,1.4,1.175,4.804,3.852,2.79,3.66,1.54,1.03,6.55,9.07,0.323,0.309,0.403,0.394,4.721,4.485,20.0,11.8,74.0,0.0,1.0,0.4,0.9,0.7,0.3134,0.3683,0.4052,0.4296,0.1609,0.1778,lineup,lineup,"[{""id"": 701538, ""name"": ""Jackson Merrill"", ""bats"": ""L"", ""obp"": 0.2972972972972973, ""slg"": 0.38235294117647056, ""iso"": 0.14705882352941174, ""ab"": 136}, {""id"": 609280, ""name"": ""Miguel Andujar"", ""bats"": ""R"", ""obp"": 0.3368421052631579, ""slg"": 0.4945054945054945, ""iso"": 0.18681318681318682, ""ab"": 91}, {""id"": 592518, ""name"": ""Manny Machado"", ""bats"": ""R"", ""obp"": 0.3146853146853147, ""slg"": 0.36363636363636365, ""iso"": 0.15702479338842976, ""ab"": 121}]","[{""id"": 802139, ""name"": ""JJ Wetherholt"", ""bats"": ""L"", ""obp"": 0.3515151515151515, ""slg"": 0.427536231884058, ""iso"": 0.18840579710144928, ""ab"": 138}, {""id"": 671056, ""name"": ""Iv\u00e1n Herrera"", ""bats"": ""R"", ""obp"": 0.40606060606060607, ""slg"": 0.4186046511627907, ""iso"": 0.17054263565891475, ""ab"": 129}, {""id"": 676475, ""name"": ""Alec Burleson"", ""bats"": ""L"", ""obp"": 0.34615384615384615, ""slg"": 0.4420289855072464, ""iso"": 0.17391304347826086, ""ab"": 138}]","[{""name"": ""home_xera"", ""value"": 3.8845, ""contribution"": -0.1197}, {""name"": ""away_top3c_obp"", ""value"": 0.3683, ""contribution"": 0.084}, {""name"": ""fi_park_nrfi_rate"", ""value"": 0.5344, ""contribution"": -0.0797}, {""name"": ""era_gap_t1"", ""value"": -0.9999, ""contribution"": -0.0575}, {""name"": ""away_obp"", ""value"": 0.3229, ""contribution"": 0.0468}]","[{""name"": ""away_xera"", ""value"": 4.9991, ""contribution"": 0.1422}, {""name"": ""fi_park_nrfi_rate"", ""value"": 0.5344, ""contribution"": -0.1326}, {""name"": ""away_p_last5_pitcher_nrfi"", ""value"": 0.4, ""contribution"": 0.1237}, {""name"": ""era_gap_b1"", ""value"": 0.9999, ""contribution"": 0.1}, {""name"": ""away_fip"", ""value"": 4.8045, ""contribution"": -0.095}]",605673,0.4897,3.885,4.999,56.0,14.0,0.7272,0.7396,5.8,5.0,0.8130,0.8223,L,R,YRFI,PASS,0,1,1,2026-05-08T02:30:41+00:00,-135,+100,DraftKings,2026-05-08T02:57:27+00:00,0.5745,0.5,-0.102,0.0275,,N,,,-125,-105,2026-05-08T01:09:49+00:00,,,,,0.3630,0.3172,0.5000,0.5042,0.2288,0.2269,
2026-05-07,2026,824681,1,N,CIN,CHC,2:20 PM ET,Rhett Lowder,Shota Imanaga,695076,684007,ltd,live,live,live,1.0,0.3603,0.5001,0.8603,0.206,0.3209,0.527,0.6107,0.3893,0.213,0.787,,,NRFI,STRONG,STRONG NRFI,4,2026-05-07T17:16:35Z,4.616,3.056,1.315,0.919,3.726,3.735,3.38,1.91,0.76,1.29,7.86,8.37,0.308,0.342,0.393,0.425,4.226,5.13,10.8,10.5,64.0,0.0,0.6,0.2,0.4,0.4286,0.3547,0.3368,0.4331,0.4068,0.1601,0.1677,lineup,lineup,"[{""id"": 663538, ""name"": ""Nico Hoerner"", ""bats"": ""R"", ""obp"": 0.3652694610778443, ""slg"": 0.4413793103448276, ""iso"": 0.15172413793103445, ""ab"": 145}, {""id"": 694208, ""name"": ""Mois\u00e9s Ballesteros"", ""bats"": ""L"", ""obp"": 0.36, ""slg"": 0.550561797752809, ""iso"": 0.25842696629213485, ""ab"": 89}, {""id"": 608324, ""name"": ""Alex Bregman"", ""bats"": ""R"", ""obp"": 0.3411764705882353, ""slg"": 0.35374149659863946, ""iso"": 0.108843537414966, ""ab"": 147}]","[{""id"": 666181, ""name"": ""Will Benson"", ""bats"": ""L"", ""obp"": 0.3333333333333333, ""slg"": 0.39285714285714285, ""iso"": 0.17857142857142858, ""ab"": 56}, {""id"": 680574, ""name"": ""Matt McLain"", ""bats"": ""R"", ""obp"": 0.30666666666666664, ""slg"": 0.3153846153846154, ""iso"": 0.11538461538461536, ""ab"": 130}, {""id"": 682829, ""name"": ""Elly De La Cruz"", ""bats"": ""S"", ""obp"": 0.34146341463414637, ""slg"": 0.5136986301369864, ""iso"": 0.24657534246575347, ""ab"": 146}]","[{""name"": ""home_xera"", ""value"": 3.7754, ""contribution"": -0.1619}, {""name"": ""away_top3c_slg"", ""value"": 0.4068, ""contribution"": 0.1154}, {""name"": ""fi_park_nrfi_rate"", ""value"": 0.5435, ""contribution"": -0.0992}, {""name"": ""era_gap_t1"", ""value"": -1.56, ""contribution"": -0.0897}, {""name"": ""home_p_last10_pitcher_nrfi"", ""value"": 0.4, ""contribution"": -0.0845}]","[{""name"": ""home_plate_ump_nrfi_rate"", ""value"": 0.452, ""contribution"": -0.2501}, {""name"": ""away_p_last5_pitcher_nrfi"", ""value"": 0.2, ""contribution"": 0.1998}, {""name"": ""fi_park_nrfi_rate"", ""value"": 0.5435, ""contribution"": -0.1651}, {""name"": ""era_gap_b1"", ""value"": 1.56, ""contribution"": 0.156}, {""name"": ""wx_temp_c"", ""value"": 10.8, ""contribution"": -0.122}]",482608,0.452,3.775,4.513,47.0,50.0,0.7075,0.7272,6.27,4.87,0.8987,0.7480,R,L,NRFI,WIN,0,0,0,2026-05-07T19:41:42+00:00,-130,+100,DraftKings,2026-05-07T17:47:41+00:00,0.5652,0.5,0.0455,-0.1107,0.0455,Y,1,0.769,-130,+100,2026-05-07T17:47:41+00:00,0,,,,0.2806,0.3150,0.3763,0.3271,0.1613,0.1308,
2026-05-08,2026,823794,1,N,NYY,MIL,7:40 PM ET,Max Fried,Jacob Misiorowski,608331,694819,live,live,live,live,1.03,0.4611,0.3445,0.8055,0.2365,0.2283,0.4648,0.6418,0.3582,0.1932,0.8068,,,NRFI,STRONG,STRONG NRFI,4,2026-05-08T21:49:14Z,2.594,3.583,0.981,1.125,2.701,3.183,2.48,3.66,0.38,1.05,7.98,12.21,0.332,0.331,0.444,0.376,5.203,4.955,,,,1.0,0.8,0.8,0.6,0.8,0.3313,0.3871,0.3755,0.5874,0.169,0.3251,team_fallback,lineup,"[{""id"": 694192, ""name"": ""Jackson Chourio"", ""bats"": ""R"", ""obp"": 0.7, ""slg"": 1.0, ""iso"": 0.33333333333333337, ""ab"": 9}, {""id"": 668930, ""name"": ""Brice Turang"", ""bats"": ""L"", ""obp"": 0.4391891891891892, ""slg"": 0.5169491525423728, ""iso"": 0.21186440677966095, ""ab"": 118}, {""id"": 661388, ""name"": ""William Contreras"", ""bats"": ""R"", ""obp"": 0.3581081081081081, ""slg"": 0.40601503759398494, ""iso"": 0.12030075187969924, ""ab"": 133}]","[{""id"": 663757, ""name"": ""Trent Grisham"", ""bats"": ""L"", ""obp"": 0.3082191780821918, ""slg"": 0.371900826446281, ""iso"": 0.19008264462809915, ""ab"": 121}, {""id"": 700250, ""name"": ""Ben Rice"", ""bats"": ""L"", ""obp"": 0.4552238805970149, ""slg"": 0.7592592592592593, ""iso"": 0.4166666666666667, ""ab"": 108}, {""id"": 592450, ""name"": ""Aaron Judge"", ""bats"": ""R"", ""obp"": 0.40119760479041916, ""slg"": 0.6423357664233577, ""iso"": 0.3722627737226277, ""ab"": 137}]","[{""name"": ""away_top3c_iso"", ""value"": 0.3251, ""contribution"": 0.6137}, {""name"": ""away_top3c_slg"", ""value"": 0.5874, ""contribution"": -0.4796}, {""name"": ""home_xera"", ""value"": 3.1529, ""contribution"": -0.4024}, {""name"": ""fi_park_nrfi_rate"", ""value"": 0.5931, ""contribution"": -0.205}, {""name"": ""away_top3c_obp"", ""value"": 0.3871, ""contribution"": 0.1383}]","[{""name"": ""fi_park_nrfi_rate"", ""value"": 0.5931, ""contribution"": -0.3412}, {""name"": ""away_xera"", ""value"": 2.8627, ""contribution"": -0.2408}, {""name"": ""away_fip"", ""value"": 2.7007, ""contribution"": 0.15}, {""name"": ""home_top3c_slg"", ""value"": 0.3755, ""contribution"": 0.1325}, {""name"": ""home_plate_ump_nrfi_rate"", ""value"": 0.5395, ""contribution"": 0.119}]",484198,0.5395,3.153,2.863,86.0,72.0,0.7136,0.751,5.4,6.53,0.8860,0.7200,L,R,NRFI,WIN,0,0,0,2026-05-08T23:51:47+00:00,-140,+105,DraftKings,2026-05-08T23:53:35+00:00,0.5833,0.4878,0.0585,-0.1296,0.0604,Y,1,0.714,-140,+105,2026-05-08T22:35:15+00:00,0,,,,0.4104,0.3823,0.6870,0.4390,0.3565,0.1382,
2026-05-08,2026,824443,1,N,MIN,CLE,7:15 PM ET,Connor Prielipp,Parker Messick,687570,800048,sm,ltd,live,live,0.96,0.3673,0.4435,0.8109,0.1925,0.182,0.3746,0.6623,0.3377,0.1951,0.8049,,,NRFI,STRONG,STRONG NRFI,4,2026-05-08T21:49:14Z,4.112,3.049,1.167,1.092,4.119,3.367,3.2,2.39,1.22,0.99,9.09,9.24,0.324,0.319,0.392,0.387,4.712,4.236,13.0,6.6,74.0,0.0,1.0,0.6667,0.8,0.6667,0.3206,0.3754,0.3718,0.4908,0.1436,0.2117,lineup,lineup,"[{""id"": 680757, ""name"": ""Steven Kwan"", ""bats"": ""L"", ""obp"": 0.3057324840764331, ""slg"": 0.27007299270072993, ""iso"": 0.05839416058394162, ""ab"": 137}, {""id"": 682657, ""name"": ""Angel Mart\u00ednez"", ""bats"": ""S"", ""obp"": 0.31092436974789917, ""slg"": 0.46846846846846846, ""iso"": 0.19819819819819817, ""ab"": 111}, {""id"": 608070, ""name"": ""Jos\u00e9 Ram\u00edrez"", ""bats"": ""S"", ""obp"": 0.3411764705882353, ""slg"": 0.39436619718309857, ""iso"": 0.18309859154929575, ""ab"": 142}]","[{""id"": 621439, ""name"": ""Byron Buxton"", ""bats"": ""R"", ""obp"": 0.2981366459627329, ""slg"": 0.5135135135135135, ""iso"": 0.27027027027027023, ""ab"": 148}, {""id"": 668885, ""name"": ""Austin Martin"", ""bats"": ""R"", ""obp"": 0.45714285714285713, ""slg"": 0.4024390243902439, ""iso"": 0.0853658536585366, ""ab"": 82}, {""id"": 680777, ""name"": ""Ryan Jeffers"", ""bats"": ""R"", ""obp"": 0.40869565217391307, ""slg"": 0.53125, ""iso"": 0.22916666666666669, ""ab"": 96}]","[{""name"": ""home_xera"", ""value"": 2.6176, ""contribution"": -0.6092}, {""name"": ""away_top3c_slg"", ""value"": 0.4908, ""contribution"": -0.1612}, {""name"": ""away_top3c_iso"", ""value"": 0.2117, ""contribution"": 0.1387}, {""name"": ""away_top3c_obp"", ""value"": 0.3754, ""contribution"": 0.1045}, {""name"": ""home_fip"", ""value"": 3.3667, ""contribution"": 0.0865}]","[{""name"": ""away_xera"", ""value"": 1.9461, ""contribution"": -0.4052}, {""name"": ""home_plate_ump_nrfi_rate"", ""value"": 0.4534, ""contribution"": -0.2441}, {""name"": ""home_top3c_slg"", ""value"": 0.3718, ""contribution"": 0.14}, {""name"": ""era_gap_b1"", ""value"": 1.0625, ""contribution"": 0.1063}, {""name"": ""fi_park_nrfi_rate"", ""value"": 0.5254, ""contribution"": -0.1008}]",594151,0.4534,2.618,1.946,66.0,50.0,0.7272,0.7136,6.07,4.67,0.7867,0.7360,L,L,YRFI,LOSS,0,4,4,2026-05-08T23:35:51+00:00,-150,+115,DraftKings,2026-05-08T22:18:59+00:00,0.6,0.4651,0.0623,-0.1274,0.0623,Y,1,-1,-150,+115,2026-05-08T22:13:42+00:00,0,,,,0.3798,0.2857,0.5690,0.2545,0.2500,0.0636,
2026-05-08,2026,824116,1,N,DET,KC,7:40 PM ET,Keider Montero,Kris Bubic,672456,663460,live,live,live,live,0.96,0.372,0.4328,0.8048,0.2215,0.2372,0.4587,0.6444,0.3556,0.193,0.807,,,NRFI,STRONG,STRONG NRFI,4,2026-05-08T21:49:14Z,3.943,2.963,1.199,1.156,4.101,3.114,2.57,3.64,1.19,0.58,7.23,9.2,0.324,0.319,0.399,0.398,4.373,4.222,19.2,4.0,66.0,0.0,1.0,1.0,0.8,1.0,0.3285,0.3237,0.4155,0.3989,0.1596,0.169,lineup,team_fallback,"[{""id"": 672580, ""name"": ""Maikel Garcia"", ""bats"": ""R"", ""obp"": 0.33544303797468356, ""slg"": 0.41843971631205673, ""iso"": 0.14893617021276595, ""ab"": 141}, {""id"": 677951, ""name"": ""Bobby Witt Jr."", ""bats"": ""R"", ""obp"": 0.3684210526315789, ""slg"": 0.45695364238410596, ""iso"": 0.15894039735099336, ""ab"": 151}, {""id"": 686469, ""name"": ""Vinnie Pasquantino"", ""bats"": ""L"", ""obp"": 0.27741935483870966, ""slg"": 0.3656716417910448, ""iso"": 0.17164179104477612, ""ab"": 134}]","[{""id"": 681481, ""name"": ""Kerry Carpenter"", ""bats"": ""L"", ""obp"": 0.2956521739130435, ""slg"": 0.45, ""iso"": 0.24000000000000002, ""ab"": 100}, {""id"": 805808, ""name"": ""Kevin McGonigle"", ""bats"": ""L"", ""obp"": 0.3924050632911392, ""slg"": 0.45255474452554745, ""iso"": 0.1532846715328467, ""ab"": 137}, {""id"": 690993, ""name"": ""Colt Keith"", ""bats"": ""L"", ""obp"": 0.36936936936936937, ""slg"": 0.3942307692307692, ""iso"": 0.06730769230769229, ""ab"": 104}]","[{""name"": ""home_xera"", ""value"": 3.3585, ""contribution"": -0.3229}, {""name"": ""away_top3c_slg"", ""value"": 0.3989, ""contribution"": 0.1414}, {""name"": ""fi_park_nrfi_rate"", ""value"": 0.5604, ""contribution"": -0.1351}, {""name"": ""home_fip"", ""value"": 3.1137, ""contribution"": 0.1215}, {""name"": ""wx_wind_kmh"", ""value"": 4.0, ""contribution"": -0.0607}]","[{""name"": ""fi_park_nrfi_rate"", ""value"": 0.5604, ""contribution"": -0.2249}, {""name"": ""wx_wind_kmh"", ""value"": 4.0, ""contribution"": -0.1276}, {""name"": ""away_p_last5_pitcher_nrfi"", ""value"": 1.0, ""contribution"": -0.1047}, {""name"": ""era_gap_b1"", ""value"": 0.9806, ""contribution"": 0.0981}, {""name"": ""home_top3c_slg"", ""value"": 0.4155, ""contribution"": 0.0518}]",665298,0.5084,3.358,4.024,79.0,9.0,0.7396,0.7075,5.93,5.87,0.6503,0.6443,R,L,NRFI,WIN,0,0,0,2026-05-08T23:52:56+00:00,-125,+100,DraftKings,2026-05-08T23:53:35+00:00,0.5652,0.5,0.0792,-0.1444,0.0809,Y,1,0.8,-125,-105,2026-05-08T22:35:15+00:00,0,,,,0.3273,0.3409,0.3500,0.5372,0.0900,0.2397,
2026-05-08,2026,823957,1,N,ATL,LAD,10:10 PM ET,Chris Sale,Emmet Sheehan,519242,686218,live,live,live,live,0.97,0.4566,0.3754,0.832,0.2166,0.4261,0.6427,0.4802,0.5198,0.2028,0.7972,,,PASS,NO EDGE,PASS - No edge,4,2026-05-08T23:58:35Z,2.355,4.176,0.983,1.184,2.782,3.708,2.44,2.78,0.93,1.32,11.16,10.28,0.33,0.342,0.445,0.437,5.278,5.053,22.7,15.5,62.0,0.0,0.2,0.8,0.4,0.8,0.3589,0.3807,0.4209,0.5727,0.1555,0.264,lineup,lineup,"[{""id"": 660271, ""name"": ""Shohei Ohtani"", ""bats"": ""L"", ""obp"": 0.3888888888888889, ""slg"": 0.4418604651162791, ""iso"": 0.1937984496124031, ""ab"": 129}, {""id"": 669257, ""name"": ""Will Smith"", ""bats"": ""R"", ""obp"": 0.33620689655172414, ""slg"": 0.38461538461538464, ""iso"": 0.11538461538461542, ""ab"": 104}, {""id"": 518692, ""name"": ""Freddie Freeman"", ""bats"": ""L"", ""obp"": 0.34415584415584416, ""slg"": 0.42857142857142855, ""iso"": 0.14999999999999997, ""ab"": 140}]","[{""id"": 686948, ""name"": ""Drake Baldwin"", ""bats"": ""L"", ""obp"": 0.3793103448275862, ""slg"": 0.5096774193548387, ""iso"": 0.20645161290322578, ""ab"": 155}, {""id"": 645277, ""name"": ""Ozzie Albies"", ""bats"": ""S"", ""obp"": 0.37423312883435583, ""slg"": 0.541095890410959, ""iso"": 0.21917808219178087, ""ab"": 146}, {""id"": 621566, ""name"": ""Matt Olson"", ""bats"": ""L"", ""obp"": 0.38823529411764707, ""slg"": 0.6712328767123288, ""iso"": 0.36986301369863017, ""ab"": 146}]","[{""name"": ""home_xera"", ""value"": 2.9748, ""contribution"": -0.4712}, {""name"": ""away_top3c_slg"", ""value"": 0.5727, ""contribution"": -0.4311}, {""name"": ""away_top3c_iso"", ""value"": 0.264, ""contribution"": 0.3577}, {""name"": ""home_plate_ump_nrfi_rate"", ""value"": 0.6177, ""contribution"": -0.1509}, {""name"": ""away_top3c_obp"", ""value"": 0.3807, ""contribution"": 0.1198}]","[{""name"": ""home_plate_ump_nrfi_rate"", ""value"": 0.6177, ""contribution"": 0.4488}, {""name"": ""away_xera"", ""value"": 2.5201, ""contribution"": -0.3023}, {""name"": ""era_gap_b1"", ""value"": -1.8215, ""contribution"": -0.1821}, {""name"": ""away_fip"", ""value"": 2.782, ""contribution"": 0.1406}, {""name"": ""fi_park_nrfi_rate"", ""value"": 0.4772, ""contribution"": 0.0704}]",482620,0.6177,2.975,2.52,96.0,85.0,0.7136,0.7396,5.53,6.0,0.9210,0.7807,L,R,NRFI,PASS,0,0,0,2026-05-09T02:21:19+00:00,-145,+110,DraftKings,2026-05-09T02:06:20+00:00,0.5918,0.4762,-0.1116,0.0436,,N,,,-145,+110,2026-05-09T01:07:24+00:00,,,,,0.4077,0.3701,0.6818,0.3889,0.3636,0.1296,
2026-05-08,2026,822822,1,N,LAA,TOR,7:07 PM ET,Reid Detmers,Dylan Cease,672282,656302,live,live,live,live,1.01,0.4075,0.3818,0.7893,0.2398,0.3404,0.5802,0.4802,0.5198,0.1874,0.8126,,,PASS,NO EDGE,PASS - No edge,4,2026-05-08T21:49:14Z,4.177,3.818,1.213,1.33,3.056,2.695,2.71,4.02,0.85,0.69,10.06,12.35,0.323,0.312,0.396,0.39,4.467,4.111,,,,1.0,0.6,0.8,0.5,0.8571,0.3652,0.3589,0.4007,0.446,0.1199,0.2014,lineup,lineup,"[{""id"": 543807, ""name"": ""George Springer"", ""bats"": ""R"", ""obp"": 0.2857142857142857, ""slg"": 0.32432432432432434, ""iso"": 0.13513513513513514, ""ab"": 74}, {""id"": 682818, ""name"": ""Yohendrick Pi\u00f1ango"", ""bats"": ""L"", ""obp"": 0.4230769230769231, ""slg"": 0.44, ""iso"": 0.03999999999999998, ""ab"": 25}, {""id"": 665489, ""name"": ""Vladimir Guerrero Jr."", ""bats"": ""R"", ""obp"": 0.4025974025974026, ""slg"": 0.4148148148148148, ""iso"": 0.09629629629629627, ""ab"": 135}]","[{""id"": 687263, ""name"": ""Zach Neto"", ""bats"": ""R"", ""obp"": 0.3352272727272727, ""slg"": 0.40939597315436244, ""iso"": 0.18791946308724833, ""ab"": 149}, {""id"": 545361, ""name"": ""Mike Trout"", ""bats"": ""R"", ""obp"": 0.4294117647058823, ""slg"": 0.549618320610687, ""iso"": 0.29007633587786263, ""ab"": 131}, {""id"": 694384, ""name"": ""Nolan Schanuel"", ""bats"": ""L"", ""obp"": 0.30666666666666664, ""slg"": 0.38686131386861317, ""iso"": 0.13138686131386862, ""ab"": 137}]","[{""name"": ""home_xera"", ""value"": 3.2756, ""contribution"": -0.355}, {""name"": ""home_fip"", ""value"": 2.6945, ""contribution"": 0.1796}, {""name"": ""wx_is_dome"", ""value"": 1.0, ""contribution"": -0.1048}, {""name"": ""away_top3c_iso"", ""value"": 0.2014, ""contribution"": 0.0959}, {""name"": ""home_p_last10_pitcher_nrfi"", ""value"": 0.5, ""contribution"": -0.0587}]","[{""name"": ""away_xera"", ""value"": 3.1218, ""contribution"": -0.1944}, {""name"": ""home_top3c_iso"", ""value"": 0.1199, ""contribution"": -0.1291}, {""name"": ""home_plate_ump_nrfi_rate"", ""value"": 0.538, ""contribution"": 0.1127}, {""name"": ""away_fip"", ""value"": 3.0562, ""contribution"": 0.1086}, {""name"": ""home_top3c_slg"", ""value"": 0.4007, ""contribution"": 0.0815}]",482631,0.538,3.276,3.122,97.0,65.0,0.6487,0.7396,5.73,5.73,0.8173,0.9683,L,R,NRFI,PASS,0,0,0,2026-05-08T23:25:31+00:00,-135,+105,DraftKings,2026-05-08T23:58:57+00:00,0.5745,0.4878,-0.0943,0.032,,N,,,-135,+105,2026-05-08T22:03:05+00:00,,,,,0.3740,0.3495,0.4825,0.3404,0.1930,0.0532,
2026-05-08,2026,824607,1,N,SEA,CWS,7:40 PM ET,Emerson Hancock,Sean Burke,676106,680732,live,live,live,live,0.98,0.4207,0.4398,0.8605,0.3592,0.4006,0.7598,0.4414,0.5586,0.2131,0.7869,,,PASS,LOW LAMBDA,PASS - Low lambda,4,2026-05-08T21:49:14Z,3.642,3.478,1.151,1.227,4.102,3.923,2.2,3.04,1.48,1.12,8.56,8.14,0.319,0.321,0.387,0.39,4.146,4.264,14.1,13.7,71.0,0.0,0.8,1.0,0.6,0.8,0.3639,0.3197,0.4783,0.4052,0.2453,0.172,lineup,lineup,"[{""id"": 545341, ""name"": ""Randal Grichuk"", ""bats"": ""R"", ""obp"": 0.21052631578947367, ""slg"": 0.3055555555555556, ""iso"": 0.11111111111111113, ""ab"": 36}, {""id"": 808959, ""name"": ""Munetaka Murakami"", ""bats"": ""L"", ""obp"": 0.36875, ""slg"": 0.5648854961832062, ""iso"": 0.32824427480916035, ""ab"": 131}, {""id"": 678246, ""name"": ""Miguel Vargas"", ""bats"": ""R"", ""obp"": 0.3522012578616352, ""slg"": 0.4230769230769231, ""iso"": 0.20769230769230768, ""ab"": 130}]","[{""id"": 660844, ""name"": ""Leo Rivas"", ""bats"": ""S"", ""obp"": 0.26851851851851855, ""slg"": 0.18681318681318682, ""iso"": 0.043956043956043966, ""ab"": 91}, {""id"": 663728, ""name"": ""Cal Raleigh"", ""bats"": ""S"", ""obp"": 0.25806451612903225, ""slg"": 0.35766423357664234, ""iso"": 0.18248175182481752, ""ab"": 137}, {""id"": 677594, ""name"": ""Julio Rodr\u00edguez"", ""bats"": ""R"", ""obp"": 0.32727272727272727, ""slg"": 0.4066666666666667, ""iso"": 0.14666666666666667, ""ab"": 150}]","[{""name"": ""home_xera"", ""value"": 4.6445, ""contribution"": 0.1739}, {""name"": ""away_top3c_slg"", ""value"": 0.4052, ""contribution"": 0.1207}, {""name"": ""away_top3c_obp"", ""value"": 0.3197, ""contribution"": -0.0569}, {""name"": ""wx_is_dome"", ""value"": 0.0, ""contribution"": 0.0357}, {""name"": ""home_p_last10_pitcher_nrfi"", ""value"": 0.6, ""contribution"": -0.0329}]","[{""name"": ""away_xera"", ""value"": 5.2305, ""contribution"": 0.1837}, {""name"": ""home_top3c_iso"", ""value"": 0.2453, ""contribution"": 0.1509}, {""name"": ""away_p_last5_pitcher_nrfi"", ""value"": 1.0, ""contribution"": -0.1047}, {""name"": ""wx_temp_c"", ""value"": 14.1, ""contribution"": -0.0853}, {""name"": ""home_top3c_slg"", ""value"": 0.4783, ""contribution"": -0.0749}]",483564,0.5037,4.644,5.231,35.0,18.0,0.7136,0.7136,5.27,5.8,0.6453,0.6537,R,R,YRFI,PASS,0,1,1,2026-05-08T23:51:06+00:00,-135,+105,DraftKings,2026-05-08T23:58:57+00:00,0.5745,0.4878,-0.1331,0.0708,,N,,,-135,+105,2026-05-08T22:35:15+00:00,,,,,0.2667,0.3303,0.4220,0.4526,0.2202,0.2105,
2026-05-08,2026,824768,1,N,TB,BOS,7:10 PM ET,Jesse Scholtens,Connelly Early,669947,813349,sm,ltd,live,live,1.05,0.5241,0.458,0.9821,0.2668,0.3792,0.646,0.4802,0.5198,0.2576,0.7424,,,PASS,NO EDGE,PASS - No edge,4,2026-05-08T21:49:14Z,3.836,4.008,1.214,1.283,3.968,4.403,2.93,3.74,1.06,1.24,8.18,8.44,0.327,0.316,0.389,0.37,4.495,4.146,13.5,15.8,36.0,0.0,0.6,0.0,0.7,0.0,0.3384,0.369,0.4243,0.4734,0.1712,0.185,lineup,lineup,"[{""id"": 680776, ""name"": ""Jarren Duran"", ""bats"": ""L"", ""obp"": 0.2553191489361702, ""slg"": 0.33076923076923076, ""iso"": 0.13846153846153844, ""ab"": 130}, {""id"": 575929, ""name"": ""Willson Contreras"", ""bats"": ""R"", ""obp"": 0.37267080745341613, ""slg"": 0.47368421052631576, ""iso"": 0.21052631578947367, ""ab"": 133}, {""id"": 677800, ""name"": ""Wilyer Abreu"", ""bats"": ""L"", ""obp"": 0.37735849056603776, ""slg"": 0.4642857142857143, ""iso"": 0.1642857142857143, ""ab"": 140}]","[{""id"": 650490, ""name"": ""Yandy D\u00edaz"", ""bats"": ""R"", ""obp"": 0.40131578947368424, ""slg"": 0.48120300751879697, ""iso"": 0.15789473684210525, ""ab"": 133}, {""id"": 668723, ""name"": ""Ryan Vilade"", ""bats"": ""R"", ""obp"": 0.3333333333333333, ""slg"": 0.3829787234042553, ""iso"": 0.10638297872340424, ""ab"": 47}, {""id"": 691406, ""name"": ""Junior Caminero"", ""bats"": ""R"", ""obp"": 0.35, ""slg"": 0.49640287769784175, ""iso"": 0.23741007194244607, ""ab"": 139}]","[{""name"": ""home_xera"", ""value"": 3.7779, ""contribution"": -0.1609}, {""name"": ""away_top3c_slg"", ""value"": 0.4734, ""contribution"": -0.1037}, {""name"": ""away_top3c_obp"", ""value"": 0.369, ""contribution"": 0.0861}, {""name"": ""away_obp"", ""value"": 0.3265, ""contribution"": 0.0737}, {""name"": ""home_fip"", ""value"": 4.4032, ""contribution"": -0.0571}]","[{""name"": ""away_p_last5_pitcher_nrfi"", ""value"": 0.0, ""contribution"": 0.2759}, {""name"": ""wx_temp_c"", ""value"": 13.5, ""contribution"": -0.092}, {""name"": ""away_p_last10_pitcher_nrfi"", ""value"": 0.0, ""contribution"": -0.0608}, {""name"": ""wx_wind_kmh"", ""value"": 15.8, ""contribution"": 0.0583}, {""name"": ""home_top3c_slg"", ""value"": 0.4243, ""contribution"": 0.034}]",676580,0.5084,3.778,4.042,82.0,50.0,0.6796,0.7136,5.27,5.67,0.8803,0.7250,R,L,NRFI,PASS,0,0,0,2026-05-08T23:28:44+00:00,-105,-125,DraftKings,2026-05-08T23:58:57+00:00,0.5122,0.5556,-0.032,-0.0358,,N,,,-105,-125,2026-05-08T22:08:24+00:00,,,,,0.3751,0.3556,0.4778,0.4561,0.1889,0.1930,
2026-05-08,2026,824522,1,N,HOU,CIN,6:10 PM ET,Mike Burrows,Nick Lodolo,681347,666157,live,ltd,live,live,1.09,0.4578,0.5638,1.0215,0.3802,0.4484,0.8286,0.4043,0.5957,0.2722,0.7278,,,YRFI,STRONG,STRONG YRFI,4,2026-05-08T20:06:37Z,4.945,3.548,1.439,1.123,4.427,3.697,3.05,2.14,1.56,1.25,8.89,8.97,0.332,0.309,0.425,0.395,4.75,4.203,20.2,18.5,34.0,0.0,1.0,0.8,0.9,0.6,0.3187,0.373,0.4409,0.4757,0.2013,0.1995,lineup,lineup,"[{""id"": 670770, ""name"": ""TJ Friedl"", ""bats"": ""L"", ""obp"": 0.2727272727272727, ""slg"": 0.2868217054263566, ""iso"": 0.09302325581395349, ""ab"": 129}, {""id"": 668709, ""name"": ""JJ Bleday"", ""bats"": ""L"", ""obp"": 0.41025641025641024, ""slg"": 0.7272727272727273, ""iso"": 0.42424242424242425, ""ab"": 33}, {""id"": 682829, ""name"": ""Elly De La Cruz"", ""bats"": ""S"", ""obp"": 0.33727810650887574, ""slg"": 0.5099337748344371, ""iso"": 0.2450331125827815, ""ab"": 151}]","[{""id"": 669699, ""name"": ""Braden Shewmake"", ""bats"": ""L"", ""obp"": 0.3125, ""slg"": 0.6875, ""iso"": 0.375, ""ab"": 16}, {""id"": 694376, ""name"": ""Shay Whitcomb"", ""bats"": ""R"", ""obp"": 0.13333333333333333, ""slg"": 0.2857142857142857, ""iso"": 0.21428571428571427, ""ab"": 14}, {""id"": 670623, ""name"": ""Isaac Paredes"", ""bats"": ""R"", ""obp"": 0.362962962962963, ""slg"": 0.39316239316239315, ""iso"": 0.1282051282051282, ""ab"": 117}]","[{""name"": ""away_obp"", ""value"": 0.3323, ""contribution"": 0.117}, {""name"": ""away_top3c_slg"", ""value"": 0.4757, ""contribution"": -0.1115}, {""name"": ""away_top3c_obp"", ""value"": 0.373, ""contribution"": 0.0974}, {""name"": ""away_top3c_iso"", ""value"": 0.1995, ""contribution"": 0.0877}, {""name"": ""era_gap_t1"", ""value"": -1.3976, ""contribution"": -0.0803}]","[{""name"": ""era_gap_b1"", ""value"": 1.3976, ""contribution"": 0.1398}, {""name"": ""wx_wind_kmh"", ""value"": 18.5, ""contribution"": 0.1008}, {""name"": ""fi_park_nrfi_rate"", ""value"": 0.4742, ""contribution"": 0.0811}, {""name"": ""home_plate_ump_nrfi_rate"", ""value"": 0.5283, ""contribution"": 0.0718}, {""name"": ""home_top3c_iso"", ""value"": 0.2013, ""contribution"": 0.0526}]",605672,0.5283,4.2,4.153,50.0,61.0,0.7136,0.7272,5.2,5.4,0.7210,0.8470,R,L,NRFI,LOSS,0,0,0,2026-05-08T22:23:53+00:00,-115,-115,DraftKings,2026-05-08T21:14:23+00:00,0.5349,0.5349,-0.1306,0.0608,0.0608,Y,1,-1,-115,-115,2026-05-08T21:04:11+00:00,0,,,,0.3706,0.3223,0.5238,0.4815,0.2222,0.2315,
2026-05-08,2026,823466,1,N,COL,PHI,6:40 PM ET,Chase Dollander,Jesús Luzardo,801403,666200,live,live,live,live,1.04,0.3667,0.506,0.8727,0.2626,0.4611,0.7237,0.4657,0.5343,0.2176,0.7824,,,PASS,NO EDGE,PASS - No edge,4,2026-05-08T21:10:29Z,4.788,4.506,1.329,1.25,4.195,2.669,3.61,2.41,1.28,0.84,8.94,11.02,0.322,0.305,0.407,0.391,4.335,4.052,19.8,14.1,26.0,0.0,1.0,0.4,0.9,0.6,0.3381,0.3198,0.4791,0.3827,0.2372,0.13,lineup,lineup,"[{""id"": 607208, ""name"": ""Trea Turner"", ""bats"": ""R"", ""obp"": 0.2909090909090909, ""slg"": 0.35947712418300654, ""iso"": 0.12418300653594772, ""ab"": 153}, {""id"": 656941, ""name"": ""Kyle Schwarber"", ""bats"": ""L"", ""obp"": 0.35502958579881655, ""slg"": 0.539568345323741, ""iso"": 0.3237410071942446, ""ab"": 139}, {""id"": 547180, ""name"": ""Bryce Harper"", ""bats"": ""L"", ""obp"": 0.36875, ""slg"": 0.5507246376811594, ""iso"": 0.2753623188405797, ""ab"": 138}]","[{""id"": 666397, ""name"": ""Edouard Julien"", ""bats"": ""L"", ""obp"": 0.36607142857142855, ""slg"": 0.38144329896907214, ""iso"": 0.11340206185567009, ""ab"": 97}, {""id"": 671289, ""name"": ""Tyler Freeman"", ""bats"": ""R"", ""obp"": 0.379746835443038, ""slg"": 0.36231884057971014, ""iso"": 0.07246376811594202, ""ab"": 69}, {""id"": 681198, ""name"": ""TJ Rumfield"", ""bats"": ""L"", ""obp"": 0.33986928104575165, ""slg"": 0.4420289855072464, ""iso"": 0.16666666666666669, ""ab"": 138}]","[{""name"": ""home_xera"", ""value"": 3.2004, ""contribution"": -0.384}, {""name"": ""away_top3c_iso"", ""value"": 0.13, ""contribution"": -0.2033}, {""name"": ""away_top3c_slg"", ""value"": 0.3827, ""contribution"": 0.195}, {""name"": ""home_fip"", ""value"": 2.6689, ""contribution"": 0.1831}, {""name"": ""away_top3c_obp"", ""value"": 0.3198, ""contribution"": -0.0566}]","[{""name"": ""home_top3c_iso"", ""value"": 0.2372, ""contribution"": 0.1327}, {""name"": ""away_p_last5_pitcher_nrfi"", ""value"": 0.4, ""contribution"": 0.1237}, {""name"": ""fi_park_nrfi_rate"", ""value"": 0.4713, ""contribution"": 0.0914}, {""name"": ""home_top3c_slg"", ""value"": 0.4791, ""contribution"": -0.0765}, {""name"": ""wx_wind_kmh"", ""value"": 14.1, ""contribution"": 0.0315}]",483569,0.5176,3.2,4.378,90.0,38.0,0.751,0.7136,5.6,5.33,0.3490,0.8913,R,L,YRFI,PASS,1,0,1,2026-05-08T23:01:18+00:00,-155,+120,DraftKings,2026-05-08T22:45:54+00:00,0.6078,0.4545,-0.1421,0.0798,,N,,,-155,+120,2026-05-08T21:36:02+00:00,,,,,0.3730,0.3566,0.4643,0.5391,0.1696,0.2609,
2026-05-08,2026,824846,1,N,OAK,BAL,7:05 PM ET,Jacob Lopez,Kyle Bradish,682052,680694,live,ltd,live,live,1.06,0.5568,0.6752,1.232,0.314,0.2487,0.5627,0.5457,0.4543,0.3489,0.6511,,,PASS,NO EDGE,PASS - No edge,4,2026-05-08T21:49:14Z,5.176,4.341,1.537,1.48,5.027,4.207,4.84,4.23,1.57,1.21,8.98,9.69,0.324,0.32,0.409,0.395,4.457,4.542,21.2,12.4,23.0,0.0,1.0,0.8,0.8,0.7,0.3488,0.3731,0.4435,0.495,0.1909,0.2239,lineup,lineup,"[{""id"": 621493, ""name"": ""Taylor Ward"", ""bats"": ""R"", ""obp"": 0.4294117647058823, ""slg"": 0.39849624060150374, ""iso"": 0.12030075187969924, ""ab"": 133}, {""id"": 683002, ""name"": ""Gunnar Henderson"", ""bats"": ""L"", ""obp"": 0.26011560693641617, ""slg"": 0.42138364779874216, ""iso"": 0.22012578616352202, ""ab"": 159}, {""id"": 668939, ""name"": ""Adley Rutschman"", ""bats"": ""S"", ""obp"": 0.367816091954023, ""slg"": 0.5625, ""iso"": 0.25, ""ab"": 80}]","[{""id"": 701762, ""name"": ""Nick Kurtz"", ""bats"": ""L"", ""obp"": 0.41317365269461076, ""slg"": 0.40458015267175573, ""iso"": 0.15267175572519087, ""ab"": 131}, {""id"": 669127, ""name"": ""Shea Langeliers"", ""bats"": ""R"", ""obp"": 0.39072847682119205, ""slg"": 0.6402877697841727, ""iso"": 0.302158273381295, ""ab"": 139}, {""id"": 691016, ""name"": ""Tyler Soderstrom"", ""bats"": ""L"", ""obp"": 0.31125827814569534, ""slg"": 0.4318181818181818, ""iso"": 0.21212121212121213, ""ab"": 132}]","[{""name"": ""away_top3c_iso"", ""value"": 0.2239, ""contribution"": 0.1898}, {""name"": ""away_top3c_slg"", ""value"": 0.495, ""contribution"": -0.1751}, {""name"": ""home_xera"", ""value"": 3.85, ""contribution"": -0.133}, {""name"": ""away_top3c_obp"", ""value"": 0.3731, ""contribution"": 0.0979}, {""name"": ""home_plate_ump_nrfi_rate"", ""value"": 0.4611, ""contribution"": 0.0712}]","[{""name"": ""home_plate_ump_nrfi_rate"", ""value"": 0.4611, ""contribution"": -0.2117}, {""name"": ""away_xera"", ""value"": 3.5296, ""contribution"": -0.1213}, {""name"": ""away_fip"", ""value"": 5.0266, ""contribution"": -0.1208}, {""name"": ""era_gap_b1"", ""value"": 0.8353, ""contribution"": 0.0835}, {""name"": ""fi_park_nrfi_rate"", ""value"": 0.5124, ""contribution"": -0.0546}]",427129,0.4611,3.85,3.53,94.0,71.0,0.7136,0.7272,5.07,5.0,0.9087,0.8503,L,R,NRFI,PASS,0,0,0,2026-05-08T23:25:51+00:00,+100,-130,DraftKings,2026-05-08T23:58:57+00:00,0.5,0.5652,0.0457,-0.1109,0.0709,N,1,,+100,-130,2026-05-08T22:03:05+00:00,0,,,,0.3796,0.3175,0.5246,0.2963,0.2213,0.0926,
2026-05-08,2026,822904,1,N,CHC,TEX,8:05 PM ET,Ben Brown,Kumar Rocker,676962,677958,live,ltd,live,live,1.07,0.5713,0.4415,1.0128,0.3326,0.2671,0.5997,0.4802,0.5198,0.269,0.731,,,PASS,NO EDGE,PASS - No edge,4,2026-05-08T22:44:48Z,4.321,4.893,1.26,1.407,3.459,4.197,2.8,3.21,1.05,1.21,9.51,8.06,0.343,0.317,0.425,0.384,5.184,3.957,,,,1.0,0.2,0.6,0.4,0.5,0.3548,0.3657,0.4444,0.4239,0.1795,0.1493,lineup,lineup,"[{""id"": 607043, ""name"": ""Brandon Nimmo"", ""bats"": ""L"", ""obp"": 0.37579617834394907, ""slg"": 0.4492753623188406, ""iso"": 0.15217391304347827, ""ab"": 138}, {""id"": 677649, ""name"": ""Ezequiel Duran"", ""bats"": ""R"", ""obp"": 0.38461538461538464, ""slg"": 0.4936708860759494, ""iso"": 0.189873417721519, ""ab"": 79}, {""id"": 608369, ""name"": ""Corey Seager"", ""bats"": ""L"", ""obp"": 0.31645569620253167, ""slg"": 0.41044776119402987, ""iso"": 0.20149253731343286, ""ab"": 134}]","[{""id"": 663538, ""name"": ""Nico Hoerner"", ""bats"": ""R"", ""obp"": 0.36627906976744184, ""slg"": 0.4429530201342282, ""iso"": 0.15436241610738255, ""ab"": 149}, {""id"": 624424, ""name"": ""Michael Conforto"", ""bats"": ""L"", ""obp"": 0.4666666666666667, ""slg"": 0.6666666666666666, ""iso"": 0.3055555555555555, ""ab"": 36}, {""id"": 608324, ""name"": ""Alex Bregman"", ""bats"": ""R"", ""obp"": 0.3390804597701149, ""slg"": 0.3466666666666667, ""iso"": 0.10666666666666669, ""ab"": 150}]","[{""name"": ""home_xera"", ""value"": 4.973, ""contribution"": 0.3009}, {""name"": ""away_obp"", ""value"": 0.3431, ""contribution"": 0.1973}, {""name"": ""away_top3c_iso"", ""value"": 0.1493, ""contribution"": -0.1226}, {""name"": ""wx_is_dome"", ""value"": 1.0, ""contribution"": -0.1048}, {""name"": ""fi_park_nrfi_rate"", ""value"": 0.5409, ""contribution"": -0.0936}]","[{""name"": ""away_xera"", ""value"": 2.77, ""contribution"": -0.2575}, {""name"": ""home_plate_ump_nrfi_rate"", ""value"": 0.5484, ""contribution"": 0.1565}, {""name"": ""fi_park_nrfi_rate"", ""value"": 0.5409, ""contribution"": -0.1559}, {""name"": ""away_fip"", ""value"": 3.4594, ""contribution"": 0.0617}, {""name"": ""wx_is_dome"", ""value"": 1.0, ""contribution"": -0.0598}]",623949,0.5484,4.973,2.77,44.0,43.0,0.7136,0.7136,4.73,5.53,0.8417,0.7737,R,R,YRFI,PASS,1,0,1,2026-05-09T00:28:33+00:00,-135,+105,DraftKings,2026-05-09T01:49:59+00:00,0.5745,0.4878,-0.0943,0.032,,N,,,-135,+105,2026-05-08T23:04:24+00:00,,,,,0.3645,0.3608,0.4270,0.3750,0.1685,0.1250,
2026-05-08,2026,825088,1,N,NYM,ARI,9:40 PM ET,Nolan McLean,Ryne Nelson,690997,669194,ltd,live,live,live,1.0,0.4396,0.3584,0.798,0.2438,0.3314,0.5752,0.4802,0.5198,0.1905,0.8095,,,PASS,NO EDGE,PASS - No edge,4,2026-05-08T23:58:35Z,3.159,4.798,1.054,1.232,2.831,4.433,2.83,2.99,0.74,1.45,10.66,7.88,0.3,0.307,0.369,0.406,3.861,4.466,,,,1.0,0.8,0.6,0.7,0.6,0.3241,0.3066,0.4151,0.3591,0.1806,0.1157,lineup,lineup,"[{""id"": 672695, ""name"": ""Geraldo Perdomo"", ""bats"": ""S"", ""obp"": 0.35555555555555557, ""slg"": 0.38738738738738737, ""iso"": 0.15315315315315314, ""ab"": 111}, {""id"": 545121, ""name"": ""Ildemaro Vargas"", ""bats"": ""S"", ""obp"": 0.3813559322033898, ""slg"": 0.6140350877192983, ""iso"": 0.2543859649122807, ""ab"": 114}, {""id"": 682998, ""name"": ""Corbin Carroll"", ""bats"": ""L"", ""obp"": 0.3591549295774648, ""slg"": 0.512396694214876, ""iso"": 0.2479338842975206, ""ab"": 121}]","[{""id"": 665742, ""name"": ""Juan Soto"", ""bats"": ""L"", ""obp"": 0.3894736842105263, ""slg"": 0.5185185185185185, ""iso"": 0.2222222222222222, ""ab"": 81}, {""id"": 666182, ""name"": ""Bo Bichette"", ""bats"": ""R"", ""obp"": 0.27607361963190186, ""slg"": 0.3092105263157895, ""iso"": 0.07236842105263161, ""ab"": 152}, {""id"": 683146, ""name"": ""Brett Baty"", ""bats"": ""L"", ""obp"": 0.28205128205128205, ""slg"": 0.3076923076923077, ""iso"": 0.09615384615384617, ""ab"": 104}]","[{""name"": ""away_top3c_slg"", ""value"": 0.3591, ""contribution"": 0.2729}, {""name"": ""away_top3c_iso"", ""value"": 0.1157, ""contribution"": -0.2629}, {""name"": ""fi_park_nrfi_rate"", ""value"": 0.4201, ""contribution"": 0.1642}, {""name"": ""away_obp"", ""value"": 0.3002, ""contribution"": -0.123}, {""name"": ""wx_is_dome"", ""value"": 1.0, ""contribution"": -0.1048}]","[{""name"": ""fi_park_nrfi_rate"", ""value"": 0.4201, ""contribution"": 0.2734}, {""name"": ""away_xera"", ""value"": 2.7225, ""contribution"": -0.266}, {""name"": ""era_gap_b1"", ""value"": -1.6393, ""contribution"": -0.1639}, {""name"": ""away_fip"", ""value"": 2.8311, ""contribution"": 0.1349}, {""name"": ""wx_is_dome"", ""value"": 1.0, ""contribution"": -0.0598}]",605674,0.5127,3.934,2.723,15.0,76.0,0.6942,0.7272,4.4,5.8,0.7137,0.8163,R,R,NRFI,PASS,0,0,0,2026-05-09T01:54:15+00:00,-125,-105,DraftKings,2026-05-09T01:49:59+00:00,0.5556,0.5122,-0.0754,0.0076,,N,,,-125,-105,2026-05-09T00:35:05+00:00,,,,,0.3390,0.3339,0.4020,0.4286,0.1667,0.1696,
2026-05-08,2026,823303,1,N,STL,SD,9:45 PM ET,Michael McGreevy,Griffin Canning,700241,656288,live,ltd,live,live,0.95,0.4746,0.399,0.8736,0.3905,0.3089,0.6994,0.4657,0.5343,0.2179,0.7821,,,PASS,NO EDGE,PASS - No edge,4,2026-05-08T23:58:35Z,3.458,3.691,1.087,1.318,4.155,4.147,2.0,3.97,1.15,1.12,5.86,8.96,0.322,0.308,0.403,0.391,4.668,4.418,20.8,12.2,71.0,0.0,0.6,0.8,0.7,0.7,0.3212,0.3695,0.3944,0.431,0.1578,0.1816,lineup,lineup,"[{""id"": 701538, ""name"": ""Jackson Merrill"", ""bats"": ""L"", ""obp"": 0.29605263157894735, ""slg"": 0.37410071942446044, ""iso"": 0.14388489208633093, ""ab"": 139}, {""id"": 593428, ""name"": ""Xander Bogaerts"", ""bats"": ""R"", ""obp"": 0.3561643835616438, ""slg"": 0.45384615384615384, ""iso"": 0.1769230769230769, ""ab"": 130}, {""id"": 592518, ""name"": ""Manny Machado"", ""bats"": ""R"", ""obp"": 0.3129251700680272, ""slg"": 0.3548387096774194, ""iso"": 0.15322580645161293, ""ab"": 124}]","[{""id"": 802139, ""name"": ""JJ Wetherholt"", ""bats"": ""L"", ""obp"": 0.35502958579881655, ""slg"": 0.42142857142857143, ""iso"": 0.18571428571428572, ""ab"": 140}, {""id"": 671056, ""name"": ""Iv\u00e1n Herrera"", ""bats"": ""R"", ""obp"": 0.40236686390532544, ""slg"": 0.4090909090909091, ""iso"": 0.16666666666666669, ""ab"": 132}, {""id"": 676475, ""name"": ""Alec Burleson"", ""bats"": ""L"", ""obp"": 0.35, ""slg"": 0.46099290780141844, ""iso"": 0.19148936170212766, ""ab"": 141}]","[{""name"": ""home_xera"", ""value"": 4.6675, ""contribution"": 0.1828}, {""name"": ""away_top3c_obp"", ""value"": 0.3695, ""contribution"": 0.0873}, {""name"": ""fi_park_nrfi_rate"", ""value"": 0.5344, ""contribution"": -0.0797}, {""name"": ""home_avg_ip_per_start"", ""value"": 4.4667, ""contribution"": 0.047}, {""name"": ""away_obp"", ""value"": 0.3223, ""contribution"": 0.0418}]","[{""name"": ""fi_park_nrfi_rate"", ""value"": 0.5344, ""contribution"": -0.1326}, {""name"": ""away_xera"", ""value"": 4.9135, ""contribution"": 0.1269}, {""name"": ""home_top3c_slg"", ""value"": 0.3944, ""contribution"": 0.0944}, {""name"": ""away_pvt_nrfi_rate"", ""value"": 0.6487, ""contribution"": -0.063}, {""name"": ""home_top3c_iso"", ""value"": 0.1578, ""contribution"": -0.0445}]",484183,0.5086,4.668,4.913,69.0,3.0,0.7272,0.6487,4.47,5.73,0.8130,0.6460,R,R,NRFI,PASS,0,0,0,2026-05-09T02:01:50+00:00,-135,+105,DraftKings,2026-05-09T01:49:59+00:00,0.5745,0.4878,-0.1088,0.0465,,N,,,-135,+105,2026-05-09T00:40:30+00:00,,,,,0.3806,0.3249,0.5000,0.4821,0.2281,0.2232,
2026-05-08,2026,823225,1,N,PIT,SF,10:15 PM ET,Carmen Mlodzinski,TBD,669387,,live,avg,live,live,0.94,0.4477,0.3278,0.7755,0.2946,0.4374,0.7319,0.4657,0.5343,0.1824,0.8176,,,PASS,STARTER PENDING,PASS - Starter pending,3,2026-05-08T23:58:35Z,4.167,4.2,1.387,1.25,2.857,4.2,2.98,3.2,0.56,1.2,9.31,8.9,0.328,0.292,0.395,0.372,4.75,3.495,17.0,19.4,76.0,0.0,0.5,0.8,0.5,0.8,0.331,0.372,0.4357,0.3681,0.1444,0.0972,lineup,lineup,"[{""id"": 808982, ""name"": ""Jung Hoo Lee"", ""bats"": ""L"", ""obp"": 0.3103448275862069, ""slg"": 0.38345864661654133, ""iso"": 0.12030075187969924, ""ab"": 133}, {""id"": 650333, ""name"": ""Luis Arraez"", ""bats"": ""L"", ""obp"": 0.3404255319148936, ""slg"": 0.39849624060150374, ""iso"": 0.08270676691729323, ""ab"": 133}, {""id"": 669477, ""name"": ""Casey Schmitt"", ""bats"": ""R"", ""obp"": 0.344, ""slg"": 0.5391304347826087, ""iso"": 0.2434782608695652, ""ab"": 115}]","[{""id"": 669707, ""name"": ""Jared Triolo"", ""bats"": ""R"", ""obp"": 0.2647058823529412, ""slg"": 0.25806451612903225, ""iso"": 0.06451612903225806, ""ab"": 31}, {""id"": 693304, ""name"": ""Nick Gonzales"", ""bats"": ""R"", ""obp"": 0.3656716417910448, ""slg"": 0.34959349593495936, ""iso"": 0.04065040650406504, ""ab"": 123}, {""id"": 668804, ""name"": ""Bryan Reynolds"", ""bats"": ""S"", ""obp"": 0.39880952380952384, ""slg"": 0.41044776119402987, ""iso"": 0.15671641791044777, ""ab"": 134}]","[{""name"": ""away_top3c_iso"", ""value"": 0.0972, ""contribution"": -0.3404}, {""name"": ""away_top3c_slg"", ""value"": 0.3681, ""contribution"": 0.2432}, {""name"": ""away_top3c_obp"", ""value"": 0.372, ""contribution"": 0.0947}, {""name"": ""away_obp"", ""value"": 0.328, ""contribution"": 0.0849}, {""name"": ""home_p_last10_pitcher_nrfi"", ""value"": 0.5, ""contribution"": -0.0587}]","[{""name"": ""home_plate_ump_nrfi_rate"", ""value"": 0.5451, ""contribution"": 0.1426}, {""name"": ""away_fip"", ""value"": 2.8572, ""contribution"": 0.1318}, {""name"": ""wx_wind_kmh"", ""value"": 19.4, ""contribution"": 0.115}, {""name"": ""home_top3c_iso"", ""value"": 0.1444, ""contribution"": -0.0744}, {""name"": ""wx_temp_c"", ""value"": 17.0, ""contribution"": -0.053}]",484499,0.5451,4.2,4.064,50.0,29.0,0.7136,0.7136,5.0,4.73,0.5870,0.7950,R,L,NRFI,PASS,0,0,0,2026-05-09T02:24:08+00:00,-145,+110,DraftKings,2026-05-09T02:18:34+00:00,0.5918,0.4762,-0.1261,0.0581,,N,,,-150,+115,2026-05-09T01:12:41+00:00,,,,,0.3802,0.3120,0.3883,0.4444,0.1165,0.1624,
2026-05-08,2026,823871,1,N,WSH,MIA,7:10 PM ET,Foster Griffin,Robby Snelling,656492,702281,ltd,avg,live,live,0.95,0.4632,0.4471,0.9103,0.3025,0.3512,0.6538,0.4802,0.5198,0.2313,0.7687,,,PASS,NO DATA,PASS - No data,3,2026-05-08T21:49:14Z,3.245,4.2,1.166,1.25,4.173,4.2,3.21,3.2,1.17,1.2,8.24,8.9,0.322,0.325,0.403,0.385,5.127,4.297,,,,1.0,0.5,0.8,0.5,0.8571,0.3807,0.3455,0.4461,0.4545,0.1312,0.2187,lineup,lineup,"[{""id"": 669364, ""name"": ""Xavier Edwards"", ""bats"": ""S"", ""obp"": 0.4177215189873418, ""slg"": 0.45255474452554745, ""iso"": 0.12408759124087593, ""ab"": 137}, {""id"": 672640, ""name"": ""Otto Lopez"", ""bats"": ""R"", ""obp"": 0.3717948717948718, ""slg"": 0.5102040816326531, ""iso"": 0.17006802721088438, ""ab"": 147}, {""id"": 669065, ""name"": ""Kyle Stowers"", ""bats"": ""L"", ""obp"": 0.31343283582089554, ""slg"": 0.2711864406779661, ""iso"": 0.05084745762711865, ""ab"": 59}]","[{""id"": 695578, ""name"": ""James Wood"", ""bats"": ""L"", ""obp"": 0.39444444444444443, ""slg"": 0.5138888888888888, ""iso"": 0.27083333333333326, ""ab"": 144}, {""id"": 678554, ""name"": ""Curtis Mead"", ""bats"": ""R"", ""obp"": 0.3191489361702128, ""slg"": 0.43902439024390244, ""iso"": 0.21951219512195122, ""ab"": 82}, {""id"": 691781, ""name"": ""Brady House"", ""bats"": ""R"", ""obp"": 0.29927007299270075, ""slg"": 0.3968253968253968, ""iso"": 0.15873015873015872, ""ab"": 126}]","[{""name"": ""away_top3c_iso"", ""value"": 0.2187, ""contribution"": 0.1684}, {""name"": ""wx_is_dome"", ""value"": 1.0, ""contribution"": -0.1048}, {""name"": ""fi_park_nrfi_rate"", ""value"": 0.463, ""contribution"": 0.0728}, {""name"": ""home_p_last10_pitcher_nrfi"", ""value"": 0.5, ""contribution"": -0.0587}, {""name"": ""era_gap_t1"", ""value"": 0.9553, ""contribution"": 0.0549}]","[{""name"": ""home_plate_ump_nrfi_rate"", ""value"": 0.5497, ""contribution"": 0.162}, {""name"": ""fi_park_nrfi_rate"", ""value"": 0.463, ""contribution"": 0.1211}, {""name"": ""home_top3c_iso"", ""value"": 0.1312, ""contribution"": -0.1038}, {""name"": ""home_top3c_obp"", ""value"": 0.3807, ""contribution"": 0.0972}, {""name"": ""era_gap_b1"", ""value"": -0.9553, ""contribution"": -0.0955}]",605671,0.5497,4.2,4.362,50.0,59.0,0.7136,0.7136,5.0,5.93,0.8220,0.6190,L,L,YRFI,PASS,3,2,5,2026-05-08T23:31:57+00:00,-135,+105,DraftKings,2026-05-08T23:58:57+00:00,0.5745,0.4878,-0.0943,0.032,,N,,,-135,+105,2026-05-08T22:08:24+00:00,,,,,0.3636,0.3554,0.4314,0.3964,0.1863,0.0991,
2026-05-09,2026,823792,1,N,NYY,MIL,7:10 PM ET,Cam Schlittler,Kyle Harrison,693645,690986,live,ltd,live,live,1.03,0.4521,0.3642,0.8163,0.3471,0.2096,0.5567,0.5709,0.4291,0.1971,0.8029,,,NRFI,STRONG,STRONG NRFI,4,2026-05-09T21:35:28Z,2.404,3.293,1.036,1.212,2.651,3.39,2.57,3.08,0.59,0.92,9.97,9.83,0.33,0.331,0.439,0.374,5.106,4.975,,,,1.0,1.0,0.8,0.8,0.9,0.3995,0.4005,0.4632,0.637,0.1618,0.3564,lineup,lineup,"[{""id"": 694192, ""name"": ""Jackson Chourio"", ""bats"": ""R"", ""obp"": 0.5714285714285714, ""slg"": 0.7692307692307693, ""iso"": 0.23076923076923084, ""ab"": 13}, {""id"": 668930, ""name"": ""Brice Turang"", ""bats"": ""L"", ""obp"": 0.4276315789473684, ""slg"": 0.5, ""iso"": 0.20491803278688525, ""ab"": 122}, {""id"": 661388, ""name"": ""William Contreras"", ""bats"": ""R"", ""obp"": 0.35526315789473684, ""slg"": 0.40145985401459855, ""iso"": 0.11678832116788324, ""ab"": 137}]","[{""id"": 680474, ""name"": ""Max Schuemann"", ""bats"": ""R"", ""obp"": 0.3333333333333333, ""slg"": 0.4, ""iso"": 0.2, ""ab"": 5}, {""id"": 700250, ""name"": ""Ben Rice"", ""bats"": ""L"", ""obp"": 0.4420289855072464, ""slg"": 0.7321428571428571, ""iso"": 0.40178571428571425, ""ab"": 112}, {""id"": 592450, ""name"": ""Aaron Judge"", ""bats"": ""R"", ""obp"": 0.39766081871345027, ""slg"": 0.6312056737588653, ""iso"": 0.3617021276595745, ""ab"": 141}]","[{""name"": ""away_top3c_iso"", ""value"": 0.3564, ""contribution"": 0.7447}, {""name"": ""away_top3c_slg"", ""value"": 0.637, ""contribution"": -0.6428}, {""name"": ""fi_park_nrfi_rate"", ""value"": 0.5931, ""contribution"": -0.205}, {""name"": ""away_top3c_obp"", ""value"": 0.4005, ""contribution"": 0.1773}, {""name"": ""wx_is_dome"", ""value"": 1.0, ""contribution"": -0.1048}]","[{""name"": ""fi_park_nrfi_rate"", ""value"": 0.5931, ""contribution"": -0.3412}, {""name"": ""away_fip"", ""value"": 2.6511, ""contribution"": 0.1558}, {""name"": ""home_top3c_obp"", ""value"": 0.3995, ""contribution"": 0.1411}, {""name"": ""away_xera"", ""value"": 3.5683, ""contribution"": -0.1143}, {""name"": ""era_gap_b1"", ""value"": -0.8888, ""contribution"": -0.0889}]",577468,0.4946,4.038,3.568,74.0,56.0,0.7136,0.7136,4.93,6.13,1.1593,0.8327,R,L,YRFI,LOSS,1,0,1,2026-05-09T23:26:02+00:00,-135,+105,DraftKings,2026-05-09T22:11:00+00:00,0.5745,0.4878,-0.0036,-0.0587,-0.0036,Y,1,-1,-135,+105,2026-05-09T22:05:21+00:00,0,,,,0.3889,0.3878,0.6129,0.4508,0.3118,0.1393,
2026-05-09,2026,824606,1,N,SEA,CWS,7:10 PM ET,Luis Castillo,Anthony Kay,622491,641743,live,ltd,live,live,0.98,0.5299,0.4598,0.9897,0.8464,0.4396,1.2859,0.3759,0.6241,0.2605,0.7395,,,YRFI,STRONG,STRONG YRFI,4,2026-05-09T21:35:28Z,4.806,4.843,1.401,1.43,3.83,4.914,2.82,3.76,1.11,1.46,8.13,7.66,0.321,0.322,0.393,0.392,4.292,4.335,21.8,23.8,28.0,0.0,0.6,0.8,0.6,0.8,0.3686,0.2782,0.4835,0.3703,0.2462,0.1633,lineup,lineup,"[{""id"": 803011, ""name"": ""Sam Antonacci"", ""bats"": ""L"", ""obp"": 0.38461538461538464, ""slg"": 0.4153846153846154, ""iso"": 0.13846153846153847, ""ab"": 65}, {""id"": 808959, ""name"": ""Munetaka Murakami"", ""bats"": ""L"", ""obp"": 0.3696969696969697, ""slg"": 0.5777777777777777, ""iso"": 0.3407407407407407, ""ab"": 135}, {""id"": 678246, ""name"": ""Miguel Vargas"", ""bats"": ""R"", ""obp"": 0.3597560975609756, ""slg"": 0.42105263157894735, ""iso"": 0.20300751879699247, ""ab"": 133}]","[{""id"": 608701, ""name"": ""Rob Refsnyder"", ""bats"": ""R"", ""obp"": 0.19607843137254902, ""slg"": 0.2608695652173913, ""iso"": 0.13043478260869565, ""ab"": 46}, {""id"": 663728, ""name"": ""Cal Raleigh"", ""bats"": ""S"", ""obp"": 0.25, ""slg"": 0.34507042253521125, ""iso"": 0.176056338028169, ""ab"": 142}, {""id"": 677594, ""name"": ""Julio Rodr\u00edguez"", ""bats"": ""R"", ""obp"": 0.32941176470588235, ""slg"": 0.4258064516129032, ""iso"": 0.16129032258064513, ""ab"": 155}]","[{""name"": ""home_xera"", ""value"": 7.5858, ""contribution"": 1.3104}, {""name"": ""away_top3c_slg"", ""value"": 0.3703, ""contribution"": 0.2359}, {""name"": ""away_top3c_obp"", ""value"": 0.2782, ""contribution"": -0.1771}, {""name"": ""home_fip"", ""value"": 4.9143, ""contribution"": -0.1279}, {""name"": ""wx_wind_kmh"", ""value"": 23.8, ""contribution"": 0.0878}]","[{""name"": ""wx_wind_kmh"", ""value"": 23.8, ""contribution"": 0.1843}, {""name"": ""home_top3c_iso"", ""value"": 0.2462, ""contribution"": 0.1529}, {""name"": ""home_plate_ump_nrfi_rate"", ""value"": 0.4901, ""contribution"": -0.0894}, {""name"": ""home_top3c_slg"", ""value"": 0.4835, ""contribution"": -0.0854}, {""name"": ""home_top3c_obp"", ""value"": 0.3686, ""contribution"": 0.0688}]",483919,0.4901,7.586,4.328,50.0,48.0,0.7136,0.7075,4.6,4.93,0.6670,0.8487,R,L,YRFI,WIN,0,2,2,2026-05-09T23:28:35+00:00,+105,-135,DraftKings,2026-05-09T22:11:00+00:00,0.4878,0.5745,-0.1119,0.0496,0.0496,Y,1,0.741,+105,-135,2026-05-09T22:05:21+00:00,0,,,,0.2432,0.3937,0.4466,0.4811,0.2427,0.2075,
2026-05-09,2026,823304,1,N,STL,SD,7:15 PM ET,Dustin May,Randy Vásquez,669160,681190,live,live,live,live,0.95,0.4443,0.4603,0.9046,0.3752,0.5171,0.8923,0.399,0.601,0.2292,0.7708,,,YRFI,STRONG,STRONG YRFI,4,2026-05-09T21:35:28Z,5.054,3.524,1.473,1.246,4.085,4.13,3.07,3.26,1.11,1.0,7.35,6.76,0.322,0.304,0.401,0.385,4.693,4.335,20.4,11.0,75.0,0.0,0.8,0.4,0.8,0.5,0.306,0.3723,0.3382,0.4346,0.1127,0.1776,lineup,lineup,"[{""id"": 701538, ""name"": ""Jackson Merrill"", ""bats"": ""L"", ""obp"": 0.2948717948717949, ""slg"": 0.3706293706293706, ""iso"": 0.13986013986013984, ""ab"": 143}, {""id"": 665487, ""name"": ""Fernando Tatis Jr."", ""bats"": ""R"", ""obp"": 0.3184713375796178, ""slg"": 0.29927007299270075, ""iso"": 0.051094890510948926, ""ab"": 137}, {""id"": 592518, ""name"": ""Manny Machado"", ""bats"": ""R"", ""obp"": 0.304635761589404, ""slg"": 0.34375, ""iso"": 0.1484375, ""ab"": 128}]","[{""id"": 802139, ""name"": ""JJ Wetherholt"", ""bats"": ""L"", ""obp"": 0.3505747126436782, ""slg"": 0.41379310344827586, ""iso"": 0.1793103448275862, ""ab"": 145}, {""id"": 687363, ""name"": ""Victor Scott II"", ""bats"": ""L"", ""obp"": 0.25471698113207547, ""slg"": 0.23958333333333334, ""iso"": 0.05208333333333334, ""ab"": 96}, {""id"": 676475, ""name"": ""Alec Burleson"", ""bats"": ""L"", ""obp"": 0.3515151515151515, ""slg"": 0.4657534246575342, ""iso"": 0.1917808219178082, ""ab"": 146}]","[{""name"": ""home_xera"", ""value"": 5.2449, ""contribution"": 0.4059}, {""name"": ""away_top3c_obp"", ""value"": 0.3723, ""contribution"": 0.0956}, {""name"": ""home_plate_ump_nrfi_rate"", ""value"": 0.574, ""contribution"": -0.0889}, {""name"": ""era_gap_t1"", ""value"": -1.5303, ""contribution"": -0.088}, {""name"": ""fi_park_nrfi_rate"", ""value"": 0.5344, ""contribution"": -0.0797}]","[{""name"": ""home_plate_ump_nrfi_rate"", ""value"": 0.574, ""contribution"": 0.2645}, {""name"": ""home_top3c_slg"", ""value"": 0.3382, ""contribution"": 0.2077}, {""name"": ""era_gap_b1"", ""value"": 1.5303, ""contribution"": 0.153}, {""name"": ""home_top3c_iso"", ""value"": 0.1127, ""contribution"": -0.1449}, {""name"": ""fi_park_nrfi_rate"", ""value"": 0.5344, ""contribution"": -0.1326}]",596740,0.574,5.245,4.796,7.0,10.0,0.751,0.7309,5.47,5.87,0.6527,0.5930,R,R,NRFI,LOSS,0,0,0,2026-05-09T23:28:55+00:00,-125,-105,DraftKings,2026-05-09T22:16:22+00:00,0.5556,0.5122,-0.1578,0.09,0.09,Y,1,-1,-125,-105,2026-05-09T22:11:00+00:00,0,,,,0.3405,0.2820,0.4630,0.3421,0.2130,0.1140,
2026-05-09,2026,824444,1,N,MIN,CLE,6:10 PM ET,Joe Ryan,Tanner Bibee,657746,676440,live,live,live,live,0.96,0.4818,0.3542,0.836,0.2482,0.3271,0.5753,0.4802,0.5198,0.2042,0.7958,,,PASS,NO EDGE,PASS - No edge,4,2026-05-09T21:35:28Z,3.567,4.408,1.05,1.349,3.16,4.308,2.2,3.17,1.05,1.36,9.83,8.14,0.325,0.319,0.394,0.387,4.699,4.268,15.2,14.6,75.0,0.0,0.8,0.6,0.8,0.6,0.3507,0.3374,0.4049,0.4701,0.1585,0.2038,lineup,lineup,"[{""id"": 680757, ""name"": ""Steven Kwan"", ""bats"": ""L"", ""obp"": 0.32098765432098764, ""slg"": 0.2857142857142857, ""iso"": 0.06428571428571428, ""ab"": 140}, {""id"": 800050, ""name"": ""Chase DeLauter"", ""bats"": ""L"", ""obp"": 0.3916083916083916, ""slg"": 0.5483870967741935, ""iso"": 0.2419354838709677, ""ab"": 124}, {""id"": 608070, ""name"": ""Jos\u00e9 Ram\u00edrez"", ""bats"": ""S"", ""obp"": 0.3448275862068966, ""slg"": 0.3972602739726027, ""iso"": 0.1780821917808219, ""ab"": 146}]","[{""id"": 621439, ""name"": ""Byron Buxton"", ""bats"": ""R"", ""obp"": 0.3072289156626506, ""slg"": 0.5424836601307189, ""iso"": 0.2875816993464052, ""ab"": 153}, {""id"": 686797, ""name"": ""Brooks Lee"", ""bats"": ""S"", ""obp"": 0.33088235294117646, ""slg"": 0.4365079365079365, ""iso"": 0.15873015873015872, ""ab"": 126}, {""id"": 663616, ""name"": ""Trevor Larnach"", ""bats"": ""L"", ""obp"": 0.3925233644859813, ""slg"": 0.39325842696629215, ""iso"": 0.12359550561797755, ""ab"": 89}]","[{""name"": ""home_xera"", ""value"": 3.6326, ""contribution"": -0.217}, {""name"": ""away_top3c_iso"", ""value"": 0.2038, ""contribution"": 0.1058}, {""name"": ""away_top3c_slg"", ""value"": 0.4701, ""contribution"": -0.093}, {""name"": ""fi_park_nrfi_rate"", ""value"": 0.5254, ""contribution"": -0.0605}, {""name"": ""away_obp"", ""value"": 0.3245, ""contribution"": 0.0584}]","[{""name"": ""away_xera"", ""value"": 3.2616, ""contribution"": -0.1693}, {""name"": ""home_plate_ump_nrfi_rate"", ""value"": 0.5403, ""contribution"": 0.1224}, {""name"": ""fi_park_nrfi_rate"", ""value"": 0.5254, ""contribution"": -0.1008}, {""name"": ""away_fip"", ""value"": 3.1598, ""contribution"": 0.0966}, {""name"": ""era_gap_b1"", ""value"": -0.8415, ""contribution"": -0.0841}]",607884,0.5403,3.633,3.262,47.0,62.0,0.7138,0.664,5.13,4.87,0.8607,0.5840,R,R,YRFI,PASS,1,0,1,2026-05-10T00:32:49+00:00,-140,+110,DraftKings,2026-05-10T00:56:37+00:00,0.5833,0.4762,-0.1031,0.0436,-0.0062,N,1,,-140,+110,2026-05-09T22:05:21+00:00,0,,,,0.3566,0.4077,0.5455,0.4182,0.2314,0.1182,
2026-05-09,2026,822820,1,N,LAA,TOR,3:07 PM ET,Jack Kochanowicz,Trey Yesavage,686799,702056,live,sm,live,live,1.01,0.434,0.5594,0.9934,0.2076,0.2774,0.485,0.633,0.367,0.2618,0.7382,,,NRFI,STRONG,STRONG NRFI,4,2026-05-09T17:45:05Z,4.808,3.6,1.458,1.257,4.744,3.813,4.59,3.16,1.04,0.98,6.32,8.9,0.321,0.312,0.393,0.385,4.384,4.071,,,,1.0,0.6,0.8,0.6,0.6,0.3468,0.3563,0.3562,0.4406,0.103,0.1958,lineup,lineup,"[{""id"": 623168, ""name"": ""Tyler Heineman"", ""bats"": ""S"", ""obp"": 0.21428571428571427, ""slg"": 0.16981132075471697, ""iso"": 0.0, ""ab"": 53}, {""id"": 664702, ""name"": ""Myles Straw"", ""bats"": ""R"", ""obp"": 0.36231884057971014, ""slg"": 0.4426229508196721, ""iso"": 0.14754098360655737, ""ab"": 61}, {""id"": 676914, ""name"": ""Davis Schneider"", ""bats"": ""R"", ""obp"": 0.3142857142857143, ""slg"": 0.23636363636363636, ""iso"": 0.1090909090909091, ""ab"": 55}]","[{""id"": 687263, ""name"": ""Zach Neto"", ""bats"": ""R"", ""obp"": 0.3333333333333333, ""slg"": 0.40522875816993464, ""iso"": 0.18300653594771243, ""ab"": 153}, {""id"": 669326, ""name"": ""Bryce Teodosio"", ""bats"": ""R"", ""obp"": 0.3333333333333333, ""slg"": 0.3333333333333333, ""iso"": 0.055555555555555525, ""ab"": 36}, {""id"": 694384, ""name"": ""Nolan Schanuel"", ""bats"": ""L"", ""obp"": 0.3051948051948052, ""slg"": 0.3829787234042553, ""iso"": 0.12765957446808512, ""ab"": 141}]","[{""name"": ""home_xera"", ""value"": 2.9395, ""contribution"": -0.4848}, {""name"": ""home_plate_ump_nrfi_rate"", ""value"": 0.4271, ""contribution"": 0.1194}, {""name"": ""wx_is_dome"", ""value"": 1.0, ""contribution"": -0.1048}, {""name"": ""away_top3c_iso"", ""value"": 0.1958, ""contribution"": 0.0723}, {""name"": ""era_gap_t1"", ""value"": -1.2084, ""contribution"": -0.0695}]","[{""name"": ""home_plate_ump_nrfi_rate"", ""value"": 0.4271, ""contribution"": -0.3551}, {""name"": ""away_xera"", ""value"": 5.465, ""contribution"": 0.2257}, {""name"": ""home_top3c_slg"", ""value"": 0.3562, ""contribution"": 0.1714}, {""name"": ""home_top3c_iso"", ""value"": 0.103, ""contribution"": -0.1667}, {""name"": ""era_gap_b1"", ""value"": 1.2084, ""contribution"": 0.1208}]",623946,0.4271,2.939,5.465,50.0,21.0,0.7136,0.7075,4.67,6.33,0.6447,0.6173,R,R,NRFI,WIN,0,0,0,2026-05-09T19:19:13+00:00,-120,-110,DraftKings,2026-05-09T18:09:27+00:00,0.5455,0.5238,0.0875,-0.1568,0.0875,Y,1,0.833,-120,-110,2026-05-09T18:04:07+00:00,0,,,,0.3465,0.2376,0.4239,0.1972,0.1304,0.0704,
2026-05-09,2026,823955,1,N,ATL,LAD,9:10 PM ET,Spencer Strider,Blake Snell,675911,605483,live,ltd,live,live,0.97,0.443,0.6187,1.0617,0.3553,0.3558,0.7111,0.4657,0.5343,0.2869,0.7131,,,PASS,NO EDGE,PASS - No edge,4,2026-05-10T00:59:34Z,4.713,3.258,1.494,1.255,4.591,3.415,4.27,3.52,1.54,0.81,10.0,9.77,0.33,0.34,0.442,0.435,5.199,5.014,24.8,13.0,57.0,0.0,0.8,0.6,0.7,0.8,0.3537,0.3583,0.4208,0.4797,0.1584,0.1869,lineup,lineup,"[{""id"": 660271, ""name"": ""Shohei Ohtani"", ""bats"": ""L"", ""obp"": 0.3855421686746988, ""slg"": 0.43609022556390975, ""iso"": 0.18796992481203006, ""ab"": 133}, {""id"": 518692, ""name"": ""Freddie Freeman"", ""bats"": ""L"", ""obp"": 0.34177215189873417, ""slg"": 0.4444444444444444, ""iso"": 0.16666666666666663, ""ab"": 144}, {""id"": 669257, ""name"": ""Will Smith"", ""bats"": ""R"", ""obp"": 0.325, ""slg"": 0.37037037037037035, ""iso"": 0.1111111111111111, ""ab"": 108}]","[{""id"": 643289, ""name"": ""Mauricio Dub\u00f3n"", ""bats"": ""R"", ""obp"": 0.32653061224489793, ""slg"": 0.4074074074074074, ""iso"": 0.14074074074074072, ""ab"": 135}, {""id"": 686948, ""name"": ""Drake Baldwin"", ""bats"": ""L"", ""obp"": 0.37988826815642457, ""slg"": 0.5, ""iso"": 0.20253164556962028, ""ab"": 158}, {""id"": 645277, ""name"": ""Ozzie Albies"", ""bats"": ""S"", ""obp"": 0.3630952380952381, ""slg"": 0.5231788079470199, ""iso"": 0.21192052980132453, ""ab"": 151}]","[{""name"": ""away_top3c_slg"", ""value"": 0.4797, ""contribution"": -0.1247}, {""name"": ""home_plate_ump_nrfi_rate"", ""value"": 0.4391, ""contribution"": 0.1024}, {""name"": ""away_obp"", ""value"": 0.3296, ""contribution"": 0.0962}, {""name"": ""era_gap_t1"", ""value"": -1.4545, ""contribution"": -0.0836}, {""name"": ""home_fip"", ""value"": 3.4149, ""contribution"": 0.0798}]","[{""name"": ""home_plate_ump_nrfi_rate"", ""value"": 0.4391, ""contribution"": -0.3045}, {""name"": ""era_gap_b1"", ""value"": 1.4545, ""contribution"": 0.1454}, {""name"": ""away_xera"", ""value"": 4.8009, ""contribution"": 0.1067}, {""name"": ""fi_park_nrfi_rate"", ""value"": 0.4772, ""contribution"": 0.0704}, {""name"": ""away_fip"", ""value"": 4.5914, ""contribution"": -0.0702}]",521251,0.4391,4.2,4.801,50.0,97.0,0.678,0.6796,5.87,5.47,0.7893,0.8157,R,L,YRFI,PASS,1,0,1,2026-05-10T01:29:01+00:00,-115,-110,DraftKings,2026-05-10T01:40:29+00:00,0.5349,0.5238,-0.0692,0.0105,,N,,,-115,-110,2026-05-10T01:08:23+00:00,,,,,0.3538,0.3692,0.4643,0.4196,0.2054,0.1518,
2026-05-09,2026,824523,1,N,HOU,CIN,4:10 PM ET,Spencer Arrighetti,Chase Burns,681293,695505,ltd,ltd,live,live,1.09,0.4787,0.5323,1.011,0.3176,0.4998,0.8174,0.4043,0.5957,0.2683,0.7317,,,YRFI,STRONG,STRONG YRFI,4,2026-05-09T19:01:40Z,3.596,3.253,1.3,1.146,4.076,3.51,4.39,3.05,0.97,1.12,9.05,10.41,0.334,0.308,0.432,0.391,4.847,4.125,23.7,17.2,38.0,0.0,1.0,0.8,0.9,0.7,0.3164,0.3754,0.4352,0.4851,0.1975,0.2065,lineup,lineup,"[{""id"": 667472, ""name"": ""Dane Myers"", ""bats"": ""R"", ""obp"": 0.3770491803278688, ""slg"": 0.3, ""iso"": 0.06, ""ab"": 50}, {""id"": 668709, ""name"": ""JJ Bleday"", ""bats"": ""L"", ""obp"": 0.3953488372093023, ""slg"": 0.6666666666666666, ""iso"": 0.38888888888888884, ""ab"": 36}, {""id"": 682829, ""name"": ""Elly De La Cruz"", ""bats"": ""S"", ""obp"": 0.34104046242774566, ""slg"": 0.5161290322580645, ""iso"": 0.2451612903225806, ""ab"": 155}]","[{""id"": 514888, ""name"": ""Jose Altuve"", ""bats"": ""R"", ""obp"": 0.33116883116883117, ""slg"": 0.38235294117647056, ""iso"": 0.13970588235294115, ""ab"": 136}, {""id"": 670541, ""name"": ""Yordan Alvarez"", ""bats"": ""L"", ""obp"": 0.42441860465116277, ""slg"": 0.6551724137931034, ""iso"": 0.3310344827586207, ""ab"": 145}, {""id"": 670623, ""name"": ""Isaac Paredes"", ""bats"": ""R"", ""obp"": 0.36428571428571427, ""slg"": 0.39669421487603307, ""iso"": 0.1322314049586777, ""ab"": 121}]","[{""name"": ""home_xera"", ""value"": 3.4465, ""contribution"": -0.2889}, {""name"": ""away_top3c_slg"", ""value"": 0.4851, ""contribution"": -0.1424}, {""name"": ""away_obp"", ""value"": 0.3339, ""contribution"": 0.1286}, {""name"": ""away_top3c_iso"", ""value"": 0.2065, ""contribution"": 0.117}, {""name"": ""away_top3c_obp"", ""value"": 0.3754, ""contribution"": 0.1046}]","[{""name"": ""away_xera"", ""value"": 5.4751, ""contribution"": 0.2276}, {""name"": ""home_plate_ump_nrfi_rate"", ""value"": 0.5317, ""contribution"": 0.0861}, {""name"": ""fi_park_nrfi_rate"", ""value"": 0.4742, ""contribution"": 0.0811}, {""name"": ""wx_wind_kmh"", ""value"": 17.2, ""contribution"": 0.0804}, {""name"": ""home_top3c_obp"", ""value"": 0.3164, ""contribution"": -0.0531}]",482663,0.5317,3.446,5.475,100.0,68.0,0.7136,0.6796,6.0,5.87,0.8747,0.9803,R,R,NRFI,LOSS,0,0,0,2026-05-09T20:24:29+00:00,-110,-120,DraftKings,2026-05-09T19:10:34+00:00,0.5238,0.5455,-0.1195,0.0502,0.0502,Y,1,-1,-115,-115,2026-05-09T19:04:46+00:00,0.0106,,,,0.3407,0.3271,0.3750,0.3804,0.1161,0.1522,
2026-05-09,2026,823869,1,N,WSH,MIA,4:10 PM ET,Richard Lovelady,Janson Junk,663992,676083,sm,live,live,live,0.95,0.3295,0.4902,0.8197,0.3326,0.3131,0.6457,0.4802,0.5198,0.1983,0.8017,,,PASS,NO EDGE,PASS - No edge,4,2026-05-09T19:54:02Z,3.73,3.513,1.378,1.096,4.242,3.215,4.18,1.56,1.05,0.7,8.88,6.45,0.322,0.323,0.401,0.383,5.088,4.255,,,,1.0,0.8,0.5,0.8,0.5,0.3917,0.3235,0.521,0.416,0.1877,0.1809,lineup,lineup,"[{""id"": 669364, ""name"": ""Xavier Edwards"", ""bats"": ""S"", ""obp"": 0.41975308641975306, ""slg"": 0.4714285714285714, ""iso"": 0.14285714285714285, ""ab"": 140}, {""id"": 672640, ""name"": ""Otto Lopez"", ""bats"": ""R"", ""obp"": 0.38125, ""slg"": 0.5231788079470199, ""iso"": 0.17218543046357615, ""ab"": 151}, {""id"": 689414, ""name"": ""Liam Hicks"", ""bats"": ""L"", ""obp"": 0.36923076923076925, ""slg"": 0.5789473684210527, ""iso"": 0.26315789473684215, ""ab"": 114}]","[{""id"": 695578, ""name"": ""James Wood"", ""bats"": ""L"", ""obp"": 0.3837837837837838, ""slg"": 0.4966442953020134, ""iso"": 0.26174496644295303, ""ab"": 149}, {""id"": 686894, ""name"": ""Joey Wiemer"", ""bats"": ""R"", ""obp"": 0.38571428571428573, ""slg"": 0.5245901639344263, ""iso"": 0.2295081967213115, ""ab"": 61}, {""id"": 678391, ""name"": ""Jorbit Vivas"", ""bats"": ""L"", ""obp"": 0.3333333333333333, ""slg"": 0.2876712328767123, ""iso"": 0.0410958904109589, ""ab"": 73}]","[{""name"": ""home_fip"", ""value"": 3.2152, ""contribution"": 0.1075}, {""name"": ""wx_is_dome"", ""value"": 1.0, ""contribution"": -0.1048}, {""name"": ""away_top3c_slg"", ""value"": 0.416, ""contribution"": 0.0852}, {""name"": ""fi_park_nrfi_rate"", ""value"": 0.463, ""contribution"": 0.0728}, {""name"": ""away_top3c_obp"", ""value"": 0.3235, ""contribution"": -0.046}]","[{""name"": ""away_xera"", ""value"": 3.21, ""contribution"": -0.1786}, {""name"": ""home_top3c_slg"", ""value"": 0.521, ""contribution"": -0.1611}, {""name"": ""home_top3c_obp"", ""value"": 0.3917, ""contribution"": 0.1228}, {""name"": ""fi_park_nrfi_rate"", ""value"": 0.463, ""contribution"": 0.1211}, {""name"": ""away_p_last5_pitcher_nrfi"", ""value"": 0.5, ""contribution"": 0.0856}]",676581,0.5084,4.264,3.21,3.0,48.0,0.7272,0.7136,5.33,5.0,0.7617,0.7827,L,R,YRFI,PASS,3,0,3,2026-05-09T20:34:14+00:00,-110,-120,DraftKings,2026-05-09T20:51:15+00:00,0.5238,0.5455,-0.0436,-0.0257,,N,,,-110,-120,2026-05-09T20:08:09+00:00,,,,,0.2688,0.4103,0.2857,0.6075,0.0952,0.2430,
2026-05-09,2026,823468,1,N,COL,PHI,6:05 PM ET,Kyle Freeland,Aaron Nola,607536,605400,live,live,live,live,1.04,0.5141,0.4789,0.993,0.2986,0.4431,0.7417,0.4619,0.5381,0.2616,0.7384,,,PASS,NO EDGE,PASS - No edge,4,2026-05-09T21:35:28Z,5.003,5.35,1.397,1.387,4.107,4.239,2.41,2.97,1.31,1.54,7.56,9.44,0.322,0.306,0.409,0.392,4.421,4.106,18.9,4.2,57.0,0.0,0.8,0.8,0.7,0.8,0.3359,0.3482,0.4753,0.5394,0.2354,0.2624,lineup,lineup,"[{""id"": 607208, ""name"": ""Trea Turner"", ""bats"": ""R"", ""obp"": 0.2807017543859649, ""slg"": 0.34591194968553457, ""iso"": 0.11949685534591192, ""ab"": 159}, {""id"": 656941, ""name"": ""Kyle Schwarber"", ""bats"": ""L"", ""obp"": 0.3485714285714286, ""slg"": 0.5448275862068965, ""iso"": 0.3310344827586207, ""ab"": 145}, {""id"": 694025, ""name"": ""Felix Reyes"", ""bats"": ""R"", ""obp"": 0.15625, ""slg"": 0.28125, ""iso"": 0.125, ""ab"": 32}]","[{""id"": 671289, ""name"": ""Tyler Freeman"", ""bats"": ""R"", ""obp"": 0.3764705882352941, ""slg"": 0.4, ""iso"": 0.10666666666666669, ""ab"": 75}, {""id"": 666160, ""name"": ""Mickey Moniak"", ""bats"": ""L"", ""obp"": 0.36363636363636365, ""slg"": 0.6936936936936937, ""iso"": 0.3783783783783784, ""ab"": 111}, {""id"": 696100, ""name"": ""Hunter Goodman"", ""bats"": ""R"", ""obp"": 0.32432432432432434, ""slg"": 0.5298507462686567, ""iso"": 0.2761194029850746, ""ab"": 134}]","[{""name"": ""away_top3c_iso"", ""value"": 0.2624, ""contribution"": 0.3511}, {""name"": ""away_top3c_slg"", ""value"": 0.5394, ""contribution"": -0.3212}, {""name"": ""wx_wind_kmh"", ""value"": 4.2, ""contribution"": -0.0592}, {""name"": ""fi_park_nrfi_rate"", ""value"": 0.4713, ""contribution"": 0.0549}, {""name"": ""home_plate_ump_nrfi_rate"", ""value"": 0.5488, ""contribution"": -0.0532}]","[{""name"": ""home_plate_ump_nrfi_rate"", ""value"": 0.5488, ""contribution"": 0.1582}, {""name"": ""away_xera"", ""value"": 4.9244, ""contribution"": 0.1288}, {""name"": ""home_top3c_iso"", ""value"": 0.2354, ""contribution"": 0.1287}, {""name"": ""wx_wind_kmh"", ""value"": 4.2, ""contribution"": -0.1244}, {""name"": ""fi_park_nrfi_rate"", ""value"": 0.4713, ""contribution"": 0.0914}]",545402,0.5488,4.083,4.924,59.0,24.0,0.6643,0.7412,5.2,5.0,0.9080,0.5693,L,R,NRFI,PASS,0,0,0,2026-05-09T22:49:32+00:00,-115,-115,DraftKings,2026-05-09T22:27:02+00:00,0.5349,0.5349,-0.0766,0.0068,0.0318,N,1,,-115,-115,2026-05-09T22:00:02+00:00,0,,,,0.3549,0.2520,0.5789,0.4237,0.2982,0.2034,
2026-05-09,2026,823224,1,N,PIT,SF,9:05 PM ET,Braxton Ashcraft,Landen Roupp,677952,694738,live,live,live,live,0.94,0.3903,0.3261,0.7164,0.3894,0.3151,0.7045,0.4657,0.5343,0.1615,0.8385,,,PASS,NO EDGE,PASS - No edge,4,2026-05-10T00:59:34Z,3.178,3.516,1.164,1.259,3.091,3.16,3.11,3.71,0.69,0.6,9.47,9.27,0.328,0.294,0.392,0.374,4.699,3.524,17.6,27.7,77.0,0.0,1.0,1.0,0.9,1.0,0.3161,0.3573,0.3956,0.4724,0.1141,0.2206,lineup,lineup,"[{""id"": 808982, ""name"": ""Jung Hoo Lee"", ""bats"": ""L"", ""obp"": 0.31543624161073824, ""slg"": 0.38686131386861317, ""iso"": 0.11678832116788324, ""ab"": 137}, {""id"": 650333, ""name"": ""Luis Arraez"", ""bats"": ""L"", ""obp"": 0.33793103448275863, ""slg"": 0.39416058394160586, ""iso"": 0.08029197080291972, ""ab"": 137}, {""id"": 671218, ""name"": ""Heliot Ramos"", ""bats"": ""R"", ""obp"": 0.2945205479452055, ""slg"": 0.4057971014492754, ""iso"": 0.1449275362318841, ""ab"": 138}]","[{""id"": 665833, ""name"": ""Oneil Cruz"", ""bats"": ""L"", ""obp"": 0.3136094674556213, ""slg"": 0.461038961038961, ""iso"": 0.21428571428571427, ""ab"": 154}, {""id"": 664040, ""name"": ""Brandon Lowe"", ""bats"": ""L"", ""obp"": 0.363013698630137, ""slg"": 0.5634920634920635, ""iso"": 0.30158730158730157, ""ab"": 126}, {""id"": 668804, ""name"": ""Bryan Reynolds"", ""bats"": ""S"", ""obp"": 0.3953488372093023, ""slg"": 0.40145985401459855, ""iso"": 0.15328467153284672, ""ab"": 137}]","[{""name"": ""away_top3c_iso"", ""value"": 0.2206, ""contribution"": 0.1762}, {""name"": ""home_xera"", ""value"": 3.7963, ""contribution"": -0.1538}, {""name"": ""wx_wind_kmh"", ""value"": 27.7, ""contribution"": 0.117}, {""name"": ""home_fip"", ""value"": 3.1597, ""contribution"": 0.1152}, {""name"": ""away_top3c_slg"", ""value"": 0.4724, ""contribution"": -0.1007}]","[{""name"": ""wx_wind_kmh"", ""value"": 27.7, ""contribution"": 0.2457}, {""name"": ""away_xera"", ""value"": 2.9598, ""contribution"": -0.2234}, {""name"": ""home_top3c_iso"", ""value"": 0.1141, ""contribution"": -0.142}, {""name"": ""away_p_last5_pitcher_nrfi"", ""value"": 1.0, ""contribution"": -0.1047}, {""name"": ""away_fip"", ""value"": 3.0913, ""contribution"": 0.1046}]",658082,0.5146,3.796,2.96,41.0,76.0,0.7136,0.7136,5.8,5.93,0.7920,0.7593,R,R,NRFI,PASS,0,0,0,2026-05-10T01:20:17+00:00,-165,+125,DraftKings,2026-05-10T01:40:29+00:00,0.6226,0.4444,-0.1569,0.0899,,N,,,-165,+125,2026-05-10T01:03:03+00:00,,,,,0.3893,0.2548,0.4862,0.3390,0.2202,0.1017,
2026-05-09,2026,824847,1,N,OAK,BAL,4:05 PM ET,Aaron Civale,Shane Baz,650644,669358,live,live,live,live,1.06,0.5245,0.5075,1.032,0.313,0.3305,0.6435,0.4802,0.5198,0.276,0.724,,,PASS,NO EDGE,PASS - No edge,4,2026-05-09T19:54:02Z,3.897,4.929,1.298,1.434,4.127,4.071,2.73,3.57,1.2,1.17,7.35,8.57,0.324,0.318,0.406,0.394,4.448,4.514,17.0,15.5,79.0,0.0,0.6,0.6,0.8,0.6,0.3484,0.3685,0.445,0.4904,0.1937,0.2212,lineup,lineup,"[{""id"": 683002, ""name"": ""Gunnar Henderson"", ""bats"": ""L"", ""obp"": 0.2598870056497175, ""slg"": 0.41358024691358025, ""iso"": 0.2160493827160494, ""ab"": 162}, {""id"": 621493, ""name"": ""Taylor Ward"", ""bats"": ""R"", ""obp"": 0.41954022988505746, ""slg"": 0.38686131386861317, ""iso"": 0.11678832116788324, ""ab"": 137}, {""id"": 668939, ""name"": ""Adley Rutschman"", ""bats"": ""S"", ""obp"": 0.38461538461538464, ""slg"": 0.6024096385542169, ""iso"": 0.2771084337349398, ""ab"": 83}]","[{""id"": 701762, ""name"": ""Nick Kurtz"", ""bats"": ""L"", ""obp"": 0.4127906976744186, ""slg"": 0.41911764705882354, ""iso"": 0.16176470588235298, ""ab"": 136}, {""id"": 669127, ""name"": ""Shea Langeliers"", ""bats"": ""R"", ""obp"": 0.38461538461538464, ""slg"": 0.625, ""iso"": 0.2916666666666667, ""ab"": 144}, {""id"": 691016, ""name"": ""Tyler Soderstrom"", ""bats"": ""L"", ""obp"": 0.3032258064516129, ""slg"": 0.41911764705882354, ""iso"": 0.2058823529411765, ""ab"": 136}]","[{""name"": ""away_top3c_iso"", ""value"": 0.2212, ""contribution"": 0.1784}, {""name"": ""away_top3c_slg"", ""value"": 0.4904, ""contribution"": -0.1598}, {""name"": ""home_xera"", ""value"": 3.8743, ""contribution"": -0.1236}, {""name"": ""away_top3c_obp"", ""value"": 0.3685, ""contribution"": 0.0846}, {""name"": ""era_gap_t1"", ""value"": 1.0325, ""contribution"": 0.0593}]","[{""name"": ""era_gap_b1"", ""value"": -1.0325, ""contribution"": -0.1032}, {""name"": ""fi_park_nrfi_rate"", ""value"": 0.5124, ""contribution"": -0.0546}, {""name"": ""wx_wind_kmh"", ""value"": 15.5, ""contribution"": 0.0536}, {""name"": ""wx_temp_c"", ""value"": 17.0, ""contribution"": -0.053}, {""name"": ""away_p_last5_pitcher_nrfi"", ""value"": 0.6, ""contribution"": 0.0476}]",658536,0.5084,3.874,4.013,59.0,28.0,0.7396,0.7396,5.73,5.33,0.9087,0.9443,R,R,YRFI,PASS,1,0,1,2026-05-09T20:24:29+00:00,+100,-130,DraftKings,2026-05-09T20:51:15+00:00,0.5,0.5652,-0.0198,-0.0454,,N,,,+100,-130,2026-05-09T20:02:46+00:00,,,,,0.3723,0.3175,0.5122,0.2897,0.2114,0.0935,
2026-05-09,2026,824766,1,N,TB,BOS,4:10 PM ET,Nick Martinez,Payton Tolle,607259,801139,live,sm,live,live,1.05,0.4256,0.4093,0.8349,0.2697,0.3353,0.605,0.4802,0.5198,0.2038,0.7962,,,PASS,NO EDGE,PASS - No edge,4,2026-05-09T19:01:40Z,3.047,3.55,1.113,1.097,3.79,3.607,2.21,3.18,0.91,1.0,6.16,9.84,0.324,0.315,0.385,0.37,4.41,4.106,12.9,29.5,89.0,0.0,0.6,1.0,0.6667,0.9,0.3425,0.3356,0.4282,0.3934,0.1752,0.1193,lineup,lineup,[],[],"[{""name"": ""home_xera"", ""value"": 3.3267, ""contribution"": -0.3352}, {""name"": ""away_top3c_iso"", ""value"": 0.1193, ""contribution"": -0.248}, {""name"": ""away_top3c_slg"", ""value"": 0.3934, ""contribution"": 0.1597}, {""name"": ""wx_wind_kmh"", ""value"": 29.5, ""contribution"": 0.1305}, {""name"": ""away_obp"", ""value"": 0.3245, ""contribution"": 0.0581}]","[{""name"": ""wx_wind_kmh"", ""value"": 29.5, ""contribution"": 0.2741}, {""name"": ""home_plate_ump_nrfi_rate"", ""value"": 0.4819, ""contribution"": -0.1239}, {""name"": ""away_p_last5_pitcher_nrfi"", ""value"": 1.0, ""contribution"": -0.1047}, {""name"": ""wx_temp_c"", ""value"": 12.9, ""contribution"": -0.0986}, {""name"": ""era_gap_b1"", ""value"": -0.5039, ""contribution"": -0.0504}]",596805,0.4819,3.327,4.133,100.0,18.0,0.7136,0.7272,4.53,6.0,0.7200,0.7200,R,L,POSTPONED,POSTPONED,,,,2026-05-11T03:55:42+00:00,-125,-105,DraftKings,2026-05-09T19:10:34+00:00,0.5556,0.5122,0.0756,-0.1434,0.0756,Y,1,,-125,-105,2026-05-09T19:10:34+00:00,0,,,,,,,,,,
2026-05-09,2026,824115,1,N,DET,KC,7:10 PM ET,Burch Smith,Michael Wacha,572143,608379,sm,live,live,live,0.96,0.3888,0.4125,0.8013,0.2944,0.3247,0.619,0.4802,0.5198,0.1917,0.8083,,,PASS,NO EDGE,PASS - No edge,4,2026-05-09T22:32:57Z,3.633,3.435,1.228,1.136,3.57,3.767,3.21,2.72,0.94,0.91,9.78,6.98,0.324,0.319,0.399,0.397,4.347,4.218,26.7,18.3,32.0,0.0,0.8,0.5,0.8,0.5,0.3286,0.3568,0.4128,0.4121,0.1583,0.1273,lineup,lineup,"[{""id"": 672580, ""name"": ""Maikel Garcia"", ""bats"": ""R"", ""obp"": 0.3333333333333333, ""slg"": 0.41379310344827586, ""iso"": 0.14482758620689656, ""ab"": 145}, {""id"": 677951, ""name"": ""Bobby Witt Jr."", ""bats"": ""R"", ""obp"": 0.37142857142857144, ""slg"": 0.461038961038961, ""iso"": 0.16233766233766234, ""ab"": 154}, {""id"": 686469, ""name"": ""Vinnie Pasquantino"", ""bats"": ""L"", ""obp"": 0.27672955974842767, ""slg"": 0.35766423357664234, ""iso"": 0.16788321167883213, ""ab"": 137}]","[{""id"": 805808, ""name"": ""Kevin McGonigle"", ""bats"": ""L"", ""obp"": 0.39263803680981596, ""slg"": 0.44285714285714284, ""iso"": 0.14999999999999997, ""ab"": 140}, {""id"": 663837, ""name"": ""Matt Vierling"", ""bats"": ""R"", ""obp"": 0.2872340425531915, ""slg"": 0.39285714285714285, ""iso"": 0.16666666666666666, ""ab"": 84}, {""id"": 701678, ""name"": ""Hao-Yu  Lee"", ""bats"": ""R"", ""obp"": 0.21739130434782608, ""slg"": 0.27906976744186046, ""iso"": 0.11627906976744184, ""ab"": 43}]","[{""name"": ""away_top3c_iso"", ""value"": 0.1273, ""contribution"": -0.2146}, {""name"": ""fi_park_nrfi_rate"", ""value"": 0.5604, ""contribution"": -0.1351}, {""name"": ""away_top3c_slg"", ""value"": 0.4121, ""contribution"": 0.098}, {""name"": ""away_obp"", ""value"": 0.3238, ""contribution"": 0.053}, {""name"": ""home_avg_ip_per_start"", ""value"": 6.2667, ""contribution"": -0.0517}]","[{""name"": ""fi_park_nrfi_rate"", ""value"": 0.5604, ""contribution"": -0.2249}, {""name"": ""home_plate_ump_nrfi_rate"", ""value"": 0.4761, ""contribution"": -0.1484}, {""name"": ""wx_wind_kmh"", ""value"": 18.3, ""contribution"": 0.0977}, {""name"": ""away_p_last5_pitcher_nrfi"", ""value"": 0.5, ""contribution"": 0.0856}, {""name"": ""home_top3c_slg"", ""value"": 0.4128, ""contribution"": 0.0571}]",573597,0.4761,4.274,4.2,40.0,50.0,0.699,0.7136,6.27,5.0,0.6857,0.6443,R,R,YRFI,PASS,0,2,2,2026-05-09T23:26:23+00:00,-115,-115,DraftKings,2026-05-09T23:24:26+00:00,0.5349,0.5349,-0.0547,-0.0151,,N,,,-115,-115,2026-05-09T23:08:28+00:00,,,,,0.2857,0.3411,0.2959,0.4831,0.1020,0.1949,
2026-05-09,2026,825089,1,N,NYM,ARI,7:15 PM ET,Clay Holmes,Merrill Kelly,605280,518876,live,live,live,live,1.0,0.529,0.4199,0.949,0.301,0.2993,0.6003,0.4802,0.5198,0.2455,0.7545,,,PASS,NO EDGE,PASS - No edge,4,2026-05-09T22:32:57Z,2.585,5.593,1.136,1.504,3.691,5.113,3.28,3.89,0.7,1.68,6.81,7.69,0.298,0.305,0.367,0.403,3.844,4.399,,,,1.0,0.8,0.8,0.7,0.7,0.3219,0.3176,0.4116,0.3965,0.1794,0.1404,lineup,lineup,"[{""id"": 606466, ""name"": ""Ketel Marte"", ""bats"": ""S"", ""obp"": 0.26174496644295303, ""slg"": 0.35251798561151076, ""iso"": 0.1438848920863309, ""ab"": 139}, {""id"": 682998, ""name"": ""Corbin Carroll"", ""bats"": ""L"", ""obp"": 0.363013698630137, ""slg"": 0.5161290322580645, ""iso"": 0.25, ""ab"": 124}, {""id"": 672695, ""name"": ""Geraldo Perdomo"", ""bats"": ""S"", ""obp"": 0.34285714285714286, ""slg"": 0.3706896551724138, ""iso"": 0.14655172413793105, ""ab"": 116}]","[{""id"": 665742, ""name"": ""Juan Soto"", ""bats"": ""L"", ""obp"": 0.37373737373737376, ""slg"": 0.49411764705882355, ""iso"": 0.21176470588235297, ""ab"": 85}, {""id"": 666182, ""name"": ""Bo Bichette"", ""bats"": ""R"", ""obp"": 0.2694610778443114, ""slg"": 0.30128205128205127, ""iso"": 0.07051282051282048, ""ab"": 156}, {""id"": 669004, ""name"": ""MJ Melendez"", ""bats"": ""L"", ""obp"": 0.3673469387755102, ""slg"": 0.5454545454545454, ""iso"": 0.24999999999999994, ""ab"": 44}]","[{""name"": ""era_gap_t1"", ""value"": 3.0077, ""contribution"": 0.1728}, {""name"": ""fi_park_nrfi_rate"", ""value"": 0.4201, ""contribution"": 0.1642}, {""name"": ""home_xera"", ""value"": 4.616, ""contribution"": 0.1629}, {""name"": ""away_top3c_iso"", ""value"": 0.1404, ""contribution"": -0.1598}, {""name"": ""home_fip"", ""value"": 5.1133, ""contribution"": -0.1555}]","[{""name"": ""era_gap_b1"", ""value"": -3.0077, ""contribution"": -0.3007}, {""name"": ""fi_park_nrfi_rate"", ""value"": 0.4201, ""contribution"": 0.2734}, {""name"": ""wx_is_dome"", ""value"": 1.0, ""contribution"": -0.0598}, {""name"": ""home_top3c_slg"", ""value"": 0.4116, ""contribution"": 0.0596}, {""name"": ""home_top3c_obp"", ""value"": 0.3219, ""contribution"": -0.0401}]",427013,0.504,4.616,4.096,52.0,34.0,0.7396,0.7136,4.67,6.0,0.7840,0.7103,R,R,NRFI,PASS,0,0,0,2026-05-09T23:28:55+00:00,+105,-135,DraftKings,2026-05-09T23:24:26+00:00,0.4878,0.5745,-0.0076,-0.0547,,N,,,+105,-135,2026-05-09T23:13:48+00:00,,,,,0.3193,0.2419,0.4653,0.3243,0.2079,0.1622,
2026-05-09,2026,822905,1,N,CHC,TEX,7:05 PM ET,Edward Cabrera,Jack Leiter,665795,683004,live,live,live,live,1.07,0.5789,0.4639,1.0427,0.3311,0.234,0.5651,0.5315,0.4685,0.28,0.72,,,PASS,NO EDGE,PASS - No edge,4,2026-05-09T22:32:57Z,3.398,4.635,1.255,1.324,3.741,4.136,3.11,3.55,1.1,1.36,8.96,9.48,0.344,0.316,0.425,0.38,5.218,3.901,,,,1.0,0.6,1.0,0.5,0.8,0.3494,0.3621,0.4337,0.4183,0.174,0.1461,lineup,lineup,"[{""id"": 664059, ""name"": ""Sam Haggerty"", ""bats"": ""S"", ""obp"": 0.21875, ""slg"": 0.16666666666666666, ""iso"": 0.0, ""ab"": 30}, {""id"": 677649, ""name"": ""Ezequiel Duran"", ""bats"": ""R"", ""obp"": 0.37894736842105264, ""slg"": 0.4819277108433735, ""iso"": 0.18072289156626503, ""ab"": 83}, {""id"": 608369, ""name"": ""Corey Seager"", ""bats"": ""L"", ""obp"": 0.30864197530864196, ""slg"": 0.39855072463768115, ""iso"": 0.19565217391304346, ""ab"": 138}]","[{""id"": 670032, ""name"": ""Nicky Lopez"", ""bats"": ""L"", ""obp"": 0.0, ""slg"": 0.0, ""iso"": 0.0, ""ab"": 4}, {""id"": 624424, ""name"": ""Michael Conforto"", ""bats"": ""L"", ""obp"": 0.48, ""slg"": 0.675, ""iso"": 0.30000000000000004, ""ab"": 40}, {""id"": 608324, ""name"": ""Alex Bregman"", ""bats"": ""R"", ""obp"": 0.33519553072625696, ""slg"": 0.3419354838709677, ""iso"": 0.10322580645161289, ""ab"": 155}]","[{""name"": ""away_obp"", ""value"": 0.344, ""contribution"": 0.2041}, {""name"": ""home_xera"", ""value"": 4.6767, ""contribution"": 0.1864}, {""name"": ""away_top3c_iso"", ""value"": 0.1461, ""contribution"": -0.1356}, {""name"": ""wx_is_dome"", ""value"": 1.0, ""contribution"": -0.1048}, {""name"": ""fi_park_nrfi_rate"", ""value"": 0.5409, ""contribution"": -0.0936}]","[{""name"": ""fi_park_nrfi_rate"", ""value"": 0.5409, ""contribution"": -0.1559}, {""name"": ""era_gap_b1"", ""value"": -1.2364, ""contribution"": -0.1236}, {""name"": ""away_p_last5_pitcher_nrfi"", ""value"": 1.0, ""contribution"": -0.1047}, {""name"": ""wx_is_dome"", ""value"": 1.0, ""contribution"": -0.0598}, {""name"": ""wx_wind_kmh"", ""value"": 10.0, ""contribution"": -0.033}]",428442,0.5176,4.677,4.053,55.0,76.0,0.7136,0.7136,5.4,5.93,0.8303,0.7737,R,R,NRFI,PASS,0,0,0,2026-05-09T23:26:02+00:00,-135,+105,DraftKings,2026-05-09T23:24:26+00:00,0.5745,0.4878,-0.043,-0.0193,,N,,,-135,+105,2026-05-09T23:02:50+00:00,,,,,0.3718,0.3512,0.4462,0.3929,0.1846,0.1548,
2026-05-10,2026,823793,1,N,NYY,MIL,2:10 PM ET,Carlos Rodón,Logan Henderson,607074,701656,ltd,ltd,live,live,1.03,0.4348,0.4775,0.9124,0.2916,0.2105,0.5021,0.6312,0.3688,0.2321,0.7679,,,NRFI,STRONG,STRONG NRFI,4,2026-05-10T16:46:34Z,3.367,3.828,1.1,1.143,3.756,3.408,3.33,2.8,1.06,0.98,9.25,9.99,0.33,0.329,0.436,0.372,5.068,4.957,,,,1.0,1.0,1.0,1.0,0.9,0.3935,0.3788,0.4545,0.561,0.1538,0.3091,lineup,lineup,"[{""id"": 694192, ""name"": ""Jackson Chourio"", ""bats"": ""R"", ""obp"": 0.47368421052631576, ""slg"": 0.6111111111111112, ""iso"": 0.16666666666666674, ""ab"": 18}, {""id"": 668930, ""name"": ""Brice Turang"", ""bats"": ""L"", ""obp"": 0.42038216560509556, ""slg"": 0.4881889763779528, ""iso"": 0.19685039370078744, ""ab"": 127}, {""id"": 661388, ""name"": ""William Contreras"", ""bats"": ""R"", ""obp"": 0.35668789808917195, ""slg"": 0.40425531914893614, ""iso"": 0.11347517730496454, ""ab"": 141}]","[{""id"": 663757, ""name"": ""Trent Grisham"", ""bats"": ""L"", ""obp"": 0.304635761589404, ""slg"": 0.36, ""iso"": 0.184, ""ab"": 125}, {""id"": 700250, ""name"": ""Ben Rice"", ""bats"": ""L"", ""obp"": 0.42657342657342656, ""slg"": 0.7008547008547008, ""iso"": 0.3846153846153846, ""ab"": 117}, {""id"": 592450, ""name"": ""Aaron Judge"", ""bats"": ""R"", ""obp"": 0.4034090909090909, ""slg"": 0.6223776223776224, ""iso"": 0.35664335664335667, ""ab"": 143}]","[{""name"": ""away_top3c_iso"", ""value"": 0.3091, ""contribution"": 0.5465}, {""name"": ""away_top3c_slg"", ""value"": 0.561, ""contribution"": -0.3926}, {""name"": ""home_xera"", ""value"": 3.4903, ""contribution"": -0.272}, {""name"": ""fi_park_nrfi_rate"", ""value"": 0.5931, ""contribution"": -0.205}, {""name"": ""away_top3c_obp"", ""value"": 0.3788, ""contribution"": 0.1143}]","[{""name"": ""fi_park_nrfi_rate"", ""value"": 0.5931, ""contribution"": -0.3412}, {""name"": ""home_top3c_obp"", ""value"": 0.3935, ""contribution"": 0.1271}, {""name"": ""away_p_last5_pitcher_nrfi"", ""value"": 1.0, ""contribution"": -0.1047}, {""name"": ""wx_is_dome"", ""value"": 1.0, ""contribution"": -0.0598}, {""name"": ""home_top3c_iso"", ""value"": 0.1538, ""contribution"": -0.0532}]",623945,0.5123,3.49,4.2,59.0,50.0,0.7136,0.7075,4.47,6.2,0.8860,0.7200,L,R,YRFI,LOSS,1,0,1,2026-05-10T18:31:26+00:00,-120,-110,DraftKings,2026-05-10T17:14:35+00:00,0.5455,0.5238,0.0857,-0.155,0.0857,Y,1,-1,-120,-110,2026-05-10T17:09:10+00:00,0,,,,0.3692,0.3923,0.5364,0.4597,0.2636,0.1371,
2026-05-10,2026,822902,1,N,CHC,TEX,2:35 PM ET,Jameson Taillon,Jacob deGrom,592791,594798,live,live,live,live,1.07,0.4351,0.5591,0.9941,0.19,0.2682,0.4582,0.6447,0.3553,0.2621,0.7379,,,NRFI,STRONG,STRONG NRFI,4,2026-05-10T16:46:34Z,3.96,3.037,1.1,0.963,5.272,3.441,2.51,1.93,2.07,1.4,7.45,10.49,0.342,0.317,0.421,0.382,5.123,3.94,,,,1.0,0.4,0.6,0.4,0.8,0.3419,0.3657,0.4209,0.4841,0.1689,0.2017,lineup,lineup,"[{""id"": 607043, ""name"": ""Brandon Nimmo"", ""bats"": ""L"", ""obp"": 0.3696969696969697, ""slg"": 0.4305555555555556, ""iso"": 0.14583333333333337, ""ab"": 144}, {""id"": 677649, ""name"": ""Ezequiel Duran"", ""bats"": ""R"", ""obp"": 0.36363636363636365, ""slg"": 0.45977011494252873, ""iso"": 0.1724137931034483, ""ab"": 87}, {""id"": 608369, ""name"": ""Corey Seager"", ""bats"": ""L"", ""obp"": 0.30120481927710846, ""slg"": 0.3873239436619718, ""iso"": 0.19014084507042253, ""ab"": 142}]","[{""id"": 663538, ""name"": ""Nico Hoerner"", ""bats"": ""R"", ""obp"": 0.34806629834254144, ""slg"": 0.4177215189873418, ""iso"": 0.14556962025316456, ""ab"": 158}, {""id"": 694208, ""name"": ""Mois\u00e9s Ballesteros"", ""bats"": ""L"", ""obp"": 0.33962264150943394, ""slg"": 0.5212765957446809, ""iso"": 0.2446808510638298, ""ab"": 94}, {""id"": 673548, ""name"": ""Seiya Suzuki"", ""bats"": ""R"", ""obp"": 0.41739130434782606, ""slg"": 0.5578947368421052, ""iso"": 0.2526315789473684, ""ab"": 95}]","[{""name"": ""home_xera"", ""value"": 3.231, ""contribution"": -0.3722}, {""name"": ""away_obp"", ""value"": 0.342, ""contribution"": 0.1892}, {""name"": ""away_top3c_slg"", ""value"": 0.4841, ""contribution"": -0.1393}, {""name"": ""wx_is_dome"", ""value"": 1.0, ""contribution"": -0.1048}, {""name"": ""away_top3c_iso"", ""value"": 0.2017, ""contribution"": 0.0971}]","[{""name"": ""fi_park_nrfi_rate"", ""value"": 0.5409, ""contribution"": -0.1559}, {""name"": ""away_fip"", ""value"": 5.2722, ""contribution"": -0.1494}, {""name"": ""era_gap_b1"", ""value"": 0.9229, ""contribution"": 0.0923}, {""name"": ""away_xera"", ""value"": 3.7197, ""contribution"": -0.0872}, {""name"": ""home_plate_ump_nrfi_rate"", ""value"": 0.5258, ""contribution"": 0.0612}]",503077,0.5258,3.231,3.72,82.0,48.0,0.7272,0.7075,5.6,5.93,0.8093,0.7970,R,R,NRFI,WIN,0,0,0,2026-05-10T18:51:18+00:00,-145,+110,DraftKings,2026-05-10T17:36:23+00:00,0.5918,0.4762,0.0529,-0.1209,0.0529,Y,1,0.69,-145,+110,2026-05-10T17:30:59+00:00,0,,,,0.2913,0.3684,0.3611,0.3750,0.1667,0.1250,
2026-05-10,2026,823221,1,N,PIT,SF,4:05 PM ET,Bubba Chandler,Tyler Mahle,696149,641816,ltd,live,live,live,0.94,0.4796,0.4569,0.9366,0.3419,0.322,0.6639,0.4797,0.5203,0.2409,0.7591,,,PASS,NO EDGE,PASS - No edge,4,2026-05-10T19:56:08Z,4.432,3.815,1.32,1.337,4.527,4.193,4.61,3.75,1.17,1.09,8.59,7.95,0.332,0.293,0.397,0.373,4.85,3.514,18.3,18.0,70.0,0.0,0.8,0.8,0.7,0.9,0.3288,0.3567,0.4279,0.4714,0.1368,0.1905,lineup,lineup,"[{""id"": 808982, ""name"": ""Jung Hoo Lee"", ""bats"": ""L"", ""obp"": 0.3116883116883117, ""slg"": 0.38028169014084506, ""iso"": 0.11267605633802819, ""ab"": 142}, {""id"": 650333, ""name"": ""Luis Arraez"", ""bats"": ""L"", ""obp"": 0.33557046979865773, ""slg"": 0.3900709219858156, ""iso"": 0.07801418439716312, ""ab"": 141}, {""id"": 805811, ""name"": ""Bryce Eldridge"", ""bats"": ""L"", ""obp"": 0.21428571428571427, ""slg"": 0.38461538461538464, ""iso"": 0.23076923076923078, ""ab"": 13}]","[{""id"": 665833, ""name"": ""Oneil Cruz"", ""bats"": ""L"", ""obp"": 0.32, ""slg"": 0.4625, ""iso"": 0.20625000000000004, ""ab"": 160}, {""id"": 664040, ""name"": ""Brandon Lowe"", ""bats"": ""L"", ""obp"": 0.3684210526315789, ""slg"": 0.5846153846153846, ""iso"": 0.31538461538461543, ""ab"": 130}, {""id"": 693304, ""name"": ""Nick Gonzales"", ""bats"": ""R"", ""obp"": 0.3888888888888889, ""slg"": 0.36923076923076925, ""iso"": 0.046153846153846156, ""ab"": 130}]","[{""name"": ""away_obp"", ""value"": 0.3318, ""contribution"": 0.1131}, {""name"": ""away_top3c_slg"", ""value"": 0.4714, ""contribution"": -0.0974}, {""name"": ""home_xera"", ""value"": 4.3265, ""contribution"": 0.0511}, {""name"": ""away_top3c_obp"", ""value"": 0.3567, ""contribution"": 0.0503}, {""name"": ""away_top3c_iso"", ""value"": 0.1905, ""contribution"": 0.05}]","[{""name"": ""home_plate_ump_nrfi_rate"", ""value"": 0.4839, ""contribution"": -0.1155}, {""name"": ""wx_wind_kmh"", ""value"": 18.0, ""contribution"": 0.093}, {""name"": ""home_top3c_iso"", ""value"": 0.1368, ""contribution"": -0.0912}, {""name"": ""away_fip"", ""value"": 4.527, ""contribution"": -0.0626}, {""name"": ""era_gap_b1"", ""value"": 0.6168, ""contribution"": 0.0617}]",665297,0.4839,4.327,4.349,38.0,76.0,0.6942,0.7136,5.4,5.07,0.8760,0.7050,R,R,YRFI,PASS,1,0,1,2026-05-10T20:21:37+00:00,-150,+115,DraftKings,2026-05-10T20:52:28+00:00,0.6,0.4651,-0.1203,0.0552,0.0903,N,1,,-150,+115,2026-05-10T20:04:38+00:00,0,,,,0.4000,0.2652,0.4474,0.2897,0.1491,0.0841,
2026-05-10,2026,824605,1,N,SEA,CWS,2:10 PM ET,Logan Gilbert,Davis Martin,669302,663436,live,live,live,live,0.98,0.3535,0.4262,0.7798,0.3774,0.3667,0.744,0.4592,0.5408,0.184,0.816,,,PASS,NO EDGE,PASS - No edge,4,2026-05-10T17:45:44Z,3.89,2.811,1.171,1.149,3.697,3.328,2.09,2.3,1.51,0.82,10.27,7.74,0.319,0.322,0.389,0.397,4.232,4.366,14.5,13.9,40.0,0.0,0.8,0.4,0.8,0.4,0.37,0.3415,0.4956,0.4164,0.2566,0.1507,lineup,lineup,"[{""id"": 803011, ""name"": ""Sam Antonacci"", ""bats"": ""L"", ""obp"": 0.3902439024390244, ""slg"": 0.4117647058823529, ""iso"": 0.13235294117647056, ""ab"": 68}, {""id"": 808959, ""name"": ""Munetaka Murakami"", ""bats"": ""L"", ""obp"": 0.3609467455621302, ""slg"": 0.5611510791366906, ""iso"": 0.3309352517985611, ""ab"": 139}, {""id"": 678246, ""name"": ""Miguel Vargas"", ""bats"": ""R"", ""obp"": 0.36904761904761907, ""slg"": 0.47058823529411764, ""iso"": 0.2426470588235294, ""ab"": 136}]","[{""id"": 680977, ""name"": ""Brendan Donovan"", ""bats"": ""L"", ""obp"": 0.42105263157894735, ""slg"": 0.4918032786885246, ""iso"": 0.19672131147540983, ""ab"": 61}, {""id"": 677594, ""name"": ""Julio Rodr\u00edguez"", ""bats"": ""R"", ""obp"": 0.3390804597701149, ""slg"": 0.43037974683544306, ""iso"": 0.15822784810126583, ""ab"": 158}, {""id"": 647304, ""name"": ""Josh Naylor"", ""bats"": ""L"", ""obp"": 0.30625, ""slg"": 0.3698630136986301, ""iso"": 0.1232876712328767, ""ab"": 146}]","[{""name"": ""home_xera"", ""value"": 4.8709, ""contribution"": 0.2614}, {""name"": ""away_top3c_iso"", ""value"": 0.1507, ""contribution"": -0.1166}, {""name"": ""home_fip"", ""value"": 3.3278, ""contribution"": 0.0919}, {""name"": ""away_top3c_slg"", ""value"": 0.4164, ""contribution"": 0.0838}, {""name"": ""home_avg_ip_per_start"", ""value"": 6.6, ""contribution"": -0.07}]","[{""name"": ""away_xera"", ""value"": 3.1658, ""contribution"": -0.1865}, {""name"": ""home_top3c_iso"", ""value"": 0.2566, ""contribution"": 0.1759}, {""name"": ""home_plate_ump_nrfi_rate"", ""value"": 0.4774, ""contribution"": -0.1429}, {""name"": ""away_p_last5_pitcher_nrfi"", ""value"": 0.4, ""contribution"": 0.1237}, {""name"": ""home_top3c_slg"", ""value"": 0.4956, ""contribution"": -0.1099}]",575629,0.4774,4.871,3.166,29.0,97.0,0.7396,0.751,6.6,5.47,0.8610,0.8487,R,R,YRFI,PASS,1,0,1,2026-05-10T18:32:58+00:00,-150,+115,DraftKings,2026-05-10T19:04:05+00:00,0.6,0.4651,-0.1382,0.0731,,N,,,-150,+115,2026-05-10T18:04:50+00:00,,,,,0.3889,0.4021,0.5702,0.4857,0.2368,0.2095,
2026-05-10,2026,824520,1,N,HOU,CIN,1:40 PM ET,Kai-Wei Teng,Andrew Abbott,678906,671096,ltd,live,live,live,1.09,0.5531,0.4798,1.0329,0.2737,0.6259,0.8996,0.3979,0.6021,0.2763,0.7237,,,YRFI,STRONG,STRONG YRFI,4,2026-05-10T15:53:29Z,3.86,4.001,1.19,1.395,3.877,4.158,3.35,3.3,1.1,1.08,9.28,7.18,0.332,0.307,0.43,0.388,4.777,4.105,20.8,15.3,32.0,0.0,0.4,0.4,0.6,0.375,0.3384,0.3744,0.4624,0.4806,0.2081,0.2039,lineup,lineup,"[{""id"": 666181, ""name"": ""Will Benson"", ""bats"": ""L"", ""obp"": 0.352112676056338, ""slg"": 0.3793103448275862, ""iso"": 0.17241379310344826, ""ab"": 58}, {""id"": 668715, ""name"": ""Spencer Steer"", ""bats"": ""R"", ""obp"": 0.32413793103448274, ""slg"": 0.43410852713178294, ""iso"": 0.18604651162790697, ""ab"": 129}, {""id"": 682829, ""name"": ""Elly De La Cruz"", ""bats"": ""S"", ""obp"": 0.3446327683615819, ""slg"": 0.5157232704402516, ""iso"": 0.2389937106918239, ""ab"": 159}]","[{""id"": 514888, ""name"": ""Jose Altuve"", ""bats"": ""R"", ""obp"": 0.3291139240506329, ""slg"": 0.37857142857142856, ""iso"": 0.1357142857142857, ""ab"": 140}, {""id"": 670541, ""name"": ""Yordan Alvarez"", ""bats"": ""L"", ""obp"": 0.4318181818181818, ""slg"": 0.6598639455782312, ""iso"": 0.3333333333333333, ""ab"": 147}, {""id"": 670623, ""name"": ""Isaac Paredes"", ""bats"": ""R"", ""obp"": 0.3541666666666667, ""slg"": 0.384, ""iso"": 0.128, ""ab"": 125}]","[{""name"": ""home_plate_ump_nrfi_rate"", ""value"": 0.6254, ""contribution"": -0.1618}, {""name"": ""home_xera"", ""value"": 3.7838, ""contribution"": -0.1586}, {""name"": ""away_top3c_slg"", ""value"": 0.4806, ""contribution"": -0.1276}, {""name"": ""away_obp"", ""value"": 0.3318, ""contribution"": 0.1131}, {""name"": ""away_top3c_iso"", ""value"": 0.2039, ""contribution"": 0.1061}]","[{""name"": ""home_plate_ump_nrfi_rate"", ""value"": 0.6254, ""contribution"": 0.4813}, {""name"": ""away_p_last5_pitcher_nrfi"", ""value"": 0.4, ""contribution"": 0.1237}, {""name"": ""fi_park_nrfi_rate"", ""value"": 0.4742, ""contribution"": 0.0811}, {""name"": ""away_avg_ip_per_start"", ""value"": 3.8667, ""contribution"": 0.078}, {""name"": ""away_xera"", ""value"": 3.8077, ""contribution"": -0.0714}]",644760,0.6254,3.784,3.808,43.0,62.0,0.7272,0.7136,4.67,3.87,0.9480,0.7190,R,L,NRFI,LOSS,0,0,0,2026-05-10T17:56:47+00:00,-140,+110,DraftKings,2026-05-10T16:40:55+00:00,0.5833,0.4762,-0.1874,0.1279,0.1279,Y,1,-1,-140,+110,2026-05-10T16:35:23+00:00,0,,,,0.3352,0.3578,0.3694,0.4271,0.1171,0.1458,
2026-05-10,2026,825085,1,N,NYM,ARI,4:10 PM ET,Huascar Brazobán,Eduardo Rodriguez,623211,593958,ltd,live,live,live,1.0,0.4674,0.428,0.8954,0.2735,0.3148,0.5883,0.4802,0.5198,0.2258,0.7742,,,PASS,NO EDGE,PASS - No edge,4,2026-05-10T19:56:08Z,3.166,3.773,1.159,1.416,3.728,4.462,3.27,3.93,0.87,1.19,8.15,7.51,0.296,0.305,0.364,0.4,3.792,4.354,,,,1.0,0.4,1.0,0.5,1.0,0.3223,0.3089,0.4103,0.3511,0.1769,0.1064,lineup,lineup,"[{""id"": 606466, ""name"": ""Ketel Marte"", ""bats"": ""S"", ""obp"": 0.26143790849673204, ""slg"": 0.35664335664335667, ""iso"": 0.14685314685314688, ""ab"": 143}, {""id"": 682998, ""name"": ""Corbin Carroll"", ""bats"": ""L"", ""obp"": 0.36, ""slg"": 0.5078125, ""iso"": 0.2421875, ""ab"": 128}, {""id"": 672695, ""name"": ""Geraldo Perdomo"", ""bats"": ""S"", ""obp"": 0.3472222222222222, ""slg"": 0.3697478991596639, ""iso"": 0.14285714285714288, ""ab"": 119}]","[{""id"": 665742, ""name"": ""Juan Soto"", ""bats"": ""L"", ""obp"": 0.36893203883495146, ""slg"": 0.4772727272727273, ""iso"": 0.20454545454545459, ""ab"": 88}, {""id"": 666182, ""name"": ""Bo Bichette"", ""bats"": ""R"", ""obp"": 0.26900584795321636, ""slg"": 0.29559748427672955, ""iso"": 0.0691823899371069, ""ab"": 159}, {""id"": 596103, ""name"": ""Austin Slater"", ""bats"": ""R"", ""obp"": 0.325, ""slg"": 0.2857142857142857, ""iso"": 0.02857142857142858, ""ab"": 35}]","[{""name"": ""away_top3c_iso"", ""value"": 0.1064, ""contribution"": -0.302}, {""name"": ""away_top3c_slg"", ""value"": 0.3511, ""contribution"": 0.2992}, {""name"": ""fi_park_nrfi_rate"", ""value"": 0.4201, ""contribution"": 0.1642}, {""name"": ""away_obp"", ""value"": 0.2963, ""contribution"": -0.1519}, {""name"": ""home_xera"", ""value"": 4.5463, ""contribution"": 0.136}]","[{""name"": ""home_plate_ump_nrfi_rate"", ""value"": 0.4205, ""contribution"": -0.3829}, {""name"": ""fi_park_nrfi_rate"", ""value"": 0.4201, ""contribution"": 0.2734}, {""name"": ""away_avg_ip_per_start"", ""value"": 1.25, ""contribution"": 0.2141}, {""name"": ""away_p_last5_pitcher_nrfi"", ""value"": 1.0, ""contribution"": -0.1047}, {""name"": ""home_top3c_slg"", ""value"": 0.4103, ""contribution"": 0.0624}]",504381,0.4205,4.546,3.904,32.0,50.0,0.7197,0.7272,5.53,1.25,0.5240,0.7103,R,L,NRFI,PASS,0,0,0,2026-05-10T20:25:00+00:00,-120,-110,DraftKings,2026-05-10T20:52:28+00:00,0.5455,0.5238,-0.0653,-0.004,,N,,,-120,-110,2026-05-10T20:09:55+00:00,,,,,0.3241,0.2640,0.3646,0.3514,0.1146,0.1712,
2026-05-10,2026,823305,1,N,STL,SD,4:10 PM ET,Kyle Leahy,Walker Buehler,681517,621111,live,live,live,live,0.95,0.516,0.4538,0.9698,0.4608,0.2749,0.7357,0.4657,0.5343,0.2531,0.7469,,,PASS,NO EDGE,PASS - No edge,4,2026-05-10T19:56:08Z,4.09,5.244,1.422,1.519,4.058,4.455,3.17,4.04,1.1,1.16,7.79,7.49,0.322,0.303,0.399,0.384,4.644,4.329,19.5,12.2,80.0,0.0,0.8,1.0,0.8,0.875,0.3025,0.3707,0.3405,0.4318,0.1167,0.175,lineup,lineup,"[{""id"": 701538, ""name"": ""Jackson Merrill"", ""bats"": ""L"", ""obp"": 0.2875, ""slg"": 0.36054421768707484, ""iso"": 0.1360544217687075, ""ab"": 147}, {""id"": 665487, ""name"": ""Fernando Tatis Jr."", ""bats"": ""R"", ""obp"": 0.3167701863354037, ""slg"": 0.2978723404255319, ""iso"": 0.049645390070921974, ""ab"": 141}, {""id"": 592518, ""name"": ""Manny Machado"", ""bats"": ""R"", ""obp"": 0.3032258064516129, ""slg"": 0.36363636363636365, ""iso"": 0.16666666666666669, ""ab"": 132}]","[{""id"": 802139, ""name"": ""JJ Wetherholt"", ""bats"": ""L"", ""obp"": 0.35195530726256985, ""slg"": 0.40939597315436244, ""iso"": 0.17449664429530204, ""ab"": 149}, {""id"": 671056, ""name"": ""Iv\u00e1n Herrera"", ""bats"": ""R"", ""obp"": 0.4157303370786517, ""slg"": 0.4326241134751773, ""iso"": 0.16312056737588654, ""ab"": 141}, {""id"": 676475, ""name"": ""Alec Burleson"", ""bats"": ""L"", ""obp"": 0.3431952662721893, ""slg"": 0.4533333333333333, ""iso"": 0.18666666666666665, ""ab"": 150}]","[{""name"": ""home_xera"", ""value"": 5.2493, ""contribution"": 0.4076}, {""name"": ""away_top3c_obp"", ""value"": 0.3707, ""contribution"": 0.0909}, {""name"": ""fi_park_nrfi_rate"", ""value"": 0.5344, ""contribution"": -0.0797}, {""name"": ""era_gap_t1"", ""value"": 1.1539, ""contribution"": 0.0663}, {""name"": ""home_fip"", ""value"": 4.4549, ""contribution"": -0.0643}]","[{""name"": ""home_top3c_slg"", ""value"": 0.3405, ""contribution"": 0.2032}, {""name"": ""home_top3c_iso"", ""value"": 0.1167, ""contribution"": -0.1362}, {""name"": ""fi_park_nrfi_rate"", ""value"": 0.5344, ""contribution"": -0.1326}, {""name"": ""era_gap_b1"", ""value"": -1.1539, ""contribution"": -0.1154}, {""name"": ""away_p_last5_pitcher_nrfi"", ""value"": 1.0, ""contribution"": -0.1047}]",427164,0.5083,5.249,4.459,15.0,32.0,0.7272,0.7136,4.73,4.93,0.8130,0.5930,R,R,NRFI,PASS,0,0,0,2026-05-10T20:29:54+00:00,-120,-110,DraftKings,2026-05-10T20:52:28+00:00,0.5455,0.5238,-0.0798,0.0105,,N,,,-120,-110,2026-05-10T20:09:55+00:00,,,,,0.3556,0.2536,0.4545,0.3214,0.1736,0.1250,
2026-05-10,2026,823463,1,N,COL,PHI,1:35 PM ET,Tomoyuki Sugano,Cristopher Sánchez,608372,650911,live,live,live,live,1.04,0.332,0.5342,0.8661,0.2565,0.442,0.6985,0.4657,0.5343,0.2151,0.7849,,,PASS,NO EDGE,PASS - No edge,4,2026-05-10T16:46:34Z,4.049,2.456,1.239,1.213,5.045,2.352,2.36,2.32,1.68,0.55,5.73,10.42,0.322,0.307,0.407,0.397,4.395,4.195,21.8,15.7,56.0,0.0,0.8,0.6,0.8,0.6,0.3391,0.3057,0.4825,0.4201,0.2368,0.184,lineup,lineup,"[{""id"": 607208, ""name"": ""Trea Turner"", ""bats"": ""R"", ""obp"": 0.29545454545454547, ""slg"": 0.3597560975609756, ""iso"": 0.11585365853658536, ""ab"": 164}, {""id"": 656941, ""name"": ""Kyle Schwarber"", ""bats"": ""L"", ""obp"": 0.34444444444444444, ""slg"": 0.5533333333333333, ""iso"": 0.33999999999999997, ""ab"": 150}, {""id"": 547180, ""name"": ""Bryce Harper"", ""bats"": ""L"", ""obp"": 0.3795180722891566, ""slg"": 0.5492957746478874, ""iso"": 0.26760563380281693, ""ab"": 142}]","[{""id"": 666397, ""name"": ""Edouard Julien"", ""bats"": ""L"", ""obp"": 0.3706896551724138, ""slg"": 0.38, ""iso"": 0.10999999999999999, ""ab"": 100}, {""id"": 671289, ""name"": ""Tyler Freeman"", ""bats"": ""R"", ""obp"": 0.37209302325581395, ""slg"": 0.39473684210526316, ""iso"": 0.10526315789473684, ""ab"": 76}, {""id"": 696100, ""name"": ""Hunter Goodman"", ""bats"": ""R"", ""obp"": 0.3157894736842105, ""slg"": 0.5144927536231884, ""iso"": 0.2681159420289855, ""ab"": 138}]","[{""name"": ""home_xera"", ""value"": 2.8811, ""contribution"": -0.5074}, {""name"": ""home_fip"", ""value"": 2.3516, ""contribution"": 0.2271}, {""name"": ""home_plate_ump_nrfi_rate"", ""value"": 0.4415, ""contribution"": 0.099}, {""name"": ""away_top3c_obp"", ""value"": 0.3057, ""contribution"": -0.0976}, {""name"": ""era_gap_t1"", ""value"": -1.5926, ""contribution"": -0.0915}]","[{""name"": ""home_plate_ump_nrfi_rate"", ""value"": 0.4415, ""contribution"": -0.2943}, {""name"": ""away_xera"", ""value"": 5.6402, ""contribution"": 0.2572}, {""name"": ""era_gap_b1"", ""value"": 1.5926, ""contribution"": 0.1593}, {""name"": ""home_top3c_iso"", ""value"": 0.2368, ""contribution"": 0.1319}, {""name"": ""away_fip"", ""value"": 5.0455, ""contribution"": -0.123}]",554242,0.4415,2.881,5.64,95.0,12.0,0.7197,0.7272,6.4,5.27,0.5213,0.8913,R,L,YRFI,PASS,0,2,2,2026-05-10T17:53:05+00:00,-120,-105,DraftKings,2026-05-10T17:36:23+00:00,0.5455,0.5122,-0.0653,0.0076,0.0835,N,1,,-120,-105,2026-05-10T17:30:59+00:00,0,,,,0.3337,0.3282,0.4259,0.5294,0.1852,0.2689,
2026-05-10,2026,823868,1,N,WSH,MIA,12:15 PM ET,Cade Cavalli,Sandy Alcantara,676917,645261,ltd,live,live,live,0.95,0.4411,0.4503,0.8914,0.3245,0.3599,0.6844,0.4674,0.5326,0.2244,0.7756,,,PASS,NO EDGE,PASS - No edge,4,2026-05-10T15:53:29Z,4.188,4.602,1.507,1.276,3.491,3.908,3.7,3.07,0.79,0.89,9.34,6.77,0.322,0.325,0.404,0.391,5.123,4.323,,,,1.0,0.6,1.0,0.7,0.7,0.3885,0.3311,0.5215,0.4311,0.1914,0.188,lineup,lineup,"[{""id"": 669364, ""name"": ""Xavier Edwards"", ""bats"": ""S"", ""obp"": 0.41317365269461076, ""slg"": 0.4827586206896552, ""iso"": 0.15862068965517245, ""ab"": 145}, {""id"": 689414, ""name"": ""Liam Hicks"", ""bats"": ""L"", ""obp"": 0.3656716417910448, ""slg"": 0.5641025641025641, ""iso"": 0.2564102564102564, ""ab"": 117}, {""id"": 672640, ""name"": ""Otto Lopez"", ""bats"": ""R"", ""obp"": 0.38181818181818183, ""slg"": 0.5256410256410257, ""iso"": 0.17307692307692307, ""ab"": 156}]","[{""id"": 695578, ""name"": ""James Wood"", ""bats"": ""L"", ""obp"": 0.39473684210526316, ""slg"": 0.5263157894736842, ""iso"": 0.2828947368421052, ""ab"": 152}, {""id"": 671277, ""name"": ""Luis Garc\u00eda Jr."", ""bats"": ""L"", ""obp"": 0.2711864406779661, ""slg"": 0.34513274336283184, ""iso"": 0.09734513274336282, ""ab"": 113}, {""id"": 691781, ""name"": ""Brady House"", ""bats"": ""R"", ""obp"": 0.296551724137931, ""slg"": 0.39552238805970147, ""iso"": 0.15671641791044774, ""ab"": 134}]","[{""name"": ""wx_is_dome"", ""value"": 1.0, ""contribution"": -0.1048}, {""name"": ""home_xera"", ""value"": 4.4168, ""contribution"": 0.086}, {""name"": ""fi_park_nrfi_rate"", ""value"": 0.463, ""contribution"": 0.0728}, {""name"": ""away_obp"", ""value"": 0.3224, ""contribution"": 0.0425}, {""name"": ""away_top3c_iso"", ""value"": 0.188, ""contribution"": 0.0395}]","[{""name"": ""home_top3c_slg"", ""value"": 0.5215, ""contribution"": -0.1622}, {""name"": ""fi_park_nrfi_rate"", ""value"": 0.463, ""contribution"": 0.1211}, {""name"": ""home_top3c_obp"", ""value"": 0.3885, ""contribution"": 0.1154}, {""name"": ""away_p_last5_pitcher_nrfi"", ""value"": 1.0, ""contribution"": -0.1047}, {""name"": ""away_avg_ip_per_start"", ""value"": 4.0667, ""contribution"": 0.0676}]",427197,0.5268,4.417,4.101,28.0,80.0,0.6509,0.7396,5.47,4.07,0.7430,0.8803,R,R,NRFI,PASS,0,0,0,2026-05-10T16:30:09+00:00,-135,+105,DraftKings,2026-05-10T16:40:55+00:00,0.5745,0.4878,-0.1071,0.0448,,N,,,-135,+105,2026-05-10T16:13:09+00:00,,,,,0.3130,0.3866,0.4135,0.6055,0.1635,0.2661,
2026-05-10,2026,823954,1,N,ATL,LAD,4:10 PM ET,Bryce Elder,Justin Wrobleski,693821,680736,live,live,live,live,0.97,0.3791,0.4565,0.8356,0.2389,0.4516,0.6905,0.4665,0.5335,0.2041,0.7959,,,PASS,NO EDGE,PASS - No edge,4,2026-05-10T19:56:08Z,3.494,2.837,1.186,1.126,3.651,3.259,2.94,2.61,0.93,0.52,7.95,6.88,0.33,0.339,0.44,0.433,5.232,4.958,24.1,12.6,55.0,0.0,0.6,0.6,0.5714,0.7,0.3635,0.3635,0.4813,0.4781,0.1963,0.182,lineup,lineup,"[{""id"": 660271, ""name"": ""Shohei Ohtani"", ""bats"": ""L"", ""obp"": 0.38235294117647056, ""slg"": 0.4306569343065693, ""iso"": 0.1824817518248175, ""ab"": 137}, {""id"": 518692, ""name"": ""Freddie Freeman"", ""bats"": ""L"", ""obp"": 0.33540372670807456, ""slg"": 0.43537414965986393, ""iso"": 0.16326530612244894, ""ab"": 147}, {""id"": 681624, ""name"": ""Andy Pages"", ""bats"": ""R"", ""obp"": 0.3717948717948718, ""slg"": 0.5763888888888888, ""iso"": 0.24305555555555552, ""ab"": 144}]","[{""id"": 643289, ""name"": ""Mauricio Dub\u00f3n"", ""bats"": ""R"", ""obp"": 0.3355263157894737, ""slg"": 0.41007194244604317, ""iso"": 0.13669064748201437, ""ab"": 139}, {""id"": 686948, ""name"": ""Drake Baldwin"", ""bats"": ""L"", ""obp"": 0.3858695652173913, ""slg"": 0.4968944099378882, ""iso"": 0.19875776397515527, ""ab"": 161}, {""id"": 645277, ""name"": ""Ozzie Albies"", ""bats"": ""S"", ""obp"": 0.36416184971098264, ""slg"": 0.5192307692307693, ""iso"": 0.20512820512820518, ""ab"": 156}]","[{""name"": ""home_xera"", ""value"": 3.4006, ""contribution"": -0.3067}, {""name"": ""away_top3c_slg"", ""value"": 0.4781, ""contribution"": -0.1193}, {""name"": ""away_obp"", ""value"": 0.3304, ""contribution"": 0.1022}, {""name"": ""home_fip"", ""value"": 3.2587, ""contribution"": 0.1014}, {""name"": ""away_top3c_obp"", ""value"": 0.3635, ""contribution"": 0.0699}]","[{""name"": ""home_top3c_slg"", ""value"": 0.4813, ""contribution"": -0.081}, {""name"": ""fi_park_nrfi_rate"", ""value"": 0.4772, ""contribution"": 0.0704}, {""name"": ""era_gap_b1"", ""value"": 0.6567, ""contribution"": 0.0657}, {""name"": ""home_top3c_obp"", ""value"": 0.3635, ""contribution"": 0.057}, {""name"": ""away_p_last5_pitcher_nrfi"", ""value"": 0.6, ""contribution"": 0.0476}]",483630,0.522,3.401,4.332,17.0,24.0,0.7136,0.7396,6.4,6.27,0.7893,0.8243,R,L,NRFI,PASS,0,0,0,2026-05-10T20:21:38+00:00,-105,-120,DraftKings,2026-05-10T20:52:28+00:00,0.5122,0.5455,-0.0456,-0.0121,,N,,,-105,-120,2026-05-10T20:09:55+00:00,,,,,0.3835,0.3643,0.4513,0.5128,0.1681,0.2137,
2026-05-10,2026,824845,1,N,OAK,BAL,1:35 PM ET,Luis Severino,Keegan Akin,622663,669211,live,ltd,live,live,1.06,0.5715,0.546,1.1175,0.4167,0.3825,0.7993,0.4077,0.5923,0.3074,0.6926,,,YRFI,STRONG,STRONG YRFI,4,2026-05-10T15:53:29Z,4.338,4.628,1.393,1.385,4.076,4.734,4.04,3.53,0.97,1.57,7.97,8.65,0.325,0.319,0.408,0.393,4.477,4.468,21.8,19.5,60.0,0.0,1.0,0.6,1.0,0.6,0.3187,0.3753,0.3929,0.4973,0.169,0.2193,team_fallback,lineup,"[{""id"": 683002, ""name"": ""Gunnar Henderson"", ""bats"": ""L"", ""obp"": 0.26373626373626374, ""slg"": 0.41916167664670656, ""iso"": 0.21556886227544908, ""ab"": 167}, {""id"": 621493, ""name"": ""Taylor Ward"", ""bats"": ""R"", ""obp"": 0.4245810055865922, ""slg"": 0.381294964028777, ""iso"": 0.11510791366906475, ""ab"": 139}, {""id"": 668939, ""name"": ""Adley Rutschman"", ""bats"": ""S"", ""obp"": 0.375, ""slg"": 0.5909090909090909, ""iso"": 0.27272727272727276, ""ab"": 88}]","[{""id"": 701762, ""name"": ""Nick Kurtz"", ""bats"": ""L"", ""obp"": 0.4180790960451977, ""slg"": 0.4357142857142857, ""iso"": 0.17142857142857143, ""ab"": 140}, {""id"": 669127, ""name"": ""Shea Langeliers"", ""bats"": ""R"", ""obp"": 0.391304347826087, ""slg"": 0.6258503401360545, ""iso"": 0.28571428571428575, ""ab"": 147}, {""id"": 667670, ""name"": ""Brent Rooker"", ""bats"": ""R"", ""obp"": 0.2727272727272727, ""slg"": 0.3793103448275862, ""iso"": 0.18390804597701146, ""ab"": 87}]","[{""name"": ""home_avg_ip_per_start"", ""value"": 1.2222, ""contribution"": 0.2249}, {""name"": ""away_top3c_slg"", ""value"": 0.4973, ""contribution"": -0.1827}, {""name"": ""away_top3c_iso"", ""value"": 0.2193, ""contribution"": 0.1705}, {""name"": ""away_top3c_obp"", ""value"": 0.3753, ""contribution"": 0.1042}, {""name"": ""home_fip"", ""value"": 4.7341, ""contribution"": -0.103}]","[{""name"": ""wx_wind_kmh"", ""value"": 19.5, ""contribution"": 0.1166}, {""name"": ""home_top3c_slg"", ""value"": 0.3929, ""contribution"": 0.0974}, {""name"": ""away_xera"", ""value"": 4.6532, ""contribution"": 0.0802}, {""name"": ""away_pvt_nrfi_rate"", ""value"": 0.6509, ""contribution"": -0.0605}, {""name"": ""fi_park_nrfi_rate"", ""value"": 0.5124, ""contribution"": -0.0546}]",547380,0.5173,4.2,4.653,50.0,4.0,0.7136,0.6509,1.22,6.0,0.7137,0.9443,R,L,NRFI,LOSS,0,0,0,2026-05-10T17:50:53+00:00,-115,-115,DraftKings,2026-05-10T16:35:23+00:00,0.5349,0.5349,-0.1306,0.0608,0.0608,Y,1,-1,-115,-115,2026-05-10T16:29:52+00:00,0,,,,0.4043,0.3178,0.5859,0.2936,0.2344,0.1009,
2026-05-10,2026,824765,1,N,TB,BOS,1:35 PM ET,Nick Martinez,Payton Tolle,607259,801139,live,sm,live,live,1.05,0.4256,0.4093,0.8349,0.2492,0.288,0.5372,0.5817,0.4183,0.2038,0.7962,,,NRFI,STRONG,STRONG NRFI,4,2026-05-10T15:53:29Z,3.047,3.55,1.113,1.097,3.79,3.607,2.21,3.18,0.91,1.0,6.16,9.84,0.324,0.315,0.385,0.37,4.41,4.106,17.7,16.5,60.0,0.0,0.6,1.0,0.6667,0.9,0.3425,0.3356,0.4282,0.3934,0.1752,0.1193,lineup,lineup,"[{""id"": 680776, ""name"": ""Jarren Duran"", ""bats"": ""L"", ""obp"": 0.25517241379310346, ""slg"": 0.3283582089552239, ""iso"": 0.13432835820895522, ""ab"": 134}, {""id"": 655316, ""name"": ""Andruw Monasterio"", ""bats"": ""R"", ""obp"": 0.2833333333333333, ""slg"": 0.34545454545454546, ""iso"": 0.1272727272727273, ""ab"": 55}, {""id"": 677800, ""name"": ""Wilyer Abreu"", ""bats"": ""L"", ""obp"": 0.38650306748466257, ""slg"": 0.4859154929577465, ""iso"": 0.1830985915492958, ""ab"": 142}]","[{""id"": 802415, ""name"": ""Chandler Simpson"", ""bats"": ""L"", ""obp"": 0.3333333333333333, ""slg"": 0.35374149659863946, ""iso"": 0.047619047619047616, ""ab"": 147}, {""id"": 691406, ""name"": ""Junior Caminero"", ""bats"": ""R"", ""obp"": 0.34146341463414637, ""slg"": 0.4825174825174825, ""iso"": 0.23076923076923073, ""ab"": 143}, {""id"": 810938, ""name"": ""Ben Williamson"", ""bats"": ""R"", ""obp"": 0.33043478260869563, ""slg"": 0.3269230769230769, ""iso"": 0.06730769230769229, ""ab"": 104}]","[{""name"": ""home_xera"", ""value"": 3.3267, ""contribution"": -0.3352}, {""name"": ""away_top3c_iso"", ""value"": 0.1193, ""contribution"": -0.248}, {""name"": ""away_top3c_slg"", ""value"": 0.3934, ""contribution"": 0.1597}, {""name"": ""away_obp"", ""value"": 0.3245, ""contribution"": 0.0581}, {""name"": ""home_fip"", ""value"": 3.607, ""contribution"": 0.0532}]","[{""name"": ""home_plate_ump_nrfi_rate"", ""value"": 0.4819, ""contribution"": -0.1239}, {""name"": ""away_p_last5_pitcher_nrfi"", ""value"": 1.0, ""contribution"": -0.1047}, {""name"": ""wx_wind_kmh"", ""value"": 16.5, ""contribution"": 0.0693}, {""name"": ""era_gap_b1"", ""value"": -0.5039, ""contribution"": -0.0504}, {""name"": ""wx_temp_c"", ""value"": 17.7, ""contribution"": -0.0452}]",596805,0.4819,3.327,4.133,100.0,18.0,0.7136,0.7272,4.53,6.0,0.7633,0.6927,R,L,YRFI,LOSS,1,0,1,2026-05-10T17:50:12+00:00,-120,-110,DraftKings,2026-05-10T16:35:23+00:00,0.5455,0.5238,0.0254,-0.0947,0.0254,Y,1,-1,-120,-110,2026-05-10T16:29:52+00:00,0,,,,0.3333,0.3306,0.3535,0.4381,0.0909,0.2000,
2026-05-10,2026,822819,1,N,LAA,TOR,1:37 PM ET,José Soriano,Spencer Miles,667755,693686,live,sm,live,live,1.01,0.4411,0.4499,0.891,0.3345,0.2746,0.6091,0.4802,0.5198,0.2242,0.7758,,,PASS,NO EDGE,PASS - No edge,4,2026-05-10T16:46:34Z,2.909,3.983,1.234,1.225,3.499,4.014,3.91,2.98,0.82,1.14,9.39,8.62,0.321,0.317,0.392,0.393,4.323,4.255,,,,1.0,0.5,0.8,0.5,0.8,0.3505,0.3697,0.4104,0.4504,0.1203,0.2096,lineup,lineup,"[{""id"": 676391, ""name"": ""Ernie Clement"", ""bats"": ""R"", ""obp"": 0.31875, ""slg"": 0.42207792207792205, ""iso"": 0.12337662337662336, ""ab"": 154}, {""id"": 662139, ""name"": ""Daulton Varsho"", ""bats"": ""L"", ""obp"": 0.323943661971831, ""slg"": 0.3984375, ""iso"": 0.1484375, ""ab"": 128}, {""id"": 665489, ""name"": ""Vladimir Guerrero Jr."", ""bats"": ""R"", ""obp"": 0.4049079754601227, ""slg"": 0.4084507042253521, ""iso"": 0.09154929577464788, ""ab"": 142}]","[{""id"": 687263, ""name"": ""Zach Neto"", ""bats"": ""R"", ""obp"": 0.32972972972972975, ""slg"": 0.3987341772151899, ""iso"": 0.17721518987341775, ""ab"": 158}, {""id"": 545361, ""name"": ""Mike Trout"", ""bats"": ""R"", ""obp"": 0.4180790960451977, ""slg"": 0.5289855072463768, ""iso"": 0.2753623188405797, ""ab"": 138}, {""id"": 687093, ""name"": ""Vaughn Grissom"", ""bats"": ""R"", ""obp"": 0.35294117647058826, ""slg"": 0.40350877192982454, ""iso"": 0.14035087719298245, ""ab"": 57}]","[{""name"": ""away_top3c_iso"", ""value"": 0.2096, ""contribution"": 0.1302}, {""name"": ""wx_is_dome"", ""value"": 1.0, ""contribution"": -0.1048}, {""name"": ""away_top3c_obp"", ""value"": 0.3697, ""contribution"": 0.0881}, {""name"": ""era_gap_t1"", ""value"": 1.0734, ""contribution"": 0.0617}, {""name"": ""home_xera"", ""value"": 4.35, ""contribution"": 0.0601}]","[{""name"": ""home_top3c_iso"", ""value"": 0.1203, ""contribution"": -0.1281}, {""name"": ""era_gap_b1"", ""value"": -1.0734, ""contribution"": -0.1073}, {""name"": ""away_xera"", ""value"": 3.8546, ""contribution"": -0.063}, {""name"": ""home_top3c_slg"", ""value"": 0.4104, ""contribution"": 0.0621}, {""name"": ""wx_is_dome"", ""value"": 1.0, ""contribution"": -0.0598}]",483561,0.5039,4.35,3.855,24.0,71.0,0.7136,0.7396,5.0,5.33,0.8537,0.7307,R,R,YRFI,PASS,0,1,1,2026-05-10T17:56:47+00:00,-145,+110,DraftKings,2026-05-10T17:36:23+00:00,0.5918,0.4762,-0.1116,0.0436,,N,,,-145,+110,2026-05-10T17:36:23+00:00,,,,,0.3025,0.3440,0.3627,0.3636,0.1569,0.1000,
2026-05-10,2026,824440,1,N,MIN,CLE,1:40 PM ET,Andrew Morris,Gavin Williams,702193,668909,sm,live,live,live,0.96,0.4764,0.4337,0.9101,0.2414,0.3938,0.6352,0.4802,0.5198,0.2312,0.7688,,,PASS,NO EDGE,PASS - No edge,4,2026-05-10T16:46:34Z,4.418,3.181,1.33,1.171,3.849,4.17,3.08,4.13,1.02,1.36,8.75,10.24,0.322,0.319,0.39,0.381,4.65,4.21,13.8,6.2,31.0,0.0,0.4,0.5,0.7,0.5,0.3461,0.3617,0.3948,0.5043,0.1537,0.2321,lineup,lineup,"[{""id"": 680757, ""name"": ""Steven Kwan"", ""bats"": ""L"", ""obp"": 0.31137724550898205, ""slg"": 0.27586206896551724, ""iso"": 0.062068965517241365, ""ab"": 145}, {""id"": 800050, ""name"": ""Chase DeLauter"", ""bats"": ""L"", ""obp"": 0.3783783783783784, ""slg"": 0.5271317829457365, ""iso"": 0.23255813953488375, ""ab"": 129}, {""id"": 608070, ""name"": ""Jos\u00e9 Ram\u00edrez"", ""bats"": ""S"", ""obp"": 0.35195530726256985, ""slg"": 0.3959731543624161, ""iso"": 0.17449664429530198, ""ab"": 149}]","[{""id"": 621439, ""name"": ""Byron Buxton"", ""bats"": ""R"", ""obp"": 0.30994152046783624, ""slg"": 0.5632911392405063, ""iso"": 0.3037974683544304, ""ab"": 158}, {""id"": 681546, ""name"": ""James Outman"", ""bats"": ""L"", ""obp"": 0.17142857142857143, ""slg"": 0.18181818181818182, ""iso"": 0.06060606060606061, ""ab"": 33}, {""id"": 680777, ""name"": ""Ryan Jeffers"", ""bats"": ""R"", ""obp"": 0.4083333333333333, ""slg"": 0.52, ""iso"": 0.22000000000000003, ""ab"": 100}]","[{""name"": ""away_top3c_iso"", ""value"": 0.2321, ""contribution"": 0.2242}, {""name"": ""away_top3c_slg"", ""value"": 0.5043, ""contribution"": -0.2057}, {""name"": ""era_gap_t1"", ""value"": -1.2369, ""contribution"": -0.0711}, {""name"": ""away_top3c_obp"", ""value"": 0.3617, ""contribution"": 0.0648}, {""name"": ""fi_park_nrfi_rate"", ""value"": 0.5254, ""contribution"": -0.0605}]","[{""name"": ""home_plate_ump_nrfi_rate"", ""value"": 0.5521, ""contribution"": 0.1721}, {""name"": ""era_gap_b1"", ""value"": 1.2369, ""contribution"": 0.1237}, {""name"": ""fi_park_nrfi_rate"", ""value"": 0.5254, ""contribution"": -0.1008}, {""name"": ""home_top3c_slg"", ""value"": 0.3948, ""contribution"": 0.0936}, {""name"": ""wx_wind_kmh"", ""value"": 6.2, ""contribution"": -0.0929}]",511890,0.5521,4.171,4.09,88.0,41.0,0.7075,0.7136,6.33,5.0,0.7663,0.6943,R,R,NRFI,PASS,0,0,0,2026-05-10T17:51:34+00:00,-160,+125,DraftKings,2026-05-10T17:36:23+00:00,0.6154,0.4444,-0.1352,0.0754,,N,,,-160,+125,2026-05-10T17:36:23+00:00,,,,,0.3636,0.4044,0.6593,0.4035,0.3407,0.1140,
2026-05-10,2026,824113,1,N,DET,KC,7:20 PM ET,Brenan Hanifee,Noah Cameron,669724,702070,ltd,live,live,live,0.96,0.4508,0.3801,0.8308,0.3034,0.2717,0.5752,0.4802,0.5198,0.2023,0.7977,,,PASS,NO EDGE,PASS - No edge,4,2026-05-10T22:36:26Z,3.117,4.046,1.233,1.323,3.475,4.239,2.49,2.96,0.71,1.29,7.23,7.71,0.322,0.319,0.395,0.399,4.286,4.232,20.4,10.2,27.0,0.0,0.8,0.5,0.7,0.5,0.3287,0.3355,0.4183,0.4094,0.1633,0.1558,lineup,lineup,"[{""id"": 672580, ""name"": ""Maikel Garcia"", ""bats"": ""R"", ""obp"": 0.3373493975903614, ""slg"": 0.4189189189189189, ""iso"": 0.14864864864864863, ""ab"": 148}, {""id"": 677951, ""name"": ""Bobby Witt Jr."", ""bats"": ""R"", ""obp"": 0.3687150837988827, ""slg"": 0.47468354430379744, ""iso"": 0.17721518987341772, ""ab"": 158}, {""id"": 686469, ""name"": ""Vinnie Pasquantino"", ""bats"": ""L"", ""obp"": 0.27607361963190186, ""slg"": 0.3546099290780142, ""iso"": 0.16312056737588654, ""ab"": 141}]","[{""id"": 663837, ""name"": ""Matt Vierling"", ""bats"": ""R"", ""obp"": 0.2755102040816326, ""slg"": 0.375, ""iso"": 0.1590909090909091, ""ab"": 88}, {""id"": 805808, ""name"": ""Kevin McGonigle"", ""bats"": ""L"", ""obp"": 0.39520958083832336, ""slg"": 0.4405594405594406, ""iso"": 0.14685314685314688, ""ab"": 143}, {""id"": 690993, ""name"": ""Colt Keith"", ""bats"": ""L"", ""obp"": 0.35344827586206895, ""slg"": 0.3761467889908257, ""iso"": 0.06422018348623854, ""ab"": 109}]","[{""name"": ""fi_park_nrfi_rate"", ""value"": 0.5604, ""contribution"": -0.1351}, {""name"": ""away_top3c_slg"", ""value"": 0.4094, ""contribution"": 0.1069}, {""name"": ""home_xera"", ""value"": 4.4445, ""contribution"": 0.0967}, {""name"": ""away_top3c_iso"", ""value"": 0.1558, ""contribution"": -0.0952}, {""name"": ""era_gap_t1"", ""value"": 0.9292, ""contribution"": 0.0534}]","[{""name"": ""fi_park_nrfi_rate"", ""value"": 0.5604, ""contribution"": -0.2249}, {""name"": ""era_gap_b1"", ""value"": -0.9292, ""contribution"": -0.0929}, {""name"": ""away_p_last5_pitcher_nrfi"", ""value"": 0.5, ""contribution"": 0.0856}, {""name"": ""away_fip"", ""value"": 3.4752, ""contribution"": 0.0599}, {""name"": ""home_plate_ump_nrfi_rate"", ""value"": 0.499, ""contribution"": -0.0518}]",621660,0.499,4.444,4.2,76.0,50.0,0.7136,0.7136,5.33,5.0,0.7750,0.6443,R,L,NRFI,PASS,0,0,0,2026-05-10T23:40:37+00:00,-125,+100,DraftKings,2026-05-10T23:44:22+00:00,0.5556,0.5,-0.0305,-0.0251,,N,,,-125,+100,2026-05-10T23:17:26+00:00,,,,,0.3070,0.3385,0.2843,0.5042,0.0588,0.2185,
2026-05-11,2026,824199,1,N,SEA,HOU,8:10 PM ET,George Kirby,Peter Lambert,669923,663567,live,sm,live,live,0.99,0.4073,0.3903,0.7976,0.2685,0.3138,0.5823,0.5411,0.4589,0.1903,0.8097,,,PASS,NO EDGE,PASS - No edge,4,2026-05-12T00:03:18Z,3.492,3.567,1.139,1.218,3.236,3.599,2.07,3.66,0.86,0.77,8.07,9.07,0.319,0.329,0.388,0.425,4.174,4.692,,,,1.0,0.75,1.0,0.75,0.8,0.3693,0.3404,0.4717,0.4164,0.1981,0.1512,lineup,lineup,"[{""id"": 514888, ""name"": ""Jose Altuve"", ""bats"": ""R"", ""obp"": 0.3271604938271605, ""slg"": 0.375, ""iso"": 0.13194444444444445, ""ab"": 144}, {""id"": 670541, ""name"": ""Yordan Alvarez"", ""bats"": ""L"", ""obp"": 0.4222222222222222, ""slg"": 0.6423841059602649, ""iso"": 0.3245033112582781, ""ab"": 151}, {""id"": 670623, ""name"": ""Isaac Paredes"", ""bats"": ""R"", ""obp"": 0.35135135135135137, ""slg"": 0.3798449612403101, ""iso"": 0.12403100775193798, ""ab"": 129}]","[{""id"": 680977, ""name"": ""Brendan Donovan"", ""bats"": ""L"", ""obp"": 0.3950617283950617, ""slg"": 0.45454545454545453, ""iso"": 0.18181818181818182, ""ab"": 66}, {""id"": 677594, ""name"": ""Julio Rodr\u00edguez"", ""bats"": ""R"", ""obp"": 0.33707865168539325, ""slg"": 0.43209876543209874, ""iso"": 0.16049382716049382, ""ab"": 162}, {""id"": 647304, ""name"": ""Josh Naylor"", ""bats"": ""L"", ""obp"": 0.3170731707317073, ""slg"": 0.3825503355704698, ""iso"": 0.12751677852348992, ""ab"": 149}]","[{""name"": ""away_top3c_iso"", ""value"": 0.1512, ""contribution"": -0.2271}, {""name"": ""away_top3c_slg"", ""value"": 0.4164, ""contribution"": 0.1732}, {""name"": ""wx_is_dome"", ""value"": 1.0, ""contribution"": -0.0518}, {""name"": ""home_xera"", ""value"": 2.829, ""contribution"": -0.0462}, {""name"": ""home_fip"", ""value"": 3.5992, ""contribution"": -0.0445}]","[{""name"": ""wx_is_dome"", ""value"": 1.0, ""contribution"": -0.0809}, {""name"": ""away_whiff_pct_rank"", ""value"": 72.0, ""contribution"": -0.0673}, {""name"": ""home_top3c_slg"", ""value"": 0.4717, ""contribution"": -0.0658}, {""name"": ""home_top3c_iso"", ""value"": 0.1981, ""contribution"": 0.0545}, {""name"": ""home_top3c_obp"", ""value"": 0.3693, ""contribution"": 0.0541}]",665302,0.5084,2.829,3.551,50.0,72.0,0.7136,0.7412,5.58,6.4,0.8610,0.8747,R,R,NRFI,PASS,0,0,0,2026-05-12T00:24:03+00:00,-125,-105,DraftKings,2026-05-12T00:41:55+00:00,0.5556,0.5122,-0.0145,-0.0533,0.0547,N,1,,-125,-105,2026-05-12T00:05:33+00:00,0,0.6395,NRFI,STRONG,0.3548,0.3193,0.4732,0.3571,0.1786,0.1161,
2026-05-11,2026,822901,1,N,ARI,TEX,8:05 PM ET,Michael Soroka,Jakob Junis,647336,596001,live,ltd,live,live,1.07,0.3937,0.4469,0.8406,0.296,0.3407,0.6367,0.5274,0.4726,0.2059,0.7941,,,PASS,NO EDGE,PASS - No edge,4,2026-05-12T00:03:18Z,4.297,2.984,1.288,1.113,3.489,3.523,2.84,2.79,1.1,0.65,9.8,6.91,0.304,0.317,0.398,0.382,4.366,3.923,,,,1.0,0.5,0.4,0.5,0.6,0.3372,0.3182,0.4115,0.4065,0.1641,0.1771,lineup,lineup,"[{""id"": 607043, ""name"": ""Brandon Nimmo"", ""bats"": ""L"", ""obp"": 0.3609467455621302, ""slg"": 0.4189189189189189, ""iso"": 0.14189189189189189, ""ab"": 148}, {""id"": 677649, ""name"": ""Ezequiel Duran"", ""bats"": ""R"", ""obp"": 0.3592233009708738, ""slg"": 0.45054945054945056, ""iso"": 0.16483516483516486, ""ab"": 91}, {""id"": 608369, ""name"": ""Corey Seager"", ""bats"": ""L"", ""obp"": 0.3, ""slg"": 0.3793103448275862, ""iso"": 0.18620689655172412, ""ab"": 145}]","[{""id"": 606466, ""name"": ""Ketel Marte"", ""bats"": ""S"", ""obp"": 0.267515923566879, ""slg"": 0.3698630136986301, ""iso"": 0.15753424657534246, ""ab"": 146}, {""id"": 682998, ""name"": ""Corbin Carroll"", ""bats"": ""L"", ""obp"": 0.35064935064935066, ""slg"": 0.49242424242424243, ""iso"": 0.23484848484848486, ""ab"": 132}, {""id"": 672695, ""name"": ""Geraldo Perdomo"", ""bats"": ""S"", ""obp"": 0.33783783783783783, ""slg"": 0.35772357723577236, ""iso"": 0.13821138211382114, ""ab"": 123}]","[{""name"": ""away_top3c_slg"", ""value"": 0.4065, ""contribution"": 0.2429}, {""name"": ""away_top3c_obp"", ""value"": 0.3182, ""contribution"": -0.1185}, {""name"": ""era_gap_t1"", ""value"": -1.3126, ""contribution"": -0.0861}, {""name"": ""home_whiff_pct_rank"", ""value"": 1.0, ""contribution"": 0.0842}, {""name"": ""fi_park_nrfi_rate"", ""value"": 0.5436, ""contribution"": -0.0669}]","[{""name"": ""fi_park_nrfi_rate"", ""value"": 0.5436, ""contribution"": -0.1212}, {""name"": ""wx_is_dome"", ""value"": 1.0, ""contribution"": -0.0809}, {""name"": ""era_gap_b1"", ""value"": 1.3126, ""contribution"": 0.0697}, {""name"": ""away_whiff_pct_rank"", ""value"": 29.0, ""contribution"": 0.065}, {""name"": ""home_top3c_slg"", ""value"": 0.4115, ""contribution"": 0.0618}]",605673,0.4897,3.9,3.598,1.0,29.0,0.751,0.7272,5.0,5.4,0.7103,0.7970,R,R,YRFI,PASS,1,0,1,2026-05-12T00:26:07+00:00,-125,+100,DraftKings,2026-05-12T00:41:55+00:00,0.5556,0.5,-0.0282,-0.0274,0.0473,N,1,,-125,+100,2026-05-12T00:01:23+00:00,0,0.6370,NRFI,STRONG,0.2419,0.3576,0.3304,0.3524,0.1607,0.1143,
2026-05-11,2026,823953,1,N,SF,LAD,10:10 PM ET,Trevor McDonald,Roki Sasaki,686790,808963,sm,ltd,live,live,0.97,0.5205,0.4621,0.9825,0.3475,0.3763,0.7238,0.4726,0.5274,0.2578,0.7422,,,PASS,NO EDGE,PASS - Cluster demotion: STRONG YRFI (thin_pitcher_strong_v1),4,2026-05-12T02:04:15Z,3.767,4.978,1.107,1.455,3.972,5.403,2.72,4.26,1.21,1.81,9.11,8.31,0.295,0.337,0.376,0.429,3.577,4.905,27.5,12.0,44.0,0.0,1.0,0.6667,0.8,0.6667,0.3478,0.3282,0.4232,0.4231,0.1755,0.1346,lineup,lineup,"[{""id"": 660271, ""name"": ""Shohei Ohtani"", ""bats"": ""L"", ""obp"": 0.3735632183908046, ""slg"": 0.41843971631205673, ""iso"": 0.1773049645390071, ""ab"": 141}, {""id"": 605141, ""name"": ""Mookie Betts"", ""bats"": ""R"", ""obp"": 0.28125, ""slg"": 0.42857142857142855, ""iso"": 0.24999999999999997, ""ab"": 28}, {""id"": 518692, ""name"": ""Freddie Freeman"", ""bats"": ""L"", ""obp"": 0.3333333333333333, ""slg"": 0.4266666666666667, ""iso"": 0.16000000000000003, ""ab"": 150}]","[{""id"": 808982, ""name"": ""Jung Hoo Lee"", ""bats"": ""L"", ""obp"": 0.3125, ""slg"": 0.38513513513513514, ""iso"": 0.11486486486486486, ""ab"": 148}, {""id"": 650333, ""name"": ""Luis Arraez"", ""bats"": ""L"", ""obp"": 0.3419354838709677, ""slg"": 0.38620689655172413, ""iso"": 0.07586206896551723, ""ab"": 145}, {""id"": 669477, ""name"": ""Casey Schmitt"", ""bats"": ""R"", ""obp"": 0.3308270676691729, ""slg"": 0.5121951219512195, ""iso"": 0.22764227642276424, ""ab"": 123}]","[{""name"": ""away_top3c_iso"", ""value"": 0.1346, ""contribution"": -0.3667}, {""name"": ""home_fip"", ""value"": 5.4035, ""contribution"": 0.1391}, {""name"": ""away_top3c_slg"", ""value"": 0.4231, ""contribution"": 0.1269}, {""name"": ""era_gap_t1"", ""value"": 1.2112, ""contribution"": 0.0797}, {""name"": ""home_xera"", ""value"": 5.9092, ""contribution"": 0.0657}]","[{""name"": ""home_obp"", ""value"": 0.3369, ""contribution"": 0.0827}, {""name"": ""era_gap_b1"", ""value"": -1.2112, ""contribution"": -0.0645}, {""name"": ""away_avg_ip_per_start"", ""value"": 6.6667, ""contribution"": -0.0613}, {""name"": ""fi_park_nrfi_rate"", ""value"": 0.4813, ""contribution"": 0.0395}, {""name"": ""home_plate_ump_nrfi_rate"", ""value"": 0.4948, ""contribution"": -0.0379}]",503502,0.4948,5.909,4.2,53.0,50.0,0.7136,0.7272,4.93,6.67,0.7950,0.8200,R,R,NRFI,PASS,0,0,0,2026-05-12T02:20:19+00:00,-105,-120,DraftKings,2026-05-12T02:37:35+00:00,0.5122,0.5455,-0.0396,-0.0181,0.0524,N,1,,-105,-120,2026-05-12T02:06:29+00:00,0,0.4547,PASS,NO EDGE,0.3018,0.3083,0.3833,0.3524,0.1167,0.1429,
2026-05-11,2026,824844,1,N,NYY,BAL,6:35 PM ET,Ryan Weathers,Brandon Young,677960,687064,ltd,ltd,live,live,1.06,0.6052,0.4906,1.0957,0.6168,0.2891,0.9059,0.3404,0.6596,0.2994,0.7006,,,PASS,NO EDGE,PASS - Cluster demotion: STRONG YRFI (thin_pitcher_strong_v1),4,2026-05-11T21:57:36Z,3.594,4.896,1.226,1.409,3.94,4.773,2.73,3.41,1.38,1.46,9.71,7.53,0.329,0.319,0.434,0.391,5.031,4.424,17.2,9.0,29.0,0.0,0.4,0.6,0.4,0.7,0.3497,0.3756,0.4381,0.5581,0.1881,0.3081,lineup,lineup,"[{""id"": 621493, ""name"": ""Taylor Ward"", ""bats"": ""R"", ""obp"": 0.4262295081967213, ""slg"": 0.375886524822695, ""iso"": 0.11347517730496454, ""ab"": 141}, {""id"": 683002, ""name"": ""Gunnar Henderson"", ""bats"": ""L"", ""obp"": 0.26881720430107525, ""slg"": 0.42105263157894735, ""iso"": 0.21052631578947367, ""ab"": 171}, {""id"": 668939, ""name"": ""Adley Rutschman"", ""bats"": ""S"", ""obp"": 0.36, ""slg"": 0.5652173913043478, ""iso"": 0.26086956521739124, ""ab"": 92}]","[{""id"": 663757, ""name"": ""Trent Grisham"", ""bats"": ""L"", ""obp"": 0.3032258064516129, ""slg"": 0.35658914728682173, ""iso"": 0.17829457364341086, ""ab"": 129}, {""id"": 700250, ""name"": ""Ben Rice"", ""bats"": ""L"", ""obp"": 0.41496598639455784, ""slg"": 0.6776859504132231, ""iso"": 0.371900826446281, ""ab"": 121}, {""id"": 592450, ""name"": ""Aaron Judge"", ""bats"": ""R"", ""obp"": 0.40555555555555556, ""slg"": 0.636986301369863, ""iso"": 0.3698630136986301, ""ab"": 146}]","[{""name"": ""away_top3c_iso"", ""value"": 0.3081, ""contribution"": 1.094}, {""name"": ""away_top3c_slg"", ""value"": 0.5581, ""contribution"": -0.8168}, {""name"": ""away_top3c_obp"", ""value"": 0.3756, ""contribution"": 0.216}, {""name"": ""wx_humidity"", ""value"": 29.0, ""contribution"": 0.1176}, {""name"": ""era_gap_t1"", ""value"": 1.3021, ""contribution"": 0.0856}]","[{""name"": ""away_whiff_pct_rank"", ""value"": 88.0, ""contribution"": -0.1165}, {""name"": ""era_gap_b1"", ""value"": -1.3021, ""contribution"": -0.0693}, {""name"": ""home_plate_ump_nrfi_rate"", ""value"": 0.4859, ""contribution"": -0.0586}, {""name"": ""fi_park_nrfi_rate"", ""value"": 0.5156, ""contribution"": -0.049}, {""name"": ""away_avg_ip_per_start"", ""value"": 6.1333, ""contribution"": -0.0381}]",544728,0.4859,4.059,4.324,14.0,88.0,0.7136,0.7136,5.2,6.13,0.8860,0.8503,L,R,NRFI,PASS,0,0,0,2026-05-11T22:56:47+00:00,-115,-115,DraftKings,2026-05-11T22:42:19+00:00,0.5349,0.5349,-0.184,0.1142,0.1284,N,1,,-115,-115,2026-05-11T22:31:47+00:00,0,0.4877,PASS,NO EDGE,0.3721,0.3125,0.5505,0.2870,0.2844,0.1019,
2026-05-11,2026,822818,1,N,TB,TOR,7:07 PM ET,Drew Rasmussen,Kevin Gausman,656876,592332,live,live,live,live,1.01,0.3543,0.3881,0.7424,0.2529,0.2932,0.5461,0.6055,0.3945,0.1707,0.8293,,,NRFI,STRONG,STRONG NRFI,4,2026-05-11T21:57:36Z,2.85,3.322,0.977,1.022,3.707,3.278,1.87,2.02,1.28,0.98,8.37,8.58,0.325,0.314,0.384,0.39,4.403,4.195,,,,1.0,1.0,0.6,0.9,0.8,0.3669,0.3468,0.3858,0.4335,0.0984,0.1583,lineup,lineup,"[{""id"": 543807, ""name"": ""George Springer"", ""bats"": ""R"", ""obp"": 0.29347826086956524, ""slg"": 0.34146341463414637, ""iso"": 0.13414634146341467, ""ab"": 82}, {""id"": 682818, ""name"": ""Yohendrick Pi\u00f1ango"", ""bats"": ""L"", ""obp"": 0.4444444444444444, ""slg"": 0.46153846153846156, ""iso"": 0.03846153846153849, ""ab"": 26}, {""id"": 665489, ""name"": ""Vladimir Guerrero Jr."", ""bats"": ""R"", ""obp"": 0.39520958083832336, ""slg"": 0.3972602739726027, ""iso"": 0.08904109589041093, ""ab"": 146}]","[{""id"": 676356, ""name"": ""Jonny DeLuca"", ""bats"": ""R"", ""obp"": 0.3010752688172043, ""slg"": 0.4090909090909091, ""iso"": 0.14772727272727276, ""ab"": 88}, {""id"": 810938, ""name"": ""Ben Williamson"", ""bats"": ""R"", ""obp"": 0.3445378151260504, ""slg"": 0.330188679245283, ""iso"": 0.06603773584905659, ""ab"": 106}, {""id"": 666018, ""name"": ""Jonathan Aranda"", ""bats"": ""L"", ""obp"": 0.3696969696969697, ""slg"": 0.45652173913043476, ""iso"": 0.18840579710144922, ""ab"": 138}]","[{""name"": ""away_top3c_iso"", ""value"": 0.1583, ""contribution"": -0.1677}, {""name"": ""home_fip"", ""value"": 3.2778, ""contribution"": -0.0772}, {""name"": ""away_top3c_slg"", ""value"": 0.4335, ""contribution"": 0.0541}, {""name"": ""home_whiff_pct_rank"", ""value"": 81.0, ""contribution"": -0.0531}, {""name"": ""wx_is_dome"", ""value"": 1.0, ""contribution"": -0.0518}]","[{""name"": ""home_top3c_iso"", ""value"": 0.0984, ""contribution"": -0.2122}, {""name"": ""home_top3c_slg"", ""value"": 0.3858, ""contribution"": 0.1161}, {""name"": ""wx_is_dome"", ""value"": 1.0, ""contribution"": -0.0809}, {""name"": ""home_top3c_obp"", ""value"": 0.3669, ""contribution"": 0.0499}, {""name"": ""home_plate_ump_nrfi_rate"", ""value"": 0.4992, ""contribution"": -0.0276}]",427366,0.4992,3.521,3.299,81.0,44.0,0.6646,0.6643,5.87,5.33,0.7023,0.7413,R,R,YRFI,LOSS,3,0,3,2026-05-11T23:28:56+00:00,-140,+110,DraftKings,2026-05-11T22:10:31+00:00,0.5833,0.4762,0.0222,-0.0817,0.0222,Y,1,-1,-140,+110,2026-05-11T22:05:14+00:00,0,0.6370,NRFI,STRONG,0.3799,0.3238,0.3404,0.2917,0.0319,0.0313,
2026-05-11,2026,824441,1,N,LAA,CLE,6:10 PM ET,Brent Suter,Joey Cantillo,608718,676282,ltd,live,live,live,0.96,0.4593,0.4725,0.9318,0.3914,0.4622,0.8536,0.4116,0.5884,0.2392,0.7608,,,PASS,NO EDGE,PASS - Cluster demotion: STRONG YRFI (thin_pitcher_strong_v1),4,2026-05-11T21:57:36Z,4.255,3.423,1.296,1.313,4.303,3.991,3.23,4.09,1.31,1.07,8.27,9.24,0.32,0.32,0.396,0.38,4.353,4.206,11.6,15.3,48.0,0.0,0.6,0.5,0.7,0.5,0.3443,0.3688,0.3899,0.4505,0.1491,0.2088,lineup,lineup,"[{""id"": 680757, ""name"": ""Steven Kwan"", ""bats"": ""L"", ""obp"": 0.30409356725146197, ""slg"": 0.2684563758389262, ""iso"": 0.060402684563758385, ""ab"": 149}, {""id"": 690984, ""name"": ""Petey Halpin"", ""bats"": ""L"", ""obp"": 0.16666666666666666, ""slg"": 0.11764705882352941, ""iso"": 0.0, ""ab"": 17}, {""id"": 608070, ""name"": ""Jos\u00e9 Ram\u00edrez"", ""bats"": ""S"", ""obp"": 0.3532608695652174, ""slg"": 0.39215686274509803, ""iso"": 0.16993464052287582, ""ab"": 153}]","[{""id"": 687263, ""name"": ""Zach Neto"", ""bats"": ""R"", ""obp"": 0.328042328042328, ""slg"": 0.4012345679012346, ""iso"": 0.17901234567901236, ""ab"": 162}, {""id"": 545361, ""name"": ""Mike Trout"", ""bats"": ""R"", ""obp"": 0.4143646408839779, ""slg"": 0.5177304964539007, ""iso"": 0.2695035460992907, ""ab"": 141}, {""id"": 687093, ""name"": ""Vaughn Grissom"", ""bats"": ""R"", ""obp"": 0.3611111111111111, ""slg"": 0.4262295081967213, ""iso"": 0.14754098360655737, ""ab"": 61}]","[{""name"": ""away_top3c_iso"", ""value"": 0.2088, ""contribution"": 0.2579}, {""name"": ""away_top3c_obp"", ""value"": 0.3688, ""contribution"": 0.1763}, {""name"": ""home_whiff_pct_rank"", ""value"": 89.0, ""contribution"": -0.0669}, {""name"": ""away_top3c_slg"", ""value"": 0.4505, ""contribution"": -0.0651}, {""name"": ""era_gap_t1"", ""value"": -0.8323, ""contribution"": -0.0546}]","[{""name"": ""away_avg_ip_per_start"", ""value"": 2.5, ""contribution"": 0.1196}, {""name"": ""home_top3c_slg"", ""value"": 0.3899, ""contribution"": 0.1075}, {""name"": ""away_whiff_pct_rank"", ""value"": 25.0, ""contribution"": 0.0773}, {""name"": ""home_top3c_iso"", ""value"": 0.1491, ""contribution"": -0.0767}, {""name"": ""fi_park_nrfi_rate"", ""value"": 0.5217, ""contribution"": -0.0648}]",485856,0.5084,3.575,3.979,89.0,25.0,0.7136,0.7396,4.93,2.5,0.7883,0.5060,L,L,NRFI,PASS,0,0,0,2026-05-11T22:20:42+00:00,-120,-110,DraftKings,2026-05-11T22:42:19+00:00,0.5455,0.5238,-0.1349,0.0656,0.0789,N,1,,-120,-110,2026-05-11T22:05:14+00:00,0,0.4658,PASS,NO EDGE,0.2845,0.3152,0.3627,0.2151,0.1667,0.0323,
2026-05-12,2026,824604,1,N,KC,CWS,7:40 PM ET,Stephen Kolek,Erick Fedde,663568,607200,live,live,live,live,0.98,0.5449,0.3876,0.9325,0.376,0.463,0.839,0.432,0.568,0.2394,0.7606,,,YRFI,STRONG,STRONG YRFI,4,2026-05-12T22:05:13Z,3.68,4.659,1.092,1.327,3.72,5.349,2.2,3.7,0.85,1.55,6.11,5.5,0.319,0.321,0.397,0.397,4.21,4.323,19.8,18.0,56.0,0.0,0.6,1.0,0.6,0.8,0.3675,0.3365,0.4915,0.4258,0.2528,0.1616,lineup,lineup,"[{""id"": 803011, ""name"": ""Sam Antonacci"", ""bats"": ""L"", ""obp"": 0.3764705882352941, ""slg"": 0.39436619718309857, ""iso"": 0.1267605633802817, ""ab"": 71}, {""id"": 808959, ""name"": ""Munetaka Murakami"", ""bats"": ""L"", ""obp"": 0.36416184971098264, ""slg"": 0.5563380281690141, ""iso"": 0.323943661971831, ""ab"": 142}, {""id"": 678246, ""name"": ""Miguel Vargas"", ""bats"": ""R"", ""obp"": 0.36627906976744184, ""slg"": 0.4748201438848921, ""iso"": 0.24460431654676257, ""ab"": 139}]","[{""id"": 672580, ""name"": ""Maikel Garcia"", ""bats"": ""R"", ""obp"": 0.35294117647058826, ""slg"": 0.4370860927152318, ""iso"": 0.152317880794702, ""ab"": 151}, {""id"": 677951, ""name"": ""Bobby Witt Jr."", ""bats"": ""R"", ""obp"": 0.37158469945355194, ""slg"": 0.47530864197530864, ""iso"": 0.1728395061728395, ""ab"": 162}, {""id"": 686469, ""name"": ""Vinnie Pasquantino"", ""bats"": ""L"", ""obp"": 0.281437125748503, ""slg"": 0.3586206896551724, ""iso"": 0.1586206896551724, ""ab"": 145}]","[{""name"": ""away_top3c_iso"", ""value"": 0.1616, ""contribution"": -0.1397}, {""name"": ""home_fip"", ""value"": 5.3487, ""contribution"": 0.1336}, {""name"": ""away_top3c_slg"", ""value"": 0.4258, ""contribution"": 0.1081}, {""name"": ""home_plate_ump_nrfi_rate"", ""value"": 0.6177, ""contribution"": -0.0991}, {""name"": ""home_whiff_pct_rank"", ""value"": 8.0, ""contribution"": 0.0722}]","[{""name"": ""home_plate_ump_nrfi_rate"", ""value"": 0.6177, ""contribution"": 0.2484}, {""name"": ""home_top3c_iso"", ""value"": 0.2528, ""contribution"": 0.2008}, {""name"": ""home_top3c_slg"", ""value"": 0.4915, ""contribution"": -0.1078}, {""name"": ""away_avg_ip_per_start"", ""value"": 6.6, ""contribution"": -0.0584}, {""name"": ""era_gap_b1"", ""value"": -0.9789, ""contribution"": -0.0521}]",482620,0.6177,5.185,4.2,8.0,50.0,0.6363,0.7136,5.27,6.6,0.6443,0.8487,R,R,YRFI,WIN,2,0,2,2026-05-12T23:55:15+00:00,-105,-125,DraftKings,2026-05-12T22:40:33+00:00,0.5122,0.5556,-0.0802,0.0124,0.0124,Y,1,0.8,-105,-125,2026-05-12T22:34:44+00:00,0,0.4136,YRFI,STRONG,,,,,,,
2026-05-12,2026,824442,1,N,LAA,CLE,6:10 PM ET,Walbert Ureña,Slade Cecconi,700712,677944,sm,live,live,live,0.96,0.5056,0.4845,0.9901,0.4842,0.33,0.8142,0.4401,0.5599,0.2606,0.7394,,,YRFI,LEAN,LEAN YRFI,4,2026-05-12T20:29:22Z,3.851,5.236,1.364,1.392,4.082,4.922,4.38,2.86,0.92,1.7,8.92,7.11,0.32,0.322,0.394,0.379,4.311,4.254,19.0,15.9,35.0,0.0,0.4,1.0,0.6,1.0,0.3409,0.3498,0.3803,0.4267,0.1454,0.1853,lineup,lineup,"[{""id"": 680757, ""name"": ""Steven Kwan"", ""bats"": ""L"", ""obp"": 0.3068181818181818, ""slg"": 0.2631578947368421, ""iso"": 0.05921052631578946, ""ab"": 152}, {""id"": 800050, ""name"": ""Chase DeLauter"", ""bats"": ""L"", ""obp"": 0.37579617834394907, ""slg"": 0.5109489051094891, ""iso"": 0.2189781021897811, ""ab"": 137}, {""id"": 608070, ""name"": ""Jos\u00e9 Ram\u00edrez"", ""bats"": ""S"", ""obp"": 0.3439153439153439, ""slg"": 0.379746835443038, ""iso"": 0.16455696202531647, ""ab"": 158}]","[{""id"": 687263, ""name"": ""Zach Neto"", ""bats"": ""R"", ""obp"": 0.3247422680412371, ""slg"": 0.39520958083832336, ""iso"": 0.17365269461077845, ""ab"": 167}, {""id"": 545361, ""name"": ""Mike Trout"", ""bats"": ""R"", ""obp"": 0.41397849462365593, ""slg"": 0.5103448275862069, ""iso"": 0.2620689655172414, ""ab"": 145}, {""id"": 694384, ""name"": ""Nolan Schanuel"", ""bats"": ""L"", ""obp"": 0.3072289156626506, ""slg"": 0.3815789473684211, ""iso"": 0.125, ""ab"": 152}]","[{""name"": ""away_top3c_slg"", ""value"": 0.4267, ""contribution"": 0.1014}, {""name"": ""wx_humidity"", ""value"": 35.0, ""contribution"": 0.0934}, {""name"": ""era_gap_t1"", ""value"": 1.3852, ""contribution"": 0.0911}, {""name"": ""home_fip"", ""value"": 4.9219, ""contribution"": 0.0901}, {""name"": ""away_top3c_obp"", ""value"": 0.3498, ""contribution"": 0.0659}]","[{""name"": ""home_top3c_slg"", ""value"": 0.3803, ""contribution"": 0.1278}, {""name"": ""home_top3c_iso"", ""value"": 0.1454, ""contribution"": -0.0865}, {""name"": ""era_gap_b1"", ""value"": -1.3852, ""contribution"": -0.0737}, {""name"": ""fi_park_nrfi_rate"", ""value"": 0.5217, ""contribution"": -0.0648}, {""name"": ""away_p_last10_pitcher_nrfi"", ""value"": 1.0, ""contribution"": -0.0583}]",605672,0.5283,4.958,2.497,24.0,50.0,0.7272,0.7136,5.07,5.17,0.8173,0.6943,R,R,NRFI,LOSS,0,0,0,2026-05-12T22:29:12+00:00,-115,-110,DraftKings,2026-05-12T22:51:10+00:00,0.5349,0.5238,-0.0948,0.0361,0.0361,N,0.5,0,-115,-110,2026-05-12T21:12:00+00:00,0,0.4877,PASS,NO EDGE,,,,,,,
2026-05-12,2026,824521,1,N,WSH,CIN,6:40 PM ET,Miles Mikolas,Brady Singer,571945,663903,live,live,live,live,1.09,0.5748,0.6325,1.2073,0.3545,0.4413,0.7958,0.4401,0.5599,0.34,0.66,,,YRFI,LEAN,LEAN YRFI,4,2026-05-12T21:26:51Z,6.0,4.811,1.414,1.435,5.59,4.456,2.55,2.79,2.05,1.44,5.94,7.44,0.322,0.308,0.403,0.39,5.067,4.121,24.5,9.8,32.0,0.0,0.2,1.0,0.5,0.9,0.3157,0.329,0.4213,0.4355,0.1782,0.1922,lineup,lineup,"[{""id"": 670770, ""name"": ""TJ Friedl"", ""bats"": ""L"", ""obp"": 0.26666666666666666, ""slg"": 0.2740740740740741, ""iso"": 0.0888888888888889, ""ab"": 135}, {""id"": 668715, ""name"": ""Spencer Steer"", ""bats"": ""R"", ""obp"": 0.32, ""slg"": 0.44776119402985076, ""iso"": 0.20149253731343286, ""ab"": 134}, {""id"": 682829, ""name"": ""Elly De La Cruz"", ""bats"": ""S"", ""obp"": 0.35359116022099446, ""slg"": 0.5214723926380368, ""iso"": 0.2331288343558282, ""ab"": 163}]","[{""id"": 695578, ""name"": ""James Wood"", ""bats"": ""L"", ""obp"": 0.3917525773195876, ""slg"": 0.5256410256410257, ""iso"": 0.28205128205128205, ""ab"": 156}, {""id"": 671277, ""name"": ""Luis Garc\u00eda Jr."", ""bats"": ""L"", ""obp"": 0.2786885245901639, ""slg"": 0.37606837606837606, ""iso"": 0.11965811965811968, ""ab"": 117}, {""id"": 691781, ""name"": ""Brady House"", ""bats"": ""R"", ""obp"": 0.28859060402684567, ""slg"": 0.38405797101449274, ""iso"": 0.15217391304347824, ""ab"": 138}]","[{""name"": ""away_top3c_iso"", ""value"": 0.1922, ""contribution"": 0.1183}, {""name"": ""wx_humidity"", ""value"": 32.0, ""contribution"": 0.1055}, {""name"": ""home_p_last5_pitcher_nrfi"", ""value"": 0.2, ""contribution"": -0.0855}, {""name"": ""era_gap_t1"", ""value"": -1.189, ""contribution"": -0.078}, {""name"": ""away_top3c_obp"", ""value"": 0.329, ""contribution"": -0.0552}]","[{""name"": ""away_whiff_pct_rank"", ""value"": 5.0, ""contribution"": 0.1388}, {""name"": ""home_plate_ump_nrfi_rate"", ""value"": 0.5511, ""contribution"": 0.0933}, {""name"": ""era_gap_b1"", ""value"": 1.189, ""contribution"": 0.0631}, {""name"": ""away_p_last5_pitcher_nrfi"", ""value"": 1.0, ""contribution"": -0.0441}, {""name"": ""home_top3c_slg"", ""value"": 0.4213, ""contribution"": 0.041}]",483912,0.5511,4.422,5.287,32.0,5.0,0.7136,0.6862,5.33,4.33,0.7430,0.6910,R,R,NRFI,LOSS,0,0,0,2026-05-12T22:54:29+00:00,+105,-135,DraftKings,2026-05-12T22:51:10+00:00,0.4878,0.5745,-0.0477,-0.0146,-0.0146,N,0.5,0,+100,-130,2026-05-12T21:35:46+00:00,0.0093,0.4589,PASS,NO EDGE,,,,,,,
2026-05-12,2026,824927,1,N,CHC,ATL,7:15 PM ET,Colin Rea,Grant Holmes,607067,656550,live,live,live,live,0.98,0.5606,0.4868,1.0475,0.3711,0.4011,0.7722,0.4401,0.5599,0.2817,0.7183,,,PASS,NO EDGE,PASS - No edge,4,2026-05-12T22:54:20Z,3.989,4.163,1.308,1.324,3.776,4.581,2.66,4.15,1.04,1.35,7.72,8.36,0.339,0.33,0.416,0.44,5.031,5.263,21.6,12.6,45.0,0.0,0.6,0.8,0.6,0.7,0.3723,0.357,0.5558,0.4137,0.2562,0.1452,lineup,lineup,"[{""id"": 686948, ""name"": ""Drake Baldwin"", ""bats"": ""L"", ""obp"": 0.3829787234042553, ""slg"": 0.509090909090909, ""iso"": 0.21212121212121204, ""ab"": 165}, {""id"": 645277, ""name"": ""Ozzie Albies"", ""bats"": ""S"", ""obp"": 0.3559322033898305, ""slg"": 0.50625, ""iso"": 0.19999999999999996, ""ab"": 160}, {""id"": 621566, ""name"": ""Matt Olson"", ""bats"": ""L"", ""obp"": 0.3770491803278688, ""slg"": 0.6540880503144654, ""iso"": 0.3584905660377358, ""ab"": 159}]","[{""id"": 663538, ""name"": ""Nico Hoerner"", ""bats"": ""R"", ""obp"": 0.35135135135135137, ""slg"": 0.42592592592592593, ""iso"": 0.14814814814814814, ""ab"": 162}, {""id"": 807713, ""name"": ""Matt Shaw"", ""bats"": ""R"", ""obp"": 0.3076923076923077, ""slg"": 0.4470588235294118, ""iso"": 0.17647058823529416, ""ab"": 85}, {""id"": 608324, ""name"": ""Alex Bregman"", ""bats"": ""R"", ""obp"": 0.3333333333333333, ""slg"": 0.33962264150943394, ""iso"": 0.10062893081761004, ""ab"": 159}]","[{""name"": ""away_top3c_iso"", ""value"": 0.1452, ""contribution"": -0.2776}, {""name"": ""away_top3c_slg"", ""value"": 0.4137, ""contribution"": 0.1924}, {""name"": ""away_top3c_obp"", ""value"": 0.357, ""contribution"": 0.1076}, {""name"": ""home_fip"", ""value"": 4.5808, ""contribution"": 0.0554}, {""name"": ""wx_humidity"", ""value"": 45.0, ""contribution"": 0.0531}]","[{""name"": ""home_top3c_slg"", ""value"": 0.5558, ""contribution"": -0.244}, {""name"": ""home_top3c_iso"", ""value"": 0.2562, ""contribution"": 0.2098}, {""name"": ""away_whiff_pct_rank"", ""value"": 21.0, ""contribution"": 0.0896}, {""name"": ""home_top3c_obp"", ""value"": 0.3723, ""contribution"": 0.0593}, {""name"": ""home_obp"", ""value"": 0.3297, ""contribution"": 0.0542}]",658325,0.5084,4.794,4.334,50.0,21.0,0.7136,0.678,5.27,5.13,0.6903,0.9210,R,R,NRFI,PASS,0,0,0,2026-05-12T23:26:49+00:00,-120,-105,DraftKings,2026-05-12T23:34:59+00:00,0.5455,0.5122,-0.1054,0.0477,,N,,,-120,-105,2026-05-12T23:13:34+00:00,,0.4582,PASS,NO EDGE,,,,,,,
2026-05-12,2026,823712,1,N,MIA,MIN,7:40 PM ET,Eury Pérez,Bailey Ober,691587,641927,live,live,live,live,0.97,0.4542,0.5089,0.963,0.304,0.3273,0.6312,0.5274,0.4726,0.2506,0.7494,,,NRFI,LEAN,LEAN NRFI,4,2026-05-12T22:05:13Z,4.63,4.629,1.263,1.243,4.174,4.456,3.84,2.55,1.34,1.43,9.79,7.03,0.325,0.323,0.388,0.391,4.335,4.656,18.1,30.4,45.0,0.0,1.0,0.8,0.9,0.6,0.36,0.385,0.4986,0.5128,0.2271,0.1865,lineup,lineup,"[{""id"": 621439, ""name"": ""Byron Buxton"", ""bats"": ""R"", ""obp"": 0.3125, ""slg"": 0.5555555555555556, ""iso"": 0.29629629629629634, ""ab"": 162}, {""id"": 681546, ""name"": ""James Outman"", ""bats"": ""L"", ""obp"": 0.17142857142857143, ""slg"": 0.18181818181818182, ""iso"": 0.06060606060606061, ""ab"": 33}, {""id"": 680777, ""name"": ""Ryan Jeffers"", ""bats"": ""R"", ""obp"": 0.4032258064516129, ""slg"": 0.5192307692307693, ""iso"": 0.2211538461538462, ""ab"": 104}]","[{""id"": 669364, ""name"": ""Xavier Edwards"", ""bats"": ""S"", ""obp"": 0.4093567251461988, ""slg"": 0.47651006711409394, ""iso"": 0.15436241610738255, ""ab"": 149}, {""id"": 689414, ""name"": ""Liam Hicks"", ""bats"": ""L"", ""obp"": 0.3695652173913043, ""slg"": 0.5583333333333333, ""iso"": 0.25, ""ab"": 120}, {""id"": 672640, ""name"": ""Otto Lopez"", ""bats"": ""R"", ""obp"": 0.3727810650887574, ""slg"": 0.5125, ""iso"": 0.16874999999999996, ""ab"": 160}]","[{""name"": ""away_top3c_slg"", ""value"": 0.5128, ""contribution"": -0.5004}, {""name"": ""away_top3c_obp"", ""value"": 0.385, ""contribution"": 0.2708}, {""name"": ""away_top3c_iso"", ""value"": 0.1865, ""contribution"": 0.07}, {""name"": ""fi_park_nrfi_rate"", ""value"": 0.5352, ""contribution"": -0.055}, {""name"": ""home_plate_ump_nrfi_rate"", ""value"": 0.452, ""contribution"": 0.0549}]","[{""name"": ""home_plate_ump_nrfi_rate"", ""value"": 0.452, ""contribution"": -0.1376}, {""name"": ""home_top3c_iso"", ""value"": 0.2271, ""contribution"": 0.1321}, {""name"": ""home_top3c_slg"", ""value"": 0.4986, ""contribution"": -0.1229}, {""name"": ""fi_park_nrfi_rate"", ""value"": 0.5352, ""contribution"": -0.0997}, {""name"": ""wx_wind_kmh"", ""value"": 30.4, ""contribution"": 0.0897}]",482608,0.452,4.06,3.511,57.0,68.0,0.7272,0.7136,5.87,5.07,0.8803,0.7663,R,R,NRFI,WIN,0,0,0,2026-05-12T23:54:55+00:00,-115,-115,DraftKings,2026-05-12T23:34:59+00:00,0.5349,0.5349,-0.0075,-0.0623,-0.0075,N,0.5,0,-115,-115,2026-05-12T22:34:44+00:00,0,0.4877,PASS,NO EDGE,,,,,,,
2026-05-12,2026,825011,1,N,STL,OAK,9:40 PM ET,Andre Pallante,Jeffrey Springs,669467,605488,live,live,live,live,0.93,0.434,0.5089,0.943,0.3689,0.4413,0.8102,0.4401,0.5599,0.2433,0.7567,,,YRFI,LEAN,LEAN YRFI,4,2026-05-13T00:06:55Z,4.843,3.995,1.406,1.173,4.571,4.38,3.65,2.64,1.19,1.45,6.58,7.64,0.318,0.324,0.395,0.404,4.595,4.414,15.6,16.2,80.0,0.0,0.4,0.4,0.7,0.6,0.3686,0.3778,0.4851,0.4674,0.2174,0.2022,lineup,lineup,"[{""id"": 701762, ""name"": ""Nick Kurtz"", ""bats"": ""L"", ""obp"": 0.4143646408839779, ""slg"": 0.42657342657342656, ""iso"": 0.1678321678321678, ""ab"": 143}, {""id"": 669127, ""name"": ""Shea Langeliers"", ""bats"": ""R"", ""obp"": 0.3939393939393939, ""slg"": 0.6174496644295302, ""iso"": 0.28187919463087246, ""ab"": 149}, {""id"": 691016, ""name"": ""Tyler Soderstrom"", ""bats"": ""L"", ""obp"": 0.2926829268292683, ""slg"": 0.4068965517241379, ""iso"": 0.19999999999999998, ""ab"": 145}]","[{""id"": 802139, ""name"": ""JJ Wetherholt"", ""bats"": ""L"", ""obp"": 0.34972677595628415, ""slg"": 0.40522875816993464, ""iso"": 0.16993464052287582, ""ab"": 153}, {""id"": 671056, ""name"": ""Iv\u00e1n Herrera"", ""bats"": ""R"", ""obp"": 0.4065934065934066, ""slg"": 0.4206896551724138, ""iso"": 0.1586206896551724, ""ab"": 145}, {""id"": 691023, ""name"": ""Jordan Walker"", ""bats"": ""R"", ""obp"": 0.3772455089820359, ""slg"": 0.5782312925170068, ""iso"": 0.2789115646258503, ""ab"": 147}]","[{""name"": ""away_top3c_obp"", ""value"": 0.3778, ""contribution"": 0.229}, {""name"": ""away_top3c_iso"", ""value"": 0.2022, ""contribution"": 0.2028}, {""name"": ""away_top3c_slg"", ""value"": 0.4674, ""contribution"": -0.183}, {""name"": ""wx_humidity"", ""value"": 80.0, ""contribution"": -0.0878}, {""name"": ""fi_park_nrfi_rate"", ""value"": 0.4401, ""contribution"": 0.0803}]","[{""name"": ""fi_park_nrfi_rate"", ""value"": 0.4401, ""contribution"": 0.1456}, {""name"": ""home_top3c_iso"", ""value"": 0.2174, ""contribution"": 0.106}, {""name"": ""home_top3c_slg"", ""value"": 0.4851, ""contribution"": -0.0943}, {""name"": ""home_plate_ump_nrfi_rate"", ""value"": 0.4845, ""contribution"": -0.0619}, {""name"": ""home_top3c_obp"", ""value"": 0.3686, ""contribution"": 0.0529}]",489985,0.4845,4.027,4.364,71.0,56.0,0.751,0.7136,5.13,5.47,0.9057,0.9087,R,L,YRFI,WIN,4,0,4,2026-05-13T02:05:06+00:00,+110,-140,DraftKings,2026-05-13T01:44:01+00:00,0.4762,0.5833,-0.0361,-0.0234,-0.0234,N,0.5,0,+110,-140,2026-05-13T00:37:56+00:00,0,0.4256,YRFI,STRONG,,,,,,,
2026-05-12,2026,823951,1,N,SF,LAD,10:10 PM ET,Adrian Houser,Yoshinobu Yamamoto,605288,808967,live,live,live,live,0.97,0.3102,0.5332,0.8435,0.1647,0.5875,0.7522,0.4401,0.5599,0.2069,0.7931,,,PASS,NO EDGE,PASS - No edge,4,2026-05-13T02:09:52Z,4.678,2.802,1.403,1.0,4.484,3.161,2.75,2.56,1.21,0.89,5.75,9.35,0.299,0.337,0.377,0.429,3.674,4.871,22.4,13.3,54.0,0.0,0.4,0.2,0.6,0.3,0.3429,0.3334,0.4174,0.4209,0.1712,0.1302,lineup,lineup,"[{""id"": 660271, ""name"": ""Shohei Ohtani"", ""bats"": ""L"", ""obp"": 0.36312849162011174, ""slg"": 0.4041095890410959, ""iso"": 0.17123287671232879, ""ab"": 146}, {""id"": 605141, ""name"": ""Mookie Betts"", ""bats"": ""R"", ""obp"": 0.2702702702702703, ""slg"": 0.3939393939393939, ""iso"": 0.2121212121212121, ""ab"": 33}, {""id"": 518692, ""name"": ""Freddie Freeman"", ""bats"": ""L"", ""obp"": 0.33727810650887574, ""slg"": 0.43506493506493504, ""iso"": 0.16233766233766234, ""ab"": 154}]","[{""id"": 808982, ""name"": ""Jung Hoo Lee"", ""bats"": ""L"", ""obp"": 0.3132530120481928, ""slg"": 0.3790849673202614, ""iso"": 0.1111111111111111, ""ab"": 153}, {""id"": 650333, ""name"": ""Luis Arraez"", ""bats"": ""L"", ""obp"": 0.3416149068322981, ""slg"": 0.3841059602649007, ""iso"": 0.07284768211920534, ""ab"": 151}, {""id"": 669477, ""name"": ""Casey Schmitt"", ""bats"": ""R"", ""obp"": 0.34782608695652173, ""slg"": 0.5158730158730159, ""iso"": 0.22222222222222227, ""ab"": 126}]","[{""name"": ""away_top3c_iso"", ""value"": 0.1302, ""contribution"": -0.4036}, {""name"": ""away_top3c_slg"", ""value"": 0.4209, ""contribution"": 0.1419}, {""name"": ""era_gap_t1"", ""value"": -1.8768, ""contribution"": -0.1232}, {""name"": ""home_fip"", ""value"": 3.1609, ""contribution"": -0.0891}, {""name"": ""home_avg_ip_per_start"", ""value"": 6.3333, ""contribution"": -0.0718}]","[{""name"": ""away_whiff_pct_rank"", ""value"": 10.0, ""contribution"": 0.1235}, {""name"": ""era_gap_b1"", ""value"": 1.8768, ""contribution"": 0.0996}, {""name"": ""away_p_last10_pitcher_nrfi"", ""value"": 0.3, ""contribution"": 0.0893}, {""name"": ""home_obp"", ""value"": 0.337, ""contribution"": 0.0832}, {""name"": ""away_p_last5_pitcher_nrfi"", ""value"": 0.2, ""contribution"": 0.0822}]",665281,0.5305,2.53,4.301,86.0,10.0,0.678,0.7075,6.33,5.0,0.7950,0.8200,R,R,YRFI,PASS,0,1,1,2026-05-13T02:28:19+00:00,-125,-105,DraftKings,2026-05-13T02:08:59+00:00,0.5556,0.5122,-0.1155,0.0477,,N,,,-125,-105,2026-05-13T02:08:59+00:00,,0.4658,PASS,NO EDGE,,,,,,,
2026-05-12,2026,823790,1,N,SD,MIL,7:40 PM ET,Bradgley Rodriguez,Brandon Sproat,699134,687075,sm,ltd,live,live,1.03,0.5356,0.45,0.9856,0.3278,0.2549,0.5827,0.5411,0.4589,0.2589,0.7411,,,NRFI,LEAN,LEAN NRFI,4,2026-05-12T22:05:13Z,3.431,4.975,1.175,1.367,3.624,4.77,2.92,4.12,0.81,1.47,8.14,8.79,0.303,0.329,0.382,0.37,4.305,4.939,,,,1.0,0.6,1.0,0.7778,1.0,0.4109,0.3055,0.4951,0.3357,0.1863,0.1142,lineup,lineup,"[{""id"": 668930, ""name"": ""Brice Turang"", ""bats"": ""L"", ""obp"": 0.422360248447205, ""slg"": 0.5114503816793893, ""iso"": 0.21374045801526714, ""ab"": 131}, {""id"": 694192, ""name"": ""Jackson Chourio"", ""bats"": ""R"", ""obp"": 0.4166666666666667, ""slg"": 0.5, ""iso"": 0.13636363636363635, ""ab"": 22}, {""id"": 592885, ""name"": ""Christian Yelich"", ""bats"": ""L"", ""obp"": 0.375, ""slg"": 0.45098039215686275, ""iso"": 0.13725490196078433, ""ab"": 51}]","[{""id"": 701538, ""name"": ""Jackson Merrill"", ""bats"": ""L"", ""obp"": 0.30303030303030304, ""slg"": 0.3624161073825503, ""iso"": 0.13422818791946306, ""ab"": 149}, {""id"": 665487, ""name"": ""Fernando Tatis Jr."", ""bats"": ""R"", ""obp"": 0.3192771084337349, ""slg"": 0.2916666666666667, ""iso"": 0.04861111111111113, ""ab"": 144}, {""id"": 592518, ""name"": ""Manny Machado"", ""bats"": ""R"", ""obp"": 0.29375, ""slg"": 0.35294117647058826, ""iso"": 0.16176470588235298, ""ab"": 136}]","[{""name"": ""away_top3c_slg"", ""value"": 0.3357, ""contribution"": 0.7379}, {""name"": ""away_top3c_iso"", ""value"": 0.1142, ""contribution"": -0.5385}, {""name"": ""away_top3c_obp"", ""value"": 0.3055, ""contribution"": -0.1923}, {""name"": ""fi_park_nrfi_rate"", ""value"": 0.5878, ""contribution"": -0.1298}, {""name"": ""era_gap_t1"", ""value"": 1.5437, ""contribution"": 0.1015}]","[{""name"": ""fi_park_nrfi_rate"", ""value"": 0.5878, ""contribution"": -0.2352}, {""name"": ""away_avg_ip_per_start"", ""value"": 1.0, ""contribution"": 0.1848}, {""name"": ""home_top3c_obp"", ""value"": 0.4109, ""contribution"": 0.1266}, {""name"": ""home_top3c_slg"", ""value"": 0.4951, ""contribution"": -0.1154}, {""name"": ""away_whiff_pct_rank"", ""value"": 85.0, ""contribution"": -0.1073}]",596809,0.5038,4.139,1.65,16.0,85.0,0.7136,0.7136,4.67,1.0,0.5930,0.8943,R,R,NRFI,WIN,0,0,0,2026-05-12T23:53:23+00:00,-115,-115,DraftKings,2026-05-12T23:34:59+00:00,0.5349,0.5349,0.0062,-0.076,0.0062,N,0.5,0,-115,-115,2026-05-12T22:34:44+00:00,0,0.6536,NRFI,STRONG,,,,,,,
2026-05-12,2026,822903,1,N,ARI,TEX,8:05 PM ET,Zac Gallen,MacKenzie Gore,668678,669022,live,live,live,live,1.07,0.4964,0.5035,0.9999,0.2944,0.3471,0.6414,0.5274,0.4726,0.2642,0.7358,,,NRFI,LEAN,LEAN NRFI,4,2026-05-12T22:54:20Z,4.767,4.675,1.372,1.375,4.256,3.758,2.97,4.17,1.21,1.13,7.08,10.63,0.303,0.315,0.396,0.378,4.305,3.853,,,,1.0,0.6,0.4,0.7,0.5,0.3311,0.3228,0.3779,0.4136,0.1465,0.18,lineup,lineup,"[{""id"": 592626, ""name"": ""Joc Pederson"", ""bats"": ""L"", ""obp"": 0.3394495412844037, ""slg"": 0.3258426966292135, ""iso"": 0.101123595505618, ""ab"": 89}, {""id"": 664059, ""name"": ""Sam Haggerty"", ""bats"": ""S"", ""obp"": 0.21875, ""slg"": 0.16666666666666666, ""iso"": 0.0, ""ab"": 30}, {""id"": 608369, ""name"": ""Corey Seager"", ""bats"": ""L"", ""obp"": 0.2988505747126437, ""slg"": 0.3716216216216216, ""iso"": 0.1824324324324324, ""ab"": 148}]","[{""id"": 606466, ""name"": ""Ketel Marte"", ""bats"": ""S"", ""obp"": 0.2670807453416149, ""slg"": 0.37333333333333335, ""iso"": 0.16, ""ab"": 150}, {""id"": 682998, ""name"": ""Corbin Carroll"", ""bats"": ""L"", ""obp"": 0.36075949367088606, ""slg"": 0.5, ""iso"": 0.23880597014925375, ""ab"": 134}, {""id"": 694374, ""name"": ""Tim Tawa"", ""bats"": ""R"", ""obp"": 0.24528301886792453, ""slg"": 0.2608695652173913, ""iso"": 0.10869565217391303, ""ab"": 46}]","[{""name"": ""away_top3c_slg"", ""value"": 0.4136, ""contribution"": 0.1929}, {""name"": ""away_top3c_obp"", ""value"": 0.3228, ""contribution"": -0.0915}, {""name"": ""fi_park_nrfi_rate"", ""value"": 0.5436, ""contribution"": -0.0669}, {""name"": ""wx_is_dome"", ""value"": 1.0, ""contribution"": -0.0518}, {""name"": ""home_whiff_pct_rank"", ""value"": 75.0, ""contribution"": -0.0428}]","[{""name"": ""home_top3c_slg"", ""value"": 0.3779, ""contribution"": 0.133}, {""name"": ""fi_park_nrfi_rate"", ""value"": 0.5436, ""contribution"": -0.1212}, {""name"": ""home_top3c_iso"", ""value"": 0.1465, ""contribution"": -0.0835}, {""name"": ""wx_is_dome"", ""value"": 1.0, ""contribution"": -0.0809}, {""name"": ""away_whiff_pct_rank"", ""value"": 29.0, ""contribution"": 0.065}]",484183,0.5086,4.532,4.131,75.0,29.0,0.7136,0.6909,4.73,4.67,0.8717,0.7330,R,L,YRFI,LOSS,0,1,1,2026-05-13T00:22:54+00:00,-130,+100,DraftKings,2026-05-13T00:07:53+00:00,0.5652,0.5,-0.0378,-0.0274,-0.0378,N,0.5,0,-130,+100,2026-05-12T23:02:59+00:00,0,0.4946,PASS,NO EDGE,,,,,,,
2026-05-12,2026,822817,1,N,TB,TOR,7:07 PM ET,Shane McClanahan,Patrick Corbin,663556,571578,ltd,live,live,live,1.01,0.4587,0.4184,0.8772,0.3428,0.3131,0.6559,0.5,0.5,0.2192,0.7808,,,NRFI,LEAN,LEAN NRFI,4,2026-05-12T22:05:13Z,3.463,4.057,1.167,1.321,3.518,4.047,3.42,2.85,0.77,1.08,8.92,7.04,0.325,0.313,0.386,0.389,4.468,4.21,,,,1.0,1.0,0.8,0.8,0.8571,0.3536,0.3661,0.3808,0.4737,0.1093,0.1968,lineup,lineup,"[{""id"": 543807, ""name"": ""George Springer"", ""bats"": ""R"", ""obp"": 0.28125, ""slg"": 0.32558139534883723, ""iso"": 0.12790697674418608, ""ab"": 86}, {""id"": 682818, ""name"": ""Yohendrick Pi\u00f1ango"", ""bats"": ""L"", ""obp"": 0.41935483870967744, ""slg"": 0.41379310344827586, ""iso"": 0.03448275862068967, ""ab"": 29}, {""id"": 665489, ""name"": ""Vladimir Guerrero Jr."", ""bats"": ""R"", ""obp"": 0.38596491228070173, ""slg"": 0.38666666666666666, ""iso"": 0.08666666666666667, ""ab"": 150}]","[{""id"": 650490, ""name"": ""Yandy D\u00edaz"", ""bats"": ""R"", ""obp"": 0.38181818181818183, ""slg"": 0.4482758620689655, ""iso"": 0.14482758620689656, ""ab"": 145}, {""id"": 666018, ""name"": ""Jonathan Aranda"", ""bats"": ""L"", ""obp"": 0.3764705882352941, ""slg"": 0.48226950354609927, ""iso"": 0.2056737588652482, ""ab"": 141}, {""id"": 676439, ""name"": ""Hunter Feduccia"", ""bats"": ""L"", ""obp"": 0.375, ""slg"": 0.2926829268292683, ""iso"": 0.02439024390243899, ""ab"": 41}]","[{""name"": ""away_top3c_slg"", ""value"": 0.4737, ""contribution"": -0.2269}, {""name"": ""away_top3c_obp"", ""value"": 0.3661, ""contribution"": 0.161}, {""name"": ""away_top3c_iso"", ""value"": 0.1968, ""contribution"": 0.1569}, {""name"": ""wx_is_dome"", ""value"": 1.0, ""contribution"": -0.0518}, {""name"": ""home_p_last5_pitcher_nrfi"", ""value"": 1.0, ""contribution"": 0.0473}]","[{""name"": ""home_top3c_iso"", ""value"": 0.1093, ""contribution"": -0.1832}, {""name"": ""home_top3c_slg"", ""value"": 0.3808, ""contribution"": 0.1268}, {""name"": ""home_plate_ump_nrfi_rate"", ""value"": 0.5467, ""contribution"": 0.083}, {""name"": ""wx_is_dome"", ""value"": 1.0, ""contribution"": -0.0809}, {""name"": ""era_gap_b1"", ""value"": -0.5946, ""contribution"": -0.0317}]",503490,0.5467,4.782,4.746,54.0,50.0,0.7396,0.7197,5.2,5.2,0.7833,0.9683,L,L,YRFI,LOSS,1,0,1,2026-05-12T23:22:35+00:00,-130,+100,DraftKings,2026-05-12T23:34:59+00:00,0.5652,0.5,-0.0652,0,-0.0652,N,0.5,0,-130,+100,2026-05-12T22:04:57+00:00,0,0.4521,PASS,NO EDGE,,,,,,,
2026-05-12,2026,823632,1,N,DET,NYM,7:10 PM ET,Jack Flaherty,Freddy Peralta,656427,642547,live,live,live,live,0.96,0.4003,0.4875,0.8878,0.248,0.3564,0.6045,0.529,0.471,0.223,0.777,,,NRFI,LEAN,LEAN NRFI,4,2026-05-12T22:05:13Z,5.063,2.918,1.45,1.142,4.233,3.513,4.94,3.57,1.3,0.95,10.79,9.67,0.322,0.295,0.396,0.361,4.317,3.741,13.9,20.9,47.0,0.0,1.0,0.6,0.8,0.8,0.2958,0.3503,0.3442,0.3989,0.1165,0.1225,lineup,lineup,"[{""id"": 701807, ""name"": ""Carson Benge"", ""bats"": ""L"", ""obp"": 0.2755905511811024, ""slg"": 0.3275862068965517, ""iso"": 0.12068965517241378, ""ab"": 116}, {""id"": 666182, ""name"": ""Bo Bichette"", ""bats"": ""R"", ""obp"": 0.26857142857142857, ""slg"": 0.29012345679012347, ""iso"": 0.06790123456790126, ""ab"": 162}, {""id"": 621438, ""name"": ""Tyrone Taylor"", ""bats"": ""R"", ""obp"": 0.2191780821917808, ""slg"": 0.30985915492957744, ""iso"": 0.11267605633802816, ""ab"": 71}]","[{""id"": 670097, ""name"": ""Zack Short"", ""bats"": ""R"", ""obp"": 0.3333333333333333, ""slg"": 0.0, ""iso"": 0.0, ""ab"": 6}, {""id"": 663837, ""name"": ""Matt Vierling"", ""bats"": ""R"", ""obp"": 0.2815533980582524, ""slg"": 0.3804347826086957, ""iso"": 0.1630434782608696, ""ab"": 92}, {""id"": 663330, ""name"": ""Jahmai Jones"", ""bats"": ""R"", ""obp"": 0.24, ""slg"": 0.3617021276595745, ""iso"": 0.17021276595744683, ""ab"": 47}]","[{""name"": ""away_top3c_iso"", ""value"": 0.1225, ""contribution"": -0.4687}, {""name"": ""away_top3c_slg"", ""value"": 0.3989, ""contribution"": 0.2961}, {""name"": ""era_gap_t1"", ""value"": -2.1449, ""contribution"": -0.1408}, {""name"": ""home_whiff_pct_rank"", ""value"": 90.0, ""contribution"": -0.0686}, {""name"": ""away_top3c_obp"", ""value"": 0.3503, ""contribution"": 0.0684}]","[{""name"": ""home_top3c_slg"", ""value"": 0.3442, ""contribution"": 0.2044}, {""name"": ""home_top3c_iso"", ""value"": 0.1165, ""contribution"": -0.1638}, {""name"": ""era_gap_b1"", ""value"": 2.1449, ""contribution"": 0.1139}, {""name"": ""home_obp"", ""value"": 0.2955, ""contribution"": -0.0817}, {""name"": ""home_top3c_obp"", ""value"": 0.2958, ""contribution"": -0.074}]",521889,0.4806,3.353,3.908,90.0,57.0,0.7272,0.7136,5.67,4.0,0.2027,0.5003,R,R,NRFI,WIN,0,0,0,2026-05-12T23:28:00+00:00,-145,+115,DraftKings,2026-05-12T23:34:59+00:00,0.5918,0.4651,-0.0628,0.0059,-0.0628,N,0.5,0,-145,+115,2026-05-12T22:08:13+00:00,0,0.4837,PASS,NO EDGE,,,,,,,
2026-05-12,2026,824197,1,N,SEA,HOU,8:10 PM ET,Bryan Woo,Tatsuya Imai,693433,837227,live,sm,live,live,0.99,0.4862,0.3856,0.8718,0.333,0.3197,0.6527,0.5041,0.4959,0.2172,0.7828,,,NRFI,LEAN,LEAN NRFI,4,2026-05-12T22:54:20Z,3.523,4.722,0.968,1.391,3.522,4.158,1.63,4.7,1.2,1.0,8.33,9.81,0.317,0.329,0.386,0.422,4.154,4.627,,,,1.0,0.6667,0.6,0.6667,0.8,0.3729,0.3356,0.4726,0.4165,0.1918,0.1542,lineup,lineup,"[{""id"": 514888, ""name"": ""Jose Altuve"", ""bats"": ""R"", ""obp"": 0.33532934131736525, ""slg"": 0.3825503355704698, ""iso"": 0.12751677852348992, ""ab"": 149}, {""id"": 670541, ""name"": ""Yordan Alvarez"", ""bats"": ""L"", ""obp"": 0.41621621621621624, ""slg"": 0.6282051282051282, ""iso"": 0.3141025641025641, ""ab"": 156}, {""id"": 670623, ""name"": ""Isaac Paredes"", ""bats"": ""R"", ""obp"": 0.3618421052631579, ""slg"": 0.39097744360902253, ""iso"": 0.12030075187969924, ""ab"": 133}]","[{""id"": 680977, ""name"": ""Brendan Donovan"", ""bats"": ""L"", ""obp"": 0.3764705882352941, ""slg"": 0.42857142857142855, ""iso"": 0.17142857142857143, ""ab"": 70}, {""id"": 677594, ""name"": ""Julio Rodr\u00edguez"", ""bats"": ""R"", ""obp"": 0.34065934065934067, ""slg"": 0.45180722891566266, ""iso"": 0.1746987951807229, ""ab"": 166}, {""id"": 647304, ""name"": ""Josh Naylor"", ""bats"": ""L"", ""obp"": 0.30952380952380953, ""slg"": 0.37254901960784315, ""iso"": 0.12418300653594772, ""ab"": 153}]","[{""name"": ""away_top3c_iso"", ""value"": 0.1542, ""contribution"": -0.2015}, {""name"": ""away_top3c_slg"", ""value"": 0.4165, ""contribution"": 0.1732}, {""name"": ""home_avg_ip_per_start"", ""value"": 2.8889, ""contribution"": 0.1539}, {""name"": ""home_xera"", ""value"": 0.9264, ""contribution"": -0.1153}, {""name"": ""era_gap_t1"", ""value"": 1.1988, ""contribution"": 0.0788}]","[{""name"": ""wx_is_dome"", ""value"": 1.0, ""contribution"": -0.0809}, {""name"": ""home_top3c_slg"", ""value"": 0.4726, ""contribution"": -0.0678}, {""name"": ""home_plate_ump_nrfi_rate"", ""value"": 0.4835, ""contribution"": -0.0642}, {""name"": ""era_gap_b1"", ""value"": -1.1988, ""contribution"": -0.0638}, {""name"": ""home_top3c_obp"", ""value"": 0.3729, ""contribution"": 0.0605}]",427554,0.4835,0.926,2.986,50.0,50.0,0.6796,0.7272,2.89,5.8,0.8610,0.8747,R,R,NRFI,WIN,0,0,0,2026-05-13T00:24:57+00:00,-130,+100,DraftKings,2026-05-13T00:07:53+00:00,0.5652,0.5,-0.0611,-0.0041,-0.0611,N,0.5,0,-130,+100,2026-05-12T23:08:16+00:00,0,0.6536,NRFI,STRONG,,,,,,,
2026-05-12,2026,823385,1,N,COL,PIT,6:40 PM ET,Michael Lorenzen,Paul Skenes,547179,694973,live,live,live,live,0.96,0.258,0.5689,0.8269,0.231,0.4271,0.6581,0.5,0.5,0.2009,0.7991,,,NRFI,LEAN,LEAN NRFI,4,2026-05-12T21:26:51Z,5.766,2.17,1.611,0.827,4.724,2.444,2.63,1.75,1.6,0.7,7.06,10.11,0.319,0.332,0.403,0.396,4.317,4.871,21.2,11.1,23.0,0.0,0.6,0.8,0.6,0.7,0.3578,0.3408,0.4751,0.5193,0.2217,0.2486,lineup,lineup,"[{""id"": 665833, ""name"": ""Oneil Cruz"", ""bats"": ""L"", ""obp"": 0.32044198895027626, ""slg"": 0.4727272727272727, ""iso"": 0.2181818181818182, ""ab"": 165}, {""id"": 664040, ""name"": ""Brandon Lowe"", ""bats"": ""L"", ""obp"": 0.36075949367088606, ""slg"": 0.562962962962963, ""iso"": 0.30370370370370375, ""ab"": 135}, {""id"": 668804, ""name"": ""Bryan Reynolds"", ""bats"": ""S"", ""obp"": 0.39325842696629215, ""slg"": 0.39436619718309857, ""iso"": 0.14788732394366194, ""ab"": 142}]","[{""id"": 686668, ""name"": ""Brenton Doyle"", ""bats"": ""R"", ""obp"": 0.27102803738317754, ""slg"": 0.25773195876288657, ""iso"": 0.06185567010309276, ""ab"": 97}, {""id"": 687597, ""name"": ""Jordan Beck"", ""bats"": ""R"", ""obp"": 0.21686746987951808, ""slg"": 0.2727272727272727, ""iso"": 0.10389610389610388, ""ab"": 77}, {""id"": 696100, ""name"": ""Hunter Goodman"", ""bats"": ""R"", ""obp"": 0.3141025641025641, ""slg"": 0.5070422535211268, ""iso"": 0.2605633802816901, ""ab"": 142}]","[{""name"": ""away_top3c_iso"", ""value"": 0.2486, ""contribution"": 0.5933}, {""name"": ""away_top3c_slg"", ""value"": 0.5193, ""contribution"": -0.5459}, {""name"": ""era_gap_t1"", ""value"": -3.5958, ""contribution"": -0.2361}, {""name"": ""home_fip"", ""value"": 2.4435, ""contribution"": -0.1621}, {""name"": ""wx_humidity"", ""value"": 23.0, ""contribution"": 0.1418}]","[{""name"": ""era_gap_b1"", ""value"": 3.5958, ""contribution"": 0.191}, {""name"": ""home_plate_ump_nrfi_rate"", ""value"": 0.4578, ""contribution"": -0.124}, {""name"": ""home_top3c_iso"", ""value"": 0.2217, ""contribution"": 0.1176}, {""name"": ""home_top3c_slg"", ""value"": 0.4751, ""contribution"": -0.0731}, {""name"": ""home_obp"", ""value"": 0.3319, ""contribution"": 0.0629}]",665576,0.4578,2.094,4.664,86.0,38.0,0.7396,0.7272,6.0,5.0,0.5420,0.8757,R,R,YRFI,LOSS,0,1,1,2026-05-12T23:01:12+00:00,-145,+110,DraftKings,2026-05-12T22:51:10+00:00,0.5918,0.4762,-0.0918,0.0238,-0.0918,N,0.5,0,-145,+110,2026-05-12T21:35:46+00:00,0,0.6370,NRFI,STRONG,,,,,,,
2026-05-12,2026,824764,1,N,PHI,BOS,6:45 PM ET,Zack Wheeler,Jovani Morán,554430,663558,live,sm,live,live,1.05,0.5127,0.3467,0.8594,0.4798,0.3433,0.8232,0.4401,0.5599,0.2127,0.7873,,,YRFI,LEAN,LEAN YRFI,4,2026-05-12T21:26:51Z,2.833,3.753,0.952,1.25,2.806,4.489,2.34,4.15,0.96,1.23,11.08,8.76,0.307,0.315,0.401,0.37,4.228,4.05,16.3,15.0,25.0,0.0,0.0,0.4,0.0,0.6,0.3186,0.339,0.4,0.4989,0.1544,0.2505,lineup,lineup,"[{""id"": 680776, ""name"": ""Jarren Duran"", ""bats"": ""L"", ""obp"": 0.25333333333333335, ""slg"": 0.3237410071942446, ""iso"": 0.1294964028776978, ""ab"": 139}, {""id"": 681508, ""name"": ""Mickey Gasper"", ""bats"": ""S"", ""obp"": 0.75, ""slg"": 1.25, ""iso"": 0.5, ""ab"": 4}, {""id"": 677800, ""name"": ""Wilyer Abreu"", ""bats"": ""L"", ""obp"": 0.3772455089820359, ""slg"": 0.4726027397260274, ""iso"": 0.1780821917808219, ""ab"": 146}]","[{""id"": 607208, ""name"": ""Trea Turner"", ""bats"": ""R"", ""obp"": 0.28888888888888886, ""slg"": 0.3532934131736527, ""iso"": 0.11377245508982037, ""ab"": 167}, {""id"": 656941, ""name"": ""Kyle Schwarber"", ""bats"": ""L"", ""obp"": 0.3532608695652174, ""slg"": 0.5974025974025974, ""iso"": 0.3701298701298701, ""ab"": 154}, {""id"": 547180, ""name"": ""Bryce Harper"", ""bats"": ""L"", ""obp"": 0.3764705882352941, ""slg"": 0.5616438356164384, ""iso"": 0.2808219178082192, ""ab"": 146}]","[{""name"": ""away_top3c_iso"", ""value"": 0.2505, ""contribution"": 0.6094}, {""name"": ""away_top3c_slg"", ""value"": 0.4989, ""contribution"": -0.4033}, {""name"": ""home_avg_ip_per_start"", ""value"": 1.0, ""contribution"": 0.2776}, {""name"": ""wx_humidity"", ""value"": 25.0, ""contribution"": 0.1337}, {""name"": ""home_p_last5_pitcher_nrfi"", ""value"": 0.0, ""contribution"": -0.1187}]","[{""name"": ""away_whiff_pct_rank"", ""value"": 93.0, ""contribution"": -0.1319}, {""name"": ""home_plate_ump_nrfi_rate"", ""value"": 0.5573, ""contribution"": 0.1077}, {""name"": ""home_top3c_slg"", ""value"": 0.4, ""contribution"": 0.0861}, {""name"": ""home_top3c_iso"", ""value"": 0.1544, ""contribution"": -0.0625}, {""name"": ""away_p_last5_pitcher_nrfi"", ""value"": 0.4, ""contribution"": 0.0506}]",605670,0.5573,2.64,1.949,87.0,93.0,0.7136,0.6205,1.0,5.47,0.6507,0.6863,R,L,YRFI,WIN,1,0,1,2026-05-12T23:00:01+00:00,-145,+115,DraftKings,2026-05-12T22:51:10+00:00,0.5918,0.4651,-0.1517,0.0948,0.0948,N,0.5,0,-145,+115,2026-05-12T21:41:06+00:00,0,0.6460,NRFI,STRONG,,,,,,,
2026-05-12,2026,824843,1,N,NYY,BAL,6:35 PM ET,Will Warren,Trevor Rogers,701542,669432,live,live,live,live,1.06,0.4174,0.4806,0.898,0.4696,0.3683,0.8379,0.4337,0.5663,0.2268,0.7732,,,YRFI,STRONG,STRONG YRFI,4,2026-05-12T21:26:51Z,3.943,3.195,1.284,1.154,3.584,3.176,3.0,2.69,1.27,0.7,10.55,8.33,0.328,0.317,0.433,0.389,4.978,4.399,19.0,12.8,37.0,0.0,1.0,0.8,0.9,0.8,0.3451,0.3975,0.4289,0.6355,0.1831,0.3554,lineup,lineup,"[{""id"": 683002, ""name"": ""Gunnar Henderson"", ""bats"": ""L"", ""obp"": 0.2631578947368421, ""slg"": 0.4114285714285714, ""iso"": 0.2057142857142857, ""ab"": 175}, {""id"": 621493, ""name"": ""Taylor Ward"", ""bats"": ""R"", ""obp"": 0.42245989304812837, ""slg"": 0.3680555555555556, ""iso"": 0.11111111111111116, ""ab"": 144}, {""id"": 668939, ""name"": ""Adley Rutschman"", ""bats"": ""S"", ""obp"": 0.3557692307692308, ""slg"": 0.5520833333333334, ""iso"": 0.25000000000000006, ""ab"": 96}]","[{""id"": 502671, ""name"": ""Paul Goldschmidt"", ""bats"": ""R"", ""obp"": 0.3384615384615385, ""slg"": 0.5087719298245614, ""iso"": 0.26315789473684215, ""ab"": 57}, {""id"": 592450, ""name"": ""Aaron Judge"", ""bats"": ""R"", ""obp"": 0.40217391304347827, ""slg"": 0.6333333333333333, ""iso"": 0.36666666666666664, ""ab"": 150}, {""id"": 700250, ""name"": ""Ben Rice"", ""bats"": ""L"", ""obp"": 0.41721854304635764, ""slg"": 0.696, ""iso"": 0.38399999999999995, ""ab"": 125}]","[{""name"": ""away_top3c_iso"", ""value"": 0.3554, ""contribution"": 1.4926}, {""name"": ""away_top3c_slg"", ""value"": 0.6355, ""contribution"": -1.3582}, {""name"": ""away_top3c_obp"", ""value"": 0.3975, ""contribution"": 0.3437}, {""name"": ""home_fip"", ""value"": 3.1755, ""contribution"": -0.0876}, {""name"": ""wx_humidity"", ""value"": 37.0, ""contribution"": 0.0854}]","[{""name"": ""fi_park_nrfi_rate"", ""value"": 0.5156, ""contribution"": -0.049}, {""name"": ""era_gap_b1"", ""value"": 0.7476, ""contribution"": 0.0396}, {""name"": ""home_plate_ump_nrfi_rate"", ""value"": 0.4944, ""contribution"": -0.0388}, {""name"": ""away_whiff_pct_rank"", ""value"": 39.0, ""contribution"": 0.0342}, {""name"": ""wx_is_dome"", ""value"": 0.0, ""contribution"": 0.0281}]",427537,0.4944,3.258,4.345,47.0,39.0,0.6942,0.751,4.67,5.4,0.9827,0.9443,R,L,YRFI,WIN,1,0,1,2026-05-12T22:49:06+00:00,-115,-110,DraftKings,2026-05-12T21:35:46+00:00,0.5349,0.5238,-0.1012,0.0425,0.0425,Y,1,0.909,-115,-110,2026-05-12T21:30:25+00:00,0,0.4589,PASS,NO EDGE,,,,,,,
2026-05-13,2026,823791,1,N,SD,MIL,7:40 PM ET,Michael King,Jacob Misiorowski,650633,694819,live,live,live,live,1.03,0.3834,0.4993,0.8827,0.2208,0.2444,0.4652,0.6863,0.3137,0.2212,0.7788,,,NRFI,STRONG,STRONG NRFI,4,2026-05-13T22:06:59Z,3.219,3.325,1.13,1.09,3.881,2.987,3.62,3.61,1.07,0.97,9.06,12.51,0.303,0.33,0.382,0.374,4.299,4.958,,,,1.0,0.8,1.0,0.6,1.0,0.3968,0.3036,0.4625,0.3311,0.1596,0.1111,lineup,lineup,"[{""id"": 694192, ""name"": ""Jackson Chourio"", ""bats"": ""R"", ""obp"": 0.39285714285714285, ""slg"": 0.46153846153846156, ""iso"": 0.11538461538461542, ""ab"": 26}, {""id"": 668930, ""name"": ""Brice Turang"", ""bats"": ""L"", ""obp"": 0.42424242424242425, ""slg"": 0.5185185185185185, ""iso"": 0.2148148148148148, ""ab"": 135}, {""id"": 661388, ""name"": ""William Contreras"", ""bats"": ""R"", ""obp"": 0.3696969696969697, ""slg"": 0.410958904109589, ""iso"": 0.11643835616438353, ""ab"": 146}]","[{""id"": 701538, ""name"": ""Jackson Merrill"", ""bats"": ""L"", ""obp"": 0.29411764705882354, ""slg"": 0.35064935064935066, ""iso"": 0.12987012987012989, ""ab"": 154}, {""id"": 665487, ""name"": ""Fernando Tatis Jr."", ""bats"": ""R"", ""obp"": 0.3235294117647059, ""slg"": 0.2925170068027211, ""iso"": 0.047619047619047616, ""ab"": 147}, {""id"": 592518, ""name"": ""Manny Machado"", ""bats"": ""R"", ""obp"": 0.2926829268292683, ""slg"": 0.35, ""iso"": 0.1571428571428571, ""ab"": 140}]","[{""name"": ""away_top3c_slg"", ""value"": 0.3311, ""contribution"": 0.77}, {""name"": ""away_top3c_iso"", ""value"": 0.1111, ""contribution"": -0.5647}, {""name"": ""away_top3c_obp"", ""value"": 0.3036, ""contribution"": -0.2036}, {""name"": ""fi_park_nrfi_rate"", ""value"": 0.5878, ""contribution"": -0.1298}, {""name"": ""home_fip"", ""value"": 2.9865, ""contribution"": -0.1068}]","[{""name"": ""fi_park_nrfi_rate"", ""value"": 0.5878, ""contribution"": -0.2352}, {""name"": ""home_top3c_obp"", ""value"": 0.3968, ""contribution"": 0.1021}, {""name"": ""wx_is_dome"", ""value"": 1.0, ""contribution"": -0.0809}, {""name"": ""away_p_last10_pitcher_nrfi"", ""value"": 1.0, ""contribution"": -0.0583}, {""name"": ""home_obp"", ""value"": 0.3296, ""contribution"": 0.0536}]",605674,0.5127,3.153,3.885,86.0,56.0,0.7136,0.7272,5.53,5.8,0.5930,0.8327,R,R,NRFI,WIN,0,0,0,2026-05-13T23:56:13+00:00,-165,+125,DraftKings,2026-05-13T22:42:32+00:00,0.6226,0.4444,0.0637,-0.1307,0.0637,Y,1,0.606,-165,+125,2026-05-13T22:36:55+00:00,0,0.6536,NRFI,STRONG,,,,,,,
2026-05-13,2026,825010,1,N,STL,OAK,9:40 PM ET,Matthew Liberatore,J.T. Ginn,669461,669372,live,live,live,live,0.93,0.4573,0.4972,0.9545,0.4051,0.4779,0.883,0.3711,0.6289,0.2475,0.7525,,,YRFI,STRONG,STRONG YRFI,4,2026-05-14T00:08:08Z,4.138,4.264,1.371,1.235,4.643,4.366,2.92,3.37,1.43,1.4,6.73,8.62,0.319,0.323,0.394,0.403,4.621,4.406,19.0,16.2,60.0,0.0,0.8,0.4,0.7,0.6,0.4047,0.3671,0.5296,0.4292,0.2274,0.1717,lineup,lineup,"[{""id"": 669127, ""name"": ""Shea Langeliers"", ""bats"": ""R"", ""obp"": 0.39644970414201186, ""slg"": 0.6405228758169934, ""iso"": 0.30065359477124176, ""ab"": 153}, {""id"": 701762, ""name"": ""Nick Kurtz"", ""bats"": ""L"", ""obp"": 0.41621621621621624, ""slg"": 0.4246575342465753, ""iso"": 0.1643835616438356, ""ab"": 146}, {""id"": 687515, ""name"": ""Colby Thomas"", ""bats"": ""R"", ""obp"": 0.375, ""slg"": 0.45454545454545453, ""iso"": 0.13636363636363635, ""ab"": 22}]","[{""id"": 802139, ""name"": ""JJ Wetherholt"", ""bats"": ""L"", ""obp"": 0.35638297872340424, ""slg"": 0.4267515923566879, ""iso"": 0.18471337579617836, ""ab"": 157}, {""id"": 671056, ""name"": ""Iv\u00e1n Herrera"", ""bats"": ""R"", ""obp"": 0.40641711229946526, ""slg"": 0.42, ""iso"": 0.15333333333333332, ""ab"": 150}, {""id"": 676475, ""name"": ""Alec Burleson"", ""bats"": ""L"", ""obp"": 0.33707865168539325, ""slg"": 0.44025157232704404, ""iso"": 0.17610062893081763, ""ab"": 159}]","[{""name"": ""away_top3c_obp"", ""value"": 0.3671, ""contribution"": 0.1665}, {""name"": ""away_top3c_slg"", ""value"": 0.4292, ""contribution"": 0.0842}, {""name"": ""fi_park_nrfi_rate"", ""value"": 0.4401, ""contribution"": 0.0803}, {""name"": ""home_whiff_pct_rank"", ""value"": 82.0, ""contribution"": -0.0548}, {""name"": ""away_top3c_iso"", ""value"": 0.1717, ""contribution"": -0.0547}]","[{""name"": ""home_top3c_slg"", ""value"": 0.5296, ""contribution"": -0.1885}, {""name"": ""fi_park_nrfi_rate"", ""value"": 0.4401, ""contribution"": 0.1456}, {""name"": ""home_top3c_iso"", ""value"": 0.2274, ""contribution"": 0.1328}, {""name"": ""home_top3c_obp"", ""value"": 0.4047, ""contribution"": 0.1158}, {""name"": ""away_whiff_pct_rank"", ""value"": 14.0, ""contribution"": 0.1111}]",489985,0.4845,3.667,4.999,82.0,14.0,0.7136,0.6942,5.27,5.2,0.8130,0.6873,L,R,NRFI,LOSS,0,0,0,2026-05-14T01:52:29+00:00,+105,-140,DraftKings,2026-05-14T00:43:49+00:00,0.4878,0.5833,-0.1163,0.0452,0.0452,Y,1,-1,+105,-140,2026-05-14T00:38:11+00:00,0,0.4300,YRFI,STRONG,,,,,,,
2026-05-13,2026,823710,1,N,MIA,MIN,7:40 PM ET,Max Meyer,Simeon Woods Richardson,676974,680573,live,live,live,live,0.97,0.5505,0.4233,0.9739,0.3851,0.304,0.6891,0.4829,0.5171,0.2546,0.7454,,,PASS,NO EDGE,PASS - No edge,4,2026-05-13T23:14:26Z,3.616,5.468,1.218,1.496,3.443,5.196,3.1,3.69,0.93,1.6,9.45,6.56,0.321,0.322,0.383,0.39,4.259,4.627,21.3,13.8,24.0,0.0,1.0,1.0,0.9,0.7,0.3526,0.3763,0.4673,0.5,0.191,0.1818,lineup,lineup,"[{""id"": 621439, ""name"": ""Byron Buxton"", ""bats"": ""R"", ""obp"": 0.3111111111111111, ""slg"": 0.5454545454545454, ""iso"": 0.2909090909090909, ""ab"": 165}, {""id"": 686797, ""name"": ""Brooks Lee"", ""bats"": ""S"", ""obp"": 0.32432432432432434, ""slg"": 0.41605839416058393, ""iso"": 0.145985401459854, ""ab"": 137}, {""id"": 668885, ""name"": ""Austin Martin"", ""bats"": ""R"", ""obp"": 0.45, ""slg"": 0.40625, ""iso"": 0.08333333333333331, ""ab"": 96}]","[{""id"": 669364, ""name"": ""Xavier Edwards"", ""bats"": ""S"", ""obp"": 0.4, ""slg"": 0.46405228758169936, ""iso"": 0.15032679738562094, ""ab"": 153}, {""id"": 689414, ""name"": ""Liam Hicks"", ""bats"": ""L"", ""obp"": 0.3591549295774648, ""slg"": 0.5403225806451613, ""iso"": 0.2419354838709677, ""ab"": 124}, {""id"": 672640, ""name"": ""Otto Lopez"", ""bats"": ""R"", ""obp"": 0.36627906976744184, ""slg"": 0.5030674846625767, ""iso"": 0.1656441717791411, ""ab"": 163}]","[{""name"": ""away_top3c_slg"", ""value"": 0.5, ""contribution"": -0.4108}, {""name"": ""away_top3c_obp"", ""value"": 0.3763, ""contribution"": 0.2203}, {""name"": ""wx_humidity"", ""value"": 24.0, ""contribution"": 0.1377}, {""name"": ""era_gap_t1"", ""value"": 1.8517, ""contribution"": 0.1217}, {""name"": ""home_fip"", ""value"": 5.1962, ""contribution"": 0.118}]","[{""name"": ""fi_park_nrfi_rate"", ""value"": 0.5352, ""contribution"": -0.0997}, {""name"": ""era_gap_b1"", ""value"": -1.8517, ""contribution"": -0.0985}, {""name"": ""away_whiff_pct_rank"", ""value"": 79.0, ""contribution"": -0.0888}, {""name"": ""home_plate_ump_nrfi_rate"", ""value"": 0.5451, ""contribution"": 0.0793}, {""name"": ""home_top3c_slg"", ""value"": 0.4673, ""contribution"": -0.0566}]",484499,0.5451,4.032,4.824,36.0,79.0,0.7136,0.7136,4.67,5.47,0.8803,0.8607,R,R,YRFI,PASS,2,1,3,2026-05-14T00:09:24+00:00,-125,-105,DraftKings,2026-05-14T00:01:18+00:00,0.5556,0.5122,-0.0734,0.0056,0.0634,N,1,,-125,-105,2026-05-13T23:38:46+00:00,0,0.4981,PASS,NO EDGE,,,,,,,
2026-05-13,2026,822815,1,N,TB,TOR,7:07 PM ET,Griffin Jax,Dylan Cease,643377,656302,ltd,live,live,live,1.01,0.383,0.4751,0.8581,0.1976,0.2767,0.4742,0.6863,0.3137,0.2122,0.7878,,,NRFI,STRONG,STRONG NRFI,4,2026-05-13T22:06:59Z,4.459,3.506,1.323,1.282,3.792,2.493,3.63,3.69,1.2,0.63,10.52,12.39,0.327,0.311,0.388,0.386,4.513,4.241,,,,1.0,0.6,1.0,0.6,1.0,0.3503,0.3538,0.3682,0.441,0.0939,0.1572,lineup,lineup,"[{""id"": 543807, ""name"": ""George Springer"", ""bats"": ""R"", ""obp"": 0.2871287128712871, ""slg"": 0.32967032967032966, ""iso"": 0.12087912087912087, ""ab"": 91}, {""id"": 682818, ""name"": ""Yohendrick Pi\u00f1ango"", ""bats"": ""L"", ""obp"": 0.4117647058823529, ""slg"": 0.4375, ""iso"": 0.0625, ""ab"": 32}, {""id"": 665489, ""name"": ""Vladimir Guerrero Jr."", ""bats"": ""R"", ""obp"": 0.375, ""slg"": 0.37662337662337664, ""iso"": 0.08441558441558444, ""ab"": 154}]","[{""id"": 802415, ""name"": ""Chandler Simpson"", ""bats"": ""L"", ""obp"": 0.3393939393939394, ""slg"": 0.358974358974359, ""iso"": 0.04487179487179488, ""ab"": 156}, {""id"": 810938, ""name"": ""Ben Williamson"", ""bats"": ""R"", ""obp"": 0.3467741935483871, ""slg"": 0.33636363636363636, ""iso"": 0.07272727272727275, ""ab"": 110}, {""id"": 666018, ""name"": ""Jonathan Aranda"", ""bats"": ""L"", ""obp"": 0.3806818181818182, ""slg"": 0.4827586206896552, ""iso"": 0.2, ""ab"": 145}]","[{""name"": ""away_top3c_iso"", ""value"": 0.1572, ""contribution"": -0.1765}, {""name"": ""home_fip"", ""value"": 2.4929, ""contribution"": -0.1571}, {""name"": ""away_top3c_obp"", ""value"": 0.3538, ""contribution"": 0.0889}, {""name"": ""home_whiff_pct_rank"", ""value"": 97.0, ""contribution"": -0.0806}, {""name"": ""era_gap_t1"", ""value"": -0.9527, ""contribution"": -0.0625}]","[{""name"": ""home_top3c_iso"", ""value"": 0.0939, ""contribution"": -0.2244}, {""name"": ""away_whiff_pct_rank"", ""value"": 100.0, ""contribution"": -0.1535}, {""name"": ""home_top3c_slg"", ""value"": 0.3682, ""contribution"": 0.1534}, {""name"": ""away_avg_ip_per_start"", ""value"": 2.2, ""contribution"": 0.1327}, {""name"": ""wx_is_dome"", ""value"": 1.0, ""contribution"": -0.0809}]",623938,0.4993,3.276,3.203,97.0,100.0,0.7396,0.7136,6.13,2.2,0.7383,0.7413,R,R,NRFI,WIN,0,0,0,2026-05-13T23:16:43+00:00,-155,+115,DraftKings,2026-05-13T22:10:17+00:00,0.6078,0.4651,0.0785,-0.1514,0.0785,Y,1,0.645,-145,+110,2026-05-13T22:06:55+00:00,0.016,0.6370,NRFI,STRONG,,,,,,,
2026-05-13,2026,824519,1,N,WSH,CIN,6:40 PM ET,Jake Irvin,Nick Lodolo,663623,666157,live,live,live,live,1.09,0.4821,0.578,1.0601,0.4107,0.4823,0.893,0.3576,0.6424,0.2863,0.7137,,,YRFI,STRONG,STRONG YRFI,4,2026-05-13T21:38:05Z,5.462,3.717,1.395,1.086,4.704,4.035,3.38,1.78,1.53,1.52,7.79,8.37,0.323,0.308,0.412,0.388,5.154,4.118,17.1,24.3,49.0,0.0,1.0,0.6,0.9,0.6,0.3445,0.3451,0.4796,0.4677,0.2194,0.2326,lineup,lineup,"[{""id"": 667472, ""name"": ""Dane Myers"", ""bats"": ""R"", ""obp"": 0.3709677419354839, ""slg"": 0.29411764705882354, ""iso"": 0.05882352941176472, ""ab"": 51}, {""id"": 682829, ""name"": ""Elly De La Cruz"", ""bats"": ""S"", ""obp"": 0.3548387096774194, ""slg"": 0.5178571428571429, ""iso"": 0.22619047619047622, ""ab"": 168}, {""id"": 701398, ""name"": ""Sal Stewart"", ""bats"": ""R"", ""obp"": 0.33516483516483514, ""slg"": 0.49375, ""iso"": 0.23750000000000004, ""ab"": 160}]","[{""id"": 695578, ""name"": ""James Wood"", ""bats"": ""L"", ""obp"": 0.39195979899497485, ""slg"": 0.5375, ""iso"": 0.29374999999999996, ""ab"": 160}, {""id"": 678391, ""name"": ""Jorbit Vivas"", ""bats"": ""L"", ""obp"": 0.32954545454545453, ""slg"": 0.2857142857142857, ""iso"": 0.038961038961038946, ""ab"": 77}, {""id"": 677588, ""name"": ""Jos\u00e9 Tena"", ""bats"": ""L"", ""obp"": 0.34146341463414637, ""slg"": 0.4666666666666667, ""iso"": 0.18666666666666665, ""ab"": 75}]","[{""name"": ""away_top3c_iso"", ""value"": 0.2326, ""contribution"": 0.458}, {""name"": ""away_top3c_slg"", ""value"": 0.4677, ""contribution"": -0.185}, {""name"": ""era_gap_t1"", ""value"": -1.7457, ""contribution"": -0.1145}, {""name"": ""home_p_last5_pitcher_nrfi"", ""value"": 1.0, ""contribution"": 0.0473}, {""name"": ""away_top3c_obp"", ""value"": 0.3451, ""contribution"": 0.0386}]","[{""name"": ""away_whiff_pct_rank"", ""value"": 7.0, ""contribution"": 0.1327}, {""name"": ""home_top3c_iso"", ""value"": 0.2194, ""contribution"": 0.1114}, {""name"": ""era_gap_b1"", ""value"": 1.7457, ""contribution"": 0.0927}, {""name"": ""home_top3c_slg"", ""value"": 0.4796, ""contribution"": -0.0826}, {""name"": ""wx_wind_kmh"", ""value"": 24.3, ""contribution"": 0.0598}]",665298,0.5084,4.2,5.257,50.0,7.0,0.7075,0.7396,5.33,5.13,0.9000,0.8450,R,L,YRFI,WIN,0,1,1,2026-05-13T22:54:44+00:00,-110,-120,DraftKings,2026-05-13T21:45:39+00:00,0.5238,0.5455,-0.1662,0.0969,0.0969,Y,1,0.833,-110,-120,2026-05-13T21:39:11+00:00,0,0.3991,YRFI,STRONG,,,,,,,
2026-05-13,2026,823631,1,N,DET,NYM,7:10 PM ET,Framber Valdez,Christian Scott,664285,681035,live,sm,live,live,0.96,0.4409,0.395,0.8358,0.3652,0.3476,0.7128,0.4726,0.5274,0.2041,0.7959,,,PASS,NO EDGE,PASS - No edge,4,2026-05-13T22:56:55Z,4.132,3.999,1.328,1.235,3.644,4.041,3.16,3.75,0.88,1.12,8.01,9.63,0.322,0.298,0.398,0.362,4.276,3.853,16.4,27.2,62.0,0.0,0.3333,0.6,0.3333,0.6,0.2995,0.3574,0.3446,0.4326,0.1123,0.1501,lineup,lineup,"[{""id"": 701807, ""name"": ""Carson Benge"", ""bats"": ""L"", ""obp"": 0.2803030303030303, ""slg"": 0.3305785123966942, ""iso"": 0.11570247933884298, ""ab"": 121}, {""id"": 666182, ""name"": ""Bo Bichette"", ""bats"": ""R"", ""obp"": 0.2722222222222222, ""slg"": 0.2891566265060241, ""iso"": 0.06626506024096385, ""ab"": 166}, {""id"": 669004, ""name"": ""MJ Melendez"", ""bats"": ""L"", ""obp"": 0.3508771929824561, ""slg"": 0.48, ""iso"": 0.21999999999999997, ""ab"": 50}]","[{""id"": 805808, ""name"": ""Kevin McGonigle"", ""bats"": ""L"", ""obp"": 0.4034090909090909, ""slg"": 0.44666666666666666, ""iso"": 0.14666666666666667, ""ab"": 150}, {""id"": 693307, ""name"": ""Dillon Dingler"", ""bats"": ""R"", ""obp"": 0.3049645390070922, ""slg"": 0.4609375, ""iso"": 0.2265625, ""ab"": 128}, {""id"": 663330, ""name"": ""Jahmai Jones"", ""bats"": ""R"", ""obp"": 0.23076923076923078, ""slg"": 0.3469387755102041, ""iso"": 0.16326530612244897, ""ab"": 49}]","[{""name"": ""away_top3c_iso"", ""value"": 0.1501, ""contribution"": -0.2361}, {""name"": ""home_xera"", ""value"": 8.0432, ""contribution"": 0.1433}, {""name"": ""away_top3c_obp"", ""value"": 0.3574, ""contribution"": 0.11}, {""name"": ""home_avg_ip_per_start"", ""value"": 3.6667, ""contribution"": 0.1029}, {""name"": ""home_p_last5_pitcher_nrfi"", ""value"": 0.3333, ""contribution"": -0.0634}]","[{""name"": ""home_top3c_slg"", ""value"": 0.3446, ""contribution"": 0.2034}, {""name"": ""home_top3c_iso"", ""value"": 0.1123, ""contribution"": -0.1752}, {""name"": ""wx_wind_kmh"", ""value"": 27.2, ""contribution"": 0.074}, {""name"": ""home_obp"", ""value"": 0.2982, ""contribution"": -0.0707}, {""name"": ""home_top3c_obp"", ""value"": 0.2995, ""contribution"": -0.0675}]",608093,0.5118,8.043,3.74,50.0,67.0,0.7136,0.751,3.67,5.27,0.6127,0.7327,L,R,YRFI,PASS,2,0,2,2026-05-13T23:26:30+00:00,-135,+105,DraftKings,2026-05-13T23:10:43+00:00,0.5745,0.4878,-0.1019,0.0396,,N,,,-135,+105,2026-05-13T23:05:23+00:00,,0.3767,YRFI,STRONG,,,,,,,
2026-05-13,2026,824928,1,N,CHC,ATL,7:15 PM ET,Shota Imanaga,JR Ritchie,684007,702275,live,sm,live,live,0.98,0.5767,0.4345,1.0112,0.3895,0.3743,0.7638,0.4401,0.5599,0.2684,0.7316,,,PASS,NO EDGE,PASS - No edge,4,2026-05-13T23:14:26Z,2.946,4.029,0.958,1.325,3.714,4.956,2.09,4.13,1.3,1.47,8.83,8.28,0.337,0.331,0.413,0.442,4.978,5.259,25.2,13.7,40.0,0.0,0.6667,0.6,0.6667,0.5,0.3539,0.3354,0.4708,0.4103,0.1833,0.1538,lineup,lineup,"[{""id"": 643289, ""name"": ""Mauricio Dub\u00f3n"", ""bats"": ""R"", ""obp"": 0.32298136645962733, ""slg"": 0.39864864864864863, ""iso"": 0.13513513513513514, ""ab"": 148}, {""id"": 686948, ""name"": ""Drake Baldwin"", ""bats"": ""L"", ""obp"": 0.3802083333333333, ""slg"": 0.5088757396449705, ""iso"": 0.21301775147928997, ""ab"": 169}, {""id"": 645277, ""name"": ""Ozzie Albies"", ""bats"": ""S"", ""obp"": 0.35359116022099446, ""slg"": 0.49693251533742333, ""iso"": 0.196319018404908, ""ab"": 163}]","[{""id"": 663538, ""name"": ""Nico Hoerner"", ""bats"": ""R"", ""obp"": 0.3492063492063492, ""slg"": 0.41818181818181815, ""iso"": 0.14545454545454545, ""ab"": 165}, {""id"": 694208, ""name"": ""Mois\u00e9s Ballesteros"", ""bats"": ""L"", ""obp"": 0.3185840707964602, ""slg"": 0.48514851485148514, ""iso"": 0.2277227722772277, ""ab"": 101}, {""id"": 608324, ""name"": ""Alex Bregman"", ""bats"": ""R"", ""obp"": 0.3315508021390374, ""slg"": 0.3558282208588957, ""iso"": 0.1165644171779141, ""ab"": 163}]","[{""name"": ""away_top3c_slg"", ""value"": 0.4103, ""contribution"": 0.2165}, {""name"": ""away_top3c_iso"", ""value"": 0.1538, ""contribution"": -0.2048}, {""name"": ""home_fip"", ""value"": 4.9564, ""contribution"": 0.0936}, {""name"": ""wx_humidity"", ""value"": 40.0, ""contribution"": 0.0733}, {""name"": ""era_gap_t1"", ""value"": 1.0834, ""contribution"": 0.0713}]","[{""name"": ""home_top3c_slg"", ""value"": 0.4708, ""contribution"": -0.064}, {""name"": ""era_gap_b1"", ""value"": -1.0834, ""contribution"": -0.0577}, {""name"": ""home_obp"", ""value"": 0.3305, ""contribution"": 0.0574}, {""name"": ""away_p_last10_pitcher_nrfi"", ""value"": 0.5, ""contribution"": 0.0471}, {""name"": ""away_avg_ip_per_start"", ""value"": 6.2667, ""contribution"": -0.0439}]",503493,0.522,5.149,3.775,50.0,47.0,0.7136,0.7075,5.78,6.27,0.7480,0.7893,L,R,NRFI,PASS,0,0,0,2026-05-13T23:26:40+00:00,-125,-105,DraftKings,2026-05-13T23:10:43+00:00,0.5556,0.5122,-0.1155,0.0477,,N,,,-125,-105,2026-05-13T23:10:43+00:00,,0.4545,PASS,NO EDGE,,,,,,,
2026-05-13,2026,824603,1,N,KC,CWS,7:40 PM ET,Seth Lugo,Noah Schultz,607625,702273,live,sm,live,live,0.98,0.4679,0.4507,0.9185,0.3272,0.4464,0.7735,0.4401,0.5599,0.2343,0.7657,,,YRFI,LEAN,LEAN YRFI,4,2026-05-13T22:06:59Z,3.641,4.385,1.328,1.277,3.712,4.208,3.32,4.18,0.87,1.02,7.89,8.66,0.319,0.32,0.399,0.399,4.224,4.353,10.3,9.7,65.0,0.0,0.8,0.4,0.8,0.7,0.3711,0.3598,0.4917,0.4253,0.2486,0.1468,lineup,lineup,"[{""id"": 656537, ""name"": ""Derek Hill"", ""bats"": ""R"", ""obp"": 0.32653061224489793, ""slg"": 0.45454545454545453, ""iso"": 0.20454545454545453, ""ab"": 44}, {""id"": 808959, ""name"": ""Munetaka Murakami"", ""bats"": ""L"", ""obp"": 0.3615819209039548, ""slg"": 0.5448275862068965, ""iso"": 0.3172413793103448, ""ab"": 145}, {""id"": 678246, ""name"": ""Miguel Vargas"", ""bats"": ""R"", ""obp"": 0.375, ""slg"": 0.4788732394366197, ""iso"": 0.23943661971830985, ""ab"": 142}]","[{""id"": 672580, ""name"": ""Maikel Garcia"", ""bats"": ""R"", ""obp"": 0.3485714285714286, ""slg"": 0.42948717948717946, ""iso"": 0.1474358974358974, ""ab"": 156}, {""id"": 677951, ""name"": ""Bobby Witt Jr."", ""bats"": ""R"", ""obp"": 0.3723404255319149, ""slg"": 0.49101796407185627, ""iso"": 0.18562874251497002, ""ab"": 167}, {""id"": 695506, ""name"": ""Jac Caglianone"", ""bats"": ""L"", ""obp"": 0.30935251798561153, ""slg"": 0.40476190476190477, ""iso"": 0.16666666666666669, ""ab"": 126}]","[{""name"": ""away_top3c_iso"", ""value"": 0.1468, ""contribution"": -0.2638}, {""name"": ""away_top3c_obp"", ""value"": 0.3598, ""contribution"": 0.1242}, {""name"": ""away_top3c_slg"", ""value"": 0.4253, ""contribution"": 0.1112}, {""name"": ""era_gap_t1"", ""value"": 0.7434, ""contribution"": 0.0489}, {""name"": ""home_xera"", ""value"": 3.2713, ""contribution"": -0.0301}]","[{""name"": ""home_top3c_iso"", ""value"": 0.2486, ""contribution"": 0.1896}, {""name"": ""away_whiff_pct_rank"", ""value"": 12.0, ""contribution"": 0.1173}, {""name"": ""home_top3c_slg"", ""value"": 0.4917, ""contribution"": -0.1083}, {""name"": ""home_top3c_obp"", ""value"": 0.3711, ""contribution"": 0.0572}, {""name"": ""away_p_last5_pitcher_nrfi"", ""value"": 0.4, ""contribution"": 0.0506}]",668921,0.5084,3.271,4.793,50.0,12.0,0.7136,0.7797,5.0,6.0,0.9377,0.6690,R,L,NRFI,LOSS,0,0,0,2026-05-13T23:58:25+00:00,-125,-105,DraftKings,2026-05-14T00:01:18+00:00,0.5556,0.5122,-0.1155,0.0477,0.0477,N,0.5,0,-125,-105,2026-05-13T22:36:55+00:00,0,0.4658,PASS,NO EDGE,,,,,,,
2026-05-13,2026,823386,1,N,COL,PIT,6:40 PM ET,Jose Quintana,Mitch Keller,500779,656605,live,live,live,live,0.96,0.3545,0.5714,0.9259,0.2927,0.3799,0.6726,0.4903,0.5097,0.237,0.763,,,PASS,NO EDGE,PASS - No edge,4,2026-05-13T22:06:59Z,3.934,3.477,1.307,1.141,5.083,3.406,3.63,2.65,1.35,0.7,5.29,7.15,0.317,0.332,0.4,0.396,4.259,4.838,14.7,21.4,69.0,0.0,0.6,0.8,0.7,0.8,0.3483,0.3507,0.4289,0.4757,0.1738,0.1974,lineup,lineup,"[{""id"": 665833, ""name"": ""Oneil Cruz"", ""bats"": ""L"", ""obp"": 0.32972972972972975, ""slg"": 0.4911242603550296, ""iso"": 0.22485207100591714, ""ab"": 169}, {""id"": 804606, ""name"": ""Konnor Griffin"", ""bats"": ""R"", ""obp"": 0.3125, ""slg"": 0.3875968992248062, ""iso"": 0.13953488372093026, ""ab"": 129}, {""id"": 668804, ""name"": ""Bryan Reynolds"", ""bats"": ""S"", ""obp"": 0.3956043956043956, ""slg"": 0.3931034482758621, ""iso"": 0.14482758620689656, ""ab"": 145}]","[{""id"": 650489, ""name"": ""Willi Castro"", ""bats"": ""S"", ""obp"": 0.30327868852459017, ""slg"": 0.3392857142857143, ""iso"": 0.09821428571428573, ""ab"": 112}, {""id"": 666160, ""name"": ""Mickey Moniak"", ""bats"": ""L"", ""obp"": 0.3484848484848485, ""slg"": 0.6475409836065574, ""iso"": 0.34426229508196726, ""ab"": 122}, {""id"": 671289, ""name"": ""Tyler Freeman"", ""bats"": ""R"", ""obp"": 0.34408602150537637, ""slg"": 0.3614457831325301, ""iso"": 0.09638554216867468, ""ab"": 83}]","[{""name"": ""away_top3c_slg"", ""value"": 0.4757, ""contribution"": -0.2411}, {""name"": ""away_top3c_iso"", ""value"": 0.1974, ""contribution"": 0.1621}, {""name"": ""away_top3c_obp"", ""value"": 0.3507, ""contribution"": 0.0708}, {""name"": ""home_fip"", ""value"": 3.406, ""contribution"": -0.0641}, {""name"": ""home_whiff_pct_rank"", ""value"": 18.0, ""contribution"": 0.055}]","[{""name"": ""away_whiff_pct_rank"", ""value"": 4.0, ""contribution"": 0.1419}, {""name"": ""home_plate_ump_nrfi_rate"", ""value"": 0.4534, ""contribution"": -0.1343}, {""name"": ""home_obp"", ""value"": 0.332, ""contribution"": 0.0633}, {""name"": ""fi_park_nrfi_rate"", ""value"": 0.5188, ""contribution"": -0.0573}, {""name"": ""wx_wind_kmh"", ""value"": 21.4, ""contribution"": 0.0456}]",594151,0.4534,4.372,5.074,18.0,4.0,0.7396,0.7613,5.8,5.13,0.8380,0.8863,L,R,NRFI,PASS,0,0,0,2026-05-13T23:16:42+00:00,-125,-105,DraftKings,2026-05-13T23:10:43+00:00,0.5556,0.5122,-0.0653,-0.0025,,N,,,-125,-105,2026-05-13T22:36:55+00:00,,0.4658,PASS,NO EDGE,,,,,,,
2026-05-13,2026,824841,1,N,NYY,BAL,1:05 PM ET,Max Fried,Kyle Bradish,608331,680694,live,ltd,live,live,1.06,0.5533,0.3396,0.893,0.5442,0.2714,0.8156,0.4401,0.5599,0.2249,0.7751,,,YRFI,LEAN,LEAN YRFI,4,2026-05-13T15:49:28Z,2.89,4.299,1.011,1.429,2.715,3.902,2.61,3.97,0.35,1.1,7.95,9.96,0.329,0.315,0.433,0.387,4.996,4.358,23.2,16.2,34.0,0.0,1.0,0.8,0.9,0.8,0.3408,0.38,0.4239,0.5635,0.1803,0.3094,lineup,lineup,"[{""id"": 621493, ""name"": ""Taylor Ward"", ""bats"": ""R"", ""obp"": 0.42408376963350786, ""slg"": 0.3783783783783784, ""iso"": 0.11486486486486491, ""ab"": 148}, {""id"": 683002, ""name"": ""Gunnar Henderson"", ""bats"": ""L"", ""obp"": 0.25773195876288657, ""slg"": 0.4022346368715084, ""iso"": 0.2011173184357542, ""ab"": 179}, {""id"": 668939, ""name"": ""Adley Rutschman"", ""bats"": ""S"", ""obp"": 0.3425925925925926, ""slg"": 0.53, ""iso"": 0.24000000000000005, ""ab"": 100}]","[{""id"": 663757, ""name"": ""Trent Grisham"", ""bats"": ""L"", ""obp"": 0.3067484662576687, ""slg"": 0.37037037037037035, ""iso"": 0.19259259259259257, ""ab"": 135}, {""id"": 700250, ""name"": ""Ben Rice"", ""bats"": ""L"", ""obp"": 0.4166666666666667, ""slg"": 0.6821705426356589, ""iso"": 0.37209302325581395, ""ab"": 129}, {""id"": 592450, ""name"": ""Aaron Judge"", ""bats"": ""R"", ""obp"": 0.4126984126984127, ""slg"": 0.6339869281045751, ""iso"": 0.3594771241830065, ""ab"": 153}]","[{""name"": ""away_top3c_iso"", ""value"": 0.3094, ""contribution"": 1.1047}, {""name"": ""away_top3c_slg"", ""value"": 0.5635, ""contribution"": -0.855}, {""name"": ""away_top3c_obp"", ""value"": 0.38, ""contribution"": 0.2416}, {""name"": ""wx_humidity"", ""value"": 34.0, ""contribution"": 0.0974}, {""name"": ""era_gap_t1"", ""value"": 1.4093, ""contribution"": 0.0927}]","[{""name"": ""home_plate_ump_nrfi_rate"", ""value"": 0.4415, ""contribution"": -0.162}, {""name"": ""era_gap_b1"", ""value"": -1.4093, ""contribution"": -0.075}, {""name"": ""away_whiff_pct_rank"", ""value"": 72.0, ""contribution"": -0.0673}, {""name"": ""fi_park_nrfi_rate"", ""value"": 0.5156, ""contribution"": -0.049}, {""name"": ""away_avg_ip_per_start"", ""value"": 6.1333, ""contribution"": -0.0381}]",554242,0.4415,3.85,2.863,94.0,72.0,0.7508,0.7197,5.47,6.13,0.8860,0.8503,L,R,NRFI,LOSS,0,0,0,2026-05-13T17:22:46+00:00,-115,-115,DraftKings,2026-05-13T17:14:46+00:00,0.5349,0.5349,-0.0948,0.025,0.025,N,0.5,0,-115,-110,2026-05-13T16:04:21+00:00,0.0111,0.4658,PASS,NO EDGE,,,,,,,
2026-05-13,2026,824195,1,N,SEA,HOU,8:10 PM ET,Bryce Miller,Lance McCullers Jr.,682243,621121,ltd,ltd,live,live,0.99,0.5554,0.5712,1.1266,0.3692,0.3253,0.6945,0.4792,0.5208,0.3107,0.6893,,,PASS,NO EDGE,PASS - No edge,4,2026-05-14T00:08:08Z,5.31,6.248,1.37,1.504,4.832,4.674,3.35,4.95,1.57,1.36,7.77,9.57,0.319,0.327,0.389,0.419,4.254,4.582,,,,1.0,0.4,0.8,0.6,0.8,0.3701,0.3314,0.4643,0.3831,0.1875,0.1403,lineup,lineup,"[{""id"": 514888, ""name"": ""Jose Altuve"", ""bats"": ""R"", ""obp"": 0.3391812865497076, ""slg"": 0.3815789473684211, ""iso"": 0.125, ""ab"": 152}, {""id"": 670541, ""name"": ""Yordan Alvarez"", ""bats"": ""L"", ""obp"": 0.4126984126984127, ""slg"": 0.6163522012578616, ""iso"": 0.3081761006289308, ""ab"": 159}, {""id"": 670623, ""name"": ""Isaac Paredes"", ""bats"": ""R"", ""obp"": 0.3525641025641026, ""slg"": 0.3795620437956204, ""iso"": 0.11678832116788318, ""ab"": 137}]","[{""id"": 641487, ""name"": ""J.P. Crawford"", ""bats"": ""L"", ""obp"": 0.36, ""slg"": 0.325, ""iso"": 0.125, ""ab"": 120}, {""id"": 677594, ""name"": ""Julio Rodr\u00edguez"", ""bats"": ""R"", ""obp"": 0.3315508021390374, ""slg"": 0.43859649122807015, ""iso"": 0.1695906432748538, ""ab"": 171}, {""id"": 647304, ""name"": ""Josh Naylor"", ""bats"": ""L"", ""obp"": 0.3063583815028902, ""slg"": 0.3670886075949367, ""iso"": 0.12025316455696203, ""ab"": 158}]","[{""name"": ""away_top3c_slg"", ""value"": 0.3831, ""contribution"": 0.4065}, {""name"": ""away_top3c_iso"", ""value"": 0.1403, ""contribution"": -0.3188}, {""name"": ""home_fip"", ""value"": 4.6738, ""contribution"": 0.0649}, {""name"": ""era_gap_t1"", ""value"": 0.9382, ""contribution"": 0.0617}, {""name"": ""home_p_last5_pitcher_nrfi"", ""value"": 0.4, ""contribution"": -0.0523}]","[{""name"": ""wx_is_dome"", ""value"": 1.0, ""contribution"": -0.0809}, {""name"": ""home_top3c_obp"", ""value"": 0.3701, ""contribution"": 0.0555}, {""name"": ""home_top3c_slg"", ""value"": 0.4643, ""contribution"": -0.0501}, {""name"": ""era_gap_b1"", ""value"": -0.9382, ""contribution"": -0.0499}, {""name"": ""fi_park_nrfi_rate"", ""value"": 0.4773, ""contribution"": 0.0498}]",577468,0.4946,5.259,4.2,52.0,50.0,0.664,0.7272,4.6,5.13,0.6657,0.8747,R,R,YRFI,PASS,1,0,1,2026-05-14T00:25:02+00:00,-115,-115,DraftKings,2026-05-14T00:06:39+00:00,0.5349,0.5349,-0.0557,-0.0141,,N,,,-115,-115,2026-05-14T00:06:39+00:00,,0.4658,PASS,NO EDGE,,,,,,,
2026-05-13,2026,824438,1,N,LAA,CLE,1:10 PM ET,Reid Detmers,Parker Messick,672282,800048,live,ltd,live,live,0.96,0.3446,0.3945,0.7391,0.2699,0.3393,0.6092,0.5274,0.4726,0.1695,0.8305,,,PASS,LINEUP PENDING,PASS - Lineup pending,4,2026-05-13T16:16:53Z,4.207,2.951,1.257,1.113,3.202,3.222,3.25,2.34,0.81,0.92,9.99,9.34,0.32,0.321,0.395,0.377,4.272,4.233,10.4,18.9,71.0,0.0,1.0,1.0,0.9,0.875,0.3385,0.3202,0.4382,0.3947,0.1888,0.169,lineup,team_fallback,"[{""id"": 682657, ""name"": ""Angel Mart\u00ednez"", ""bats"": ""S"", ""obp"": 0.3014705882352941, ""slg"": 0.4566929133858268, ""iso"": 0.19685039370078744, ""ab"": 127}, {""id"": 608070, ""name"": ""Jos\u00e9 Ram\u00edrez"", ""bats"": ""S"", ""obp"": 0.33678756476683935, ""slg"": 0.37037037037037035, ""iso"": 0.16049382716049382, ""ab"": 162}, {""id"": 800050, ""name"": ""Chase DeLauter"", ""bats"": ""L"", ""obp"": 0.37267080745341613, ""slg"": 0.5, ""iso"": 0.2142857142857143, ""ab"": 140}]","[{""id"": 687093, ""name"": ""Vaughn Grissom"", ""bats"": ""R"", ""obp"": 0.345679012345679, ""slg"": 0.44285714285714284, ""iso"": 0.17142857142857143, ""ab"": 70}, {""id"": 545361, ""name"": ""Mike Trout"", ""bats"": ""R"", ""obp"": 0.418848167539267, ""slg"": 0.5167785234899329, ""iso"": 0.26174496644295303, ""ab"": 149}, {""id"": 666176, ""name"": ""Jo Adell"", ""bats"": ""R"", ""obp"": 0.31666666666666665, ""slg"": 0.41317365269461076, ""iso"": 0.13772455089820357, ""ab"": 167}]","[{""name"": ""away_top3c_slg"", ""value"": 0.3947, ""contribution"": 0.3251}, {""name"": ""away_top3c_obp"", ""value"": 0.3202, ""contribution"": -0.1065}, {""name"": ""home_fip"", ""value"": 3.2221, ""contribution"": -0.0829}, {""name"": ""era_gap_t1"", ""value"": -1.2555, ""contribution"": -0.0823}, {""name"": ""away_top3c_iso"", ""value"": 0.169, ""contribution"": -0.0772}]","[{""name"": ""era_gap_b1"", ""value"": 1.2555, ""contribution"": 0.0666}, {""name"": ""fi_park_nrfi_rate"", ""value"": 0.5217, ""contribution"": -0.0648}, {""name"": ""away_whiff_pct_rank"", ""value"": 65.0, ""contribution"": -0.0458}, {""name"": ""away_p_last5_pitcher_nrfi"", ""value"": 1.0, ""contribution"": -0.0441}, {""name"": ""wx_temp_c"", ""value"": 10.4, ""contribution"": -0.0349}]",427248,0.5131,2.618,3.122,66.0,65.0,0.7136,0.7613,5.87,5.6,0.8670,0.9290,L,L,YRFI,PASS,0,2,2,2026-05-13T17:31:21+00:00,-155,+120,DraftKings,2026-05-13T17:14:46+00:00,0.6078,0.4545,-0.0804,0.0181,-0.0804,N,0.5,,-160,+120,2026-05-13T16:31:18+00:00,-0.0075,0.6243,NRFI,STRONG,,,,,,,
2026-05-13,2026,822900,1,N,ARI,TEX,8:05 PM ET,Ryne Nelson,Kumar Rocker,669194,677958,live,ltd,live,live,1.07,0.5174,0.4933,1.0106,0.3111,0.3722,0.6833,0.4829,0.5171,0.2681,0.7319,,,PASS,NO EDGE,PASS - No edge,4,2026-05-13T23:14:26Z,4.506,5.017,1.163,1.432,4.341,4.36,2.84,3.41,1.43,1.27,7.99,8.0,0.302,0.316,0.394,0.381,4.299,3.908,,,,1.0,0.0,0.8,0.3,0.7,0.3305,0.3196,0.3881,0.4062,0.1542,0.1758,lineup,lineup,"[{""id"": 592626, ""name"": ""Joc Pederson"", ""bats"": ""L"", ""obp"": 0.3333333333333333, ""slg"": 0.35106382978723405, ""iso"": 0.12765957446808512, ""ab"": 94}, {""id"": 607043, ""name"": ""Brandon Nimmo"", ""bats"": ""L"", ""obp"": 0.3672316384180791, ""slg"": 0.4358974358974359, ""iso"": 0.14743589743589747, ""ab"": 156}, {""id"": 608369, ""name"": ""Corey Seager"", ""bats"": ""L"", ""obp"": 0.29213483146067415, ""slg"": 0.3618421052631579, ""iso"": 0.17763157894736845, ""ab"": 152}]","[{""id"": 606466, ""name"": ""Ketel Marte"", ""bats"": ""S"", ""obp"": 0.2606060606060606, ""slg"": 0.36363636363636365, ""iso"": 0.15584415584415584, ""ab"": 154}, {""id"": 682998, ""name"": ""Corbin Carroll"", ""bats"": ""L"", ""obp"": 0.36419753086419754, ""slg"": 0.49635036496350365, ""iso"": 0.23357664233576642, ""ab"": 137}, {""id"": 672695, ""name"": ""Geraldo Perdomo"", ""bats"": ""S"", ""obp"": 0.33548387096774196, ""slg"": 0.36153846153846153, ""iso"": 0.13846153846153844, ""ab"": 130}]","[{""name"": ""away_top3c_slg"", ""value"": 0.4062, ""contribution"": 0.245}, {""name"": ""home_p_last5_pitcher_nrfi"", ""value"": 0.0, ""contribution"": -0.1187}, {""name"": ""away_top3c_obp"", ""value"": 0.3196, ""contribution"": -0.1103}, {""name"": ""fi_park_nrfi_rate"", ""value"": 0.5436, ""contribution"": -0.0669}, {""name"": ""home_plate_ump_nrfi_rate"", ""value"": 0.574, ""contribution"": -0.0585}]","[{""name"": ""home_plate_ump_nrfi_rate"", ""value"": 0.574, ""contribution"": 0.1466}, {""name"": ""fi_park_nrfi_rate"", ""value"": 0.5436, ""contribution"": -0.1212}, {""name"": ""home_top3c_slg"", ""value"": 0.3881, ""contribution"": 0.1114}, {""name"": ""away_whiff_pct_rank"", ""value"": 15.0, ""contribution"": 0.1081}, {""name"": ""wx_is_dome"", ""value"": 1.0, ""contribution"": -0.0809}]",596740,0.574,4.973,3.934,44.0,15.0,0.7136,0.751,4.47,4.6,0.7103,0.7563,R,R,NRFI,PASS,0,0,0,2026-05-14T00:25:01+00:00,-120,-110,DraftKings,2026-05-14T00:01:18+00:00,0.5455,0.5238,-0.0626,-0.0067,,N,,,-120,-110,2026-05-14T00:01:18+00:00,,0.4877,PASS,NO EDGE,,,,,,,
2026-05-13,2026,823952,1,N,SF,LAD,10:10 PM ET,Robbie Ray,Shohei Ohtani,592662,660271,live,ltd,live,live,0.97,0.2847,0.514,0.7987,0.1767,0.3625,0.5392,0.6224,0.3776,0.1907,0.8093,,,NRFI,STRONG,STRONG NRFI,4,2026-05-14T01:00:55Z,3.178,2.377,1.146,0.996,4.194,2.794,3.6,2.41,1.36,0.73,9.28,10.14,0.299,0.336,0.381,0.426,3.715,4.82,22.1,16.3,52.0,0.0,1.0,1.0,1.0,0.9,0.3295,0.3228,0.4,0.4017,0.1419,0.1175,lineup,lineup,"[{""id"": 605141, ""name"": ""Mookie Betts"", ""bats"": ""R"", ""obp"": 0.24390243902439024, ""slg"": 0.35135135135135137, ""iso"": 0.1891891891891892, ""ab"": 37}, {""id"": 669257, ""name"": ""Will Smith"", ""bats"": ""R"", ""obp"": 0.3333333333333333, ""slg"": 0.36752136752136755, ""iso"": 0.10256410256410259, ""ab"": 117}, {""id"": 518692, ""name"": ""Freddie Freeman"", ""bats"": ""L"", ""obp"": 0.3468208092485549, ""slg"": 0.4358974358974359, ""iso"": 0.16025641025641024, ""ab"": 156}]","[{""id"": 808982, ""name"": ""Jung Hoo Lee"", ""bats"": ""L"", ""obp"": 0.3157894736842105, ""slg"": 0.3860759493670886, ""iso"": 0.11392405063291139, ""ab"": 158}, {""id"": 650333, ""name"": ""Luis Arraez"", ""bats"": ""L"", ""obp"": 0.3373493975903614, ""slg"": 0.3741935483870968, ""iso"": 0.07096774193548389, ""ab"": 155}, {""id"": 671218, ""name"": ""Heliot Ramos"", ""bats"": ""R"", ""obp"": 0.3151515151515151, ""slg"": 0.44516129032258067, ""iso"": 0.167741935483871, ""ab"": 155}]","[{""name"": ""away_top3c_iso"", ""value"": 0.1175, ""contribution"": -0.5107}, {""name"": ""away_top3c_slg"", ""value"": 0.4017, ""contribution"": 0.2762}, {""name"": ""home_fip"", ""value"": 2.7939, ""contribution"": -0.1264}, {""name"": ""away_top3c_obp"", ""value"": 0.3228, ""contribution"": -0.0915}, {""name"": ""home_xera"", ""value"": 1.7145, ""contribution"": -0.0867}]","[{""name"": ""home_top3c_iso"", ""value"": 0.1419, ""contribution"": -0.0958}, {""name"": ""home_top3c_slg"", ""value"": 0.4, ""contribution"": 0.0861}, {""name"": ""home_obp"", ""value"": 0.3357, ""contribution"": 0.0779}, {""name"": ""away_p_last5_pitcher_nrfi"", ""value"": 1.0, ""contribution"": -0.0441}, {""name"": ""away_whiff_pct_rank"", ""value"": 64.0, ""contribution"": -0.0427}]",676581,0.5084,1.714,3.719,85.0,64.0,0.7396,0.7197,6.2,5.67,0.7593,0.3790,L,R,NRFI,WIN,0,0,0,2026-05-14T02:26:20+00:00,-150,+115,DraftKings,2026-05-14T01:15:08+00:00,0.6,0.4651,0.0224,-0.0875,0.0224,Y,1,0.667,-150,+115,2026-05-14T01:09:44+00:00,0,0.6451,NRFI,STRONG,,,,,,,
2026-05-13,2026,824763,1,N,PHI,BOS,6:45 PM ET,Andrew Painter,Sonny Gray,691725,543243,ltd,live,live,live,1.05,0.4075,0.5308,0.9383,0.3662,0.3656,0.7317,0.4688,0.5312,0.2416,0.7584,,,PASS,NO EDGE,PASS - No edge,4,2026-05-13T22:06:59Z,5.4,3.975,1.455,1.255,4.457,3.662,3.27,2.04,1.41,1.13,8.67,7.89,0.305,0.314,0.399,0.368,4.189,3.996,18.2,17.7,47.0,0.0,0.8,0.8,0.8,0.8333,0.3138,0.3422,0.3925,0.5098,0.1502,0.2648,lineup,lineup,"[{""id"": 680776, ""name"": ""Jarren Duran"", ""bats"": ""L"", ""obp"": 0.24675324675324675, ""slg"": 0.3146853146853147, ""iso"": 0.1258741258741259, ""ab"": 143}, {""id"": 643396, ""name"": ""Isiah Kiner-Falefa"", ""bats"": ""R"", ""obp"": 0.24390243902439024, ""slg"": 0.20512820512820512, ""iso"": 0.0, ""ab"": 39}, {""id"": 677800, ""name"": ""Wilyer Abreu"", ""bats"": ""L"", ""obp"": 0.3742690058479532, ""slg"": 0.4666666666666667, ""iso"": 0.17333333333333334, ""ab"": 150}]","[{""id"": 656941, ""name"": ""Kyle Schwarber"", ""bats"": ""L"", ""obp"": 0.35638297872340424, ""slg"": 0.6114649681528662, ""iso"": 0.38216560509554137, ""ab"": 157}, {""id"": 547180, ""name"": ""Bryce Harper"", ""bats"": ""L"", ""obp"": 0.367816091954023, ""slg"": 0.5466666666666666, ""iso"": 0.2733333333333333, ""ab"": 150}, {""id"": 666969, ""name"": ""Adolis Garc\u00eda"", ""bats"": ""R"", ""obp"": 0.2994011976047904, ""slg"": 0.36666666666666664, ""iso"": 0.1333333333333333, ""ab"": 150}]","[{""name"": ""away_top3c_iso"", ""value"": 0.2648, ""contribution"": 0.7293}, {""name"": ""away_top3c_slg"", ""value"": 0.5098, ""contribution"": -0.4796}, {""name"": ""era_gap_t1"", ""value"": -1.4244, ""contribution"": -0.0934}, {""name"": ""wx_humidity"", ""value"": 47.0, ""contribution"": 0.0451}, {""name"": ""home_fip"", ""value"": 3.662, ""contribution"": -0.0381}]","[{""name"": ""home_top3c_slg"", ""value"": 0.3925, ""contribution"": 0.102}, {""name"": ""era_gap_b1"", ""value"": 1.4244, ""contribution"": 0.0756}, {""name"": ""home_top3c_iso"", ""value"": 0.1502, ""contribution"": -0.0738}, {""name"": ""home_top3c_obp"", ""value"": 0.3138, ""contribution"": -0.0426}, {""name"": ""away_avg_ip_per_start"", ""value"": 4.4667, ""contribution"": 0.0342}]",483564,0.5037,3.87,5.526,65.0,50.0,0.678,0.7136,4.8,4.47,0.8297,0.6740,R,R,NRFI,PASS,0,0,0,2026-05-13T22:59:08+00:00,-105,-125,DraftKings,2026-05-13T22:53:11+00:00,0.5122,0.5556,-0.0434,-0.0244,,N,,,-105,-125,2026-05-13T22:42:32+00:00,,0.4521,PASS,NO EDGE,,,,,,,
2026-05-14,2026,825008,1,N,STL,OAK,3:05 PM ET,Michael McGreevy,Jacob Lopez,700241,682052,live,live,live,live,0.93,0.5709,0.3865,0.9574,0.5052,0.4489,0.9542,0.3082,0.6918,0.2486,0.7514,,,YRFI,STRONG,STRONG YRFI,4,2026-05-14T17:46:20Z,3.212,5.044,1.043,1.492,3.939,5.189,2.07,4.75,1.07,1.71,6.4,8.97,0.32,0.325,0.394,0.407,4.575,4.434,22.9,12.7,45.0,0.0,0.8,0.8,0.7,0.7,0.3672,0.3779,0.4934,0.466,0.2259,0.1979,lineup,lineup,"[{""id"": 701762, ""name"": ""Nick Kurtz"", ""bats"": ""L"", ""obp"": 0.41798941798941797, ""slg"": 0.4533333333333333, ""iso"": 0.18666666666666665, ""ab"": 150}, {""id"": 669127, ""name"": ""Shea Langeliers"", ""bats"": ""R"", ""obp"": 0.39080459770114945, ""slg"": 0.6242038216560509, ""iso"": 0.2929936305732484, ""ab"": 157}, {""id"": 691016, ""name"": ""Tyler Soderstrom"", ""bats"": ""L"", ""obp"": 0.2857142857142857, ""slg"": 0.3959731543624161, ""iso"": 0.19463087248322147, ""ab"": 149}]","[{""id"": 802139, ""name"": ""JJ Wetherholt"", ""bats"": ""L"", ""obp"": 0.3626943005181347, ""slg"": 0.42857142857142855, ""iso"": 0.18012422360248445, ""ab"": 161}, {""id"": 671056, ""name"": ""Iv\u00e1n Herrera"", ""bats"": ""R"", ""obp"": 0.4010416666666667, ""slg"": 0.4155844155844156, ""iso"": 0.1493506493506494, ""ab"": 154}, {""id"": 691023, ""name"": ""Jordan Walker"", ""bats"": ""R"", ""obp"": 0.3693181818181818, ""slg"": 0.5548387096774193, ""iso"": 0.264516129032258, ""ab"": 155}]","[{""name"": ""away_top3c_obp"", ""value"": 0.3779, ""contribution"": 0.2295}, {""name"": ""away_top3c_slg"", ""value"": 0.466, ""contribution"": -0.1728}, {""name"": ""away_top3c_iso"", ""value"": 0.1979, ""contribution"": 0.1659}, {""name"": ""era_gap_t1"", ""value"": 1.8321, ""contribution"": 0.1204}, {""name"": ""home_fip"", ""value"": 5.1887, ""contribution"": 0.1173}]","[{""name"": ""fi_park_nrfi_rate"", ""value"": 0.4401, ""contribution"": 0.1456}, {""name"": ""away_whiff_pct_rank"", ""value"": 3.0, ""contribution"": 0.145}, {""name"": ""home_top3c_iso"", ""value"": 0.2259, ""contribution"": 0.1287}, {""name"": ""home_top3c_slg"", ""value"": 0.4934, ""contribution"": -0.1119}, {""name"": ""era_gap_b1"", ""value"": -1.8321, ""contribution"": -0.0974}]",681849,0.5084,3.53,4.913,71.0,3.0,0.7136,0.7136,5.2,5.73,0.9057,0.9087,R,L,YRFI,WIN,0,1,1,2026-05-14T19:19:21+00:00,+110,-145,DraftKings,2026-05-14T18:06:33+00:00,0.4762,0.5918,-0.168,0.1,0.1,Y,1,0.69,+110,-145,2026-05-14T18:01:16+00:00,0,0.4596,PASS,NO EDGE,,,,,,,
2026-05-14,2026,824762,1,N,PHI,BOS,6:45 PM ET,Jesús Luzardo,Ranger Suarez,666200,624133,live,live,live,live,1.05,0.3478,0.3915,0.7393,0.2652,0.2844,0.5495,0.5971,0.4029,0.1696,0.8304,,,NRFI,STRONG,STRONG NRFI,4,2026-05-14T21:18:16Z,4.881,2.988,1.313,1.087,2.805,3.144,2.64,2.24,0.92,0.75,11.27,8.03,0.304,0.314,0.396,0.37,4.134,3.978,11.3,5.1,98.0,0.0,0.8,0.8,0.6,0.9,0.3131,0.3351,0.39,0.4897,0.1448,0.2479,lineup,lineup,"[{""id"": 680776, ""name"": ""Jarren Duran"", ""bats"": ""L"", ""obp"": 0.24050632911392406, ""slg"": 0.30612244897959184, ""iso"": 0.12244897959183673, ""ab"": 147}, {""id"": 655316, ""name"": ""Andruw Monasterio"", ""bats"": ""R"", ""obp"": 0.30158730158730157, ""slg"": 0.3793103448275862, ""iso"": 0.1379310344827586, ""ab"": 58}, {""id"": 677800, ""name"": ""Wilyer Abreu"", ""bats"": ""L"", ""obp"": 0.38285714285714284, ""slg"": 0.474025974025974, ""iso"": 0.16883116883116883, ""ab"": 154}]","[{""id"": 607208, ""name"": ""Trea Turner"", ""bats"": ""R"", ""obp"": 0.2864864864864865, ""slg"": 0.34502923976608185, ""iso"": 0.1111111111111111, ""ab"": 171}, {""id"": 656941, ""name"": ""Kyle Schwarber"", ""bats"": ""L"", ""obp"": 0.359375, ""slg"": 0.6037735849056604, ""iso"": 0.3773584905660377, ""ab"": 159}, {""id"": 547180, ""name"": ""Bryce Harper"", ""bats"": ""L"", ""obp"": 0.3595505617977528, ""slg"": 0.5324675324675324, ""iso"": 0.2662337662337662, ""ab"": 154}]","[{""name"": ""away_top3c_iso"", ""value"": 0.2479, ""contribution"": 0.5875}, {""name"": ""away_top3c_slg"", ""value"": 0.4897, ""contribution"": -0.3386}, {""name"": ""wx_humidity"", ""value"": 98.0, ""contribution"": -0.1603}, {""name"": ""era_gap_t1"", ""value"": -1.8929, ""contribution"": -0.1242}, {""name"": ""home_fip"", ""value"": 3.144, ""contribution"": -0.0908}]","[{""name"": ""away_whiff_pct_rank"", ""value"": 90.0, ""contribution"": -0.1227}, {""name"": ""home_top3c_slg"", ""value"": 0.39, ""contribution"": 0.1074}, {""name"": ""era_gap_b1"", ""value"": 1.8929, ""contribution"": 0.1005}, {""name"": ""home_top3c_iso"", ""value"": 0.1448, ""contribution"": -0.088}, {""name"": ""home_plate_ump_nrfi_rate"", ""value"": 0.4901, ""contribution"": -0.0488}]",483919,0.4901,2.896,3.2,31.0,90.0,0.7136,0.7272,6.13,5.27,0.6507,0.7367,L,L,NRFI,WIN,0,0,0,2026-05-14T23:20:04+00:00,-165,+125,DraftKings,2026-05-14T21:48:06+00:00,0.6226,0.4444,-0.029,-0.038,-0.029,Y,1,0.606,-165,+125,2026-05-14T21:42:51+00:00,0,0.6405,NRFI,STRONG,,,,,,,
2026-05-14,2026,823383,1,N,COL,PIT,12:35 PM ET,Chase Dollander,Mason Montgomery,801403,682254,live,ltd,live,live,0.96,0.4457,0.5346,0.9802,0.3333,0.4204,0.7537,0.4401,0.5599,0.257,0.743,,,PASS,NO EDGE,PASS - No edge,4,2026-05-14T16:08:27Z,4.673,4.242,1.337,1.369,4.334,3.628,3.9,4.2,1.3,1.03,8.85,11.15,0.317,0.331,0.404,0.395,4.358,4.823,11.7,12.0,64.0,0.0,1.0,0.6,1.0,0.6,0.3604,0.2797,0.4719,0.3796,0.2165,0.1636,lineup,lineup,"[{""id"": 665833, ""name"": ""Oneil Cruz"", ""bats"": ""L"", ""obp"": 0.328042328042328, ""slg"": 0.48255813953488375, ""iso"": 0.22093023255813954, ""ab"": 172}, {""id"": 664040, ""name"": ""Brandon Lowe"", ""bats"": ""L"", ""obp"": 0.3614457831325301, ""slg"": 0.5460992907801419, ""iso"": 0.29078014184397166, ""ab"": 141}, {""id"": 668804, ""name"": ""Bryan Reynolds"", ""bats"": ""S"", ""obp"": 0.3924731182795699, ""slg"": 0.38926174496644295, ""iso"": 0.14093959731543623, ""ab"": 149}]","[{""id"": 687597, ""name"": ""Jordan Beck"", ""bats"": ""R"", ""obp"": 0.2261904761904762, ""slg"": 0.2948717948717949, ""iso"": 0.11538461538461539, ""ab"": 78}, {""id"": 686668, ""name"": ""Brenton Doyle"", ""bats"": ""R"", ""obp"": 0.2727272727272727, ""slg"": 0.26, ""iso"": 0.06, ""ab"": 100}, {""id"": 696100, ""name"": ""Hunter Goodman"", ""bats"": ""R"", ""obp"": 0.3125, ""slg"": 0.5068493150684932, ""iso"": 0.26027397260273977, ""ab"": 146}]","[{""name"": ""away_top3c_slg"", ""value"": 0.3796, ""contribution"": 0.4306}, {""name"": ""away_top3c_obp"", ""value"": 0.2797, ""contribution"": -0.3428}, {""name"": ""home_avg_ip_per_start"", ""value"": 1.0, ""contribution"": 0.2776}, {""name"": ""away_top3c_iso"", ""value"": 0.1636, ""contribution"": -0.1228}, {""name"": ""home_xera"", ""value"": 2.4928, ""contribution"": -0.0584}]","[{""name"": ""home_top3c_iso"", ""value"": 0.2165, ""contribution"": 0.1035}, {""name"": ""home_plate_ump_nrfi_rate"", ""value"": 0.5403, ""contribution"": 0.0681}, {""name"": ""home_top3c_slg"", ""value"": 0.4719, ""contribution"": -0.0662}, {""name"": ""home_obp"", ""value"": 0.3313, ""contribution"": 0.0607}, {""name"": ""fi_park_nrfi_rate"", ""value"": 0.5188, ""contribution"": -0.0573}]",607884,0.5403,2.493,4.378,50.0,38.0,0.7136,0.7136,1.0,5.73,0.8100,0.8757,R,L,YRFI,PASS,0,3,3,2026-05-14T16:54:21+00:00,-155,+120,DraftKings,2026-05-14T16:54:21+00:00,0.6078,0.4545,-0.1677,0.1054,,N,,,-155,+120,2026-05-14T16:32:50+00:00,,0.5121,PASS,NO EDGE,,,,,,,
2026-05-14,2026,824602,1,N,KC,CWS,7:40 PM ET,Kris Bubic,Anthony Kay,663460,641743,live,ltd,live,live,0.98,0.511,0.4052,0.9162,0.4951,0.2958,0.7909,0.4401,0.5599,0.2334,0.7666,,,YRFI,LEAN,LEAN YRFI,4,2026-05-14T22:01:37Z,3.084,4.522,1.176,1.399,3.136,4.74,3.81,3.75,0.54,1.36,9.09,7.75,0.319,0.322,0.398,0.401,4.237,4.382,14.3,15.0,41.0,0.0,0.8,1.0,0.6667,0.8,0.3595,0.3619,0.4674,0.4257,0.2202,0.151,lineup,lineup,"[{""id"": 805367, ""name"": ""Chase Meidroth"", ""bats"": ""R"", ""obp"": 0.3392857142857143, ""slg"": 0.3933333333333333, ""iso"": 0.12, ""ab"": 150}, {""id"": 678246, ""name"": ""Miguel Vargas"", ""bats"": ""R"", ""obp"": 0.3756906077348066, ""slg"": 0.4726027397260274, ""iso"": 0.23287671232876714, ""ab"": 146}, {""id"": 808959, ""name"": ""Munetaka Murakami"", ""bats"": ""L"", ""obp"": 0.3626373626373626, ""slg"": 0.5369127516778524, ""iso"": 0.3087248322147651, ""ab"": 149}]","[{""id"": 672580, ""name"": ""Maikel Garcia"", ""bats"": ""R"", ""obp"": 0.35, ""slg"": 0.42138364779874216, ""iso"": 0.1446540880503145, ""ab"": 159}, {""id"": 677951, ""name"": ""Bobby Witt Jr."", ""bats"": ""R"", ""obp"": 0.37823834196891193, ""slg"": 0.5058823529411764, ""iso"": 0.19999999999999996, ""ab"": 170}, {""id"": 695506, ""name"": ""Jac Caglianone"", ""bats"": ""L"", ""obp"": 0.30714285714285716, ""slg"": 0.4015748031496063, ""iso"": 0.16535433070866143, ""ab"": 127}]","[{""name"": ""away_top3c_iso"", ""value"": 0.151, ""contribution"": -0.2288}, {""name"": ""away_top3c_obp"", ""value"": 0.3619, ""contribution"": 0.1362}, {""name"": ""home_xera"", ""value"": 7.5858, ""contribution"": 0.1267}, {""name"": ""away_top3c_slg"", ""value"": 0.4257, ""contribution"": 0.1082}, {""name"": ""era_gap_t1"", ""value"": 1.4384, ""contribution"": 0.0946}]","[{""name"": ""home_plate_ump_nrfi_rate"", ""value"": 0.4391, ""contribution"": -0.1676}, {""name"": ""home_top3c_iso"", ""value"": 0.2202, ""contribution"": 0.1136}, {""name"": ""away_whiff_pct_rank"", ""value"": 79.0, ""contribution"": -0.0888}, {""name"": ""era_gap_b1"", ""value"": -1.4384, ""contribution"": -0.0765}, {""name"": ""home_top3c_slg"", ""value"": 0.4674, ""contribution"": -0.0568}]",521251,0.4391,7.586,3.358,50.0,79.0,0.7272,0.751,4.67,5.67,0.9377,0.8790,L,L,YRFI,WIN,1,2,3,2026-05-15T00:06:36+00:00,-130,+100,DraftKings,2026-05-14T23:44:19+00:00,0.5652,0.5,-0.1251,0.0599,0.0599,N,0.5,0,-130,+100,2026-05-14T22:36:45+00:00,0,0.3767,YRFI,STRONG,,,,,,,
2026-05-14,2026,823789,1,N,SD,MIL,1:40 PM ET,Griffin Canning,Kyle Harrison,656288,690986,ltd,ltd,live,live,1.03,0.4206,0.543,0.9636,0.233,0.2807,0.5137,0.686,0.314,0.2508,0.7492,,,NRFI,STRONG,STRONG NRFI,4,2026-05-14T16:08:27Z,4.45,3.361,1.384,1.257,3.978,3.552,4.01,3.41,1.03,1.0,9.13,10.04,0.301,0.33,0.379,0.372,4.276,4.886,,,,1.0,0.8,0.8,0.8,0.7,0.3883,0.3169,0.4483,0.3536,0.1536,0.1194,lineup,lineup,"[{""id"": 694192, ""name"": ""Jackson Chourio"", ""bats"": ""R"", ""obp"": 0.3939393939393939, ""slg"": 0.43333333333333335, ""iso"": 0.10000000000000003, ""ab"": 30}, {""id"": 687401, ""name"": ""Joey Ortiz"", ""bats"": ""R"", ""obp"": 0.26262626262626265, ""slg"": 0.24719101123595505, ""iso"": 0.0449438202247191, ""ab"": 89}, {""id"": 661388, ""name"": ""William Contreras"", ""bats"": ""R"", ""obp"": 0.3609467455621302, ""slg"": 0.4, ""iso"": 0.11333333333333334, ""ab"": 150}]","[{""id"": 823550, ""name"": ""Sung-Mun Song"", ""bats"": ""L"", ""obp"": 0.2857142857142857, ""slg"": 0.25, ""iso"": 0.08333333333333334, ""ab"": 12}, {""id"": 665487, ""name"": ""Fernando Tatis Jr."", ""bats"": ""R"", ""obp"": 0.3275862068965517, ""slg"": 0.2980132450331126, ""iso"": 0.04635761589403975, ""ab"": 151}, {""id"": 664034, ""name"": ""Ty France"", ""bats"": ""R"", ""obp"": 0.2876712328767123, ""slg"": 0.5142857142857142, ""iso"": 0.2571428571428571, ""ab"": 70}]","[{""name"": ""away_top3c_slg"", ""value"": 0.3536, ""contribution"": 0.6125}, {""name"": ""away_top3c_iso"", ""value"": 0.1194, ""contribution"": -0.4951}, {""name"": ""fi_park_nrfi_rate"", ""value"": 0.5878, ""contribution"": -0.1298}, {""name"": ""away_top3c_obp"", ""value"": 0.3169, ""contribution"": -0.1259}, {""name"": ""era_gap_t1"", ""value"": -1.0899, ""contribution"": -0.0715}]","[{""name"": ""fi_park_nrfi_rate"", ""value"": 0.5878, ""contribution"": -0.2352}, {""name"": ""home_top3c_obp"", ""value"": 0.3883, ""contribution"": 0.0872}, {""name"": ""wx_is_dome"", ""value"": 1.0, ""contribution"": -0.0809}, {""name"": ""home_top3c_iso"", ""value"": 0.1536, ""contribution"": -0.0646}, {""name"": ""away_whiff_pct_rank"", ""value"": 69.0, ""contribution"": -0.0581}]",427013,0.504,4.038,4.668,74.0,69.0,0.664,0.7136,4.67,4.27,0.5877,0.6130,R,L,YRFI,LOSS,0,3,3,2026-05-14T18:12:10+00:00,-130,+100,DraftKings,2026-05-14T16:43:44+00:00,0.5652,0.5,0.1208,-0.186,0.1208,Y,1,-1,-130,+100,2026-05-14T16:38:08+00:00,0,0.6370,NRFI,STRONG,,,,,,,
2026-05-14,2026,824926,1,N,CHC,ATL,7:15 PM ET,Ben Brown,Chris Sale,676962,519242,live,live,live,live,0.98,0.3438,0.4525,0.7963,0.296,0.4417,0.7377,0.4565,0.5435,0.1899,0.8101,,,PASS,NO EDGE,PASS - No edge,4,2026-05-14T22:48:36Z,4.075,2.371,1.204,0.965,3.395,2.796,2.77,2.25,0.99,0.96,9.35,10.99,0.336,0.33,0.408,0.443,4.909,5.237,21.7,19.4,27.0,0.0,1.0,0.6,0.8,0.5,0.3667,0.3497,0.5485,0.4086,0.2535,0.1602,lineup,lineup,"[{""id"": 686948, ""name"": ""Drake Baldwin"", ""bats"": ""L"", ""obp"": 0.37755102040816324, ""slg"": 0.5202312138728323, ""iso"": 0.22543352601156064, ""ab"": 173}, {""id"": 645277, ""name"": ""Ozzie Albies"", ""bats"": ""S"", ""obp"": 0.34782608695652173, ""slg"": 0.4879518072289157, ""iso"": 0.1927710843373494, ""ab"": 166}, {""id"": 621566, ""name"": ""Matt Olson"", ""bats"": ""L"", ""obp"": 0.3736842105263158, ""slg"": 0.6385542168674698, ""iso"": 0.34337349397590355, ""ab"": 166}]","[{""id"": 663538, ""name"": ""Nico Hoerner"", ""bats"": ""R"", ""obp"": 0.3471502590673575, ""slg"": 0.41420118343195267, ""iso"": 0.14201183431952663, ""ab"": 169}, {""id"": 608324, ""name"": ""Alex Bregman"", ""bats"": ""R"", ""obp"": 0.33507853403141363, ""slg"": 0.3592814371257485, ""iso"": 0.11377245508982037, ""ab"": 167}, {""id"": 664023, ""name"": ""Ian Happ"", ""bats"": ""S"", ""obp"": 0.3675675675675676, ""slg"": 0.45695364238410596, ""iso"": 0.23178807947019867, ""ab"": 151}]","[{""name"": ""away_top3c_slg"", ""value"": 0.4086, ""contribution"": 0.2279}, {""name"": ""away_top3c_iso"", ""value"": 0.1602, ""contribution"": -0.1516}, {""name"": ""home_fip"", ""value"": 2.7958, ""contribution"": -0.1262}, {""name"": ""wx_humidity"", ""value"": 27.0, ""contribution"": 0.1256}, {""name"": ""era_gap_t1"", ""value"": -1.704, ""contribution"": -0.1118}]","[{""name"": ""home_top3c_slg"", ""value"": 0.5485, ""contribution"": -0.2286}, {""name"": ""home_top3c_iso"", ""value"": 0.2535, ""contribution"": 0.2025}, {""name"": ""era_gap_b1"", ""value"": 1.704, ""contribution"": 0.0905}, {""name"": ""home_plate_ump_nrfi_rate"", ""value"": 0.4819, ""contribution"": -0.0679}, {""name"": ""home_obp"", ""value"": 0.3299, ""contribution"": 0.0548}]",596805,0.4819,2.52,2.77,85.0,43.0,0.7396,0.7136,6.6,4.93,0.8387,0.9210,R,L,NRFI,PASS,0,0,0,2026-05-14T23:30:44+00:00,-145,+110,DraftKings,2026-05-14T23:44:19+00:00,0.5918,0.4762,-0.1314,0.0634,,N,,,-145,+110,2026-05-14T23:12:30+00:00,,0.4879,PASS,NO EDGE,,,,,,,
2026-05-14,2026,824196,1,N,SEA,HOU,2:10 PM ET,Luis Castillo,Mike Burrows,622491,681347,live,live,live,live,0.99,0.4664,0.4946,0.961,0.2851,0.3921,0.6772,0.4838,0.5162,0.2499,0.7501,,,PASS,NO EDGE,PASS - No edge,4,2026-05-14T17:46:20Z,5.018,4.542,1.395,1.367,3.972,4.21,2.67,2.9,1.28,1.43,8.41,8.79,0.319,0.328,0.389,0.419,4.233,4.572,,,,1.0,0.8,0.6,0.7,0.7,0.3755,0.3341,0.5029,0.4063,0.2206,0.1484,lineup,lineup,"[{""id"": 805904, ""name"": ""Zach Cole"", ""bats"": ""L"", ""obp"": 0.3333333333333333, ""slg"": 0.6086956521739131, ""iso"": 0.30434782608695654, ""ab"": 23}, {""id"": 514888, ""name"": ""Jose Altuve"", ""bats"": ""R"", ""obp"": 0.3352272727272727, ""slg"": 0.3741935483870968, ""iso"": 0.12258064516129036, ""ab"": 155}, {""id"": 670541, ""name"": ""Yordan Alvarez"", ""bats"": ""L"", ""obp"": 0.4175257731958763, ""slg"": 0.6111111111111112, ""iso"": 0.3024691358024692, ""ab"": 162}]","[{""id"": 680977, ""name"": ""Brendan Donovan"", ""bats"": ""L"", ""obp"": 0.38461538461538464, ""slg"": 0.4189189189189189, ""iso"": 0.16216216216216217, ""ab"": 74}, {""id"": 677594, ""name"": ""Julio Rodr\u00edguez"", ""bats"": ""R"", ""obp"": 0.3333333333333333, ""slg"": 0.44, ""iso"": 0.17142857142857143, ""ab"": 175}, {""id"": 647304, ""name"": ""Josh Naylor"", ""bats"": ""L"", ""obp"": 0.3089887640449438, ""slg"": 0.36419753086419754, ""iso"": 0.11728395061728397, ""ab"": 162}]","[{""name"": ""away_top3c_iso"", ""value"": 0.1484, ""contribution"": -0.2505}, {""name"": ""away_top3c_slg"", ""value"": 0.4063, ""contribution"": 0.244}, {""name"": ""wx_is_dome"", ""value"": 1.0, ""contribution"": -0.0518}, {""name"": ""home_avg_ip_per_start"", ""value"": 5.7333, ""contribution"": -0.0324}, {""name"": ""era_gap_t1"", ""value"": -0.476, ""contribution"": -0.0312}]","[{""name"": ""home_top3c_slg"", ""value"": 0.5029, ""contribution"": -0.132}, {""name"": ""home_top3c_iso"", ""value"": 0.2206, ""contribution"": 0.1146}, {""name"": ""wx_is_dome"", ""value"": 1.0, ""contribution"": -0.0809}, {""name"": ""home_top3c_obp"", ""value"": 0.3755, ""contribution"": 0.065}, {""name"": ""fi_park_nrfi_rate"", ""value"": 0.4773, ""contribution"": 0.0498}]",691042,0.5084,4.153,4.328,61.0,48.0,0.6942,0.8025,5.73,5.07,0.8610,0.8947,R,R,YRFI,PASS,3,0,3,2026-05-14T18:29:54+00:00,-115,-115,DraftKings,2026-05-14T18:33:18+00:00,0.5349,0.5349,-0.0511,-0.0187,,N,,,-115,-115,2026-05-14T18:06:33+00:00,,0.4658,PASS,NO EDGE,,,,,,,
2026-05-14,2026,823950,1,N,SF,LAD,10:10 PM ET,Landen Roupp,Emmet Sheehan,694738,686218,live,live,live,live,0.97,0.3613,0.4384,0.7997,0.2216,0.3387,0.5603,0.5726,0.4274,0.1911,0.8089,,,NRFI,STRONG,STRONG NRFI,4,2026-05-15T00:44:52Z,3.453,4.029,1.27,1.206,3.073,3.528,3.85,2.74,0.57,1.25,9.69,10.55,0.297,0.336,0.378,0.428,3.651,4.806,23.1,13.0,57.0,0.0,0.4,1.0,0.5,0.9,0.3462,0.3307,0.4055,0.4133,0.1406,0.1267,lineup,lineup,"[{""id"": 669257, ""name"": ""Will Smith"", ""bats"": ""R"", ""obp"": 0.3235294117647059, ""slg"": 0.35537190082644626, ""iso"": 0.09917355371900827, ""ab"": 121}, {""id"": 518692, ""name"": ""Freddie Freeman"", ""bats"": ""L"", ""obp"": 0.3502824858757062, ""slg"": 0.4339622641509434, ""iso"": 0.15723270440251574, ""ab"": 159}, {""id"": 663656, ""name"": ""Kyle Tucker"", ""bats"": ""L"", ""obp"": 0.35911602209944754, ""slg"": 0.4155844155844156, ""iso"": 0.1558441558441559, ""ab"": 154}]","[{""id"": 808982, ""name"": ""Jung Hoo Lee"", ""bats"": ""L"", ""obp"": 0.30857142857142855, ""slg"": 0.3765432098765432, ""iso"": 0.1111111111111111, ""ab"": 162}, {""id"": 650333, ""name"": ""Luis Arraez"", ""bats"": ""L"", ""obp"": 0.34705882352941175, ""slg"": 0.379746835443038, ""iso"": 0.069620253164557, ""ab"": 158}, {""id"": 669477, ""name"": ""Casey Schmitt"", ""bats"": ""R"", ""obp"": 0.3380281690140845, ""slg"": 0.5, ""iso"": 0.2153846153846154, ""ab"": 130}]","[{""name"": ""away_top3c_iso"", ""value"": 0.1267, ""contribution"": -0.4337}, {""name"": ""away_top3c_slg"", ""value"": 0.4133, ""contribution"": 0.195}, {""name"": ""home_whiff_pct_rank"", ""value"": 96.0, ""contribution"": -0.0789}, {""name"": ""home_p_last5_pitcher_nrfi"", ""value"": 0.4, ""contribution"": -0.0523}, {""name"": ""home_fip"", ""value"": 3.5281, ""contribution"": -0.0517}]","[{""name"": ""home_top3c_iso"", ""value"": 0.1406, ""contribution"": -0.0995}, {""name"": ""home_plate_ump_nrfi_rate"", ""value"": 0.4707, ""contribution"": -0.094}, {""name"": ""home_obp"", ""value"": 0.3358, ""contribution"": 0.0783}, {""name"": ""home_top3c_slg"", ""value"": 0.4055, ""contribution"": 0.0744}, {""name"": ""away_p_last5_pitcher_nrfi"", ""value"": 1.0, ""contribution"": -0.0441}]",427243,0.4707,2.975,3.796,96.0,41.0,0.7396,0.7075,5.33,5.4,0.7950,0.7630,R,R,YRFI,LOSS,0,1,1,2026-05-15T02:22:45+00:00,-145,+110,DraftKings,2026-05-15T01:14:09+00:00,0.5918,0.4762,-0.0233,-0.0447,-0.0233,Y,1,-1,-145,+110,2026-05-15T01:08:54+00:00,0,0.6431,NRFI,STRONG,,,,,,,
2026-05-14,2026,824517,1,N,WSH,CIN,12:40 PM ET,Foster Griffin,Chase Burns,656492,695505,ltd,ltd,live,live,1.09,0.4958,0.4821,0.9778,0.3211,0.3972,0.7183,0.4726,0.5274,0.2561,0.7439,,,PASS,NO EDGE,PASS - No edge,4,2026-05-14T16:08:27Z,3.085,3.132,1.132,1.148,4.063,3.688,3.05,3.15,1.18,1.15,8.52,9.9,0.323,0.309,0.413,0.388,5.203,4.168,18.6,9.3,31.0,0.0,1.0,0.6,1.0,0.75,0.3454,0.3293,0.4706,0.4529,0.2046,0.2092,lineup,lineup,"[{""id"": 667472, ""name"": ""Dane Myers"", ""bats"": ""R"", ""obp"": 0.35384615384615387, ""slg"": 0.2777777777777778, ""iso"": 0.05555555555555558, ""ab"": 54}, {""id"": 666181, ""name"": ""Will Benson"", ""bats"": ""L"", ""obp"": 0.3333333333333333, ""slg"": 0.3333333333333333, ""iso"": 0.1515151515151515, ""ab"": 66}, {""id"": 701398, ""name"": ""Sal Stewart"", ""bats"": ""R"", ""obp"": 0.3315508021390374, ""slg"": 0.4817073170731707, ""iso"": 0.23170731707317072, ""ab"": 164}]","[{""id"": 686894, ""name"": ""Joey Wiemer"", ""bats"": ""R"", ""obp"": 0.38666666666666666, ""slg"": 0.5230769230769231, ""iso"": 0.23076923076923078, ""ab"": 65}, {""id"": 671277, ""name"": ""Luis Garc\u00eda Jr."", ""bats"": ""L"", ""obp"": 0.2923076923076923, ""slg"": 0.432, ""iso"": 0.15999999999999998, ""ab"": 125}, {""id"": 691781, ""name"": ""Brady House"", ""bats"": ""R"", ""obp"": 0.2848101265822785, ""slg"": 0.3904109589041096, ""iso"": 0.16438356164383564, ""ab"": 146}]","[{""name"": ""away_top3c_iso"", ""value"": 0.2092, ""contribution"": 0.2613}, {""name"": ""wx_humidity"", ""value"": 31.0, ""contribution"": 0.1095}, {""name"": ""home_whiff_pct_rank"", ""value"": 100.0, ""contribution"": -0.0857}, {""name"": ""away_top3c_slg"", ""value"": 0.4529, ""contribution"": -0.0814}, {""name"": ""home_plate_ump_nrfi_rate"", ""value"": 0.5818, ""contribution"": -0.0657}]","[{""name"": ""home_plate_ump_nrfi_rate"", ""value"": 0.5818, ""contribution"": 0.1648}, {""name"": ""home_top3c_iso"", ""value"": 0.2046, ""contribution"": 0.0718}, {""name"": ""home_top3c_slg"", ""value"": 0.4706, ""contribution"": -0.0635}, {""name"": ""away_avg_ip_per_start"", ""value"": 6.2667, ""contribution"": -0.0439}, {""name"": ""fi_park_nrfi_rate"", ""value"": 0.4851, ""contribution"": 0.0297}]",427139,0.5818,3.446,4.362,100.0,59.0,0.7272,0.7136,6.13,6.27,0.6113,0.7557,L,R,NRFI,PASS,0,0,0,2026-05-14T16:55:02+00:00,-130,+100,DraftKings,2026-05-14T16:54:21+00:00,0.5652,0.5,-0.0926,0.0274,,N,,,-130,+100,2026-05-14T16:38:08+00:00,,0.4589,PASS,NO EDGE,,,,,,,
2026-05-14,2026,823630,1,N,DET,NYM,1:10 PM ET,Keider Montero,Nolan McLean,672456,690997,live,ltd,live,live,0.96,0.3271,0.3812,0.7084,0.2399,0.3597,0.5996,0.5335,0.4665,0.1587,0.8413,,,NRFI,LEAN,LEAN NRFI,4,2026-05-14T16:08:27Z,3.76,3.045,1.16,1.025,3.962,2.897,2.48,2.74,1.1,0.8,7.14,10.55,0.323,0.297,0.395,0.359,4.237,3.838,17.2,18.4,45.0,0.0,0.6,1.0,0.6,1.0,0.3005,0.3971,0.3443,0.4413,0.1089,0.1291,lineup,lineup,"[{""id"": 701807, ""name"": ""Carson Benge"", ""bats"": ""L"", ""obp"": 0.291970802919708, ""slg"": 0.3412698412698413, ""iso"": 0.11111111111111113, ""ab"": 126}, {""id"": 666182, ""name"": ""Bo Bichette"", ""bats"": ""R"", ""obp"": 0.2717391304347826, ""slg"": 0.28823529411764703, ""iso"": 0.06470588235294114, ""ab"": 170}, {""id"": 665742, ""name"": ""Juan Soto"", ""bats"": ""L"", ""obp"": 0.3565217391304348, ""slg"": 0.4444444444444444, ""iso"": 0.18181818181818177, ""ab"": 99}]","[{""id"": 805808, ""name"": ""Kevin McGonigle"", ""bats"": ""L"", ""obp"": 0.4088397790055249, ""slg"": 0.4444444444444444, ""iso"": 0.1437908496732026, ""ab"": 153}, {""id"": 690993, ""name"": ""Colt Keith"", ""bats"": ""L"", ""obp"": 0.3492063492063492, ""slg"": 0.37815126050420167, ""iso"": 0.0672268907563025, ""ab"": 119}, {""id"": 682985, ""name"": ""Riley Greene"", ""bats"": ""L"", ""obp"": 0.41899441340782123, ""slg"": 0.487012987012987, ""iso"": 0.16233766233766234, ""ab"": 154}]","[{""name"": ""away_top3c_iso"", ""value"": 0.1291, ""contribution"": -0.4131}, {""name"": ""away_top3c_obp"", ""value"": 0.3971, ""contribution"": 0.3415}, {""name"": ""home_fip"", ""value"": 2.8971, ""contribution"": -0.1159}, {""name"": ""wx_humidity"", ""value"": 45.0, ""contribution"": 0.0531}, {""name"": ""home_xera"", ""value"": 2.7225, ""contribution"": -0.0501}]","[{""name"": ""home_top3c_slg"", ""value"": 0.3443, ""contribution"": 0.2041}, {""name"": ""home_top3c_iso"", ""value"": 0.1089, ""contribution"": -0.1843}, {""name"": ""away_whiff_pct_rank"", ""value"": 9.0, ""contribution"": 0.1265}, {""name"": ""home_obp"", ""value"": 0.2974, ""contribution"": -0.0741}, {""name"": ""home_top3c_obp"", ""value"": 0.3005, ""contribution"": -0.0659}]",490319,0.5366,2.723,4.024,76.0,9.0,0.6796,0.7136,5.73,5.87,0.8620,0.7463,R,R,YRFI,LOSS,3,0,3,2026-05-14T17:27:08+00:00,-155,+120,DraftKings,2026-05-14T17:47:45+00:00,0.6078,0.4545,-0.0743,0.012,-0.0743,N,0.5,0,-155,+120,2026-05-14T16:08:10+00:00,0,0.5176,PASS,NO EDGE,,,,,,,
2026-05-14,2026,823709,1,N,MIA,MIN,1:40 PM ET,Braxton Garrett,Zebby Matthews,666129,805673,avg,ltd,live,live,0.97,0.4444,0.4767,0.9211,0.3097,0.3476,0.6573,0.5,0.5,0.2352,0.7648,,,PASS,NO DATA,PASS - No data,3,2026-05-14T17:01:31Z,4.2,5.096,1.25,1.408,4.2,3.908,3.2,2.89,1.2,1.31,8.9,9.63,0.322,0.322,0.385,0.393,4.341,4.634,23.1,17.0,30.0,0.0,0.4,0.5,0.4,0.5,0.3866,0.377,0.4499,0.5011,0.1576,0.1832,lineup,lineup,"[{""id"": 668885, ""name"": ""Austin Martin"", ""bats"": ""R"", ""obp"": 0.448, ""slg"": 0.4158415841584158, ""iso"": 0.08910891089108908, ""ab"": 101}, {""id"": 686797, ""name"": ""Brooks Lee"", ""bats"": ""S"", ""obp"": 0.3202614379084967, ""slg"": 0.40425531914893614, ""iso"": 0.14184397163120566, ""ab"": 141}, {""id"": 680777, ""name"": ""Ryan Jeffers"", ""bats"": ""R"", ""obp"": 0.40625, ""slg"": 0.5420560747663551, ""iso"": 0.24299065420560745, ""ab"": 107}]","[{""id"": 669364, ""name"": ""Xavier Edwards"", ""bats"": ""S"", ""obp"": 0.40555555555555556, ""slg"": 0.4840764331210191, ""iso"": 0.1656050955414013, ""ab"": 157}, {""id"": 689414, ""name"": ""Liam Hicks"", ""bats"": ""L"", ""obp"": 0.35374149659863946, ""slg"": 0.5271317829457365, ""iso"": 0.23255813953488375, ""ab"": 129}, {""id"": 672640, ""name"": ""Otto Lopez"", ""bats"": ""R"", ""obp"": 0.3672316384180791, ""slg"": 0.49700598802395207, ""iso"": 0.16167664670658682, ""ab"": 167}]","[{""name"": ""away_top3c_slg"", ""value"": 0.5011, ""contribution"": -0.4185}, {""name"": ""away_top3c_obp"", ""value"": 0.377, ""contribution"": 0.2245}, {""name"": ""wx_humidity"", ""value"": 30.0, ""contribution"": 0.1136}, {""name"": ""era_gap_t1"", ""value"": 0.8965, ""contribution"": 0.059}, {""name"": ""fi_park_nrfi_rate"", ""value"": 0.5352, ""contribution"": -0.055}]","[{""name"": ""fi_park_nrfi_rate"", ""value"": 0.5352, ""contribution"": -0.0997}, {""name"": ""home_top3c_obp"", ""value"": 0.3866, ""contribution"": 0.0842}, {""name"": ""home_plate_ump_nrfi_rate"", ""value"": 0.4839, ""contribution"": -0.0633}, {""name"": ""home_top3c_iso"", ""value"": 0.1576, ""contribution"": -0.0539}, {""name"": ""era_gap_b1"", ""value"": -0.8965, ""contribution"": -0.0477}]",665297,0.4839,4.2,4.2,50.0,50.0,0.7136,0.7136,5.33,5.0,0.8803,0.8650,L,R,NRFI,PASS,0,0,0,2026-05-14T18:03:11+00:00,-130,+100,DraftKings,2026-05-14T17:47:45+00:00,0.5652,0.5,-0.0652,0,,N,,,-130,+100,2026-05-14T17:37:11+00:00,,0.4877,PASS,NO EDGE,,,,,,,
2026-05-15,2026,822739,1,N,BAL,WSH,6:45 PM ET,Shane Baz,Zack Littell,669358,641793,live,live,live,live,0.97,0.6042,0.543,1.1471,0.5314,0.4266,0.958,0.3082,0.6918,0.3182,0.6818,,,YRFI,STRONG,STRONG YRFI,4,2026-05-15T21:13:37Z,5.19,5.295,1.451,1.34,4.157,6.415,3.68,2.35,1.21,2.57,8.6,5.31,0.316,0.322,0.387,0.41,4.403,5.131,21.8,10.7,35.0,0.0,0.6,0.4,0.8,0.7,0.3506,0.3386,0.4738,0.4256,0.2277,0.1831,lineup,lineup,"[{""id"": 695578, ""name"": ""James Wood"", ""bats"": ""L"", ""obp"": 0.38164251207729466, ""slg"": 0.5149700598802395, ""iso"": 0.28143712574850294, ""ab"": 167}, {""id"": 671277, ""name"": ""Luis Garc\u00eda Jr."", ""bats"": ""L"", ""obp"": 0.30597014925373134, ""slg"": 0.4409448818897638, ""iso"": 0.1653543307086614, ""ab"": 127}, {""id"": 678554, ""name"": ""Curtis Mead"", ""bats"": ""R"", ""obp"": 0.34615384615384615, ""slg"": 0.4431818181818182, ""iso"": 0.2159090909090909, ""ab"": 88}]","[{""id"": 683002, ""name"": ""Gunnar Henderson"", ""bats"": ""L"", ""obp"": 0.25252525252525254, ""slg"": 0.39344262295081966, ""iso"": 0.19672131147540983, ""ab"": 183}, {""id"": 621493, ""name"": ""Taylor Ward"", ""bats"": ""R"", ""obp"": 0.4256410256410256, ""slg"": 0.37748344370860926, ""iso"": 0.1125827814569536, ""ab"": 151}, {""id"": 668939, ""name"": ""Adley Rutschman"", ""bats"": ""S"", ""obp"": 0.3392857142857143, ""slg"": 0.5533980582524272, ""iso"": 0.2621359223300971, ""ab"": 103}]","[{""name"": ""home_fip"", ""value"": 6.4155, ""contribution"": 0.2421}, {""name"": ""away_top3c_slg"", ""value"": 0.4256, ""contribution"": 0.109}, {""name"": ""wx_humidity"", ""value"": 35.0, ""contribution"": 0.0934}, {""name"": ""home_whiff_pct_rank"", ""value"": 3.0, ""contribution"": 0.0808}, {""name"": ""away_top3c_iso"", ""value"": 0.1831, ""contribution"": 0.0413}]","[{""name"": ""home_top3c_iso"", ""value"": 0.2277, ""contribution"": 0.1337}, {""name"": ""home_top3c_slg"", ""value"": 0.4738, ""contribution"": -0.0703}, {""name"": ""fi_park_nrfi_rate"", ""value"": 0.4721, ""contribution"": 0.0631}, {""name"": ""away_p_last5_pitcher_nrfi"", ""value"": 0.4, ""contribution"": 0.0506}, {""name"": ""wx_is_dome"", ""value"": 0.0, ""contribution"": 0.0281}]",483630,0.522,4.871,3.874,3.0,59.0,0.6883,0.7136,4.73,5.67,0.9443,0.7707,R,R,NRFI,LOSS,0,0,0,2026-05-15T22:59:50+00:00,-110,-120,DraftKings,2026-05-15T21:58:01+00:00,0.5238,0.5455,-0.2156,0.1463,0.1463,Y,1,-1,-110,-120,2026-05-15T21:43:40+00:00,0,0.4570,PASS,NO EDGE,,,,,,,
2026-05-15,2026,824360,1,N,ARI,COL,8:40 PM ET,Merrill Kelly,Kyle Freeland,518876,607536,live,live,live,live,1.22,0.5805,0.702,1.2825,0.5063,0.4239,0.9302,0.3085,0.6915,0.367,0.633,,,YRFI,STRONG,STRONG YRFI,4,2026-05-15T23:19:37Z,5.137,5.417,1.433,1.441,4.854,4.478,3.88,2.23,1.5,1.6,7.7,7.53,0.304,0.317,0.394,0.402,4.311,4.318,28.3,14.3,15.0,0.0,0.8,0.8,0.8,0.7,0.3341,0.328,0.5154,0.407,0.2487,0.1744,lineup,lineup,"[{""id"": 666397, ""name"": ""Edouard Julien"", ""bats"": ""L"", ""obp"": 0.3412698412698413, ""slg"": 0.34545454545454546, ""iso"": 0.1, ""ab"": 110}, {""id"": 666160, ""name"": ""Mickey Moniak"", ""bats"": ""L"", ""obp"": 0.3546099290780142, ""slg"": 0.676923076923077, ""iso"": 0.36923076923076925, ""ab"": 130}, {""id"": 696100, ""name"": ""Hunter Goodman"", ""bats"": ""R"", ""obp"": 0.31097560975609756, ""slg"": 0.5, ""iso"": 0.2533333333333333, ""ab"": 150}]","[{""id"": 606466, ""name"": ""Ketel Marte"", ""bats"": ""S"", ""obp"": 0.27058823529411763, ""slg"": 0.3670886075949367, ""iso"": 0.1518987341772152, ""ab"": 158}, {""id"": 682998, ""name"": ""Corbin Carroll"", ""bats"": ""L"", ""obp"": 0.3772455089820359, ""slg"": 0.5035971223021583, ""iso"": 0.237410071942446, ""ab"": 139}, {""id"": 672695, ""name"": ""Geraldo Perdomo"", ""bats"": ""S"", ""obp"": 0.3375, ""slg"": 0.3533834586466165, ""iso"": 0.13533834586466165, ""ab"": 133}]","[{""name"": ""away_top3c_slg"", ""value"": 0.407, ""contribution"": 0.2394}, {""name"": ""wx_humidity"", ""value"": 15.0, ""contribution"": 0.174}, {""name"": ""fi_park_nrfi_rate"", ""value"": 0.4265, ""contribution"": 0.0998}, {""name"": ""away_top3c_obp"", ""value"": 0.328, ""contribution"": -0.0612}, {""name"": ""home_fip"", ""value"": 4.4784, ""contribution"": 0.045}]","[{""name"": ""home_top3c_iso"", ""value"": 0.2487, ""contribution"": 0.1898}, {""name"": ""fi_park_nrfi_rate"", ""value"": 0.4265, ""contribution"": 0.1809}, {""name"": ""home_top3c_slg"", ""value"": 0.5154, ""contribution"": -0.1584}, {""name"": ""home_plate_ump_nrfi_rate"", ""value"": 0.4948, ""contribution"": -0.0379}, {""name"": ""wx_humidity"", ""value"": 15.0, ""contribution"": 0.0349}]",503502,0.4948,4.924,4.616,24.0,52.0,0.6397,0.7185,5.13,5.2,0.9377,0.9597,R,L,YRFI,WIN,6,1,7,2026-05-16T01:12:11+00:00,+120,-155,DraftKings,2026-05-15T23:44:08+00:00,0.4545,0.6078,-0.1463,0.084,0.084,Y,1,0.645,+120,-155,2026-05-15T23:38:49+00:00,0,0.4144,YRFI,STRONG,,,,,,,
2026-05-15,2026,825009,1,N,SF,OAK,9:40 PM ET,Tyler Mahle,Aaron Civale,641816,650644,live,live,live,live,0.93,0.376,0.4925,0.8685,0.281,0.4612,0.7422,0.4474,0.5526,0.216,0.784,,,PASS,NO EDGE,PASS - No edge,4,2026-05-16T01:37:44Z,3.982,3.656,1.329,1.326,4.32,4.027,3.73,2.9,1.24,1.12,8.33,7.57,0.296,0.325,0.375,0.408,3.623,4.427,22.5,16.9,51.0,0.0,0.6,0.6,0.7,0.6,0.37,0.3178,0.4968,0.3566,0.226,0.0922,lineup,lineup,"[{""id"": 701762, ""name"": ""Nick Kurtz"", ""bats"": ""L"", ""obp"": 0.42783505154639173, ""slg"": 0.477124183006536, ""iso"": 0.20261437908496732, ""ab"": 153}, {""id"": 669127, ""name"": ""Shea Langeliers"", ""bats"": ""R"", ""obp"": 0.39664804469273746, ""slg"": 0.6234567901234568, ""iso"": 0.2839506172839506, ""ab"": 162}, {""id"": 691016, ""name"": ""Tyler Soderstrom"", ""bats"": ""L"", ""obp"": 0.2774566473988439, ""slg"": 0.38311688311688313, ""iso"": 0.18831168831168832, ""ab"": 154}]","[{""id"": 808982, ""name"": ""Jung Hoo Lee"", ""bats"": ""L"", ""obp"": 0.3128491620111732, ""slg"": 0.3939393939393939, ""iso"": 0.12727272727272726, ""ab"": 165}, {""id"": 650333, ""name"": ""Luis Arraez"", ""bats"": ""L"", ""obp"": 0.3390804597701149, ""slg"": 0.37037037037037035, ""iso"": 0.0679012345679012, ""ab"": 162}, {""id"": 656305, ""name"": ""Matt Chapman"", ""bats"": ""R"", ""obp"": 0.3016759776536313, ""slg"": 0.30434782608695654, ""iso"": 0.08074534161490685, ""ab"": 161}]","[{""name"": ""away_top3c_iso"", ""value"": 0.0922, ""contribution"": -0.7238}, {""name"": ""away_top3c_slg"", ""value"": 0.3566, ""contribution"": 0.5918}, {""name"": ""away_top3c_obp"", ""value"": 0.3178, ""contribution"": -0.1207}, {""name"": ""fi_park_nrfi_rate"", ""value"": 0.4401, ""contribution"": 0.0803}, {""name"": ""home_whiff_pct_rank"", ""value"": 28.0, ""contribution"": 0.0379}]","[{""name"": ""fi_park_nrfi_rate"", ""value"": 0.4401, ""contribution"": 0.1456}, {""name"": ""home_top3c_iso"", ""value"": 0.226, ""contribution"": 0.1291}, {""name"": ""home_top3c_slg"", ""value"": 0.4968, ""contribution"": -0.119}, {""name"": ""home_top3c_obp"", ""value"": 0.37, ""contribution"": 0.0553}, {""name"": ""home_plate_ump_nrfi_rate"", ""value"": 0.4897, ""contribution"": -0.0497}]",605673,0.4897,4.013,4.327,28.0,38.0,0.751,0.6796,5.2,5.4,0.7673,0.9087,R,R,NRFI,PASS,0,0,0,2026-05-16T01:56:43+00:00,+105,-135,DraftKings,2026-05-16T01:38:26+00:00,0.4878,0.5745,-0.0404,-0.0219,0.0501,N,1,,+105,-135,2026-05-16T01:38:26+00:00,0,0.4643,PASS,NO EDGE,,,,,,,
2026-05-15,2026,822983,1,N,MIA,TB,7:10 PM ET,Janson Junk,Ian Seymour,676083,693855,live,ltd,live,live,0.93,0.39,0.3369,0.7269,0.261,0.429,0.69,0.4828,0.5172,0.1652,0.8348,,,PASS,NO EDGE,PASS - No edge,4,2026-05-15T22:44:24Z,3.689,4.466,1.129,1.276,3.29,3.525,1.66,3.32,0.76,0.98,6.63,9.91,0.321,0.327,0.382,0.385,4.284,4.487,,,,1.0,0.6,0.8,0.6,0.7,0.3538,0.378,0.435,0.4968,0.1535,0.1793,lineup,lineup,"[{""id"": 802415, ""name"": ""Chandler Simpson"", ""bats"": ""L"", ""obp"": 0.32941176470588235, ""slg"": 0.34375, ""iso"": 0.04375000000000001, ""ab"": 160}, {""id"": 691406, ""name"": ""Junior Caminero"", ""bats"": ""R"", ""obp"": 0.33879781420765026, ""slg"": 0.4782608695652174, ""iso"": 0.22360248447204972, ""ab"": 161}, {""id"": 666018, ""name"": ""Jonathan Aranda"", ""bats"": ""L"", ""obp"": 0.3867403314917127, ""slg"": 0.4797297297297297, ""iso"": 0.19594594594594594, ""ab"": 148}]","[{""id"": 669364, ""name"": ""Xavier Edwards"", ""bats"": ""S"", ""obp"": 0.40217391304347827, ""slg"": 0.475, ""iso"": 0.16249999999999998, ""ab"": 160}, {""id"": 689414, ""name"": ""Liam Hicks"", ""bats"": ""L"", ""obp"": 0.3576158940397351, ""slg"": 0.5227272727272727, ""iso"": 0.22727272727272724, ""ab"": 132}, {""id"": 672640, ""name"": ""Otto Lopez"", ""bats"": ""R"", ""obp"": 0.3701657458563536, ""slg"": 0.49707602339181284, ""iso"": 0.15789473684210525, ""ab"": 171}]","[{""name"": ""away_top3c_slg"", ""value"": 0.4968, ""contribution"": -0.3881}, {""name"": ""away_top3c_obp"", ""value"": 0.378, ""contribution"": 0.2298}, {""name"": ""fi_park_nrfi_rate"", ""value"": 0.4401, ""contribution"": 0.0803}, {""name"": ""home_whiff_pct_rank"", ""value"": 87.0, ""contribution"": -0.0634}, {""name"": ""home_fip"", ""value"": 3.5247, ""contribution"": -0.0521}]","[{""name"": ""fi_park_nrfi_rate"", ""value"": 0.4401, ""contribution"": 0.1456}, {""name"": ""away_whiff_pct_rank"", ""value"": 3.0, ""contribution"": 0.145}, {""name"": ""home_plate_ump_nrfi_rate"", ""value"": 0.5521, ""contribution"": 0.0956}, {""name"": ""wx_is_dome"", ""value"": 1.0, ""contribution"": -0.0809}, {""name"": ""home_top3c_iso"", ""value"": 0.1535, ""contribution"": -0.0648}]",511890,0.5521,4.59,4.264,87.0,3.0,0.7136,0.7136,5.13,5.53,0.7827,0.7870,R,L,YRFI,PASS,0,2,2,2026-05-15T23:20:59+00:00,-135,+100,DraftKings,2026-05-15T23:20:22+00:00,0.5745,0.5,-0.0917,0.0172,0.0583,N,1,,-135,+100,2026-05-15T23:09:14+00:00,0,0.4521,PASS,NO EDGE,,,,,,,
2026-05-15,2026,824280,1,N,TOR,DET,6:45 PM ET,Trey Yesavage,Brenan Hanifee,702056,669724,sm,ltd,live,live,0.98,0.3829,0.4323,0.8152,0.4031,0.335,0.7381,0.4559,0.5441,0.1967,0.8033,,,PASS,NO EDGE,PASS - No edge,4,2026-05-15T22:44:24Z,3.332,3.176,1.275,1.25,3.646,3.731,3.26,2.39,0.9,0.87,9.25,6.94,0.314,0.322,0.386,0.395,4.254,4.233,20.4,15.5,36.0,0.0,1.0,0.8,1.0,0.6667,0.3546,0.3587,0.4303,0.3636,0.1514,0.0909,lineup,lineup,"[{""id"": 805808, ""name"": ""Kevin McGonigle"", ""bats"": ""L"", ""obp"": 0.4, ""slg"": 0.43312101910828027, ""iso"": 0.14012738853503187, ""ab"": 157}, {""id"": 693307, ""name"": ""Dillon Dingler"", ""bats"": ""R"", ""obp"": 0.30666666666666664, ""slg"": 0.48175182481751827, ""iso"": 0.24087591240875914, ""ab"": 137}, {""id"": 663330, ""name"": ""Jahmai Jones"", ""bats"": ""R"", ""obp"": 0.22641509433962265, ""slg"": 0.34, ""iso"": 0.16000000000000003, ""ab"": 50}]","[{""id"": 543807, ""name"": ""George Springer"", ""bats"": ""R"", ""obp"": 0.29245283018867924, ""slg"": 0.3191489361702128, ""iso"": 0.11702127659574471, ""ab"": 94}, {""id"": 682818, ""name"": ""Yohendrick Pi\u00f1ango"", ""bats"": ""L"", ""obp"": 0.41025641025641024, ""slg"": 0.4166666666666667, ""iso"": 0.05555555555555558, ""ab"": 36}, {""id"": 665489, ""name"": ""Vladimir Guerrero Jr."", ""bats"": ""R"", ""obp"": 0.3867403314917127, ""slg"": 0.3782051282051282, ""iso"": 0.08333333333333331, ""ab"": 156}]","[{""name"": ""away_top3c_iso"", ""value"": 0.0909, ""contribution"": -0.7348}, {""name"": ""away_top3c_slg"", ""value"": 0.3636, ""contribution"": 0.5423}, {""name"": ""home_avg_ip_per_start"", ""value"": 0.6667, ""contribution"": 0.2995}, {""name"": ""away_top3c_obp"", ""value"": 0.3587, ""contribution"": 0.1176}, {""name"": ""wx_humidity"", ""value"": 36.0, ""contribution"": 0.0894}]","[{""name"": ""fi_park_nrfi_rate"", ""value"": 0.5286, ""contribution"": -0.0826}, {""name"": ""home_plate_ump_nrfi_rate"", ""value"": 0.4774, ""contribution"": -0.0784}, {""name"": ""home_top3c_iso"", ""value"": 0.1514, ""contribution"": -0.0704}, {""name"": ""away_avg_ip_per_start"", ""value"": 4.4667, ""contribution"": 0.0342}, {""name"": ""home_top3c_obp"", ""value"": 0.3546, ""contribution"": 0.0285}]",575629,0.4774,4.2,2.939,50.0,50.0,0.7136,0.7136,0.67,4.47,0.7413,0.6127,R,R,NRFI,PASS,0,0,0,2026-05-15T23:01:43+00:00,-125,-105,DraftKings,2026-05-15T22:43:31+00:00,0.5556,0.5122,-0.0997,0.0319,0.0597,N,1,,-125,-105,2026-05-15T22:43:31+00:00,0,0.4877,PASS,NO EDGE,,,,,,,
2026-05-15,2026,824925,1,N,BOS,ATL,7:15 PM ET,Connelly Early,Spencer Strider,813349,675911,ltd,live,live,live,0.98,0.475,0.5213,0.9963,0.3179,0.3338,0.6517,0.5064,0.4936,0.2629,0.7371,,,NRFI,LEAN,LEAN NRFI,4,2026-05-15T21:49:20Z,3.666,4.161,1.235,1.38,4.134,4.206,3.53,4.27,1.13,1.36,8.6,10.24,0.314,0.328,0.37,0.439,3.927,5.148,24.7,7.7,27.0,0.0,0.8,0.6,0.8,0.7,0.3447,0.3183,0.4672,0.3944,0.1869,0.1429,lineup,lineup,"[{""id"": 643289, ""name"": ""Mauricio Dub\u00f3n"", ""bats"": ""R"", ""obp"": 0.3136094674556213, ""slg"": 0.40384615384615385, ""iso"": 0.14743589743589747, ""ab"": 156}, {""id"": 686948, ""name"": ""Drake Baldwin"", ""bats"": ""L"", ""obp"": 0.375, ""slg"": 0.5141242937853108, ""iso"": 0.22033898305084748, ""ab"": 177}, {""id"": 645277, ""name"": ""Ozzie Albies"", ""bats"": ""S"", ""obp"": 0.3404255319148936, ""slg"": 0.4764705882352941, ""iso"": 0.18823529411764706, ""ab"": 170}]","[{""id"": 680776, ""name"": ""Jarren Duran"", ""bats"": ""L"", ""obp"": 0.2331288343558282, ""slg"": 0.29605263157894735, ""iso"": 0.11842105263157893, ""ab"": 152}, {""id"": 681508, ""name"": ""Mickey Gasper"", ""bats"": ""S"", ""obp"": 0.46153846153846156, ""slg"": 0.5833333333333334, ""iso"": 0.16666666666666669, ""ab"": 12}, {""id"": 677800, ""name"": ""Wilyer Abreu"", ""bats"": ""L"", ""obp"": 0.3854748603351955, ""slg"": 0.47468354430379744, ""iso"": 0.16455696202531644, ""ab"": 158}]","[{""name"": ""away_top3c_slg"", ""value"": 0.3944, ""contribution"": 0.3273}, {""name"": ""away_top3c_iso"", ""value"": 0.1429, ""contribution"": -0.2973}, {""name"": ""wx_humidity"", ""value"": 27.0, ""contribution"": 0.1256}, {""name"": ""away_top3c_obp"", ""value"": 0.3183, ""contribution"": -0.1177}, {""name"": ""home_whiff_pct_rank"", ""value"": 97.0, ""contribution"": -0.0806}]","[{""name"": ""away_whiff_pct_rank"", ""value"": 82.0, ""contribution"": -0.0981}, {""name"": ""home_top3c_slg"", ""value"": 0.4672, ""contribution"": -0.0563}, {""name"": ""home_obp"", ""value"": 0.3284, ""contribution"": 0.0492}, {""name"": ""wx_is_dome"", ""value"": 0.0, ""contribution"": 0.0281}, {""name"": ""era_gap_b1"", ""value"": -0.4948, ""contribution"": -0.0264}]",483569,0.5176,4.801,3.778,97.0,82.0,0.7136,0.7136,5.47,5.8,0.6863,0.7893,L,R,YRFI,LOSS,0,1,1,2026-05-15T23:38:04+00:00,-150,+115,DraftKings,2026-05-15T23:20:22+00:00,0.6,0.4651,-0.0936,0.0285,-0.0936,N,0.5,0,-145,+110,2026-05-15T22:13:58+00:00,0.0082,0.4877,PASS,NO EDGE,,,,,,,
2026-05-15,2026,824601,1,N,CHC,CWS,7:40 PM ET,Edward Cabrera,Sean Burke,665795,680732,live,live,live,live,0.98,0.4828,0.4672,0.95,0.402,0.381,0.783,0.4401,0.5599,0.2459,0.7541,,,YRFI,LEAN,LEAN YRFI,4,2026-05-15T21:49:20Z,3.717,3.937,1.278,1.257,3.901,4.162,3.03,3.08,1.25,1.27,9.07,8.11,0.334,0.322,0.406,0.401,4.86,4.409,22.7,21.5,46.0,0.0,1.0,1.0,0.6,0.9,0.3756,0.342,0.4868,0.3727,0.2421,0.1242,lineup,lineup,"[{""id"": 803011, ""name"": ""Sam Antonacci"", ""bats"": ""L"", ""obp"": 0.3894736842105263, ""slg"": 0.4375, ""iso"": 0.15000000000000002, ""ab"": 80}, {""id"": 808959, ""name"": ""Munetaka Murakami"", ""bats"": ""L"", ""obp"": 0.3709677419354839, ""slg"": 0.5333333333333333, ""iso"": 0.30666666666666664, ""ab"": 150}, {""id"": 678246, ""name"": ""Miguel Vargas"", ""bats"": ""R"", ""obp"": 0.372972972972973, ""slg"": 0.4666666666666667, ""iso"": 0.22666666666666668, ""ab"": 150}]","[{""id"": 663538, ""name"": ""Nico Hoerner"", ""bats"": ""R"", ""obp"": 0.34517766497461927, ""slg"": 0.4069767441860465, ""iso"": 0.13953488372093026, ""ab"": 172}, {""id"": 683737, ""name"": ""Michael Busch"", ""bats"": ""L"", ""obp"": 0.34759358288770054, ""slg"": 0.3525641025641026, ""iso"": 0.1217948717948718, ""ab"": 156}, {""id"": 608324, ""name"": ""Alex Bregman"", ""bats"": ""R"", ""obp"": 0.3333333333333333, ""slg"": 0.3567251461988304, ""iso"": 0.1111111111111111, ""ab"": 171}]","[{""name"": ""away_top3c_slg"", ""value"": 0.3727, ""contribution"": 0.4787}, {""name"": ""away_top3c_iso"", ""value"": 0.1242, ""contribution"": -0.454}, {""name"": ""wx_humidity"", ""value"": 46.0, ""contribution"": 0.0491}, {""name"": ""home_p_last5_pitcher_nrfi"", ""value"": 1.0, ""contribution"": 0.0473}, {""name"": ""home_whiff_pct_rank"", ""value"": 35.0, ""contribution"": 0.0259}]","[{""name"": ""home_top3c_iso"", ""value"": 0.2421, ""contribution"": 0.1721}, {""name"": ""home_top3c_slg"", ""value"": 0.4868, ""contribution"": -0.0979}, {""name"": ""away_whiff_pct_rank"", ""value"": 76.0, ""contribution"": -0.0796}, {""name"": ""home_top3c_obp"", ""value"": 0.3756, ""contribution"": 0.0651}, {""name"": ""fi_park_nrfi_rate"", ""value"": 0.4785, ""contribution"": 0.0466}]",427113,0.5139,4.644,4.053,35.0,76.0,0.7272,0.7136,5.33,5.93,0.6743,0.8487,R,R,YRFI,WIN,1,0,1,2026-05-15T23:53:28+00:00,-130,+100,DraftKings,2026-05-16T00:01:17+00:00,0.5652,0.5,-0.1251,0.0599,0.0599,N,0.5,0,-130,+100,2026-05-15T22:35:58+00:00,0,0.4144,YRFI,STRONG,,,,,,,
2026-05-15,2026,823061,1,N,KC,STL,8:15 PM ET,Michael Wacha,Dustin May,608379,669160,live,live,live,live,0.97,0.4495,0.4036,0.8531,0.3746,0.2785,0.6531,0.5031,0.4969,0.2104,0.7896,,,NRFI,LEAN,LEAN NRFI,4,2026-05-15T22:44:24Z,3.17,4.907,1.091,1.426,3.65,4.074,2.71,3.06,0.84,1.13,7.04,7.58,0.319,0.321,0.395,0.397,4.199,4.582,27.7,15.7,51.0,0.0,0.4,0.8,0.5,0.9,0.3679,0.3381,0.4262,0.4251,0.166,0.1619,lineup,lineup,"[{""id"": 802139, ""name"": ""JJ Wetherholt"", ""bats"": ""L"", ""obp"": 0.36363636363636365, ""slg"": 0.42073170731707316, ""iso"": 0.17682926829268292, ""ab"": 164}, {""id"": 671056, ""name"": ""Iv\u00e1n Herrera"", ""bats"": ""R"", ""obp"": 0.39593908629441626, ""slg"": 0.4088050314465409, ""iso"": 0.1446540880503145, ""ab"": 159}, {""id"": 676475, ""name"": ""Alec Burleson"", ""bats"": ""L"", ""obp"": 0.3423913043478261, ""slg"": 0.4484848484848485, ""iso"": 0.17575757575757578, ""ab"": 165}]","[{""id"": 672580, ""name"": ""Maikel Garcia"", ""bats"": ""R"", ""obp"": 0.34594594594594597, ""slg"": 0.4146341463414634, ""iso"": 0.14024390243902435, ""ab"": 164}, {""id"": 677951, ""name"": ""Bobby Witt Jr."", ""bats"": ""R"", ""obp"": 0.38071065989847713, ""slg"": 0.5028901734104047, ""iso"": 0.19653179190751446, ""ab"": 173}, {""id"": 686469, ""name"": ""Vinnie Pasquantino"", ""bats"": ""L"", ""obp"": 0.2833333333333333, ""slg"": 0.3503184713375796, ""iso"": 0.14649681528662417, ""ab"": 157}]","[{""name"": ""away_top3c_iso"", ""value"": 0.1619, ""contribution"": -0.1366}, {""name"": ""era_gap_t1"", ""value"": 1.7369, ""contribution"": 0.1142}, {""name"": ""away_top3c_slg"", ""value"": 0.4251, ""contribution"": 0.1127}, {""name"": ""home_plate_ump_nrfi_rate"", ""value"": 0.4205, ""contribution"": 0.0841}, {""name"": ""home_whiff_pct_rank"", ""value"": 10.0, ""contribution"": 0.0688}]","[{""name"": ""home_plate_ump_nrfi_rate"", ""value"": 0.4205, ""contribution"": -0.2109}, {""name"": ""era_gap_b1"", ""value"": -1.7369, ""contribution"": -0.0924}, {""name"": ""fi_park_nrfi_rate"", ""value"": 0.5232, ""contribution"": -0.0687}, {""name"": ""home_top3c_obp"", ""value"": 0.3679, ""contribution"": 0.0516}, {""name"": ""away_p_last10_pitcher_nrfi"", ""value"": 0.9, ""contribution"": -0.0372}]",504381,0.4205,4.796,4.274,10.0,40.0,0.6942,0.7709,5.87,6.07,0.6443,0.8000,R,R,NRFI,WIN,0,0,0,2026-05-16T00:27:07+00:00,-120,-110,DraftKings,2026-05-16T00:53:02+00:00,0.5455,0.5238,-0.0424,-0.0269,-0.0424,N,0.5,0,-120,-110,2026-05-15T23:14:35+00:00,0,0.4718,PASS,NO EDGE,,,,,,,
2026-05-15,2026,824037,1,N,LAD,LAA,9:38 PM ET,Will Klein,Jack Kochanowicz,694361,686799,sm,live,live,live,0.99,0.5891,0.4316,1.0206,0.4865,0.4458,0.9323,0.3082,0.6918,0.2718,0.7282,,,YRFI,STRONG,STRONG YRFI,4,2026-05-16T00:01:06Z,3.787,5.213,1.296,1.52,3.599,4.737,3.24,4.59,0.86,0.99,9.07,6.02,0.336,0.319,0.428,0.393,4.809,4.233,21.8,10.3,61.0,0.0,0.8,0.5,0.7,0.5,0.3614,0.3388,0.4398,0.4063,0.1832,0.1683,lineup,lineup,"[{""id"": 687093, ""name"": ""Vaughn Grissom"", ""bats"": ""R"", ""obp"": 0.35294117647058826, ""slg"": 0.4305555555555556, ""iso"": 0.16666666666666669, ""ab"": 72}, {""id"": 545361, ""name"": ""Mike Trout"", ""bats"": ""R"", ""obp"": 0.41025641025641024, ""slg"": 0.5032679738562091, ""iso"": 0.2549019607843137, ""ab"": 153}, {""id"": 694384, ""name"": ""Nolan Schanuel"", ""bats"": ""L"", ""obp"": 0.30994152046783624, ""slg"": 0.3821656050955414, ""iso"": 0.1210191082802548, ""ab"": 157}]","[{""id"": 660271, ""name"": ""Shohei Ohtani"", ""bats"": ""L"", ""obp"": 0.3695652173913043, ""slg"": 0.4266666666666667, ""iso"": 0.1866666666666667, ""ab"": 150}, {""id"": 605141, ""name"": ""Mookie Betts"", ""bats"": ""R"", ""obp"": 0.24444444444444444, ""slg"": 0.4146341463414634, ""iso"": 0.2439024390243902, ""ab"": 41}, {""id"": 669257, ""name"": ""Will Smith"", ""bats"": ""R"", ""obp"": 0.32857142857142857, ""slg"": 0.3790322580645161, ""iso"": 0.12096774193548387, ""ab"": 124}]","[{""name"": ""away_top3c_slg"", ""value"": 0.4063, ""contribution"": 0.2438}, {""name"": ""era_gap_t1"", ""value"": 1.4262, ""contribution"": 0.0938}, {""name"": ""away_top3c_iso"", ""value"": 0.1683, ""contribution"": -0.0835}, {""name"": ""home_fip"", ""value"": 4.7369, ""contribution"": 0.0713}, {""name"": ""fi_park_nrfi_rate"", ""value"": 0.4485, ""contribution"": 0.0685}]","[{""name"": ""away_whiff_pct_rank"", ""value"": 9.0, ""contribution"": 0.1265}, {""name"": ""fi_park_nrfi_rate"", ""value"": 0.4485, ""contribution"": 0.1241}, {""name"": ""era_gap_b1"", ""value"": -1.4262, ""contribution"": -0.0759}, {""name"": ""home_plate_ump_nrfi_rate"", ""value"": 0.4835, ""contribution"": -0.0642}, {""name"": ""away_p_last10_pitcher_nrfi"", ""value"": 0.5, ""contribution"": 0.0471}]",427554,0.4835,5.465,2.2,21.0,9.0,0.7136,0.7136,5.73,5.0,0.8070,0.8040,R,R,NRFI,LOSS,0,0,0,2026-05-16T01:53:30+00:00,-105,-125,DraftKings,2026-05-16T00:42:20+00:00,0.5122,0.5556,-0.204,0.1362,0.1362,Y,1,-1,-105,-125,2026-05-16T00:36:58+00:00,0,0.4144,YRFI,STRONG,,,,,,,
2026-05-15,2026,824439,1,N,CIN,CLE,7:10 PM ET,Andrew Abbott,Tanner Bibee,671096,676440,live,live,live,live,0.96,0.4515,0.4508,0.9023,0.3596,0.3721,0.7317,0.4689,0.5311,0.2284,0.7716,,,PASS,NO EDGE,PASS - No edge,4,2026-05-15T22:44:24Z,3.727,4.203,1.343,1.294,4.003,4.234,3.17,3.16,1.0,1.37,7.2,8.52,0.312,0.321,0.395,0.377,4.352,4.229,19.5,6.6,37.0,0.0,0.6,0.6,0.7,0.6,0.3412,0.3433,0.3745,0.4733,0.1407,0.2136,lineup,lineup,"[{""id"": 680757, ""name"": ""Steven Kwan"", ""bats"": ""L"", ""obp"": 0.3111111111111111, ""slg"": 0.2645161290322581, ""iso"": 0.05806451612903227, ""ab"": 155}, {""id"": 608070, ""name"": ""Jos\u00e9 Ram\u00edrez"", ""bats"": ""S"", ""obp"": 0.3401015228426396, ""slg"": 0.36585365853658536, ""iso"": 0.15853658536585366, ""ab"": 164}, {""id"": 800050, ""name"": ""Chase DeLauter"", ""bats"": ""L"", ""obp"": 0.37575757575757573, ""slg"": 0.5034965034965035, ""iso"": 0.20979020979020985, ""ab"": 143}]","[{""id"": 667472, ""name"": ""Dane Myers"", ""bats"": ""R"", ""obp"": 0.35714285714285715, ""slg"": 0.3275862068965517, ""iso"": 0.10344827586206895, ""ab"": 58}, {""id"": 682829, ""name"": ""Elly De La Cruz"", ""bats"": ""S"", ""obp"": 0.358974358974359, ""slg"": 0.5254237288135594, ""iso"": 0.22598870056497178, ""ab"": 177}, {""id"": 701398, ""name"": ""Sal Stewart"", ""bats"": ""R"", ""obp"": 0.328125, ""slg"": 0.47023809523809523, ""iso"": 0.2261904761904762, ""ab"": 168}]","[{""name"": ""away_top3c_iso"", ""value"": 0.2136, ""contribution"": 0.2983}, {""name"": ""away_top3c_slg"", ""value"": 0.4733, ""contribution"": -0.2242}, {""name"": ""wx_humidity"", ""value"": 37.0, ""contribution"": 0.0854}, {""name"": ""fi_park_nrfi_rate"", ""value"": 0.5217, ""contribution"": -0.0357}, {""name"": ""era_gap_t1"", ""value"": 0.4762, ""contribution"": 0.0314}]","[{""name"": ""home_top3c_slg"", ""value"": 0.3745, ""contribution"": 0.1402}, {""name"": ""home_top3c_iso"", ""value"": 0.1407, ""contribution"": -0.0991}, {""name"": ""fi_park_nrfi_rate"", ""value"": 0.5217, ""contribution"": -0.0648}, {""name"": ""wx_is_dome"", ""value"": 0.0, ""contribution"": 0.0281}, {""name"": ""wx_wind_kmh"", ""value"": 6.6, ""contribution"": -0.0269}]",428442,0.5176,3.633,3.784,47.0,43.0,0.7136,0.7272,5.4,5.27,0.8450,0.8553,L,R,NRFI,PASS,0,0,0,2026-05-15T23:22:31+00:00,-140,+110,DraftKings,2026-05-15T23:20:22+00:00,0.5833,0.4762,-0.1144,0.0549,,N,,,-140,+110,2026-05-15T23:09:14+00:00,,0.6338,NRFI,STRONG,,,,,,,
2026-05-15,2026,823629,1,N,NYY,NYM,7:15 PM ET,Cam Schlittler,Clay Holmes,693645,605280,live,live,live,live,0.96,0.4088,0.2812,0.6901,0.4483,0.3567,0.805,0.4401,0.5599,0.1524,0.8476,,,YRFI,LEAN,LEAN YRFI,4,2026-05-15T21:49:20Z,2.25,2.618,0.991,1.142,2.551,3.583,2.41,3.27,0.56,0.65,9.91,6.97,0.327,0.299,0.428,0.366,4.911,3.927,19.3,11.5,47.0,0.0,0.8,1.0,0.8,0.9,0.3016,0.377,0.3496,0.5516,0.1125,0.3028,lineup,lineup,"[{""id"": 701807, ""name"": ""Carson Benge"", ""bats"": ""L"", ""obp"": 0.29577464788732394, ""slg"": 0.3435114503816794, ""iso"": 0.1068702290076336, ""ab"": 131}, {""id"": 666182, ""name"": ""Bo Bichette"", ""bats"": ""R"", ""obp"": 0.2698412698412698, ""slg"": 0.28160919540229884, ""iso"": 0.06321839080459768, ""ab"": 174}, {""id"": 665742, ""name"": ""Juan Soto"", ""bats"": ""L"", ""obp"": 0.35833333333333334, ""slg"": 0.47115384615384615, ""iso"": 0.20192307692307693, ""ab"": 104}]","[{""id"": 663757, ""name"": ""Trent Grisham"", ""bats"": ""L"", ""obp"": 0.31137724550898205, ""slg"": 0.36496350364963503, ""iso"": 0.1897810218978102, ""ab"": 137}, {""id"": 700250, ""name"": ""Ben Rice"", ""bats"": ""L"", ""obp"": 0.4125, ""slg"": 0.6666666666666666, ""iso"": 0.3636363636363636, ""ab"": 132}, {""id"": 592450, ""name"": ""Aaron Judge"", ""bats"": ""R"", ""obp"": 0.40414507772020725, ""slg"": 0.6178343949044586, ""iso"": 0.3503184713375796, ""ab"": 157}]","[{""name"": ""away_top3c_iso"", ""value"": 0.3028, ""contribution"": 1.0497}, {""name"": ""away_top3c_slg"", ""value"": 0.5516, ""contribution"": -0.7718}, {""name"": ""away_top3c_obp"", ""value"": 0.377, ""contribution"": 0.2241}, {""name"": ""home_plate_ump_nrfi_rate"", ""value"": 0.6254, ""contribution"": -0.1062}, {""name"": ""home_avg_ip_per_start"", ""value"": 6.0667, ""contribution"": -0.0543}]","[{""name"": ""home_plate_ump_nrfi_rate"", ""value"": 0.6254, ""contribution"": 0.2663}, {""name"": ""home_top3c_slg"", ""value"": 0.3496, ""contribution"": 0.1928}, {""name"": ""home_top3c_iso"", ""value"": 0.1125, ""contribution"": -0.1746}, {""name"": ""home_obp"", ""value"": 0.2987, ""contribution"": -0.0687}, {""name"": ""home_top3c_obp"", ""value"": 0.3016, ""contribution"": -0.064}]",644760,0.6254,4.096,3.568,34.0,56.0,0.7136,0.7136,6.07,6.33,0.8860,0.7463,R,R,NRFI,LOSS,0,0,0,2026-05-15T23:29:58+00:00,-150,+115,DraftKings,2026-05-15T23:20:22+00:00,0.6,0.4651,-0.1599,0.0948,0.0948,N,0.5,0,-150,+115,2026-05-15T22:13:58+00:00,0,0.4170,PASS,NO EDGE,,,,,,,
2026-05-15,2026,823140,1,N,SD,SEA,9:40 PM ET,Randy Vásquez,Emerson Hancock,681190,676106,live,live,live,live,0.95,0.3993,0.431,0.8303,0.3204,0.3114,0.6318,0.5274,0.4726,0.2021,0.7979,,,NRFI,LEAN,LEAN NRFI,4,2026-05-16T00:01:06Z,3.426,3.905,1.241,1.165,3.926,4.193,3.06,2.36,0.94,1.48,7.0,8.38,0.3,0.321,0.378,0.393,4.22,4.296,,,,1.0,0.8,0.8,0.7,0.8,0.334,0.2977,0.4118,0.3232,0.1529,0.1063,lineup,lineup,"[{""id"": 680977, ""name"": ""Brendan Donovan"", ""bats"": ""L"", ""obp"": 0.3958333333333333, ""slg"": 0.46835443037974683, ""iso"": 0.189873417721519, ""ab"": 79}, {""id"": 677594, ""name"": ""Julio Rodr\u00edguez"", ""bats"": ""R"", ""obp"": 0.3248730964467005, ""slg"": 0.42777777777777776, ""iso"": 0.16666666666666663, ""ab"": 180}, {""id"": 647304, ""name"": ""Josh Naylor"", ""bats"": ""L"", ""obp"": 0.3114754098360656, ""slg"": 0.3674698795180723, ""iso"": 0.1204819277108434, ""ab"": 166}]","[{""id"": 701538, ""name"": ""Jackson Merrill"", ""bats"": ""L"", ""obp"": 0.28735632183908044, ""slg"": 0.34177215189873417, ""iso"": 0.12658227848101264, ""ab"": 158}, {""id"": 665487, ""name"": ""Fernando Tatis Jr."", ""bats"": ""R"", ""obp"": 0.31843575418994413, ""slg"": 0.28846153846153844, ""iso"": 0.04487179487179485, ""ab"": 156}, {""id"": 592518, ""name"": ""Manny Machado"", ""bats"": ""R"", ""obp"": 0.28654970760233917, ""slg"": 0.3401360544217687, ""iso"": 0.14965986394557823, ""ab"": 147}]","[{""name"": ""away_top3c_slg"", ""value"": 0.3232, ""contribution"": 0.8249}, {""name"": ""away_top3c_iso"", ""value"": 0.1063, ""contribution"": -0.6053}, {""name"": ""away_top3c_obp"", ""value"": 0.2977, ""contribution"": -0.2378}, {""name"": ""home_whiff_pct_rank"", ""value"": 18.0, ""contribution"": 0.055}, {""name"": ""wx_is_dome"", ""value"": 1.0, ""contribution"": -0.0518}]","[{""name"": ""away_whiff_pct_rank"", ""value"": 7.0, ""contribution"": 0.1327}, {""name"": ""home_plate_ump_nrfi_rate"", ""value"": 0.4727, ""contribution"": -0.0893}, {""name"": ""wx_is_dome"", ""value"": 1.0, ""contribution"": -0.0809}, {""name"": ""home_top3c_iso"", ""value"": 0.1529, ""contribution"": -0.0664}, {""name"": ""home_top3c_slg"", ""value"": 0.4118, ""contribution"": 0.0612}]",427344,0.4727,5.231,5.245,18.0,7.0,0.7075,0.7272,6.0,5.33,0.5930,0.8610,R,R,NRFI,WIN,0,0,0,2026-05-16T01:49:36+00:00,-135,+105,DraftKings,2026-05-16T01:38:26+00:00,0.5745,0.4878,-0.0471,-0.0152,-0.0471,N,0.5,0,-135,+105,2026-05-16T00:36:58+00:00,0,0.4877,PASS,NO EDGE,,,,,,,
2026-05-15,2026,824194,1,N,TEX,HOU,8:10 PM ET,Jack Leiter,Spencer Arrighetti,683004,681293,live,ltd,live,live,0.99,0.4509,0.5325,0.9834,0.284,0.378,0.6621,0.5,0.5,0.2581,0.7419,,,NRFI,LEAN,LEAN NRFI,4,2026-05-15T22:44:24Z,4.368,3.438,1.357,1.312,4.119,3.987,3.91,4.45,1.29,0.89,9.65,9.02,0.314,0.327,0.381,0.417,3.944,4.546,,,,1.0,0.8,0.8,0.7,0.6,0.3584,0.3478,0.4782,0.4139,0.2112,0.15,lineup,lineup,"[{""id"": 694728, ""name"": ""Brice Matthews"", ""bats"": ""R"", ""obp"": 0.25225225225225223, ""slg"": 0.37254901960784315, ""iso"": 0.17647058823529413, ""ab"": 102}, {""id"": 669397, ""name"": ""Nick Allen"", ""bats"": ""R"", ""obp"": 0.2647058823529412, ""slg"": 0.25, ""iso"": 0.03125, ""ab"": 32}, {""id"": 670541, ""name"": ""Yordan Alvarez"", ""bats"": ""L"", ""obp"": 0.4292929292929293, ""slg"": 0.6424242424242425, ""iso"": 0.3212121212121212, ""ab"": 165}]","[{""id"": 457705, ""name"": ""Andrew McCutchen"", ""bats"": ""R"", ""obp"": 0.2903225806451613, ""slg"": 0.3090909090909091, ""iso"": 0.09090909090909091, ""ab"": 55}, {""id"": 677649, ""name"": ""Ezequiel Duran"", ""bats"": ""R"", ""obp"": 0.3565217391304348, ""slg"": 0.47058823529411764, ""iso"": 0.18627450980392157, ""ab"": 102}, {""id"": 607043, ""name"": ""Brandon Nimmo"", ""bats"": ""L"", ""obp"": 0.35911602209944754, ""slg"": 0.425, ""iso"": 0.14375, ""ab"": 160}]","[{""name"": ""away_top3c_iso"", ""value"": 0.15, ""contribution"": -0.2372}, {""name"": ""away_top3c_slg"", ""value"": 0.4139, ""contribution"": 0.1911}, {""name"": ""era_gap_t1"", ""value"": -0.9303, ""contribution"": -0.061}, {""name"": ""away_top3c_obp"", ""value"": 0.3478, ""contribution"": 0.0544}, {""name"": ""wx_is_dome"", ""value"": 1.0, ""contribution"": -0.0518}]","[{""name"": ""home_top3c_iso"", ""value"": 0.2112, ""contribution"": 0.0894}, {""name"": ""wx_is_dome"", ""value"": 1.0, ""contribution"": -0.0809}, {""name"": ""home_top3c_slg"", ""value"": 0.4782, ""contribution"": -0.0795}, {""name"": ""fi_park_nrfi_rate"", ""value"": 0.4773, ""contribution"": 0.0498}, {""name"": ""era_gap_b1"", ""value"": 0.9303, ""contribution"": 0.0493}]",427292,0.5307,5.475,4.677,68.0,55.0,0.6796,0.6487,5.73,5.6,0.6170,0.7083,R,R,NRFI,WIN,0,0,0,2026-05-16T00:29:20+00:00,-120,-110,DraftKings,2026-05-16T00:53:02+00:00,0.5455,0.5238,-0.0455,-0.0238,-0.0455,N,0.5,0,-120,-110,2026-05-15T23:09:14+00:00,0,0.4521,PASS,NO EDGE,,,,,,,
2026-05-15,2026,823384,1,N,PHI,PIT,6:40 PM ET,Aaron Nola,Braxton Ashcraft,605400,677952,live,live,live,live,0.96,0.3363,0.5281,0.8644,0.2886,0.4106,0.6993,0.4754,0.5246,0.2145,0.7855,,,PASS,NO EDGE,PASS - No edge,4,2026-05-15T21:49:20Z,5.374,3.029,1.406,1.141,4.305,3.103,3.01,2.86,1.55,0.74,9.32,9.33,0.304,0.332,0.395,0.397,4.114,4.86,20.5,11.6,36.0,0.0,1.0,0.8,1.0,0.7,0.355,0.3333,0.4643,0.488,0.2122,0.247,lineup,lineup,"[{""id"": 665833, ""name"": ""Oneil Cruz"", ""bats"": ""L"", ""obp"": 0.3247422680412371, ""slg"": 0.480225988700565, ""iso"": 0.22033898305084748, ""ab"": 177}, {""id"": 664040, ""name"": ""Brandon Lowe"", ""bats"": ""L"", ""obp"": 0.3508771929824561, ""slg"": 0.5273972602739726, ""iso"": 0.2808219178082192, ""ab"": 146}, {""id"": 668804, ""name"": ""Bryan Reynolds"", ""bats"": ""S"", ""obp"": 0.3894736842105263, ""slg"": 0.38562091503267976, ""iso"": 0.13725490196078433, ""ab"": 153}]","[{""id"": 607208, ""name"": ""Trea Turner"", ""bats"": ""R"", ""obp"": 0.28421052631578947, ""slg"": 0.3409090909090909, ""iso"": 0.10795454545454544, ""ab"": 176}, {""id"": 656941, ""name"": ""Kyle Schwarber"", ""bats"": ""L"", ""obp"": 0.3553299492385787, ""slg"": 0.6097560975609756, ""iso"": 0.38414634146341464, ""ab"": 164}, {""id"": 547180, ""name"": ""Bryce Harper"", ""bats"": ""L"", ""obp"": 0.36065573770491804, ""slg"": 0.5253164556962026, ""iso"": 0.259493670886076, ""ab"": 158}]","[{""name"": ""away_top3c_iso"", ""value"": 0.247, ""contribution"": 0.5795}, {""name"": ""away_top3c_slg"", ""value"": 0.488, ""contribution"": -0.3266}, {""name"": ""era_gap_t1"", ""value"": -2.345, ""contribution"": -0.1539}, {""name"": ""home_fip"", ""value"": 3.1033, ""contribution"": -0.095}, {""name"": ""wx_humidity"", ""value"": 36.0, ""contribution"": 0.0894}]","[{""name"": ""era_gap_b1"", ""value"": 2.345, ""contribution"": 0.1245}, {""name"": ""home_top3c_iso"", ""value"": 0.2122, ""contribution"": 0.0921}, {""name"": ""home_obp"", ""value"": 0.3322, ""contribution"": 0.0639}, {""name"": ""fi_park_nrfi_rate"", ""value"": 0.5188, ""contribution"": -0.0573}, {""name"": ""home_top3c_slg"", ""value"": 0.4643, ""contribution"": -0.0501}]",621660,0.499,2.96,4.083,76.0,59.0,0.7136,0.7197,6.33,4.93,0.8913,0.8757,R,R,NRFI,PASS,0,0,0,2026-05-15T22:55:57+00:00,-120,-110,DraftKings,2026-05-15T22:41:17+00:00,0.5455,0.5238,-0.0673,-0.002,,N,,,-120,-110,2026-05-15T22:35:58+00:00,,0.5118,PASS,NO EDGE,,,,,,,
2026-05-15,2026,823707,1,N,MIL,MIN,7:10 PM ET,Coleman Crow,Joe Ryan,689441,657746,sm,live,live,live,0.97,0.3608,0.4538,0.8146,0.3424,0.3159,0.6583,0.5,0.5,0.1965,0.8035,,,NRFI,LEAN,LEAN NRFI,4,2026-05-15T21:49:20Z,4.107,3.425,1.215,1.035,3.965,3.144,3.04,2.36,1.06,0.97,8.69,9.66,0.331,0.323,0.374,0.392,4.924,4.708,30.0,11.6,18.0,0.0,0.8,1.0,0.7,1.0,0.388,0.3872,0.45,0.4407,0.1583,0.152,lineup,lineup,"[{""id"": 668885, ""name"": ""Austin Martin"", ""bats"": ""R"", ""obp"": 0.45384615384615384, ""slg"": 0.42857142857142855, ""iso"": 0.09523809523809523, ""ab"": 105}, {""id"": 686797, ""name"": ""Brooks Lee"", ""bats"": ""S"", ""obp"": 0.31645569620253167, ""slg"": 0.4041095890410959, ""iso"": 0.14383561643835618, ""ab"": 146}, {""id"": 680777, ""name"": ""Ryan Jeffers"", ""bats"": ""R"", ""obp"": 0.4090909090909091, ""slg"": 0.5321100917431193, ""iso"": 0.23853211009174313, ""ab"": 109}]","[{""id"": 694192, ""name"": ""Jackson Chourio"", ""bats"": ""R"", ""obp"": 0.34210526315789475, ""slg"": 0.37142857142857144, ""iso"": 0.08571428571428574, ""ab"": 35}, {""id"": 668930, ""name"": ""Brice Turang"", ""bats"": ""L"", ""obp"": 0.42196531791907516, ""slg"": 0.5106382978723404, ""iso"": 0.21276595744680848, ""ab"": 141}, {""id"": 661388, ""name"": ""William Contreras"", ""bats"": ""R"", ""obp"": 0.3620689655172414, ""slg"": 0.39215686274509803, ""iso"": 0.1111111111111111, ""ab"": 153}]","[{""name"": ""away_top3c_obp"", ""value"": 0.3872, ""contribution"": 0.2836}, {""name"": ""away_top3c_iso"", ""value"": 0.152, ""contribution"": -0.2205}, {""name"": ""wx_humidity"", ""value"": 18.0, ""contribution"": 0.1619}, {""name"": ""home_fip"", ""value"": 3.1436, ""contribution"": -0.0909}, {""name"": ""fi_park_nrfi_rate"", ""value"": 0.5352, ""contribution"": -0.055}]","[{""name"": ""fi_park_nrfi_rate"", ""value"": 0.5352, ""contribution"": -0.0997}, {""name"": ""home_top3c_obp"", ""value"": 0.388, ""contribution"": 0.0867}, {""name"": ""home_plate_ump_nrfi_rate"", ""value"": 0.4785, ""contribution"": -0.0758}, {""name"": ""away_p_last10_pitcher_nrfi"", ""value"": 1.0, ""contribution"": -0.0583}, {""name"": ""home_top3c_iso"", ""value"": 0.1583, ""contribution"": -0.0519}]",427128,0.4785,3.262,4.2,62.0,50.0,0.7272,0.7136,4.67,5.33,0.8327,0.8933,R,R,YRFI,LOSS,1,0,1,2026-05-15T23:28:57+00:00,-130,+100,DraftKings,2026-05-15T23:20:22+00:00,0.5652,0.5,-0.0652,0,-0.0652,N,0.5,0,-130,+100,2026-05-15T22:08:39+00:00,0,0.5110,PASS,NO EDGE,,,,,,,
2026-05-16,2026,824359,1,N,ARI,COL,3:10 PM ET,Eduardo Rodriguez,Tomoyuki Sugano,593958,608372,live,live,live,live,1.22,0.6393,0.6275,1.2668,0.5522,0.4453,0.9974,0.3082,0.6918,0.3614,0.6386,,,YRFI,STRONG,STRONG YRFI,4,2026-05-16T17:51:36Z,3.509,4.348,1.36,1.258,4.337,5.39,3.84,2.32,1.07,1.91,7.17,5.6,0.306,0.314,0.395,0.4,4.392,4.263,24.8,23.9,20.0,0.0,0.4,0.6,0.5,0.6,0.3042,0.3243,0.3506,0.4,0.1143,0.1685,lineup,lineup,"[{""id"": 650489, ""name"": ""Willi Castro"", ""bats"": ""S"", ""obp"": 0.2900763358778626, ""slg"": 0.31666666666666665, ""iso"": 0.09166666666666665, ""ab"": 120}, {""id"": 686668, ""name"": ""Brenton Doyle"", ""bats"": ""R"", ""obp"": 0.2631578947368421, ""slg"": 0.25, ""iso"": 0.05769230769230768, ""ab"": 104}, {""id"": 681198, ""name"": ""TJ Rumfield"", ""bats"": ""L"", ""obp"": 0.3407821229050279, ""slg"": 0.4409937888198758, ""iso"": 0.16770186335403725, ""ab"": 161}]","[{""id"": 606466, ""name"": ""Ketel Marte"", ""bats"": ""S"", ""obp"": 0.26285714285714284, ""slg"": 0.3558282208588957, ""iso"": 0.147239263803681, ""ab"": 163}, {""id"": 682998, ""name"": ""Corbin Carroll"", ""bats"": ""L"", ""obp"": 0.37790697674418605, ""slg"": 0.5, ""iso"": 0.22916666666666669, ""ab"": 144}, {""id"": 672695, ""name"": ""Geraldo Perdomo"", ""bats"": ""S"", ""obp"": 0.3333333333333333, ""slg"": 0.34782608695652173, ""iso"": 0.13043478260869565, ""ab"": 138}]","[{""name"": ""away_top3c_slg"", ""value"": 0.4, ""contribution"": 0.2882}, {""name"": ""wx_humidity"", ""value"": 20.0, ""contribution"": 0.1538}, {""name"": ""home_fip"", ""value"": 5.3903, ""contribution"": 0.1378}, {""name"": ""fi_park_nrfi_rate"", ""value"": 0.4265, ""contribution"": 0.0998}, {""name"": ""away_top3c_obp"", ""value"": 0.3243, ""contribution"": -0.083}]","[{""name"": ""home_top3c_slg"", ""value"": 0.3506, ""contribution"": 0.1907}, {""name"": ""fi_park_nrfi_rate"", ""value"": 0.4265, ""contribution"": 0.1809}, {""name"": ""home_top3c_iso"", ""value"": 0.1143, ""contribution"": -0.1698}, {""name"": ""home_top3c_obp"", ""value"": 0.3042, ""contribution"": -0.0593}, {""name"": ""wx_wind_kmh"", ""value"": 23.9, ""contribution"": 0.0578}]",676581,0.5084,5.64,4.546,12.0,32.0,0.7136,0.7613,5.07,6.0,0.7103,0.5357,L,R,YRFI,WIN,0,2,2,2026-05-16T19:37:06+00:00,+115,-150,DraftKings,2026-05-16T18:12:32+00:00,0.4651,0.6,-0.1569,0.0918,0.0918,Y,1,0.667,+115,-150,2026-05-16T18:07:04+00:00,0,0.3943,YRFI,STRONG,,,,,,,
2026-05-16,2026,824278,1,N,TOR,DET,1:10 PM ET,Mason Fluharty,Casey Mize,689254,663554,ltd,live,live,live,0.98,0.3733,0.4531,0.8263,0.2487,0.5889,0.8376,0.434,0.566,0.2007,0.7993,,,YRFI,STRONG,STRONG YRFI,4,2026-05-16T15:58:05Z,4.603,3.446,1.256,1.235,3.71,3.335,3.77,2.62,0.98,0.97,9.82,9.17,0.312,0.323,0.383,0.394,4.216,4.213,25.5,14.6,52.0,0.0,1.0,0.0,0.9,0.0,0.3475,0.3489,0.4371,0.3523,0.1771,0.0872,lineup,lineup,"[{""id"": 805808, ""name"": ""Kevin McGonigle"", ""bats"": ""L"", ""obp"": 0.3968253968253968, ""slg"": 0.425, ""iso"": 0.1375, ""ab"": 160}, {""id"": 693307, ""name"": ""Dillon Dingler"", ""bats"": ""R"", ""obp"": 0.3181818181818182, ""slg"": 0.4857142857142857, ""iso"": 0.2357142857142857, ""ab"": 140}, {""id"": 669398, ""name"": ""Gage Workman"", ""bats"": ""L"", ""obp"": 0.26666666666666666, ""slg"": 0.8, ""iso"": 0.5333333333333334, ""ab"": 15}]","[{""id"": 543807, ""name"": ""George Springer"", ""bats"": ""R"", ""obp"": 0.2818181818181818, ""slg"": 0.30612244897959184, ""iso"": 0.11224489795918369, ""ab"": 98}, {""id"": 682818, ""name"": ""Yohendrick Pi\u00f1ango"", ""bats"": ""L"", ""obp"": 0.3953488372093023, ""slg"": 0.4, ""iso"": 0.050000000000000044, ""ab"": 40}, {""id"": 665489, ""name"": ""Vladimir Guerrero Jr."", ""bats"": ""R"", ""obp"": 0.3783783783783784, ""slg"": 0.36875, ""iso"": 0.08125000000000004, ""ab"": 160}]","[{""name"": ""away_top3c_iso"", ""value"": 0.0872, ""contribution"": -0.7656}, {""name"": ""away_top3c_slg"", ""value"": 0.3523, ""contribution"": 0.6212}, {""name"": ""era_gap_t1"", ""value"": -1.1567, ""contribution"": -0.0759}, {""name"": ""home_fip"", ""value"": 3.3345, ""contribution"": -0.0714}, {""name"": ""away_top3c_obp"", ""value"": 0.3489, ""contribution"": 0.0606}]","[{""name"": ""away_avg_ip_per_start"", ""value"": 1.0, ""contribution"": 0.1848}, {""name"": ""away_p_last10_pitcher_nrfi"", ""value"": 0.0, ""contribution"": 0.1526}, {""name"": ""away_p_last5_pitcher_nrfi"", ""value"": 0.0, ""contribution"": 0.1138}, {""name"": ""home_plate_ump_nrfi_rate"", ""value"": 0.5573, ""contribution"": 0.1077}, {""name"": ""fi_park_nrfi_rate"", ""value"": 0.5286, ""contribution"": -0.0826}]",605670,0.5573,3.428,2.171,53.0,50.0,0.7272,0.7136,5.0,1.0,0.7413,0.7193,L,R,NRFI,LOSS,0,0,0,2026-05-16T17:23:28+00:00,-125,-105,DraftKings,2026-05-16T16:12:30+00:00,0.5556,0.5122,-0.1216,0.0538,0.0538,Y,1,-1,-125,-105,2026-05-16T16:07:01+00:00,0,0.4589,PASS,NO EDGE,,,,,,,
2026-05-16,2026,825007,1,N,SF,OAK,9:40 PM ET,Trevor McDonald,Luis Severino,686790,622663,sm,live,live,live,0.93,0.4102,0.4396,0.8498,0.2971,0.4211,0.7181,0.4726,0.5274,0.2092,0.7908,,,PASS,NO EDGE,PASS - No edge,4,2026-05-17T01:17:48Z,3.903,4.283,1.204,1.42,4.098,4.065,2.8,4.22,1.27,0.91,8.91,7.92,0.296,0.326,0.377,0.41,3.596,4.436,21.9,16.6,51.0,0.0,0.8,0.75,0.7,0.75,0.3692,0.3295,0.5,0.4216,0.2292,0.1356,lineup,lineup,"[{""id"": 701762, ""name"": ""Nick Kurtz"", ""bats"": ""L"", ""obp"": 0.4292929292929293, ""slg"": 0.4935897435897436, ""iso"": 0.21794871794871795, ""ab"": 156}, {""id"": 669127, ""name"": ""Shea Langeliers"", ""bats"": ""R"", ""obp"": 0.39344262295081966, ""slg"": 0.6144578313253012, ""iso"": 0.27710843373493976, ""ab"": 166}, {""id"": 691016, ""name"": ""Tyler Soderstrom"", ""bats"": ""L"", ""obp"": 0.2768361581920904, ""slg"": 0.3860759493670886, ""iso"": 0.189873417721519, ""ab"": 158}]","[{""id"": 808982, ""name"": ""Jung Hoo Lee"", ""bats"": ""L"", ""obp"": 0.30978260869565216, ""slg"": 0.38823529411764707, ""iso"": 0.12352941176470589, ""ab"": 170}, {""id"": 650333, ""name"": ""Luis Arraez"", ""bats"": ""L"", ""obp"": 0.35195530726256985, ""slg"": 0.40718562874251496, ""iso"": 0.08982035928143711, ""ab"": 167}, {""id"": 669477, ""name"": ""Casey Schmitt"", ""bats"": ""R"", ""obp"": 0.32653061224489793, ""slg"": 0.48148148148148145, ""iso"": 0.20740740740740737, ""ab"": 135}]","[{""name"": ""away_top3c_iso"", ""value"": 0.1356, ""contribution"": -0.3585}, {""name"": ""away_top3c_slg"", ""value"": 0.4216, ""contribution"": 0.1371}, {""name"": ""fi_park_nrfi_rate"", ""value"": 0.4401, ""contribution"": 0.0803}, {""name"": ""home_whiff_pct_rank"", ""value"": 4.0, ""contribution"": 0.0791}, {""name"": ""away_top3c_obp"", ""value"": 0.3295, ""contribution"": -0.0522}]","[{""name"": ""fi_park_nrfi_rate"", ""value"": 0.4401, ""contribution"": 0.1456}, {""name"": ""home_top3c_iso"", ""value"": 0.2292, ""contribution"": 0.1375}, {""name"": ""home_top3c_slg"", ""value"": 0.5, ""contribution"": -0.1258}, {""name"": ""home_top3c_obp"", ""value"": 0.3692, ""contribution"": 0.0539}, {""name"": ""away_avg_ip_per_start"", ""value"": 6.3333, ""contribution"": -0.0468}]",484183,0.5086,4.653,4.2,4.0,50.0,0.7197,0.7136,5.87,6.33,0.7950,0.9087,R,R,YRFI,PASS,1,0,1,2026-05-17T01:55:08+00:00,-105,-120,DraftKings,2026-05-17T02:09:36+00:00,0.5122,0.5455,-0.0396,-0.0181,0.0318,N,1,,-105,-120,2026-05-17T01:37:25+00:00,0,0.4584,PASS,NO EDGE,,,,,,,
2026-05-16,2026,822737,1,N,BAL,WSH,4:05 PM ET,Chris Bassitt,Cade Cavalli,605135,676917,live,ltd,live,live,0.97,0.4168,0.5217,0.9385,0.3284,0.5772,0.9056,0.3407,0.6593,0.2416,0.7584,,,YRFI,STRONG,STRONG YRFI,4,2026-05-16T19:04:43Z,4.569,4.12,1.53,1.466,3.957,3.4,3.49,3.54,0.94,0.73,7.5,9.1,0.316,0.321,0.385,0.409,4.362,5.096,25.6,23.7,52.0,0.0,1.0,0.6,0.7,0.6,0.3441,0.3365,0.4697,0.4213,0.2164,0.1796,lineup,lineup,"[{""id"": 695578, ""name"": ""James Wood"", ""bats"": ""L"", ""obp"": 0.3791469194312796, ""slg"": 0.5087719298245614, ""iso"": 0.2748538011695907, ""ab"": 171}, {""id"": 678554, ""name"": ""Curtis Mead"", ""bats"": ""R"", ""obp"": 0.35185185185185186, ""slg"": 0.43956043956043955, ""iso"": 0.20879120879120877, ""ab"": 91}, {""id"": 691781, ""name"": ""Brady House"", ""bats"": ""R"", ""obp"": 0.2710843373493976, ""slg"": 0.37254901960784315, ""iso"": 0.1568627450980392, ""ab"": 153}]","[{""id"": 668974, ""name"": ""Maverick Handley"", ""bats"": ""R"", ""obp"": null, ""slg"": null, ""iso"": null, ""ab"": null}, {""id"": 621493, ""name"": ""Taylor Ward"", ""bats"": ""R"", ""obp"": 0.425, ""slg"": 0.3741935483870968, ""iso"": 0.10967741935483871, ""ab"": 155}, {""id"": 668939, ""name"": ""Adley Rutschman"", ""bats"": ""S"", ""obp"": 0.3247863247863248, ""slg"": 0.5277777777777778, ""iso"": 0.25, ""ab"": 108}]","[{""name"": ""away_top3c_slg"", ""value"": 0.4213, ""contribution"": 0.1394}, {""name"": ""home_plate_ump_nrfi_rate"", ""value"": 0.6177, ""contribution"": -0.0991}, {""name"": ""home_fip"", ""value"": 3.3995, ""contribution"": -0.0648}, {""name"": ""home_whiff_pct_rank"", ""value"": 80.0, ""contribution"": -0.0514}, {""name"": ""home_p_last5_pitcher_nrfi"", ""value"": 1.0, ""contribution"": 0.0473}]","[{""name"": ""home_plate_ump_nrfi_rate"", ""value"": 0.6177, ""contribution"": 0.2484}, {""name"": ""home_top3c_iso"", ""value"": 0.2164, ""contribution"": 0.1033}, {""name"": ""fi_park_nrfi_rate"", ""value"": 0.4721, ""contribution"": 0.0631}, {""name"": ""home_top3c_slg"", ""value"": 0.4697, ""contribution"": -0.0615}, {""name"": ""wx_wind_kmh"", ""value"": 23.7, ""contribution"": 0.0569}]",482620,0.6177,4.101,4.3,80.0,33.0,0.7136,0.751,4.93,5.13,0.9363,0.7303,R,R,NRFI,LOSS,0,0,0,2026-05-16T20:19:52+00:00,+100,-130,DraftKings,2026-05-16T19:07:50+00:00,0.5,0.5652,-0.1593,0.0941,0.0941,Y,1,-1,+100,-130,2026-05-16T19:02:48+00:00,0,0.3767,YRFI,STRONG,,,,,,,
2026-05-16,2026,822981,1,N,MIA,TB,4:10 PM ET,Sandy Alcantara,Nick Martinez,645261,607259,live,live,live,live,0.93,0.3429,0.4285,0.7714,0.2622,0.3771,0.6393,0.5274,0.4726,0.181,0.819,,,NRFI,LEAN,LEAN NRFI,4,2026-05-16T19:04:43Z,4.501,2.961,1.27,1.123,3.858,3.68,3.06,2.08,0.84,0.86,6.63,6.1,0.319,0.328,0.382,0.39,4.246,4.53,,,,1.0,1.0,0.8,0.9,0.7,0.3515,0.3751,0.4322,0.4905,0.1545,0.1747,lineup,lineup,"[{""id"": 802415, ""name"": ""Chandler Simpson"", ""bats"": ""L"", ""obp"": 0.3333333333333333, ""slg"": 0.3597560975609756, ""iso"": 0.0548780487804878, ""ab"": 164}, {""id"": 691406, ""name"": ""Junior Caminero"", ""bats"": ""R"", ""obp"": 0.3315508021390374, ""slg"": 0.4666666666666667, ""iso"": 0.2181818181818182, ""ab"": 165}, {""id"": 666018, ""name"": ""Jonathan Aranda"", ""bats"": ""L"", ""obp"": 0.3891891891891892, ""slg"": 0.47333333333333333, ""iso"": 0.1933333333333333, ""ab"": 150}]","[{""id"": 669364, ""name"": ""Xavier Edwards"", ""bats"": ""S"", ""obp"": 0.40425531914893614, ""slg"": 0.47560975609756095, ""iso"": 0.15853658536585363, ""ab"": 164}, {""id"": 689414, ""name"": ""Liam Hicks"", ""bats"": ""L"", ""obp"": 0.34838709677419355, ""slg"": 0.5073529411764706, ""iso"": 0.22058823529411764, ""ab"": 136}, {""id"": 672640, ""name"": ""Otto Lopez"", ""bats"": ""R"", ""obp"": 0.3675675675675676, ""slg"": 0.49142857142857144, ""iso"": 0.1542857142857143, ""ab"": 175}]","[{""name"": ""away_top3c_slg"", ""value"": 0.4905, ""contribution"": -0.3446}, {""name"": ""away_top3c_obp"", ""value"": 0.3751, ""contribution"": 0.2129}, {""name"": ""era_gap_t1"", ""value"": -1.5394, ""contribution"": -0.101}, {""name"": ""fi_park_nrfi_rate"", ""value"": 0.4401, ""contribution"": 0.0803}, {""name"": ""home_avg_ip_per_start"", ""value"": 6.2, ""contribution"": -0.063}]","[{""name"": ""fi_park_nrfi_rate"", ""value"": 0.4401, ""contribution"": 0.1456}, {""name"": ""home_plate_ump_nrfi_rate"", ""value"": 0.4578, ""contribution"": -0.124}, {""name"": ""era_gap_b1"", ""value"": 1.5394, ""contribution"": 0.0817}, {""name"": ""wx_is_dome"", ""value"": 1.0, ""contribution"": -0.0809}, {""name"": ""away_whiff_pct_rank"", ""value"": 28.0, ""contribution"": 0.0681}]",665576,0.4578,4.133,4.417,18.0,28.0,0.7197,0.7396,6.2,5.47,0.8803,0.7870,R,R,NRFI,WIN,0,0,0,2026-05-16T20:23:32+00:00,-130,+100,DraftKings,2026-05-16T20:53:26+00:00,0.5652,0.5,-0.0378,-0.0274,-0.0378,N,0.5,0,-135,+100,2026-05-16T19:07:50+00:00,-0.0093,0.4790,PASS,NO EDGE,,,,,,,
2026-05-16,2026,824435,1,N,CIN,CLE,6:10 PM ET,Chris Paddack,Joey Cantillo,663978,676282,live,live,live,live,0.96,0.4404,0.5248,0.9652,0.236,0.4951,0.7311,0.4701,0.5299,0.2514,0.7486,,,PASS,NO EDGE,PASS - No edge,4,2026-05-16T21:40:49Z,6.335,3.185,1.447,1.291,4.915,3.869,2.48,3.91,1.78,1.0,7.1,9.01,0.313,0.322,0.398,0.378,4.396,4.258,20.5,15.6,86.0,0.0,0.8,0.4,0.7,0.5,0.3573,0.3462,0.4359,0.4733,0.1795,0.2087,lineup,lineup,"[{""id"": 690984, ""name"": ""Petey Halpin"", ""bats"": ""L"", ""obp"": 0.15, ""slg"": 0.10526315789473684, ""iso"": 0.0, ""ab"": 19}, {""id"": 608070, ""name"": ""Jos\u00e9 Ram\u00edrez"", ""bats"": ""S"", ""obp"": 0.3465346534653465, ""slg"": 0.38095238095238093, ""iso"": 0.1607142857142857, ""ab"": 168}, {""id"": 800050, ""name"": ""Chase DeLauter"", ""bats"": ""L"", ""obp"": 0.37058823529411766, ""slg"": 0.4897959183673469, ""iso"": 0.20408163265306123, ""ab"": 147}]","[{""id"": 667472, ""name"": ""Dane Myers"", ""bats"": ""R"", ""obp"": 0.36619718309859156, ""slg"": 0.3559322033898305, ""iso"": 0.11864406779661016, ""ab"": 59}, {""id"": 682829, ""name"": ""Elly De La Cruz"", ""bats"": ""S"", ""obp"": 0.36, ""slg"": 0.5248618784530387, ""iso"": 0.22651933701657456, ""ab"": 181}, {""id"": 701398, ""name"": ""Sal Stewart"", ""bats"": ""R"", ""obp"": 0.3248730964467005, ""slg"": 0.45930232558139533, ""iso"": 0.2209302325581395, ""ab"": 172}]","[{""name"": ""away_top3c_iso"", ""value"": 0.2087, ""contribution"": 0.2574}, {""name"": ""away_top3c_slg"", ""value"": 0.4733, ""contribution"": -0.2242}, {""name"": ""era_gap_t1"", ""value"": -3.1505, ""contribution"": -0.2068}, {""name"": ""wx_humidity"", ""value"": 86.0, ""contribution"": -0.112}, {""name"": ""home_whiff_pct_rank"", ""value"": 89.0, ""contribution"": -0.0669}]","[{""name"": ""era_gap_b1"", ""value"": 3.1505, ""contribution"": 0.1673}, {""name"": ""away_whiff_pct_rank"", ""value"": 14.0, ""contribution"": 0.1111}, {""name"": ""fi_park_nrfi_rate"", ""value"": 0.5217, ""contribution"": -0.0648}, {""name"": ""away_p_last5_pitcher_nrfi"", ""value"": 0.4, ""contribution"": 0.0506}, {""name"": ""away_p_last10_pitcher_nrfi"", ""value"": 0.5, ""contribution"": 0.0471}]",658325,0.5084,3.575,4.623,89.0,14.0,0.7136,0.7136,4.93,4.4,0.9043,0.5840,R,L,NRFI,PASS,0,0,0,2026-05-16T22:23:42+00:00,-115,-115,DraftKings,2026-05-16T22:22:44+00:00,0.5349,0.5349,-0.0623,-0.0075,,N,,,-115,-115,2026-05-16T22:06:15+00:00,,0.4551,PASS,NO EDGE,,,,,,,
2026-05-16,2026,823706,1,N,MIL,MIN,7:10 PM ET,Logan Henderson,Connor Prielipp,701656,687570,ltd,sm,live,live,0.97,0.4578,0.4087,0.8666,0.3592,0.3237,0.6829,0.4829,0.5171,0.2153,0.7847,,,PASS,NO EDGE,PASS - No edge,4,2026-05-16T22:36:08Z,3.806,3.917,1.128,1.169,3.492,4.151,2.7,3.24,1.06,1.27,9.9,9.24,0.33,0.323,0.372,0.391,4.89,4.662,25.4,14.7,21.0,0.0,0.5,0.8,0.5,0.875,0.3841,0.3846,0.442,0.4386,0.1536,0.1491,lineup,lineup,"[{""id"": 668885, ""name"": ""Austin Martin"", ""bats"": ""R"", ""obp"": 0.44776119402985076, ""slg"": 0.42201834862385323, ""iso"": 0.09174311926605505, ""ab"": 109}, {""id"": 686797, ""name"": ""Brooks Lee"", ""bats"": ""S"", ""obp"": 0.3148148148148148, ""slg"": 0.4, ""iso"": 0.14, ""ab"": 150}, {""id"": 680777, ""name"": ""Ryan Jeffers"", ""bats"": ""R"", ""obp"": 0.40441176470588236, ""slg"": 0.5178571428571429, ""iso"": 0.2321428571428572, ""ab"": 112}]","[{""id"": 694192, ""name"": ""Jackson Chourio"", ""bats"": ""R"", ""obp"": 0.3488372093023256, ""slg"": 0.4, ""iso"": 0.10000000000000003, ""ab"": 40}, {""id"": 668930, ""name"": ""Brice Turang"", ""bats"": ""L"", ""obp"": 0.4180790960451977, ""slg"": 0.503448275862069, ""iso"": 0.20689655172413796, ""ab"": 145}, {""id"": 661388, ""name"": ""William Contreras"", ""bats"": ""R"", ""obp"": 0.3595505617977528, ""slg"": 0.3885350318471338, ""iso"": 0.1082802547770701, ""ab"": 157}]","[{""name"": ""away_top3c_obp"", ""value"": 0.3846, ""contribution"": 0.2685}, {""name"": ""away_top3c_iso"", ""value"": 0.1491, ""contribution"": -0.2446}, {""name"": ""wx_humidity"", ""value"": 21.0, ""contribution"": 0.1498}, {""name"": ""home_xera"", ""value"": 1.9461, ""contribution"": -0.0783}, {""name"": ""fi_park_nrfi_rate"", ""value"": 0.5352, ""contribution"": -0.055}]","[{""name"": ""fi_park_nrfi_rate"", ""value"": 0.5352, ""contribution"": -0.0997}, {""name"": ""home_top3c_obp"", ""value"": 0.3841, ""contribution"": 0.08}, {""name"": ""home_plate_ump_nrfi_rate"", ""value"": 0.4806, ""contribution"": -0.0709}, {""name"": ""home_top3c_iso"", ""value"": 0.1536, ""contribution"": -0.0645}, {""name"": ""away_avg_ip_per_start"", ""value"": 4.4667, ""contribution"": 0.0342}]",521889,0.4806,1.946,3.49,50.0,59.0,0.7136,0.7136,4.75,4.47,0.7200,0.8933,R,L,NRFI,WIN,0,0,0,2026-05-16T23:22:34+00:00,-135,+105,DraftKings,2026-05-16T23:39:14+00:00,0.5745,0.4878,-0.0471,-0.0152,-0.0471,N,0.5,0,-135,+105,2026-05-16T22:50:34+00:00,0,0.6495,NRFI,STRONG,,,,,,,
2026-05-16,2026,824924,1,N,BOS,ATL,7:15 PM ET,Payton Tolle,Bryce Elder,801139,693821,sm,live,live,live,0.98,0.377,0.4513,0.8283,0.3101,0.3412,0.6514,0.5072,0.4928,0.2014,0.7986,,,NRFI,LEAN,LEAN NRFI,4,2026-05-16T21:40:49Z,3.411,3.292,1.104,1.171,3.647,3.578,2.93,3.16,1.06,0.87,9.63,8.27,0.314,0.326,0.37,0.438,3.894,5.112,28.7,9.4,25.0,0.0,0.6,0.6,0.7,0.5714,0.3603,0.3171,0.5379,0.3862,0.2481,0.1377,lineup,lineup,"[{""id"": 686948, ""name"": ""Drake Baldwin"", ""bats"": ""L"", ""obp"": 0.37745098039215685, ""slg"": 0.5303867403314917, ""iso"": 0.2320441988950276, ""ab"": 181}, {""id"": 645277, ""name"": ""Ozzie Albies"", ""bats"": ""S"", ""obp"": 0.3385416666666667, ""slg"": 0.4682080924855491, ""iso"": 0.18497109826589592, ""ab"": 173}, {""id"": 621566, ""name"": ""Matt Olson"", ""bats"": ""L"", ""obp"": 0.36363636363636365, ""slg"": 0.6149425287356322, ""iso"": 0.3275862068965517, ""ab"": 174}]","[{""id"": 680776, ""name"": ""Jarren Duran"", ""bats"": ""L"", ""obp"": 0.23809523809523808, ""slg"": 0.2903225806451613, ""iso"": 0.11612903225806454, ""ab"": 155}, {""id"": 665966, ""name"": ""Carlos Narv\u00e1ez"", ""bats"": ""R"", ""obp"": 0.28421052631578947, ""slg"": 0.3448275862068966, ""iso"": 0.12643678160919541, ""ab"": 87}, {""id"": 677800, ""name"": ""Wilyer Abreu"", ""bats"": ""L"", ""obp"": 0.3770491803278688, ""slg"": 0.46296296296296297, ""iso"": 0.16049382716049382, ""ab"": 162}]","[{""name"": ""away_top3c_slg"", ""value"": 0.3862, ""contribution"": 0.3844}, {""name"": ""away_top3c_iso"", ""value"": 0.1377, ""contribution"": -0.3406}, {""name"": ""wx_humidity"", ""value"": 25.0, ""contribution"": 0.1337}, {""name"": ""away_top3c_obp"", ""value"": 0.3171, ""contribution"": -0.1249}, {""name"": ""home_avg_ip_per_start"", ""value"": 6.2667, ""contribution"": -0.0674}]","[{""name"": ""home_top3c_slg"", ""value"": 0.5379, ""contribution"": -0.2061}, {""name"": ""home_top3c_iso"", ""value"": 0.2481, ""contribution"": 0.1882}, {""name"": ""away_whiff_pct_rank"", ""value"": 100.0, ""contribution"": -0.1535}, {""name"": ""home_plate_ump_nrfi_rate"", ""value"": 0.4859, ""contribution"": -0.0586}, {""name"": ""home_obp"", ""value"": 0.3263, ""contribution"": 0.0405}]",544728,0.4859,4.332,3.327,24.0,100.0,0.6796,0.7136,6.27,4.93,0.6377,0.9003,L,R,YRFI,LOSS,0,1,1,2026-05-16T23:26:39+00:00,-135,+105,DraftKings,2026-05-16T23:39:14+00:00,0.5745,0.4878,-0.0673,0.005,-0.0673,N,0.5,0,-135,+105,2026-05-16T22:11:37+00:00,0,0.4877,PASS,NO EDGE,,,,,,,
2026-05-16,2026,823627,1,N,NYY,NYM,7:15 PM ET,Carlos Rodón,Huascar Brazobán,607074,623211,live,ltd,live,live,0.96,0.4316,0.4026,0.8341,0.5738,0.3098,0.8836,0.3703,0.6297,0.2035,0.7965,,,YRFI,STRONG,STRONG YRFI,4,2026-05-16T21:40:49Z,3.382,3.274,1.103,1.143,3.719,3.77,4.07,3.5,0.92,0.82,9.31,7.94,0.327,0.298,0.428,0.364,4.912,3.894,24.8,16.2,38.0,0.0,1.0,1.0,1.0,0.9,0.2981,0.3968,0.35,0.5842,0.1167,0.302,lineup,lineup,"[{""id"": 701807, ""name"": ""Carson Benge"", ""bats"": ""L"", ""obp"": 0.2876712328767123, ""slg"": 0.3333333333333333, ""iso"": 0.10370370370370369, ""ab"": 135}, {""id"": 666182, ""name"": ""Bo Bichette"", ""bats"": ""R"", ""obp"": 0.26424870466321243, ""slg"": 0.2752808988764045, ""iso"": 0.061797752808988776, ""ab"": 178}, {""id"": 665742, ""name"": ""Juan Soto"", ""bats"": ""L"", ""obp"": 0.3629032258064516, ""slg"": 0.4953271028037383, ""iso"": 0.22429906542056077, ""ab"": 107}]","[{""id"": 700250, ""name"": ""Ben Rice"", ""bats"": ""L"", ""obp"": 0.41818181818181815, ""slg"": 0.6861313868613139, ""iso"": 0.3722627737226278, ""ab"": 137}, {""id"": 592450, ""name"": ""Aaron Judge"", ""bats"": ""R"", ""obp"": 0.4010152284263959, ""slg"": 0.6086956521739131, ""iso"": 0.34161490683229817, ""ab"": 161}, {""id"": 641355, ""name"": ""Cody Bellinger"", ""bats"": ""L"", ""obp"": 0.3736842105263158, ""slg"": 0.4716981132075472, ""iso"": 0.20125786163522014, ""ab"": 159}]","[{""name"": ""away_top3c_iso"", ""value"": 0.302, ""contribution"": 1.0425}, {""name"": ""away_top3c_slg"", ""value"": 0.5842, ""contribution"": -0.9996}, {""name"": ""away_top3c_obp"", ""value"": 0.3968, ""contribution"": 0.3393}, {""name"": ""home_avg_ip_per_start"", ""value"": 1.2, ""contribution"": 0.2645}, {""name"": ""wx_humidity"", ""value"": 38.0, ""contribution"": 0.0813}]","[{""name"": ""home_top3c_slg"", ""value"": 0.35, ""contribution"": 0.1921}, {""name"": ""home_top3c_iso"", ""value"": 0.1167, ""contribution"": -0.1634}, {""name"": ""home_obp"", ""value"": 0.2979, ""contribution"": -0.0721}, {""name"": ""home_top3c_obp"", ""value"": 0.2981, ""contribution"": -0.0701}, {""name"": ""away_p_last5_pitcher_nrfi"", ""value"": 1.0, ""contribution"": -0.0441}]",485856,0.5084,3.904,4.2,50.0,50.0,0.7136,0.7197,1.2,5.87,0.9343,0.6437,L,R,NRFI,LOSS,0,0,0,2026-05-16T23:32:54+00:00,-115,-115,DraftKings,2026-05-16T22:17:19+00:00,0.5349,0.5349,-0.1536,0.0838,0.0838,Y,1,-1,-115,-115,2026-05-16T22:11:37+00:00,0,0.4144,YRFI,STRONG,,,,,,,
2026-05-16,2026,824038,1,N,LAD,LAA,9:38 PM ET,Justin Wrobleski,José Soriano,680736,667755,live,live,live,live,0.99,0.4357,0.3688,0.8045,0.3251,0.4834,0.8085,0.4401,0.5599,0.1928,0.8072,,,YRFI,LEAN,LEAN YRFI,4,2026-05-16T23:59:55Z,3.297,2.765,1.108,1.199,3.421,3.348,2.46,3.68,0.68,0.75,6.95,9.28,0.335,0.317,0.429,0.388,4.829,4.162,20.8,16.8,65.0,0.0,0.6,0.8,0.7,0.625,0.3676,0.3405,0.4423,0.4187,0.2039,0.1763,lineup,lineup,"[{""id"": 687093, ""name"": ""Vaughn Grissom"", ""bats"": ""R"", ""obp"": 0.33707865168539325, ""slg"": 0.40789473684210525, ""iso"": 0.15789473684210525, ""ab"": 76}, {""id"": 545361, ""name"": ""Mike Trout"", ""bats"": ""R"", ""obp"": 0.40703517587939697, ""slg"": 0.4935897435897436, ""iso"": 0.25, ""ab"": 156}, {""id"": 687263, ""name"": ""Zach Neto"", ""bats"": ""R"", ""obp"": 0.34299516908212563, ""slg"": 0.4114285714285714, ""iso"": 0.18285714285714286, ""ab"": 175}]","[{""id"": 660271, ""name"": ""Shohei Ohtani"", ""bats"": ""L"", ""obp"": 0.37037037037037035, ""slg"": 0.42857142857142855, ""iso"": 0.1883116883116883, ""ab"": 154}, {""id"": 605141, ""name"": ""Mookie Betts"", ""bats"": ""R"", ""obp"": 0.22, ""slg"": 0.3695652173913043, ""iso"": 0.21739130434782605, ""ab"": 46}, {""id"": 518692, ""name"": ""Freddie Freeman"", ""bats"": ""L"", ""obp"": 0.3425414364640884, ""slg"": 0.4233128834355828, ""iso"": 0.15337423312883436, ""ab"": 163}]","[{""name"": ""away_top3c_slg"", ""value"": 0.4187, ""contribution"": 0.1572}, {""name"": ""home_fip"", ""value"": 3.3482, ""contribution"": -0.07}, {""name"": ""fi_park_nrfi_rate"", ""value"": 0.4485, ""contribution"": 0.0685}, {""name"": ""home_whiff_pct_rank"", ""value"": 71.0, ""contribution"": -0.036}, {""name"": ""era_gap_t1"", ""value"": -0.5318, ""contribution"": -0.0348}]","[{""name"": ""fi_park_nrfi_rate"", ""value"": 0.4485, ""contribution"": 0.1241}, {""name"": ""away_whiff_pct_rank"", ""value"": 17.0, ""contribution"": 0.1019}, {""name"": ""away_avg_ip_per_start"", ""value"": 7.1333, ""contribution"": -0.0816}, {""name"": ""home_top3c_iso"", ""value"": 0.2039, ""contribution"": 0.07}, {""name"": ""home_top3c_obp"", ""value"": 0.3676, ""contribution"": 0.0512}]",665281,0.5305,3.855,3.401,71.0,17.0,0.7272,0.7136,5.47,7.13,0.8867,0.7883,L,R,YRFI,WIN,1,0,1,2026-05-17T01:54:47+00:00,-125,-105,DraftKings,2026-05-17T02:09:36+00:00,0.5556,0.5122,-0.1155,0.0477,0.0477,N,0.5,0,-125,-105,2026-05-17T01:14:48+00:00,0,0.4144,YRFI,STRONG,,,,,,,
2026-05-16,2026,823382,1,N,PHI,PIT,4:05 PM ET,Cristopher Sánchez,Bubba Chandler,650911,696149,live,ltd,live,live,0.96,0.4851,0.3246,0.8097,0.3761,0.2901,0.6662,0.4995,0.5005,0.1947,0.8053,,,PASS,NO EDGE,PASS - No edge,4,2026-05-16T20:00:28Z,2.274,4.384,1.187,1.312,2.26,4.563,2.15,4.43,0.51,1.21,10.31,8.39,0.305,0.332,0.397,0.4,4.229,4.929,19.1,8.6,80.0,0.0,0.8,0.8,0.9,0.8,0.3466,0.339,0.422,0.5,0.1642,0.251,lineup,lineup,"[{""id"": 665833, ""name"": ""Oneil Cruz"", ""bats"": ""L"", ""obp"": 0.3316582914572864, ""slg"": 0.48066298342541436, ""iso"": 0.2154696132596685, ""ab"": 181}, {""id"": 804606, ""name"": ""Konnor Griffin"", ""bats"": ""R"", ""obp"": 0.31210191082802546, ""slg"": 0.3873239436619718, ""iso"": 0.13380281690140844, ""ab"": 142}, {""id"": 668804, ""name"": ""Bryan Reynolds"", ""bats"": ""S"", ""obp"": 0.38974358974358975, ""slg"": 0.3860759493670886, ""iso"": 0.13291139240506328, ""ab"": 158}]","[{""id"": 607208, ""name"": ""Trea Turner"", ""bats"": ""R"", ""obp"": 0.28061224489795916, ""slg"": 0.33516483516483514, ""iso"": 0.10439560439560436, ""ab"": 182}, {""id"": 656941, ""name"": ""Kyle Schwarber"", ""bats"": ""L"", ""obp"": 0.3645320197044335, ""slg"": 0.6449704142011834, ""iso"": 0.40828402366863903, ""ab"": 169}, {""id"": 547180, ""name"": ""Bryce Harper"", ""bats"": ""L"", ""obp"": 0.3723404255319149, ""slg"": 0.5337423312883436, ""iso"": 0.2515337423312884, ""ab"": 163}]","[{""name"": ""away_top3c_iso"", ""value"": 0.251, ""contribution"": 0.6131}, {""name"": ""away_top3c_slg"", ""value"": 0.5, ""contribution"": -0.4108}, {""name"": ""era_gap_t1"", ""value"": 2.1097, ""contribution"": 0.1387}, {""name"": ""wx_humidity"", ""value"": 80.0, ""contribution"": -0.0878}, {""name"": ""home_fip"", ""value"": 4.5632, ""contribution"": 0.0536}]","[{""name"": ""away_whiff_pct_rank"", ""value"": 95.0, ""contribution"": -0.1381}, {""name"": ""era_gap_b1"", ""value"": -2.1097, ""contribution"": -0.1122}, {""name"": ""home_plate_ump_nrfi_rate"", ""value"": 0.5511, ""contribution"": 0.0933}, {""name"": ""home_obp"", ""value"": 0.3323, ""contribution"": 0.0643}, {""name"": ""away_avg_ip_per_start"", ""value"": 6.6, ""contribution"": -0.0584}]",483912,0.5511,4.349,2.881,76.0,95.0,0.7136,0.7272,5.0,6.6,0.8913,0.8863,L,R,YRFI,PASS,3,0,3,2026-05-16T20:25:39+00:00,-130,+100,DraftKings,2026-05-16T20:53:26+00:00,0.5652,0.5,-0.0657,0.0005,,N,,,-130,+100,2026-05-16T20:03:52+00:00,,0.4877,PASS,NO EDGE,,,,,,,
2026-05-16,2026,823139,1,N,SD,SEA,7:15 PM ET,Walker Buehler,Logan Gilbert,621111,669302,live,live,live,live,0.95,0.3461,0.5059,0.8521,0.2151,0.3847,0.5998,0.5333,0.4667,0.21,0.79,,,NRFI,LEAN,LEAN NRFI,4,2026-05-16T21:40:49Z,5.066,3.629,1.439,1.102,4.466,3.457,3.72,1.95,1.19,1.41,7.14,10.48,0.3,0.32,0.376,0.391,4.182,4.225,,,,1.0,0.4,0.8,0.4,0.8,0.3297,0.291,0.3827,0.315,0.142,0.1036,lineup,lineup,"[{""id"": 641487, ""name"": ""J.P. Crawford"", ""bats"": ""L"", ""obp"": 0.3597560975609756, ""slg"": 0.3533834586466165, ""iso"": 0.14285714285714285, ""ab"": 133}, {""id"": 677594, ""name"": ""Julio Rodr\u00edguez"", ""bats"": ""R"", ""obp"": 0.32338308457711445, ""slg"": 0.4207650273224044, ""iso"": 0.1639344262295082, ""ab"": 183}, {""id"": 647304, ""name"": ""Josh Naylor"", ""bats"": ""L"", ""obp"": 0.31016042780748665, ""slg"": 0.36470588235294116, ""iso"": 0.11764705882352938, ""ab"": 170}]","[{""id"": 701538, ""name"": ""Jackson Merrill"", ""bats"": ""L"", ""obp"": 0.2808988764044944, ""slg"": 0.3333333333333333, ""iso"": 0.12345679012345678, ""ab"": 162}, {""id"": 665487, ""name"": ""Fernando Tatis Jr."", ""bats"": ""R"", ""obp"": 0.3114754098360656, ""slg"": 0.28125, ""iso"": 0.04375000000000001, ""ab"": 160}, {""id"": 592518, ""name"": ""Manny Machado"", ""bats"": ""R"", ""obp"": 0.28, ""slg"": 0.33112582781456956, ""iso"": 0.14569536423841062, ""ab"": 151}]","[{""name"": ""away_top3c_slg"", ""value"": 0.315, ""contribution"": 0.8822}, {""name"": ""away_top3c_iso"", ""value"": 0.1036, ""contribution"": -0.628}, {""name"": ""away_top3c_obp"", ""value"": 0.291, ""contribution"": -0.2766}, {""name"": ""era_gap_t1"", ""value"": -1.4373, ""contribution"": -0.0943}, {""name"": ""home_whiff_pct_rank"", ""value"": 97.0, ""contribution"": -0.0806}]","[{""name"": ""home_top3c_slg"", ""value"": 0.3827, ""contribution"": 0.1227}, {""name"": ""away_whiff_pct_rank"", ""value"": 15.0, ""contribution"": 0.1081}, {""name"": ""home_top3c_iso"", ""value"": 0.142, ""contribution"": -0.0957}, {""name"": ""wx_is_dome"", ""value"": 1.0, ""contribution"": -0.0809}, {""name"": ""era_gap_b1"", ""value"": 1.4373, ""contribution"": 0.0763}]",665281,0.5305,3.166,5.249,97.0,15.0,0.7613,0.7075,5.27,4.73,0.5930,0.6657,R,R,NRFI,WIN,0,0,0,2026-05-16T23:28:51+00:00,-150,+115,DraftKings,2026-05-16T23:39:14+00:00,0.6,0.4651,-0.0667,0.0016,-0.0667,N,0.5,0,-150,+115,2026-05-16T22:11:37+00:00,0,0.5651,NRFI,STRONG,,,,,,,
2026-05-16,2026,823060,1,N,KC,STL,2:15 PM ET,Noah Cameron,Kyle Leahy,702070,681517,live,live,live,live,0.97,0.4487,0.4949,0.9436,0.2903,0.3132,0.6035,0.5299,0.4701,0.2435,0.7565,,,NRFI,LEAN,LEAN NRFI,4,2026-05-16T16:53:02Z,4.188,3.836,1.348,1.411,4.192,4.023,3.17,3.42,1.22,1.03,7.78,7.87,0.318,0.322,0.392,0.398,4.196,4.589,19.9,5.8,84.0,0.0,1.0,0.8,0.8889,0.8,0.3723,0.3356,0.4601,0.4193,0.1828,0.1594,lineup,lineup,"[{""id"": 691026, ""name"": ""Masyn Winn"", ""bats"": ""R"", ""obp"": 0.3333333333333333, ""slg"": 0.3581081081081081, ""iso"": 0.10135135135135137, ""ab"": 148}, {""id"": 671056, ""name"": ""Iv\u00e1n Herrera"", ""bats"": ""R"", ""obp"": 0.39603960396039606, ""slg"": 0.4049079754601227, ""iso"": 0.14110429447852763, ""ab"": 163}, {""id"": 691023, ""name"": ""Jordan Walker"", ""bats"": ""R"", ""obp"": 0.3817204301075269, ""slg"": 0.6060606060606061, ""iso"": 0.296969696969697, ""ab"": 165}]","[{""id"": 672580, ""name"": ""Maikel Garcia"", ""bats"": ""R"", ""obp"": 0.33507853403141363, ""slg"": 0.4, ""iso"": 0.13529411764705884, ""ab"": 170}, {""id"": 677951, ""name"": ""Bobby Witt Jr."", ""bats"": ""R"", ""obp"": 0.3811881188118812, ""slg"": 0.5056179775280899, ""iso"": 0.1966292134831461, ""ab"": 178}, {""id"": 686469, ""name"": ""Vinnie Pasquantino"", ""bats"": ""L"", ""obp"": 0.2864864864864865, ""slg"": 0.34375, ""iso"": 0.14375, ""ab"": 160}]","[{""name"": ""away_top3c_iso"", ""value"": 0.1594, ""contribution"": -0.1576}, {""name"": ""away_top3c_slg"", ""value"": 0.4193, ""contribution"": 0.1533}, {""name"": ""wx_humidity"", ""value"": 84.0, ""contribution"": -0.1039}, {""name"": ""home_p_last5_pitcher_nrfi"", ""value"": 1.0, ""contribution"": 0.0473}, {""name"": ""fi_park_nrfi_rate"", ""value"": 0.5232, ""contribution"": -0.0379}]","[{""name"": ""away_whiff_pct_rank"", ""value"": 76.0, ""contribution"": -0.0796}, {""name"": ""fi_park_nrfi_rate"", ""value"": 0.5232, ""contribution"": -0.0687}, {""name"": ""home_top3c_obp"", ""value"": 0.3723, ""contribution"": 0.0593}, {""name"": ""home_top3c_slg"", ""value"": 0.4601, ""contribution"": -0.0412}, {""name"": ""wx_wind_kmh"", ""value"": 5.8, ""contribution"": -0.0308}]",596809,0.5038,4.459,4.444,32.0,76.0,0.7136,0.7396,5.13,5.0,0.6443,0.9197,L,R,YRFI,LOSS,0,1,1,2026-05-16T19:15:31+00:00,-110,-115,DraftKings,2026-05-16T18:56:59+00:00,0.5238,0.5349,0.0061,-0.0648,0.0061,N,0.5,0,-110,-115,2026-05-16T17:12:07+00:00,0,0.4846,PASS,NO EDGE,,,,,,,
2026-05-16,2026,824193,1,N,TEX,HOU,7:10 PM ET,Jacob deGrom,Kai-Wei Teng,594798,678906,live,ltd,live,live,0.99,0.4083,0.3658,0.7741,0.3243,0.325,0.6493,0.512,0.488,0.1819,0.8181,,,NRFI,LEAN,LEAN NRFI,4,2026-05-16T21:40:49Z,2.786,4.095,0.92,1.227,3.175,3.857,1.77,3.33,1.29,1.05,10.69,8.99,0.313,0.326,0.376,0.416,3.877,4.504,,,,1.0,0.4,0.6,0.4444,0.4,0.372,0.3502,0.4674,0.4258,0.1916,0.1507,lineup,lineup,"[{""id"": 669397, ""name"": ""Nick Allen"", ""bats"": ""R"", ""obp"": 0.2647058823529412, ""slg"": 0.25, ""iso"": 0.03125, ""ab"": 32}, {""id"": 670623, ""name"": ""Isaac Paredes"", ""bats"": ""R"", ""obp"": 0.34911242603550297, ""slg"": 0.38513513513513514, ""iso"": 0.1283783783783784, ""ab"": 148}, {""id"": 670541, ""name"": ""Yordan Alvarez"", ""bats"": ""L"", ""obp"": 0.4306930693069307, ""slg"": 0.6369047619047619, ""iso"": 0.3154761904761904, ""ab"": 168}]","[{""id"": 592626, ""name"": ""Joc Pederson"", ""bats"": ""L"", ""obp"": 0.32231404958677684, ""slg"": 0.33, ""iso"": 0.12000000000000002, ""ab"": 100}, {""id"": 607043, ""name"": ""Brandon Nimmo"", ""bats"": ""L"", ""obp"": 0.3567567567567568, ""slg"": 0.4171779141104294, ""iso"": 0.14110429447852757, ""ab"": 163}, {""id"": 673962, ""name"": ""Josh Jung"", ""bats"": ""R"", ""obp"": 0.3630952380952381, ""slg"": 0.4967741935483871, ""iso"": 0.1806451612903226, ""ab"": 155}]","[{""name"": ""away_top3c_iso"", ""value"": 0.1507, ""contribution"": -0.2311}, {""name"": ""home_avg_ip_per_start"", ""value"": 3.4, ""contribution"": 0.1204}, {""name"": ""away_top3c_slg"", ""value"": 0.4258, ""contribution"": 0.1076}, {""name"": ""era_gap_t1"", ""value"": 1.3083, ""contribution"": 0.086}, {""name"": ""away_top3c_obp"", ""value"": 0.3502, ""contribution"": 0.0682}]","[{""name"": ""away_whiff_pct_rank"", ""value"": 82.0, ""contribution"": -0.0981}, {""name"": ""wx_is_dome"", ""value"": 1.0, ""contribution"": -0.0809}, {""name"": ""era_gap_b1"", ""value"": -1.3083, ""contribution"": -0.0696}, {""name"": ""away_p_last10_pitcher_nrfi"", ""value"": 0.4, ""contribution"": 0.0682}, {""name"": ""home_top3c_obp"", ""value"": 0.372, ""contribution"": 0.0588}]",665302,0.5084,3.808,3.231,62.0,82.0,0.7136,0.678,3.4,5.8,0.7807,0.7777,R,R,YRFI,LOSS,0,2,2,2026-05-16T23:26:18+00:00,-160,+120,DraftKings,2026-05-16T23:39:14+00:00,0.6154,0.4545,-0.1034,0.0335,-0.1034,N,0.5,0,-155,+120,2026-05-16T22:06:15+00:00,0.0075,0.6116,NRFI,STRONG,,,,,,,
2026-05-16,2026,824600,1,N,CHC,CWS,7:10 PM ET,Jameson Taillon,Davis Martin,592791,663436,live,live,live,live,0.98,0.375,0.5312,0.9062,0.3098,0.4344,0.7442,0.4433,0.5567,0.2298,0.7702,,,PASS,NO EDGE,PASS - No edge,4,2026-05-16T22:36:08Z,3.818,2.722,1.102,1.129,5.119,3.179,2.57,2.35,1.95,0.76,7.43,8.13,0.337,0.322,0.407,0.404,4.946,4.419,27.7,16.3,47.0,0.0,0.6,0.8,0.7,0.8,0.3737,0.3434,0.4898,0.3716,0.2449,0.1226,lineup,lineup,"[{""id"": 803011, ""name"": ""Sam Antonacci"", ""bats"": ""L"", ""obp"": 0.38, ""slg"": 0.4166666666666667, ""iso"": 0.14285714285714285, ""ab"": 84}, {""id"": 808959, ""name"": ""Munetaka Murakami"", ""bats"": ""L"", ""obp"": 0.3684210526315789, ""slg"": 0.525974025974026, ""iso"": 0.2987012987012987, ""ab"": 154}, {""id"": 678246, ""name"": ""Miguel Vargas"", ""bats"": ""R"", ""obp"": 0.37566137566137564, ""slg"": 0.4935064935064935, ""iso"": 0.24675324675324675, ""ab"": 154}]","[{""id"": 663538, ""name"": ""Nico Hoerner"", ""bats"": ""R"", ""obp"": 0.3399014778325123, ""slg"": 0.398876404494382, ""iso"": 0.1348314606741573, ""ab"": 178}, {""id"": 683737, ""name"": ""Michael Busch"", ""bats"": ""L"", ""obp"": 0.35233160621761656, ""slg"": 0.35625, ""iso"": 0.125, ""ab"": 160}, {""id"": 608324, ""name"": ""Alex Bregman"", ""bats"": ""R"", ""obp"": 0.3383084577114428, ""slg"": 0.35795454545454547, ""iso"": 0.10795454545454547, ""ab"": 176}]","[{""name"": ""away_top3c_slg"", ""value"": 0.3716, ""contribution"": 0.4867}, {""name"": ""away_top3c_iso"", ""value"": 0.1226, ""contribution"": -0.4682}, {""name"": ""home_fip"", ""value"": 3.1793, ""contribution"": -0.0872}, {""name"": ""home_avg_ip_per_start"", ""value"": 6.4, ""contribution"": -0.0761}, {""name"": ""era_gap_t1"", ""value"": -1.0957, ""contribution"": -0.0719}]","[{""name"": ""home_top3c_iso"", ""value"": 0.2449, ""contribution"": 0.1796}, {""name"": ""home_top3c_slg"", ""value"": 0.4898, ""contribution"": -0.1042}, {""name"": ""home_top3c_obp"", ""value"": 0.3737, ""contribution"": 0.0618}, {""name"": ""era_gap_b1"", ""value"": 1.0957, ""contribution"": 0.0581}, {""name"": ""fi_park_nrfi_rate"", ""value"": 0.4785, ""contribution"": 0.0466}]",427366,0.4992,4.871,3.72,29.0,48.0,0.7136,0.7075,6.4,5.8,0.6743,0.8487,R,R,YRFI,PASS,0,3,3,2026-05-16T23:25:07+00:00,-125,-105,DraftKings,2026-05-16T23:39:14+00:00,0.5556,0.5122,-0.1013,0.0335,,N,,,-125,-105,2026-05-16T23:07:03+00:00,,0.4144,YRFI,STRONG,,,,,,,
2026-05-17,2026,822738,1,N,BAL,WSH,1:35 PM ET,Brandon Young,Richard Lovelady,687064,663992,ltd,sm,live,live,0.97,0.478,0.5834,1.0614,0.447,0.528,0.975,0.3082,0.6918,0.2868,0.7132,,,YRFI,STRONG,STRONG YRFI,4,2026-05-17T15:59:09Z,4.77,3.497,1.385,1.406,4.807,4.184,3.51,4.37,1.47,0.98,7.55,8.92,0.316,0.323,0.387,0.415,4.34,5.225,32.1,5.4,33.0,0.0,1.0,0.6,1.0,0.5,0.3276,0.3295,0.4514,0.3969,0.2095,0.1698,lineup,lineup,"[{""id"": 695578, ""name"": ""James Wood"", ""bats"": ""L"", ""obp"": 0.38425925925925924, ""slg"": 0.5114942528735632, ""iso"": 0.27586206896551724, ""ab"": 174}, {""id"": 671277, ""name"": ""Luis Garc\u00eda Jr."", ""bats"": ""L"", ""obp"": 0.2978723404255319, ""slg"": 0.4253731343283582, ""iso"": 0.15671641791044777, ""ab"": 134}, {""id"": 691781, ""name"": ""Brady House"", ""bats"": ""R"", ""obp"": 0.27976190476190477, ""slg"": 0.4064516129032258, ""iso"": 0.18064516129032257, ""ab"": 155}]","[{""id"": 621493, ""name"": ""Taylor Ward"", ""bats"": ""R"", ""obp"": 0.424390243902439, ""slg"": 0.375, ""iso"": 0.10625000000000001, ""ab"": 160}, {""id"": 683002, ""name"": ""Gunnar Henderson"", ""bats"": ""L"", ""obp"": 0.2560386473429952, ""slg"": 0.39267015706806285, ""iso"": 0.19371727748691103, ""ab"": 191}, {""id"": 624413, ""name"": ""Pete Alonso"", ""bats"": ""R"", ""obp"": 0.3076923076923077, ""slg"": 0.42196531791907516, ""iso"": 0.2023121387283237, ""ab"": 173}]","[{""name"": ""away_top3c_slg"", ""value"": 0.3969, ""contribution"": 0.3095}, {""name"": ""home_avg_ip_per_start"", ""value"": 2.0, ""contribution"": 0.2121}, {""name"": ""wx_humidity"", ""value"": 33.0, ""contribution"": 0.1015}, {""name"": ""era_gap_t1"", ""value"": -1.2731, ""contribution"": -0.0835}, {""name"": ""away_top3c_iso"", ""value"": 0.1698, ""contribution"": -0.0701}]","[{""name"": ""away_whiff_pct_rank"", ""value"": 14.0, ""contribution"": 0.1111}, {""name"": ""home_plate_ump_nrfi_rate"", ""value"": 0.548, ""contribution"": 0.086}, {""name"": ""home_top3c_iso"", ""value"": 0.2095, ""contribution"": 0.0849}, {""name"": ""era_gap_b1"", ""value"": 1.2731, ""contribution"": 0.0676}, {""name"": ""fi_park_nrfi_rate"", ""value"": 0.4721, ""contribution"": 0.0631}]",639723,0.548,3.21,4.059,48.0,14.0,0.7136,0.7136,2.0,5.2,0.7427,0.7430,R,L,YRFI,WIN,1,0,1,2026-05-17T17:52:39+00:00,+120,-160,DraftKings,2026-05-17T16:40:24+00:00,0.4545,0.6154,-0.1463,0.0764,0.0764,Y,1,0.625,+120,-160,2026-05-17T16:34:46+00:00,0,0.4589,PASS,NO EDGE,,,,,,,
2026-05-17,2026,825006,1,N,SF,OAK,4:05 PM ET,Adrian Houser,Jeffrey Springs,605288,605488,live,live,live,live,0.93,0.3873,0.4882,0.8755,0.3063,0.6083,0.9146,0.3289,0.6711,0.2185,0.7815,,,YRFI,STRONG,STRONG YRFI,4,2026-05-17T17:55:04Z,4.582,4.171,1.382,1.216,4.555,4.296,2.88,2.79,1.23,1.37,5.77,7.71,0.298,0.326,0.382,0.408,3.635,4.429,25.1,25.9,15.0,0.0,0.4,0.2,0.6,0.3,0.3799,0.3197,0.4741,0.4392,0.2044,0.1614,lineup,lineup,"[{""id"": 701762, ""name"": ""Nick Kurtz"", ""bats"": ""L"", ""obp"": 0.42574257425742573, ""slg"": 0.48427672955974843, ""iso"": 0.2138364779874214, ""ab"": 159}, {""id"": 666126, ""name"": ""Carlos Cortes"", ""bats"": ""L"", ""obp"": 0.3963963963963964, ""slg"": 0.55, ""iso"": 0.21000000000000002, ""ab"": 100}, {""id"": 687515, ""name"": ""Colby Thomas"", ""bats"": ""R"", ""obp"": 0.3870967741935484, ""slg"": 0.4827586206896552, ""iso"": 0.13793103448275862, ""ab"": 29}]","[{""id"": 664056, ""name"": ""Harrison Bader"", ""bats"": ""R"", ""obp"": 0.16901408450704225, ""slg"": 0.3088235294117647, ""iso"": 0.16176470588235295, ""ab"": 68}, {""id"": 650333, ""name"": ""Luis Arraez"", ""bats"": ""L"", ""obp"": 0.358695652173913, ""slg"": 0.4117647058823529, ""iso"": 0.09411764705882353, ""ab"": 170}, {""id"": 669477, ""name"": ""Casey Schmitt"", ""bats"": ""R"", ""obp"": 0.34210526315789475, ""slg"": 0.5357142857142857, ""iso"": 0.24285714285714283, ""ab"": 140}]","[{""name"": ""wx_humidity"", ""value"": 15.0, ""contribution"": 0.174}, {""name"": ""away_top3c_iso"", ""value"": 0.1614, ""contribution"": -0.1414}, {""name"": ""away_top3c_obp"", ""value"": 0.3197, ""contribution"": -0.1096}, {""name"": ""fi_park_nrfi_rate"", ""value"": 0.4401, ""contribution"": 0.0803}, {""name"": ""home_p_last5_pitcher_nrfi"", ""value"": 0.4, ""contribution"": -0.0523}]","[{""name"": ""fi_park_nrfi_rate"", ""value"": 0.4401, ""contribution"": 0.1456}, {""name"": ""away_whiff_pct_rank"", ""value"": 10.0, ""contribution"": 0.1235}, {""name"": ""away_p_last10_pitcher_nrfi"", ""value"": 0.3, ""contribution"": 0.0893}, {""name"": ""away_p_last5_pitcher_nrfi"", ""value"": 0.2, ""contribution"": 0.0822}, {""name"": ""home_top3c_obp"", ""value"": 0.3799, ""contribution"": 0.0725}]",676580,0.5084,4.027,4.301,71.0,10.0,0.6796,0.6796,4.87,5.2,0.9607,0.7893,R,L,NRFI,LOSS,0,0,0,2026-05-17T20:21:57+00:00,-110,-120,DraftKings,2026-05-17T19:12:44+00:00,0.5238,0.5455,-0.1949,0.1256,0.1256,Y,1,-1,-110,-120,2026-05-17T19:03:08+00:00,0,0.4144,YRFI,STRONG,,,,,,,
2026-05-17,2026,824599,1,N,CHC,CWS,2:10 PM ET,Colin Rea,Erick Fedde,607067,607200,live,live,live,live,0.98,0.6039,0.4745,1.0784,0.4318,0.5194,0.9512,0.3082,0.6918,0.2931,0.7069,,,YRFI,STRONG,STRONG YRFI,4,2026-05-17T17:04:50Z,4.324,4.596,1.337,1.33,4.071,5.514,2.64,3.59,1.21,1.67,7.45,5.39,0.335,0.323,0.408,0.41,4.914,4.479,30.2,25.2,41.0,0.0,0.4,0.8,0.6,0.8,0.3768,0.3426,0.5112,0.3719,0.2605,0.1214,lineup,lineup,"[{""id"": 682668, ""name"": ""Luisangel Acu\u00f1a"", ""bats"": ""R"", ""obp"": 0.24175824175824176, ""slg"": 0.1927710843373494, ""iso"": 0.012048192771084348, ""ab"": 83}, {""id"": 808959, ""name"": ""Munetaka Murakami"", ""bats"": ""L"", ""obp"": 0.37628865979381443, ""slg"": 0.5668789808917197, ""iso"": 0.33121019108280253, ""ab"": 157}, {""id"": 678246, ""name"": ""Miguel Vargas"", ""bats"": ""R"", ""obp"": 0.37305699481865284, ""slg"": 0.5063291139240507, ""iso"": 0.259493670886076, ""ab"": 158}]","[{""id"": 663538, ""name"": ""Nico Hoerner"", ""bats"": ""R"", ""obp"": 0.33653846153846156, ""slg"": 0.39344262295081966, ""iso"": 0.13114754098360654, ""ab"": 183}, {""id"": 683737, ""name"": ""Michael Busch"", ""bats"": ""L"", ""obp"": 0.350253807106599, ""slg"": 0.35365853658536583, ""iso"": 0.12195121951219509, ""ab"": 164}, {""id"": 608324, ""name"": ""Alex Bregman"", ""bats"": ""R"", ""obp"": 0.34146341463414637, ""slg"": 0.36666666666666664, ""iso"": 0.1111111111111111, ""ab"": 180}]","[{""name"": ""away_top3c_slg"", ""value"": 0.3719, ""contribution"": 0.4845}, {""name"": ""away_top3c_iso"", ""value"": 0.1214, ""contribution"": -0.4777}, {""name"": ""home_fip"", ""value"": 5.5144, ""contribution"": 0.1504}, {""name"": ""home_whiff_pct_rank"", ""value"": 8.0, ""contribution"": 0.0722}, {""name"": ""wx_humidity"", ""value"": 41.0, ""contribution"": 0.0693}]","[{""name"": ""home_top3c_iso"", ""value"": 0.2605, ""contribution"": 0.2215}, {""name"": ""home_top3c_slg"", ""value"": 0.5112, ""contribution"": -0.1495}, {""name"": ""away_whiff_pct_rank"", ""value"": 21.0, ""contribution"": 0.0896}, {""name"": ""home_plate_ump_nrfi_rate"", ""value"": 0.5467, ""contribution"": 0.083}, {""name"": ""home_top3c_obp"", ""value"": 0.3768, ""contribution"": 0.0672}]",503490,0.5467,5.185,4.334,8.0,21.0,0.678,0.7272,5.27,5.0,0.6743,0.7200,R,R,YRFI,WIN,3,0,3,2026-05-17T18:33:01+00:00,-120,-110,DraftKings,2026-05-17T17:13:19+00:00,0.5455,0.5238,-0.1598,0.0905,0.0905,Y,1,0.909,-120,-110,2026-05-17T17:07:55+00:00,0,0.3871,YRFI,STRONG,,,,,,,
2026-05-17,2026,824923,1,N,BOS,ATL,1:35 PM ET,Brayan Bello,Grant Holmes,678394,656550,live,live,live,live,0.98,0.4954,0.5974,1.0928,0.332,0.443,0.7749,0.4401,0.5599,0.2983,0.7017,,,PASS,NO EDGE,PASS - No edge,4,2026-05-17T17:04:50Z,4.885,4.177,1.487,1.323,4.745,4.693,3.55,4.39,1.35,1.39,6.7,8.51,0.313,0.325,0.37,0.436,3.879,5.061,30.9,17.2,39.0,0.0,0.6,0.6,0.7,0.5,0.3581,0.3176,0.5362,0.3902,0.2486,0.1387,lineup,lineup,"[{""id"": 686948, ""name"": ""Drake Baldwin"", ""bats"": ""L"", ""obp"": 0.38461538461538464, ""slg"": 0.5489130434782609, ""iso"": 0.24456521739130432, ""ab"": 184}, {""id"": 645277, ""name"": ""Ozzie Albies"", ""bats"": ""S"", ""obp"": 0.33163265306122447, ""slg"": 0.4576271186440678, ""iso"": 0.1807909604519774, ""ab"": 177}, {""id"": 621566, ""name"": ""Matt Olson"", ""bats"": ""L"", ""obp"": 0.3564356435643564, ""slg"": 0.601123595505618, ""iso"": 0.3202247191011236, ""ab"": 178}]","[{""id"": 680776, ""name"": ""Jarren Duran"", ""bats"": ""L"", ""obp"": 0.23837209302325582, ""slg"": 0.29559748427672955, ""iso"": 0.11949685534591195, ""ab"": 159}, {""id"": 681508, ""name"": ""Mickey Gasper"", ""bats"": ""S"", ""obp"": 0.4090909090909091, ""slg"": 0.47619047619047616, ""iso"": 0.09523809523809523, ""ab"": 21}, {""id"": 677800, ""name"": ""Wilyer Abreu"", ""bats"": ""L"", ""obp"": 0.37967914438502676, ""slg"": 0.46987951807228917, ""iso"": 0.16265060240963858, ""ab"": 166}]","[{""name"": ""away_top3c_slg"", ""value"": 0.3902, ""contribution"": 0.3569}, {""name"": ""away_top3c_iso"", ""value"": 0.1387, ""contribution"": -0.3321}, {""name"": ""away_top3c_obp"", ""value"": 0.3176, ""contribution"": -0.1219}, {""name"": ""wx_humidity"", ""value"": 39.0, ""contribution"": 0.0773}, {""name"": ""home_fip"", ""value"": 4.6927, ""contribution"": 0.0668}]","[{""name"": ""home_top3c_slg"", ""value"": 0.5362, ""contribution"": -0.2025}, {""name"": ""home_top3c_iso"", ""value"": 0.2486, ""contribution"": 0.1895}, {""name"": ""away_p_last10_pitcher_nrfi"", ""value"": 0.5, ""contribution"": 0.0471}, {""name"": ""away_avg_ip_per_start"", ""value"": 4.2, ""contribution"": 0.0458}, {""name"": ""away_whiff_pct_rank"", ""value"": 36.0, ""contribution"": 0.0435}]",427537,0.4944,4.794,4.699,50.0,36.0,0.7396,0.7136,4.73,4.2,0.6863,0.9210,R,R,YRFI,PASS,0,3,3,2026-05-17T17:56:55+00:00,-120,-110,DraftKings,2026-05-17T17:56:23+00:00,0.5455,0.5238,-0.0729,0.0036,0.105,N,1,,-120,-110,2026-05-17T17:34:39+00:00,0,0.4521,PASS,NO EDGE,,,,,,,
2026-05-17,2026,824358,1,N,ARI,COL,3:10 PM ET,Michael Soroka,Michael Lorenzen,647336,547179,live,live,live,live,1.22,0.6237,0.5061,1.1298,0.4374,0.3924,0.8298,0.4401,0.5599,0.3118,0.6882,,,YRFI,LEAN,LEAN YRFI,4,2026-05-17T17:55:04Z,3.969,5.64,1.242,1.597,3.376,4.579,2.74,2.68,1.01,1.51,9.62,7.18,0.308,0.315,0.395,0.4,4.352,4.258,16.8,12.4,51.0,0.0,0.6,0.6,0.7,0.6,0.3326,0.3599,0.5134,0.4714,0.2469,0.1945,lineup,lineup,"[{""id"": 666397, ""name"": ""Edouard Julien"", ""bats"": ""L"", ""obp"": 0.33076923076923076, ""slg"": 0.3333333333333333, ""iso"": 0.09649122807017543, ""ab"": 114}, {""id"": 666160, ""name"": ""Mickey Moniak"", ""bats"": ""L"", ""obp"": 0.35570469798657717, ""slg"": 0.6642335766423357, ""iso"": 0.3576642335766423, ""ab"": 137}, {""id"": 696100, ""name"": ""Hunter Goodman"", ""bats"": ""R"", ""obp"": 0.313953488372093, ""slg"": 0.5126582278481012, ""iso"": 0.2594936708860759, ""ab"": 158}]","[{""id"": 545121, ""name"": ""Ildemaro Vargas"", ""bats"": ""S"", ""obp"": 0.35947712418300654, ""slg"": 0.5608108108108109, ""iso"": 0.22297297297297303, ""ab"": 148}, {""id"": 682998, ""name"": ""Corbin Carroll"", ""bats"": ""L"", ""obp"": 0.384180790960452, ""slg"": 0.5034013605442177, ""iso"": 0.2312925170068027, ""ab"": 147}, {""id"": 672695, ""name"": ""Geraldo Perdomo"", ""bats"": ""S"", ""obp"": 0.3352941176470588, ""slg"": 0.34507042253521125, ""iso"": 0.1267605633802817, ""ab"": 142}]","[{""name"": ""away_top3c_slg"", ""value"": 0.4714, ""contribution"": -0.2109}, {""name"": ""away_top3c_iso"", ""value"": 0.1945, ""contribution"": 0.1376}, {""name"": ""away_top3c_obp"", ""value"": 0.3599, ""contribution"": 0.1246}, {""name"": ""era_gap_t1"", ""value"": 1.6714, ""contribution"": 0.1099}, {""name"": ""fi_park_nrfi_rate"", ""value"": 0.4265, ""contribution"": 0.0998}]","[{""name"": ""home_top3c_iso"", ""value"": 0.2469, ""contribution"": 0.1851}, {""name"": ""fi_park_nrfi_rate"", ""value"": 0.4265, ""contribution"": 0.1809}, {""name"": ""home_top3c_slg"", ""value"": 0.5134, ""contribution"": -0.1543}, {""name"": ""home_plate_ump_nrfi_rate"", ""value"": 0.4691, ""contribution"": -0.0977}, {""name"": ""era_gap_b1"", ""value"": -1.6714, ""contribution"": -0.0889}]",521051,0.4691,4.664,3.598,38.0,29.0,0.6942,0.7272,5.47,5.53,0.8163,0.9597,R,R,NRFI,LOSS,0,0,0,2026-05-17T21:11:18+00:00,+105,-135,DraftKings,2026-05-17T20:55:52+00:00,0.4878,0.5745,-0.0477,-0.0146,-0.0146,N,0.5,0,+105,-135,2026-05-17T18:08:51+00:00,0,0.4589,PASS,NO EDGE,,,,,,,
2026-05-17,2026,824436,1,N,CIN,CLE,1:40 PM ET,Brady Singer,Gavin Williams,663903,668909,live,live,live,live,0.96,0.4509,0.5309,0.9818,0.293,0.4952,0.7882,0.4401,0.5599,0.2576,0.7424,,,PASS,NO EDGE,PASS - No edge,4,2026-05-17T17:04:50Z,4.931,3.454,1.46,1.212,4.855,4.008,2.76,3.96,1.7,1.28,7.3,10.16,0.313,0.323,0.396,0.378,4.389,4.302,28.7,18.0,47.0,0.0,0.6,0.2,0.7,0.5,0.356,0.3715,0.4295,0.5174,0.175,0.2397,lineup,lineup,"[{""id"": 682177, ""name"": ""Daniel Schneemann"", ""bats"": ""L"", ""obp"": 0.3484848484848485, ""slg"": 0.4358974358974359, ""iso"": 0.17094017094017094, ""ab"": 117}, {""id"": 608070, ""name"": ""Jos\u00e9 Ram\u00edrez"", ""bats"": ""S"", ""obp"": 0.3526570048309179, ""slg"": 0.38372093023255816, ""iso"": 0.15697674418604654, ""ab"": 172}, {""id"": 690984, ""name"": ""Petey Halpin"", ""bats"": ""L"", ""obp"": 0.14285714285714285, ""slg"": 0.1, ""iso"": 0.0, ""ab"": 20}]","[{""id"": 667472, ""name"": ""Dane Myers"", ""bats"": ""R"", ""obp"": 0.36, ""slg"": 0.3968253968253968, ""iso"": 0.15873015873015872, ""ab"": 63}, {""id"": 682829, ""name"": ""Elly De La Cruz"", ""bats"": ""S"", ""obp"": 0.3627450980392157, ""slg"": 0.5217391304347826, ""iso"": 0.22282608695652173, ""ab"": 184}, {""id"": 668709, ""name"": ""JJ Bleday"", ""bats"": ""L"", ""obp"": 0.44, ""slg"": 0.7258064516129032, ""iso"": 0.40322580645161293, ""ab"": 62}]","[{""name"": ""away_top3c_slg"", ""value"": 0.5174, ""contribution"": -0.5321}, {""name"": ""away_top3c_iso"", ""value"": 0.2397, ""contribution"": 0.5186}, {""name"": ""away_top3c_obp"", ""value"": 0.3715, ""contribution"": 0.1921}, {""name"": ""era_gap_t1"", ""value"": -1.4775, ""contribution"": -0.0969}, {""name"": ""home_avg_ip_per_start"", ""value"": 6.5333, ""contribution"": -0.0849}]","[{""name"": ""away_p_last5_pitcher_nrfi"", ""value"": 0.2, ""contribution"": 0.0822}, {""name"": ""era_gap_b1"", ""value"": 1.4775, ""contribution"": 0.0784}, {""name"": ""fi_park_nrfi_rate"", ""value"": 0.5217, ""contribution"": -0.0648}, {""name"": ""away_whiff_pct_rank"", ""value"": 32.0, ""contribution"": 0.0558}, {""name"": ""home_plate_ump_nrfi_rate"", ""value"": 0.5317, ""contribution"": 0.0481}]",482663,0.5317,4.171,4.422,88.0,32.0,0.7136,0.7272,6.53,4.87,0.9803,0.6593,R,R,YRFI,PASS,0,2,2,2026-05-17T17:56:43+00:00,-120,-110,DraftKings,2026-05-17T17:56:23+00:00,0.5455,0.5238,-0.1023,0.033,,N,,,-120,-110,2026-05-17T17:34:39+00:00,,0.4144,YRFI,STRONG,,,,,,,
2026-05-17,2026,823058,1,N,KC,STL,2:15 PM ET,Stephen Kolek,Andre Pallante,663568,669467,live,live,live,live,0.97,0.4838,0.445,0.9288,0.3389,0.3486,0.6875,0.4829,0.5171,0.2381,0.7619,,,PASS,NO EDGE,PASS - No edge,4,2026-05-17T17:55:04Z,4.206,4.874,1.15,1.404,4.126,4.494,2.56,3.76,1.14,1.12,6.68,6.62,0.318,0.322,0.393,0.398,4.16,4.579,30.2,23.8,44.0,0.0,0.6,1.0,0.6,0.8,0.3665,0.3356,0.4213,0.4181,0.1614,0.158,lineup,lineup,"[{""id"": 802139, ""name"": ""JJ Wetherholt"", ""bats"": ""L"", ""obp"": 0.35784313725490197, ""slg"": 0.40828402366863903, ""iso"": 0.17159763313609466, ""ab"": 169}, {""id"": 671056, ""name"": ""Iv\u00e1n Herrera"", ""bats"": ""R"", ""obp"": 0.39805825242718446, ""slg"": 0.40963855421686746, ""iso"": 0.14457831325301201, ""ab"": 166}, {""id"": 676475, ""name"": ""Alec Burleson"", ""bats"": ""L"", ""obp"": 0.34196891191709844, ""slg"": 0.44508670520231214, ""iso"": 0.16763005780346824, ""ab"": 173}]","[{""id"": 672580, ""name"": ""Maikel Garcia"", ""bats"": ""R"", ""obp"": 0.3333333333333333, ""slg"": 0.40229885057471265, ""iso"": 0.13793103448275862, ""ab"": 174}, {""id"": 677951, ""name"": ""Bobby Witt Jr."", ""bats"": ""R"", ""obp"": 0.38349514563106796, ""slg"": 0.5027624309392266, ""iso"": 0.19337016574585641, ""ab"": 181}, {""id"": 686469, ""name"": ""Vinnie Pasquantino"", ""bats"": ""L"", ""obp"": 0.2857142857142857, ""slg"": 0.34146341463414637, ""iso"": 0.1402439024390244, ""ab"": 164}]","[{""name"": ""away_top3c_iso"", ""value"": 0.158, ""contribution"": -0.1698}, {""name"": ""away_top3c_slg"", ""value"": 0.4181, ""contribution"": 0.1616}, {""name"": ""wx_humidity"", ""value"": 44.0, ""contribution"": 0.0572}, {""name"": ""home_fip"", ""value"": 4.494, ""contribution"": 0.0466}, {""name"": ""era_gap_t1"", ""value"": 0.6683, ""contribution"": 0.044}]","[{""name"": ""fi_park_nrfi_rate"", ""value"": 0.5232, ""contribution"": -0.0687}, {""name"": ""wx_wind_kmh"", ""value"": 23.8, ""contribution"": 0.0573}, {""name"": ""home_top3c_obp"", ""value"": 0.3665, ""contribution"": 0.0492}, {""name"": ""away_p_last5_pitcher_nrfi"", ""value"": 1.0, ""contribution"": -0.0441}, {""name"": ""home_top3c_iso"", ""value"": 0.1614, ""contribution"": -0.0437}]",605674,0.5127,4.364,4.2,56.0,50.0,0.7075,0.7272,5.47,6.13,0.6443,0.8130,R,R,YRFI,PASS,1,0,1,2026-05-17T18:33:02+00:00,-110,-115,DraftKings,2026-05-17T19:03:08+00:00,0.5238,0.5349,-0.0409,-0.0178,0.0036,N,0.5,,-110,-115,2026-05-17T18:14:09+00:00,0,0.4658,PASS,NO EDGE,,,,,,,
2026-05-17,2026,822982,1,N,MIA,TB,12:15 PM ET,Eury Pérez,Drew Rasmussen,691587,656876,live,live,live,live,0.93,0.3453,0.4845,0.8298,0.2432,0.3412,0.5844,0.5411,0.4589,0.2019,0.7981,,,NRFI,LEAN,LEAN NRFI,4,2026-05-17T14:51:56Z,4.618,2.965,1.242,0.964,4.169,3.712,3.89,1.85,1.35,1.29,9.94,8.42,0.321,0.327,0.385,0.389,4.34,4.538,,,,1.0,0.6,0.8,0.8,0.6,0.3511,0.3757,0.432,0.4898,0.1542,0.1721,lineup,lineup,"[{""id"": 802415, ""name"": ""Chandler Simpson"", ""bats"": ""L"", ""obp"": 0.33519553072625696, ""slg"": 0.35714285714285715, ""iso"": 0.0535714285714286, ""ab"": 168}, {""id"": 691406, ""name"": ""Junior Caminero"", ""bats"": ""R"", ""obp"": 0.3333333333333333, ""slg"": 0.47058823529411764, ""iso"": 0.21764705882352942, ""ab"": 170}, {""id"": 666018, ""name"": ""Jonathan Aranda"", ""bats"": ""L"", ""obp"": 0.38421052631578945, ""slg"": 0.47096774193548385, ""iso"": 0.1935483870967742, ""ab"": 155}]","[{""id"": 669364, ""name"": ""Xavier Edwards"", ""bats"": ""S"", ""obp"": 0.40414507772020725, ""slg"": 0.47023809523809523, ""iso"": 0.15476190476190477, ""ab"": 168}, {""id"": 689414, ""name"": ""Liam Hicks"", ""bats"": ""L"", ""obp"": 0.35, ""slg"": 0.5035460992907801, ""iso"": 0.21276595744680848, ""ab"": 141}, {""id"": 672640, ""name"": ""Otto Lopez"", ""bats"": ""R"", ""obp"": 0.3684210526315789, ""slg"": 0.4972067039106145, ""iso"": 0.1564245810055866, ""ab"": 179}]","[{""name"": ""away_top3c_slg"", ""value"": 0.4898, ""contribution"": -0.3392}, {""name"": ""away_top3c_obp"", ""value"": 0.3757, ""contribution"": 0.2169}, {""name"": ""era_gap_t1"", ""value"": -1.653, ""contribution"": -0.1085}, {""name"": ""fi_park_nrfi_rate"", ""value"": 0.4401, ""contribution"": 0.0803}, {""name"": ""home_plate_ump_nrfi_rate"", ""value"": 0.4534, ""contribution"": 0.0536}]","[{""name"": ""fi_park_nrfi_rate"", ""value"": 0.4401, ""contribution"": 0.1456}, {""name"": ""home_plate_ump_nrfi_rate"", ""value"": 0.4534, ""contribution"": -0.1343}, {""name"": ""era_gap_b1"", ""value"": 1.653, ""contribution"": 0.0878}, {""name"": ""wx_is_dome"", ""value"": 1.0, ""contribution"": -0.0809}, {""name"": ""home_top3c_iso"", ""value"": 0.1542, ""contribution"": -0.0631}]",594151,0.4534,3.299,3.511,44.0,68.0,0.7075,0.7136,5.33,5.47,0.8803,0.7870,R,R,YRFI,LOSS,0,1,1,2026-05-17T16:30:30+00:00,-150,+115,DraftKings,2026-05-17T16:45:47+00:00,0.6,0.4651,-0.0589,-0.0062,-0.0589,N,0.5,0,-150,+115,2026-05-17T15:12:08+00:00,0,0.6370,NRFI,STRONG,,,,,,,
2026-05-17,2026,823138,1,N,SD,SEA,7:20 PM ET,Lucas Giolito,George Kirby,608337,669923,ltd,live,live,live,0.95,0.3218,0.4566,0.7783,0.225,0.2987,0.5237,0.6609,0.3391,0.1834,0.8166,,,NRFI,STRONG,STRONG NRFI,4,2026-05-17T21:46:01Z,3.607,3.405,1.28,1.172,4.135,3.147,3.41,2.15,1.09,0.81,7.86,8.3,0.3,0.32,0.379,0.39,4.229,4.222,,,,1.0,1.0,0.8,0.8,0.9,0.3316,0.314,0.388,0.402,0.144,0.1471,lineup,lineup,"[{""id"": 660844, ""name"": ""Leo Rivas"", ""bats"": ""S"", ""obp"": 0.25862068965517243, ""slg"": 0.17346938775510204, ""iso"": 0.040816326530612235, ""ab"": 98}, {""id"": 677594, ""name"": ""Julio Rodr\u00edguez"", ""bats"": ""R"", ""obp"": 0.32038834951456313, ""slg"": 0.4148936170212766, ""iso"": 0.1595744680851064, ""ab"": 188}, {""id"": 647304, ""name"": ""Josh Naylor"", ""bats"": ""L"", ""obp"": 0.3177083333333333, ""slg"": 0.367816091954023, ""iso"": 0.11494252873563215, ""ab"": 174}]","[{""id"": 665487, ""name"": ""Fernando Tatis Jr."", ""bats"": ""R"", ""obp"": 0.31016042780748665, ""slg"": 0.27607361963190186, ""iso"": 0.04294478527607365, ""ab"": 163}, {""id"": 823550, ""name"": ""Sung-Mun Song"", ""bats"": ""L"", ""obp"": 0.3333333333333333, ""slg"": 0.2777777777777778, ""iso"": 0.05555555555555558, ""ab"": 18}, {""id"": 657757, ""name"": ""Gavin Sheets"", ""bats"": ""L"", ""obp"": 0.3161764705882353, ""slg"": 0.4878048780487805, ""iso"": 0.24390243902439024, ""ab"": 123}]","[{""name"": ""away_top3c_slg"", ""value"": 0.402, ""contribution"": 0.2745}, {""name"": ""away_top3c_iso"", ""value"": 0.1471, ""contribution"": -0.262}, {""name"": ""away_top3c_obp"", ""value"": 0.314, ""contribution"": -0.1426}, {""name"": ""home_fip"", ""value"": 3.1468, ""contribution"": -0.0905}, {""name"": ""wx_is_dome"", ""value"": 1.0, ""contribution"": -0.0518}]","[{""name"": ""home_top3c_slg"", ""value"": 0.388, ""contribution"": 0.1115}, {""name"": ""home_top3c_iso"", ""value"": 0.144, ""contribution"": -0.0903}, {""name"": ""wx_is_dome"", ""value"": 1.0, ""contribution"": -0.0809}, {""name"": ""home_plate_ump_nrfi_rate"", ""value"": 0.4946, ""contribution"": -0.0383}, {""name"": ""away_p_last10_pitcher_nrfi"", ""value"": 0.9, ""contribution"": -0.0372}]",431232,0.4946,3.551,4.2,72.0,50.0,0.7396,0.6942,5.87,5.13,0.7500,0.6597,R,R,YRFI,LOSS,1,0,1,2026-05-17T23:36:16+00:00,-150,+115,DraftKings,2026-05-17T22:22:48+00:00,0.6,0.4651,0.0609,-0.126,0.0609,Y,1,-1,-150,+115,2026-05-17T22:17:07+00:00,0,0.6394,NRFI,STRONG,,,,,,,
2026-05-17,2026,824279,1,N,TOR,DET,1:40 PM ET,Kevin Gausman,Jack Flaherty,592332,656427,live,live,live,live,0.98,0.5154,0.3604,0.8759,0.3436,0.2891,0.6327,0.5274,0.4726,0.2187,0.7813,,,NRFI,LEAN,LEAN NRFI,4,2026-05-17T15:59:09Z,3.741,5.165,1.077,1.497,3.301,4.251,1.91,5.09,1.02,1.25,8.61,10.57,0.31,0.322,0.382,0.391,4.179,4.16,29.2,20.0,46.0,0.0,0.6,0.8,0.8,0.8,0.3551,0.3557,0.423,0.3939,0.1448,0.1145,lineup,lineup,"[{""id"": 805808, ""name"": ""Kevin McGonigle"", ""bats"": ""L"", ""obp"": 0.39690721649484534, ""slg"": 0.42424242424242425, ""iso"": 0.13333333333333336, ""ab"": 165}, {""id"": 693307, ""name"": ""Dillon Dingler"", ""bats"": ""R"", ""obp"": 0.31446540880503143, ""slg"": 0.4722222222222222, ""iso"": 0.22916666666666666, ""ab"": 144}, {""id"": 663330, ""name"": ""Jahmai Jones"", ""bats"": ""R"", ""obp"": 0.24074074074074073, ""slg"": 0.35294117647058826, ""iso"": 0.15686274509803924, ""ab"": 51}]","[{""id"": 682818, ""name"": ""Yohendrick Pi\u00f1ango"", ""bats"": ""L"", ""obp"": 0.40425531914893614, ""slg"": 0.4772727272727273, ""iso"": 0.11363636363636365, ""ab"": 44}, {""id"": 665489, ""name"": ""Vladimir Guerrero Jr."", ""bats"": ""R"", ""obp"": 0.37037037037037035, ""slg"": 0.3597560975609756, ""iso"": 0.07926829268292679, ""ab"": 164}, {""id"": 662139, ""name"": ""Daulton Varsho"", ""bats"": ""L"", ""obp"": 0.3253012048192771, ""slg"": 0.4066666666666667, ""iso"": 0.15333333333333332, ""ab"": 150}]","[{""name"": ""away_top3c_iso"", ""value"": 0.1145, ""contribution"": -0.5359}, {""name"": ""away_top3c_slg"", ""value"": 0.3939, ""contribution"": 0.3311}, {""name"": ""home_avg_ip_per_start"", ""value"": 3.5333, ""contribution"": 0.1117}, {""name"": ""away_top3c_obp"", ""value"": 0.3557, ""contribution"": 0.1003}, {""name"": ""era_gap_t1"", ""value"": 1.4238, ""contribution"": 0.0936}]","[{""name"": ""away_whiff_pct_rank"", ""value"": 81.0, ""contribution"": -0.095}, {""name"": ""home_top3c_iso"", ""value"": 0.1448, ""contribution"": -0.0881}, {""name"": ""fi_park_nrfi_rate"", ""value"": 0.5286, ""contribution"": -0.0826}, {""name"": ""era_gap_b1"", ""value"": -1.4238, ""contribution"": -0.0757}, {""name"": ""wx_wind_kmh"", ""value"": 20.0, ""contribution"": 0.0387}]",483564,0.5037,3.908,3.521,57.0,81.0,0.7709,0.7028,3.53,5.8,0.7423,0.6127,R,R,YRFI,LOSS,2,0,2,2026-05-17T18:00:08+00:00,-150,+115,DraftKings,2026-05-17T17:56:23+00:00,0.6,0.4651,-0.0726,0.0075,-0.0726,N,0.5,0,-150,+115,2026-05-17T16:34:46+00:00,0,0.4877,PASS,NO EDGE,,,,,,,
2026-05-17,2026,823381,1,N,PHI,PIT,1:35 PM ET,Zack Wheeler,Paul Skenes,554430,694973,live,live,live,live,0.96,0.2325,0.3304,0.5629,0.273,0.372,0.645,0.5224,0.4776,0.1098,0.8902,,,NRFI,LEAN,LEAN NRFI,4,2026-05-17T15:59:09Z,2.65,1.976,0.936,0.778,2.714,2.28,2.08,1.6,0.85,0.64,10.41,10.22,0.307,0.331,0.397,0.397,4.258,4.848,28.9,12.3,43.0,0.0,0.8,0.6,0.7,0.6,0.3546,0.3439,0.4711,0.5067,0.2156,0.2552,lineup,lineup,"[{""id"": 665833, ""name"": ""Oneil Cruz"", ""bats"": ""L"", ""obp"": 0.3251231527093596, ""slg"": 0.4702702702702703, ""iso"": 0.21081081081081082, ""ab"": 185}, {""id"": 664040, ""name"": ""Brandon Lowe"", ""bats"": ""L"", ""obp"": 0.3463687150837989, ""slg"": 0.551948051948052, ""iso"": 0.30519480519480524, ""ab"": 154}, {""id"": 668804, ""name"": ""Bryan Reynolds"", ""bats"": ""S"", ""obp"": 0.39195979899497485, ""slg"": 0.3950617283950617, ""iso"": 0.13580246913580246, ""ab"": 162}]","[{""id"": 607208, ""name"": ""Trea Turner"", ""bats"": ""R"", ""obp"": 0.2885572139303483, ""slg"": 0.34408602150537637, ""iso"": 0.10752688172043012, ""ab"": 186}, {""id"": 656941, ""name"": ""Kyle Schwarber"", ""bats"": ""L"", ""obp"": 0.36538461538461536, ""slg"": 0.6416184971098265, ""iso"": 0.40462427745664736, ""ab"": 173}, {""id"": 547180, ""name"": ""Bryce Harper"", ""bats"": ""L"", ""obp"": 0.37823834196891193, ""slg"": 0.5481927710843374, ""iso"": 0.26506024096385544, ""ab"": 166}]","[{""name"": ""away_top3c_iso"", ""value"": 0.2552, ""contribution"": 0.649}, {""name"": ""away_top3c_slg"", ""value"": 0.5067, ""contribution"": -0.4574}, {""name"": ""home_fip"", ""value"": 2.2797, ""contribution"": -0.1788}, {""name"": ""home_avg_ip_per_start"", ""value"": 6.4, ""contribution"": -0.0761}, {""name"": ""home_xera"", ""value"": 2.0935, ""contribution"": -0.0729}]","[{""name"": ""away_whiff_pct_rank"", ""value"": 93.0, ""contribution"": -0.1319}, {""name"": ""home_top3c_iso"", ""value"": 0.2156, ""contribution"": 0.1011}, {""name"": ""home_top3c_slg"", ""value"": 0.4711, ""contribution"": -0.0645}, {""name"": ""home_obp"", ""value"": 0.3308, ""contribution"": 0.0586}, {""name"": ""fi_park_nrfi_rate"", ""value"": 0.5188, ""contribution"": -0.0573}]",665298,0.5084,2.094,1.949,86.0,93.0,0.7272,0.7709,6.4,5.93,0.8913,0.8757,R,R,NRFI,WIN,0,0,0,2026-05-17T17:51:49+00:00,-165,+130,DraftKings,2026-05-17T17:56:23+00:00,0.6226,0.4348,-0.1002,0.0428,-0.1002,N,0.5,0,-165,+130,2026-05-17T16:34:46+00:00,0,0.6370,NRFI,STRONG,,,,,,,
2026-05-17,2026,823628,1,N,NYY,NYM,1:40 PM ET,Elmer Rodríguez,Freddy Peralta,695684,642547,sm,live,live,live,0.96,0.4264,0.4612,0.8876,0.3878,0.4121,0.7999,0.4401,0.5599,0.223,0.777,,,YRFI,LEAN,LEAN YRFI,4,2026-05-17T15:59:09Z,4.368,2.92,1.391,1.157,4.303,3.507,4.15,3.43,1.0,0.99,8.32,9.73,0.328,0.298,0.427,0.364,4.881,3.929,23.9,18.3,56.0,0.0,1.0,0.5,0.9,0.5,0.3074,0.3742,0.3566,0.5442,0.1166,0.2942,lineup,lineup,"[{""id"": 701807, ""name"": ""Carson Benge"", ""bats"": ""L"", ""obp"": 0.3, ""slg"": 0.35251798561151076, ""iso"": 0.10791366906474817, ""ab"": 139}, {""id"": 666182, ""name"": ""Bo Bichette"", ""bats"": ""R"", ""obp"": 0.2639593908629442, ""slg"": 0.27071823204419887, ""iso"": 0.06077348066298341, ""ab"": 181}, {""id"": 665742, ""name"": ""Juan Soto"", ""bats"": ""L"", ""obp"": 0.3828125, ""slg"": 0.5045871559633027, ""iso"": 0.22018348623853207, ""ab"": 109}]","[{""id"": 663757, ""name"": ""Trent Grisham"", ""bats"": ""L"", ""obp"": 0.30113636363636365, ""slg"": 0.3493150684931507, ""iso"": 0.17808219178082194, ""ab"": 146}, {""id"": 700250, ""name"": ""Ben Rice"", ""bats"": ""L"", ""obp"": 0.4117647058823529, ""slg"": 0.6666666666666666, ""iso"": 0.36170212765957444, ""ab"": 141}, {""id"": 592450, ""name"": ""Aaron Judge"", ""bats"": ""R"", ""obp"": 0.40594059405940597, ""slg"": 0.6121212121212121, ""iso"": 0.33939393939393936, ""ab"": 165}]","[{""name"": ""away_top3c_iso"", ""value"": 0.2942, ""contribution"": 0.9775}, {""name"": ""away_top3c_slg"", ""value"": 0.5442, ""contribution"": -0.7201}, {""name"": ""away_top3c_obp"", ""value"": 0.3742, ""contribution"": 0.208}, {""name"": ""era_gap_t1"", ""value"": -1.448, ""contribution"": -0.095}, {""name"": ""home_whiff_pct_rank"", ""value"": 90.0, ""contribution"": -0.0686}]","[{""name"": ""home_top3c_slg"", ""value"": 0.3566, ""contribution"": 0.178}, {""name"": ""home_top3c_iso"", ""value"": 0.1166, ""contribution"": -0.1637}, {""name"": ""era_gap_b1"", ""value"": 1.448, ""contribution"": 0.0769}, {""name"": ""home_obp"", ""value"": 0.2985, ""contribution"": -0.0696}, {""name"": ""home_top3c_obp"", ""value"": 0.3074, ""contribution"": -0.0539}]",605672,0.5283,3.353,4.2,90.0,50.0,0.6796,0.7136,5.67,4.33,0.8860,0.7463,R,R,NRFI,LOSS,0,0,0,2026-05-17T17:55:32+00:00,-105,-125,DraftKings,2026-05-17T17:56:23+00:00,0.5122,0.5556,-0.0721,0.0043,0.0043,N,0.5,0,-105,-125,2026-05-17T16:34:46+00:00,0,0.4144,YRFI,STRONG,,,,,,,
2026-05-17,2026,824192,1,N,TEX,HOU,2:10 PM ET,Nathan Eovaldi,Peter Lambert,543135,663567,live,sm,live,live,0.99,0.3844,0.4006,0.785,0.2773,0.3415,0.6188,0.5274,0.4726,0.1858,0.8142,,,NRFI,LEAN,LEAN NRFI,4,2026-05-17T17:04:50Z,3.04,3.594,1.023,1.199,3.628,3.607,1.7,3.42,1.35,0.82,8.95,8.93,0.314,0.325,0.373,0.418,3.829,4.496,,,,1.0,0.8,0.6,0.8,0.6,0.3565,0.337,0.5323,0.4087,0.2606,0.1543,lineup,lineup,"[{""id"": 694728, ""name"": ""Brice Matthews"", ""bats"": ""R"", ""obp"": 0.2542372881355932, ""slg"": 0.3669724770642202, ""iso"": 0.1651376146788991, ""ab"": 109}, {""id"": 543877, ""name"": ""Christian V\u00e1zquez"", ""bats"": ""R"", ""obp"": 0.3068181818181818, ""slg"": 0.4074074074074074, ""iso"": 0.16049382716049382, ""ab"": 81}, {""id"": 694376, ""name"": ""Shay Whitcomb"", ""bats"": ""R"", ""obp"": 0.17647058823529413, ""slg"": 0.3125, ""iso"": 0.1875, ""ab"": 16}]","[{""id"": 694497, ""name"": ""Evan Carter"", ""bats"": ""L"", ""obp"": 0.3018867924528302, ""slg"": 0.3233082706766917, ""iso"": 0.15037593984962405, ""ab"": 133}, {""id"": 664059, ""name"": ""Sam Haggerty"", ""bats"": ""S"", ""obp"": 0.21212121212121213, ""slg"": 0.16129032258064516, ""iso"": 0.0, ""ab"": 31}, {""id"": 673962, ""name"": ""Josh Jung"", ""bats"": ""R"", ""obp"": 0.3583815028901734, ""slg"": 0.48427672955974843, ""iso"": 0.17610062893081763, ""ab"": 159}]","[{""name"": ""away_top3c_slg"", ""value"": 0.4087, ""contribution"": 0.2274}, {""name"": ""away_top3c_iso"", ""value"": 0.1543, ""contribution"": -0.2006}, {""name"": ""wx_is_dome"", ""value"": 1.0, ""contribution"": -0.0518}, {""name"": ""home_xera"", ""value"": 2.829, ""contribution"": -0.0462}, {""name"": ""home_fip"", ""value"": 3.6065, ""contribution"": -0.0437}]","[{""name"": ""home_top3c_iso"", ""value"": 0.2606, ""contribution"": 0.2215}, {""name"": ""home_top3c_slg"", ""value"": 0.5323, ""contribution"": -0.1943}, {""name"": ""away_whiff_pct_rank"", ""value"": 84.0, ""contribution"": -0.1042}, {""name"": ""wx_is_dome"", ""value"": 1.0, ""contribution"": -0.0809}, {""name"": ""home_plate_ump_nrfi_rate"", ""value"": 0.5451, ""contribution"": 0.0793}]",484499,0.5451,2.829,3.211,50.0,84.0,0.7136,0.6883,5.87,6.6,0.8057,0.7407,R,R,NRFI,WIN,0,0,0,2026-05-17T18:24:04+00:00,-135,+100,DraftKings,2026-05-17T19:03:08+00:00,0.5745,0.5,-0.0471,-0.0274,-0.0471,N,0.5,0,-135,+100,2026-05-17T17:07:55+00:00,0,0.6373,NRFI,STRONG,,,,,,,
2026-05-17,2026,824034,1,N,LAD,LAA,4:07 PM ET,Roki Sasaki,Grayson Rodriguez,808963,680570,ltd,avg,live,live,0.99,0.4944,0.5997,1.0941,0.3568,0.4162,0.773,0.4401,0.5599,0.2988,0.7012,,,PASS,NO DATA,PASS - No data,3,2026-05-17T20:04:21Z,5.005,4.2,1.452,1.25,5.328,4.2,4.09,3.2,1.81,1.2,8.36,8.9,0.338,0.317,0.43,0.387,4.996,4.127,20.4,13.4,60.0,0.0,0.5,1.0,0.5,0.8,0.3496,0.3587,0.4167,0.4645,0.1786,0.1927,lineup,lineup,"[{""id"": 687263, ""name"": ""Zach Neto"", ""bats"": ""R"", ""obp"": 0.33962264150943394, ""slg"": 0.40555555555555556, ""iso"": 0.17777777777777778, ""ab"": 180}, {""id"": 545361, ""name"": ""Mike Trout"", ""bats"": ""R"", ""obp"": 0.4019607843137255, ""slg"": 0.48125, ""iso"": 0.24375000000000002, ""ab"": 160}, {""id"": 694384, ""name"": ""Nolan Schanuel"", ""bats"": ""L"", ""obp"": 0.3016759776536313, ""slg"": 0.36585365853658536, ""iso"": 0.11585365853658536, ""ab"": 164}]","[{""id"": 660271, ""name"": ""Shohei Ohtani"", ""bats"": ""L"", ""obp"": 0.37948717948717947, ""slg"": 0.44936708860759494, ""iso"": 0.20253164556962025, ""ab"": 158}, {""id"": 518692, ""name"": ""Freddie Freeman"", ""bats"": ""L"", ""obp"": 0.3387096774193548, ""slg"": 0.41317365269461076, ""iso"": 0.14970059880239517, ""ab"": 167}, {""id"": 681624, ""name"": ""Andy Pages"", ""bats"": ""R"", ""obp"": 0.3567567567567568, ""slg"": 0.5297619047619048, ""iso"": 0.22619047619047622, ""ab"": 168}]","[{""name"": ""away_top3c_slg"", ""value"": 0.4645, ""contribution"": -0.1627}, {""name"": ""away_top3c_iso"", ""value"": 0.1927, ""contribution"": 0.1224}, {""name"": ""away_top3c_obp"", ""value"": 0.3587, ""contribution"": 0.1176}, {""name"": ""fi_park_nrfi_rate"", ""value"": 0.4485, ""contribution"": 0.0685}, {""name"": ""era_gap_t1"", ""value"": -0.8047, ""contribution"": -0.0527}]","[{""name"": ""fi_park_nrfi_rate"", ""value"": 0.4485, ""contribution"": 0.1241}, {""name"": ""home_top3c_slg"", ""value"": 0.4167, ""contribution"": 0.0508}, {""name"": ""away_p_last5_pitcher_nrfi"", ""value"": 1.0, ""contribution"": -0.0441}, {""name"": ""era_gap_b1"", ""value"": 0.8047, ""contribution"": 0.0427}, {""name"": ""wx_is_dome"", ""value"": 0.0, ""contribution"": 0.0281}]",623945,0.5123,4.2,5.909,50.0,53.0,0.7136,0.7136,5.0,4.93,0.8243,0.8173,R,R,NRFI,PASS,0,0,0,2026-05-17T20:22:18+00:00,-105,-125,DraftKings,2026-05-17T20:55:52+00:00,0.5122,0.5556,-0.0721,0.0043,,N,,,-105,-125,2026-05-17T20:01:22+00:00,,0.4144,YRFI,STRONG,,,,,,,
2026-05-17,2026,823708,1,N,MIL,MIN,2:10 PM ET,Robert Gasser,Bailey Ober,688107,641927,avg,live,live,live,0.97,0.4321,0.4746,0.9067,0.2932,0.3428,0.6359,0.5274,0.4726,0.23,0.77,,,PASS,NO DATA,PASS - No data,3,2026-05-17T17:55:04Z,4.2,4.173,1.25,1.142,4.2,4.171,3.2,2.3,1.2,1.29,8.9,7.03,0.329,0.321,0.371,0.391,4.841,4.602,17.3,19.6,69.0,0.0,1.0,1.0,0.9,1.0,0.376,0.3831,0.4308,0.4463,0.1488,0.1554,lineup,lineup,"[{""id"": 668885, ""name"": ""Austin Martin"", ""bats"": ""R"", ""obp"": 0.43478260869565216, ""slg"": 0.40707964601769914, ""iso"": 0.08849557522123896, ""ab"": 113}, {""id"": 686797, ""name"": ""Brooks Lee"", ""bats"": ""S"", ""obp"": 0.3072289156626506, ""slg"": 0.38961038961038963, ""iso"": 0.1363636363636364, ""ab"": 154}, {""id"": 680777, ""name"": ""Ryan Jeffers"", ""bats"": ""R"", ""obp"": 0.4, ""slg"": 0.5086206896551724, ""iso"": 0.2241379310344827, ""ab"": 116}]","[{""id"": 694192, ""name"": ""Jackson Chourio"", ""bats"": ""R"", ""obp"": 0.3617021276595745, ""slg"": 0.5, ""iso"": 0.18181818181818182, ""ab"": 44}, {""id"": 668930, ""name"": ""Brice Turang"", ""bats"": ""L"", ""obp"": 0.4143646408839779, ""slg"": 0.4966442953020134, ""iso"": 0.20134228187919462, ""ab"": 149}, {""id"": 661388, ""name"": ""William Contreras"", ""bats"": ""R"", ""obp"": 0.35714285714285715, ""slg"": 0.38509316770186336, ""iso"": 0.10559006211180127, ""ab"": 161}]","[{""name"": ""away_top3c_obp"", ""value"": 0.3831, ""contribution"": 0.2597}, {""name"": ""away_top3c_iso"", ""value"": 0.1554, ""contribution"": -0.192}, {""name"": ""home_avg_ip_per_start"", ""value"": 6.4667, ""contribution"": -0.0805}, {""name"": ""fi_park_nrfi_rate"", ""value"": 0.5352, ""contribution"": -0.055}, {""name"": ""home_p_last5_pitcher_nrfi"", ""value"": 1.0, ""contribution"": 0.0473}]","[{""name"": ""away_avg_ip_per_start"", ""value"": 2.8333, ""contribution"": 0.1052}, {""name"": ""fi_park_nrfi_rate"", ""value"": 0.5352, ""contribution"": -0.0997}, {""name"": ""home_top3c_iso"", ""value"": 0.1488, ""contribution"": -0.0774}, {""name"": ""home_top3c_obp"", ""value"": 0.376, ""contribution"": 0.0658}, {""name"": ""away_p_last10_pitcher_nrfi"", ""value"": 1.0, ""contribution"": -0.0583}]",608093,0.5118,4.06,4.2,57.0,50.0,0.6942,0.7136,6.47,2.83,0.8327,0.8650,L,R,YRFI,PASS,0,1,1,2026-05-17T18:37:55+00:00,-145,+110,DraftKings,2026-05-17T19:03:08+00:00,0.5918,0.4762,-0.0644,-0.0036,,N,,,-145,+110,2026-05-17T18:08:51+00:00,,0.4658,PASS,NO EDGE,,,,,,,
2026-05-18,2026,822734,1,N,NYM,WSH,6:45 PM ET,Christian Scott,Jake Irvin,681035,663623,sm,live,live,live,0.97,0.4934,0.5028,0.9961,0.4066,0.5244,0.9309,0.3082,0.6918,0.2628,0.7372,,,YRFI,STRONG,STRONG YRFI,4,2026-05-18T21:19:58Z,3.993,5.808,1.291,1.44,3.897,4.852,3.79,3.7,1.03,1.58,9.71,7.94,0.301,0.323,0.365,0.414,3.98,5.19,34.1,13.7,34.0,0.0,0.6,0.25,0.5,0.25,0.3296,0.3055,0.4507,0.3514,0.2055,0.1126,lineup,lineup,"[{""id"": 695578, ""name"": ""James Wood"", ""bats"": ""L"", ""obp"": 0.3891402714932127, ""slg"": 0.5112359550561798, ""iso"": 0.2696629213483146, ""ab"": 178}, {""id"": 678554, ""name"": ""Curtis Mead"", ""bats"": ""R"", ""obp"": 0.35454545454545455, ""slg"": 0.43478260869565216, ""iso"": 0.20652173913043478, ""ab"": 92}, {""id"": 683083, ""name"": ""Nasim Nu\u00f1ez"", ""bats"": ""S"", ""obp"": 0.3051948051948052, ""slg"": 0.21374045801526717, ""iso"": 0.02290076335877861, ""ab"": 131}]","[{""id"": 701807, ""name"": ""Carson Benge"", ""bats"": ""L"", ""obp"": 0.30128205128205127, ""slg"": 0.3472222222222222, ""iso"": 0.10416666666666666, ""ab"": 144}, {""id"": 666182, ""name"": ""Bo Bichette"", ""bats"": ""R"", ""obp"": 0.2623762376237624, ""slg"": 0.26881720430107525, ""iso"": 0.059139784946236534, ""ab"": 186}, {""id"": 665742, ""name"": ""Juan Soto"", ""bats"": ""L"", ""obp"": 0.37593984962406013, ""slg"": 0.49122807017543857, ""iso"": 0.21052631578947367, ""ab"": 114}]","[{""name"": ""away_top3c_slg"", ""value"": 0.3514, ""contribution"": 0.6282}, {""name"": ""away_top3c_iso"", ""value"": 0.1126, ""contribution"": -0.552}, {""name"": ""away_top3c_obp"", ""value"": 0.3055, ""contribution"": -0.1923}, {""name"": ""era_gap_t1"", ""value"": 1.8143, ""contribution"": 0.1193}, {""name"": ""wx_humidity"", ""value"": 34.0, ""contribution"": 0.0974}]","[{""name"": ""home_plate_ump_nrfi_rate"", ""value"": 0.5769, ""contribution"": 0.1534}, {""name"": ""away_p_last10_pitcher_nrfi"", ""value"": 0.25, ""contribution"": 0.0998}, {""name"": ""era_gap_b1"", ""value"": -1.8143, ""contribution"": -0.0965}, {""name"": ""away_p_last5_pitcher_nrfi"", ""value"": 0.25, ""contribution"": 0.0743}, {""name"": ""home_top3c_iso"", ""value"": 0.2055, ""contribution"": 0.0741}]",429805,0.5769,5.257,8.043,7.0,50.0,0.7797,0.7136,4.73,3.92,0.7463,0.6977,R,R,NRFI,LOSS,0,0,0,2026-05-18T23:00:23+00:00,+100,-130,DraftKings,2026-05-18T21:49:05+00:00,0.5,0.5652,-0.1918,0.1266,0.1266,Y,1,-1,+100,-130,2026-05-18T21:39:33+00:00,0,0.3767,YRFI,STRONG,,,,,,,
2026-05-18,2026,824357,1,N,TEX,COL,8:40 PM ET,MacKenzie Gore,Jose Quintana,669022,500779,live,live,live,live,1.22,0.621,0.587,1.208,0.3331,0.385,0.7181,0.4726,0.5274,0.3403,0.6597,,,PASS,NO EDGE,PASS - No edge,4,2026-05-19T00:15:37Z,4.35,3.965,1.295,1.345,3.766,5.043,3.89,3.8,1.13,1.28,10.17,5.25,0.313,0.316,0.374,0.4,3.898,4.286,6.3,10.6,90.0,0.0,1.0,0.6,0.8,0.7,0.3124,0.3387,0.3607,0.4188,0.1169,0.1447,lineup,lineup,"[{""id"": 650489, ""name"": ""Willi Castro"", ""bats"": ""S"", ""obp"": 0.2949640287769784, ""slg"": 0.33070866141732286, ""iso"": 0.09448818897637798, ""ab"": 127}, {""id"": 686668, ""name"": ""Brenton Doyle"", ""bats"": ""R"", ""obp"": 0.2711864406779661, ""slg"": 0.26851851851851855, ""iso"": 0.06481481481481485, ""ab"": 108}, {""id"": 681198, ""name"": ""TJ Rumfield"", ""bats"": ""L"", ""obp"": 0.35106382978723405, ""slg"": 0.4431137724550898, ""iso"": 0.16766467065868262, ""ab"": 167}]","[{""id"": 592626, ""name"": ""Joc Pederson"", ""bats"": ""L"", ""obp"": 0.34108527131782945, ""slg"": 0.3269230769230769, ""iso"": 0.11538461538461539, ""ab"": 104}, {""id"": 607043, ""name"": ""Brandon Nimmo"", ""bats"": ""L"", ""obp"": 0.34536082474226804, ""slg"": 0.4069767441860465, ""iso"": 0.13953488372093026, ""ab"": 172}, {""id"": 673962, ""name"": ""Josh Jung"", ""bats"": ""R"", ""obp"": 0.3502824858757062, ""slg"": 0.4723926380368098, ""iso"": 0.17177914110429449, ""ab"": 163}]","[{""name"": ""away_top3c_iso"", ""value"": 0.1447, ""contribution"": -0.2821}, {""name"": ""away_top3c_slg"", ""value"": 0.4188, ""contribution"": 0.1569}, {""name"": ""wx_humidity"", ""value"": 90.0, ""contribution"": -0.1281}, {""name"": ""home_fip"", ""value"": 5.0433, ""contribution"": 0.1025}, {""name"": ""fi_park_nrfi_rate"", ""value"": 0.4265, ""contribution"": 0.0998}]","[{""name"": ""fi_park_nrfi_rate"", ""value"": 0.4265, ""contribution"": 0.1809}, {""name"": ""home_top3c_slg"", ""value"": 0.3607, ""contribution"": 0.1694}, {""name"": ""home_top3c_iso"", ""value"": 0.1169, ""contribution"": -0.1627}, {""name"": ""away_whiff_pct_rank"", ""value"": 75.0, ""contribution"": -0.0765}, {""name"": ""home_plate_ump_nrfi_rate"", ""value"": 0.5395, ""contribution"": 0.0662}]",484198,0.5395,5.074,4.532,4.0,75.0,0.7396,0.7075,5.2,5.4,0.7170,0.5357,L,L,YRFI,PASS,0,2,2,2026-05-19T01:03:29+00:00,-125,-105,DraftKings,2026-05-19T00:51:12+00:00,0.5556,0.5122,-0.083,0.0152,0.0601,N,1,,-125,-105,2026-05-19T00:34:50+00:00,0,0.4152,YRFI,STRONG,,,,,,,
2026-05-18,2026,822980,1,N,BAL,TB,6:40 PM ET,Trevor Rogers,Shane McClanahan,669432,663556,live,ltd,live,live,0.93,0.3566,0.4069,0.7634,0.3262,0.4284,0.7546,0.4401,0.5599,0.1781,0.8219,,,PASS,NO EDGE,PASS - No edge,4,2026-05-18T21:59:44Z,3.748,3.245,1.212,1.116,3.563,3.353,2.91,3.32,0.91,0.72,8.25,9.15,0.316,0.328,0.391,0.391,4.383,4.562,,,,1.0,0.8,0.8,0.875,0.8,0.3644,0.337,0.4688,0.4237,0.1952,0.1801,lineup,lineup,"[{""id"": 676439, ""name"": ""Hunter Feduccia"", ""bats"": ""L"", ""obp"": 0.3508771929824561, ""slg"": 0.2916666666666667, ""iso"": 0.041666666666666685, ""ab"": 48}, {""id"": 666018, ""name"": ""Jonathan Aranda"", ""bats"": ""L"", ""obp"": 0.37628865979381443, ""slg"": 0.4591194968553459, ""iso"": 0.18867924528301888, ""ab"": 159}, {""id"": 691406, ""name"": ""Junior Caminero"", ""bats"": ""R"", ""obp"": 0.34183673469387754, ""slg"": 0.4883720930232558, ""iso"": 0.2325581395348837, ""ab"": 172}]","[{""id"": 621493, ""name"": ""Taylor Ward"", ""bats"": ""R"", ""obp"": 0.41904761904761906, ""slg"": 0.36585365853658536, ""iso"": 0.10365853658536583, ""ab"": 164}, {""id"": 681297, ""name"": ""Colton Cowser"", ""bats"": ""L"", ""obp"": 0.26881720430107525, ""slg"": 0.2345679012345679, ""iso"": 0.06172839506172839, ""ab"": 81}, {""id"": 668939, ""name"": ""Adley Rutschman"", ""bats"": ""S"", ""obp"": 0.3140495867768595, ""slg"": 0.5089285714285714, ""iso"": 0.24107142857142855, ""ab"": 112}]","[{""name"": ""away_top3c_slg"", ""value"": 0.4237, ""contribution"": 0.1223}, {""name"": ""fi_park_nrfi_rate"", ""value"": 0.4401, ""contribution"": 0.0803}, {""name"": ""home_fip"", ""value"": 3.3525, ""contribution"": -0.0696}, {""name"": ""wx_is_dome"", ""value"": 1.0, ""contribution"": -0.0518}, {""name"": ""era_gap_t1"", ""value"": -0.5037, ""contribution"": -0.033}]","[{""name"": ""fi_park_nrfi_rate"", ""value"": 0.4401, ""contribution"": 0.1456}, {""name"": ""wx_is_dome"", ""value"": 1.0, ""contribution"": -0.0809}, {""name"": ""home_top3c_slg"", ""value"": 0.4688, ""contribution"": -0.0597}, {""name"": ""home_plate_ump_nrfi_rate"", ""value"": 0.5366, ""contribution"": 0.0595}, {""name"": ""home_top3c_iso"", ""value"": 0.1952, ""contribution"": 0.0466}]",490319,0.5366,4.746,3.258,50.0,47.0,0.7396,0.7272,5.2,4.27,0.7057,0.8040,L,L,YRFI,PASS,0,1,1,2026-05-18T22:53:47+00:00,-135,+105,DraftKings,2026-05-18T22:40:29+00:00,0.5745,0.4878,-0.1344,0.0721,,N,,,-135,+105,2026-05-18T22:35:01+00:00,,0.4215,PASS,NO EDGE,,,,,,,
2026-05-18,2026,823465,1,N,CIN,PHI,6:40 PM ET,Nick Lodolo,Andrew Painter,666157,691725,live,ltd,live,live,1.04,0.512,0.4711,0.9832,0.4115,0.3334,0.745,0.4418,0.5582,0.258,0.742,,,PASS,NO EDGE,PASS - No edge,4,2026-05-18T21:59:44Z,4.322,5.169,1.178,1.414,4.162,4.434,2.19,3.06,1.58,1.44,8.79,8.58,0.313,0.306,0.397,0.399,4.367,4.286,31.9,18.0,46.0,0.0,0.8,1.0,0.8571,1.0,0.3102,0.3431,0.4008,0.4561,0.158,0.191,lineup,lineup,"[{""id"": 607208, ""name"": ""Trea Turner"", ""bats"": ""R"", ""obp"": 0.28640776699029125, ""slg"": 0.3403141361256545, ""iso"": 0.10471204188481678, ""ab"": 191}, {""id"": 547180, ""name"": ""Bryce Harper"", ""bats"": ""L"", ""obp"": 0.3756345177664975, ""slg"": 0.5588235294117647, ""iso"": 0.27647058823529413, ""ab"": 170}, {""id"": 661395, ""name"": ""Jhoan Duran"", ""bats"": ""R"", ""obp"": null, ""slg"": null, ""iso"": null, ""ab"": null}]","[{""id"": 680574, ""name"": ""Matt McLain"", ""bats"": ""R"", ""obp"": 0.3263157894736842, ""slg"": 0.36585365853658536, ""iso"": 0.14634146341463414, ""ab"": 164}, {""id"": 682829, ""name"": ""Elly De La Cruz"", ""bats"": ""S"", ""obp"": 0.36363636363636365, ""slg"": 0.5396825396825397, ""iso"": 0.23809523809523808, ""ab"": 189}, {""id"": 668715, ""name"": ""Spencer Steer"", ""bats"": ""R"", ""obp"": 0.33707865168539325, ""slg"": 0.45, ""iso"": 0.18125000000000002, ""ab"": 160}]","[{""name"": ""away_top3c_iso"", ""value"": 0.191, ""contribution"": 0.1083}, {""name"": ""away_top3c_slg"", ""value"": 0.4561, ""contribution"": -0.1042}, {""name"": ""era_gap_t1"", ""value"": 0.847, ""contribution"": 0.0557}, {""name"": ""home_xera"", ""value"": 5.5256, ""contribution"": 0.0518}, {""name"": ""wx_humidity"", ""value"": 46.0, ""contribution"": 0.0491}]","[{""name"": ""home_top3c_slg"", ""value"": 0.4008, ""contribution"": 0.0845}, {""name"": ""fi_park_nrfi_rate"", ""value"": 0.4725, ""contribution"": 0.0621}, {""name"": ""away_p_last10_pitcher_nrfi"", ""value"": 1.0, ""contribution"": -0.0583}, {""name"": ""home_top3c_iso"", ""value"": 0.158, ""contribution"": -0.0528}, {""name"": ""home_top3c_obp"", ""value"": 0.3102, ""contribution"": -0.0489}]",427013,0.504,5.526,4.2,50.0,50.0,0.7136,0.7197,4.67,5.13,0.7137,0.6540,L,R,YRFI,PASS,0,2,2,2026-05-18T23:01:45+00:00,+100,-130,DraftKings,2026-05-18T22:40:29+00:00,0.5,0.5652,-0.0559,-0.0093,,N,,,+100,-130,2026-05-18T22:35:01+00:00,,0.4040,YRFI,STRONG,,,,,,,
2026-05-18,2026,824035,1,N,OAK,LAA,9:38 PM ET,J.T. Ginn,Walbert Ureña,669372,700712,live,sm,live,live,0.99,0.4836,0.4734,0.957,0.3727,0.4173,0.79,0.4401,0.5599,0.2484,0.7516,,,YRFI,LEAN,LEAN YRFI,4,2026-05-19T00:15:37Z,3.958,3.832,1.264,1.323,4.239,4.128,3.24,4.19,1.3,0.98,8.32,8.79,0.325,0.315,0.405,0.384,4.373,4.077,22.8,13.8,53.0,0.0,1.0,0.8,1.0,0.7,0.3476,0.4114,0.4147,0.5497,0.1764,0.2356,lineup,lineup,"[{""id"": 687263, ""name"": ""Zach Neto"", ""bats"": ""R"", ""obp"": 0.3333333333333333, ""slg"": 0.3967391304347826, ""iso"": 0.17391304347826086, ""ab"": 184}, {""id"": 545361, ""name"": ""Mike Trout"", ""bats"": ""R"", ""obp"": 0.39903846153846156, ""slg"": 0.4817073170731707, ""iso"": 0.24390243902439024, ""ab"": 164}, {""id"": 694384, ""name"": ""Nolan Schanuel"", ""bats"": ""L"", ""obp"": 0.30601092896174864, ""slg"": 0.36904761904761907, ""iso"": 0.11309523809523814, ""ab"": 168}]","[{""id"": 666126, ""name"": ""Carlos Cortes"", ""bats"": ""L"", ""obp"": 0.4, ""slg"": 0.5576923076923077, ""iso"": 0.21153846153846156, ""ab"": 104}, {""id"": 669127, ""name"": ""Shea Langeliers"", ""bats"": ""R"", ""obp"": 0.39572192513368987, ""slg"": 0.6094674556213018, ""iso"": 0.27218934911242604, ""ab"": 169}, {""id"": 701762, ""name"": ""Nick Kurtz"", ""bats"": ""L"", ""obp"": 0.4320388349514563, ""slg"": 0.48125, ""iso"": 0.21250000000000002, ""ab"": 160}]","[{""name"": ""away_top3c_slg"", ""value"": 0.5497, ""contribution"": -0.7579}, {""name"": ""away_top3c_iso"", ""value"": 0.2356, ""contribution"": 0.4834}, {""name"": ""away_top3c_obp"", ""value"": 0.4114, ""contribution"": 0.4248}, {""name"": ""fi_park_nrfi_rate"", ""value"": 0.4485, ""contribution"": 0.0685}, {""name"": ""home_xera"", ""value"": 2.4971, ""contribution"": -0.0583}]","[{""name"": ""fi_park_nrfi_rate"", ""value"": 0.4485, ""contribution"": 0.1241}, {""name"": ""away_whiff_pct_rank"", ""value"": 82.0, ""contribution"": -0.0981}, {""name"": ""home_plate_ump_nrfi_rate"", ""value"": 0.5467, ""contribution"": 0.083}, {""name"": ""home_top3c_slg"", ""value"": 0.4147, ""contribution"": 0.0549}, {""name"": ""wx_is_dome"", ""value"": 0.0, ""contribution"": 0.0281}]",598411,0.5467,2.497,3.667,50.0,82.0,0.7136,0.7272,5.13,5.4,0.8540,0.8173,R,R,NRFI,LOSS,0,0,0,2026-05-19T01:53:39+00:00,-110,-115,DraftKings,2026-05-19T01:30:45+00:00,0.5238,0.5349,-0.0837,0.025,0.025,N,0.5,0,-110,-115,2026-05-19T00:34:50+00:00,0,0.4658,PASS,NO EDGE,,,,,,,
2026-05-18,2026,823549,1,N,TOR,NYY,7:05 PM ET,Patrick Corbin,Ryan Weathers,571578,677960,live,ltd,live,live,1.02,0.4163,0.5152,0.9315,0.3048,0.4159,0.7207,0.4726,0.5274,0.2391,0.7609,,,PASS,NO EDGE,PASS - No edge,4,2026-05-18T22:47:25Z,4.184,3.533,1.378,1.18,4.008,3.767,2.81,2.83,1.02,1.27,6.78,9.88,0.308,0.328,0.382,0.425,4.176,4.899,24.5,15.2,66.0,0.0,0.6,0.8,0.7,0.7,0.3996,0.3292,0.6184,0.3857,0.3368,0.1432,lineup,lineup,"[{""id"": 502671, ""name"": ""Paul Goldschmidt"", ""bats"": ""R"", ""obp"": 0.3815789473684211, ""slg"": 0.5538461538461539, ""iso"": 0.27692307692307694, ""ab"": 65}, {""id"": 700250, ""name"": ""Ben Rice"", ""bats"": ""L"", ""obp"": 0.4057142857142857, ""slg"": 0.6712328767123288, ""iso"": 0.36986301369863017, ""ab"": 146}, {""id"": 592450, ""name"": ""Aaron Judge"", ""bats"": ""R"", ""obp"": 0.40096618357487923, ""slg"": 0.5976331360946746, ""iso"": 0.33136094674556216, ""ab"": 169}]","[{""id"": 543807, ""name"": ""George Springer"", ""bats"": ""R"", ""obp"": 0.2719298245614035, ""slg"": 0.29411764705882354, ""iso"": 0.10784313725490197, ""ab"": 102}, {""id"": 665489, ""name"": ""Vladimir Guerrero Jr."", ""bats"": ""R"", ""obp"": 0.37305699481865284, ""slg"": 0.38095238095238093, ""iso"": 0.09523809523809523, ""ab"": 168}, {""id"": 672960, ""name"": ""Kazuma Okamoto"", ""bats"": ""R"", ""obp"": 0.31891891891891894, ""slg"": 0.44785276073619634, ""iso"": 0.21472392638036814, ""ab"": 163}]","[{""name"": ""away_top3c_slg"", ""value"": 0.3857, ""contribution"": 0.3883}, {""name"": ""away_top3c_iso"", ""value"": 0.1432, ""contribution"": -0.2946}, {""name"": ""home_plate_ump_nrfi_rate"", ""value"": 0.4391, ""contribution"": 0.0669}, {""name"": ""home_whiff_pct_rank"", ""value"": 88.0, ""contribution"": -0.0651}, {""name"": ""fi_park_nrfi_rate"", ""value"": 0.4521, ""contribution"": 0.0633}]","[{""name"": ""home_top3c_iso"", ""value"": 0.3368, ""contribution"": 0.4255}, {""name"": ""home_top3c_slg"", ""value"": 0.6184, ""contribution"": -0.3768}, {""name"": ""home_plate_ump_nrfi_rate"", ""value"": 0.4391, ""contribution"": -0.1676}, {""name"": ""fi_park_nrfi_rate"", ""value"": 0.4521, ""contribution"": 0.1146}, {""name"": ""home_top3c_obp"", ""value"": 0.3996, ""contribution"": 0.1069}]",521251,0.4391,4.324,4.782,88.0,54.0,0.7272,0.678,5.8,4.93,0.9450,0.9827,L,L,YRFI,PASS,0,1,1,2026-05-18T23:25:31+00:00,+105,-140,DraftKings,2026-05-18T23:11:57+00:00,0.4878,0.5833,-0.0152,-0.0559,,N,,,+105,-140,2026-05-18T23:01:17+00:00,,0.4521,PASS,NO EDGE,,,,,,,
2026-05-18,2026,824680,1,N,MIL,CHC,7:40 PM ET,Brandon Sproat,Shota Imanaga,687075,684007,ltd,live,live,live,1.0,0.3865,0.609,0.9955,0.2456,0.3926,0.6382,0.5274,0.4726,0.2626,0.7374,,,NRFI,LEAN,LEAN NRFI,4,2026-05-18T21:59:44Z,4.986,2.919,1.379,0.938,4.735,3.679,4.05,1.93,1.47,1.3,8.83,8.75,0.329,0.337,0.374,0.408,4.826,4.964,23.6,15.8,74.0,0.0,0.8,0.8,0.6,0.8,0.3471,0.379,0.3759,0.4375,0.1241,0.1495,lineup,lineup,"[{""id"": 663538, ""name"": ""Nico Hoerner"", ""bats"": ""R"", ""obp"": 0.3411214953271028, ""slg"": 0.39037433155080214, ""iso"": 0.12834224598930483, ""ab"": 187}, {""id"": 683737, ""name"": ""Michael Busch"", ""bats"": ""L"", ""obp"": 0.35467980295566504, ""slg"": 0.36904761904761907, ""iso"": 0.13690476190476192, ""ab"": 168}, {""id"": 608324, ""name"": ""Alex Bregman"", ""bats"": ""R"", ""obp"": 0.3459715639810427, ""slg"": 0.3675675675675676, ""iso"": 0.10810810810810811, ""ab"": 185}]","[{""id"": 694192, ""name"": ""Jackson Chourio"", ""bats"": ""R"", ""obp"": 0.34615384615384615, ""slg"": 0.46938775510204084, ""iso"": 0.163265306122449, ""ab"": 49}, {""id"": 668930, ""name"": ""Brice Turang"", ""bats"": ""L"", ""obp"": 0.40860215053763443, ""slg"": 0.48366013071895425, ""iso"": 0.19607843137254904, ""ab"": 153}, {""id"": 661388, ""name"": ""William Contreras"", ""bats"": ""R"", ""obp"": 0.3582887700534759, ""slg"": 0.3855421686746988, ""iso"": 0.10240963855421686, ""ab"": 166}]","[{""name"": ""away_top3c_iso"", ""value"": 0.1495, ""contribution"": -0.2418}, {""name"": ""away_top3c_obp"", ""value"": 0.379, ""contribution"": 0.2357}, {""name"": ""era_gap_t1"", ""value"": -2.0671, ""contribution"": -0.1357}, {""name"": ""home_avg_ip_per_start"", ""value"": 6.4667, ""contribution"": -0.0805}, {""name"": ""fi_park_nrfi_rate"", ""value"": 0.5424, ""contribution"": -0.0652}]","[{""name"": ""home_top3c_iso"", ""value"": 0.1241, ""contribution"": -0.1436}, {""name"": ""home_top3c_slg"", ""value"": 0.3759, ""contribution"": 0.1371}, {""name"": ""fi_park_nrfi_rate"", ""value"": 0.5424, ""contribution"": -0.1182}, {""name"": ""era_gap_b1"", ""value"": 2.0671, ""contribution"": 0.1098}, {""name"": ""away_whiff_pct_rank"", ""value"": 16.0, ""contribution"": 0.105}]",658292,0.4848,3.775,4.139,47.0,16.0,0.7272,0.7136,6.47,5.13,0.7200,0.6743,R,L,NRFI,WIN,0,0,0,2026-05-18T23:54:07+00:00,+105,-135,DraftKings,2026-05-19T00:07:30+00:00,0.4878,0.5745,0.0396,-0.1019,0.0396,N,0.5,0,+100,-130,2026-05-18T22:35:01+00:00,-0.0122,0.4950,PASS,NO EDGE,,,,,,,
2026-05-18,2026,824277,1,N,CLE,DET,6:40 PM ET,Slade Cecconi,Framber Valdez,677944,664285,live,live,live,live,0.98,0.4098,0.5171,0.927,0.2901,0.3884,0.6786,0.4829,0.5171,0.2374,0.7626,,,PASS,NO EDGE,PASS - No edge,4,2026-05-18T21:59:44Z,4.988,4.027,1.396,1.307,4.707,3.513,2.83,3.12,1.62,0.81,7.52,8.1,0.325,0.32,0.387,0.389,4.393,4.109,22.9,22.6,76.0,0.0,0.6,0.4,0.7,0.6,0.3553,0.3478,0.4202,0.4641,0.1416,0.2068,lineup,lineup,"[{""id"": 690993, ""name"": ""Colt Keith"", ""bats"": ""L"", ""obp"": 0.3357664233576642, ""slg"": 0.35658914728682173, ""iso"": 0.06201550387596899, ""ab"": 129}, {""id"": 805808, ""name"": ""Kevin McGonigle"", ""bats"": ""L"", ""obp"": 0.3939393939393939, ""slg"": 0.42011834319526625, ""iso"": 0.1301775147928994, ""ab"": 169}, {""id"": 693307, ""name"": ""Dillon Dingler"", ""bats"": ""R"", ""obp"": 0.32515337423312884, ""slg"": 0.47619047619047616, ""iso"": 0.22448979591836732, ""ab"": 147}]","[{""id"": 682657, ""name"": ""Angel Mart\u00ednez"", ""bats"": ""S"", ""obp"": 0.3116883116883117, ""slg"": 0.5104895104895105, ""iso"": 0.2447552447552448, ""ab"": 143}, {""id"": 608070, ""name"": ""Jos\u00e9 Ram\u00edrez"", ""bats"": ""S"", ""obp"": 0.3584905660377358, ""slg"": 0.4, ""iso"": 0.17142857142857146, ""ab"": 175}, {""id"": 690984, ""name"": ""Petey Halpin"", ""bats"": ""L"", ""obp"": 0.14285714285714285, ""slg"": 0.1, ""iso"": 0.0, ""ab"": 20}]","[{""name"": ""away_top3c_iso"", ""value"": 0.2068, ""contribution"": 0.2407}, {""name"": ""away_top3c_slg"", ""value"": 0.4641, ""contribution"": -0.1601}, {""name"": ""wx_humidity"", ""value"": 76.0, ""contribution"": -0.0717}, {""name"": ""era_gap_t1"", ""value"": -0.9616, ""contribution"": -0.063}, {""name"": ""away_top3c_obp"", ""value"": 0.3478, ""contribution"": 0.0541}]","[{""name"": ""home_top3c_iso"", ""value"": 0.1416, ""contribution"": -0.0968}, {""name"": ""fi_park_nrfi_rate"", ""value"": 0.5286, ""contribution"": -0.0826}, {""name"": ""away_whiff_pct_rank"", ""value"": 24.0, ""contribution"": 0.0804}, {""name"": ""home_plate_ump_nrfi_rate"", ""value"": 0.4839, ""contribution"": -0.0633}, {""name"": ""wx_wind_kmh"", ""value"": 22.6, ""contribution"": 0.0515}]",665297,0.4839,3.74,4.958,67.0,24.0,0.7136,0.7136,5.2,5.07,0.5797,0.8723,R,L,YRFI,PASS,0,1,1,2026-05-18T23:38:02+00:00,-125,-105,DraftKings,2026-05-19T00:07:30+00:00,0.5556,0.5122,-0.0727,0.0049,,N,,,-125,-105,2026-05-18T22:35:01+00:00,,0.4522,PASS,NO EDGE,,,,,,,
2026-05-18,2026,823301,1,N,LAD,SD,9:40 PM ET,Yoshinobu Yamamoto,Michael King,808967,650633,live,live,live,live,0.95,0.4514,0.3547,0.8061,0.3368,0.2758,0.6126,0.5274,0.4726,0.1934,0.8066,,,NRFI,LEAN,LEAN NRFI,4,2026-05-19T00:15:37Z,3.107,3.116,0.996,1.147,3.412,3.786,2.36,3.58,1.12,1.0,9.44,8.97,0.338,0.301,0.428,0.382,5.077,4.291,19.4,14.0,61.0,0.0,1.0,0.4,1.0,0.7,0.3189,0.3476,0.4204,0.4297,0.1615,0.1823,lineup,lineup,"[{""id"": 665487, ""name"": ""Fernando Tatis Jr."", ""bats"": ""R"", ""obp"": 0.3072916666666667, ""slg"": 0.27380952380952384, ""iso"": 0.041666666666666685, ""ab"": 168}, {""id"": 609280, ""name"": ""Miguel Andujar"", ""bats"": ""R"", ""obp"": 0.31297709923664124, ""slg"": 0.48031496062992124, ""iso"": 0.1889763779527559, ""ab"": 127}, {""id"": 657757, ""name"": ""Gavin Sheets"", ""bats"": ""L"", ""obp"": 0.3404255319148936, ""slg"": 0.5555555555555556, ""iso"": 0.29365079365079366, ""ab"": 126}]","[{""id"": 660271, ""name"": ""Shohei Ohtani"", ""bats"": ""L"", ""obp"": 0.385, ""slg"": 0.4539877300613497, ""iso"": 0.19631901840490795, ""ab"": 163}, {""id"": 605141, ""name"": ""Mookie Betts"", ""bats"": ""R"", ""obp"": 0.2545454545454545, ""slg"": 0.44, ""iso"": 0.26, ""ab"": 50}, {""id"": 518692, ""name"": ""Freddie Freeman"", ""bats"": ""L"", ""obp"": 0.33507853403141363, ""slg"": 0.40350877192982454, ""iso"": 0.14619883040935672, ""ab"": 171}]","[{""name"": ""away_top3c_slg"", ""value"": 0.4297, ""contribution"": 0.0807}, {""name"": ""fi_park_nrfi_rate"", ""value"": 0.5404, ""contribution"": -0.0624}, {""name"": ""away_top3c_obp"", ""value"": 0.3476, ""contribution"": 0.0531}, {""name"": ""home_p_last5_pitcher_nrfi"", ""value"": 1.0, ""contribution"": 0.0473}, {""name"": ""away_top3c_iso"", ""value"": 0.1823, ""contribution"": 0.0347}]","[{""name"": ""fi_park_nrfi_rate"", ""value"": 0.5404, ""contribution"": -0.113}, {""name"": ""away_whiff_pct_rank"", ""value"": 86.0, ""contribution"": -0.1104}, {""name"": ""home_obp"", ""value"": 0.3014, ""contribution"": -0.0581}, {""name"": ""away_p_last5_pitcher_nrfi"", ""value"": 0.4, ""contribution"": 0.0506}, {""name"": ""away_avg_ip_per_start"", ""value"": 6.4, ""contribution"": -0.0497}]",608158,0.5142,3.885,2.53,56.0,86.0,0.7272,0.6942,5.73,6.4,0.7587,0.8050,R,R,YRFI,LOSS,0,1,1,2026-05-19T01:58:43+00:00,-135,+105,DraftKings,2026-05-19T01:30:45+00:00,0.5745,0.4878,-0.0471,-0.0152,-0.0471,N,0.5,0,-135,+105,2026-05-19T00:34:50+00:00,0,0.4877,PASS,NO EDGE,,,,,,,
2026-05-18,2026,823137,1,N,CWS,SEA,9:40 PM ET,Noah Schultz,Bryan Woo,702273,693433,sm,live,live,live,0.95,0.3376,0.4868,0.8245,0.3494,0.3115,0.6609,0.5,0.5,0.2,0.8,,,NRFI,LEAN,LEAN NRFI,4,2026-05-19T00:15:37Z,4.499,3.493,1.296,0.97,4.272,3.366,4.59,1.72,0.96,1.12,8.54,8.66,0.323,0.319,0.412,0.385,4.553,4.202,,,,1.0,0.6,1.0,0.8,0.8333,0.3551,0.375,0.4115,0.5084,0.1531,0.2578,lineup,lineup,"[{""id"": 641487, ""name"": ""J.P. Crawford"", ""bats"": ""L"", ""obp"": 0.36257309941520466, ""slg"": 0.37410071942446044, ""iso"": 0.15827338129496404, ""ab"": 139}, {""id"": 677594, ""name"": ""Julio Rodr\u00edguez"", ""bats"": ""R"", ""obp"": 0.319047619047619, ""slg"": 0.4083769633507853, ""iso"": 0.15706806282722513, ""ab"": 191}, {""id"": 668227, ""name"": ""Randy Arozarena"", ""bats"": ""R"", ""obp"": 0.38613861386138615, ""slg"": 0.44508670520231214, ""iso"": 0.1445086705202312, ""ab"": 173}]","[{""id"": 803011, ""name"": ""Sam Antonacci"", ""bats"": ""L"", ""obp"": 0.38317757009345793, ""slg"": 0.4175824175824176, ""iso"": 0.1318681318681319, ""ab"": 91}, {""id"": 808959, ""name"": ""Munetaka Murakami"", ""bats"": ""L"", ""obp"": 0.37185929648241206, ""slg"": 0.5617283950617284, ""iso"": 0.32716049382716056, ""ab"": 162}, {""id"": 678246, ""name"": ""Miguel Vargas"", ""bats"": ""R"", ""obp"": 0.37373737373737376, ""slg"": 0.5061728395061729, ""iso"": 0.2592592592592593, ""ab"": 162}]","[{""name"": ""away_top3c_iso"", ""value"": 0.2578, ""contribution"": 0.6708}, {""name"": ""away_top3c_slg"", ""value"": 0.5084, ""contribution"": -0.4697}, {""name"": ""away_top3c_obp"", ""value"": 0.375, ""contribution"": 0.2128}, {""name"": ""home_fip"", ""value"": 3.366, ""contribution"": -0.0682}, {""name"": ""era_gap_t1"", ""value"": -1.0062, ""contribution"": -0.066}]","[{""name"": ""wx_is_dome"", ""value"": 1.0, ""contribution"": -0.0809}, {""name"": ""home_top3c_iso"", ""value"": 0.1531, ""contribution"": -0.066}, {""name"": ""home_top3c_slg"", ""value"": 0.4115, ""contribution"": 0.0617}, {""name"": ""era_gap_b1"", ""value"": 1.0062, ""contribution"": 0.0534}, {""name"": ""away_p_last5_pitcher_nrfi"", ""value"": 1.0, ""contribution"": -0.0441}]",503586,0.4946,2.986,3.271,50.0,50.0,0.664,0.7136,5.6,5.0,0.6537,0.7640,L,R,YRFI,LOSS,0,1,1,2026-05-19T02:01:55+00:00,-140,+110,DraftKings,2026-05-19T02:13:05+00:00,0.5833,0.4762,-0.0833,0.0238,-0.0833,N,0.5,0,-140,+110,2026-05-19T00:34:50+00:00,0,0.6387,NRFI,STRONG,,,,,,,
2026-05-18,2026,823867,1,N,ATL,MIA,6:40 PM ET,JR Ritchie,Max Meyer,702275,676974,sm,live,live,live,0.95,0.4367,0.5338,0.9704,0.296,0.3697,0.6658,0.5,0.5,0.2534,0.7466,,,NRFI,LEAN,LEAN NRFI,4,2026-05-18T21:19:58Z,3.895,3.794,1.312,1.238,4.848,3.583,4.3,3.13,1.37,1.08,8.32,9.81,0.326,0.322,0.437,0.385,5.109,4.319,,,,1.0,0.8,0.75,0.7,0.75,0.3764,0.3565,0.487,0.5282,0.1697,0.2441,lineup,lineup,"[{""id"": 665923, ""name"": ""Esteury Ruiz"", ""bats"": ""R"", ""obp"": 0.2222222222222222, ""slg"": 0.5185185185185185, ""iso"": 0.2962962962962963, ""ab"": 27}, {""id"": 689414, ""name"": ""Liam Hicks"", ""bats"": ""L"", ""obp"": 0.34545454545454546, ""slg"": 0.4896551724137931, ""iso"": 0.2068965517241379, ""ab"": 145}, {""id"": 666624, ""name"": ""Christopher Morel"", ""bats"": ""R"", ""obp"": 0.20454545454545456, ""slg"": 0.17073170731707318, ""iso"": 0.024390243902439046, ""ab"": 41}]","[{""id"": 506702, ""name"": ""Sandy Le\u00f3n"", ""bats"": ""S"", ""obp"": 0.2857142857142857, ""slg"": 0.2857142857142857, ""iso"": 0.0, ""ab"": 7}, {""id"": 645277, ""name"": ""Ozzie Albies"", ""bats"": ""S"", ""obp"": 0.3283582089552239, ""slg"": 0.45054945054945056, ""iso"": 0.1758241758241758, ""ab"": 182}, {""id"": 622761, ""name"": ""Jorge Mateo"", ""bats"": ""R"", ""obp"": 0.3548387096774194, ""slg"": 0.46551724137931033, ""iso"": 0.15517241379310343, ""ab"": 58}]","[{""name"": ""away_top3c_slg"", ""value"": 0.5282, ""contribution"": -0.6081}, {""name"": ""away_top3c_iso"", ""value"": 0.2441, ""contribution"": 0.5551}, {""name"": ""away_top3c_obp"", ""value"": 0.3565, ""contribution"": 0.1045}, {""name"": ""fi_park_nrfi_rate"", ""value"": 0.4546, ""contribution"": 0.0598}, {""name"": ""wx_is_dome"", ""value"": 1.0, ""contribution"": -0.0518}]","[{""name"": ""fi_park_nrfi_rate"", ""value"": 0.4546, ""contribution"": 0.1084}, {""name"": ""home_plate_ump_nrfi_rate"", ""value"": 0.5564, ""contribution"": 0.1056}, {""name"": ""home_top3c_slg"", ""value"": 0.487, ""contribution"": -0.0983}, {""name"": ""wx_is_dome"", ""value"": 1.0, ""contribution"": -0.0809}, {""name"": ""home_top3c_obp"", ""value"": 0.3764, ""contribution"": 0.0665}]",427315,0.5564,4.824,5.149,79.0,50.0,0.7075,0.7136,5.6,5.42,0.8223,0.6777,R,R,NRFI,WIN,0,0,0,2026-05-18T22:58:01+00:00,-135,+105,DraftKings,2026-05-18T22:40:29+00:00,0.5745,0.4878,-0.0745,0.0122,-0.0745,N,0.5,0,-135,+105,2026-05-18T21:39:33+00:00,0,0.4144,YRFI,STRONG,,,,,,,
2026-05-18,2026,823705,1,N,HOU,MIN,7:40 PM ET,Tatsuya Imai,Kendry Rojas,837227,696070,sm,sm,live,live,0.97,0.4899,0.5714,1.0613,0.2977,0.3502,0.6478,0.5156,0.4844,0.2868,0.7132,,,NRFI,LEAN,LEAN NRFI,4,2026-05-18T21:59:44Z,5.378,3.936,1.437,1.39,4.633,4.204,4.87,4.25,1.26,1.02,9.58,9.09,0.324,0.322,0.415,0.391,4.425,4.609,14.9,6.5,92.0,0.0,0.5,0.75,0.5,0.75,0.4132,0.377,0.4494,0.4959,0.1577,0.2141,lineup,lineup,"[{""id"": 668885, ""name"": ""Austin Martin"", ""bats"": ""R"", ""obp"": 0.43661971830985913, ""slg"": 0.4, ""iso"": 0.08695652173913043, ""ab"": 115}, {""id"": 663616, ""name"": ""Trevor Larnach"", ""bats"": ""L"", ""obp"": 0.3902439024390244, ""slg"": 0.4019607843137255, ""iso"": 0.13725490196078433, ""ab"": 102}, {""id"": 680777, ""name"": ""Ryan Jeffers"", ""bats"": ""R"", ""obp"": 0.4097222222222222, ""slg"": 0.5378151260504201, ""iso"": 0.2436974789915966, ""ab"": 119}]","[{""id"": 665161, ""name"": ""Jeremy Pe\u00f1a"", ""bats"": ""R"", ""obp"": 0.30434782608695654, ""slg"": 0.3488372093023256, ""iso"": 0.09302325581395349, ""ab"": 43}, {""id"": 670623, ""name"": ""Isaac Paredes"", ""bats"": ""R"", ""obp"": 0.34104046242774566, ""slg"": 0.375, ""iso"": 0.125, ""ab"": 152}, {""id"": 670541, ""name"": ""Yordan Alvarez"", ""bats"": ""L"", ""obp"": 0.4230769230769231, ""slg"": 0.6379310344827587, ""iso"": 0.32183908045977017, ""ab"": 174}]","[{""name"": ""away_top3c_slg"", ""value"": 0.4959, ""contribution"": -0.3824}, {""name"": ""away_top3c_iso"", ""value"": 0.2141, ""contribution"": 0.3025}, {""name"": ""away_top3c_obp"", ""value"": 0.377, ""contribution"": 0.2245}, {""name"": ""wx_humidity"", ""value"": 92.0, ""contribution"": -0.1362}, {""name"": ""era_gap_t1"", ""value"": -1.4417, ""contribution"": -0.0946}]","[{""name"": ""home_top3c_obp"", ""value"": 0.4132, ""contribution"": 0.1306}, {""name"": ""fi_park_nrfi_rate"", ""value"": 0.5352, ""contribution"": -0.0997}, {""name"": ""home_plate_ump_nrfi_rate"", ""value"": 0.4707, ""contribution"": -0.094}, {""name"": ""away_avg_ip_per_start"", ""value"": 3.1667, ""contribution"": 0.0907}, {""name"": ""era_gap_b1"", ""value"": 1.4417, ""contribution"": 0.0765}]",427243,0.4707,4.2,0.926,50.0,50.0,0.7136,0.7136,5.0,3.17,0.9547,0.7087,R,L,NRFI,WIN,0,0,0,2026-05-18T23:53:46+00:00,-115,-115,DraftKings,2026-05-19T00:07:30+00:00,0.5349,0.5349,-0.0193,-0.0505,-0.0193,N,0.5,0,-115,-115,2026-05-18T22:35:01+00:00,0,0.6444,NRFI,STRONG,,,,,,,
2026-05-18,2026,825087,1,N,SF,ARI,9:40 PM ET,Robbie Ray,Zac Gallen,592662,668678,live,live,live,live,1.0,0.4526,0.5121,0.9646,0.299,0.2994,0.5984,0.5346,0.4654,0.2512,0.7488,,,NRFI,LEAN,LEAN NRFI,4,2026-05-19T00:15:37Z,3.311,4.928,1.188,1.39,4.445,4.477,3.6,3.01,1.48,1.35,8.98,7.1,0.298,0.309,0.385,0.398,3.738,4.413,,,,1.0,0.2,1.0,0.5,0.9,0.3352,0.3409,0.4203,0.4456,0.181,0.1492,lineup,lineup,"[{""id"": 606466, ""name"": ""Ketel Marte"", ""bats"": ""S"", ""obp"": 0.2722222222222222, ""slg"": 0.3652694610778443, ""iso"": 0.1497005988023952, ""ab"": 167}, {""id"": 682998, ""name"": ""Corbin Carroll"", ""bats"": ""L"", ""obp"": 0.3901098901098901, ""slg"": 0.543046357615894, ""iso"": 0.26490066225165565, ""ab"": 151}, {""id"": 672695, ""name"": ""Geraldo Perdomo"", ""bats"": ""S"", ""obp"": 0.34285714285714286, ""slg"": 0.3561643835616438, ""iso"": 0.13013698630136986, ""ab"": 146}]","[{""id"": 686823, ""name"": ""Will Brennan"", ""bats"": ""L"", ""obp"": 0.0, ""slg"": 0.0, ""iso"": 0.0, ""ab"": 9}, {""id"": 650333, ""name"": ""Luis Arraez"", ""bats"": ""L"", ""obp"": 0.37037037037037035, ""slg"": 0.4367816091954023, ""iso"": 0.10919540229885061, ""ab"": 174}, {""id"": 669477, ""name"": ""Casey Schmitt"", ""bats"": ""R"", ""obp"": 0.34394904458598724, ""slg"": 0.5310344827586206, ""iso"": 0.23448275862068962, ""ab"": 145}]","[{""name"": ""away_top3c_iso"", ""value"": 0.1492, ""contribution"": -0.244}, {""name"": ""era_gap_t1"", ""value"": 1.6176, ""contribution"": 0.1064}, {""name"": ""fi_park_nrfi_rate"", ""value"": 0.4234, ""contribution"": 0.1041}, {""name"": ""home_p_last5_pitcher_nrfi"", ""value"": 0.2, ""contribution"": -0.0855}, {""name"": ""wx_is_dome"", ""value"": 1.0, ""contribution"": -0.0518}]","[{""name"": ""fi_park_nrfi_rate"", ""value"": 0.4234, ""contribution"": 0.1887}, {""name"": ""era_gap_b1"", ""value"": -1.6176, ""contribution"": -0.086}, {""name"": ""wx_is_dome"", ""value"": 1.0, ""contribution"": -0.0809}, {""name"": ""home_plate_ump_nrfi_rate"", ""value"": 0.4845, ""contribution"": -0.0619}, {""name"": ""away_p_last5_pitcher_nrfi"", ""value"": 1.0, ""contribution"": -0.0441}]",489985,0.4845,4.131,3.719,29.0,64.0,0.6526,0.7075,4.6,5.6,0.5270,0.7930,L,R,YRFI,LOSS,0,4,4,2026-05-19T01:52:48+00:00,-115,-110,DraftKings,2026-05-19T01:30:45+00:00,0.5349,0.5238,-0.0003,-0.0584,-0.0003,N,0.5,0,-115,-110,2026-05-19T00:34:50+00:00,0,0.6370,NRFI,STRONG,,,,,,,
2026-05-18,2026,824114,1,N,BOS,KC,7:10 PM ET,Sonny Gray,Seth Lugo,543243,607625,live,live,live,live,0.96,0.3912,0.3894,0.7806,0.2499,0.3175,0.5674,0.5567,0.4433,0.1842,0.8158,,,NRFI,LEAN,LEAN NRFI,4,2026-05-18T21:59:44Z,3.775,3.929,1.193,1.364,3.67,3.657,2.0,3.33,1.16,0.82,7.98,7.85,0.312,0.318,0.37,0.393,3.832,4.125,26.3,24.7,76.0,0.0,0.4,0.8,0.7,0.8,0.3317,0.3122,0.4117,0.3844,0.1541,0.1365,lineup,lineup,"[{""id"": 672580, ""name"": ""Maikel Garcia"", ""bats"": ""R"", ""obp"": 0.33, ""slg"": 0.39664804469273746, ""iso"": 0.13407821229050282, ""ab"": 179}, {""id"": 677951, ""name"": ""Bobby Witt Jr."", ""bats"": ""R"", ""obp"": 0.3761904761904762, ""slg"": 0.4918918918918919, ""iso"": 0.1891891891891892, ""ab"": 185}, {""id"": 686469, ""name"": ""Vinnie Pasquantino"", ""bats"": ""L"", ""obp"": 0.2849740932642487, ""slg"": 0.3392857142857143, ""iso"": 0.13690476190476192, ""ab"": 168}]","[{""id"": 680776, ""name"": ""Jarren Duran"", ""bats"": ""L"", ""obp"": 0.24293785310734464, ""slg"": 0.3048780487804878, ""iso"": 0.12195121951219512, ""ab"": 164}, {""id"": 681508, ""name"": ""Mickey Gasper"", ""bats"": ""S"", ""obp"": 0.34615384615384615, ""slg"": 0.4, ""iso"": 0.08000000000000002, ""ab"": 25}, {""id"": 677800, ""name"": ""Wilyer Abreu"", ""bats"": ""L"", ""obp"": 0.3717277486910995, ""slg"": 0.4588235294117647, ""iso"": 0.1588235294117647, ""ab"": 170}]","[{""name"": ""away_top3c_slg"", ""value"": 0.3844, ""contribution"": 0.3972}, {""name"": ""away_top3c_iso"", ""value"": 0.1365, ""contribution"": -0.3509}, {""name"": ""away_top3c_obp"", ""value"": 0.3122, ""contribution"": -0.1533}, {""name"": ""fi_park_nrfi_rate"", ""value"": 0.5609, ""contribution"": -0.0916}, {""name"": ""wx_humidity"", ""value"": 76.0, ""contribution"": -0.0717}]","[{""name"": ""fi_park_nrfi_rate"", ""value"": 0.5609, ""contribution"": -0.1659}, {""name"": ""home_top3c_iso"", ""value"": 0.1541, ""contribution"": -0.0632}, {""name"": ""wx_wind_kmh"", ""value"": 24.7, ""contribution"": 0.0618}, {""name"": ""home_top3c_slg"", ""value"": 0.4117, ""contribution"": 0.0614}, {""name"": ""away_whiff_pct_rank"", ""value"": 65.0, ""contribution"": -0.0458}]",427113,0.5139,4.793,3.87,12.0,65.0,0.751,0.7797,5.67,4.8,0.6863,0.6443,R,R,NRFI,WIN,0,0,0,2026-05-18T23:21:07+00:00,-110,-115,DraftKings,2026-05-18T23:11:57+00:00,0.5238,0.5349,0.0329,-0.0916,0.0329,N,0.5,0,-110,-115,2026-05-18T22:08:22+00:00,0,0.4589,PASS,NO EDGE,,,,,,,
2026-05-19,2026,823865,1,N,ATL,MIA,4:10 PM ET,Martín Pérez,Braxton Garrett,527048,666129,ltd,sm,live,live,0.95,0.5303,0.4645,0.9948,0.4639,0.3983,0.8622,0.3996,0.6004,0.2623,0.7377,,,YRFI,STRONG,STRONG YRFI,4,2026-05-19T19:03:31Z,3.106,4.962,1.072,1.407,4.121,4.299,2.99,3.17,1.05,1.18,7.51,9.05,0.324,0.324,0.431,0.386,5.04,4.452,,,,1.0,1.0,0.6,1.0,0.5,0.3674,0.3395,0.4444,0.4603,0.1429,0.2008,lineup,lineup,"[{""id"": 669364, ""name"": ""Xavier Edwards"", ""bats"": ""S"", ""obp"": 0.40594059405940597, ""slg"": 0.4858757062146893, ""iso"": 0.16384180790960456, ""ab"": 177}, {""id"": 672640, ""name"": ""Otto Lopez"", ""bats"": ""R"", ""obp"": 0.36683417085427134, ""slg"": 0.4919786096256685, ""iso"": 0.15508021390374332, ""ab"": 187}, {""id"": 689414, ""name"": ""Liam Hicks"", ""bats"": ""L"", ""obp"": 0.35294117647058826, ""slg"": 0.4966442953020134, ""iso"": 0.20805369127516776, ""ab"": 149}]","[{""id"": 660670, ""name"": ""Ronald Acu\u00f1a Jr."", ""bats"": ""R"", ""obp"": 0.3618421052631579, ""slg"": 0.3779527559055118, ""iso"": 0.12598425196850394, ""ab"": 127}, {""id"": 643289, ""name"": ""Mauricio Dub\u00f3n"", ""bats"": ""R"", ""obp"": 0.30386740331491713, ""slg"": 0.38323353293413176, ""iso"": 0.13772455089820362, ""ab"": 167}, {""id"": 621566, ""name"": ""Matt Olson"", ""bats"": ""L"", ""obp"": 0.35406698564593303, ""slg"": 0.5869565217391305, ""iso"": 0.3097826086956522, ""ab"": 184}]","[{""name"": ""home_avg_ip_per_start"", ""value"": 1.3333, ""contribution"": 0.2558}, {""name"": ""away_top3c_iso"", ""value"": 0.2008, ""contribution"": 0.1909}, {""name"": ""away_top3c_slg"", ""value"": 0.4603, ""contribution"": -0.133}, {""name"": ""era_gap_t1"", ""value"": 1.8559, ""contribution"": 0.122}, {""name"": ""fi_park_nrfi_rate"", ""value"": 0.455, ""contribution"": 0.0591}]","[{""name"": ""away_whiff_pct_rank"", ""value"": 6.0, ""contribution"": 0.1358}, {""name"": ""fi_park_nrfi_rate"", ""value"": 0.455, ""contribution"": 0.1071}, {""name"": ""era_gap_b1"", ""value"": -1.8559, ""contribution"": -0.0987}, {""name"": ""home_top3c_iso"", ""value"": 0.1429, ""contribution"": -0.0933}, {""name"": ""wx_is_dome"", ""value"": 1.0, ""contribution"": -0.0809}]",482631,0.538,4.2,5.497,50.0,6.0,0.7272,0.7396,1.33,5.33,0.7160,0.7500,L,L,YRFI,WIN,2,3,5,2026-05-19T20:36:24+00:00,-130,+100,DraftKings,2026-05-19T19:13:43+00:00,0.5652,0.5,-0.1656,0.1004,0.1004,Y,1,1,-130,+100,2026-05-19T19:08:19+00:00,0,0.4144,YRFI,STRONG,,,,,,,
2026-05-19,2026,822736,1,N,NYM,WSH,6:45 PM ET,Nolan McLean,Foster Griffin,690997,656492,live,ltd,live,live,0.97,0.4585,0.4363,0.8949,0.2716,0.4403,0.7119,0.4817,0.5183,0.2256,0.7744,,,PASS,NO EDGE,PASS - No edge,4,2026-05-19T22:34:45Z,3.096,3.811,1.052,1.193,3.088,4.303,2.75,3.07,0.84,1.32,10.39,8.69,0.302,0.324,0.368,0.412,4.185,5.23,23.6,56.7,79.0,0.0,0.6,0.6,0.7778,0.6,0.346,0.3164,0.4627,0.3666,0.2072,0.1193,lineup,lineup,"[{""id"": 696285, ""name"": ""Jacob Young"", ""bats"": ""R"", ""obp"": 0.27976190476190477, ""slg"": 0.3525641025641026, ""iso"": 0.12820512820512822, ""ab"": 156}, {""id"": 671277, ""name"": ""Luis Garc\u00eda Jr."", ""bats"": ""L"", ""obp"": 0.2953020134228188, ""slg"": 0.4225352112676056, ""iso"": 0.15492957746478875, ""ab"": 142}, {""id"": 677588, ""name"": ""Jos\u00e9 Tena"", ""bats"": ""L"", ""obp"": 0.30927835051546393, ""slg"": 0.4157303370786517, ""iso"": 0.16853932584269665, ""ab"": 89}]","[{""id"": 701807, ""name"": ""Carson Benge"", ""bats"": ""L"", ""obp"": 0.3128834355828221, ""slg"": 0.36, ""iso"": 0.10666666666666663, ""ab"": 150}, {""id"": 666182, ""name"": ""Bo Bichette"", ""bats"": ""R"", ""obp"": 0.2727272727272727, ""slg"": 0.296875, ""iso"": 0.078125, ""ab"": 192}, {""id"": 665742, ""name"": ""Juan Soto"", ""bats"": ""L"", ""obp"": 0.38571428571428573, ""slg"": 0.48739495798319327, ""iso"": 0.20168067226890757, ""ab"": 119}]","[{""name"": ""away_top3c_slg"", ""value"": 0.3666, ""contribution"": 0.5205}, {""name"": ""away_top3c_iso"", ""value"": 0.1193, ""contribution"": -0.4462}, {""name"": ""away_top3_ops_vs_oppHand"", ""value"": 0.6697, ""contribution"": -0.1394}, {""name"": ""away_top3c_obp"", ""value"": 0.3164, ""contribution"": -0.0994}, {""name"": ""wx_humidity"", ""value"": 79.0, ""contribution"": -0.0842}]","[{""name"": ""wx_wind_kmh"", ""value"": 56.7, ""contribution"": 0.2206}, {""name"": ""away_whiff_pct_rank"", ""value"": 76.0, ""contribution"": -0.0797}, {""name"": ""home_top3c_iso"", ""value"": 0.2072, ""contribution"": 0.063}, {""name"": ""fi_park_nrfi_rate"", ""value"": 0.4761, ""contribution"": 0.0524}, {""name"": ""home_top3c_slg"", ""value"": 0.4627, ""contribution"": -0.0459}]",623949,0.5484,4.362,2.723,59.0,76.0,0.7136,0.6796,6.07,5.73,0.6697,0.795,R,L,YRFI,LOSS,3,0,3,2026-05-19T23:50:21+00:00,-120,-105,DraftKings,2026-05-20T03:59:52+00:00,0.5455,0.5122,-0.0338,-0.0239,-0.0338,N,0.5,0,-120,-105,2026-05-19T22:14:01+00:00,0,0.3878,YRFI,STRONG,,,,,,,
2026-05-19,2026,823548,1,N,TOR,NYY,7:05 PM ET,Dylan Cease,Will Warren,656302,701542,live,live,live,live,1.02,0.4415,0.4626,0.9041,0.3149,0.4331,0.748,0.4464,0.5536,0.229,0.771,,,PASS,NO EDGE,PASS - No edge,4,2026-05-19T23:04:17Z,3.339,3.888,1.245,1.256,2.571,3.578,3.7,2.9,0.59,1.18,12.33,10.46,0.308,0.329,0.381,0.427,4.218,4.944,33.6,17.2,36.0,0.0,0.8,0.6,0.8,0.7,0.3666,0.3359,0.5326,0.383,0.2884,0.1284,lineup,lineup,"[{""id"": 663757, ""name"": ""Trent Grisham"", ""bats"": ""L"", ""obp"": 0.2967032967032967, ""slg"": 0.33774834437086093, ""iso"": 0.17218543046357615, ""ab"": 151}, {""id"": 700250, ""name"": ""Ben Rice"", ""bats"": ""L"", ""obp"": 0.4, ""slg"": 0.6622516556291391, ""iso"": 0.3642384105960265, ""ab"": 151}, {""id"": 592450, ""name"": ""Aaron Judge"", ""bats"": ""R"", ""obp"": 0.3981042654028436, ""slg"": 0.5895953757225434, ""iso"": 0.323699421965318, ""ab"": 173}]","[{""id"": 543807, ""name"": ""George Springer"", ""bats"": ""R"", ""obp"": 0.2773109243697479, ""slg"": 0.32710280373831774, ""iso"": 0.1308411214953271, ""ab"": 107}, {""id"": 665489, ""name"": ""Vladimir Guerrero Jr."", ""bats"": ""R"", ""obp"": 0.37373737373737376, ""slg"": 0.37790697674418605, ""iso"": 0.09302325581395349, ""ab"": 172}, {""id"": 662139, ""name"": ""Daulton Varsho"", ""bats"": ""L"", ""obp"": 0.3333333333333333, ""slg"": 0.4267515923566879, ""iso"": 0.1656050955414013, ""ab"": 157}]","[{""name"": ""away_top3c_slg"", ""value"": 0.383, ""contribution"": 0.4059}, {""name"": ""away_top3c_iso"", ""value"": 0.1284, ""contribution"": -0.3769}, {""name"": ""away_top3_ops_vs_oppHand"", ""value"": 0.661, ""contribution"": -0.1526}, {""name"": ""wx_humidity"", ""value"": 36.0, ""contribution"": 0.0899}, {""name"": ""fi_park_nrfi_rate"", ""value"": 0.4526, ""contribution"": 0.0644}]","[{""name"": ""home_top3c_iso"", ""value"": 0.2884, ""contribution"": 0.2364}, {""name"": ""home_top3c_slg"", ""value"": 0.5326, ""contribution"": -0.1919}, {""name"": ""away_whiff_pct_rank"", ""value"": 97.0, ""contribution"": -0.1444}, {""name"": ""home_top3_ops_vs_oppHand"", ""value"": 0.8883, ""contribution"": 0.1217}, {""name"": ""fi_park_nrfi_rate"", ""value"": 0.4526, ""contribution"": 0.1088}]",483630,0.522,4.345,3.276,39.0,97.0,0.6796,0.7075,5.8,6.33,0.661,0.8883,R,R,NRFI,PASS,0,0,0,2026-05-19T23:31:25+00:00,-105,-120,DraftKings,2026-05-20T03:59:52+00:00,0.5122,0.5455,-0.0658,0.0081,,N,,,-105,-120,2026-05-19T23:02:05+00:00,,0.4129,YRFI,STRONG,,,,,,,
2026-05-19,2026,823059,1,N,PIT,STL,7:45 PM ET,Mitch Keller,Matthew Liberatore,656605,669461,live,live,live,live,0.97,0.5667,0.431,0.9977,0.3163,0.3822,0.6984,0.4901,0.5099,0.2634,0.7366,,,PASS,NO EDGE,PASS - No edge,4,2026-05-19T23:34:38Z,3.85,4.313,1.158,1.418,3.627,4.788,2.59,2.96,0.76,1.45,7.04,6.86,0.328,0.32,0.393,0.393,4.782,4.516,22.9,15.5,86.0,0.0,0.6,0.8,0.6,0.7,0.3642,0.3621,0.4162,0.382,0.158,0.1052,lineup,lineup,"[{""id"": 802139, ""name"": ""JJ Wetherholt"", ""bats"": ""L"", ""obp"": 0.3557692307692308, ""slg"": 0.4011627906976744, ""iso"": 0.1686046511627907, ""ab"": 172}, {""id"": 671056, ""name"": ""Iv\u00e1n Herrera"", ""bats"": ""R"", ""obp"": 0.3952380952380952, ""slg"": 0.40588235294117647, ""iso"": 0.1411764705882353, ""ab"": 170}, {""id"": 676475, ""name"": ""Alec Burleson"", ""bats"": ""L"", ""obp"": 0.3401015228426396, ""slg"": 0.4406779661016949, ""iso"": 0.1638418079096045, ""ab"": 177}]","[{""id"": 693304, ""name"": ""Nick Gonzales"", ""bats"": ""R"", ""obp"": 0.3795180722891566, ""slg"": 0.36423841059602646, ""iso"": 0.046357615894039694, ""ab"": 151}, {""id"": 804606, ""name"": ""Konnor Griffin"", ""bats"": ""R"", ""obp"": 0.3170731707317073, ""slg"": 0.3959731543624161, ""iso"": 0.13422818791946306, ""ab"": 149}, {""id"": 668804, ""name"": ""Bryan Reynolds"", ""bats"": ""S"", ""obp"": 0.3842364532019704, ""slg"": 0.3855421686746988, ""iso"": 0.13253012048192775, ""ab"": 166}]","[{""name"": ""away_top3c_iso"", ""value"": 0.1052, ""contribution"": -0.5535}, {""name"": ""away_top3c_slg"", ""value"": 0.382, ""contribution"": 0.4133}, {""name"": ""wx_humidity"", ""value"": 86.0, ""contribution"": -0.1126}, {""name"": ""away_top3c_obp"", ""value"": 0.3621, ""contribution"": 0.1061}, {""name"": ""home_fip"", ""value"": 4.7879, ""contribution"": 0.0775}]","[{""name"": ""away_whiff_pct_rank"", ""value"": 18.0, ""contribution"": 0.099}, {""name"": ""fi_park_nrfi_rate"", ""value"": 0.527, ""contribution"": -0.0697}, {""name"": ""home_top3_ops_vs_oppHand"", ""value"": 0.8323, ""contribution"": 0.0687}, {""name"": ""home_top3c_slg"", ""value"": 0.4162, ""contribution"": 0.051}, {""name"": ""home_top3c_iso"", ""value"": 0.158, ""contribution"": -0.0422}]",482666,0.522,4.999,4.372,14.0,18.0,0.7396,0.7507,5.2,6.13,0.751,0.8323,R,L,NRFI,PASS,0,0,0,2026-05-20T00:01:01+00:00,-130,+100,DraftKings,2026-05-20T03:59:52+00:00,0.5652,0.5,-0.0751,0.0099,,N,,,-130,+100,2026-05-19T23:39:37+00:00,,0.4551,PASS,NO EDGE,,,,,,,
2026-05-19,2026,824033,1,N,OAK,LAA,9:38 PM ET,Jacob Lopez,Reid Detmers,682052,672282,live,live,live,live,0.99,0.4346,0.6873,1.1218,0.4248,0.4387,0.8635,0.3841,0.6159,0.309,0.691,,,YRFI,STRONG,STRONG YRFI,4,2026-05-20T00:34:55Z,4.951,4.137,1.489,1.258,5.557,3.37,4.76,3.18,1.83,0.86,8.62,9.91,0.324,0.312,0.401,0.38,4.331,4.056,30.9,19.1,14.0,0.0,0.8,1.0,0.7778,0.7,0.358,0.4101,0.4322,0.5368,0.2,0.2316,lineup,lineup,"[{""id"": 687263, ""name"": ""Zach Neto"", ""bats"": ""R"", ""obp"": 0.33636363636363636, ""slg"": 0.4117647058823529, ""iso"": 0.1871657754010695, ""ab"": 187}, {""id"": 545361, ""name"": ""Mike Trout"", ""bats"": ""R"", ""obp"": 0.3933649289099526, ""slg"": 0.47305389221556887, ""iso"": 0.23952095808383234, ""ab"": 167}, {""id"": 687093, ""name"": ""Vaughn Grissom"", ""bats"": ""R"", ""obp"": 0.32978723404255317, ""slg"": 0.3950617283950617, ""iso"": 0.14814814814814814, ""ab"": 81}]","[{""id"": 669127, ""name"": ""Shea Langeliers"", ""bats"": ""R"", ""obp"": 0.3958333333333333, ""slg"": 0.6011560693641619, ""iso"": 0.26589595375722547, ""ab"": 173}, {""id"": 701762, ""name"": ""Nick Kurtz"", ""bats"": ""L"", ""obp"": 0.4265402843601896, ""slg"": 0.47878787878787876, ""iso"": 0.2121212121212121, ""ab"": 165}, {""id"": 687515, ""name"": ""Colby Thomas"", ""bats"": ""R"", ""obp"": 0.3870967741935484, ""slg"": 0.4827586206896552, ""iso"": 0.13793103448275862, ""ab"": 29}]","[{""name"": ""away_top3c_slg"", ""value"": 0.5368, ""contribution"": -0.6664}, {""name"": ""away_top3c_iso"", ""value"": 0.2316, ""contribution"": 0.4051}, {""name"": ""away_top3c_obp"", ""value"": 0.4101, ""contribution"": 0.322}, {""name"": ""away_top3_ops_vs_oppHand"", ""value"": 0.9077, ""contribution"": 0.2232}, {""name"": ""wx_humidity"", ""value"": 14.0, ""contribution"": 0.1789}]","[{""name"": ""fi_park_nrfi_rate"", ""value"": 0.4526, ""contribution"": 0.1088}, {""name"": ""away_whiff_pct_rank"", ""value"": 71.0, ""contribution"": -0.0643}, {""name"": ""home_top3c_iso"", ""value"": 0.2, ""contribution"": 0.0475}, {""name"": ""away_p_last5_pitcher_nrfi"", ""value"": 1.0, ""contribution"": -0.0455}, {""name"": ""era_gap_b1"", ""value"": 0.8146, ""contribution"": 0.0389}]",665299,0.5084,3.122,3.53,65.0,71.0,0.7136,0.7136,5.33,5.2,0.9077,0.7973,L,L,NRFI,LOSS,0,0,0,2026-05-20T02:00:33+00:00,-105,-125,DraftKings,2026-05-20T00:39:23+00:00,0.5122,0.5556,-0.1281,0.0603,0.0603,Y,1,-1,-105,-125,2026-05-20T00:34:04+00:00,0,0.4629,PASS,NO EDGE,,,,,,,
2026-05-19,2026,825086,1,N,SF,ARI,9:40 PM ET,Landen Roupp,Ryne Nelson,694738,669194,live,live,live,live,1.0,0.4475,0.4631,0.9107,0.2908,0.3572,0.6479,0.4901,0.5099,0.2314,0.7686,,,PASS,NO EDGE,PASS - No edge,4,2026-05-20T01:34:18Z,3.648,4.454,1.281,1.118,3.252,4.333,3.79,2.61,0.64,1.42,9.76,8.18,0.298,0.311,0.383,0.402,3.722,4.549,,,,1.0,0.8,0.8,0.7,0.8,0.3376,0.3259,0.4244,0.4564,0.1807,0.1721,lineup,lineup,"[{""id"": 606466, ""name"": ""Ketel Marte"", ""bats"": ""S"", ""obp"": 0.2756756756756757, ""slg"": 0.3684210526315789, ""iso"": 0.14619883040935672, ""ab"": 171}, {""id"": 682998, ""name"": ""Corbin Carroll"", ""bats"": ""L"", ""obp"": 0.3924731182795699, ""slg"": 0.5548387096774193, ""iso"": 0.27096774193548384, ""ab"": 155}, {""id"": 672695, ""name"": ""Geraldo Perdomo"", ""bats"": ""S"", ""obp"": 0.34444444444444444, ""slg"": 0.35333333333333333, ""iso"": 0.12666666666666668, ""ab"": 150}]","[{""id"": 664056, ""name"": ""Harrison Bader"", ""bats"": ""R"", ""obp"": 0.2, ""slg"": 0.3815789473684211, ""iso"": 0.2105263157894737, ""ab"": 76}, {""id"": 650333, ""name"": ""Luis Arraez"", ""bats"": ""L"", ""obp"": 0.3645833333333333, ""slg"": 0.4318181818181818, ""iso"": 0.10795454545454547, ""ab"": 176}, {""id"": 669477, ""name"": ""Casey Schmitt"", ""bats"": ""R"", ""obp"": 0.3416149068322981, ""slg"": 0.5234899328859061, ""iso"": 0.22818791946308725, ""ab"": 149}]","[{""name"": ""away_top3c_slg"", ""value"": 0.4564, ""contribution"": -0.1055}, {""name"": ""fi_park_nrfi_rate"", ""value"": 0.4239, ""contribution"": 0.1051}, {""name"": ""away_top3_ops_vs_oppHand"", ""value"": 0.7103, ""contribution"": -0.0774}, {""name"": ""home_whiff_pct_rank"", ""value"": 15.0, ""contribution"": 0.0594}, {""name"": ""away_top3c_obp"", ""value"": 0.3259, ""contribution"": -0.0567}]","[{""name"": ""fi_park_nrfi_rate"", ""value"": 0.4239, ""contribution"": 0.1776}, {""name"": ""wx_is_dome"", ""value"": 1.0, ""contribution"": -0.0866}, {""name"": ""era_gap_b1"", ""value"": -0.8057, ""contribution"": -0.0386}, {""name"": ""home_top3c_slg"", ""value"": 0.4244, ""contribution"": 0.0339}, {""name"": ""home_top3_ops_vs_oppHand"", ""value"": 0.724, ""contribution"": -0.0336}]",427344,0.4727,3.934,3.796,15.0,41.0,0.7197,0.7272,4.93,5.27,0.7103,0.724,R,R,YRFI,PASS,0,1,1,2026-05-20T02:00:33+00:00,-140,+110,DraftKings,2026-05-20T03:59:52+00:00,0.5833,0.4762,-0.0932,0.0337,,N,,,-140,+110,2026-05-20T01:39:10+00:00,,0.5181,PASS,NO EDGE,,,,,,,
2026-05-19,2026,824276,1,N,CLE,DET,6:40 PM ET,Parker Messick,Keider Montero,800048,672456,ltd,live,live,live,0.98,0.4799,0.3971,0.877,0.3596,0.2934,0.6531,0.4901,0.5099,0.2191,0.7809,,,PASS,NO EDGE,PASS - No edge,4,2026-05-19T22:34:45Z,2.928,3.969,1.113,1.165,3.384,4.356,2.39,2.52,0.96,1.25,9.35,6.92,0.325,0.319,0.386,0.386,4.461,4.087,24.9,16.9,78.0,0.0,1.0,1.0,1.0,0.9,0.3351,0.3581,0.3994,0.4447,0.1509,0.1887,lineup,lineup,"[{""id"": 663837, ""name"": ""Matt Vierling"", ""bats"": ""R"", ""obp"": 0.28125, ""slg"": 0.39473684210526316, ""iso"": 0.1842105263157895, ""ab"": 114}, {""id"": 805808, ""name"": ""Kevin McGonigle"", ""bats"": ""L"", ""obp"": 0.39603960396039606, ""slg"": 0.4186046511627907, ""iso"": 0.12790697674418605, ""ab"": 172}, {""id"": 663330, ""name"": ""Jahmai Jones"", ""bats"": ""R"", ""obp"": 0.23636363636363636, ""slg"": 0.34615384615384615, ""iso"": 0.15384615384615383, ""ab"": 52}]","[{""id"": 682177, ""name"": ""Daniel Schneemann"", ""bats"": ""L"", ""obp"": 0.3357664233576642, ""slg"": 0.4180327868852459, ""iso"": 0.1639344262295082, ""ab"": 122}, {""id"": 608070, ""name"": ""Jos\u00e9 Ram\u00edrez"", ""bats"": ""S"", ""obp"": 0.3686635944700461, ""slg"": 0.4301675977653631, ""iso"": 0.18994413407821228, ""ab"": 179}, {""id"": 800050, ""name"": ""Chase DeLauter"", ""bats"": ""L"", ""obp"": 0.3621621621621622, ""slg"": 0.48125, ""iso"": 0.20625, ""ab"": 160}]","[{""name"": ""away_top3c_obp"", ""value"": 0.3581, ""contribution"": 0.088}, {""name"": ""wx_humidity"", ""value"": 78.0, ""contribution"": -0.0802}, {""name"": ""away_top3c_iso"", ""value"": 0.1887, ""contribution"": 0.08}, {""name"": ""home_whiff_pct_rank"", ""value"": 9.0, ""contribution"": 0.0696}, {""name"": ""era_gap_t1"", ""value"": 1.041, ""contribution"": 0.0641}]","[{""name"": ""home_top3c_slg"", ""value"": 0.3994, ""contribution"": 0.086}, {""name"": ""fi_park_nrfi_rate"", ""value"": 0.5322, ""contribution"": -0.082}, {""name"": ""home_top3c_iso"", ""value"": 0.1509, ""contribution"": -0.0574}, {""name"": ""era_gap_b1"", ""value"": -1.041, ""contribution"": -0.0498}, {""name"": ""away_whiff_pct_rank"", ""value"": 66.0, ""contribution"": -0.0489}]",427292,0.5307,4.024,2.618,9.0,66.0,0.7136,0.6796,5.6,5.6,0.7387,0.7497,L,R,NRFI,PASS,0,0,0,2026-05-19T22:51:13+00:00,-120,-110,DraftKings,2026-05-20T03:59:52+00:00,0.5455,0.5238,-0.0554,-0.0139,-0.0556,N,0.5,,-120,-110,2026-05-19T22:35:12+00:00,0,0.4877,PASS,NO EDGE,,,,,,,
2026-05-19,2026,823464,1,N,CIN,PHI,6:40 PM ET,Chase Burns,Jesús Luzardo,695505,666200,ltd,live,live,live,1.04,0.3986,0.4719,0.8705,0.416,0.286,0.702,0.4901,0.5099,0.2167,0.7833,,,PASS,NO EDGE,PASS - No edge,4,2026-05-19T22:34:45Z,2.921,4.554,1.121,1.281,3.65,2.898,3.07,2.57,1.08,0.86,9.9,10.91,0.312,0.306,0.395,0.398,4.373,4.31,33.9,15.9,31.0,0.0,0.8,1.0,0.9,1.0,0.3124,0.3429,0.4064,0.4532,0.1626,0.1893,lineup,lineup,"[{""id"": 607208, ""name"": ""Trea Turner"", ""bats"": ""R"", ""obp"": 0.2857142857142857, ""slg"": 0.3435897435897436, ""iso"": 0.1076923076923077, ""ab"": 195}, {""id"": 547180, ""name"": ""Bryce Harper"", ""bats"": ""L"", ""obp"": 0.373134328358209, ""slg"": 0.5491329479768786, ""iso"": 0.2716763005780347, ""ab"": 173}, {""id"": 664761, ""name"": ""Alec Bohm"", ""bats"": ""R"", ""obp"": 0.2752808988764045, ""slg"": 0.32919254658385094, ""iso"": 0.11180124223602486, ""ab"": 161}]","[{""id"": 680574, ""name"": ""Matt McLain"", ""bats"": ""R"", ""obp"": 0.3247422680412371, ""slg"": 0.3630952380952381, ""iso"": 0.14285714285714285, ""ab"": 168}, {""id"": 682829, ""name"": ""Elly De La Cruz"", ""bats"": ""S"", ""obp"": 0.3615023474178404, ""slg"": 0.53125, ""iso"": 0.234375, ""ab"": 192}, {""id"": 668715, ""name"": ""Spencer Steer"", ""bats"": ""R"", ""obp"": 0.34065934065934067, ""slg"": 0.4539877300613497, ""iso"": 0.18404907975460122, ""ab"": 163}]","[{""name"": ""away_top3_ops_vs_oppHand"", ""value"": 0.96, ""contribution"": 0.3029}, {""name"": ""home_fip"", ""value"": 2.8985, ""contribution"": -0.1172}, {""name"": ""wx_humidity"", ""value"": 31.0, ""contribution"": 0.1101}, {""name"": ""era_gap_t1"", ""value"": 1.6333, ""contribution"": 0.1005}, {""name"": ""away_top3c_iso"", ""value"": 0.1893, ""contribution"": 0.0843}]","[{""name"": ""away_whiff_pct_rank"", ""value"": 100.0, ""contribution"": -0.1537}, {""name"": ""era_gap_b1"", ""value"": -1.6333, ""contribution"": -0.0781}, {""name"": ""home_top3c_slg"", ""value"": 0.4064, ""contribution"": 0.0714}, {""name"": ""fi_park_nrfi_rate"", ""value"": 0.473, ""contribution"": 0.0599}, {""name"": ""away_p_last10_pitcher_nrfi"", ""value"": 1.0, ""contribution"": -0.0523}]",504381,0.4205,3.2,3.446,90.0,100.0,0.7136,0.7272,5.4,6.13,0.96,0.7407,R,L,NRFI,PASS,0,0,0,2026-05-19T22:55:59+00:00,-140,+105,DraftKings,2026-05-20T03:59:52+00:00,0.5833,0.4878,-0.0932,0.0221,-0.0422,N,0.5,,-140,+105,2026-05-19T22:35:12+00:00,0,0.5127,PASS,NO EDGE,,,,,,,
2026-05-19,2026,824112,1,N,BOS,KC,7:40 PM ET,Ranger Suarez,Bailey Falter,624133,663559,live,live,live,live,0.96,0.5388,0.3743,0.9131,0.3753,0.3282,0.7035,0.4892,0.5108,0.2323,0.7677,,,PASS,NO EDGE,PASS - No edge,4,2026-05-19T23:34:38Z,2.801,5.093,1.078,1.435,3.117,5.121,2.21,3.53,0.7,1.41,8.4,5.97,0.311,0.316,0.369,0.389,3.831,4.087,12.7,10.1,87.0,0.0,0.4,0.8,0.5,0.6,0.3175,0.321,0.4102,0.3926,0.1543,0.1411,lineup,lineup,"[{""id"": 672580, ""name"": ""Maikel Garcia"", ""bats"": ""R"", ""obp"": 0.3284313725490196, ""slg"": 0.39344262295081966, ""iso"": 0.13114754098360654, ""ab"": 183}, {""id"": 677951, ""name"": ""Bobby Witt Jr."", ""bats"": ""R"", ""obp"": 0.37383177570093457, ""slg"": 0.48677248677248675, ""iso"": 0.18518518518518517, ""ab"": 189}, {""id"": 521692, ""name"": ""Salvador Perez"", ""bats"": ""R"", ""obp"": 0.24352331606217617, ""slg"": 0.3463687150837989, ""iso"": 0.1452513966480447, ""ab"": 179}]","[{""id"": 680776, ""name"": ""Jarren Duran"", ""bats"": ""L"", ""obp"": 0.24725274725274726, ""slg"": 0.30120481927710846, ""iso"": 0.1204819277108434, ""ab"": 166}, {""id"": 678882, ""name"": ""Ceddanne Rafaela"", ""bats"": ""R"", ""obp"": 0.35365853658536583, ""slg"": 0.43243243243243246, ""iso"": 0.14864864864864868, ""ab"": 148}, {""id"": 677800, ""name"": ""Wilyer Abreu"", ""bats"": ""L"", ""obp"": 0.3622448979591837, ""slg"": 0.44571428571428573, ""iso"": 0.1542857142857143, ""ab"": 175}]","[{""name"": ""away_top3c_slg"", ""value"": 0.3926, ""contribution"": 0.3389}, {""name"": ""away_top3c_iso"", ""value"": 0.1411, ""contribution"": -0.2809}, {""name"": ""away_top3_ops_vs_oppHand"", ""value"": 0.8693, ""contribution"": 0.1648}, {""name"": ""era_gap_t1"", ""value"": 2.292, ""contribution"": 0.1409}, {""name"": ""wx_humidity"", ""value"": 87.0, ""contribution"": -0.1166}]","[{""name"": ""home_top3_ops_vs_oppHand"", ""value"": 0.9493, ""contribution"": 0.1793}, {""name"": ""fi_park_nrfi_rate"", ""value"": 0.5614, ""contribution"": -0.1521}, {""name"": ""era_gap_b1"", ""value"": -2.292, ""contribution"": -0.1096}, {""name"": ""home_top3c_slg"", ""value"": 0.4102, ""contribution"": 0.0636}, {""name"": ""away_whiff_pct_rank"", ""value"": 31.0, ""contribution"": 0.0589}]",676581,0.5084,4.2,2.896,50.0,31.0,0.7272,0.7272,4.8,6.0,0.8693,0.9493,L,L,YRFI,PASS,1,1,2,2026-05-20T00:06:52+00:00,-135,+105,DraftKings,2026-05-20T03:59:52+00:00,0.5745,0.4878,-0.0858,0.0235,-0.0145,N,0.5,,-135,+105,2026-05-19T23:39:37+00:00,0,0.6536,NRFI,STRONG,,,,,,,
2026-05-19,2026,822979,1,N,BAL,TB,6:40 PM ET,Kyle Bradish,Griffin Jax,680694,643377,ltd,ltd,live,live,0.93,0.4816,0.5178,0.9994,0.3799,0.3244,0.7043,0.4885,0.5115,0.264,0.736,,,PASS,NO EDGE,PASS - No edge,4,2026-05-19T22:34:45Z,3.991,4.095,1.378,1.349,3.865,3.98,3.92,3.84,1.03,1.11,9.95,9.79,0.316,0.331,0.393,0.395,4.421,4.762,,,,1.0,1.0,1.0,1.0,0.9,0.3507,0.3375,0.4352,0.4277,0.1605,0.1839,lineup,lineup,"[{""id"": 802415, ""name"": ""Chandler Simpson"", ""bats"": ""L"", ""obp"": 0.32978723404255317, ""slg"": 0.3522727272727273, ""iso"": 0.05681818181818182, ""ab"": 176}, {""id"": 691406, ""name"": ""Junior Caminero"", ""bats"": ""R"", ""obp"": 0.35148514851485146, ""slg"": 0.5056818181818182, ""iso"": 0.24431818181818188, ""ab"": 176}, {""id"": 666018, ""name"": ""Jonathan Aranda"", ""bats"": ""L"", ""obp"": 0.37, ""slg"": 0.4484848484848485, ""iso"": 0.18181818181818182, ""ab"": 165}]","[{""id"": 621493, ""name"": ""Taylor Ward"", ""bats"": ""R"", ""obp"": 0.4186046511627907, ""slg"": 0.36904761904761907, ""iso"": 0.10714285714285715, ""ab"": 168}, {""id"": 683002, ""name"": ""Gunnar Henderson"", ""bats"": ""L"", ""obp"": 0.2638888888888889, ""slg"": 0.415, ""iso"": 0.205, ""ab"": 200}, {""id"": 668939, ""name"": ""Adley Rutschman"", ""bats"": ""S"", ""obp"": 0.3253968253968254, ""slg"": 0.5344827586206896, ""iso"": 0.2586206896551724, ""ab"": 116}]","[{""name"": ""home_avg_ip_per_start"", ""value"": 3.0, ""contribution"": 0.1497}, {""name"": ""away_top3c_slg"", ""value"": 0.4277, ""contribution"": 0.0945}, {""name"": ""fi_park_nrfi_rate"", ""value"": 0.4376, ""contribution"": 0.0856}, {""name"": ""home_whiff_pct_rank"", ""value"": 100.0, ""contribution"": -0.0847}, {""name"": ""wx_is_dome"", ""value"": 1.0, ""contribution"": -0.0562}]","[{""name"": ""fi_park_nrfi_rate"", ""value"": 0.4376, ""contribution"": 0.1447}, {""name"": ""away_whiff_pct_rank"", ""value"": 94.0, ""contribution"": -0.1352}, {""name"": ""wx_is_dome"", ""value"": 1.0, ""contribution"": -0.0866}, {""name"": ""home_top3_ops_vs_oppHand"", ""value"": 0.823, ""contribution"": 0.0599}, {""name"": ""home_obp"", ""value"": 0.3311, ""contribution"": 0.0537}]",427533,0.5151,3.203,3.85,100.0,94.0,0.7136,0.7197,3.0,5.47,0.776,0.823,R,R,YRFI,PASS,1,1,2,2026-05-19T23:07:09+00:00,-140,+105,DraftKings,2026-05-20T03:59:52+00:00,0.5833,0.4878,-0.0948,0.0237,,N,,,-140,+105,2026-05-19T22:35:12+00:00,,0.4877,PASS,NO EDGE,,,,,,,
2026-05-19,2026,824677,1,N,MIL,CHC,7:40 PM ET,Jacob Misiorowski,Ben Brown,694819,676962,live,live,live,live,1.0,0.4414,0.4453,0.8867,0.341,0.3047,0.6457,0.4901,0.5099,0.2227,0.7773,,,PASS,NO EDGE,PASS - No edge,4,2026-05-19T23:34:38Z,3.067,3.85,1.053,1.166,2.874,3.349,3.28,2.73,0.9,0.94,12.51,9.69,0.33,0.336,0.376,0.405,4.908,4.944,21.4,21.6,68.0,0.0,0.8,0.8,0.6,0.7,0.3495,0.3774,0.377,0.4319,0.1257,0.144,lineup,lineup,"[{""id"": 663538, ""name"": ""Nico Hoerner"", ""bats"": ""R"", ""obp"": 0.3424657534246575, ""slg"": 0.38421052631578945, ""iso"": 0.12631578947368416, ""ab"": 190}, {""id"": 683737, ""name"": ""Michael Busch"", ""bats"": ""L"", ""obp"": 0.3671497584541063, ""slg"": 0.38823529411764707, ""iso"": 0.14705882352941177, ""ab"": 170}, {""id"": 608324, ""name"": ""Alex Bregman"", ""bats"": ""R"", ""obp"": 0.3395348837209302, ""slg"": 0.35978835978835977, ""iso"": 0.10582010582010581, ""ab"": 189}]","[{""id"": 694192, ""name"": ""Jackson Chourio"", ""bats"": ""R"", ""obp"": 0.3508771929824561, ""slg"": 0.46296296296296297, ""iso"": 0.14814814814814814, ""ab"": 54}, {""id"": 668930, ""name"": ""Brice Turang"", ""bats"": ""L"", ""obp"": 0.4031413612565445, ""slg"": 0.4713375796178344, ""iso"": 0.1910828025477707, ""ab"": 157}, {""id"": 661388, ""name"": ""William Contreras"", ""bats"": ""R"", ""obp"": 0.359375, ""slg"": 0.38596491228070173, ""iso"": 0.09941520467836257, ""ab"": 171}]","[{""name"": ""away_top3c_iso"", ""value"": 0.144, ""contribution"": -0.2591}, {""name"": ""away_top3_ops_vs_oppHand"", ""value"": 0.8793, ""contribution"": 0.18}, {""name"": ""away_top3c_obp"", ""value"": 0.3774, ""contribution"": 0.1749}, {""name"": ""home_fip"", ""value"": 3.3487, ""contribution"": -0.0709}, {""name"": ""away_top3c_slg"", ""value"": 0.4319, ""contribution"": 0.0648}]","[{""name"": ""home_top3c_slg"", ""value"": 0.377, ""contribution"": 0.1326}, {""name"": ""home_top3c_iso"", ""value"": 0.1257, ""contribution"": -0.1113}, {""name"": ""away_whiff_pct_rank"", ""value"": 86.0, ""contribution"": -0.1105}, {""name"": ""fi_park_nrfi_rate"", ""value"": 0.5429, ""contribution"": -0.1077}, {""name"": ""home_obp"", ""value"": 0.3358, ""contribution"": 0.0706}]",596740,0.574,2.77,3.153,43.0,86.0,0.7396,0.6942,4.6,5.87,0.8793,0.7207,R,R,YRFI,PASS,1,0,1,2026-05-20T00:06:52+00:00,-170,+130,DraftKings,2026-05-20T03:59:52+00:00,0.6296,0.4348,-0.1395,0.0751,,N,,,-170,+130,2026-05-19T23:39:37+00:00,,0.4877,PASS,NO EDGE,,,,,,,
2026-05-19,2026,823136,1,N,CWS,SEA,9:40 PM ET,Anthony Kay,Bryce Miller,641743,682243,ltd,ltd,live,live,0.95,0.5631,0.5485,1.1116,0.4749,0.3256,0.8004,0.4349,0.5651,0.3052,0.6948,,,PASS,LOW LAMBDA,PASS - Low lambda,4,2026-05-20T01:34:18Z,4.393,5.086,1.402,1.409,4.645,4.953,3.56,3.11,1.26,1.6,7.54,7.45,0.322,0.318,0.409,0.385,4.508,4.242,,,,1.0,0.8,0.6,0.8,0.5714,0.3292,0.3768,0.4074,0.5059,0.1528,0.2518,lineup,lineup,"[{""id"": 608701, ""name"": ""Rob Refsnyder"", ""bats"": ""R"", ""obp"": 0.18840579710144928, ""slg"": 0.21666666666666667, ""iso"": 0.1, ""ab"": 60}, {""id"": 677594, ""name"": ""Julio Rodr\u00edguez"", ""bats"": ""R"", ""obp"": 0.3177570093457944, ""slg"": 0.4205128205128205, ""iso"": 0.16923076923076924, ""ab"": 195}, {""id"": 668227, ""name"": ""Randy Arozarena"", ""bats"": ""R"", ""obp"": 0.3883495145631068, ""slg"": 0.4576271186440678, ""iso"": 0.15254237288135591, ""ab"": 177}]","[{""id"": 803011, ""name"": ""Sam Antonacci"", ""bats"": ""L"", ""obp"": 0.39090909090909093, ""slg"": 0.425531914893617, ""iso"": 0.12765957446808512, ""ab"": 94}, {""id"": 808959, ""name"": ""Munetaka Murakami"", ""bats"": ""L"", ""obp"": 0.3793103448275862, ""slg"": 0.5636363636363636, ""iso"": 0.32121212121212117, ""ab"": 165}, {""id"": 678246, ""name"": ""Miguel Vargas"", ""bats"": ""R"", ""obp"": 0.36633663366336633, ""slg"": 0.4939759036144578, ""iso"": 0.25301204819277107, ""ab"": 166}]","[{""name"": ""away_top3c_iso"", ""value"": 0.2518, ""contribution"": 0.5579}, {""name"": ""away_top3c_slg"", ""value"": 0.5059, ""contribution"": -0.4509}, {""name"": ""away_top3c_obp"", ""value"": 0.3768, ""contribution"": 0.1721}, {""name"": ""away_top3_ops_vs_oppHand"", ""value"": 0.8643, ""contribution"": 0.1572}, {""name"": ""home_fip"", ""value"": 4.9529, ""contribution"": 0.0945}]","[{""name"": ""wx_is_dome"", ""value"": 1.0, ""contribution"": -0.0866}, {""name"": ""home_top3c_slg"", ""value"": 0.4074, ""contribution"": 0.0693}, {""name"": ""home_top3c_iso"", ""value"": 0.1528, ""contribution"": -0.0534}, {""name"": ""fi_park_nrfi_rate"", ""value"": 0.5131, ""contribution"": -0.0364}, {""name"": ""era_gap_b1"", ""value"": -0.6935, ""contribution"": -0.0332}]",503502,0.4948,4.2,7.586,50.0,50.0,0.7272,0.7136,5.13,4.73,0.8643,0.774,L,R,YRFI,PASS,0,1,1,2026-05-20T02:11:43+00:00,-130,+100,DraftKings,2026-05-20T03:59:52+00:00,0.5652,0.5,-0.1303,0.0651,,N,,,-130,+100,2026-05-20T01:39:10+00:00,,0.4521,PASS,NO EDGE,,,,,,,
2026-05-19,2026,823302,1,N,LAD,SD,9:40 PM ET,Emmet Sheehan,Griffin Canning,686218,656288,live,ltd,live,live,0.95,0.5987,0.4324,1.0311,0.3989,0.2793,0.6782,0.4901,0.5099,0.2757,0.7243,,,PASS,NO EDGE,PASS - No edge,4,2026-05-20T01:34:18Z,3.953,5.367,1.168,1.518,3.682,4.186,2.71,4.49,1.27,0.99,10.4,9.1,0.337,0.299,0.423,0.378,5.008,4.25,22.8,14.3,67.0,0.0,0.6,0.6,0.6,0.5,0.3179,0.3516,0.4236,0.4275,0.1644,0.1781,lineup,lineup,"[{""id"": 665487, ""name"": ""Fernando Tatis Jr."", ""bats"": ""R"", ""obp"": 0.30612244897959184, ""slg"": 0.27325581395348836, ""iso"": 0.04069767441860464, ""ab"": 172}, {""id"": 609280, ""name"": ""Miguel Andujar"", ""bats"": ""R"", ""obp"": 0.31851851851851853, ""slg"": 0.5038167938931297, ""iso"": 0.2061068702290076, ""ab"": 131}, {""id"": 657757, ""name"": ""Gavin Sheets"", ""bats"": ""L"", ""obp"": 0.3333333333333333, ""slg"": 0.5426356589147286, ""iso"": 0.28682170542635654, ""ab"": 129}]","[{""id"": 660271, ""name"": ""Shohei Ohtani"", ""bats"": ""L"", ""obp"": 0.39215686274509803, ""slg"": 0.4578313253012048, ""iso"": 0.19277108433734935, ""ab"": 166}, {""id"": 605141, ""name"": ""Mookie Betts"", ""bats"": ""R"", ""obp"": 0.2542372881355932, ""slg"": 0.42592592592592593, ""iso"": 0.24074074074074076, ""ab"": 54}, {""id"": 518692, ""name"": ""Freddie Freeman"", ""bats"": ""L"", ""obp"": 0.3384615384615385, ""slg"": 0.3988439306358382, ""iso"": 0.14450867052023125, ""ab"": 173}]","[{""name"": ""home_avg_ip_per_start"", ""value"": 3.7333, ""contribution"": 0.1007}, {""name"": ""away_top3c_slg"", ""value"": 0.4275, ""contribution"": 0.0959}, {""name"": ""era_gap_t1"", ""value"": 1.4139, ""contribution"": 0.087}, {""name"": ""fi_park_nrfi_rate"", ""value"": 0.5409, ""contribution"": -0.0609}, {""name"": ""away_top3c_obp"", ""value"": 0.3516, ""contribution"": 0.059}]","[{""name"": ""away_whiff_pct_rank"", ""value"": 96.0, ""contribution"": -0.1413}, {""name"": ""fi_park_nrfi_rate"", ""value"": 0.5409, ""contribution"": -0.103}, {""name"": ""era_gap_b1"", ""value"": -1.4139, ""contribution"": -0.0677}, {""name"": ""home_obp"", ""value"": 0.2993, ""contribution"": -0.0598}, {""name"": ""away_p_last10_pitcher_nrfi"", ""value"": 0.5, ""contribution"": 0.0422}]",427128,0.4785,4.668,2.975,69.0,96.0,0.7396,0.7272,3.73,5.33,0.7763,0.781,R,R,YRFI,PASS,2,2,4,2026-05-20T02:00:33+00:00,-125,-105,DraftKings,2026-05-20T03:59:52+00:00,0.5556,0.5122,-0.0655,-0.0023,,N,,,-125,-105,2026-05-20T01:39:10+00:00,,0.4658,PASS,NO EDGE,,,,,,,
2026-05-19,2026,823704,1,N,HOU,MIN,7:40 PM ET,Jason Alexander,Zebby Matthews,669920,805673,ltd,ltd,live,live,0.97,0.4538,0.6512,1.105,0.2813,0.3544,0.6357,0.4901,0.5099,0.3028,0.6972,,,PASS,NO EDGE,PASS - No edge,4,2026-05-19T23:34:38Z,5.836,4.329,1.491,1.307,5.185,3.723,3.58,2.57,1.74,1.12,8.12,9.11,0.324,0.322,0.41,0.392,4.414,4.643,11.1,14.7,71.0,0.0,0.4,1.0,0.4,1.0,0.3259,0.3778,0.4545,0.4881,0.2068,0.2084,lineup,lineup,"[{""id"": 621439, ""name"": ""Byron Buxton"", ""bats"": ""R"", ""obp"": 0.31891891891891894, ""slg"": 0.5798816568047337, ""iso"": 0.3195266272189349, ""ab"": 169}, {""id"": 663616, ""name"": ""Trevor Larnach"", ""bats"": ""L"", ""obp"": 0.3937007874015748, ""slg"": 0.4, ""iso"": 0.13333333333333336, ""ab"": 105}, {""id"": 668952, ""name"": ""Ryan Kreidler"", ""bats"": ""R"", ""obp"": 0.41379310344827586, ""slg"": 0.5833333333333334, ""iso"": 0.2916666666666667, ""ab"": 24}]","[{""id"": 665161, ""name"": ""Jeremy Pe\u00f1a"", ""bats"": ""R"", ""obp"": 0.29411764705882354, ""slg"": 0.32608695652173914, ""iso"": 0.08695652173913043, ""ab"": 46}, {""id"": 670623, ""name"": ""Isaac Paredes"", ""bats"": ""R"", ""obp"": 0.34269662921348315, ""slg"": 0.3717948717948718, ""iso"": 0.1217948717948718, ""ab"": 156}, {""id"": 670541, ""name"": ""Yordan Alvarez"", ""bats"": ""L"", ""obp"": 0.4272300469483568, ""slg"": 0.632768361581921, ""iso"": 0.3163841807909605, ""ab"": 177}]","[{""name"": ""away_top3c_slg"", ""value"": 0.4881, ""contribution"": -0.3271}, {""name"": ""away_top3c_iso"", ""value"": 0.2084, ""contribution"": 0.2295}, {""name"": ""away_top3c_obp"", ""value"": 0.3778, ""contribution"": 0.1769}, {""name"": ""era_gap_t1"", ""value"": -1.5076, ""contribution"": -0.0925}, {""name"": ""home_p_last5_pitcher_nrfi"", ""value"": 0.4, ""contribution"": -0.0547}]","[{""name"": ""fi_park_nrfi_rate"", ""value"": 0.5348, ""contribution"": -0.0883}, {""name"": ""era_gap_b1"", ""value"": 1.5076, ""contribution"": 0.072}, {""name"": ""home_top3c_iso"", ""value"": 0.2068, ""contribution"": 0.0621}, {""name"": ""home_top3_ops_vs_oppHand"", ""value"": 0.8173, ""contribution"": 0.0546}, {""name"": ""away_p_last10_pitcher_nrfi"", ""value"": 1.0, ""contribution"": -0.0523}]",427139,0.5818,4.2,4.2,50.0,50.0,0.7136,0.7136,5.53,4.53,0.778,0.8173,R,R,YRFI,PASS,2,0,2,2026-05-20T00:01:01+00:00,-120,-105,DraftKings,2026-05-20T03:59:52+00:00,0.5455,0.5122,-0.0554,-0.0023,-0.0416,N,0.5,,-120,-105,2026-05-19T23:39:37+00:00,0,0.4877,PASS,NO EDGE,,,,,,,
2026-05-19,2026,824356,1,N,TEX,COL,8:40 PM ET,Tyler Alexander,Sammy Peralta,641302,671111,live,avg,live,live,1.22,0.5678,0.5697,1.1375,0.6962,0.4652,1.1614,0.3841,0.6159,0.3147,0.6853,,,PASS,NO DATA,PASS - No data,3,2026-05-20T00:34:55Z,3.9,4.17,1.377,1.26,3.566,4.17,2.73,2.93,0.74,1.21,7.48,8.75,0.313,0.315,0.374,0.396,3.944,4.341,9.6,8.5,65.0,0.0,0.5,0.6,0.5,0.6,0.3194,0.3265,0.4989,0.3954,0.2369,0.1407,lineup,lineup,"[{""id"": 650489, ""name"": ""Willi Castro"", ""bats"": ""S"", ""obp"": 0.3006993006993007, ""slg"": 0.3511450381679389, ""iso"": 0.10687022900763357, ""ab"": 131}, {""id"": 666160, ""name"": ""Mickey Moniak"", ""bats"": ""L"", ""obp"": 0.34838709677419355, ""slg"": 0.6408450704225352, ""iso"": 0.3450704225352113, ""ab"": 142}, {""id"": 696100, ""name"": ""Hunter Goodman"", ""bats"": ""R"", ""obp"": 0.30939226519337015, ""slg"": 0.4939759036144578, ""iso"": 0.2469879518072289, ""ab"": 166}]","[{""id"": 592626, ""name"": ""Joc Pederson"", ""bats"": ""L"", ""obp"": 0.3384615384615385, ""slg"": 0.3238095238095238, ""iso"": 0.1142857142857143, ""ab"": 105}, {""id"": 679822, ""name"": ""Justin Foscue"", ""bats"": ""R"", ""obp"": 0.3076923076923077, ""slg"": 0.6, ""iso"": 0.31999999999999995, ""ab"": 25}, {""id"": 664059, ""name"": ""Sam Haggerty"", ""bats"": ""S"", ""obp"": 0.2, ""slg"": 0.15151515151515152, ""iso"": 0.0, ""ab"": 33}]","[{""name"": ""away_top3_ops_vs_oppHand"", ""value"": 1.3423, ""contribution"": 0.8853}, {""name"": ""away_top3c_slg"", ""value"": 0.3954, ""contribution"": 0.3194}, {""name"": ""away_top3c_iso"", ""value"": 0.1407, ""contribution"": -0.2841}, {""name"": ""fi_park_nrfi_rate"", ""value"": 0.4241, ""contribution"": 0.1048}, {""name"": ""away_top3c_obp"", ""value"": 0.3265, ""contribution"": -0.0539}]","[{""name"": ""fi_park_nrfi_rate"", ""value"": 0.4241, ""contribution"": 0.177}, {""name"": ""away_whiff_pct_rank"", ""value"": 2.0, ""contribution"": 0.1483}, {""name"": ""home_top3c_iso"", ""value"": 0.2369, ""contribution"": 0.1264}, {""name"": ""home_top3c_slg"", ""value"": 0.4989, ""contribution"": -0.1215}, {""name"": ""away_avg_ip_per_start"", ""value"": 3.4667, ""contribution"": 0.0796}]",484198,0.5395,4.2,2.36,50.0,2.0,0.7136,0.7075,5.0,3.47,1.3423,0.7103,L,L,YRFI,PASS,2,0,2,2026-05-20T01:06:30+00:00,+100,-130,DraftKings,2026-05-20T03:59:52+00:00,0.5,0.5652,-0.1159,0.0507,,N,,,+100,-130,2026-05-20T00:39:23+00:00,,0.4877,PASS,NO EDGE,,,,,,,
2026-05-20,2026,824032,1,N,OAK,LAA,9:38 PM ET,Aaron Civale,Jack Kochanowicz,650644,686799,live,live,live,live,0.99,0.6333,0.5252,1.1585,0.6258,0.4243,1.0501,0.3841,0.6159,0.3223,0.6777,,,YRFI,STRONG,STRONG YRFI,4,2026-05-21T00:34:11Z,3.651,5.461,1.33,1.515,4.382,5.16,2.81,4.48,1.27,1.23,7.33,6.02,0.325,0.314,0.405,0.381,4.484,4.086,28.7,16.2,37.0,0.0,1.0,0.8,0.8,0.7,0.3481,0.4139,0.4198,0.543,0.1828,0.2296,lineup,lineup,"[{""id"": 687263, ""name"": ""Zach Neto"", ""bats"": ""R"", ""obp"": 0.3377777777777778, ""slg"": 0.41361256544502617, ""iso"": 0.18848167539267016, ""ab"": 191}, {""id"": 545361, ""name"": ""Mike Trout"", ""bats"": ""R"", ""obp"": 0.39814814814814814, ""slg"": 0.48823529411764705, ""iso"": 0.2529411764705882, ""ab"": 170}, {""id"": 694384, ""name"": ""Nolan Schanuel"", ""bats"": ""L"", ""obp"": 0.3036649214659686, ""slg"": 0.36, ""iso"": 0.10857142857142854, ""ab"": 175}]","[{""id"": 666126, ""name"": ""Carlos Cortes"", ""bats"": ""L"", ""obp"": 0.4166666666666667, ""slg"": 0.5566037735849056, ""iso"": 0.20754716981132076, ""ab"": 106}, {""id"": 669127, ""name"": ""Shea Langeliers"", ""bats"": ""R"", ""obp"": 0.3939393939393939, ""slg"": 0.5875706214689266, ""iso"": 0.25988700564971756, ""ab"": 177}, {""id"": 701762, ""name"": ""Nick Kurtz"", ""bats"": ""L"", ""obp"": 0.4305555555555556, ""slg"": 0.48823529411764705, ""iso"": 0.2117647058823529, ""ab"": 170}]","[{""name"": ""away_top3c_slg"", ""value"": 0.543, ""contribution"": -0.7101}, {""name"": ""away_top3c_iso"", ""value"": 0.2296, ""contribution"": 0.3897}, {""name"": ""away_top3c_obp"", ""value"": 0.4139, ""contribution"": 0.339}, {""name"": ""away_top3_ops_vs_oppHand"", ""value"": 0.981, ""contribution"": 0.3349}, {""name"": ""home_fip"", ""value"": 5.16, ""contribution"": 0.1158}]","[{""name"": ""fi_park_nrfi_rate"", ""value"": 0.4526, ""contribution"": 0.1088}, {""name"": ""era_gap_b1"", ""value"": -1.8101, ""contribution"": -0.0866}, {""name"": ""away_whiff_pct_rank"", ""value"": 28.0, ""contribution"": 0.0682}, {""name"": ""home_top3c_slg"", ""value"": 0.4198, ""contribution"": 0.0435}, {""name"": ""wx_is_dome"", ""value"": 0.0, ""contribution"": 0.0301}]",427197,0.5268,5.465,4.013,21.0,28.0,0.7136,0.7272,5.6,5.27,0.981,0.7683,R,R,YRFI,WIN,2,2,4,2026-05-21T02:00:23+00:00,+100,-130,DraftKings,2026-05-21T00:42:37+00:00,0.5,0.5652,-0.1159,0.0507,0.0507,Y,1,0.769,+100,-130,2026-05-21T00:37:15+00:00,0,0.3970,YRFI,STRONG,,,,,,,
2026-05-20,2026,824355,1,N,TEX,COL,3:10 PM ET,Jack Leiter,Kyle Freeland,683004,607536,live,live,live,live,1.22,0.663,0.6924,1.3555,0.6749,0.3639,1.0389,0.3841,0.6159,0.3927,0.6073,,,YRFI,STRONG,STRONG YRFI,4,2026-05-20T17:56:18Z,4.13,5.996,1.319,1.529,4.281,4.63,3.91,2.63,1.29,1.53,9.5,7.57,0.316,0.314,0.379,0.392,4.04,4.273,10.1,10.0,84.0,0.0,0.6,0.8,0.7,0.6,0.3414,0.3366,0.503,0.4133,0.2229,0.1513,lineup,lineup,"[{""id"": 664983, ""name"": ""Jake McCarthy"", ""bats"": ""L"", ""obp"": 0.34579439252336447, ""slg"": 0.4639175257731959, ""iso"": 0.17525773195876293, ""ab"": 97}, {""id"": 696100, ""name"": ""Hunter Goodman"", ""bats"": ""R"", ""obp"": 0.30434782608695654, ""slg"": 0.48520710059171596, ""iso"": 0.24260355029585798, ""ab"": 169}, {""id"": 671289, ""name"": ""Tyler Freeman"", ""bats"": ""R"", ""obp"": 0.33, ""slg"": 0.34444444444444444, ""iso"": 0.0888888888888889, ""ab"": 90}]","[{""id"": 592626, ""name"": ""Joc Pederson"", ""bats"": ""L"", ""obp"": 0.35555555555555557, ""slg"": 0.35454545454545455, ""iso"": 0.1181818181818182, ""ab"": 110}, {""id"": 679822, ""name"": ""Justin Foscue"", ""bats"": ""R"", ""obp"": 0.3125, ""slg"": 0.5862068965517241, ""iso"": 0.31034482758620685, ""ab"": 29}, {""id"": 696030, ""name"": ""Alejandro Osuna"", ""bats"": ""L"", ""obp"": 0.3939393939393939, ""slg"": 0.25, ""iso"": 0.019230769230769218, ""ab"": 52}]","[{""name"": ""away_top3_ops_vs_oppHand"", ""value"": 1.2123, ""contribution"": 0.6873}, {""name"": ""away_top3c_iso"", ""value"": 0.1513, ""contribution"": -0.2037}, {""name"": ""away_top3c_slg"", ""value"": 0.4133, ""contribution"": 0.1949}, {""name"": ""era_gap_t1"", ""value"": 1.8657, ""contribution"": 0.1147}, {""name"": ""fi_park_nrfi_rate"", ""value"": 0.4241, ""contribution"": 0.1048}]","[{""name"": ""fi_park_nrfi_rate"", ""value"": 0.4241, ""contribution"": 0.177}, {""name"": ""home_top3c_slg"", ""value"": 0.503, ""contribution"": -0.1301}, {""name"": ""home_top3c_iso"", ""value"": 0.2229, ""contribution"": 0.0964}, {""name"": ""era_gap_b1"", ""value"": -1.8657, ""contribution"": -0.0892}, {""name"": ""home_top3_ops_vs_oppHand"", ""value"": 0.841, ""contribution"": 0.0769}]",427554,0.4835,4.924,4.677,24.0,55.0,0.6487,0.6796,4.87,5.87,1.2123,0.841,R,L,YRFI,WIN,0,1,1,2026-05-20T19:24:24+00:00,-115,-115,DraftKings,2026-05-20T18:19:39+00:00,0.5349,0.5349,-0.1508,0.081,0.081,Y,1,0.87,-115,-115,2026-05-20T18:08:54+00:00,0,0.4588,PASS,NO EDGE,,,,,,,
2026-05-20,2026,823462,1,N,CIN,PHI,1:05 PM ET,Andrew Abbott,Aaron Nola,671096,605400,live,live,live,live,1.04,0.5827,0.5674,1.1501,0.4675,0.3383,0.8059,0.4296,0.5704,0.3193,0.6807,,,PASS,LOW LAMBDA,PASS - Low lambda,4,2026-05-20T17:03:45Z,3.622,5.771,1.346,1.447,4.281,4.738,3.3,3.18,1.04,1.71,7.0,9.16,0.312,0.304,0.393,0.396,4.367,4.258,25.6,18.9,77.0,0.0,0.8,0.8,0.8,0.6,0.3121,0.3518,0.4059,0.4841,0.1664,0.2205,lineup,lineup,"[{""id"": 607208, ""name"": ""Trea Turner"", ""bats"": ""R"", ""obp"": 0.2850467289719626, ""slg"": 0.35678391959798994, ""iso"": 0.12060301507537688, ""ab"": 199}, {""id"": 666969, ""name"": ""Adolis Garc\u00eda"", ""bats"": ""R"", ""obp"": 0.2849740932642487, ""slg"": 0.32748538011695905, ""iso"": 0.11695906432748537, ""ab"": 171}, {""id"": 547180, ""name"": ""Bryce Harper"", ""bats"": ""L"", ""obp"": 0.36585365853658536, ""slg"": 0.536723163841808, ""iso"": 0.26553672316384186, ""ab"": 177}]","[{""id"": 680574, ""name"": ""Matt McLain"", ""bats"": ""R"", ""obp"": 0.3165829145728643, ""slg"": 0.35260115606936415, ""iso"": 0.13872832369942195, ""ab"": 173}, {""id"": 682829, ""name"": ""Elly De La Cruz"", ""bats"": ""S"", ""obp"": 0.3640552995391705, ""slg"": 0.5384615384615384, ""iso"": 0.241025641025641, ""ab"": 195}, {""id"": 668709, ""name"": ""JJ Bleday"", ""bats"": ""L"", ""obp"": 0.40229885057471265, ""slg"": 0.6527777777777778, ""iso"": 0.3611111111111111, ""ab"": 72}]","[{""name"": ""away_top3c_iso"", ""value"": 0.2205, ""contribution"": 0.3206}, {""name"": ""away_top3c_slg"", ""value"": 0.4841, ""contribution"": -0.2989}, {""name"": ""away_top3_ops_vs_oppHand"", ""value"": 0.8883, ""contribution"": 0.1937}, {""name"": ""era_gap_t1"", ""value"": 2.1489, ""contribution"": 0.1321}, {""name"": ""wx_humidity"", ""value"": 77.0, ""contribution"": -0.0761}]","[{""name"": ""era_gap_b1"", ""value"": -2.1489, ""contribution"": -0.1028}, {""name"": ""home_top3c_slg"", ""value"": 0.4059, ""contribution"": 0.0726}, {""name"": ""home_top3_ops_vs_oppHand"", ""value"": 0.6857, ""contribution"": -0.0699}, {""name"": ""fi_park_nrfi_rate"", ""value"": 0.473, ""contribution"": 0.0599}, {""name"": ""home_obp"", ""value"": 0.3037, ""contribution"": -0.044}]",596809,0.5038,4.083,3.784,59.0,43.0,0.7396,0.7272,4.67,5.33,0.8883,0.6857,L,R,YRFI,PASS,0,1,1,2026-05-20T17:24:54+00:00,-105,-125,DraftKings,2026-05-20T17:21:57+00:00,0.5122,0.5556,-0.0826,0.0148,0.0603,N,1,,-105,-125,2026-05-20T17:03:07+00:00,0,0.4658,PASS,NO EDGE,,,,,,,
2026-05-20,2026,823299,1,N,LAD,SD,8:40 PM ET,Shohei Ohtani,Randy Vásquez,660271,681190,ltd,live,live,live,0.95,0.4695,0.3288,0.7984,0.4106,0.2504,0.661,0.4901,0.5099,0.1906,0.8094,,,PASS,NO EDGE,PASS - No edge,4,2026-05-21T00:34:11Z,2.173,3.195,0.988,1.203,2.784,3.934,2.35,2.86,0.67,0.88,10.11,6.83,0.336,0.299,0.424,0.379,5.008,4.246,25.8,13.2,46.0,0.0,0.8,1.0,0.9,1.0,0.3224,0.3533,0.4286,0.4455,0.1678,0.1931,lineup,lineup,"[{""id"": 665487, ""name"": ""Fernando Tatis Jr."", ""bats"": ""R"", ""obp"": 0.30845771144278605, ""slg"": 0.2768361581920904, ""iso"": 0.03954802259887005, ""ab"": 177}, {""id"": 609280, ""name"": ""Miguel Andujar"", ""bats"": ""R"", ""obp"": 0.3237410071942446, ""slg"": 0.5223880597014925, ""iso"": 0.22388059701492535, ""ab"": 134}, {""id"": 657757, ""name"": ""Gavin Sheets"", ""bats"": ""L"", ""obp"": 0.3401360544217687, ""slg"": 0.5384615384615384, ""iso"": 0.2846153846153846, ""ab"": 130}]","[{""id"": 660271, ""name"": ""Shohei Ohtani"", ""bats"": ""L"", ""obp"": 0.39903846153846156, ""slg"": 0.47337278106508873, ""iso"": 0.2011834319526627, ""ab"": 169}, {""id"": 605141, ""name"": ""Mookie Betts"", ""bats"": ""R"", ""obp"": 0.23809523809523808, ""slg"": 0.39655172413793105, ""iso"": 0.22413793103448276, ""ab"": 58}, {""id"": 518692, ""name"": ""Freddie Freeman"", ""bats"": ""L"", ""obp"": 0.3417085427135678, ""slg"": 0.4350282485875706, ""iso"": 0.1751412429378531, ""ab"": 177}]","[{""name"": ""away_top3c_iso"", ""value"": 0.1931, ""contribution"": 0.113}, {""name"": ""home_whiff_pct_rank"", ""value"": 7.0, ""contribution"": 0.073}, {""name"": ""away_top3c_obp"", ""value"": 0.3533, ""contribution"": 0.0665}, {""name"": ""era_gap_t1"", ""value"": 1.0222, ""contribution"": 0.0629}, {""name"": ""fi_park_nrfi_rate"", ""value"": 0.5409, ""contribution"": -0.0609}]","[{""name"": ""away_whiff_pct_rank"", ""value"": 85.0, ""contribution"": -0.1075}, {""name"": ""fi_park_nrfi_rate"", ""value"": 0.5409, ""contribution"": -0.103}, {""name"": ""home_obp"", ""value"": 0.2992, ""contribution"": -0.0601}, {""name"": ""away_p_last10_pitcher_nrfi"", ""value"": 1.0, ""contribution"": -0.0523}, {""name"": ""away_avg_ip_per_start"", ""value"": 6.4, ""contribution"": -0.0509}]",427129,0.4611,5.245,1.714,7.0,85.0,0.7272,0.6942,5.73,6.4,0.7853,0.7943,R,R,YRFI,PASS,1,0,1,2026-05-21T00:57:13+00:00,-150,+115,DraftKings,2026-05-21T01:03:56+00:00,0.6,0.4651,-0.1099,0.0448,-0.0288,N,1,,-150,+115,2026-05-21T00:37:15+00:00,0,0.4595,PASS,NO EDGE,,,,,,,
2026-05-20,2026,823866,1,N,ATL,MIA,6:40 PM ET,Chris Sale,Janson Junk,519242,676083,live,live,live,live,0.95,0.4336,0.3575,0.791,0.4161,0.2917,0.7078,0.4854,0.5146,0.188,0.812,,,PASS,NO EDGE,PASS - No edge,4,2026-05-20T22:33:40Z,2.221,4.153,0.977,1.2,2.84,3.702,2.29,1.84,0.9,0.91,11.06,6.59,0.325,0.323,0.431,0.386,5.086,4.445,,,,1.0,0.6,1.0,0.6,0.8,0.3691,0.3513,0.4493,0.5021,0.1454,0.2248,lineup,lineup,"[{""id"": 669364, ""name"": ""Xavier Edwards"", ""bats"": ""S"", ""obp"": 0.40096618357487923, ""slg"": 0.4945054945054945, ""iso"": 0.17582417582417587, ""ab"": 182}, {""id"": 672640, ""name"": ""Otto Lopez"", ""bats"": ""R"", ""obp"": 0.37745098039215685, ""slg"": 0.4973821989528796, ""iso"": 0.15183246073298434, ""ab"": 191}, {""id"": 681715, ""name"": ""Heriberto Hern\u00e1ndez"", ""bats"": ""R"", ""obp"": 0.27956989247311825, ""slg"": 0.2345679012345679, ""iso"": 0.06172839506172839, ""ab"": 81}]","[{""id"": 642201, ""name"": ""Eli White"", ""bats"": ""R"", ""obp"": 0.25806451612903225, ""slg"": 0.3898305084745763, ""iso"": 0.15254237288135594, ""ab"": 59}, {""id"": 671739, ""name"": ""Michael Harris II"", ""bats"": ""L"", ""obp"": 0.3192771084337349, ""slg"": 0.4936708860759494, ""iso"": 0.20253164556962028, ""ab"": 158}, {""id"": 621566, ""name"": ""Matt Olson"", ""bats"": ""L"", ""obp"": 0.3644859813084112, ""slg"": 0.5935828877005348, ""iso"": 0.31016042780748665, ""ab"": 187}]","[{""name"": ""away_top3c_slg"", ""value"": 0.5021, ""contribution"": -0.4245}, {""name"": ""away_top3c_iso"", ""value"": 0.2248, ""contribution"": 0.3534}, {""name"": ""away_top3_ops_vs_oppHand"", ""value"": 0.905, ""contribution"": 0.2191}, {""name"": ""era_gap_t1"", ""value"": 1.9323, ""contribution"": 0.1188}, {""name"": ""home_whiff_pct_rank"", ""value"": 3.0, ""contribution"": 0.0798}]","[{""name"": ""home_top3_ops_vs_oppHand"", ""value"": 0.9187, ""contribution"": 0.1504}, {""name"": ""away_whiff_pct_rank"", ""value"": 85.0, ""contribution"": -0.1075}, {""name"": ""fi_park_nrfi_rate"", ""value"": 0.455, ""contribution"": 0.1029}, {""name"": ""era_gap_b1"", ""value"": -1.9323, ""contribution"": -0.0924}, {""name"": ""wx_is_dome"", ""value"": 1.0, ""contribution"": -0.0866}]",483561,0.5039,4.264,2.52,3.0,85.0,0.7272,0.6796,5.6,6.6,0.905,0.9187,L,R,YRFI,PASS,0,1,1,2026-05-20T22:58:51+00:00,-140,+110,DraftKings,2026-05-20T22:57:58+00:00,0.5833,0.4762,-0.0979,0.0384,,N,,,-140,+110,2026-05-20T22:36:42+00:00,,0.5651,NRFI,STRONG,,,,,,,
2026-05-20,2026,825084,1,N,SF,ARI,3:40 PM ET,Tyler Mahle,Merrill Kelly,641816,518876,live,live,live,live,1.0,0.5275,0.6037,1.1312,0.2051,0.357,0.5622,0.5937,0.4063,0.3124,0.6876,,,NRFI,STRONG,STRONG NRFI,4,2026-05-20T18:14:41Z,4.268,4.637,1.377,1.314,4.405,4.867,3.58,3.42,1.27,1.44,8.45,7.13,0.298,0.312,0.385,0.404,3.711,4.556,,,,1.0,0.6,0.8,0.6,0.6,0.3237,0.3397,0.4236,0.4499,0.1629,0.1519,lineup,lineup,"[{""id"": 606466, ""name"": ""Ketel Marte"", ""bats"": ""S"", ""obp"": 0.2736842105263158, ""slg"": 0.3806818181818182, ""iso"": 0.1590909090909091, ""ab"": 176}, {""id"": 545121, ""name"": ""Ildemaro Vargas"", ""bats"": ""S"", ""obp"": 0.3592814371257485, ""slg"": 0.5432098765432098, ""iso"": 0.20370370370370366, ""ab"": 162}, {""id"": 672695, ""name"": ""Geraldo Perdomo"", ""bats"": ""S"", ""obp"": 0.3423913043478261, ""slg"": 0.3464052287581699, ""iso"": 0.12418300653594772, ""ab"": 153}]","[{""id"": 683679, ""name"": ""Jesus Rodriguez"", ""bats"": ""R"", ""obp"": 0.25, ""slg"": 0.3, ""iso"": 0.09999999999999998, ""ab"": 30}, {""id"": 650333, ""name"": ""Luis Arraez"", ""bats"": ""L"", ""obp"": 0.3604060913705584, ""slg"": 0.425414364640884, ""iso"": 0.10497237569060774, ""ab"": 181}, {""id"": 669477, ""name"": ""Casey Schmitt"", ""bats"": ""R"", ""obp"": 0.3393939393939394, ""slg"": 0.5163398692810458, ""iso"": 0.22222222222222227, ""ab"": 153}]","[{""name"": ""away_top3_ops_vs_oppHand"", ""value"": 0.5467, ""contribution"": -0.3267}, {""name"": ""away_top3c_iso"", ""value"": 0.1519, ""contribution"": -0.1994}, {""name"": ""fi_park_nrfi_rate"", ""value"": 0.4239, ""contribution"": 0.1051}, {""name"": ""home_fip"", ""value"": 4.8671, ""contribution"": 0.0856}, {""name"": ""away_top3c_slg"", ""value"": 0.4499, ""contribution"": -0.0602}]","[{""name"": ""fi_park_nrfi_rate"", ""value"": 0.4239, ""contribution"": 0.1776}, {""name"": ""wx_is_dome"", ""value"": 1.0, ""contribution"": -0.0866}, {""name"": ""home_top3_ops_vs_oppHand"", ""value"": 0.7117, ""contribution"": -0.0453}, {""name"": ""away_whiff_pct_rank"", ""value"": 38.0, ""contribution"": 0.0374}, {""name"": ""home_top3c_slg"", ""value"": 0.4236, ""contribution"": 0.0355}]",665281,0.5305,4.616,4.327,52.0,38.0,0.6862,0.7396,5.93,5.6,0.5467,0.7117,R,R,YRFI,LOSS,1,1,2,2026-05-20T19:53:56+00:00,-130,+100,DraftKings,2026-05-20T18:43:51+00:00,0.5652,0.5,0.0285,-0.0937,0.0285,Y,1,-1,-130,+100,2026-05-20T18:38:19+00:00,0,0.4877,PASS,NO EDGE,,,,,,,
2026-05-20,2026,823547,1,N,TOR,NYY,7:05 PM ET,Trey Yesavage,Cam Schlittler,702056,693645,sm,live,live,live,1.02,0.3228,0.524,0.8468,0.2338,0.5354,0.7692,0.4349,0.5651,0.2081,0.7919,,,PASS,LOW LAMBDA,PASS - Low lambda,4,2026-05-20T23:03:52Z,3.275,2.184,1.27,0.962,3.562,2.704,3.2,2.38,0.82,0.61,9.12,10.01,0.308,0.329,0.38,0.427,4.214,4.945,29.9,18.2,52.0,0.0,1.0,0.8,0.9,0.7143,0.3905,0.3378,0.5714,0.3831,0.2956,0.1247,lineup,lineup,"[{""id"": 700250, ""name"": ""Ben Rice"", ""bats"": ""L"", ""obp"": 0.3967391304347826, ""slg"": 0.6709677419354839, ""iso"": 0.37419354838709684, ""ab"": 155}, {""id"": 592450, ""name"": ""Aaron Judge"", ""bats"": ""R"", ""obp"": 0.3953488372093023, ""slg"": 0.5795454545454546, ""iso"": 0.31818181818181823, ""ab"": 176}, {""id"": 641355, ""name"": ""Cody Bellinger"", ""bats"": ""L"", ""obp"": 0.3798076923076923, ""slg"": 0.47398843930635837, ""iso"": 0.2023121387283237, ""ab"": 173}]","[{""id"": 543807, ""name"": ""George Springer"", ""bats"": ""R"", ""obp"": 0.27419354838709675, ""slg"": 0.32142857142857145, ""iso"": 0.12500000000000003, ""ab"": 112}, {""id"": 665489, ""name"": ""Vladimir Guerrero Jr."", ""bats"": ""R"", ""obp"": 0.3694581280788177, ""slg"": 0.37142857142857144, ""iso"": 0.09142857142857141, ""ab"": 175}, {""id"": 662139, ""name"": ""Daulton Varsho"", ""bats"": ""L"", ""obp"": 0.3463687150837989, ""slg"": 0.4382716049382716, ""iso"": 0.16049382716049382, ""ab"": 162}]","[{""name"": ""away_top3c_slg"", ""value"": 0.3831, ""contribution"": 0.4056}, {""name"": ""away_top3c_iso"", ""value"": 0.1247, ""contribution"": -0.4051}, {""name"": ""away_top3_ops_vs_oppHand"", ""value"": 0.6623, ""contribution"": -0.1505}, {""name"": ""home_fip"", ""value"": 2.7039, ""contribution"": -0.1373}, {""name"": ""home_avg_ip_per_start"", ""value"": 6.4667, ""contribution"": -0.0822}]","[{""name"": ""home_top3c_slg"", ""value"": 0.5714, ""contribution"": -0.2729}, {""name"": ""home_top3c_iso"", ""value"": 0.2956, ""contribution"": 0.2519}, {""name"": ""home_top3_ops_vs_oppHand"", ""value"": 0.97, ""contribution"": 0.1989}, {""name"": ""fi_park_nrfi_rate"", ""value"": 0.4526, ""contribution"": 0.1088}, {""name"": ""era_gap_b1"", ""value"": 1.0912, ""contribution"": 0.0521}]",665576,0.4578,3.568,2.939,56.0,50.0,0.6487,0.7136,6.47,4.87,0.6623,0.97,R,R,NRFI,PASS,0,0,0,2026-05-21T01:27:56+00:00,-145,+110,DraftKings,2026-05-21T01:28:22+00:00,0.5918,0.4762,-0.1569,0.0889,0.1159,N,1,,-130,+100,2026-05-20T23:03:16+00:00,0,0.4589,PASS,NO EDGE,,,,,,,
2026-05-20,2026,824678,1,N,MIL,CHC,7:40 PM ET,Kyle Harrison,Edward Cabrera,690986,665795,ltd,live,live,live,1.0,0.5339,0.4917,1.0256,0.3426,0.3215,0.6642,0.4901,0.5099,0.2737,0.7263,,,PASS,NO EDGE,PASS - No edge,4,2026-05-20T23:34:06Z,3.133,3.827,1.243,1.275,3.416,4.185,3.09,3.16,0.94,1.28,10.14,8.78,0.33,0.335,0.376,0.403,4.91,4.898,11.8,20.1,64.0,0.0,1.0,0.8,1.0,0.8,0.3471,0.3782,0.3911,0.4369,0.1464,0.1465,lineup,lineup,"[{""id"": 663538, ""name"": ""Nico Hoerner"", ""bats"": ""R"", ""obp"": 0.34977578475336324, ""slg"": 0.38860103626943004, ""iso"": 0.12435233160621761, ""ab"": 193}, {""id"": 608324, ""name"": ""Alex Bregman"", ""bats"": ""R"", ""obp"": 0.3333333333333333, ""slg"": 0.35233160621761656, ""iso"": 0.10362694300518133, ""ab"": 193}, {""id"": 664023, ""name"": ""Ian Happ"", ""bats"": ""S"", ""obp"": 0.3584905660377358, ""slg"": 0.4367816091954023, ""iso"": 0.21839080459770116, ""ab"": 174}]","[{""id"": 694192, ""name"": ""Jackson Chourio"", ""bats"": ""R"", ""obp"": 0.3387096774193548, ""slg"": 0.4406779661016949, ""iso"": 0.13559322033898302, ""ab"": 59}, {""id"": 668930, ""name"": ""Brice Turang"", ""bats"": ""L"", ""obp"": 0.413265306122449, ""slg"": 0.4968944099378882, ""iso"": 0.20496894409937888, ""ab"": 161}, {""id"": 661388, ""name"": ""William Contreras"", ""bats"": ""R"", ""obp"": 0.3553299492385787, ""slg"": 0.3806818181818182, ""iso"": 0.09659090909090906, ""ab"": 176}]","[{""name"": ""away_top3c_iso"", ""value"": 0.1465, ""contribution"": -0.2403}, {""name"": ""away_top3c_obp"", ""value"": 0.3782, ""contribution"": 0.1785}, {""name"": ""away_top3_ops_vs_oppHand"", ""value"": 0.8743, ""contribution"": 0.1724}, {""name"": ""fi_park_nrfi_rate"", ""value"": 0.5429, ""contribution"": -0.0637}, {""name"": ""home_p_last5_pitcher_nrfi"", ""value"": 1.0, ""contribution"": 0.0494}]","[{""name"": ""fi_park_nrfi_rate"", ""value"": 0.5429, ""contribution"": -0.1077}, {""name"": ""home_top3c_slg"", ""value"": 0.3911, ""contribution"": 0.1034}, {""name"": ""away_whiff_pct_rank"", ""value"": 74.0, ""contribution"": -0.0736}, {""name"": ""home_obp"", ""value"": 0.3351, ""contribution"": 0.0682}, {""name"": ""home_top3c_iso"", ""value"": 0.1464, ""contribution"": -0.0669}]",605673,0.4897,4.053,4.038,76.0,74.0,0.7272,0.7136,5.67,4.8,0.8743,0.7347,L,R,NRFI,PASS,0,0,0,2026-05-20T23:53:43+00:00,-165,+130,DraftKings,2026-05-20T23:58:44+00:00,0.6226,0.4348,-0.1325,0.0751,,N,,,-165,+130,2026-05-20T23:37:27+00:00,,0.4877,PASS,NO EDGE,,,,,,,
2026-05-20,2026,823057,1,N,PIT,STL,7:45 PM ET,Carmen Mlodzinski,Michael McGreevy,669387,700241,live,live,live,live,0.97,0.4326,0.4344,0.867,0.3551,0.3894,0.7445,0.4536,0.5464,0.2154,0.7846,,,PASS,LOW LAMBDA,PASS - Low lambda,4,2026-05-20T23:34:06Z,4.051,3.096,1.371,1.043,3.194,4.109,2.89,2.01,0.59,1.1,8.41,6.26,0.33,0.321,0.391,0.396,4.802,4.589,18.3,9.6,77.0,0.0,0.8,0.8,0.7,0.9,0.3672,0.3697,0.4331,0.4315,0.1714,0.1595,lineup,lineup,"[{""id"": 802139, ""name"": ""JJ Wetherholt"", ""bats"": ""L"", ""obp"": 0.3615023474178404, ""slg"": 0.42045454545454547, ""iso"": 0.18181818181818182, ""ab"": 176}, {""id"": 671056, ""name"": ""Iv\u00e1n Herrera"", ""bats"": ""R"", ""obp"": 0.39069767441860465, ""slg"": 0.41714285714285715, ""iso"": 0.1542857142857143, ""ab"": 175}, {""id"": 650968, ""name"": ""Yohel Pozo"", ""bats"": ""R"", ""obp"": 0.25925925925925924, ""slg"": 0.2962962962962963, ""iso"": 0.037037037037037035, ""ab"": 27}]","[{""id"": 693304, ""name"": ""Nick Gonzales"", ""bats"": ""R"", ""obp"": 0.37790697674418605, ""slg"": 0.358974358974359, ""iso"": 0.04487179487179488, ""ab"": 156}, {""id"": 664040, ""name"": ""Brandon Lowe"", ""bats"": ""L"", ""obp"": 0.34574468085106386, ""slg"": 0.5460122699386503, ""iso"": 0.29447852760736193, ""ab"": 163}, {""id"": 695257, ""name"": ""Billy Cook"", ""bats"": ""R"", ""obp"": 0.19047619047619047, ""slg"": 0.19047619047619047, ""iso"": 0.0, ""ab"": 21}]","[{""name"": ""away_top3_ops_vs_oppHand"", ""value"": 0.8557, ""contribution"": 0.144}, {""name"": ""away_top3c_iso"", ""value"": 0.1595, ""contribution"": -0.1414}, {""name"": ""away_top3c_obp"", ""value"": 0.3697, ""contribution"": 0.1404}, {""name"": ""home_whiff_pct_rank"", ""value"": 3.0, ""contribution"": 0.0798}, {""name"": ""wx_humidity"", ""value"": 77.0, ""contribution"": -0.0761}]","[{""name"": ""home_top3_ops_vs_oppHand"", ""value"": 0.845, ""contribution"": 0.0807}, {""name"": ""fi_park_nrfi_rate"", ""value"": 0.527, ""contribution"": -0.0697}, {""name"": ""away_whiff_pct_rank"", ""value"": 29.0, ""contribution"": 0.0651}, {""name"": ""era_gap_b1"", ""value"": 0.9551, ""contribution"": 0.0456}, {""name"": ""away_p_last10_pitcher_nrfi"", ""value"": 0.9, ""contribution"": -0.0334}]",596805,0.4819,4.913,4.064,3.0,29.0,0.6796,0.7396,5.93,5.0,0.8557,0.845,R,R,NRFI,PASS,0,0,0,2026-05-21T00:04:53+00:00,-125,-105,DraftKings,2026-05-20T23:58:44+00:00,0.5556,0.5122,-0.1066,0.0388,,N,,,-125,-105,2026-05-20T23:42:48+00:00,,0.4583,PASS,NO EDGE,,,,,,,
2026-05-20,2026,823134,1,N,CWS,SEA,4:10 PM ET,Sean Burke,Emerson Hancock,680732,676106,live,live,live,live,0.95,0.4451,0.4921,0.9372,0.3836,0.3168,0.7004,0.4901,0.5099,0.2412,0.7588,,,PASS,NO EDGE,PASS - No edge,4,2026-05-20T19:19:14Z,4.154,3.749,1.298,1.156,4.163,4.139,3.04,2.28,1.21,1.39,8.24,8.41,0.321,0.316,0.405,0.38,4.468,4.192,,,,1.0,0.8,0.8,0.8,0.6,0.3188,0.3509,0.3781,0.4615,0.129,0.2109,lineup,lineup,"[{""id"": 702284, ""name"": ""Cole Young"", ""bats"": ""L"", ""obp"": 0.3163265306122449, ""slg"": 0.3485714285714286, ""iso"": 0.1085714285714286, ""ab"": 175}, {""id"": 677594, ""name"": ""Julio Rodr\u00edguez"", ""bats"": ""R"", ""obp"": 0.3165137614678899, ""slg"": 0.41708542713567837, ""iso"": 0.1658291457286432, ""ab"": 199}, {""id"": 647304, ""name"": ""Josh Naylor"", ""bats"": ""L"", ""obp"": 0.3235294117647059, ""slg"": 0.3641304347826087, ""iso"": 0.10869565217391303, ""ab"": 184}]","[{""id"": 545341, ""name"": ""Randal Grichuk"", ""bats"": ""R"", ""obp"": 0.2545454545454545, ""slg"": 0.4807692307692308, ""iso"": 0.25, ""ab"": 52}, {""id"": 808959, ""name"": ""Munetaka Murakami"", ""bats"": ""L"", ""obp"": 0.38164251207729466, ""slg"": 0.5568862275449101, ""iso"": 0.3173652694610778, ""ab"": 167}, {""id"": 656537, ""name"": ""Derek Hill"", ""bats"": ""R"", ""obp"": 0.3157894736842105, ""slg"": 0.4117647058823529, ""iso"": 0.1764705882352941, ""ab"": 51}]","[{""name"": ""away_top3c_iso"", ""value"": 0.2109, ""contribution"": 0.2483}, {""name"": ""away_top3c_slg"", ""value"": 0.4615, ""contribution"": -0.1416}, {""name"": ""away_top3_ops_vs_oppHand"", ""value"": 0.8453, ""contribution"": 0.1282}, {""name"": ""wx_is_dome"", ""value"": 1.0, ""contribution"": -0.0562}, {""name"": ""away_top3c_obp"", ""value"": 0.3509, ""contribution"": 0.0559}]","[{""name"": ""home_top3c_slg"", ""value"": 0.3781, ""contribution"": 0.1304}, {""name"": ""home_top3c_iso"", ""value"": 0.129, ""contribution"": -0.1041}, {""name"": ""wx_is_dome"", ""value"": 1.0, ""contribution"": -0.0866}, {""name"": ""home_top3_ops_vs_oppHand"", ""value"": 0.694, ""contribution"": -0.062}, {""name"": ""away_whiff_pct_rank"", ""value"": 35.0, ""contribution"": 0.0466}]",483912,0.5511,5.231,4.644,18.0,35.0,0.7136,0.7136,6.0,5.2,0.8453,0.694,R,R,NRFI,PASS,0,0,0,2026-05-20T20:22:01+00:00,-140,+110,DraftKings,2026-05-20T20:17:36+00:00,0.5833,0.4762,-0.0932,0.0337,,N,,,-140,+110,2026-05-20T20:06:56+00:00,,0.4577,PASS,NO EDGE,,,,,,,
2026-05-20,2026,824111,1,N,BOS,KC,7:40 PM ET,Connelly Early,Michael Wacha,813349,608379,ltd,live,live,live,0.96,0.3913,0.4978,0.8892,0.2615,0.3419,0.6034,0.537,0.463,0.2236,0.7764,,,NRFI,LEAN,LEAN NRFI,4,2026-05-20T22:33:40Z,3.65,3.254,1.228,1.085,4.292,3.942,3.2,2.64,1.28,0.97,8.66,7.07,0.314,0.316,0.373,0.387,3.881,4.039,18.1,12.2,54.0,0.0,0.8,0.6,0.9,0.7,0.3178,0.3244,0.4064,0.3811,0.1515,0.1339,lineup,lineup,"[{""id"": 672580, ""name"": ""Maikel Garcia"", ""bats"": ""R"", ""obp"": 0.3269230769230769, ""slg"": 0.39037433155080214, ""iso"": 0.12834224598930483, ""ab"": 187}, {""id"": 677951, ""name"": ""Bobby Witt Jr."", ""bats"": ""R"", ""obp"": 0.37155963302752293, ""slg"": 0.48186528497409326, ""iso"": 0.18134715025906734, ""ab"": 193}, {""id"": 686681, ""name"": ""Michael Massey"", ""bats"": ""L"", ""obp"": 0.23711340206185566, ""slg"": 0.40217391304347827, ""iso"": 0.1847826086956522, ""ab"": 92}]","[{""id"": 680776, ""name"": ""Jarren Duran"", ""bats"": ""L"", ""obp"": 0.2620320855614973, ""slg"": 0.33136094674556216, ""iso"": 0.14201183431952666, ""ab"": 169}, {""id"": 807799, ""name"": ""Masataka Yoshida"", ""bats"": ""L"", ""obp"": 0.36363636363636365, ""slg"": 0.34523809523809523, ""iso"": 0.08333333333333331, ""ab"": 84}, {""id"": 677800, ""name"": ""Wilyer Abreu"", ""bats"": ""L"", ""obp"": 0.36318407960199006, ""slg"": 0.4444444444444444, ""iso"": 0.14999999999999997, ""ab"": 180}]","[{""name"": ""away_top3c_slg"", ""value"": 0.3811, ""contribution"": 0.4196}, {""name"": ""away_top3c_iso"", ""value"": 0.1339, ""contribution"": -0.3352}, {""name"": ""away_top3_ops_vs_oppHand"", ""value"": 0.69, ""contribution"": -0.1084}, {""name"": ""fi_park_nrfi_rate"", ""value"": 0.5614, ""contribution"": -0.09}, {""name"": ""away_top3c_obp"", ""value"": 0.3244, ""contribution"": -0.0633}]","[{""name"": ""home_top3_ops_vs_oppHand"", ""value"": 0.9453, ""contribution"": 0.1756}, {""name"": ""fi_park_nrfi_rate"", ""value"": 0.5614, ""contribution"": -0.1521}, {""name"": ""away_whiff_pct_rank"", ""value"": 82.0, ""contribution"": -0.0982}, {""name"": ""home_top3c_slg"", ""value"": 0.4064, ""contribution"": 0.0714}, {""name"": ""home_top3c_iso"", ""value"": 0.1515, ""contribution"": -0.0561}]",623938,0.4993,4.274,3.778,40.0,82.0,0.6942,0.7136,6.07,5.6,0.69,0.9453,L,R,YRFI,LOSS,0,1,1,2026-05-20T23:52:12+00:00,-140,+110,DraftKings,2026-05-20T23:58:44+00:00,0.5833,0.4762,-0.0463,-0.0132,-0.0463,N,0.5,0,-140,+110,2026-05-20T22:36:42+00:00,0,0.6370,NRFI,STRONG,,,,,,,
2026-05-20,2026,823703,1,N,HOU,MIN,1:40 PM ET,Mike Burrows,Joe Ryan,681347,657746,live,live,live,live,0.97,0.3746,0.5743,0.9489,0.2985,0.3648,0.6632,0.4901,0.5099,0.2454,0.7546,,,PASS,NO EDGE,PASS - No edge,4,2026-05-20T17:03:45Z,4.95,3.298,1.403,1.023,4.553,3.149,2.99,2.31,1.54,0.91,8.6,9.72,0.322,0.321,0.409,0.391,4.377,4.586,15.9,7.7,36.0,0.0,0.6,0.8,0.7,0.6,0.3274,0.3744,0.457,0.4885,0.2053,0.2097,lineup,lineup,"[{""id"": 621439, ""name"": ""Byron Buxton"", ""bats"": ""R"", ""obp"": 0.32105263157894737, ""slg"": 0.5862068965517241, ""iso"": 0.32183908045977005, ""ab"": 174}, {""id"": 663616, ""name"": ""Trevor Larnach"", ""bats"": ""L"", ""obp"": 0.3816793893129771, ""slg"": 0.3853211009174312, ""iso"": 0.12844036697247707, ""ab"": 109}, {""id"": 668885, ""name"": ""Austin Martin"", ""bats"": ""R"", ""obp"": 0.41333333333333333, ""slg"": 0.37398373983739835, ""iso"": 0.08130081300813008, ""ab"": 123}]","[{""id"": 665161, ""name"": ""Jeremy Pe\u00f1a"", ""bats"": ""R"", ""obp"": 0.3090909090909091, ""slg"": 0.34, ""iso"": 0.08000000000000002, ""ab"": 50}, {""id"": 670623, ""name"": ""Isaac Paredes"", ""bats"": ""R"", ""obp"": 0.34065934065934067, ""slg"": 0.3875, ""iso"": 0.1375, ""ab"": 160}, {""id"": 670541, ""name"": ""Yordan Alvarez"", ""bats"": ""L"", ""obp"": 0.41935483870967744, ""slg"": 0.6187845303867403, ""iso"": 0.30939226519337015, ""ab"": 181}]","[{""name"": ""away_top3c_slg"", ""value"": 0.4885, ""contribution"": -0.3296}, {""name"": ""away_top3c_iso"", ""value"": 0.2097, ""contribution"": 0.2392}, {""name"": ""away_top3c_obp"", ""value"": 0.3744, ""contribution"": 0.1617}, {""name"": ""era_gap_t1"", ""value"": -1.6526, ""contribution"": -0.1014}, {""name"": ""home_fip"", ""value"": 3.1488, ""contribution"": -0.0915}]","[{""name"": ""fi_park_nrfi_rate"", ""value"": 0.5348, ""contribution"": -0.0883}, {""name"": ""era_gap_b1"", ""value"": 1.6526, ""contribution"": 0.0789}, {""name"": ""home_top3c_iso"", ""value"": 0.2053, ""contribution"": 0.0589}, {""name"": ""home_top3_ops_vs_oppHand"", ""value"": 0.8193, ""contribution"": 0.0565}, {""name"": ""home_top3c_slg"", ""value"": 0.457, ""contribution"": -0.0341}]",573597,0.4761,3.262,4.153,62.0,61.0,0.7272,0.7272,4.67,5.67,0.787,0.8193,R,R,NRFI,PASS,0,0,0,2026-05-20T17:56:55+00:00,-140,+110,DraftKings,2026-05-20T18:05:31+00:00,0.5833,0.4762,-0.0932,0.0337,,N,,,-140,+110,2026-05-20T17:38:04+00:00,,0.6372,NRFI,STRONG,,,,,,,
2026-05-20,2026,822735,1,N,NYM,WSH,6:45 PM ET,Zach Thornton,Zack Littell,804267,641793,avg,live,live,live,0.97,0.6062,0.5451,1.1512,0.4006,0.3983,0.7989,0.4349,0.5651,0.3197,0.6803,,,PASS,NO DATA,PASS - No data,3,2026-05-20T22:33:40Z,4.17,4.971,1.26,1.306,4.17,6.341,2.93,2.43,1.21,2.41,8.75,5.32,0.302,0.324,0.371,0.412,4.214,5.289,23.9,11.5,84.0,0.0,0.6,0.5,0.8,0.5,0.389,0.3219,0.5053,0.3903,0.2544,0.135,lineup,lineup,"[{""id"": 695578, ""name"": ""James Wood"", ""bats"": ""L"", ""obp"": 0.39914163090128757, ""slg"": 0.5343915343915344, ""iso"": 0.2751322751322752, ""ab"": 189}, {""id"": 678554, ""name"": ""Curtis Mead"", ""bats"": ""R"", ""obp"": 0.3684210526315789, ""slg"": 0.44680851063829785, ""iso"": 0.21276595744680848, ""ab"": 94}, {""id"": 671277, ""name"": ""Luis Garc\u00eda Jr."", ""bats"": ""L"", ""obp"": 0.2857142857142857, ""slg"": 0.40816326530612246, ""iso"": 0.14965986394557823, ""ab"": 147}]","[{""id"": 701807, ""name"": ""Carson Benge"", ""bats"": ""L"", ""obp"": 0.32142857142857145, ""slg"": 0.36774193548387096, ""iso"": 0.10322580645161289, ""ab"": 155}, {""id"": 666182, ""name"": ""Bo Bichette"", ""bats"": ""R"", ""obp"": 0.27699530516431925, ""slg"": 0.33163265306122447, ""iso"": 0.10714285714285712, ""ab"": 196}, {""id"": 665742, ""name"": ""Juan Soto"", ""bats"": ""L"", ""obp"": 0.3888888888888889, ""slg"": 0.5121951219512195, ""iso"": 0.21951219512195125, ""ab"": 123}]","[{""name"": ""away_top3c_slg"", ""value"": 0.3903, ""contribution"": 0.3552}, {""name"": ""away_top3c_iso"", ""value"": 0.135, ""contribution"": -0.3271}, {""name"": ""home_fip"", ""value"": 6.341, ""contribution"": 0.2375}, {""name"": ""wx_humidity"", ""value"": 84.0, ""contribution"": -0.1045}, {""name"": ""home_whiff_pct_rank"", ""value"": 3.0, ""contribution"": 0.0798}]","[{""name"": ""home_top3c_iso"", ""value"": 0.2544, ""contribution"": 0.1638}, {""name"": ""home_top3c_slg"", ""value"": 0.5053, ""contribution"": -0.1349}, {""name"": ""home_top3_ops_vs_oppHand"", ""value"": 0.6993, ""contribution"": -0.057}, {""name"": ""fi_park_nrfi_rate"", ""value"": 0.4761, ""contribution"": 0.0524}, {""name"": ""away_p_last10_pitcher_nrfi"", ""value"": 0.5, ""contribution"": 0.0422}]",545402,0.5488,4.871,4.2,3.0,50.0,0.6487,0.7136,4.73,5.0,0.7613,0.6993,L,R,YRFI,PASS,0,3,3,2026-05-20T23:00:53+00:00,+100,-135,DraftKings,2026-05-20T22:57:58+00:00,0.5,0.5745,-0.094,0.0195,,N,,,+100,-135,2026-05-20T22:42:03+00:00,,0.4521,PASS,NO EDGE,,,,,,,
2026-05-20,2026,822977,1,N,BAL,TB,1:10 PM ET,Shane Baz,Steven Matz,669358,571927,live,live,live,live,0.93,0.4378,0.5661,1.0039,0.3535,0.4036,0.757,0.4349,0.5651,0.2657,0.7343,,,PASS,LOW LAMBDA,PASS - Low lambda,4,2026-05-20T17:03:45Z,5.089,3.656,1.437,1.129,4.359,4.281,3.7,2.5,1.21,1.24,8.34,7.22,0.314,0.331,0.39,0.396,4.367,4.75,,,,1.0,0.4,0.6,0.5556,0.7,0.3504,0.3357,0.4326,0.4294,0.1594,0.1855,lineup,lineup,"[{""id"": 802415, ""name"": ""Chandler Simpson"", ""bats"": ""L"", ""obp"": 0.328125, ""slg"": 0.35, ""iso"": 0.055555555555555525, ""ab"": 180}, {""id"": 686554, ""name"": ""Oliver Dunn"", ""bats"": ""L"", ""obp"": null, ""slg"": null, ""iso"": null, ""ab"": null}, {""id"": 666018, ""name"": ""Jonathan Aranda"", ""bats"": ""L"", ""obp"": 0.36764705882352944, ""slg"": 0.44047619047619047, ""iso"": 0.17857142857142855, ""ab"": 168}]","[{""id"": 621493, ""name"": ""Taylor Ward"", ""bats"": ""R"", ""obp"": 0.4155251141552511, ""slg"": 0.38372093023255816, ""iso"": 0.12209302325581395, ""ab"": 172}, {""id"": 683002, ""name"": ""Gunnar Henderson"", ""bats"": ""L"", ""obp"": 0.2636363636363636, ""slg"": 0.4117647058823529, ""iso"": 0.20098039215686272, ""ab"": 204}, {""id"": 668939, ""name"": ""Adley Rutschman"", ""bats"": ""S"", ""obp"": 0.3230769230769231, ""slg"": 0.525, ""iso"": 0.25, ""ab"": 120}]","[{""name"": ""era_gap_t1"", ""value"": -1.4331, ""contribution"": -0.0879}, {""name"": ""fi_park_nrfi_rate"", ""value"": 0.4376, ""contribution"": 0.0856}, {""name"": ""away_top3c_slg"", ""value"": 0.4294, ""contribution"": 0.0823}, {""name"": ""home_whiff_pct_rank"", ""value"": 7.0, ""contribution"": 0.073}, {""name"": ""wx_is_dome"", ""value"": 1.0, ""contribution"": -0.0562}]","[{""name"": ""fi_park_nrfi_rate"", ""value"": 0.4376, ""contribution"": 0.1447}, {""name"": ""wx_is_dome"", ""value"": 1.0, ""contribution"": -0.0866}, {""name"": ""era_gap_b1"", ""value"": 1.4331, ""contribution"": 0.0684}, {""name"": ""home_obp"", ""value"": 0.3312, ""contribution"": 0.054}, {""name"": ""home_top3_ops_vs_oppHand"", ""value"": 0.8153, ""contribution"": 0.0527}]",521889,0.4806,3.621,3.874,7.0,59.0,0.7272,0.7136,5.27,5.87,0.7933,0.8153,R,L,NRFI,PASS,0,0,0,2026-05-20T17:28:57+00:00,-120,-105,DraftKings,2026-05-20T17:21:57+00:00,0.5455,0.5122,-0.1106,0.0529,,N,,,-120,-105,2026-05-20T17:08:30+00:00,,0.5149,PASS,NO EDGE,,,,,,,
2026-05-20,2026,824273,1,N,CLE,DET,6:40 PM ET,Tanner Bibee,TBD,676440,,live,avg,live,live,0.98,0.4863,0.5148,1.0011,0.3084,0.3193,0.6277,0.4951,0.5049,0.2646,0.7354,,,PASS,STARTER PENDING,PASS - Starter pending,3,2026-05-20T22:33:40Z,4.189,4.17,1.298,1.26,4.301,4.17,3.12,2.93,1.26,1.21,8.08,8.75,0.324,0.32,0.385,0.385,4.454,4.07,13.4,11.1,72.0,0.0,0.5,0.6,0.5,0.7,0.3492,0.3459,0.4077,0.4608,0.1352,0.2052,lineup,lineup,"[{""id"": 690993, ""name"": ""Colt Keith"", ""bats"": ""L"", ""obp"": 0.33098591549295775, ""slg"": 0.35074626865671643, ""iso"": 0.05970149253731344, ""ab"": 134}, {""id"": 805808, ""name"": ""Kevin McGonigle"", ""bats"": ""L"", ""obp"": 0.391304347826087, ""slg"": 0.4124293785310734, ""iso"": 0.12429378531073443, ""ab"": 177}, {""id"": 693307, ""name"": ""Dillon Dingler"", ""bats"": ""R"", ""obp"": 0.313953488372093, ""slg"": 0.45161290322580644, ""iso"": 0.2129032258064516, ""ab"": 155}]","[{""id"": 682657, ""name"": ""Angel Mart\u00ednez"", ""bats"": ""S"", ""obp"": 0.30864197530864196, ""slg"": 0.4966887417218543, ""iso"": 0.23178807947019864, ""ab"": 151}, {""id"": 608070, ""name"": ""Jos\u00e9 Ram\u00edrez"", ""bats"": ""S"", ""obp"": 0.3665158371040724, ""slg"": 0.4230769230769231, ""iso"": 0.18681318681318682, ""ab"": 182}, {""id"": 800050, ""name"": ""Chase DeLauter"", ""bats"": ""L"", ""obp"": 0.3544973544973545, ""slg"": 0.4695121951219512, ""iso"": 0.2012195121951219, ""ab"": 164}]","[{""name"": ""away_top3c_iso"", ""value"": 0.2052, ""contribution"": 0.2052}, {""name"": ""away_top3c_slg"", ""value"": 0.4608, ""contribution"": -0.1362}, {""name"": ""away_top3_ops_vs_oppHand"", ""value"": 0.72, ""contribution"": -0.0627}, {""name"": ""wx_humidity"", ""value"": 72.0, ""contribution"": -0.0559}, {""name"": ""fi_park_nrfi_rate"", ""value"": 0.5322, ""contribution"": -0.0485}]","[{""name"": ""home_top3c_iso"", ""value"": 0.1352, ""contribution"": -0.0909}, {""name"": ""fi_park_nrfi_rate"", ""value"": 0.5322, ""contribution"": -0.082}, {""name"": ""home_top3c_slg"", ""value"": 0.4077, ""contribution"": 0.0686}, {""name"": ""home_top3_ops_vs_oppHand"", ""value"": 0.72, ""contribution"": -0.0374}, {""name"": ""wx_is_dome"", ""value"": 0.0, ""contribution"": 0.0301}]",482608,0.452,4.2,3.633,50.0,47.0,0.7136,0.7197,5.0,5.53,0.72,0.72,R,,NRFI,PASS,0,0,0,2026-05-20T22:52:24+00:00,-150,+115,DraftKings,2026-05-20T22:57:58+00:00,0.6,0.4651,-0.1049,0.0398,,N,,,-150,+115,2026-05-20T22:36:42+00:00,,0.6297,NRFI,STRONG,,,,,,,
2026-05-21,2026,824031,1,N,OAK,LAA,9:38 PM ET,Luis Severino,José Soriano,622663,667755,live,live,live,live,0.99,0.4772,0.5826,1.0598,0.3942,0.4991,0.8932,0.3841,0.6159,0.2862,0.7138,,,YRFI,STRONG,STRONG YRFI,4,2026-05-22T00:33:20Z,4.488,3.156,1.455,1.203,4.325,3.526,4.14,4.03,1.05,0.71,8.08,9.34,0.326,0.313,0.402,0.383,4.508,4.1,25.1,14.8,48.0,0.0,0.4,0.6,0.6,0.6,0.3462,0.4171,0.4142,0.5368,0.1807,0.2251,lineup,lineup,"[{""id"": 687263, ""name"": ""Zach Neto"", ""bats"": ""R"", ""obp"": 0.33043478260869563, ""slg"": 0.4030612244897959, ""iso"": 0.1836734693877551, ""ab"": 196}, {""id"": 545361, ""name"": ""Mike Trout"", ""bats"": ""R"", ""obp"": 0.39819004524886875, ""slg"": 0.4797687861271676, ""iso"": 0.24855491329479767, ""ab"": 173}, {""id"": 694384, ""name"": ""Nolan Schanuel"", ""bats"": ""L"", ""obp"": 0.30612244897959184, ""slg"": 0.36312849162011174, ""iso"": 0.11173184357541899, ""ab"": 179}]","[{""id"": 666126, ""name"": ""Carlos Cortes"", ""bats"": ""L"", ""obp"": 0.424, ""slg"": 0.5504587155963303, ""iso"": 0.2018348623853211, ""ab"": 109}, {""id"": 669127, ""name"": ""Shea Langeliers"", ""bats"": ""R"", ""obp"": 0.39408866995073893, ""slg"": 0.5777777777777777, ""iso"": 0.2555555555555555, ""ab"": 180}, {""id"": 701762, ""name"": ""Nick Kurtz"", ""bats"": ""L"", ""obp"": 0.4343891402714932, ""slg"": 0.48554913294797686, ""iso"": 0.20809248554913296, ""ab"": 173}]","[{""name"": ""away_top3c_slg"", ""value"": 0.5368, ""contribution"": -0.6665}, {""name"": ""away_top3c_iso"", ""value"": 0.2251, ""contribution"": 0.3558}, {""name"": ""away_top3c_obp"", ""value"": 0.4171, ""contribution"": 0.3537}, {""name"": ""away_top3_ops_vs_oppHand"", ""value"": 0.9797, ""contribution"": 0.3329}, {""name"": ""era_gap_t1"", ""value"": -1.3322, ""contribution"": -0.0818}]","[{""name"": ""away_whiff_pct_rank"", ""value"": 4.0, ""contribution"": 0.1421}, {""name"": ""fi_park_nrfi_rate"", ""value"": 0.4526, ""contribution"": 0.1088}, {""name"": ""era_gap_b1"", ""value"": 1.3322, ""contribution"": 0.0636}, {""name"": ""home_top3c_slg"", ""value"": 0.4142, ""contribution"": 0.0551}, {""name"": ""away_avg_ip_per_start"", ""value"": 6.0, ""contribution"": -0.0331}]",482663,0.5317,3.855,4.653,71.0,4.0,0.6487,0.7075,5.4,6.0,0.9797,0.757,R,R,YRFI,WIN,0,2,2,2026-05-22T01:53:53+00:00,-110,-115,DraftKings,2026-05-22T00:40:44+00:00,0.5238,0.5349,-0.1397,0.081,0.081,Y,1,0.87,-110,-115,2026-05-22T00:35:30+00:00,0,0.4081,YRFI,STRONG,,,,,,,
2026-05-21,2026,823864,1,N,ATL,MIA,6:40 PM ET,Spencer Strider,Sandy Alcantara,675911,645261,live,live,live,live,0.95,0.4701,0.5586,1.0287,0.3697,0.2987,0.6683,0.4901,0.5099,0.2748,0.7252,,,PASS,NO EDGE,PASS - No edge,4,2026-05-21T22:32:50Z,3.926,4.239,1.355,1.264,4.25,3.828,4.37,2.89,1.23,0.79,9.94,6.77,0.324,0.321,0.433,0.382,5.146,4.392,,,,1.0,0.8,0.8,0.8,0.8,0.3778,0.3496,0.4925,0.4959,0.1723,0.2184,lineup,lineup,"[{""id"": 669364, ""name"": ""Xavier Edwards"", ""bats"": ""S"", ""obp"": 0.3981042654028436, ""slg"": 0.489247311827957, ""iso"": 0.17204301075268819, ""ab"": 186}, {""id"": 689414, ""name"": ""Liam Hicks"", ""bats"": ""L"", ""obp"": 0.3505747126436782, ""slg"": 0.49019607843137253, ""iso"": 0.20261437908496732, ""ab"": 153}, {""id"": 672640, ""name"": ""Otto Lopez"", ""bats"": ""R"", ""obp"": 0.3798076923076923, ""slg"": 0.49743589743589745, ""iso"": 0.14871794871794874, ""ab"": 195}]","[{""id"": 642201, ""name"": ""Eli White"", ""bats"": ""R"", ""obp"": 0.2698412698412698, ""slg"": 0.4166666666666667, ""iso"": 0.16666666666666669, ""ab"": 60}, {""id"": 671739, ""name"": ""Michael Harris II"", ""bats"": ""L"", ""obp"": 0.3216374269005848, ""slg"": 0.49079754601226994, ""iso"": 0.19631901840490795, ""ab"": 163}, {""id"": 621566, ""name"": ""Matt Olson"", ""bats"": ""L"", ""obp"": 0.3607305936073059, ""slg"": 0.5833333333333334, ""iso"": 0.30208333333333337, ""ab"": 192}]","[{""name"": ""away_top3c_slg"", ""value"": 0.4959, ""contribution"": -0.3814}, {""name"": ""away_top3c_iso"", ""value"": 0.2184, ""contribution"": 0.3047}, {""name"": ""away_top3_ops_vs_oppHand"", ""value"": 0.891, ""contribution"": 0.1978}, {""name"": ""fi_park_nrfi_rate"", ""value"": 0.455, ""contribution"": 0.0609}, {""name"": ""wx_is_dome"", ""value"": 1.0, ""contribution"": -0.0562}]","[{""name"": ""away_whiff_pct_rank"", ""value"": 97.0, ""contribution"": -0.1444}, {""name"": ""home_top3c_slg"", ""value"": 0.4925, ""contribution"": -0.1082}, {""name"": ""fi_park_nrfi_rate"", ""value"": 0.455, ""contribution"": 0.1029}, {""name"": ""wx_is_dome"", ""value"": 1.0, ""contribution"": -0.0866}, {""name"": ""home_top3_ops_vs_oppHand"", ""value"": 0.8327, ""contribution"": 0.0691}]",658536,0.5084,4.417,4.801,28.0,97.0,0.678,0.7272,5.67,5.13,0.891,0.8327,R,R,YRFI,PASS,2,0,2,2026-05-21T22:56:43+00:00,-130,+100,DraftKings,2026-05-21T22:56:04+00:00,0.5652,0.5,-0.0751,0.0099,,N,,,-130,+100,2026-05-21T22:35:03+00:00,,0.4589,PASS,NO EDGE,,,,,,,
2026-05-21,2026,822733,1,N,NYM,WSH,4:05 PM ET,David Peterson,Cade Cavalli,656849,676917,live,ltd,live,live,0.97,0.4391,0.5141,0.9532,0.2648,0.4309,0.6958,0.4901,0.5099,0.247,0.753,,,PASS,NO EDGE,PASS - No edge,4,2026-05-21T19:53:34Z,4.832,4.121,1.474,1.451,3.158,3.58,3.52,3.21,0.5,0.89,8.85,9.25,0.301,0.324,0.372,0.415,4.211,5.331,16.0,13.0,81.0,0.0,1.0,0.2,0.8,0.3,0.3815,0.3222,0.4884,0.4012,0.2425,0.144,lineup,lineup,"[{""id"": 695578, ""name"": ""James Wood"", ""bats"": ""L"", ""obp"": 0.3924050632911392, ""slg"": 0.5233160621761658, ""iso"": 0.26943005181347146, ""ab"": 193}, {""id"": 678554, ""name"": ""Curtis Mead"", ""bats"": ""R"", ""obp"": 0.3644067796610169, ""slg"": 0.4387755102040816, ""iso"": 0.2040816326530612, ""ab"": 98}, {""id"": 678391, ""name"": ""Jorbit Vivas"", ""bats"": ""L"", ""obp"": 0.330188679245283, ""slg"": 0.3076923076923077, ""iso"": 0.06593406593406595, ""ab"": 91}]","[{""id"": 701807, ""name"": ""Carson Benge"", ""bats"": ""L"", ""obp"": 0.31976744186046513, ""slg"": 0.36477987421383645, ""iso"": 0.10062893081761004, ""ab"": 159}, {""id"": 666182, ""name"": ""Bo Bichette"", ""bats"": ""R"", ""obp"": 0.2764976958525346, ""slg"": 0.33, ""iso"": 0.10500000000000001, ""ab"": 200}, {""id"": 665742, ""name"": ""Juan Soto"", ""bats"": ""L"", ""obp"": 0.3918918918918919, ""slg"": 0.5590551181102362, ""iso"": 0.25984251968503935, ""ab"": 127}]","[{""name"": ""away_top3c_slg"", ""value"": 0.4012, ""contribution"": 0.2789}, {""name"": ""away_top3c_iso"", ""value"": 0.144, ""contribution"": -0.2587}, {""name"": ""wx_humidity"", ""value"": 81.0, ""contribution"": -0.0923}, {""name"": ""away_top3c_obp"", ""value"": 0.3222, ""contribution"": -0.0735}, {""name"": ""home_whiff_pct_rank"", ""value"": 80.0, ""contribution"": -0.0508}]","[{""name"": ""home_top3c_iso"", ""value"": 0.2425, ""contribution"": 0.1384}, {""name"": ""home_top3c_slg"", ""value"": 0.4884, ""contribution"": -0.0996}, {""name"": ""away_p_last5_pitcher_nrfi"", ""value"": 0.2, ""contribution"": 0.0847}, {""name"": ""away_p_last10_pitcher_nrfi"", ""value"": 0.3, ""contribution"": 0.0801}, {""name"": ""home_top3_ops_vs_oppHand"", ""value"": 0.698, ""contribution"": -0.0582}]",503490,0.5467,4.101,4.593,80.0,68.0,0.7272,0.664,5.4,4.67,0.7703,0.698,L,R,NRFI,PASS,0,0,0,2026-05-21T20:22:19+00:00,-145,+110,DraftKings,2026-05-21T20:48:59+00:00,0.5918,0.4762,-0.1017,0.0337,,N,,,-145,+110,2026-05-21T20:01:47+00:00,,0.4092,YRFI,STRONG,,,,,,,
2026-05-21,2026,825083,1,N,COL,ARI,9:40 PM ET,Zach Agnos,Eduardo Rodriguez,688642,593958,ltd,live,live,live,1.0,0.5291,0.5635,1.0926,0.2686,0.4111,0.6797,0.4901,0.5099,0.2983,0.7017,,,PASS,NO EDGE,PASS - No edge,4,2026-05-22T01:33:08Z,5.133,3.6,1.364,1.38,4.431,4.27,3.3,3.63,1.13,1.01,7.19,7.36,0.313,0.312,0.391,0.405,4.269,4.579,,,,1.0,0.4,0.5,0.5,0.5,0.3409,0.3092,0.4422,0.4035,0.1947,0.1579,lineup,lineup,"[{""id"": 606466, ""name"": ""Ketel Marte"", ""bats"": ""S"", ""obp"": 0.28865979381443296, ""slg"": 0.4134078212290503, ""iso"": 0.1787709497206704, ""ab"": 179}, {""id"": 682998, ""name"": ""Corbin Carroll"", ""bats"": ""L"", ""obp"": 0.39473684210526316, ""slg"": 0.5632911392405063, ""iso"": 0.27848101265822783, ""ab"": 158}, {""id"": 672695, ""name"": ""Geraldo Perdomo"", ""bats"": ""S"", ""obp"": 0.3404255319148936, ""slg"": 0.3525641025641026, ""iso"": 0.12820512820512822, ""ab"": 156}]","[{""id"": 650489, ""name"": ""Willi Castro"", ""bats"": ""S"", ""obp"": 0.2972972972972973, ""slg"": 0.34074074074074073, ""iso"": 0.10370370370370369, ""ab"": 135}, {""id"": 671289, ""name"": ""Tyler Freeman"", ""bats"": ""R"", ""obp"": 0.33653846153846156, ""slg"": 0.35106382978723405, ""iso"": 0.08510638297872342, ""ab"": 94}, {""id"": 696100, ""name"": ""Hunter Goodman"", ""bats"": ""R"", ""obp"": 0.3027027027027027, ""slg"": 0.4823529411764706, ""iso"": 0.2411764705882353, ""ab"": 170}]","[{""name"": ""away_top3c_slg"", ""value"": 0.4035, ""contribution"": 0.2631}, {""name"": ""away_top3c_iso"", ""value"": 0.1579, ""contribution"": -0.1537}, {""name"": ""away_top3c_obp"", ""value"": 0.3092, ""contribution"": -0.1319}, {""name"": ""fi_park_nrfi_rate"", ""value"": 0.4239, ""contribution"": 0.1051}, {""name"": ""era_gap_t1"", ""value"": -1.5336, ""contribution"": -0.0941}]","[{""name"": ""fi_park_nrfi_rate"", ""value"": 0.4239, ""contribution"": 0.1776}, {""name"": ""wx_is_dome"", ""value"": 1.0, ""contribution"": -0.0866}, {""name"": ""era_gap_b1"", ""value"": 1.5336, ""contribution"": 0.0732}, {""name"": ""away_whiff_pct_rank"", ""value"": 65.0, ""contribution"": -0.0458}, {""name"": ""away_p_last10_pitcher_nrfi"", ""value"": 0.5, ""contribution"": 0.0422}]",547380,0.5173,4.546,4.44,32.0,65.0,0.7613,0.7136,6.07,5.0,0.7123,0.7437,R,L,NRFI,PASS,0,0,0,2026-05-22T01:51:41+00:00,-105,-125,DraftKings,2026-05-22T01:56:36+00:00,0.5122,0.5556,-0.0221,-0.0457,,N,,,-105,-125,2026-05-22T01:35:35+00:00,,0.4521,PASS,NO EDGE,,,,,,,
2026-05-21,2026,824274,1,N,CLE,DET,1:10 PM ET,Joey Cantillo,Casey Mize,676282,663554,live,live,live,live,0.98,0.3946,0.5148,0.9094,0.3142,0.2968,0.611,0.5364,0.4636,0.231,0.769,,,NRFI,LEAN,LEAN NRFI,4,2026-05-21T15:27:32Z,3.404,3.178,1.31,1.164,4.131,3.342,4.07,2.42,1.04,0.89,8.9,8.92,0.324,0.318,0.384,0.381,4.432,4.038,16.3,18.3,48.0,0.0,1.0,0.8,1.0,0.8,0.3358,0.3516,0.4127,0.4321,0.1659,0.1811,lineup,lineup,"[{""id"": 663837, ""name"": ""Matt Vierling"", ""bats"": ""R"", ""obp"": 0.2773722627737226, ""slg"": 0.38016528925619836, ""iso"": 0.17355371900826447, ""ab"": 121}, {""id"": 805808, ""name"": ""Kevin McGonigle"", ""bats"": ""L"", ""obp"": 0.3933649289099526, ""slg"": 0.40782122905027934, ""iso"": 0.12290502793296093, ""ab"": 179}, {""id"": 693307, ""name"": ""Dillon Dingler"", ""bats"": ""R"", ""obp"": 0.3125, ""slg"": 0.4430379746835443, ""iso"": 0.20886075949367086, ""ab"": 158}]","[{""id"": 682177, ""name"": ""Daniel Schneemann"", ""bats"": ""L"", ""obp"": 0.3219178082191781, ""slg"": 0.3969465648854962, ""iso"": 0.15267175572519084, ""ab"": 131}, {""id"": 608070, ""name"": ""Jos\u00e9 Ram\u00edrez"", ""bats"": ""S"", ""obp"": 0.36283185840707965, ""slg"": 0.42245989304812837, ""iso"": 0.18716577540106955, ""ab"": 187}, {""id"": 800050, ""name"": ""Chase DeLauter"", ""bats"": ""L"", ""obp"": 0.36082474226804123, ""slg"": 0.47023809523809523, ""iso"": 0.1964285714285714, ""ab"": 168}]","[{""name"": ""home_fip"", ""value"": 3.3424, ""contribution"": -0.0715}, {""name"": ""away_top3_ops_vs_oppHand"", ""value"": 0.7163, ""contribution"": -0.0683}, {""name"": ""away_top3c_slg"", ""value"": 0.4321, ""contribution"": 0.0637}, {""name"": ""away_top3c_obp"", ""value"": 0.3516, ""contribution"": 0.0589}, {""name"": ""home_p_last5_pitcher_nrfi"", ""value"": 1.0, ""contribution"": 0.0494}]","[{""name"": ""away_whiff_pct_rank"", ""value"": 89.0, ""contribution"": -0.1198}, {""name"": ""fi_park_nrfi_rate"", ""value"": 0.5322, ""contribution"": -0.082}, {""name"": ""home_top3_ops_vs_oppHand"", ""value"": 0.676, ""contribution"": -0.079}, {""name"": ""home_top3c_slg"", ""value"": 0.4127, ""contribution"": 0.0583}, {""name"": ""wx_wind_kmh"", ""value"": 18.3, ""contribution"": 0.0307}]",484499,0.5451,3.428,3.575,53.0,89.0,0.7272,0.7272,5.33,5.0,0.7163,0.676,L,R,NRFI,WIN,0,0,0,2026-05-21T17:29:44+00:00,-155,+120,DraftKings,2026-05-21T17:29:39+00:00,0.6078,0.4545,-0.0714,0.0091,-0.0714,N,0.5,0,-155,+120,2026-05-21T16:08:49+00:00,0,0.4877,PASS,NO EDGE,,,,,,,
2026-05-21,2026,823056,1,N,PIT,STL,1:15 PM ET,Braxton Ashcraft,Dustin May,677952,669160,live,live,live,live,0.97,0.5277,0.4091,0.9368,0.4129,0.2809,0.6938,0.4901,0.5099,0.241,0.759,,,PASS,NO EDGE,PASS - No edge,4,2026-05-21T17:02:22Z,3.19,4.881,1.136,1.421,3.236,4.206,2.6,3.26,0.78,1.06,9.1,7.37,0.331,0.32,0.393,0.393,4.836,4.516,18.6,12.4,78.0,0.0,0.6,1.0,0.5,1.0,0.3682,0.3499,0.4307,0.4611,0.1682,0.2074,lineup,lineup,"[{""id"": 802139, ""name"": ""JJ Wetherholt"", ""bats"": ""L"", ""obp"": 0.3640552995391705, ""slg"": 0.4222222222222222, ""iso"": 0.17777777777777778, ""ab"": 180}, {""id"": 671056, ""name"": ""Iv\u00e1n Herrera"", ""bats"": ""R"", ""obp"": 0.3835616438356164, ""slg"": 0.40782122905027934, ""iso"": 0.15083798882681565, ""ab"": 179}, {""id"": 676475, ""name"": ""Alec Burleson"", ""bats"": ""L"", ""obp"": 0.35609756097560974, ""slg"": 0.46153846153846156, ""iso"": 0.17582417582417587, ""ab"": 182}]","[{""id"": 665833, ""name"": ""Oneil Cruz"", ""bats"": ""L"", ""obp"": 0.3271889400921659, ""slg"": 0.45685279187817257, ""iso"": 0.1979695431472081, ""ab"": 197}, {""id"": 664040, ""name"": ""Brandon Lowe"", ""bats"": ""L"", ""obp"": 0.34196891191709844, ""slg"": 0.5416666666666666, ""iso"": 0.29166666666666663, ""ab"": 168}, {""id"": 668804, ""name"": ""Bryan Reynolds"", ""bats"": ""S"", ""obp"": 0.38028169014084506, ""slg"": 0.38857142857142857, ""iso"": 0.13714285714285712, ""ab"": 175}]","[{""name"": ""away_top3c_iso"", ""value"": 0.2074, ""contribution"": 0.2217}, {""name"": ""away_top3c_slg"", ""value"": 0.4611, ""contribution"": -0.1387}, {""name"": ""away_top3_ops_vs_oppHand"", ""value"": 0.835, ""contribution"": 0.1125}, {""name"": ""era_gap_t1"", ""value"": 1.6911, ""contribution"": 0.104}, {""name"": ""wx_humidity"", ""value"": 78.0, ""contribution"": -0.0802}]","[{""name"": ""era_gap_b1"", ""value"": -1.6911, ""contribution"": -0.0809}, {""name"": ""home_top3_ops_vs_oppHand"", ""value"": 0.8443, ""contribution"": 0.0801}, {""name"": ""away_whiff_pct_rank"", ""value"": 76.0, ""contribution"": -0.0797}, {""name"": ""fi_park_nrfi_rate"", ""value"": 0.527, ""contribution"": -0.0697}, {""name"": ""away_avg_ip_per_start"", ""value"": 6.5333, ""contribution"": -0.0569}]",428442,0.5176,4.796,2.96,10.0,76.0,0.6796,0.7272,5.87,6.53,0.835,0.8443,R,R,YRFI,PASS,1,0,1,2026-05-21T17:28:42+00:00,-155,+120,DraftKings,2026-05-21T17:29:39+00:00,0.6078,0.4545,-0.1177,0.0554,,N,,,-155,+120,2026-05-21T17:14:02+00:00,,0.4877,PASS,NO EDGE,,,,,,,
2026-05-21,2026,823545,1,N,TOR,NYY,7:05 PM ET,Braydon Fisher,Carlos Rodón,680755,607074,ltd,live,live,live,1.02,0.4784,0.5068,0.9852,0.3421,0.5102,0.8523,0.3841,0.6159,0.2588,0.7412,,,YRFI,STRONG,STRONG YRFI,4,2026-05-21T22:02:39Z,3.369,3.513,1.121,1.147,3.607,3.736,3.26,4.31,0.88,0.85,9.17,9.68,0.308,0.327,0.378,0.424,4.18,4.885,16.1,3.9,76.0,0.0,1.0,0.5,1.0,0.5,0.3845,0.3358,0.562,0.3826,0.2907,0.1239,lineup,lineup,"[{""id"": 700250, ""name"": ""Ben Rice"", ""bats"": ""L"", ""obp"": 0.3882978723404255, ""slg"": 0.6540880503144654, ""iso"": 0.36477987421383645, ""ab"": 159}, {""id"": 592450, ""name"": ""Aaron Judge"", ""bats"": ""R"", ""obp"": 0.3881278538812785, ""slg"": 0.5666666666666667, ""iso"": 0.3111111111111111, ""ab"": 180}, {""id"": 641355, ""name"": ""Cody Bellinger"", ""bats"": ""L"", ""obp"": 0.37735849056603776, ""slg"": 0.4745762711864407, ""iso"": 0.2033898305084746, ""ab"": 177}]","[{""id"": 543807, ""name"": ""George Springer"", ""bats"": ""R"", ""obp"": 0.2734375, ""slg"": 0.31896551724137934, ""iso"": 0.12068965517241381, ""ab"": 116}, {""id"": 665489, ""name"": ""Vladimir Guerrero Jr."", ""bats"": ""R"", ""obp"": 0.3671497584541063, ""slg"": 0.3707865168539326, ""iso"": 0.0898876404494382, ""ab"": 178}, {""id"": 662139, ""name"": ""Daulton Varsho"", ""bats"": ""L"", ""obp"": 0.3442622950819672, ""slg"": 0.4397590361445783, ""iso"": 0.16265060240963852, ""ab"": 166}]","[{""name"": ""away_top3c_iso"", ""value"": 0.1239, ""contribution"": -0.4113}, {""name"": ""away_top3c_slg"", ""value"": 0.3826, ""contribution"": 0.4088}, {""name"": ""away_top3_ops_vs_oppHand"", ""value"": 0.841, ""contribution"": 0.1216}, {""name"": ""wx_humidity"", ""value"": 76.0, ""contribution"": -0.0721}, {""name"": ""fi_park_nrfi_rate"", ""value"": 0.4526, ""contribution"": 0.0644}]","[{""name"": ""home_top3c_slg"", ""value"": 0.562, ""contribution"": -0.2532}, {""name"": ""home_top3c_iso"", ""value"": 0.2907, ""contribution"": 0.2413}, {""name"": ""away_avg_ip_per_start"", ""value"": 1.1667, ""contribution"": 0.1819}, {""name"": ""home_top3_ops_vs_oppHand"", ""value"": 0.9493, ""contribution"": 0.1793}, {""name"": ""fi_park_nrfi_rate"", ""value"": 0.4526, ""contribution"": 0.1088}]",639723,0.548,4.2,3.26,50.0,83.0,0.6909,0.7136,5.4,1.17,0.841,0.9493,R,L,YRFI,WIN,1,0,1,2026-05-21T23:29:29+00:00,-115,-115,DraftKings,2026-05-21T22:05:01+00:00,0.5349,0.5349,-0.1508,0.081,0.081,Y,1,0.87,-115,-115,2026-05-21T22:05:01+00:00,0,0.4370,YRFI,STRONG,,,,,,,
2026-05-22,2026,824029,1,N,TEX,LAA,9:38 PM ET,Jacob deGrom,Grayson Rodriguez,594798,680570,live,sm,live,live,0.99,0.5011,0.4168,0.9179,0.4262,0.3653,0.7915,0.4349,0.5651,0.2341,0.7659,,,PASS,LOW LAMBDA,PASS - Low lambda,4,2026-05-23T01:15:10Z,2.998,5.134,0.914,1.389,3.788,4.193,1.66,3.55,1.6,1.12,10.37,8.94,0.317,0.311,0.381,0.381,4.055,4.068,22.4,14.3,59.0,0.0,1.0,0.4,1.0,0.4,0.3445,0.357,0.415,0.4243,0.1825,0.1471,lineup,lineup,"[{""id"": 687263, ""name"": ""Zach Neto"", ""bats"": ""R"", ""obp"": 0.3247863247863248, ""slg"": 0.395, ""iso"": 0.18000000000000002, ""ab"": 200}, {""id"": 545361, ""name"": ""Mike Trout"", ""bats"": ""R"", ""obp"": 0.4, ""slg"": 0.4772727272727273, ""iso"": 0.24431818181818185, ""ab"": 176}, {""id"": 694384, ""name"": ""Nolan Schanuel"", ""bats"": ""L"", ""obp"": 0.305, ""slg"": 0.3770491803278688, ""iso"": 0.1256830601092896, ""ab"": 183}]","[{""id"": 592626, ""name"": ""Joc Pederson"", ""bats"": ""L"", ""obp"": 0.35294117647058826, ""slg"": 0.35135135135135137, ""iso"": 0.11711711711711714, ""ab"": 111}, {""id"": 673962, ""name"": ""Josh Jung"", ""bats"": ""R"", ""obp"": 0.3645833333333333, ""slg"": 0.4742857142857143, ""iso"": 0.16571428571428576, ""ab"": 175}, {""id"": 607043, ""name"": ""Brandon Nimmo"", ""bats"": ""L"", ""obp"": 0.3526570048309179, ""slg"": 0.4207650273224044, ""iso"": 0.14754098360655737, ""ab"": 183}]","[{""name"": ""away_top3c_iso"", ""value"": 0.1471, ""contribution"": -0.2353}, {""name"": ""era_gap_t1"", ""value"": 2.1359, ""contribution"": 0.1313}, {""name"": ""away_top3c_slg"", ""value"": 0.4243, ""contribution"": 0.118}, {""name"": ""home_avg_ip_per_start"", ""value"": 3.6667, ""contribution"": 0.1051}, {""name"": ""away_top3c_obp"", ""value"": 0.357, ""contribution"": 0.0832}]","[{""name"": ""fi_park_nrfi_rate"", ""value"": 0.4526, ""contribution"": 0.1088}, {""name"": ""era_gap_b1"", ""value"": -2.1359, ""contribution"": -0.1022}, {""name"": ""away_whiff_pct_rank"", ""value"": 82.0, ""contribution"": -0.0982}, {""name"": ""away_p_last10_pitcher_nrfi"", ""value"": 0.4, ""contribution"": 0.0612}, {""name"": ""home_top3c_slg"", ""value"": 0.415, ""contribution"": 0.0534}]",503493,0.522,4.2,3.231,50.0,82.0,0.7075,0.6363,3.67,6.2,0.7907,0.7563,R,R,YRFI,PASS,0,4,4,2026-05-23T02:01:17+00:00,-145,+110,DraftKings,2026-05-23T01:45:20+00:00,0.5918,0.4762,-0.1569,0.0889,0.1397,N,1,,-145,+110,2026-05-23T01:29:11+00:00,0,0.4526,PASS,NO EDGE,,,,,,,
2026-05-22,2026,823788,1,N,LAD,MIL,7:40 PM ET,Justin Wrobleski,Logan Henderson,680736,701656,live,ltd,live,live,1.03,0.4797,0.4497,0.9294,0.3126,0.252,0.5646,0.5907,0.4093,0.2383,0.7617,,,NRFI,STRONG,STRONG NRFI,4,2026-05-22T22:09:08Z,3.272,3.617,1.125,1.159,3.421,3.536,2.35,2.48,0.64,1.13,6.96,10.05,0.338,0.33,0.426,0.374,4.992,4.911,,,,1.0,0.8,0.8,0.8889,0.6667,0.381,0.3568,0.4338,0.458,0.1422,0.2014,lineup,lineup,"[{""id"": 694192, ""name"": ""Jackson Chourio"", ""bats"": ""R"", ""obp"": 0.3283582089552239, ""slg"": 0.4126984126984127, ""iso"": 0.12698412698412698, ""ab"": 63}, {""id"": 668930, ""name"": ""Brice Turang"", ""bats"": ""L"", ""obp"": 0.4129353233830846, ""slg"": 0.4909090909090909, ""iso"": 0.2, ""ab"": 165}, {""id"": 661388, ""name"": ""William Contreras"", ""bats"": ""R"", ""obp"": 0.36633663366336633, ""slg"": 0.3888888888888889, ""iso"": 0.09444444444444444, ""ab"": 180}]","[{""id"": 660271, ""name"": ""Shohei Ohtani"", ""bats"": ""L"", ""obp"": 0.39906103286384975, ""slg"": 0.48554913294797686, ""iso"": 0.2138728323699422, ""ab"": 173}, {""id"": 605141, ""name"": ""Mookie Betts"", ""bats"": ""R"", ""obp"": 0.2647058823529412, ""slg"": 0.41935483870967744, ""iso"": 0.22580645161290325, ""ab"": 62}, {""id"": 518692, ""name"": ""Freddie Freeman"", ""bats"": ""L"", ""obp"": 0.3431372549019608, ""slg"": 0.44505494505494503, ""iso"": 0.18131868131868129, ""ab"": 182}]","[{""name"": ""away_top3c_iso"", ""value"": 0.2014, ""contribution"": 0.1764}, {""name"": ""fi_park_nrfi_rate"", ""value"": 0.5899, ""contribution"": -0.1304}, {""name"": ""away_top3c_slg"", ""value"": 0.458, ""contribution"": -0.1172}, {""name"": ""away_top3c_obp"", ""value"": 0.3568, ""contribution"": 0.0822}, {""name"": ""away_top3_ops_vs_oppHand"", ""value"": 0.8033, ""contribution"": 0.0643}]","[{""name"": ""fi_park_nrfi_rate"", ""value"": 0.5899, ""contribution"": -0.2204}, {""name"": ""away_whiff_pct_rank"", ""value"": 17.0, ""contribution"": 0.1021}, {""name"": ""home_top3_ops_vs_oppHand"", ""value"": 0.6533, ""contribution"": -0.1004}, {""name"": ""wx_is_dome"", ""value"": 1.0, ""contribution"": -0.0866}, {""name"": ""home_top3c_iso"", ""value"": 0.1422, ""contribution"": -0.0761}]",521051,0.4691,3.49,3.401,59.0,17.0,0.7136,0.7272,4.47,6.73,0.8033,0.6533,L,R,YRFI,LOSS,0,4,4,2026-05-23T00:07:38+00:00,-115,-115,DraftKings,2026-05-22T23:28:42+00:00,0.5349,0.5349,0.0558,-0.1256,0.0558,Y,1,-1,-115,-115,2026-05-22T22:28:23+00:00,0,0.6491,NRFI,STRONG,,,,,,,
2026-05-22,2026,823461,1,N,CLE,PHI,6:40 PM ET,Gavin Williams,Cristopher Sánchez,668909,650911,live,live,live,live,1.04,0.3294,0.5478,0.8772,0.2618,0.3751,0.6369,0.4901,0.5099,0.2192,0.7808,,,PASS,NO EDGE,PASS - No edge,4,2026-05-22T22:09:08Z,3.429,2.081,1.222,1.146,4.074,2.212,3.73,1.96,1.29,0.46,10.18,10.55,0.322,0.304,0.384,0.396,4.41,4.254,14.3,8.6,69.0,0.0,0.8,0.6,0.8,0.7,0.3359,0.3361,0.4973,0.4292,0.2522,0.1983,lineup,lineup,"[{""id"": 607208, ""name"": ""Trea Turner"", ""bats"": ""R"", ""obp"": 0.29357798165137616, ""slg"": 0.3582089552238806, ""iso"": 0.11940298507462685, ""ab"": 201}, {""id"": 656941, ""name"": ""Kyle Schwarber"", ""bats"": ""L"", ""obp"": 0.3568075117370892, ""slg"": 0.6235955056179775, ""iso"": 0.3932584269662921, ""ab"": 178}, {""id"": 547180, ""name"": ""Bryce Harper"", ""bats"": ""L"", ""obp"": 0.3588516746411483, ""slg"": 0.5277777777777778, ""iso"": 0.2611111111111111, ""ab"": 180}]","[{""id"": 682657, ""name"": ""Angel Mart\u00ednez"", ""bats"": ""S"", ""obp"": 0.2982456140350877, ""slg"": 0.4875, ""iso"": 0.23125, ""ab"": 160}, {""id"": 608070, ""name"": ""Jos\u00e9 Ram\u00edrez"", ""bats"": ""S"", ""obp"": 0.36086956521739133, ""slg"": 0.418848167539267, ""iso"": 0.18324607329842932, ""ab"": 191}, {""id"": 700932, ""name"": ""Kyle Manzardo"", ""bats"": ""L"", ""obp"": 0.3026315789473684, ""slg"": 0.35555555555555557, ""iso"": 0.13333333333333336, ""ab"": 135}]","[{""name"": ""home_fip"", ""value"": 2.2124, ""contribution"": -0.1879}, {""name"": ""away_top3c_iso"", ""value"": 0.1983, ""contribution"": 0.1523}, {""name"": ""home_avg_ip_per_start"", ""value"": 7.2, ""contribution"": -0.1312}, {""name"": ""away_top3c_slg"", ""value"": 0.4292, ""contribution"": 0.0839}, {""name"": ""era_gap_t1"", ""value"": -1.3474, ""contribution"": -0.0827}]","[{""name"": ""home_top3c_iso"", ""value"": 0.2522, ""contribution"": 0.1591}, {""name"": ""home_top3_ops_vs_oppHand"", ""value"": 0.8857, ""contribution"": 0.1192}, {""name"": ""home_top3c_slg"", ""value"": 0.4973, ""contribution"": -0.1183}, {""name"": ""away_whiff_pct_rank"", ""value"": 88.0, ""contribution"": -0.1167}, {""name"": ""era_gap_b1"", ""value"": 1.3474, ""contribution"": 0.0643}]",608093,0.5118,2.881,4.171,95.0,88.0,0.6796,0.7396,7.2,6.33,0.8037,0.8857,R,L,NRFI,PASS,0,0,0,2026-05-22T22:53:22+00:00,-145,+110,DraftKings,2026-05-22T22:28:23+00:00,0.5918,0.4762,-0.1017,0.0337,-0.0206,N,1,,-145,+110,2026-05-22T22:28:23+00:00,0,0.4658,PASS,NO EDGE,,,,,,,
2026-05-22,2026,823863,1,N,NYM,MIA,7:10 PM ET,Tobias Myers,Eury Pérez,668964,691587,ltd,live,live,live,0.95,0.5017,0.4726,0.9743,0.3118,0.4065,0.7183,0.4768,0.5232,0.2548,0.7452,,,PASS,NO EDGE,PASS - No edge,4,2026-05-22T22:59:03Z,3.7,4.854,1.188,1.273,4.247,4.531,2.42,4.04,1.28,1.48,7.6,9.88,0.301,0.319,0.369,0.383,4.177,4.371,,,,1.0,0.6,0.8,0.6,0.7143,0.3582,0.32,0.4474,0.3956,0.17,0.1406,lineup,lineup,"[{""id"": 669364, ""name"": ""Xavier Edwards"", ""bats"": ""S"", ""obp"": 0.3953488372093023, ""slg"": 0.4842105263157895, ""iso"": 0.16842105263157897, ""ab"": 190}, {""id"": 689414, ""name"": ""Liam Hicks"", ""bats"": ""L"", ""obp"": 0.34269662921348315, ""slg"": 0.47770700636942676, ""iso"": 0.19745222929936307, ""ab"": 157}, {""id"": 672640, ""name"": ""Otto Lopez"", ""bats"": ""R"", ""obp"": 0.37264150943396224, ""slg"": 0.48743718592964824, ""iso"": 0.14572864321608042, ""ab"": 199}]","[{""id"": 701807, ""name"": ""Carson Benge"", ""bats"": ""L"", ""obp"": 0.3163841807909605, ""slg"": 0.3597560975609756, ""iso"": 0.09756097560975607, ""ab"": 164}, {""id"": 666182, ""name"": ""Bo Bichette"", ""bats"": ""R"", ""obp"": 0.27601809954751133, ""slg"": 0.3284313725490196, ""iso"": 0.10294117647058823, ""ab"": 204}, {""id"": 665742, ""name"": ""Juan Soto"", ""bats"": ""L"", ""obp"": 0.3881578947368421, ""slg"": 0.5461538461538461, ""iso"": 0.2538461538461538, ""ab"": 130}]","[{""name"": ""away_top3c_slg"", ""value"": 0.3956, ""contribution"": 0.3183}, {""name"": ""away_top3c_iso"", ""value"": 0.1406, ""contribution"": -0.2851}, {""name"": ""away_top3c_obp"", ""value"": 0.32, ""contribution"": -0.0833}, {""name"": ""era_gap_t1"", ""value"": 1.1535, ""contribution"": 0.071}, {""name"": ""fi_park_nrfi_rate"", ""value"": 0.455, ""contribution"": 0.0609}]","[{""name"": ""away_whiff_pct_rank"", ""value"": 6.0, ""contribution"": 0.136}, {""name"": ""fi_park_nrfi_rate"", ""value"": 0.455, ""contribution"": 0.1029}, {""name"": ""wx_is_dome"", ""value"": 1.0, ""contribution"": -0.0866}, {""name"": ""away_avg_ip_per_start"", ""value"": 3.6667, ""contribution"": 0.0707}, {""name"": ""era_gap_b1"", ""value"": -1.1535, ""contribution"": -0.0552}]",484183,0.5086,3.511,4.119,68.0,6.0,0.6487,0.7136,5.27,3.67,0.7557,0.8083,R,R,YRFI,PASS,1,0,1,2026-05-22T23:24:48+00:00,-135,+105,DraftKings,2026-05-22T22:58:31+00:00,0.5745,0.4878,-0.0977,0.0354,,N,,,-135,+105,2026-05-22T22:58:31+00:00,,0.6370,NRFI,STRONG,,,,,,,
2026-05-22,2026,825082,1,N,COL,ARI,9:40 PM ET,Tomoyuki Sugano,Michael Soroka,608372,647336,live,live,live,live,1.0,0.4339,0.6205,1.0544,0.3283,0.4304,0.7587,0.4349,0.5651,0.2843,0.7157,,,PASS,NO EDGE,PASS - No edge,4,2026-05-23T01:15:10Z,4.305,3.914,1.292,1.254,5.435,3.357,2.4,2.73,1.8,0.95,5.38,9.77,0.312,0.312,0.388,0.401,4.22,4.539,,,,1.0,0.6,0.6,0.7,0.6,0.343,0.3121,0.4385,0.3885,0.1905,0.169,lineup,team_fallback,"[{""id"": 606466, ""name"": ""Ketel Marte"", ""bats"": ""S"", ""obp"": 0.2964824120603015, ""slg"": 0.41530054644808745, ""iso"": 0.1748633879781421, ""ab"": 183}, {""id"": 682998, ""name"": ""Corbin Carroll"", ""bats"": ""L"", ""obp"": 0.38974358974358975, ""slg"": 0.5521472392638037, ""iso"": 0.2699386503067485, ""ab"": 163}, {""id"": 672695, ""name"": ""Geraldo Perdomo"", ""bats"": ""S"", ""obp"": 0.34375, ""slg"": 0.34810126582278483, ""iso"": 0.1265822784810127, ""ab"": 158}]","[{""id"": 664983, ""name"": ""Jake McCarthy"", ""bats"": ""L"", ""obp"": 0.3448275862068966, ""slg"": 0.4716981132075472, ""iso"": 0.17924528301886794, ""ab"": 106}, {""id"": 696100, ""name"": ""Hunter Goodman"", ""bats"": ""R"", ""obp"": 0.2962962962962963, ""slg"": 0.47126436781609193, ""iso"": 0.23563218390804597, ""ab"": 174}, {""id"": 681198, ""name"": ""TJ Rumfield"", ""bats"": ""L"", ""obp"": 0.35323383084577115, ""slg"": 0.43575418994413406, ""iso"": 0.1564245810055866, ""ab"": 179}]","[{""name"": ""away_top3c_slg"", ""value"": 0.3885, ""contribution"": 0.3681}, {""name"": ""away_top3c_obp"", ""value"": 0.3121, ""contribution"": -0.1186}, {""name"": ""fi_park_nrfi_rate"", ""value"": 0.4239, ""contribution"": 0.1051}, {""name"": ""home_fip"", ""value"": 3.3572, ""contribution"": -0.07}, {""name"": ""away_top3c_iso"", ""value"": 0.169, ""contribution"": -0.0695}]","[{""name"": ""fi_park_nrfi_rate"", ""value"": 0.4239, ""contribution"": 0.1776}, {""name"": ""away_whiff_pct_rank"", ""value"": 12.0, ""contribution"": 0.1175}, {""name"": ""wx_is_dome"", ""value"": 1.0, ""contribution"": -0.0866}, {""name"": ""home_top3c_iso"", ""value"": 0.1905, ""contribution"": 0.0272}, {""name"": ""away_p_last10_pitcher_nrfi"", ""value"": 0.6, ""contribution"": 0.0233}]",608158,0.5142,3.598,5.64,29.0,12.0,0.7272,0.7136,5.27,5.27,0.72,0.7413,R,R,NRFI,PASS,0,0,0,2026-05-23T01:51:50+00:00,+105,-135,DraftKings,2026-05-23T01:45:20+00:00,0.4878,0.5745,-0.0288,-0.0335,,N,,,+105,-135,2026-05-23T01:29:11+00:00,,0.4536,PASS,NO EDGE,,,,,,,
2026-05-22,2026,822816,1,N,PIT,TOR,7:07 PM ET,Bubba Chandler,Kevin Gausman,696149,592332,ltd,live,live,live,1.01,0.3983,0.607,1.0052,0.2616,0.2979,0.5595,0.5968,0.4032,0.2662,0.7338,,,NRFI,STRONG,STRONG NRFI,4,2026-05-22T21:33:03Z,4.648,3.508,1.351,1.054,4.838,3.316,4.61,1.79,1.28,0.96,8.25,8.54,0.331,0.308,0.395,0.379,4.854,4.146,,,,1.0,0.8,0.6,0.9,0.8,0.3389,0.3484,0.3894,0.4607,0.1298,0.1854,lineup,lineup,"[{""id"": 543807, ""name"": ""George Springer"", ""bats"": ""R"", ""obp"": 0.2781954887218045, ""slg"": 0.3416666666666667, ""iso"": 0.14166666666666666, ""ab"": 120}, {""id"": 665489, ""name"": ""Vladimir Guerrero Jr."", ""bats"": ""R"", ""obp"": 0.3744075829383886, ""slg"": 0.37222222222222223, ""iso"": 0.0888888888888889, ""ab"": 180}, {""id"": 662139, ""name"": ""Daulton Varsho"", ""bats"": ""L"", ""obp"": 0.3422459893048128, ""slg"": 0.4411764705882353, ""iso"": 0.16470588235294115, ""ab"": 170}]","[{""id"": 665833, ""name"": ""Oneil Cruz"", ""bats"": ""L"", ""obp"": 0.32432432432432434, ""slg"": 0.45544554455445546, ""iso"": 0.19801980198019803, ""ab"": 202}, {""id"": 664040, ""name"": ""Brandon Lowe"", ""bats"": ""L"", ""obp"": 0.3484848484848485, ""slg"": 0.5581395348837209, ""iso"": 0.3023255813953488, ""ab"": 172}, {""id"": 693304, ""name"": ""Nick Gonzales"", ""bats"": ""R"", ""obp"": 0.3785310734463277, ""slg"": 0.3625, ""iso"": 0.04375000000000001, ""ab"": 160}]","[{""name"": ""away_top3_ops_vs_oppHand"", ""value"": 0.8583, ""contribution"": 0.148}, {""name"": ""away_top3c_slg"", ""value"": 0.4607, ""contribution"": -0.1356}, {""name"": ""home_fip"", ""value"": 3.3158, ""contribution"": -0.0742}, {""name"": ""era_gap_t1"", ""value"": -1.1402, ""contribution"": -0.07}, {""name"": ""wx_is_dome"", ""value"": 1.0, ""contribution"": -0.0562}]","[{""name"": ""home_top3c_slg"", ""value"": 0.3894, ""contribution"": 0.107}, {""name"": ""home_top3c_iso"", ""value"": 0.1298, ""contribution"": -0.1025}, {""name"": ""wx_is_dome"", ""value"": 1.0, ""contribution"": -0.0866}, {""name"": ""home_top3_ops_vs_oppHand"", ""value"": 0.6733, ""contribution"": -0.0815}, {""name"": ""away_whiff_pct_rank"", ""value"": 76.0, ""contribution"": -0.0797}]",623945,0.5123,3.521,4.349,81.0,76.0,0.7272,0.7136,5.8,4.4,0.8583,0.6733,R,R,YRFI,LOSS,1,0,1,2026-05-22T23:26:20+00:00,-125,-105,DraftKings,2026-05-22T22:09:28+00:00,0.5556,0.5122,0.0412,-0.109,0.0412,Y,1,-1,-125,-105,2026-05-22T22:03:36+00:00,0,0.4877,PASS,NO EDGE,,,,,,,
2026-05-22,2026,824110,1,N,SEA,KC,7:40 PM ET,Logan Gilbert,Noah Cameron,669302,702070,live,live,live,live,0.96,0.4655,0.4485,0.9141,0.3045,0.2705,0.575,0.5761,0.4239,0.2327,0.7673,,,NRFI,STRONG,STRONG NRFI,4,2026-05-22T22:09:08Z,4.03,4.213,1.1,1.308,3.928,4.143,2.01,2.93,1.6,1.13,10.27,7.65,0.318,0.314,0.383,0.388,4.205,4.023,20.1,5.4,84.0,0.0,0.6,0.6,0.8,0.4,0.3239,0.3562,0.3989,0.4223,0.1472,0.1629,lineup,lineup,"[{""id"": 672580, ""name"": ""Maikel Garcia"", ""bats"": ""R"", ""obp"": 0.3192488262910798, ""slg"": 0.3802083333333333, ""iso"": 0.125, ""ab"": 192}, {""id"": 677951, ""name"": ""Bobby Witt Jr."", ""bats"": ""R"", ""obp"": 0.36936936936936937, ""slg"": 0.48223350253807107, ""iso"": 0.18274111675126903, ""ab"": 197}, {""id"": 686469, ""name"": ""Vinnie Pasquantino"", ""bats"": ""L"", ""obp"": 0.27860696517412936, ""slg"": 0.32571428571428573, ""iso"": 0.13142857142857145, ""ab"": 175}]","[{""id"": 641487, ""name"": ""J.P. Crawford"", ""bats"": ""L"", ""obp"": 0.35795454545454547, ""slg"": 0.36363636363636365, ""iso"": 0.15384615384615385, ""ab"": 143}, {""id"": 677594, ""name"": ""Julio Rodr\u00edguez"", ""bats"": ""R"", ""obp"": 0.31981981981981983, ""slg"": 0.4236453201970443, ""iso"": 0.167487684729064, ""ab"": 203}, {""id"": 668227, ""name"": ""Randy Arozarena"", ""bats"": ""R"", ""obp"": 0.3925233644859813, ""slg"": 0.46703296703296704, ""iso"": 0.16483516483516486, ""ab"": 182}]","[{""name"": ""away_top3c_slg"", ""value"": 0.4223, ""contribution"": 0.1317}, {""name"": ""away_top3c_iso"", ""value"": 0.1629, ""contribution"": -0.1159}, {""name"": ""wx_humidity"", ""value"": 84.0, ""contribution"": -0.1045}, {""name"": ""fi_park_nrfi_rate"", ""value"": 0.5614, ""contribution"": -0.09}, {""name"": ""away_top3_ops_vs_oppHand"", ""value"": 0.8193, ""contribution"": 0.0886}]","[{""name"": ""fi_park_nrfi_rate"", ""value"": 0.5614, ""contribution"": -0.1521}, {""name"": ""away_whiff_pct_rank"", ""value"": 97.0, ""contribution"": -0.1444}, {""name"": ""home_top3c_slg"", ""value"": 0.3989, ""contribution"": 0.087}, {""name"": ""home_top3c_iso"", ""value"": 0.1472, ""contribution"": -0.0654}, {""name"": ""away_p_last10_pitcher_nrfi"", ""value"": 0.4, ""contribution"": 0.0612}]",503077,0.5258,4.444,3.166,76.0,97.0,0.7272,0.7197,5.13,5.53,0.8193,0.7183,R,L,NRFI,WIN,0,0,0,2026-05-22T23:57:40+00:00,-130,+100,DraftKings,2026-05-22T23:28:42+00:00,0.5652,0.5,0.0109,-0.0761,0.0109,Y,1,0.769,-130,+100,2026-05-22T22:28:23+00:00,0,0.6060,NRFI,STRONG,,,,,,,
2026-05-22,2026,824518,1,N,STL,CIN,6:40 PM ET,Kyle Leahy,Chris Paddack,681517,663978,live,live,live,live,1.09,0.6225,0.5782,1.2008,0.42,0.3026,0.7226,0.4768,0.5232,0.3377,0.6623,,,PASS,LINEUP PENDING,PASS - Lineup pending,4,2026-05-22T17:49:05Z,3.669,6.153,1.404,1.444,4.126,4.884,3.47,2.44,0.96,1.66,7.5,6.98,0.319,0.313,0.393,0.397,4.477,4.438,18.4,4.8,95.0,0.0,0.4,1.0,0.5,0.9,0.3129,0.3191,0.397,0.3932,0.169,0.169,team_fallback,team_fallback,[],[],"[{""name"": ""away_top3c_slg"", ""value"": 0.3932, ""contribution"": 0.3348}, {""name"": ""era_gap_t1"", ""value"": 2.484, ""contribution"": 0.1527}, {""name"": ""wx_humidity"", ""value"": 95.0, ""contribution"": -0.149}, {""name"": ""away_top3c_obp"", ""value"": 0.3191, ""contribution"": -0.0875}, {""name"": ""home_fip"", ""value"": 4.8845, ""contribution"": 0.0874}]","[{""name"": ""era_gap_b1"", ""value"": -2.484, ""contribution"": -0.1188}, {""name"": ""home_top3c_slg"", ""value"": 0.397, ""contribution"": 0.091}, {""name"": ""away_whiff_pct_rank"", ""value"": 32.0, ""contribution"": 0.0558}, {""name"": ""away_p_last5_pitcher_nrfi"", ""value"": 1.0, ""contribution"": -0.0455}, {""name"": ""home_top3_ops_vs_oppHand"", ""value"": 0.72, ""contribution"": -0.0374}]",,0.5084,4.623,4.459,14.0,32.0,0.6796,0.7136,4.2,5.33,0.72,0.72,R,R,NRFI,PASS,0,0,0,2026-05-23T17:28:46+00:00,-110,-120,DraftKings,2026-05-22T18:46:02+00:00,0.5238,0.5455,-0.047,-0.0223,,N,,,-110,-120,2026-05-22T18:02:31+00:00,,0.4877,PASS,NO EDGE,,,,,,,
2026-05-22,2026,824761,1,N,MIN,BOS,7:10 PM ET,Connor Prielipp,Payton Tolle,687570,801139,sm,ltd,live,live,1.05,0.452,0.5022,0.9542,0.266,0.3935,0.6595,0.4901,0.5099,0.2474,0.7526,,,PASS,NO EDGE,PASS - No edge,4,2026-05-22T22:59:03Z,3.674,3.258,1.145,1.054,4.132,3.766,3.05,2.57,1.3,1.07,9.4,8.83,0.321,0.314,0.392,0.376,4.577,3.883,16.9,8.0,41.0,0.0,0.6,0.6,0.5,0.6,0.3257,0.3397,0.4128,0.4559,0.155,0.1914,lineup,lineup,"[{""id"": 680776, ""name"": ""Jarren Duran"", ""bats"": ""L"", ""obp"": 0.265625, ""slg"": 0.3620689655172414, ""iso"": 0.16666666666666666, ""ab"": 174}, {""id"": 678882, ""name"": ""Ceddanne Rafaela"", ""bats"": ""R"", ""obp"": 0.35260115606936415, ""slg"": 0.4394904458598726, ""iso"": 0.15286624203821658, ""ab"": 157}, {""id"": 677800, ""name"": ""Wilyer Abreu"", ""bats"": ""L"", ""obp"": 0.3592233009708738, ""slg"": 0.43783783783783786, ""iso"": 0.14594594594594595, ""ab"": 185}]","[{""id"": 621439, ""name"": ""Byron Buxton"", ""bats"": ""R"", ""obp"": 0.31958762886597936, ""slg"": 0.576271186440678, ""iso"": 0.3163841807909605, ""ab"": 177}, {""id"": 686797, ""name"": ""Brooks Lee"", ""bats"": ""S"", ""obp"": 0.2994350282485876, ""slg"": 0.3878787878787879, ""iso"": 0.1393939393939394, ""ab"": 165}, {""id"": 668885, ""name"": ""Austin Martin"", ""bats"": ""R"", ""obp"": 0.41333333333333333, ""slg"": 0.37398373983739835, ""iso"": 0.08130081300813008, ""ab"": 123}]","[{""name"": ""away_top3c_slg"", ""value"": 0.4559, ""contribution"": -0.1024}, {""name"": ""away_top3c_iso"", ""value"": 0.1914, ""contribution"": 0.1003}, {""name"": ""home_whiff_pct_rank"", ""value"": 100.0, ""contribution"": -0.0847}, {""name"": ""wx_humidity"", ""value"": 41.0, ""contribution"": 0.0696}, {""name"": ""home_avg_ip_per_start"", ""value"": 6.1333, ""contribution"": -0.0599}]","[{""name"": ""home_top3_ops_vs_oppHand"", ""value"": 0.8593, ""contribution"": 0.0943}, {""name"": ""home_top3c_slg"", ""value"": 0.4128, ""contribution"": 0.0581}, {""name"": ""home_top3c_iso"", ""value"": 0.155, ""contribution"": -0.0485}, {""name"": ""fi_park_nrfi_rate"", ""value"": 0.5121, ""contribution"": -0.0339}, {""name"": ""wx_is_dome"", ""value"": 0.0, ""contribution"": 0.0301}]",605674,0.5127,3.327,1.946,100.0,50.0,0.7136,0.7136,6.13,5.0,0.738,0.8593,L,L,YRFI,PASS,0,4,4,2026-05-22T23:26:00+00:00,-150,+115,DraftKings,2026-05-22T22:58:31+00:00,0.6,0.4651,-0.1099,0.0448,,N,,,-150,+115,2026-05-22T22:58:31+00:00,,0.6525,NRFI,STRONG,,,,,,,
2026-05-22,2026,824842,1,N,DET,BAL,7:15 PM ET,Jack Flaherty,Keegan Akin,656427,669211,live,ltd,live,live,1.06,0.5867,0.6495,1.2362,0.3815,0.3687,0.7502,0.4419,0.5581,0.3504,0.6496,,,PASS,LOW LAMBDA,PASS - Low lambda,4,2026-05-22T23:14:21Z,5.227,5.426,1.446,1.427,4.358,4.699,4.72,3.58,1.27,1.47,10.24,8.61,0.318,0.314,0.38,0.391,3.992,4.346,13.0,14.4,84.0,0.0,1.0,0.4,1.0,0.7,0.3373,0.3449,0.4252,0.419,0.1811,0.1671,lineup,lineup,"[{""id"": 621493, ""name"": ""Taylor Ward"", ""bats"": ""R"", ""obp"": 0.41517857142857145, ""slg"": 0.37714285714285717, ""iso"": 0.12000000000000005, ""ab"": 175}, {""id"": 683002, ""name"": ""Gunnar Henderson"", ""bats"": ""L"", ""obp"": 0.27111111111111114, ""slg"": 0.41626794258373206, ""iso"": 0.19617224880382775, ""ab"": 209}, {""id"": 668939, ""name"": ""Adley Rutschman"", ""bats"": ""S"", ""obp"": 0.31851851851851853, ""slg"": 0.5080645161290323, ""iso"": 0.24193548387096775, ""ab"": 124}]","[{""id"": 805808, ""name"": ""Kevin McGonigle"", ""bats"": ""L"", ""obp"": 0.3953488372093023, ""slg"": 0.4065934065934066, ""iso"": 0.1208791208791209, ""ab"": 182}, {""id"": 693307, ""name"": ""Dillon Dingler"", ""bats"": ""R"", ""obp"": 0.31666666666666665, ""slg"": 0.4691358024691358, ""iso"": 0.22839506172839505, ""ab"": 162}, {""id"": 690993, ""name"": ""Colt Keith"", ""bats"": ""L"", ""obp"": 0.3221476510067114, ""slg"": 0.3357142857142857, ""iso"": 0.057142857142857106, ""ab"": 140}]","[{""name"": ""home_avg_ip_per_start"", ""value"": 1.1667, ""contribution"": 0.2724}, {""name"": ""away_top3c_slg"", ""value"": 0.419, ""contribution"": 0.1554}, {""name"": ""away_top3_ops_vs_oppHand"", ""value"": 0.668, ""contribution"": -0.1419}, {""name"": ""wx_humidity"", ""value"": 84.0, ""contribution"": -0.1045}, {""name"": ""away_top3c_iso"", ""value"": 0.1671, ""contribution"": -0.084}]","[{""name"": ""away_avg_ip_per_start"", ""value"": 4.0667, ""contribution"": 0.0529}, {""name"": ""away_p_last5_pitcher_nrfi"", ""value"": 0.4, ""contribution"": 0.0521}, {""name"": ""fi_park_nrfi_rate"", ""value"": 0.519, ""contribution"": -0.0505}, {""name"": ""home_top3c_slg"", ""value"": 0.4252, ""contribution"": 0.0322}, {""name"": ""wx_is_dome"", ""value"": 0.0, ""contribution"": 0.0301}]",482631,0.538,4.2,3.908,50.0,57.0,0.7272,0.7272,1.17,4.07,0.668,0.7653,R,L,YRFI,PASS,1,0,1,2026-05-22T23:32:35+00:00,-140,+105,DraftKings,2026-05-22T23:12:58+00:00,0.5833,0.4878,-0.1262,0.0551,,N,,,-140,+105,2026-05-22T23:12:58+00:00,,0.4521,PASS,NO EDGE,,,,,,,
2026-05-22,2026,824679,1,N,HOU,CHC,2:20 PM ET,Spencer Arrighetti,Jameson Taillon,681293,592791,ltd,live,live,live,1.0,0.6231,0.5643,1.1874,0.3953,0.2943,0.6895,0.4901,0.5099,0.3328,0.6672,,,PASS,NO EDGE,PASS - No edge,4,2026-05-22T17:49:05Z,3.087,4.398,1.251,1.138,3.992,5.846,4.37,2.53,0.81,2.34,8.63,7.22,0.32,0.333,0.405,0.399,4.326,4.823,16.2,18.7,57.0,0.0,0.6,0.8,0.7,0.8,0.3464,0.367,0.3719,0.4764,0.1228,0.2035,lineup,lineup,"[{""id"": 663538, ""name"": ""Nico Hoerner"", ""bats"": ""R"", ""obp"": 0.34801762114537443, ""slg"": 0.39086294416243655, ""iso"": 0.12690355329949238, ""ab"": 197}, {""id"": 683737, ""name"": ""Michael Busch"", ""bats"": ""L"", ""obp"": 0.3598130841121495, ""slg"": 0.375, ""iso"": 0.14204545454545456, ""ab"": 176}, {""id"": 608324, ""name"": ""Alex Bregman"", ""bats"": ""R"", ""obp"": 0.33183856502242154, ""slg"": 0.350253807106599, ""iso"": 0.10152284263959391, ""ab"": 197}]","[{""id"": 665161, ""name"": ""Jeremy Pe\u00f1a"", ""bats"": ""R"", ""obp"": 0.3050847457627119, ""slg"": 0.3333333333333333, ""iso"": 0.07407407407407407, ""ab"": 54}, {""id"": 670623, ""name"": ""Isaac Paredes"", ""bats"": ""R"", ""obp"": 0.3333333333333333, ""slg"": 0.3780487804878049, ""iso"": 0.13414634146341464, ""ab"": 164}, {""id"": 670541, ""name"": ""Yordan Alvarez"", ""bats"": ""L"", ""obp"": 0.4117647058823529, ""slg"": 0.6054054054054054, ""iso"": 0.3027027027027027, ""ab"": 185}]","[{""name"": ""away_top3c_slg"", ""value"": 0.4764, ""contribution"": -0.2455}, {""name"": ""away_top3c_iso"", ""value"": 0.2035, ""contribution"": 0.1918}, {""name"": ""home_fip"", ""value"": 5.8463, ""contribution"": 0.1865}, {""name"": ""away_top3c_obp"", ""value"": 0.367, ""contribution"": 0.128}, {""name"": ""era_gap_t1"", ""value"": 1.311, ""contribution"": 0.0807}]","[{""name"": ""home_top3c_slg"", ""value"": 0.3719, ""contribution"": 0.1433}, {""name"": ""home_top3c_iso"", ""value"": 0.1228, ""contribution"": -0.1174}, {""name"": ""fi_park_nrfi_rate"", ""value"": 0.5429, ""contribution"": -0.1077}, {""name"": ""era_gap_b1"", ""value"": -1.311, ""contribution"": -0.0627}, {""name"": ""home_obp"", ""value"": 0.3329, ""contribution"": 0.0603}]",431232,0.4946,3.72,5.475,48.0,68.0,0.678,0.6796,5.6,6.0,0.7667,0.7133,R,R,NRFI,PASS,0,0,0,2026-05-22T18:37:26+00:00,-165,+125,DraftKings,2026-05-22T18:46:02+00:00,0.6226,0.4444,-0.1325,0.0655,,N,,,-165,+125,2026-05-22T18:18:38+00:00,,0.6048,NRFI,STRONG,,,,,,,
2026-05-22,2026,823298,1,N,OAK,SD,9:40 PM ET,Jeffrey Springs,Walker Buehler,605488,621111,live,live,live,live,0.95,0.5348,0.4945,1.0293,0.49,0.2519,0.7419,0.4589,0.5411,0.275,0.725,,,PASS,NO EDGE,PASS - No edge,4,2026-05-23T01:15:10Z,4.006,4.978,1.204,1.433,4.456,4.598,2.71,3.71,1.38,1.22,7.51,7.37,0.326,0.298,0.399,0.376,4.485,4.18,20.8,13.1,70.0,0.0,0.8,0.6,0.9,0.6,0.3206,0.4184,0.4226,0.5328,0.1637,0.222,lineup,lineup,"[{""id"": 665487, ""name"": ""Fernando Tatis Jr."", ""bats"": ""R"", ""obp"": 0.3121951219512195, ""slg"": 0.2777777777777778, ""iso"": 0.03888888888888889, ""ab"": 180}, {""id"": 609280, ""name"": ""Miguel Andujar"", ""bats"": ""R"", ""obp"": 0.3146853146853147, ""slg"": 0.5072463768115942, ""iso"": 0.2173913043478261, ""ab"": 138}, {""id"": 657757, ""name"": ""Gavin Sheets"", ""bats"": ""L"", ""obp"": 0.33774834437086093, ""slg"": 0.5298507462686567, ""iso"": 0.2761194029850746, ""ab"": 134}]","[{""id"": 666126, ""name"": ""Carlos Cortes"", ""bats"": ""L"", ""obp"": 0.4230769230769231, ""slg"": 0.5398230088495575, ""iso"": 0.19469026548672563, ""ab"": 113}, {""id"": 701762, ""name"": ""Nick Kurtz"", ""bats"": ""L"", ""obp"": 0.43805309734513276, ""slg"": 0.48295454545454547, ""iso"": 0.20454545454545459, ""ab"": 176}, {""id"": 669127, ""name"": ""Shea Langeliers"", ""bats"": ""R"", ""obp"": 0.3942307692307692, ""slg"": 0.5760869565217391, ""iso"": 0.2554347826086957, ""ab"": 184}]","[{""name"": ""away_top3c_slg"", ""value"": 0.5328, ""contribution"": -0.6384}, {""name"": ""away_top3c_obp"", ""value"": 0.4184, ""contribution"": 0.3596}, {""name"": ""away_top3c_iso"", ""value"": 0.222, ""contribution"": 0.3322}, {""name"": ""away_top3_ops_vs_oppHand"", ""value"": 0.975, ""contribution"": 0.3257}, {""name"": ""fi_park_nrfi_rate"", ""value"": 0.5409, ""contribution"": -0.0609}]","[{""name"": ""home_top3_ops_vs_oppHand"", ""value"": 0.5923, ""contribution"": -0.1581}, {""name"": ""fi_park_nrfi_rate"", ""value"": 0.5409, ""contribution"": -0.103}, {""name"": ""home_obp"", ""value"": 0.2976, ""contribution"": -0.0659}, {""name"": ""away_whiff_pct_rank"", ""value"": 71.0, ""contribution"": -0.0643}, {""name"": ""era_gap_b1"", ""value"": -0.9723, ""contribution"": -0.0466}]",623946,0.4271,5.249,4.027,15.0,71.0,0.7136,0.6796,4.73,5.07,0.975,0.5923,L,R,YRFI,PASS,2,2,4,2026-05-23T01:58:05+00:00,-115,-115,DraftKings,2026-05-23T01:45:20+00:00,0.5349,0.5349,-0.0737,0.0039,,N,,,-115,-115,2026-05-23T01:29:11+00:00,,0.4589,PASS,NO EDGE,,,,,,,
2026-05-22,2026,823223,1,N,CWS,SF,10:15 PM ET,Davis Martin,Trevor McDonald,663436,686790,live,sm,live,live,0.94,0.4258,0.344,0.7697,0.4057,0.3367,0.7424,0.4579,0.5421,0.1804,0.8196,,,PASS,NO EDGE,PASS - No edge,4,2026-05-23T02:14:33Z,2.647,3.59,1.109,1.176,3.294,3.884,2.2,2.44,0.81,1.13,8.27,8.53,0.321,0.297,0.405,0.385,4.461,3.7,15.4,25.3,87.0,0.0,0.8,0.6,0.8,0.7,0.3214,0.3762,0.4387,0.4944,0.158,0.2415,lineup,lineup,"[{""id"": 642715, ""name"": ""Willy Adames"", ""bats"": ""R"", ""obp"": 0.27184466019417475, ""slg"": 0.3826530612244898, ""iso"": 0.14795918367346936, ""ab"": 196}, {""id"": 650333, ""name"": ""Luis Arraez"", ""bats"": ""L"", ""obp"": 0.3582089552238806, ""slg"": 0.42162162162162165, ""iso"": 0.10270270270270271, ""ab"": 185}, {""id"": 669477, ""name"": ""Casey Schmitt"", ""bats"": ""R"", ""obp"": 0.33727810650887574, ""slg"": 0.5286624203821656, ""iso"": 0.2356687898089172, ""ab"": 157}]","[{""id"": 803011, ""name"": ""Sam Antonacci"", ""bats"": ""L"", ""obp"": 0.3813559322033898, ""slg"": 0.4117647058823529, ""iso"": 0.11764705882352938, ""ab"": 102}, {""id"": 808959, ""name"": ""Munetaka Murakami"", ""bats"": ""L"", ""obp"": 0.38207547169811323, ""slg"": 0.5523255813953488, ""iso"": 0.3081395348837209, ""ab"": 172}, {""id"": 678246, ""name"": ""Miguel Vargas"", ""bats"": ""R"", ""obp"": 0.3671497584541063, ""slg"": 0.48520710059171596, ""iso"": 0.2485207100591716, ""ab"": 169}]","[{""name"": ""away_top3c_iso"", ""value"": 0.2415, ""contribution"": 0.4804}, {""name"": ""away_top3c_slg"", ""value"": 0.4944, ""contribution"": -0.3705}, {""name"": ""away_top3c_obp"", ""value"": 0.3762, ""contribution"": 0.1695}, {""name"": ""away_top3_ops_vs_oppHand"", ""value"": 0.8503, ""contribution"": 0.1358}, {""name"": ""wx_humidity"", ""value"": 87.0, ""contribution"": -0.1166}]","[{""name"": ""home_obp"", ""value"": 0.2968, ""contribution"": -0.0689}, {""name"": ""wx_wind_kmh"", ""value"": 25.3, ""contribution"": 0.0653}, {""name"": ""away_whiff_pct_rank"", ""value"": 29.0, ""contribution"": 0.0651}, {""name"": ""era_gap_b1"", ""value"": -0.9428, ""contribution"": -0.0451}, {""name"": ""home_top3c_iso"", ""value"": 0.158, ""contribution"": -0.0422}]",598411,0.5467,4.2,4.871,50.0,29.0,0.7136,0.7272,6.4,6.2,0.8503,0.8017,R,R,NRFI,PASS,0,0,0,2026-05-23T02:28:23+00:00,-145,+110,DraftKings,2026-05-23T02:14:33+00:00,0.5918,0.4762,-0.1339,0.0659,,N,,,-145,+110,2026-05-23T02:14:33+00:00,,0.4144,PASS,NO EDGE,,,,,,,
2026-05-22,2026,823546,1,N,TB,NYY,7:05 PM ET,Nick Martinez,Gerrit Cole,607259,543037,live,avg,live,live,1.02,0.5246,0.4513,0.9759,0.4042,0.4342,0.8384,0.3896,0.6104,0.2554,0.7446,,,PASS,NO DATA,PASS - No data,3,2026-05-22T22:59:03Z,2.772,4.17,1.113,1.26,3.719,4.17,2.04,2.93,0.8,1.21,6.09,8.75,0.33,0.325,0.395,0.42,4.754,4.811,17.7,14.3,43.0,0.0,0.5,1.0,0.5,0.9,0.3589,0.35,0.5199,0.4312,0.2809,0.158,lineup,lineup,"[{""id"": 663757, ""name"": ""Trent Grisham"", ""bats"": ""L"", ""obp"": 0.3048128342245989, ""slg"": 0.34838709677419355, ""iso"": 0.17419354838709677, ""ab"": 155}, {""id"": 592450, ""name"": ""Aaron Judge"", ""bats"": ""R"", ""obp"": 0.3811659192825112, ""slg"": 0.5543478260869565, ""iso"": 0.30434782608695654, ""ab"": 184}, {""id"": 700250, ""name"": ""Ben Rice"", ""bats"": ""L"", ""obp"": 0.3854166666666667, ""slg"": 0.6441717791411042, ""iso"": 0.35582822085889565, ""ab"": 163}]","[{""id"": 802415, ""name"": ""Chandler Simpson"", ""bats"": ""L"", ""obp"": 0.32142857142857145, ""slg"": 0.3423913043478261, ""iso"": 0.05434782608695654, ""ab"": 184}, {""id"": 691406, ""name"": ""Junior Caminero"", ""bats"": ""R"", ""obp"": 0.35714285714285715, ""slg"": 0.5081967213114754, ""iso"": 0.24043715846994534, ""ab"": 183}, {""id"": 666018, ""name"": ""Jonathan Aranda"", ""bats"": ""L"", ""obp"": 0.3701923076923077, ""slg"": 0.4444444444444444, ""iso"": 0.18128654970760233, ""ab"": 171}]","[{""name"": ""away_top3c_iso"", ""value"": 0.158, ""contribution"": -0.1529}, {""name"": ""era_gap_t1"", ""value"": 1.3982, ""contribution"": 0.086}, {""name"": ""away_top3_ops_vs_oppHand"", ""value"": 0.8113, ""contribution"": 0.0764}, {""name"": ""away_top3c_slg"", ""value"": 0.4312, ""contribution"": 0.0698}, {""name"": ""fi_park_nrfi_rate"", ""value"": 0.4526, ""contribution"": 0.0644}]","[{""name"": ""home_top3c_iso"", ""value"": 0.2809, ""contribution"": 0.2203}, {""name"": ""home_top3c_slg"", ""value"": 0.5199, ""contribution"": -0.1654}, {""name"": ""fi_park_nrfi_rate"", ""value"": 0.4526, ""contribution"": 0.1088}, {""name"": ""home_top3_ops_vs_oppHand"", ""value"": 0.8653, ""contribution"": 0.0999}, {""name"": ""away_whiff_pct_rank"", ""value"": 18.0, ""contribution"": 0.099}]",621660,0.499,4.2,4.133,50.0,18.0,0.7335,0.7272,5.0,6.33,0.8113,0.8653,R,R,NRFI,PASS,0,0,0,2026-05-22T23:27:01+00:00,-115,-110,DraftKings,2026-05-22T22:58:31+00:00,0.5349,0.5238,-0.1473,0.0886,,N,,,-115,-110,2026-05-22T22:58:31+00:00,,0.4617,PASS,NO EDGE,,,,,,,
2026-05-22,2026,824922,1,N,WSH,ATL,7:15 PM ET,Richard Lovelady,Bryce Elder,663992,693821,sm,live,live,live,0.98,0.4754,0.6196,1.095,0.3438,0.4296,0.7734,0.4349,0.5651,0.2991,0.7009,,,PASS,LOW LAMBDA,PASS - Low lambda,4,2026-05-22T23:14:21Z,3.647,3.298,1.39,1.147,4.32,3.739,4.04,2.91,1.1,0.89,8.8,7.89,0.323,0.326,0.412,0.436,5.265,5.205,25.1,14.3,74.0,0.0,0.8,0.5,0.8,0.5,0.3448,0.35,0.459,0.461,0.1934,0.2116,lineup,lineup,"[{""id"": 660670, ""name"": ""Ronald Acu\u00f1a Jr."", ""bats"": ""R"", ""obp"": 0.3696969696969697, ""slg"": 0.38405797101449274, ""iso"": 0.12318840579710144, ""ab"": 138}, {""id"": 643289, ""name"": ""Mauricio Dub\u00f3n"", ""bats"": ""R"", ""obp"": 0.31413612565445026, ""slg"": 0.3954802259887006, ""iso"": 0.13559322033898308, ""ab"": 177}, {""id"": 621566, ""name"": ""Matt Olson"", ""bats"": ""L"", ""obp"": 0.35267857142857145, ""slg"": 0.5685279187817259, ""iso"": 0.2944162436548224, ""ab"": 197}]","[{""id"": 695578, ""name"": ""James Wood"", ""bats"": ""L"", ""obp"": 0.3900414937759336, ""slg"": 0.5228426395939086, ""iso"": 0.2690355329949239, ""ab"": 197}, {""id"": 665953, ""name"": ""Andr\u00e9s Chaparro"", ""bats"": ""R"", ""obp"": 0.3333333333333333, ""slg"": 0.25, ""iso"": 0.08333333333333334, ""ab"": 12}, {""id"": 678554, ""name"": ""Curtis Mead"", ""bats"": ""R"", ""obp"": 0.3524590163934426, ""slg"": 0.4215686274509804, ""iso"": 0.19607843137254902, ""ab"": 102}]","[{""name"": ""away_top3c_iso"", ""value"": 0.2116, ""contribution"": 0.2533}, {""name"": ""away_top3c_slg"", ""value"": 0.461, ""contribution"": -0.1381}, {""name"": ""home_avg_ip_per_start"", ""value"": 6.5333, ""contribution"": -0.0866}, {""name"": ""away_top3_ops_vs_oppHand"", ""value"": 0.8137, ""contribution"": 0.08}, {""name"": ""wx_humidity"", ""value"": 74.0, ""contribution"": -0.064}]","[{""name"": ""away_avg_ip_per_start"", ""value"": 1.6667, ""contribution"": 0.1596}, {""name"": ""home_top3_ops_vs_oppHand"", ""value"": 0.696, ""contribution"": -0.0601}, {""name"": ""away_p_last10_pitcher_nrfi"", ""value"": 0.5, ""contribution"": 0.0422}, {""name"": ""home_top3c_slg"", ""value"": 0.459, ""contribution"": -0.0383}, {""name"": ""away_p_last5_pitcher_nrfi"", ""value"": 0.5, ""contribution"": 0.0359}]",665297,0.4839,4.332,3.21,24.0,48.0,0.6509,0.7136,6.53,1.67,0.8137,0.696,L,R,NRFI,PASS,0,0,0,2026-05-22T23:27:42+00:00,-115,-110,DraftKings,2026-05-22T23:12:58+00:00,0.5349,0.5238,-0.1,0.0413,,N,,,-115,-110,2026-05-22T23:12:58+00:00,,0.4575,PASS,NO EDGE,,,,,,,
2026-05-23,2026,823787,1,N,LAD,MIL,7:15 PM ET,Roki Sasaki,Robert Gasser,808963,688107,ltd,sm,live,live,1.03,0.5429,0.6718,1.2147,0.3207,0.2611,0.5817,0.5637,0.4363,0.3427,0.6573,,,NRFI,STRONG,STRONG NRFI,4,2026-05-23T21:45:02Z,4.675,4.2,1.381,1.259,5.008,4.085,3.64,3.07,1.66,1.1,8.48,8.57,0.336,0.33,0.422,0.376,4.932,4.913,,,,1.0,0.6667,1.0,0.6667,0.9,0.3964,0.3575,0.4691,0.4518,0.1745,0.1976,lineup,lineup,"[{""id"": 694192, ""name"": ""Jackson Chourio"", ""bats"": ""R"", ""obp"": 0.323943661971831, ""slg"": 0.40298507462686567, ""iso"": 0.11940298507462688, ""ab"": 67}, {""id"": 668930, ""name"": ""Brice Turang"", ""bats"": ""L"", ""obp"": 0.4097560975609756, ""slg"": 0.48520710059171596, ""iso"": 0.1952662721893491, ""ab"": 169}, {""id"": 683734, ""name"": ""Andrew Vaughn"", ""bats"": ""R"", ""obp"": 0.44680851063829785, ""slg"": 0.5128205128205128, ""iso"": 0.17948717948717946, ""ab"": 39}]","[{""id"": 660271, ""name"": ""Shohei Ohtani"", ""bats"": ""L"", ""obp"": 0.39908256880733944, ""slg"": 0.48295454545454547, ""iso"": 0.21022727272727276, ""ab"": 176}, {""id"": 605141, ""name"": ""Mookie Betts"", ""bats"": ""R"", ""obp"": 0.2638888888888889, ""slg"": 0.4, ""iso"": 0.2153846153846154, ""ab"": 65}, {""id"": 518692, ""name"": ""Freddie Freeman"", ""bats"": ""L"", ""obp"": 0.34615384615384615, ""slg"": 0.44021739130434784, ""iso"": 0.17934782608695654, ""ab"": 184}]","[{""name"": ""away_top3c_iso"", ""value"": 0.1976, ""contribution"": 0.1477}, {""name"": ""home_avg_ip_per_start"", ""value"": 3.2222, ""contribution"": 0.1349}, {""name"": ""fi_park_nrfi_rate"", ""value"": 0.5899, ""contribution"": -0.1304}, {""name"": ""away_top3c_obp"", ""value"": 0.3575, ""contribution"": 0.0855}, {""name"": ""away_top3c_slg"", ""value"": 0.4518, ""contribution"": -0.0735}]","[{""name"": ""fi_park_nrfi_rate"", ""value"": 0.5899, ""contribution"": -0.2204}, {""name"": ""wx_is_dome"", ""value"": 1.0, ""contribution"": -0.0866}, {""name"": ""home_top3c_slg"", ""value"": 0.4691, ""contribution"": -0.0594}, {""name"": ""home_obp"", ""value"": 0.3305, ""contribution"": 0.0516}, {""name"": ""home_top3c_obp"", ""value"": 0.3964, ""contribution"": 0.0479}]",503586,0.4946,4.2,5.909,50.0,53.0,0.7136,0.7136,3.22,5.53,0.7263,0.7977,R,L,YRFI,LOSS,0,3,3,2026-05-23T23:41:08+00:00,-105,-125,DraftKings,2026-05-23T22:29:28+00:00,0.5122,0.5556,0.0515,-0.1193,0.0515,Y,1,-1,-105,-125,2026-05-23T21:58:52+00:00,0,0.5651,NRFI,STRONG,,,,,,,
2026-05-23,2026,824760,1,N,MIN,BOS,4:10 PM ET,Taj Bradley,Jovani Morán,671737,663558,live,sm,live,live,1.05,0.5664,0.5145,1.0809,0.3205,0.3381,0.6586,0.4901,0.5099,0.294,0.706,,,PASS,NO EDGE,PASS - No edge,4,2026-05-23T20:05:12Z,3.871,3.644,1.243,1.21,3.888,4.359,3.39,3.73,1.07,1.29,9.07,9.37,0.321,0.314,0.392,0.375,4.629,3.915,13.0,13.0,69.0,0.0,0.0,0.4,0.0,0.6,0.3167,0.3653,0.399,0.4728,0.1471,0.2033,lineup,lineup,"[{""id"": 680776, ""name"": ""Jarren Duran"", ""bats"": ""L"", ""obp"": 0.2639593908629442, ""slg"": 0.3539325842696629, ""iso"": 0.16292134831460672, ""ab"": 178}, {""id"": 681508, ""name"": ""Mickey Gasper"", ""bats"": ""S"", ""obp"": 0.35294117647058826, ""slg"": 0.3939393939393939, ""iso"": 0.06060606060606061, ""ab"": 33}, {""id"": 677800, ""name"": ""Wilyer Abreu"", ""bats"": ""L"", ""obp"": 0.36018957345971564, ""slg"": 0.4421052631578947, ""iso"": 0.1473684210526316, ""ab"": 190}]","[{""id"": 621439, ""name"": ""Byron Buxton"", ""bats"": ""R"", ""obp"": 0.32160804020100503, ""slg"": 0.5879120879120879, ""iso"": 0.3241758241758242, ""ab"": 182}, {""id"": 681546, ""name"": ""James Outman"", ""bats"": ""L"", ""obp"": 0.2413793103448276, ""slg"": 0.2962962962962963, ""iso"": 0.1111111111111111, ""ab"": 54}, {""id"": 668885, ""name"": ""Austin Martin"", ""bats"": ""R"", ""obp"": 0.4129032258064516, ""slg"": 0.3984375, ""iso"": 0.1015625, ""ab"": 128}]","[{""name"": ""home_avg_ip_per_start"", ""value"": 1.0, ""contribution"": 0.2835}, {""name"": ""away_top3c_slg"", ""value"": 0.4728, ""contribution"": -0.2203}, {""name"": ""away_top3c_iso"", ""value"": 0.2033, ""contribution"": 0.1906}, {""name"": ""away_top3_ops_vs_oppHand"", ""value"": 0.6517, ""contribution"": -0.1668}, {""name"": ""home_p_last5_pitcher_nrfi"", ""value"": 0.0, ""contribution"": -0.1241}]","[{""name"": ""home_top3c_slg"", ""value"": 0.399, ""contribution"": 0.0868}, {""name"": ""home_top3c_iso"", ""value"": 0.1471, ""contribution"": -0.0654}, {""name"": ""home_top3_ops_vs_oppHand"", ""value"": 0.7017, ""contribution"": -0.0548}, {""name"": ""away_p_last5_pitcher_nrfi"", ""value"": 0.4, ""contribution"": 0.0521}, {""name"": ""away_avg_ip_per_start"", ""value"": 6.0667, ""contribution"": -0.0361}]",668921,0.5084,2.64,4.08,87.0,52.0,0.7136,0.751,1.0,6.07,0.6517,0.7017,R,L,YRFI,PASS,2,0,2,2026-05-23T20:27:06+00:00,-145,+110,DraftKings,2026-05-23T21:13:21+00:00,0.5918,0.4762,-0.1017,0.0337,,N,,,-145,+110,2026-05-23T20:08:12+00:00,,0.6268,NRFI,STRONG,,,,,,,
2026-05-23,2026,824518,1,S,STL,CIN,1:10 PM ET,Andre Pallante,Chris Paddack,669467,663978,live,live,live,live,1.09,0.6225,0.6353,1.2579,0.4761,0.3816,0.8577,0.3841,0.6159,0.3582,0.6418,,,YRFI,STRONG,STRONG YRFI,4,2026-05-23T16:04:21Z,4.611,6.153,1.39,1.444,4.505,4.884,3.47,2.44,1.13,1.66,6.81,6.98,0.319,0.313,0.393,0.397,4.477,4.438,23.3,8.7,76.0,0.0,0.4,0.6,0.5,0.5,0.3628,0.3675,0.5343,0.4358,0.2532,0.1718,lineup,lineup,"[{""id"": 668709, ""name"": ""JJ Bleday"", ""bats"": ""L"", ""obp"": 0.40217391304347827, ""slg"": 0.6363636363636364, ""iso"": 0.33766233766233766, ""ab"": 77}, {""id"": 682829, ""name"": ""Elly De La Cruz"", ""bats"": ""S"", ""obp"": 0.35585585585585583, ""slg"": 0.525, ""iso"": 0.23500000000000004, ""ab"": 200}, {""id"": 701398, ""name"": ""Sal Stewart"", ""bats"": ""R"", ""obp"": 0.3532110091743119, ""slg"": 0.5026455026455027, ""iso"": 0.23809523809523814, ""ab"": 189}]","[{""id"": 802139, ""name"": ""JJ Wetherholt"", ""bats"": ""L"", ""obp"": 0.3574660633484163, ""slg"": 0.41304347826086957, ""iso"": 0.17391304347826086, ""ab"": 184}, {""id"": 671056, ""name"": ""Iv\u00e1n Herrera"", ""bats"": ""R"", ""obp"": 0.38565022421524664, ""slg"": 0.4262295081967213, ""iso"": 0.16393442622950816, ""ab"": 183}, {""id"": 676475, ""name"": ""Alec Burleson"", ""bats"": ""L"", ""obp"": 0.3588516746411483, ""slg"": 0.46774193548387094, ""iso"": 0.17741935483870963, ""ab"": 186}]","[{""name"": ""away_top3_ops_vs_oppHand"", ""value"": 0.849, ""contribution"": 0.1338}, {""name"": ""away_top3c_obp"", ""value"": 0.3675, ""contribution"": 0.1306}, {""name"": ""era_gap_t1"", ""value"": 1.5425, ""contribution"": 0.0949}, {""name"": ""home_fip"", ""value"": 4.8845, ""contribution"": 0.0874}, {""name"": ""wx_humidity"", ""value"": 76.0, ""contribution"": -0.0721}]","[{""name"": ""home_top3c_slg"", ""value"": 0.5343, ""contribution"": -0.1955}, {""name"": ""home_top3c_iso"", ""value"": 0.2532, ""contribution"": 0.1612}, {""name"": ""home_top3_ops_vs_oppHand"", ""value"": 0.9153, ""contribution"": 0.1472}, {""name"": ""era_gap_b1"", ""value"": -1.5425, ""contribution"": -0.0738}, {""name"": ""away_p_last10_pitcher_nrfi"", ""value"": 0.5, ""contribution"": 0.0422}]",521251,0.4391,4.623,4.364,14.0,56.0,0.6796,0.7797,4.2,5.8,0.849,0.9153,R,R,NRFI,LOSS,0,0,0,2026-05-23T17:24:39+00:00,-105,-130,DraftKings,2026-05-23T16:13:22+00:00,0.5122,0.5652,-0.1281,0.0507,0.0507,Y,1,-1,-105,-130,2026-05-23T16:07:53+00:00,0,0.4658,PASS,NO EDGE,,,,,,,
2026-05-23,2026,823222,1,N,CWS,SF,4:05 PM ET,Bryan Hudson,Adrian Houser,663542,605288,sm,live,live,live,0.94,0.5303,0.4095,0.9398,0.5069,0.3117,0.8186,0.4138,0.5862,0.2421,0.7579,,,PASS,LOW LAMBDA,PASS - Low lambda,4,2026-05-23T19:09:36Z,3.221,4.37,1.293,1.388,3.573,4.688,3.29,3.19,0.77,1.15,8.84,5.69,0.321,0.296,0.402,0.382,4.531,3.705,16.7,23.2,77.0,0.0,0.4,1.0,0.3,1.0,0.3188,0.3805,0.433,0.4912,0.154,0.2389,lineup,lineup,"[{""id"": 642715, ""name"": ""Willy Adames"", ""bats"": ""R"", ""obp"": 0.27014218009478674, ""slg"": 0.3781094527363184, ""iso"": 0.14427860696517414, ""ab"": 201}, {""id"": 650333, ""name"": ""Luis Arraez"", ""bats"": ""L"", ""obp"": 0.3592233009708738, ""slg"": 0.42105263157894735, ""iso"": 0.09999999999999998, ""ab"": 190}, {""id"": 669477, ""name"": ""Casey Schmitt"", ""bats"": ""R"", ""obp"": 0.32947976878612717, ""slg"": 0.515527950310559, ""iso"": 0.22981366459627328, ""ab"": 161}]","[{""id"": 803011, ""name"": ""Sam Antonacci"", ""bats"": ""L"", ""obp"": 0.3902439024390244, ""slg"": 0.40384615384615385, ""iso"": 0.11538461538461542, ""ab"": 104}, {""id"": 808959, ""name"": ""Munetaka Murakami"", ""bats"": ""L"", ""obp"": 0.3870967741935484, ""slg"": 0.5542857142857143, ""iso"": 0.30857142857142855, ""ab"": 175}, {""id"": 678246, ""name"": ""Miguel Vargas"", ""bats"": ""R"", ""obp"": 0.36792452830188677, ""slg"": 0.4797687861271676, ""iso"": 0.24277456647398843, ""ab"": 173}]","[{""name"": ""away_top3c_iso"", ""value"": 0.2389, ""contribution"": 0.4607}, {""name"": ""away_top3c_slg"", ""value"": 0.4912, ""contribution"": -0.3482}, {""name"": ""away_top3c_obp"", ""value"": 0.3805, ""contribution"": 0.1888}, {""name"": ""away_top3_ops_vs_oppHand"", ""value"": 0.846, ""contribution"": 0.1292}, {""name"": ""wx_humidity"", ""value"": 77.0, ""contribution"": -0.0761}]","[{""name"": ""away_avg_ip_per_start"", ""value"": 1.0, ""contribution"": 0.1893}, {""name"": ""home_top3_ops_vs_oppHand"", ""value"": 0.6677, ""contribution"": -0.0869}, {""name"": ""home_obp"", ""value"": 0.2959, ""contribution"": -0.072}, {""name"": ""era_gap_b1"", ""value"": -1.1492, ""contribution"": -0.055}, {""name"": ""wx_wind_kmh"", ""value"": 23.2, ""contribution"": 0.0549}]",665299,0.5084,4.301,2.84,10.0,50.0,0.6796,0.7136,5.27,1.0,0.846,0.6677,L,R,NRFI,PASS,0,0,0,2026-05-23T20:21:01+00:00,+115,-145,DraftKings,2026-05-23T20:01:37+00:00,0.4651,0.5918,-0.0513,-0.0056,,N,,,+115,-145,2026-05-23T20:01:37+00:00,,0.4658,PASS,NO EDGE,,,,,,,
2026-05-23,2026,825080,1,N,COL,ARI,10:10 PM ET,Michael Lorenzen,Zac Gallen,547179,668678,live,live,live,live,1.0,0.5295,0.6297,1.1592,0.3423,0.4051,0.7474,0.4476,0.5524,0.3226,0.6774,,,PASS,NO EDGE,PASS - No edge,4,2026-05-24T01:44:35Z,5.946,4.802,1.647,1.354,4.922,4.582,2.86,2.91,1.64,1.36,7.34,7.12,0.312,0.312,0.387,0.399,4.201,4.5,,,,1.0,0.4,0.6,0.5,0.7,0.3434,0.3289,0.4377,0.4544,0.1887,0.189,lineup,lineup,"[{""id"": 606466, ""name"": ""Ketel Marte"", ""bats"": ""S"", ""obp"": 0.2955665024630542, ""slg"": 0.41711229946524064, ""iso"": 0.17647058823529413, ""ab"": 187}, {""id"": 682998, ""name"": ""Corbin Carroll"", ""bats"": ""L"", ""obp"": 0.39195979899497485, ""slg"": 0.5508982035928144, ""iso"": 0.2634730538922156, ""ab"": 167}, {""id"": 672695, ""name"": ""Geraldo Perdomo"", ""bats"": ""S"", ""obp"": 0.3435897435897436, ""slg"": 0.34375, ""iso"": 0.125, ""ab"": 160}]","[{""id"": 664983, ""name"": ""Jake McCarthy"", ""bats"": ""L"", ""obp"": 0.3305785123966942, ""slg"": 0.45454545454545453, ""iso"": 0.17272727272727273, ""ab"": 110}, {""id"": 696100, ""name"": ""Hunter Goodman"", ""bats"": ""R"", ""obp"": 0.30412371134020616, ""slg"": 0.47191011235955055, ""iso"": 0.23033707865168537, ""ab"": 178}, {""id"": 681198, ""name"": ""TJ Rumfield"", ""bats"": ""L"", ""obp"": 0.35121951219512193, ""slg"": 0.4371584699453552, ""iso"": 0.15846994535519127, ""ab"": 183}]","[{""name"": ""fi_park_nrfi_rate"", ""value"": 0.4239, ""contribution"": 0.1051}, {""name"": ""away_top3_ops_vs_oppHand"", ""value"": 0.8223, ""contribution"": 0.0932}, {""name"": ""away_top3c_slg"", ""value"": 0.4544, ""contribution"": -0.0915}, {""name"": ""away_top3c_iso"", ""value"": 0.189, ""contribution"": 0.0818}, {""name"": ""era_gap_t1"", ""value"": -1.1436, ""contribution"": -0.0702}]","[{""name"": ""fi_park_nrfi_rate"", ""value"": 0.4239, ""contribution"": 0.1776}, {""name"": ""wx_is_dome"", ""value"": 1.0, ""contribution"": -0.0866}, {""name"": ""era_gap_b1"", ""value"": 1.1436, ""contribution"": 0.0546}, {""name"": ""away_whiff_pct_rank"", ""value"": 38.0, ""contribution"": 0.0374}, {""name"": ""home_top3c_iso"", ""value"": 0.1887, ""contribution"": 0.0234}]",427128,0.4785,4.131,4.664,29.0,38.0,0.7091,0.6942,4.67,5.4,0.8223,0.7397,R,R,NRFI,PASS,0,0,0,2026-05-24T02:25:08+00:00,-105,-125,DraftKings,2026-05-24T01:58:54+00:00,0.5122,0.5556,-0.0646,-0.0032,,N,,,-105,-125,2026-05-24T01:58:54+00:00,,0.4736,PASS,NO EDGE,,,,,,,
2026-05-23,2026,824030,1,N,TEX,LAA,10:05 PM ET,Nathan Eovaldi,Walbert Ureña,543135,700712,live,ltd,live,live,0.99,0.4925,0.4173,0.9098,0.3423,0.3723,0.7146,0.4794,0.5206,0.2311,0.7689,,,PASS,NO EDGE,PASS - No edge,4,2026-05-24T01:44:35Z,2.817,3.504,1.023,1.301,3.612,4.059,1.76,3.94,1.25,0.91,9.05,8.48,0.318,0.313,0.385,0.387,4.085,4.142,23.0,14.7,61.0,0.0,1.0,0.6,1.0,0.6,0.3487,0.3577,0.4283,0.4324,0.1906,0.1538,lineup,lineup,"[{""id"": 687263, ""name"": ""Zach Neto"", ""bats"": ""R"", ""obp"": 0.3305439330543933, ""slg"": 0.4264705882352941, ""iso"": 0.20588235294117646, ""ab"": 204}, {""id"": 545361, ""name"": ""Mike Trout"", ""bats"": ""R"", ""obp"": 0.4043478260869565, ""slg"": 0.48333333333333334, ""iso"": 0.24444444444444444, ""ab"": 180}, {""id"": 694384, ""name"": ""Nolan Schanuel"", ""bats"": ""L"", ""obp"": 0.3073170731707317, ""slg"": 0.3776595744680851, ""iso"": 0.12234042553191493, ""ab"": 188}]","[{""id"": 592626, ""name"": ""Joc Pederson"", ""bats"": ""L"", ""obp"": 0.3597122302158273, ""slg"": 0.36283185840707965, ""iso"": 0.12389380530973451, ""ab"": 113}, {""id"": 607043, ""name"": ""Brandon Nimmo"", ""bats"": ""L"", ""obp"": 0.35377358490566035, ""slg"": 0.44148936170212766, ""iso"": 0.16489361702127658, ""ab"": 188}, {""id"": 673962, ""name"": ""Josh Jung"", ""bats"": ""R"", ""obp"": 0.3604060913705584, ""slg"": 0.4666666666666667, ""iso"": 0.1611111111111111, ""ab"": 180}]","[{""name"": ""away_top3c_iso"", ""value"": 0.1538, ""contribution"": -0.1844}, {""name"": ""away_top3c_obp"", ""value"": 0.3577, ""contribution"": 0.0862}, {""name"": ""fi_park_nrfi_rate"", ""value"": 0.4526, ""contribution"": 0.0644}, {""name"": ""away_top3c_slg"", ""value"": 0.4324, ""contribution"": 0.0614}, {""name"": ""home_xera"", ""value"": 2.4971, ""contribution"": -0.0583}]","[{""name"": ""fi_park_nrfi_rate"", ""value"": 0.4526, ""contribution"": 0.1088}, {""name"": ""away_whiff_pct_rank"", ""value"": 84.0, ""contribution"": -0.1044}, {""name"": ""away_avg_ip_per_start"", ""value"": 6.6, ""contribution"": -0.0598}, {""name"": ""era_gap_b1"", ""value"": -0.6869, ""contribution"": -0.0329}, {""name"": ""wx_is_dome"", ""value"": 0.0, ""contribution"": 0.0301}]",482666,0.522,2.497,3.211,50.0,84.0,0.7136,0.7412,5.13,6.6,0.7973,0.779,R,R,YRFI,PASS,0,2,2,2026-05-24T02:19:45+00:00,-145,+115,DraftKings,2026-05-24T01:58:54+00:00,0.5918,0.4651,-0.1124,0.0555,,N,,,-145,+115,2026-05-24T01:58:54+00:00,,0.4877,PASS,NO EDGE,,,,,,,
2026-05-23,2026,823543,1,N,TB,NYY,1:35 PM ET,Drew Rasmussen,Ryan Weathers,656876,677960,live,ltd,live,live,1.02,0.5123,0.4559,0.9682,0.3541,0.3579,0.712,0.4816,0.5184,0.2526,0.7474,,,PASS,LINEUP PENDING,PASS - Lineup pending,4,2026-05-23T07:45:00Z,2.995,3.817,1.009,1.191,3.824,3.944,1.93,2.59,1.21,1.4,8.07,9.98,0.331,0.325,0.394,0.422,4.742,4.769,11.0,11.2,77.0,0.0,0.8,0.8,0.7,0.8,0.3253,0.3305,0.4217,0.394,0.169,0.169,team_fallback,team_fallback,[],[],"[{""name"": ""away_top3c_slg"", ""value"": 0.394, ""contribution"": 0.3295}, {""name"": ""wx_humidity"", ""value"": 77.0, ""contribution"": -0.0761}, {""name"": ""away_top3c_iso"", ""value"": 0.169, ""contribution"": -0.0695}, {""name"": ""fi_park_nrfi_rate"", ""value"": 0.4526, ""contribution"": 0.0644}, {""name"": ""home_whiff_pct_rank"", ""value"": 88.0, ""contribution"": -0.0643}]","[{""name"": ""fi_park_nrfi_rate"", ""value"": 0.4526, ""contribution"": 0.1088}, {""name"": ""home_top3c_slg"", ""value"": 0.4217, ""contribution"": 0.0394}, {""name"": ""era_gap_b1"", ""value"": -0.822, ""contribution"": -0.0394}, {""name"": ""home_top3_ops_vs_oppHand"", ""value"": 0.72, ""contribution"": -0.0374}, {""name"": ""home_obp"", ""value"": 0.3253, ""contribution"": 0.0331}]",,0.5084,4.324,3.299,88.0,44.0,0.7272,0.7138,5.87,5.67,0.72,0.72,R,L,POSTPONED,POSTPONED,,,,2026-05-25T03:55:05+00:00,,,,,,,,,,,,,,,,,0.4639,PASS,NO EDGE,,,,,,,
2026-05-23,2026,823300,1,N,OAK,SD,9:40 PM ET,J.T. Ginn,Lucas Giolito,669372,608337,live,live,live,live,0.95,0.4918,0.4686,0.9604,0.4169,0.2757,0.6926,0.4901,0.5099,0.2497,0.7503,,,PASS,NO EDGE,PASS - No edge,4,2026-05-24T01:14:44Z,3.803,3.631,1.186,1.236,4.207,4.198,3.02,3.69,1.28,0.94,8.56,7.28,0.326,0.298,0.398,0.378,4.462,4.223,20.9,13.9,66.0,0.0,0.8,1.0,0.9,0.7,0.3209,0.4174,0.419,0.529,0.1598,0.2199,lineup,lineup,"[{""id"": 665487, ""name"": ""Fernando Tatis Jr."", ""bats"": ""R"", ""obp"": 0.3157894736842105, ""slg"": 0.2786885245901639, ""iso"": 0.038251366120218566, ""ab"": 183}, {""id"": 609280, ""name"": ""Miguel Andujar"", ""bats"": ""R"", ""obp"": 0.3129251700680272, ""slg"": 0.5, ""iso"": 0.2112676056338028, ""ab"": 142}, {""id"": 657757, ""name"": ""Gavin Sheets"", ""bats"": ""L"", ""obp"": 0.33548387096774196, ""slg"": 0.5217391304347826, ""iso"": 0.2681159420289855, ""ab"": 138}]","[{""id"": 666126, ""name"": ""Carlos Cortes"", ""bats"": ""L"", ""obp"": 0.42105263157894735, ""slg"": 0.5344827586206896, ""iso"": 0.18965517241379304, ""ab"": 116}, {""id"": 701762, ""name"": ""Nick Kurtz"", ""bats"": ""L"", ""obp"": 0.4434782608695652, ""slg"": 0.4887640449438202, ""iso"": 0.2078651685393258, ""ab"": 178}, {""id"": 669127, ""name"": ""Shea Langeliers"", ""bats"": ""R"", ""obp"": 0.3867924528301887, ""slg"": 0.5638297872340425, ""iso"": 0.25, ""ab"": 188}]","[{""name"": ""away_top3c_slg"", ""value"": 0.529, ""contribution"": -0.6124}, {""name"": ""away_top3c_obp"", ""value"": 0.4174, ""contribution"": 0.3549}, {""name"": ""away_top3_ops_vs_oppHand"", ""value"": 0.973, ""contribution"": 0.3227}, {""name"": ""away_top3c_iso"", ""value"": 0.2199, ""contribution"": 0.3165}, {""name"": ""fi_park_nrfi_rate"", ""value"": 0.5409, ""contribution"": -0.0609}]","[{""name"": ""fi_park_nrfi_rate"", ""value"": 0.5409, ""contribution"": -0.103}, {""name"": ""away_whiff_pct_rank"", ""value"": 82.0, ""contribution"": -0.0982}, {""name"": ""home_obp"", ""value"": 0.2983, ""contribution"": -0.0634}, {""name"": ""away_p_last5_pitcher_nrfi"", ""value"": 1.0, ""contribution"": -0.0455}, {""name"": ""home_top3c_slg"", ""value"": 0.419, ""contribution"": 0.0451}]",427113,0.5139,4.2,3.667,50.0,82.0,0.6942,0.7136,4.93,5.93,0.973,0.79,R,R,NRFI,PASS,0,0,0,2026-05-24T02:00:37+00:00,-120,-110,DraftKings,2026-05-24T01:44:52+00:00,0.5455,0.5238,-0.0554,-0.0139,,N,,,-120,-110,2026-05-24T01:39:32+00:00,,0.4877,PASS,NO EDGE,,,,,,,
2026-05-23,2026,824516,2,S,STL,CIN,7:15 PM ET,Kyle Leahy,Chase Petty,681517,695534,live,sm,live,live,1.09,0.5638,0.5732,1.137,0.4336,0.3924,0.826,0.4047,0.5953,0.3145,0.6855,,,PASS,LOW LAMBDA,PASS - Low lambda,4,2026-05-23T22:45:22Z,3.669,4.238,1.404,1.237,4.126,4.438,3.47,2.99,0.96,1.27,7.5,7.94,0.321,0.311,0.395,0.395,4.531,4.386,22.4,9.5,81.0,0.0,0.6667,1.0,0.6667,0.9,0.3739,0.3675,0.5607,0.4358,0.2623,0.1718,lineup,lineup,"[{""id"": 694362, ""name"": ""Blake Dunn"", ""bats"": ""R"", ""obp"": 0.41935483870967744, ""slg"": 0.6071428571428571, ""iso"": 0.24999999999999994, ""ab"": 28}, {""id"": 682829, ""name"": ""Elly De La Cruz"", ""bats"": ""S"", ""obp"": 0.35585585585585583, ""slg"": 0.525, ""iso"": 0.23500000000000004, ""ab"": 200}, {""id"": 668709, ""name"": ""JJ Bleday"", ""bats"": ""L"", ""obp"": 0.40217391304347827, ""slg"": 0.6363636363636364, ""iso"": 0.33766233766233766, ""ab"": 77}]","[{""id"": 802139, ""name"": ""JJ Wetherholt"", ""bats"": ""L"", ""obp"": 0.3574660633484163, ""slg"": 0.41304347826086957, ""iso"": 0.17391304347826086, ""ab"": 184}, {""id"": 671056, ""name"": ""Iv\u00e1n Herrera"", ""bats"": ""R"", ""obp"": 0.38565022421524664, ""slg"": 0.4262295081967213, ""iso"": 0.16393442622950816, ""ab"": 183}, {""id"": 676475, ""name"": ""Alec Burleson"", ""bats"": ""L"", ""obp"": 0.3588516746411483, ""slg"": 0.46774193548387094, ""iso"": 0.17741935483870963, ""ab"": 186}]","[{""name"": ""away_top3_ops_vs_oppHand"", ""value"": 0.8603, ""contribution"": 0.1511}, {""name"": ""away_top3c_obp"", ""value"": 0.3675, ""contribution"": 0.1306}, {""name"": ""home_avg_ip_per_start"", ""value"": 3.6667, ""contribution"": 0.1051}, {""name"": ""wx_humidity"", ""value"": 81.0, ""contribution"": -0.0923}, {""name"": ""away_top3c_iso"", ""value"": 0.1718, ""contribution"": -0.0483}]","[{""name"": ""home_top3c_slg"", ""value"": 0.5607, ""contribution"": -0.2504}, {""name"": ""home_top3_ops_vs_oppHand"", ""value"": 1.005, ""contribution"": 0.232}, {""name"": ""home_top3c_iso"", ""value"": 0.2623, ""contribution"": 0.1806}, {""name"": ""away_whiff_pct_rank"", ""value"": 32.0, ""contribution"": 0.0558}, {""name"": ""away_p_last5_pitcher_nrfi"", ""value"": 1.0, ""contribution"": -0.0455}]",483630,0.522,4.2,4.459,50.0,32.0,0.6796,0.7136,3.67,5.33,0.8603,1.005,R,R,NRFI,PASS,0,0,0,2026-05-23T23:29:31+00:00,+105,-135,DraftKings,2026-05-23T23:15:25+00:00,0.4878,0.5745,-0.0729,0.0106,,N,,,+105,-135,2026-05-23T23:10:02+00:00,,0.4617,PASS,NO EDGE,,,,,,,
2026-05-23,2026,824920,1,N,WSH,ATL,4:10 PM ET,Jake Irvin,Grant Holmes,663623,656550,live,live,live,live,0.98,0.6061,0.6978,1.3039,0.313,0.5107,0.8236,0.4076,0.5924,0.3746,0.6254,,,PASS,LOW LAMBDA,PASS - Low lambda,4,2026-05-23T20:05:12Z,5.748,3.891,1.457,1.301,4.947,4.653,3.63,4.19,1.61,1.3,8.2,8.33,0.322,0.326,0.412,0.434,5.246,5.201,23.7,14.8,81.0,0.0,0.6,0.6,0.8,0.5,0.3431,0.3373,0.4913,0.4578,0.2186,0.2067,lineup,lineup,"[{""id"": 660670, ""name"": ""Ronald Acu\u00f1a Jr."", ""bats"": ""R"", ""obp"": 0.36470588235294116, ""slg"": 0.3732394366197183, ""iso"": 0.11971830985915494, ""ab"": 142}, {""id"": 671739, ""name"": ""Michael Harris II"", ""bats"": ""L"", ""obp"": 0.32044198895027626, ""slg"": 0.5144508670520231, ""iso"": 0.21965317919075145, ""ab"": 173}, {""id"": 621566, ""name"": ""Matt Olson"", ""bats"": ""L"", ""obp"": 0.34497816593886466, ""slg"": 0.5544554455445545, ""iso"": 0.28712871287128716, ""ab"": 202}]","[{""id"": 695578, ""name"": ""James Wood"", ""bats"": ""L"", ""obp"": 0.3902439024390244, ""slg"": 0.5174129353233831, ""iso"": 0.26368159203980096, ""ab"": 201}, {""id"": 671277, ""name"": ""Luis Garc\u00eda Jr."", ""bats"": ""L"", ""obp"": 0.2795031055900621, ""slg"": 0.3961038961038961, ""iso"": 0.1428571428571429, ""ab"": 154}, {""id"": 677588, ""name"": ""Jos\u00e9 Tena"", ""bats"": ""L"", ""obp"": 0.30097087378640774, ""slg"": 0.43157894736842106, ""iso"": 0.18947368421052632, ""ab"": 95}]","[{""name"": ""away_top3c_iso"", ""value"": 0.2067, ""contribution"": 0.216}, {""name"": ""away_top3c_slg"", ""value"": 0.4578, ""contribution"": -0.1154}, {""name"": ""era_gap_t1"", ""value"": -1.8575, ""contribution"": -0.114}, {""name"": ""wx_humidity"", ""value"": 81.0, ""contribution"": -0.0923}, {""name"": ""home_fip"", ""value"": 4.6525, ""contribution"": 0.0635}]","[{""name"": ""away_whiff_pct_rank"", ""value"": 7.0, ""contribution"": 0.1329}, {""name"": ""home_top3_ops_vs_oppHand"", ""value"": 0.8793, ""contribution"": 0.1132}, {""name"": ""home_top3c_slg"", ""value"": 0.4913, ""contribution"": -0.1057}, {""name"": ""era_gap_b1"", ""value"": 1.8575, ""contribution"": 0.0887}, {""name"": ""home_top3c_iso"", ""value"": 0.2186, ""contribution"": 0.0872}]",427292,0.5307,4.794,5.257,50.0,7.0,0.7136,0.7879,5.13,4.53,0.7877,0.8793,R,R,NRFI,PASS,0,0,0,2026-05-23T20:26:06+00:00,+100,-130,DraftKings,2026-05-23T21:13:21+00:00,0.5,0.5652,-0.1017,0.0365,,N,,,+100,-130,2026-05-23T20:08:12+00:00,,0.4094,YRFI,STRONG,,,,,,,
2026-05-23,2026,824840,1,N,DET,BAL,4:05 PM ET,Framber Valdez,Brandon Young,664285,687064,live,ltd,live,live,1.06,0.6256,0.5279,1.1536,0.3954,0.3155,0.7109,0.4826,0.5174,0.3205,0.6795,,,PASS,LINEUP PENDING,PASS - Lineup pending,4,2026-05-23T16:04:21Z,4.193,4.774,1.333,1.43,3.685,5.041,3.33,3.66,0.77,1.54,7.95,7.55,0.316,0.316,0.381,0.395,3.993,4.386,11.6,13.4,92.0,0.0,0.6,0.8,0.5,0.7,0.316,0.316,0.3954,0.3806,0.169,0.169,team_fallback,team_fallback,[],[],"[{""name"": ""away_top3c_slg"", ""value"": 0.3806, ""contribution"": 0.4228}, {""name"": ""wx_humidity"", ""value"": 92.0, ""contribution"": -0.1369}, {""name"": ""home_fip"", ""value"": 5.0413, ""contribution"": 0.1036}, {""name"": ""away_top3c_obp"", ""value"": 0.316, ""contribution"": -0.1012}, {""name"": ""away_top3c_iso"", ""value"": 0.169, ""contribution"": -0.0695}]","[{""name"": ""home_top3c_slg"", ""value"": 0.3954, ""contribution"": 0.0943}, {""name"": ""away_whiff_pct_rank"", ""value"": 67.0, ""contribution"": -0.052}, {""name"": ""fi_park_nrfi_rate"", ""value"": 0.519, ""contribution"": -0.0505}, {""name"": ""home_top3_ops_vs_oppHand"", ""value"": 0.72, ""contribution"": -0.0374}, {""name"": ""wx_temp_c"", ""value"": 11.6, ""contribution"": -0.0311}]",,0.5084,4.059,3.74,14.0,67.0,0.7136,0.751,4.93,5.0,0.72,0.72,L,R,YRFI,PASS,2,0,2,2026-05-24T22:17:54+00:00,-125,-105,DraftKings,2026-05-23T16:57:16+00:00,0.5556,0.5122,-0.0779,0.0101,,N,,,-125,-105,2026-05-23T16:46:26+00:00,,0.5651,NRFI,STRONG,,,,,,,
2026-05-23,2026,824674,1,N,HOU,CHC,2:20 PM ET,Kai-Wei Teng,Colin Rea,678906,607067,ltd,live,live,live,1.0,0.4821,0.5322,1.0143,0.3319,0.3565,0.6884,0.4901,0.5099,0.2695,0.7305,,,PASS,NO EDGE,PASS - No edge,4,2026-05-23T18:05:00Z,3.79,4.506,1.23,1.347,3.837,4.089,3.49,2.59,0.98,1.14,9.18,7.44,0.32,0.332,0.404,0.397,4.321,4.78,14.8,12.6,88.0,0.0,0.8,0.4,0.9,0.5,0.3369,0.368,0.3641,0.4699,0.1279,0.1976,lineup,lineup,"[{""id"": 691718, ""name"": ""Pete Crow-Armstrong"", ""bats"": ""L"", ""obp"": 0.3106796116504854, ""slg"": 0.375, ""iso"": 0.14673913043478262, ""ab"": 184}, {""id"": 608324, ""name"": ""Alex Bregman"", ""bats"": ""R"", ""obp"": 0.33771929824561403, ""slg"": 0.35, ""iso"": 0.09999999999999998, ""ab"": 200}, {""id"": 683737, ""name"": ""Michael Busch"", ""bats"": ""L"", ""obp"": 0.3607305936073059, ""slg"": 0.3687150837988827, ""iso"": 0.13966480446927373, ""ab"": 179}]","[{""id"": 665161, ""name"": ""Jeremy Pe\u00f1a"", ""bats"": ""R"", ""obp"": 0.296875, ""slg"": 0.3220338983050847, ""iso"": 0.06779661016949151, ""ab"": 59}, {""id"": 670623, ""name"": ""Isaac Paredes"", ""bats"": ""R"", ""obp"": 0.33507853403141363, ""slg"": 0.375, ""iso"": 0.13095238095238096, ""ab"": 168}, {""id"": 701305, ""name"": ""Zach Dezenzo"", ""bats"": ""R"", ""obp"": 0.2702702702702703, ""slg"": 0.4, ""iso"": 0.17142857142857146, ""ab"": 35}]","[{""name"": ""away_top3c_slg"", ""value"": 0.4699, ""contribution"": -0.1998}, {""name"": ""away_top3c_iso"", ""value"": 0.1976, ""contribution"": 0.1472}, {""name"": ""away_top3c_obp"", ""value"": 0.368, ""contribution"": 0.1326}, {""name"": ""wx_humidity"", ""value"": 88.0, ""contribution"": -0.1207}, {""name"": ""fi_park_nrfi_rate"", ""value"": 0.5429, ""contribution"": -0.0637}]","[{""name"": ""home_top3c_slg"", ""value"": 0.3641, ""contribution"": 0.1596}, {""name"": ""fi_park_nrfi_rate"", ""value"": 0.5429, ""contribution"": -0.1077}, {""name"": ""home_top3c_iso"", ""value"": 0.1279, ""contribution"": -0.1065}, {""name"": ""away_avg_ip_per_start"", ""value"": 3.6, ""contribution"": 0.0736}, {""name"": ""home_top3_ops_vs_oppHand"", ""value"": 0.6923, ""contribution"": -0.0636}]",489985,0.4845,4.334,3.808,21.0,62.0,0.7075,0.7136,4.6,3.6,0.759,0.6923,R,R,YRFI,PASS,2,0,2,2026-05-23T18:33:35+00:00,-145,+110,DraftKings,2026-05-23T18:55:18+00:00,0.5918,0.4762,-0.1017,0.0337,,N,,,-145,+110,2026-05-23T18:17:00+00:00,,0.4748,PASS,NO EDGE,,,,,,,
2026-05-23,2026,822814,1,N,PIT,TOR,3:07 PM ET,Paul Skenes,Patrick Corbin,694973,571578,live,live,live,live,1.01,0.5574,0.299,0.8564,0.3195,0.2344,0.5539,0.6033,0.3967,0.2116,0.7884,,,NRFI,STRONG,STRONG NRFI,4,2026-05-23T18:05:00Z,2.346,4.317,0.811,1.423,2.474,4.297,1.61,3.01,0.7,1.09,10.34,6.77,0.33,0.308,0.393,0.378,4.811,4.174,,,,1.0,0.6,0.8,0.6,0.7,0.3411,0.3591,0.3875,0.3816,0.1292,0.1037,lineup,lineup,"[{""id"": 543807, ""name"": ""George Springer"", ""bats"": ""R"", ""obp"": 0.2846715328467153, ""slg"": 0.34959349593495936, ""iso"": 0.14634146341463417, ""ab"": 123}, {""id"": 662139, ""name"": ""Daulton Varsho"", ""bats"": ""L"", ""obp"": 0.34375, ""slg"": 0.43352601156069365, ""iso"": 0.161849710982659, ""ab"": 173}, {""id"": 665489, ""name"": ""Vladimir Guerrero Jr."", ""bats"": ""R"", ""obp"": 0.375, ""slg"": 0.3695652173913043, ""iso"": 0.08695652173913043, ""ab"": 184}]","[{""id"": 693304, ""name"": ""Nick Gonzales"", ""bats"": ""R"", ""obp"": 0.3812154696132597, ""slg"": 0.3719512195121951, ""iso"": 0.04878048780487804, ""ab"": 164}, {""id"": 804606, ""name"": ""Konnor Griffin"", ""bats"": ""R"", ""obp"": 0.3241758241758242, ""slg"": 0.39759036144578314, ""iso"": 0.12650602409638556, ""ab"": 166}, {""id"": 668804, ""name"": ""Bryan Reynolds"", ""bats"": ""S"", ""obp"": 0.3698630136986301, ""slg"": 0.3756906077348066, ""iso"": 0.13259668508287292, ""ab"": 181}]","[{""name"": ""away_top3c_iso"", ""value"": 0.1037, ""contribution"": -0.5643}, {""name"": ""away_top3c_slg"", ""value"": 0.3816, ""contribution"": 0.4158}, {""name"": ""era_gap_t1"", ""value"": 1.9708, ""contribution"": 0.1212}, {""name"": ""away_top3c_obp"", ""value"": 0.3591, ""contribution"": 0.0927}, {""name"": ""wx_is_dome"", ""value"": 1.0, ""contribution"": -0.0562}]","[{""name"": ""home_top3c_slg"", ""value"": 0.3875, ""contribution"": 0.1108}, {""name"": ""away_whiff_pct_rank"", ""value"": 86.0, ""contribution"": -0.1105}, {""name"": ""home_top3c_iso"", ""value"": 0.1292, ""contribution"": -0.1038}, {""name"": ""era_gap_b1"", ""value"": -1.9708, ""contribution"": -0.0943}, {""name"": ""wx_is_dome"", ""value"": 1.0, ""contribution"": -0.0866}]",484198,0.5395,4.782,2.094,54.0,86.0,0.7309,0.7272,4.73,6.6,0.7273,0.6773,R,L,YRFI,LOSS,0,1,1,2026-05-23T19:23:26+00:00,-140,+110,DraftKings,2026-05-23T18:17:00+00:00,0.5833,0.4762,0.02,-0.0795,0.02,Y,1,-1,-140,+110,2026-05-23T18:02:12+00:00,0,0.5018,PASS,NO EDGE,,,,,,,
2026-05-23,2026,823458,1,N,CLE,PHI,4:05 PM ET,Slade Cecconi,Zack Wheeler,677944,554430,live,live,live,live,1.04,0.3345,0.6008,0.9353,0.2241,0.4809,0.705,0.4878,0.5122,0.2404,0.7596,,,PASS,NO EDGE,PASS - No edge,4,2026-05-23T19:09:36Z,4.786,2.394,1.36,0.914,4.832,2.699,2.8,2.0,1.59,0.77,7.33,10.4,0.321,0.301,0.382,0.393,4.36,4.189,10.6,13.9,84.0,0.0,0.8,0.4,0.6,0.6,0.3313,0.3619,0.4904,0.4225,0.2487,0.1685,lineup,lineup,"[{""id"": 607208, ""name"": ""Trea Turner"", ""bats"": ""R"", ""obp"": 0.2882882882882883, ""slg"": 0.35121951219512193, ""iso"": 0.11707317073170728, ""ab"": 205}, {""id"": 656941, ""name"": ""Kyle Schwarber"", ""bats"": ""L"", ""obp"": 0.35023041474654376, ""slg"": 0.6098901098901099, ""iso"": 0.3846153846153847, ""ab"": 182}, {""id"": 547180, ""name"": ""Bryce Harper"", ""bats"": ""L"", ""obp"": 0.3568075117370892, ""slg"": 0.5271739130434783, ""iso"": 0.2608695652173913, ""ab"": 184}]","[{""id"": 683953, ""name"": ""Travis Bazzana"", ""bats"": ""L"", ""obp"": 0.391304347826087, ""slg"": 0.36363636363636365, ""iso"": 0.09090909090909094, ""ab"": 77}, {""id"": 608070, ""name"": ""Jos\u00e9 Ram\u00edrez"", ""bats"": ""S"", ""obp"": 0.358974358974359, ""slg"": 0.4153846153846154, ""iso"": 0.17948717948717952, ""ab"": 195}, {""id"": 800050, ""name"": ""Chase DeLauter"", ""bats"": ""L"", ""obp"": 0.35175879396984927, ""slg"": 0.45664739884393063, ""iso"": 0.19075144508670522, ""ab"": 173}]","[{""name"": ""era_gap_t1"", ""value"": -2.392, ""contribution"": -0.1469}, {""name"": ""home_fip"", ""value"": 2.6992, ""contribution"": -0.1378}, {""name"": ""away_top3c_slg"", ""value"": 0.4225, ""contribution"": 0.1308}, {""name"": ""away_top3c_obp"", ""value"": 0.3619, ""contribution"": 0.1053}, {""name"": ""wx_humidity"", ""value"": 84.0, ""contribution"": -0.1045}]","[{""name"": ""home_top3c_iso"", ""value"": 0.2487, ""contribution"": 0.1516}, {""name"": ""era_gap_b1"", ""value"": 2.392, ""contribution"": 0.1142}, {""name"": ""home_top3c_slg"", ""value"": 0.4904, ""contribution"": -0.1038}, {""name"": ""home_top3_ops_vs_oppHand"", ""value"": 0.866, ""contribution"": 0.1006}, {""name"": ""away_whiff_pct_rank"", ""value"": 24.0, ""contribution"": 0.0805}]",490319,0.5366,1.949,4.958,93.0,24.0,0.7396,0.7136,6.33,5.53,0.743,0.866,R,R,NRFI,PASS,0,0,0,2026-05-23T22:13:18+00:00,-145,+110,DraftKings,2026-05-23T21:13:21+00:00,0.5918,0.4762,-0.104,0.036,,N,,,-130,+100,2026-05-23T20:01:37+00:00,,0.4589,PASS,NO EDGE,,,,,,,
2026-05-23,2026,824109,1,N,SEA,KC,4:10 PM ET,George Kirby,Stephen Kolek,669923,663568,live,live,live,live,0.96,0.4162,0.3905,0.8068,0.3199,0.2882,0.608,0.5364,0.4636,0.1936,0.8064,,,NRFI,LEAN,LEAN NRFI,4,2026-05-23T19:09:36Z,3.747,3.759,1.184,1.109,3.47,4.074,2.22,2.4,0.95,1.0,8.41,6.35,0.316,0.313,0.382,0.384,4.172,3.962,25.8,13.7,33.0,0.0,1.0,0.8,0.9,0.7,0.3241,0.329,0.3965,0.3838,0.1443,0.1421,lineup,lineup,"[{""id"": 672580, ""name"": ""Maikel Garcia"", ""bats"": ""R"", ""obp"": 0.3225806451612903, ""slg"": 0.3826530612244898, ""iso"": 0.1224489795918367, ""ab"": 196}, {""id"": 677951, ""name"": ""Bobby Witt Jr."", ""bats"": ""R"", ""obp"": 0.36283185840707965, ""slg"": 0.472636815920398, ""iso"": 0.17910447761194032, ""ab"": 201}, {""id"": 686469, ""name"": ""Vinnie Pasquantino"", ""bats"": ""L"", ""obp"": 0.28292682926829266, ""slg"": 0.3258426966292135, ""iso"": 0.12921348314606743, ""ab"": 178}]","[{""id"": 641487, ""name"": ""J.P. Crawford"", ""bats"": ""L"", ""obp"": 0.35, ""slg"": 0.35374149659863946, ""iso"": 0.14965986394557823, ""ab"": 147}, {""id"": 677594, ""name"": ""Julio Rodr\u00edguez"", ""bats"": ""R"", ""obp"": 0.3230088495575221, ""slg"": 0.42995169082125606, ""iso"": 0.16908212560386476, ""ab"": 207}, {""id"": 647304, ""name"": ""Josh Naylor"", ""bats"": ""L"", ""obp"": 0.3173076923076923, ""slg"": 0.35638297872340424, ""iso"": 0.10638297872340424, ""ab"": 188}]","[{""name"": ""away_top3c_slg"", ""value"": 0.3838, ""contribution"": 0.4008}, {""name"": ""away_top3c_iso"", ""value"": 0.1421, ""contribution"": -0.2736}, {""name"": ""wx_humidity"", ""value"": 33.0, ""contribution"": 0.102}, {""name"": ""fi_park_nrfi_rate"", ""value"": 0.5614, ""contribution"": -0.09}, {""name"": ""away_top3_ops_vs_oppHand"", ""value"": 0.7157, ""contribution"": -0.0693}]","[{""name"": ""fi_park_nrfi_rate"", ""value"": 0.5614, ""contribution"": -0.1521}, {""name"": ""home_top3c_slg"", ""value"": 0.3965, ""contribution"": 0.092}, {""name"": ""home_top3c_iso"", ""value"": 0.1443, ""contribution"": -0.0714}, {""name"": ""away_whiff_pct_rank"", ""value"": 72.0, ""contribution"": -0.0674}, {""name"": ""home_top3_ops_vs_oppHand"", ""value"": 0.716, ""contribution"": -0.0412}]",429805,0.5769,4.2,3.551,50.0,72.0,0.6942,0.7272,6.07,5.87,0.7157,0.716,R,R,YRFI,LOSS,0,3,3,2026-05-23T20:23:44+00:00,-125,-105,DraftKings,2026-05-23T21:13:21+00:00,0.5556,0.5122,-0.0192,-0.0486,-0.0192,N,0.5,0,-125,-105,2026-05-23T19:06:29+00:00,0,0.4877,PASS,NO EDGE,,,,,,,
2026-05-23,2026,823862,1,N,NYM,MIA,4:10 PM ET,Freddy Peralta,Max Meyer,642547,676974,live,live,live,live,0.95,0.4039,0.4832,0.8871,0.2843,0.2786,0.5629,0.5928,0.4072,0.2228,0.7772,,,NRFI,STRONG,STRONG NRFI,4,2026-05-23T19:09:36Z,3.051,3.545,1.178,1.217,3.86,3.586,3.82,3.06,1.03,1.01,9.59,9.73,0.299,0.318,0.368,0.382,4.129,4.336,,,,1.0,0.8,1.0,0.8,0.9,0.3665,0.3191,0.4757,0.3976,0.1658,0.1437,lineup,lineup,"[{""id"": 669364, ""name"": ""Xavier Edwards"", ""bats"": ""S"", ""obp"": 0.3881278538812785, ""slg"": 0.4742268041237113, ""iso"": 0.1649484536082474, ""ab"": 194}, {""id"": 689414, ""name"": ""Liam Hicks"", ""bats"": ""L"", ""obp"": 0.33516483516483514, ""slg"": 0.4658385093167702, ""iso"": 0.19254658385093165, ""ab"": 161}, {""id"": 672640, ""name"": ""Otto Lopez"", ""bats"": ""R"", ""obp"": 0.37089201877934275, ""slg"": 0.485, ""iso"": 0.14499999999999996, ""ab"": 200}]","[{""id"": 701807, ""name"": ""Carson Benge"", ""bats"": ""L"", ""obp"": 0.3149171270718232, ""slg"": 0.3532934131736527, ""iso"": 0.09580838323353297, ""ab"": 167}, {""id"": 666182, ""name"": ""Bo Bichette"", ""bats"": ""R"", ""obp"": 0.27111111111111114, ""slg"": 0.32211538461538464, ""iso"": 0.10096153846153849, ""ab"": 208}, {""id"": 665742, ""name"": ""Juan Soto"", ""bats"": ""L"", ""obp"": 0.3935483870967742, ""slg"": 0.5714285714285714, ""iso"": 0.2706766917293233, ""ab"": 133}]","[{""name"": ""away_top3c_slg"", ""value"": 0.3976, ""contribution"": 0.304}, {""name"": ""away_top3c_iso"", ""value"": 0.1437, ""contribution"": -0.2613}, {""name"": ""away_top3c_obp"", ""value"": 0.3191, ""contribution"": -0.0874}, {""name"": ""fi_park_nrfi_rate"", ""value"": 0.455, ""contribution"": 0.0609}, {""name"": ""wx_is_dome"", ""value"": 1.0, ""contribution"": -0.0562}]","[{""name"": ""away_whiff_pct_rank"", ""value"": 90.0, ""contribution"": -0.1229}, {""name"": ""fi_park_nrfi_rate"", ""value"": 0.455, ""contribution"": 0.1029}, {""name"": ""wx_is_dome"", ""value"": 1.0, ""contribution"": -0.0866}, {""name"": ""home_top3c_slg"", ""value"": 0.4757, ""contribution"": -0.0731}, {""name"": ""away_p_last5_pitcher_nrfi"", ""value"": 1.0, ""contribution"": -0.0455}]",658292,0.4848,4.824,3.353,79.0,90.0,0.6942,0.7075,5.73,5.53,0.7677,0.804,R,R,NRFI,WIN,0,0,0,2026-05-23T20:24:24+00:00,-145,+110,DraftKings,2026-05-23T19:12:32+00:00,0.5918,0.4762,0.001,-0.069,0.001,Y,1,0.69,-145,+110,2026-05-23T19:06:29+00:00,0,0.4877,PASS,NO EDGE,,,,,,,
2026-05-24,2026,823861,1,N,NYM,MIA,1:40 PM ET,Christian Scott,Tyler Phillips,681035,663969,sm,live,live,live,0.95,0.4223,0.5034,0.9257,0.261,0.4361,0.6971,0.4901,0.5099,0.2369,0.7631,,,PASS,NO EDGE,PASS - No edge,4,2026-05-24T17:03:25Z,4.154,2.386,1.328,1.224,3.848,3.864,3.8,3.68,0.97,0.72,9.71,7.48,0.298,0.318,0.364,0.384,4.082,4.331,,,,1.0,1.0,0.4,1.0,0.4,0.3425,0.2952,0.4559,0.3341,0.1807,0.1002,lineup,lineup,"[{""id"": 689414, ""name"": ""Liam Hicks"", ""bats"": ""L"", ""obp"": 0.3387096774193548, ""slg"": 0.503030303030303, ""iso"": 0.22424242424242424, ""ab"": 165}, {""id"": 669364, ""name"": ""Xavier Edwards"", ""bats"": ""S"", ""obp"": 0.38565022421524664, ""slg"": 0.4696969696969697, ""iso"": 0.16161616161616166, ""ab"": 198}, {""id"": 681715, ""name"": ""Heriberto Hern\u00e1ndez"", ""bats"": ""R"", ""obp"": 0.2727272727272727, ""slg"": 0.23255813953488372, ""iso"": 0.05813953488372092, ""ab"": 86}]","[{""id"": 701807, ""name"": ""Carson Benge"", ""bats"": ""L"", ""obp"": 0.3081081081081081, ""slg"": 0.34502923976608185, ""iso"": 0.0935672514619883, ""ab"": 171}, {""id"": 666182, ""name"": ""Bo Bichette"", ""bats"": ""R"", ""obp"": 0.2663755458515284, ""slg"": 0.3160377358490566, ""iso"": 0.09905660377358488, ""ab"": 212}, {""id"": 805999, ""name"": ""A.J. Ewing"", ""bats"": ""L"", ""obp"": 0.38636363636363635, ""slg"": 0.3888888888888889, ""iso"": 0.1388888888888889, ""ab"": 36}]","[{""name"": ""away_top3c_slg"", ""value"": 0.3341, ""contribution"": 0.7469}, {""name"": ""away_top3c_iso"", ""value"": 0.1002, ""contribution"": -0.5907}, {""name"": ""away_top3c_obp"", ""value"": 0.2952, ""contribution"": -0.195}, {""name"": ""home_avg_ip_per_start"", ""value"": 2.6667, ""contribution"": 0.172}, {""name"": ""away_top3_ops_vs_oppHand"", ""value"": 0.6513, ""contribution"": -0.1673}]","[{""name"": ""fi_park_nrfi_rate"", ""value"": 0.455, ""contribution"": 0.1029}, {""name"": ""wx_is_dome"", ""value"": 1.0, ""contribution"": -0.0866}, {""name"": ""era_gap_b1"", ""value"": 1.7676, ""contribution"": 0.0844}, {""name"": ""away_p_last10_pitcher_nrfi"", ""value"": 0.4, ""contribution"": 0.0612}, {""name"": ""away_avg_ip_per_start"", ""value"": 3.9333, ""contribution"": 0.0588}]",596740,0.574,4.17,8.043,85.0,50.0,0.7136,0.7136,2.67,3.93,0.6513,0.797,R,R,NRFI,PASS,0,0,0,2026-05-24T17:56:42+00:00,-130,-105,DraftKings,2026-05-24T17:49:33+00:00,0.5652,0.5122,-0.0751,-0.0023,,N,,,-130,-105,2026-05-24T17:38:51+00:00,,0.3767,YRFI,STRONG,,,,,,,
2026-05-24,2026,824514,1,N,STL,CIN,1:40 PM ET,Brycen Mautz,Brady Singer,802408,663903,avg,live,live,live,1.09,0.6844,0.5597,1.244,0.4381,0.4059,0.844,0.3841,0.6159,0.3532,0.6468,,,PASS,LINEUP PENDING,PASS - Lineup pending + No data,3,2026-05-24T17:03:25Z,4.17,5.223,1.26,1.486,4.17,5.252,2.93,2.74,1.21,1.94,8.75,7.59,0.321,0.311,0.396,0.396,4.553,4.425,22.4,4.4,86.0,0.0,0.2,0.5,0.4,0.5,0.3574,0.3717,0.5114,0.4352,0.2318,0.1693,lineup,lineup,[],[],"[{""name"": ""away_top3c_obp"", ""value"": 0.3717, ""contribution"": 0.1494}, {""name"": ""away_top3_ops_vs_oppHand"", ""value"": 0.8517, ""contribution"": 0.1379}, {""name"": ""home_fip"", ""value"": 5.2518, ""contribution"": 0.1253}, {""name"": ""wx_humidity"", ""value"": 86.0, ""contribution"": -0.1126}, {""name"": ""home_p_last5_pitcher_nrfi"", ""value"": 0.2, ""contribution"": -0.0894}]","[{""name"": ""home_top3_ops_vs_oppHand"", ""value"": 0.9517, ""contribution"": 0.1815}, {""name"": ""home_top3c_slg"", ""value"": 0.5114, ""contribution"": -0.1476}, {""name"": ""home_top3c_iso"", ""value"": 0.2318, ""contribution"": 0.1155}, {""name"": ""era_gap_b1"", ""value"": -1.0528, ""contribution"": -0.0504}, {""name"": ""away_p_last10_pitcher_nrfi"", ""value"": 0.5, ""contribution"": 0.0422}]",482620,0.6177,4.422,4.2,32.0,50.0,0.6205,0.7136,4.47,5.0,0.8517,0.9517,L,R,POSTPONED,POSTPONED,,,,2026-05-26T03:54:43+00:00,+100,-135,DraftKings,2026-05-24T19:00:51+00:00,0.5,0.5745,-0.1159,0.0414,0.0507,N,1,,+100,-130,2026-05-24T17:38:51+00:00,0,0.4521,PASS,NO EDGE,,,,,,,
2026-05-24,2026,825081,1,N,COL,ARI,4:10 PM ET,Jose Quintana,Ryne Nelson,500779,669194,live,live,live,live,1.0,0.4901,0.6262,1.1163,0.3313,0.4245,0.7558,0.4349,0.5651,0.3069,0.6931,,,PASS,LOW LAMBDA,PASS - Low lambda,4,2026-05-24T20:03:14Z,4.019,4.407,1.349,1.138,5.147,4.532,3.66,2.61,1.31,1.51,5.36,7.85,0.311,0.313,0.386,0.4,4.199,4.508,,,,1.0,1.0,1.0,0.8,0.8,0.347,0.3413,0.4459,0.4212,0.1917,0.1453,lineup,lineup,"[{""id"": 606466, ""name"": ""Ketel Marte"", ""bats"": ""S"", ""obp"": 0.3076923076923077, ""slg"": 0.4397905759162304, ""iso"": 0.1884816753926702, ""ab"": 191}, {""id"": 694374, ""name"": ""Tim Tawa"", ""bats"": ""R"", ""obp"": 0.27692307692307694, ""slg"": 0.26785714285714285, ""iso"": 0.08928571428571427, ""ab"": 56}, {""id"": 672695, ""name"": ""Geraldo Perdomo"", ""bats"": ""S"", ""obp"": 0.34673366834170855, ""slg"": 0.3475609756097561, ""iso"": 0.12195121951219509, ""ab"": 164}]","[{""id"": 664983, ""name"": ""Jake McCarthy"", ""bats"": ""L"", ""obp"": 0.31746031746031744, ""slg"": 0.43478260869565216, ""iso"": 0.16521739130434782, ""ab"": 115}, {""id"": 671289, ""name"": ""Tyler Freeman"", ""bats"": ""R"", ""obp"": 0.33620689655172414, ""slg"": 0.33653846153846156, ""iso"": 0.07692307692307693, ""ab"": 104}, {""id"": 677060, ""name"": ""Chad Stevens"", ""bats"": ""R"", ""obp"": 0.2, ""slg"": 0.1111111111111111, ""iso"": 0.0, ""ab"": 9}]","[{""name"": ""away_top3c_iso"", ""value"": 0.1453, ""contribution"": -0.249}, {""name"": ""away_top3c_slg"", ""value"": 0.4212, ""contribution"": 0.1398}, {""name"": ""fi_park_nrfi_rate"", ""value"": 0.4239, ""contribution"": 0.1051}, {""name"": ""home_avg_ip_per_start"", ""value"": 6.2667, ""contribution"": -0.0688}, {""name"": ""home_whiff_pct_rank"", ""value"": 15.0, ""contribution"": 0.0594}]","[{""name"": ""fi_park_nrfi_rate"", ""value"": 0.4239, ""contribution"": 0.1776}, {""name"": ""away_whiff_pct_rank"", ""value"": 4.0, ""contribution"": 0.1421}, {""name"": ""wx_is_dome"", ""value"": 1.0, ""contribution"": -0.0866}, {""name"": ""home_top3_ops_vs_oppHand"", ""value"": 0.8507, ""contribution"": 0.0861}, {""name"": ""away_p_last5_pitcher_nrfi"", ""value"": 1.0, ""contribution"": -0.0455}]",427129,0.4611,3.934,5.074,15.0,4.0,0.7396,0.7309,6.27,5.33,0.78,0.8507,L,R,YRFI,PASS,0,2,2,2026-05-24T20:20:58+00:00,-105,-125,DraftKings,2026-05-24T21:01:11+00:00,0.5122,0.5556,-0.0773,0.0095,,N,,,-105,-125,2026-05-24T20:06:11+00:00,,0.5457,PASS,NO EDGE,,,,,,,
2026-05-24,2026,824676,1,N,HOU,CHC,2:20 PM ET,Peter Lambert,Shota Imanaga,663567,684007,ltd,live,live,live,1.0,0.4503,0.4974,0.9477,0.2425,0.3059,0.5484,0.6098,0.3902,0.245,0.755,,,NRFI,STRONG,STRONG NRFI,4,2026-05-24T17:03:25Z,3.89,3.523,1.176,1.02,3.704,4.101,3.24,2.13,0.88,1.43,8.85,8.57,0.319,0.331,0.404,0.394,4.301,4.709,17.3,13.2,91.0,0.0,0.8,1.0,0.7,0.8333,0.3368,0.3037,0.3711,0.4289,0.1341,0.1868,lineup,lineup,"[{""id"": 691718, ""name"": ""Pete Crow-Armstrong"", ""bats"": ""L"", ""obp"": 0.30952380952380953, ""slg"": 0.3723404255319149, ""iso"": 0.14361702127659573, ""ab"": 188}, {""id"": 663538, ""name"": ""Nico Hoerner"", ""bats"": ""R"", ""obp"": 0.3446808510638298, ""slg"": 0.3793103448275862, ""iso"": 0.12315270935960587, ""ab"": 203}, {""id"": 683737, ""name"": ""Michael Busch"", ""bats"": ""L"", ""obp"": 0.3542600896860987, ""slg"": 0.36065573770491804, ""iso"": 0.1366120218579235, ""ab"": 183}]","[{""id"": 694728, ""name"": ""Brice Matthews"", ""bats"": ""R"", ""obp"": 0.25925925925925924, ""slg"": 0.352, ""iso"": 0.144, ""ab"": 125}, {""id"": 665161, ""name"": ""Jeremy Pe\u00f1a"", ""bats"": ""R"", ""obp"": 0.27941176470588236, ""slg"": 0.30158730158730157, ""iso"": 0.06349206349206349, ""ab"": 63}, {""id"": 572233, ""name"": ""Christian Walker"", ""bats"": ""R"", ""obp"": 0.3395348837209302, ""slg"": 0.5208333333333334, ""iso"": 0.25520833333333337, ""ab"": 192}]","[{""name"": ""away_top3c_obp"", ""value"": 0.3037, ""contribution"": -0.1565}, {""name"": ""wx_humidity"", ""value"": 91.0, ""contribution"": -0.1328}, {""name"": ""away_top3c_slg"", ""value"": 0.4289, ""contribution"": 0.0857}, {""name"": ""away_top3c_iso"", ""value"": 0.1868, ""contribution"": 0.0658}, {""name"": ""fi_park_nrfi_rate"", ""value"": 0.5429, ""contribution"": -0.0637}]","[{""name"": ""home_top3c_slg"", ""value"": 0.3711, ""contribution"": 0.1451}, {""name"": ""fi_park_nrfi_rate"", ""value"": 0.5429, ""contribution"": -0.1077}, {""name"": ""home_top3c_iso"", ""value"": 0.1341, ""contribution"": -0.0932}, {""name"": ""home_top3_ops_vs_oppHand"", ""value"": 0.69, ""contribution"": -0.0658}, {""name"": ""home_obp"", ""value"": 0.3307, ""contribution"": 0.0525}]",427344,0.4727,3.775,2.829,47.0,50.0,0.7136,0.7136,5.93,6.07,0.7193,0.69,R,L,NRFI,WIN,0,0,0,2026-05-24T18:34:20+00:00,-155,+120,DraftKings,2026-05-24T17:22:34+00:00,0.6078,0.4545,0.002,-0.0643,0.002,Y,1,0.645,-155,+120,2026-05-24T17:17:14+00:00,0,0.6483,NRFI,STRONG,,,,,,,
2026-05-24,2026,823786,1,N,LAD,MIL,2:10 PM ET,Yoshinobu Yamamoto,Brandon Sproat,808967,687075,live,ltd,live,live,1.03,0.6809,0.4713,1.1522,0.4168,0.2529,0.6697,0.4901,0.5099,0.32,0.68,,,PASS,NO EDGE,PASS - No edge,4,2026-05-24T17:57:21Z,2.978,5.014,0.972,1.376,3.55,4.863,2.38,4.06,1.14,1.51,9.5,8.87,0.339,0.33,0.424,0.374,5.022,4.883,,,,1.0,0.8,0.4,0.8,0.6,0.3851,0.3612,0.4473,0.4485,0.1499,0.1945,lineup,lineup,"[{""id"": 694192, ""name"": ""Jackson Chourio"", ""bats"": ""R"", ""obp"": 0.32894736842105265, ""slg"": 0.4305555555555556, ""iso"": 0.1388888888888889, ""ab"": 72}, {""id"": 668930, ""name"": ""Brice Turang"", ""bats"": ""L"", ""obp"": 0.41626794258373206, ""slg"": 0.49122807017543857, ""iso"": 0.19883040935672514, ""ab"": 171}, {""id"": 661388, ""name"": ""William Contreras"", ""bats"": ""R"", ""obp"": 0.3737864077669903, ""slg"": 0.41304347826086957, ""iso"": 0.10869565217391303, ""ab"": 184}]","[{""id"": 660271, ""name"": ""Shohei Ohtani"", ""bats"": ""L"", ""obp"": 0.4017857142857143, ""slg"": 0.48066298342541436, ""iso"": 0.2044198895027624, ""ab"": 181}, {""id"": 605141, ""name"": ""Mookie Betts"", ""bats"": ""R"", ""obp"": 0.24358974358974358, ""slg"": 0.36619718309859156, ""iso"": 0.1971830985915493, ""ab"": 71}, {""id"": 518692, ""name"": ""Freddie Freeman"", ""bats"": ""L"", ""obp"": 0.3615023474178404, ""slg"": 0.4486486486486487, ""iso"": 0.1837837837837838, ""ab"": 185}]","[{""name"": ""fi_park_nrfi_rate"", ""value"": 0.5899, ""contribution"": -0.1304}, {""name"": ""era_gap_t1"", ""value"": 2.0363, ""contribution"": 0.1252}, {""name"": ""away_top3c_iso"", ""value"": 0.1945, ""contribution"": 0.1239}, {""name"": ""away_top3c_obp"", ""value"": 0.3612, ""contribution"": 0.1023}, {""name"": ""home_fip"", ""value"": 4.8626, ""contribution"": 0.0852}]","[{""name"": ""fi_park_nrfi_rate"", ""value"": 0.5899, ""contribution"": -0.2204}, {""name"": ""away_whiff_pct_rank"", ""value"": 86.0, ""contribution"": -0.1105}, {""name"": ""home_top3_ops_vs_oppHand"", ""value"": 0.8757, ""contribution"": 0.1097}, {""name"": ""era_gap_b1"", ""value"": -2.0363, ""contribution"": -0.0974}, {""name"": ""wx_is_dome"", ""value"": 1.0, ""contribution"": -0.0866}]",658325,0.5084,4.139,2.53,16.0,86.0,0.7136,0.7136,4.73,6.27,0.7907,0.8757,R,R,NRFI,PASS,0,0,0,2026-05-24T18:23:32+00:00,-115,-110,DraftKings,2026-05-24T19:00:51+00:00,0.5349,0.5238,-0.0448,-0.0139,,N,,,-115,-110,2026-05-24T18:06:00+00:00,,0.6455,NRFI,STRONG,,,,,,,
2026-05-24,2026,822813,1,N,PIT,TOR,12:15 PM ET,Mitch Keller,Dylan Cease,656605,656302,live,live,live,live,1.01,0.4524,0.4277,0.8801,0.2984,0.3151,0.6135,0.5364,0.4636,0.2202,0.7798,,,NRFI,LEAN,LEAN NRFI,4,2026-05-24T15:03:51Z,3.995,3.627,1.142,1.265,3.705,2.811,2.53,3.88,0.8,0.74,6.89,12.53,0.328,0.309,0.39,0.381,4.769,4.187,,,,1.0,0.8,0.8,0.7,0.8,0.3427,0.3696,0.3951,0.4533,0.1344,0.1928,lineup,lineup,"[{""id"": 543807, ""name"": ""George Springer"", ""bats"": ""R"", ""obp"": 0.2907801418439716, ""slg"": 0.3858267716535433, ""iso"": 0.17322834645669288, ""ab"": 127}, {""id"": 662139, ""name"": ""Daulton Varsho"", ""bats"": ""L"", ""obp"": 0.34183673469387754, ""slg"": 0.42613636363636365, ""iso"": 0.15909090909090912, ""ab"": 176}, {""id"": 672820, ""name"": ""Lenyn Sosa"", ""bats"": ""R"", ""obp"": 0.19626168224299065, ""slg"": 0.29245283018867924, ""iso"": 0.09433962264150941, ""ab"": 106}]","[{""id"": 687462, ""name"": ""Spencer Horwitz"", ""bats"": ""L"", ""obp"": 0.38011695906432746, ""slg"": 0.4225352112676056, ""iso"": 0.14788732394366194, ""ab"": 142}, {""id"": 664040, ""name"": ""Brandon Lowe"", ""bats"": ""L"", ""obp"": 0.35294117647058826, ""slg"": 0.5536723163841808, ""iso"": 0.2937853107344633, ""ab"": 177}, {""id"": 668804, ""name"": ""Bryan Reynolds"", ""bats"": ""S"", ""obp"": 0.37668161434977576, ""slg"": 0.3804347826086957, ""iso"": 0.13043478260869568, ""ab"": 184}]","[{""name"": ""away_top3_ops_vs_oppHand"", ""value"": 0.8617, ""contribution"": 0.1531}, {""name"": ""away_top3c_obp"", ""value"": 0.3696, ""contribution"": 0.1397}, {""name"": ""home_fip"", ""value"": 2.8112, ""contribution"": -0.1262}, {""name"": ""away_top3c_iso"", ""value"": 0.1928, ""contribution"": 0.1113}, {""name"": ""away_top3c_slg"", ""value"": 0.4533, ""contribution"": -0.084}]","[{""name"": ""away_whiff_pct_rank"", ""value"": 18.0, ""contribution"": 0.099}, {""name"": ""home_top3c_slg"", ""value"": 0.3951, ""contribution"": 0.095}, {""name"": ""home_top3c_iso"", ""value"": 0.1344, ""contribution"": -0.0926}, {""name"": ""wx_is_dome"", ""value"": 1.0, ""contribution"": -0.0866}, {""name"": ""home_top3_ops_vs_oppHand"", ""value"": 0.6957, ""contribution"": -0.0604}]",691042,0.5084,3.276,4.372,97.0,18.0,0.7272,0.6942,6.33,5.87,0.8617,0.6957,R,R,YRFI,LOSS,1,0,1,2026-05-24T16:30:16+00:00,-135,+100,DraftKings,2026-05-24T16:54:35+00:00,0.5745,0.5,-0.0381,-0.0364,-0.0381,N,0.5,0,-125,-105,2026-05-24T15:12:19+00:00,0.0189,0.4877,PASS,NO EDGE,,,,,,,
2026-05-24,2026,823297,1,N,OAK,SD,4:10 PM ET,Luis Medina,Michael King,665622,650633,sm,live,live,live,0.95,0.4304,0.4565,0.8869,0.3597,0.3246,0.6843,0.4901,0.5099,0.2227,0.7773,,,PASS,NO EDGE,PASS - No edge,4,2026-05-24T20:03:14Z,3.62,2.887,1.235,1.127,3.945,3.72,3.41,3.46,0.99,0.93,8.8,9.13,0.326,0.298,0.395,0.375,4.396,4.189,20.7,17.0,68.0,0.0,1.0,0.5,1.0,0.5,0.3193,0.4174,0.4123,0.5274,0.1564,0.217,lineup,lineup,"[{""id"": 665487, ""name"": ""Fernando Tatis Jr."", ""bats"": ""R"", ""obp"": 0.3192488262910798, ""slg"": 0.2756756756756757, ""iso"": 0.03783783783783784, ""ab"": 185}, {""id"": 609280, ""name"": ""Miguel Andujar"", ""bats"": ""R"", ""obp"": 0.304635761589404, ""slg"": 0.4863013698630137, ""iso"": 0.2054794520547945, ""ab"": 146}, {""id"": 657757, ""name"": ""Gavin Sheets"", ""bats"": ""L"", ""obp"": 0.3333333333333333, ""slg"": 0.5140845070422535, ""iso"": 0.2605633802816901, ""ab"": 142}]","[{""id"": 671732, ""name"": ""Lawrence Butler"", ""bats"": ""L"", ""obp"": 0.2645161290322581, ""slg"": 0.25547445255474455, ""iso"": 0.08759124087591244, ""ab"": 137}, {""id"": 701762, ""name"": ""Nick Kurtz"", ""bats"": ""L"", ""obp"": 0.4444444444444444, ""slg"": 0.489010989010989, ""iso"": 0.2032967032967033, ""ab"": 182}, {""id"": 669127, ""name"": ""Shea Langeliers"", ""bats"": ""R"", ""obp"": 0.38425925925925924, ""slg"": 0.5625, ""iso"": 0.25, ""ab"": 192}]","[{""name"": ""away_top3c_slg"", ""value"": 0.5274, ""contribution"": -0.6009}, {""name"": ""away_top3c_obp"", ""value"": 0.4174, ""contribution"": 0.3548}, {""name"": ""away_top3_ops_vs_oppHand"", ""value"": 0.9727, ""contribution"": 0.3222}, {""name"": ""away_top3c_iso"", ""value"": 0.217, ""contribution"": 0.2947}, {""name"": ""fi_park_nrfi_rate"", ""value"": 0.5409, ""contribution"": -0.0609}]","[{""name"": ""away_whiff_pct_rank"", ""value"": 84.0, ""contribution"": -0.1044}, {""name"": ""fi_park_nrfi_rate"", ""value"": 0.5409, ""contribution"": -0.103}, {""name"": ""home_obp"", ""value"": 0.2982, ""contribution"": -0.0637}, {""name"": ""home_top3c_slg"", ""value"": 0.4123, ""contribution"": 0.0592}, {""name"": ""home_top3c_iso"", ""value"": 0.1564, ""contribution"": -0.0455}]",676581,0.5084,3.885,4.71,56.0,84.0,0.7272,0.7136,6.13,5.0,0.9727,0.7813,R,R,YRFI,PASS,1,0,1,2026-05-24T20:24:32+00:00,-130,+100,DraftKings,2026-05-24T21:01:11+00:00,0.5652,0.5,-0.0751,0.0099,,N,,,-130,+100,2026-05-24T20:06:11+00:00,,0.4589,PASS,NO EDGE,,,,,,,
2026-05-24,2026,824108,1,N,SEA,KC,2:10 PM ET,Bryan Woo,Seth Lugo,693433,607625,live,live,live,live,0.96,0.456,0.3705,0.8265,0.3274,0.3074,0.6348,0.4901,0.5099,0.2008,0.7992,,,PASS,NO EDGE,PASS - No edge,4,2026-05-24T17:57:21Z,3.28,3.871,0.96,1.355,3.379,3.844,1.79,3.31,1.05,0.87,8.87,7.83,0.314,0.313,0.379,0.383,4.11,3.978,26.6,14.6,35.0,0.0,0.4,0.6,0.7,0.8,0.3242,0.3248,0.3969,0.3768,0.1431,0.1395,lineup,lineup,"[{""id"": 672580, ""name"": ""Maikel Garcia"", ""bats"": ""R"", ""obp"": 0.3212669683257919, ""slg"": 0.385, ""iso"": 0.125, ""ab"": 200}, {""id"": 677951, ""name"": ""Bobby Witt Jr."", ""bats"": ""R"", ""obp"": 0.3652173913043478, ""slg"": 0.47317073170731705, ""iso"": 0.17560975609756097, ""ab"": 205}, {""id"": 686469, ""name"": ""Vinnie Pasquantino"", ""bats"": ""L"", ""obp"": 0.2822966507177033, ""slg"": 0.3241758241758242, ""iso"": 0.1263736263736264, ""ab"": 182}]","[{""id"": 641487, ""name"": ""J.P. Crawford"", ""bats"": ""L"", ""obp"": 0.3423913043478261, ""slg"": 0.3443708609271523, ""iso"": 0.1456953642384106, ""ab"": 151}, {""id"": 677594, ""name"": ""Julio Rodr\u00edguez"", ""bats"": ""R"", ""obp"": 0.3217391304347826, ""slg"": 0.4238095238095238, ""iso"": 0.16666666666666669, ""ab"": 210}, {""id"": 647304, ""name"": ""Josh Naylor"", ""bats"": ""L"", ""obp"": 0.3127962085308057, ""slg"": 0.3507853403141361, ""iso"": 0.10471204188481673, ""ab"": 191}]","[{""name"": ""away_top3c_slg"", ""value"": 0.3768, ""contribution"": 0.4493}, {""name"": ""away_top3c_iso"", ""value"": 0.1395, ""contribution"": -0.2932}, {""name"": ""away_top3_ops_vs_oppHand"", ""value"": 0.6993, ""contribution"": -0.0942}, {""name"": ""wx_humidity"", ""value"": 35.0, ""contribution"": 0.0939}, {""name"": ""fi_park_nrfi_rate"", ""value"": 0.5614, ""contribution"": -0.09}]","[{""name"": ""fi_park_nrfi_rate"", ""value"": 0.5614, ""contribution"": -0.1521}, {""name"": ""home_top3c_slg"", ""value"": 0.3969, ""contribution"": 0.0912}, {""name"": ""home_top3c_iso"", ""value"": 0.1431, ""contribution"": -0.074}, {""name"": ""home_top3_ops_vs_oppHand"", ""value"": 0.716, ""contribution"": -0.0412}, {""name"": ""wx_is_dome"", ""value"": 0.0, ""contribution"": 0.0301}]",545402,0.5488,4.793,2.986,12.0,50.0,0.7272,0.7136,5.47,5.4,0.6993,0.716,R,R,YRFI,PASS,1,0,1,2026-05-24T18:22:11+00:00,-130,+100,DraftKings,2026-05-24T19:00:51+00:00,0.5652,0.5,-0.0751,0.0099,,N,,,-130,+100,2026-05-24T18:06:00+00:00,,0.4877,PASS,NO EDGE,,,,,,,
2026-05-24,2026,824759,1,N,MIN,BOS,1:35 PM ET,Bailey Ober,Sonny Gray,641927,543243,live,live,live,live,1.05,0.4388,0.5101,0.949,0.262,0.2856,0.5476,0.6106,0.3894,0.2455,0.7545,,,NRFI,STRONG,STRONG NRFI,4,2026-05-24T16:02:57Z,4.236,3.605,1.165,1.18,4.555,3.57,2.36,1.96,1.41,1.07,6.76,8.39,0.321,0.314,0.393,0.372,4.619,3.886,11.1,11.4,97.0,0.0,0.8,1.0,0.8,0.9,0.3222,0.3633,0.4048,0.3962,0.1516,0.125,lineup,lineup,"[{""id"": 680776, ""name"": ""Jarren Duran"", ""bats"": ""L"", ""obp"": 0.2623762376237624, ""slg"": 0.34972677595628415, ""iso"": 0.15846994535519127, ""ab"": 183}, {""id"": 678882, ""name"": ""Ceddanne Rafaela"", ""bats"": ""R"", ""obp"": 0.3516483516483517, ""slg"": 0.4329268292682927, ""iso"": 0.15243902439024387, ""ab"": 164}, {""id"": 677800, ""name"": ""Wilyer Abreu"", ""bats"": ""L"", ""obp"": 0.35348837209302325, ""slg"": 0.4329896907216495, ""iso"": 0.14432989690721654, ""ab"": 194}]","[{""id"": 668885, ""name"": ""Austin Martin"", ""bats"": ""R"", ""obp"": 0.4125, ""slg"": 0.40601503759398494, ""iso"": 0.10526315789473684, ""ab"": 133}, {""id"": 686797, ""name"": ""Brooks Lee"", ""bats"": ""S"", ""obp"": 0.3010752688172043, ""slg"": 0.3872832369942196, ""iso"": 0.13872832369942195, ""ab"": 173}, {""id"": 663616, ""name"": ""Trevor Larnach"", ""bats"": ""L"", ""obp"": 0.3900709219858156, ""slg"": 0.3983050847457627, ""iso"": 0.1271186440677966, ""ab"": 118}]","[{""name"": ""away_top3c_iso"", ""value"": 0.125, ""contribution"": -0.403}, {""name"": ""away_top3c_slg"", ""value"": 0.3962, ""contribution"": 0.3139}, {""name"": ""wx_humidity"", ""value"": 97.0, ""contribution"": -0.1571}, {""name"": ""away_top3c_obp"", ""value"": 0.3633, ""contribution"": 0.1116}, {""name"": ""home_fip"", ""value"": 3.5702, ""contribution"": -0.048}]","[{""name"": ""home_top3c_slg"", ""value"": 0.4048, ""contribution"": 0.0747}, {""name"": ""home_top3_ops_vs_oppHand"", ""value"": 0.6933, ""contribution"": -0.0626}, {""name"": ""home_top3c_iso"", ""value"": 0.1516, ""contribution"": -0.0559}, {""name"": ""away_p_last5_pitcher_nrfi"", ""value"": 1.0, ""contribution"": -0.0455}, {""name"": ""away_avg_ip_per_start"", ""value"": 6.2, ""contribution"": -0.042}]",504381,0.4205,3.87,4.06,65.0,57.0,0.7075,0.7613,4.73,6.2,0.7583,0.6933,R,R,YRFI,LOSS,1,0,1,2026-05-24T17:58:34+00:00,-155,+120,DraftKings,2026-05-24T16:38:21+00:00,0.6078,0.4545,0.0028,-0.0651,0.0028,Y,1,-1,-155,+120,2026-05-24T16:32:44+00:00,0,0.6370,NRFI,STRONG,,,,,,,
2026-05-24,2026,824839,1,S,DET,BAL,12:35 PM ET,Framber Valdez,Brandon Young,664285,687064,live,ltd,live,live,1.06,0.6256,0.5279,1.1536,0.3794,0.3388,0.7182,0.4768,0.5232,0.3205,0.6795,,,PASS,NO EDGE,PASS - No edge,4,2026-05-24T16:02:57Z,4.193,4.774,1.333,1.43,3.685,5.041,3.33,3.66,0.77,1.54,7.95,7.55,0.316,0.316,0.381,0.395,3.993,4.386,20.0,10.0,60.0,0.0,0.6,0.8,0.5,0.7,0.3389,0.3326,0.4283,0.3986,0.1797,0.1532,lineup,lineup,"[{""id"": 621493, ""name"": ""Taylor Ward"", ""bats"": ""R"", ""obp"": 0.4104803493449782, ""slg"": 0.37222222222222223, ""iso"": 0.1166666666666667, ""ab"": 180}, {""id"": 683002, ""name"": ""Gunnar Henderson"", ""bats"": ""L"", ""obp"": 0.2782608695652174, ""slg"": 0.4252336448598131, ""iso"": 0.19626168224299065, ""ab"": 214}, {""id"": 668939, ""name"": ""Adley Rutschman"", ""bats"": ""S"", ""obp"": 0.32142857142857145, ""slg"": 0.5116279069767442, ""iso"": 0.24031007751937988, ""ab"": 129}]","[{""id"": 701678, ""name"": ""Hao-Yu  Lee"", ""bats"": ""R"", ""obp"": 0.26865671641791045, ""slg"": 0.3492063492063492, ""iso"": 0.12698412698412698, ""ab"": 63}, {""id"": 805808, ""name"": ""Kevin McGonigle"", ""bats"": ""L"", ""obp"": 0.3926940639269406, ""slg"": 0.41935483870967744, ""iso"": 0.13440860215053763, ""ab"": 186}, {""id"": 693307, ""name"": ""Dillon Dingler"", ""bats"": ""R"", ""obp"": 0.30978260869565216, ""slg"": 0.4578313253012048, ""iso"": 0.2228915662650602, ""ab"": 166}]","[{""name"": ""away_top3c_slg"", ""value"": 0.3986, ""contribution"": 0.297}, {""name"": ""away_top3c_iso"", ""value"": 0.1532, ""contribution"": -0.1896}, {""name"": ""home_fip"", ""value"": 5.0413, ""contribution"": 0.1036}, {""name"": ""home_whiff_pct_rank"", ""value"": 14.0, ""contribution"": 0.0611}, {""name"": ""away_top3_ops_vs_oppHand"", ""value"": 0.7263, ""contribution"": -0.053}]","[{""name"": ""away_whiff_pct_rank"", ""value"": 67.0, ""contribution"": -0.052}, {""name"": ""fi_park_nrfi_rate"", ""value"": 0.519, ""contribution"": -0.0505}, {""name"": ""home_top3_ops_vs_oppHand"", ""value"": 0.801, ""contribution"": 0.0391}, {""name"": ""wx_is_dome"", ""value"": 0.0, ""contribution"": 0.0301}, {""name"": ""era_gap_b1"", ""value"": -0.5815, ""contribution"": -0.0279}]",485856,0.5084,4.059,3.74,14.0,67.0,0.7136,0.751,4.93,5.0,0.7263,0.801,L,R,NRFI,PASS,0,0,0,2026-05-24T16:49:37+00:00,-125,-105,DraftKings,2026-05-24T16:54:35+00:00,0.5556,0.5122,-0.0655,-0.0023,,N,,,-125,-105,2026-05-24T16:32:44+00:00,,0.5725,NRFI,STRONG,,,,,,,
2026-05-24,2026,823459,1,N,CLE,PHI,1:35 PM ET,Parker Messick,Andrew Painter,800048,691725,ltd,ltd,live,live,1.04,0.5393,0.4259,0.9652,0.3878,0.2846,0.6723,0.4901,0.5099,0.2514,0.7486,,,PASS,NO EDGE,PASS - No edge,4,2026-05-24T17:03:25Z,2.958,5.001,1.124,1.379,3.478,4.391,2.54,2.92,1.0,1.34,9.43,8.21,0.319,0.302,0.38,0.391,4.297,4.172,15.0,9.4,96.0,0.0,0.8,1.0,0.875,1.0,0.3298,0.3575,0.4854,0.4201,0.2436,0.1685,lineup,lineup,"[{""id"": 607208, ""name"": ""Trea Turner"", ""bats"": ""R"", ""obp"": 0.2831858407079646, ""slg"": 0.3444976076555024, ""iso"": 0.11483253588516748, ""ab"": 209}, {""id"": 656941, ""name"": ""Kyle Schwarber"", ""bats"": ""L"", ""obp"": 0.3438914027149321, ""slg"": 0.5967741935483871, ""iso"": 0.3763440860215054, ""ab"": 186}, {""id"": 547180, ""name"": ""Bryce Harper"", ""bats"": ""L"", ""obp"": 0.3640552995391705, ""slg"": 0.5319148936170213, ""iso"": 0.2553191489361702, ""ab"": 188}]","[{""id"": 683953, ""name"": ""Travis Bazzana"", ""bats"": ""L"", ""obp"": 0.3854166666666667, ""slg"": 0.37037037037037035, ""iso"": 0.09876543209876543, ""ab"": 81}, {""id"": 608070, ""name"": ""Jos\u00e9 Ram\u00edrez"", ""bats"": ""S"", ""obp"": 0.35294117647058826, ""slg"": 0.40703517587939697, ""iso"": 0.1758793969849246, ""ab"": 199}, {""id"": 800050, ""name"": ""Chase DeLauter"", ""bats"": ""L"", ""obp"": 0.3497536945812808, ""slg"": 0.4576271186440678, ""iso"": 0.192090395480226, ""ab"": 177}]","[{""name"": ""wx_humidity"", ""value"": 96.0, ""contribution"": -0.1531}, {""name"": ""away_top3c_slg"", ""value"": 0.4201, ""contribution"": 0.1471}, {""name"": ""era_gap_t1"", ""value"": 2.0431, ""contribution"": 0.1256}, {""name"": ""away_top3c_obp"", ""value"": 0.3575, ""contribution"": 0.0856}, {""name"": ""away_top3c_iso"", ""value"": 0.1685, ""contribution"": -0.0733}]","[{""name"": ""home_top3c_iso"", ""value"": 0.2436, ""contribution"": 0.1406}, {""name"": ""era_gap_b1"", ""value"": -2.0431, ""contribution"": -0.0977}, {""name"": ""home_top3c_slg"", ""value"": 0.4854, ""contribution"": -0.0934}, {""name"": ""fi_park_nrfi_rate"", ""value"": 0.473, ""contribution"": 0.0599}, {""name"": ""away_p_last10_pitcher_nrfi"", ""value"": 1.0, ""contribution"": -0.0523}]",427533,0.5151,5.526,2.618,50.0,66.0,0.7136,0.7136,5.07,5.6,0.737,0.76,L,R,NRFI,PASS,0,0,0,2026-05-24T17:49:35+00:00,-125,-105,DraftKings,2026-05-24T17:49:33+00:00,0.5556,0.5122,-0.0655,-0.0023,,N,,,-125,-105,2026-05-24T17:33:17+00:00,,0.4276,YRFI,STRONG,,,,,,,
2026-05-24,2026,823544,1,N,TB,NYY,1:35 PM ET,Drew Rasmussen,Ryan Weathers,656876,677960,live,ltd,live,live,1.02,0.5123,0.4559,0.9682,0.3356,0.4225,0.7581,0.4349,0.5651,0.2526,0.7474,,,PASS,LOW LAMBDA,PASS - Low lambda,4,2026-05-24T17:03:25Z,2.995,3.817,1.009,1.191,3.824,3.944,1.93,2.59,1.21,1.4,8.07,9.98,0.331,0.325,0.394,0.422,4.742,4.769,13.6,12.6,97.0,0.0,0.8,0.8,0.7,0.8,0.3588,0.372,0.5184,0.4824,0.2777,0.2022,lineup,lineup,"[{""id"": 680474, ""name"": ""Max Schuemann"", ""bats"": ""R"", ""obp"": 0.47368421052631576, ""slg"": 0.42857142857142855, ""iso"": 0.14285714285714285, ""ab"": 14}, {""id"": 592450, ""name"": ""Aaron Judge"", ""bats"": ""R"", ""obp"": 0.37719298245614036, ""slg"": 0.5425531914893617, ""iso"": 0.2978723404255319, ""ab"": 188}, {""id"": 700250, ""name"": ""Ben Rice"", ""bats"": ""L"", ""obp"": 0.3826530612244898, ""slg"": 0.6347305389221557, ""iso"": 0.3473053892215569, ""ab"": 167}]","[{""id"": 686554, ""name"": ""Oliver Dunn"", ""bats"": ""L"", ""obp"": null, ""slg"": null, ""iso"": null, ""ab"": null}, {""id"": 666018, ""name"": ""Jonathan Aranda"", ""bats"": ""L"", ""obp"": 0.36792452830188677, ""slg"": 0.44571428571428573, ""iso"": 0.18285714285714288, ""ab"": 175}, {""id"": 691406, ""name"": ""Junior Caminero"", ""bats"": ""R"", ""obp"": 0.3581395348837209, ""slg"": 0.5026737967914439, ""iso"": 0.23529411764705882, ""ab"": 187}]","[{""name"": ""away_top3c_slg"", ""value"": 0.4824, ""contribution"": -0.287}, {""name"": ""away_top3c_iso"", ""value"": 0.2022, ""contribution"": 0.1824}, {""name"": ""wx_humidity"", ""value"": 97.0, ""contribution"": -0.1571}, {""name"": ""away_top3c_obp"", ""value"": 0.372, ""contribution"": 0.1508}, {""name"": ""away_top3_ops_vs_oppHand"", ""value"": 0.8497, ""contribution"": 0.1348}]","[{""name"": ""home_top3c_iso"", ""value"": 0.2777, ""contribution"": 0.2135}, {""name"": ""home_top3c_slg"", ""value"": 0.5184, ""contribution"": -0.1623}, {""name"": ""fi_park_nrfi_rate"", ""value"": 0.4526, ""contribution"": 0.1088}, {""name"": ""home_top3_ops_vs_oppHand"", ""value"": 0.872, ""contribution"": 0.1062}, {""name"": ""era_gap_b1"", ""value"": -0.822, ""contribution"": -0.0394}]",427139,0.5818,4.324,3.299,88.0,44.0,0.7272,0.7138,5.87,5.67,0.8497,0.872,R,L,NRFI,PASS,0,0,0,2026-05-24T17:51:37+00:00,-135,+100,DraftKings,2026-05-24T17:49:33+00:00,0.5745,0.5,-0.1396,0.0651,,N,,,-135,+100,2026-05-24T17:33:17+00:00,,0.4198,YRFI,STRONG,,,,,,,
2026-05-24,2026,823220,1,N,CWS,SF,4:05 PM ET,Noah Schultz,Robbie Ray,702273,592662,ltd,live,live,live,0.94,0.5503,0.486,1.0363,0.503,0.3039,0.8069,0.4284,0.5716,0.2776,0.7224,,,PASS,LOW LAMBDA,PASS - Low lambda,4,2026-05-24T20:03:14Z,4.52,4.012,1.278,1.273,4.249,4.835,4.13,3.63,1.02,1.61,8.6,8.68,0.321,0.298,0.401,0.388,4.508,3.799,16.5,21.5,73.0,0.0,0.8,0.8,0.8,0.7143,0.3192,0.3639,0.4452,0.4636,0.1643,0.215,lineup,lineup,"[{""id"": 642715, ""name"": ""Willy Adames"", ""bats"": ""R"", ""obp"": 0.26851851851851855, ""slg"": 0.3883495145631068, ""iso"": 0.1553398058252427, ""ab"": 206}, {""id"": 650333, ""name"": ""Luis Arraez"", ""bats"": ""L"", ""obp"": 0.36018957345971564, ""slg"": 0.4307692307692308, ""iso"": 0.1076923076923077, ""ab"": 195}, {""id"": 669477, ""name"": ""Casey Schmitt"", ""bats"": ""R"", ""obp"": 0.33146067415730335, ""slg"": 0.5333333333333333, ""iso"": 0.24242424242424243, ""ab"": 165}]","[{""id"": 805367, ""name"": ""Chase Meidroth"", ""bats"": ""R"", ""obp"": 0.3399014778325123, ""slg"": 0.36312849162011174, ""iso"": 0.1005586592178771, ""ab"": 179}, {""id"": 808959, ""name"": ""Munetaka Murakami"", ""bats"": ""L"", ""obp"": 0.38009049773755654, ""slg"": 0.5418994413407822, ""iso"": 0.3016759776536313, ""ab"": 179}, {""id"": 678246, ""name"": ""Miguel Vargas"", ""bats"": ""R"", ""obp"": 0.37037037037037035, ""slg"": 0.4858757062146893, ""iso"": 0.24293785310734464, ""ab"": 177}]","[{""name"": ""away_top3_ops_vs_oppHand"", ""value"": 0.9943, ""contribution"": 0.3552}, {""name"": ""away_top3c_iso"", ""value"": 0.215, ""contribution"": 0.2789}, {""name"": ""away_top3c_slg"", ""value"": 0.4636, ""contribution"": -0.1557}, {""name"": ""away_top3c_obp"", ""value"": 0.3639, ""contribution"": 0.1143}, {""name"": ""home_fip"", ""value"": 4.8353, ""contribution"": 0.0823}]","[{""name"": ""home_top3_ops_vs_oppHand"", ""value"": 0.6553, ""contribution"": -0.0986}, {""name"": ""home_obp"", ""value"": 0.2981, ""contribution"": -0.064}, {""name"": ""wx_wind_kmh"", ""value"": 21.5, ""contribution"": 0.0465}, {""name"": ""wx_is_dome"", ""value"": 0.0, ""contribution"": 0.0301}, {""name"": ""home_top3c_iso"", ""value"": 0.1643, ""contribution"": -0.0287}]",427197,0.5268,3.719,3.271,64.0,50.0,0.751,0.7136,5.27,5.07,0.9943,0.6553,L,L,YRFI,PASS,1,2,3,2026-05-24T20:25:33+00:00,-125,-105,DraftKings,2026-05-24T20:01:14+00:00,0.5556,0.5122,-0.1272,0.0594,0.1159,N,1,,-125,-105,2026-05-24T20:01:14+00:00,0,0.4877,PASS,NO EDGE,,,,,,,
2026-05-24,2026,824921,1,N,WSH,ATL,4:10 PM ET,Foster Griffin,Martín Pérez,656492,527048,ltd,ltd,live,live,0.98,0.4968,0.5722,1.0691,0.3816,0.3499,0.7315,0.4768,0.5232,0.2896,0.7104,,,PASS,NO EDGE,PASS - No edge,4,2026-05-24T20:03:14Z,4.082,3.357,1.213,1.094,4.413,4.054,2.91,3.03,1.44,1.1,8.71,8.16,0.321,0.323,0.414,0.429,5.199,5.125,25.1,12.3,82.0,0.0,0.6,0.4,0.4,0.7,0.3383,0.3817,0.4459,0.4845,0.1866,0.2391,lineup,lineup,"[{""id"": 660670, ""name"": ""Ronald Acu\u00f1a Jr."", ""bats"": ""R"", ""obp"": 0.3563218390804598, ""slg"": 0.363013698630137, ""iso"": 0.11643835616438358, ""ab"": 146}, {""id"": 643289, ""name"": ""Mauricio Dub\u00f3n"", ""bats"": ""R"", ""obp"": 0.3165829145728643, ""slg"": 0.4, ""iso"": 0.13513513513513514, ""ab"": 185}, {""id"": 621566, ""name"": ""Matt Olson"", ""bats"": ""L"", ""obp"": 0.34334763948497854, ""slg"": 0.5463414634146342, ""iso"": 0.2829268292682927, ""ab"": 205}]","[{""id"": 695578, ""name"": ""James Wood"", ""bats"": ""L"", ""obp"": 0.396, ""slg"": 0.5172413793103449, ""iso"": 0.26108374384236455, ""ab"": 203}, {""id"": 678554, ""name"": ""Curtis Mead"", ""bats"": ""R"", ""obp"": 0.3543307086614173, ""slg"": 0.4485981308411215, ""iso"": 0.21495327102803738, ""ab"": 107}, {""id"": 671277, ""name"": ""Luis Garc\u00eda Jr."", ""bats"": ""L"", ""obp"": 0.2787878787878788, ""slg"": 0.3924050632911392, ""iso"": 0.1392405063291139, ""ab"": 158}]","[{""name"": ""away_top3c_iso"", ""value"": 0.2391, ""contribution"": 0.4621}, {""name"": ""away_top3c_slg"", ""value"": 0.4845, ""contribution"": -0.3016}, {""name"": ""away_top3c_obp"", ""value"": 0.3817, ""contribution"": 0.1942}, {""name"": ""away_top3_ops_vs_oppHand"", ""value"": 0.6903, ""contribution"": -0.1079}, {""name"": ""wx_humidity"", ""value"": 82.0, ""contribution"": -0.0964}]","[{""name"": ""home_top3_ops_vs_oppHand"", ""value"": 0.692, ""contribution"": -0.0639}, {""name"": ""away_p_last5_pitcher_nrfi"", ""value"": 0.4, ""contribution"": 0.0521}, {""name"": ""era_gap_b1"", ""value"": 0.7258, ""contribution"": 0.0346}, {""name"": ""wx_is_dome"", ""value"": 0.0, ""contribution"": 0.0301}, {""name"": ""away_whiff_pct_rank"", ""value"": 59.0, ""contribution"": -0.0273}]",665576,0.4578,5.497,4.362,6.0,59.0,0.7272,0.7272,5.33,5.87,0.6903,0.692,L,L,NRFI,PASS,0,0,0,2026-05-24T20:47:20+00:00,-130,+100,DraftKings,2026-05-24T21:01:11+00:00,0.5652,0.5,-0.1197,0.0545,,N,,,-130,+100,2026-05-24T20:06:11+00:00,,0.4130,YRFI,STRONG,,,,,,,
2026-05-24,2026,824028,1,N,TEX,LAA,7:20 PM ET,MacKenzie Gore,Reid Detmers,669022,672282,live,live,live,live,0.99,0.4098,0.5228,0.9327,0.4271,0.4248,0.8519,0.3841,0.6159,0.2395,0.7605,,,YRFI,STRONG,STRONG YRFI,4,2026-05-24T22:04:06Z,4.506,4.644,1.339,1.286,3.911,3.256,4.05,3.17,1.11,0.81,10.26,10.05,0.318,0.314,0.385,0.387,4.053,4.154,21.8,13.7,59.0,0.0,0.8,0.6,0.8,0.7,0.3572,0.3422,0.4412,0.42,0.2103,0.1533,lineup,lineup,"[{""id"": 687263, ""name"": ""Zach Neto"", ""bats"": ""R"", ""obp"": 0.3374485596707819, ""slg"": 0.43478260869565216, ""iso"": 0.2077294685990338, ""ab"": 207}, {""id"": 545361, ""name"": ""Mike Trout"", ""bats"": ""R"", ""obp"": 0.4017094017094017, ""slg"": 0.4945652173913043, ""iso"": 0.2554347826086956, ""ab"": 184}, {""id"": 687093, ""name"": ""Vaughn Grissom"", ""bats"": ""R"", ""obp"": 0.3055555555555556, ""slg"": 0.35106382978723405, ""iso"": 0.12765957446808512, ""ab"": 94}]","[{""id"": 696030, ""name"": ""Alejandro Osuna"", ""bats"": ""L"", ""obp"": 0.4266666666666667, ""slg"": 0.32786885245901637, ""iso"": 0.03278688524590162, ""ab"": 61}, {""id"": 679822, ""name"": ""Justin Foscue"", ""bats"": ""R"", ""obp"": 0.37777777777777777, ""slg"": 0.55, ""iso"": 0.22500000000000003, ""ab"": 40}, {""id"": 607043, ""name"": ""Brandon Nimmo"", ""bats"": ""L"", ""obp"": 0.35023041474654376, ""slg"": 0.44041450777202074, ""iso"": 0.1658031088082902, ""ab"": 193}]","[{""name"": ""away_top3_ops_vs_oppHand"", ""value"": 1.0497, ""contribution"": 0.4395}, {""name"": ""away_top3c_iso"", ""value"": 0.1533, ""contribution"": -0.1882}, {""name"": ""away_top3c_slg"", ""value"": 0.42, ""contribution"": 0.1481}, {""name"": ""home_fip"", ""value"": 3.2559, ""contribution"": -0.0804}, {""name"": ""fi_park_nrfi_rate"", ""value"": 0.4526, ""contribution"": 0.0644}]","[{""name"": ""fi_park_nrfi_rate"", ""value"": 0.4526, ""contribution"": 0.1088}, {""name"": ""away_whiff_pct_rank"", ""value"": 75.0, ""contribution"": -0.0766}, {""name"": ""home_top3c_iso"", ""value"": 0.2103, ""contribution"": 0.0696}, {""name"": ""home_top3_ops_vs_oppHand"", ""value"": 0.8077, ""contribution"": 0.0454}, {""name"": ""wx_is_dome"", ""value"": 0.0, ""contribution"": 0.0301}]",596805,0.4819,3.122,4.532,65.0,75.0,0.6767,0.7136,5.27,4.6,1.0497,0.8077,L,L,NRFI,LOSS,0,0,0,2026-05-24T23:35:45+00:00,,,,,,,,,,Y,1,-1,,,,,0.4552,PASS,NO EDGE,,,,,,,
2026-05-24,2026,824840,2,S,DET,BAL,6:05 PM ET,Troy Melton,Trevor Rogers,675512,669432,ltd,live,live,live,1.06,0.462,0.5512,1.0132,0.2989,0.3187,0.6177,0.5308,0.4692,0.2691,0.7309,,,NRFI,LEAN,LEAN NRFI,4,2026-05-24T21:04:06Z,3.639,4.384,1.166,1.287,4.349,3.662,2.95,2.98,1.28,0.86,8.15,8.17,0.315,0.316,0.378,0.395,3.978,4.396,15.9,5.0,96.0,0.0,0.6,0.75,0.7,0.75,0.3389,0.3339,0.4283,0.4193,0.1797,0.174,lineup,lineup,"[{""id"": 621493, ""name"": ""Taylor Ward"", ""bats"": ""R"", ""obp"": 0.4104803493449782, ""slg"": 0.37222222222222223, ""iso"": 0.1166666666666667, ""ab"": 180}, {""id"": 683002, ""name"": ""Gunnar Henderson"", ""bats"": ""L"", ""obp"": 0.2782608695652174, ""slg"": 0.4252336448598131, ""iso"": 0.19626168224299065, ""ab"": 214}, {""id"": 668939, ""name"": ""Adley Rutschman"", ""bats"": ""S"", ""obp"": 0.32142857142857145, ""slg"": 0.5116279069767442, ""iso"": 0.24031007751937988, ""ab"": 129}]","[{""id"": 663837, ""name"": ""Matt Vierling"", ""bats"": ""R"", ""obp"": 0.2746478873239437, ""slg"": 0.368, ""iso"": 0.16799999999999998, ""ab"": 125}, {""id"": 805808, ""name"": ""Kevin McGonigle"", ""bats"": ""L"", ""obp"": 0.3926940639269406, ""slg"": 0.41935483870967744, ""iso"": 0.13440860215053763, ""ab"": 186}, {""id"": 693307, ""name"": ""Dillon Dingler"", ""bats"": ""R"", ""obp"": 0.30978260869565216, ""slg"": 0.4578313253012048, ""iso"": 0.2228915662650602, ""ab"": 166}]","[{""name"": ""wx_humidity"", ""value"": 96.0, ""contribution"": -0.1531}, {""name"": ""away_top3c_slg"", ""value"": 0.4193, ""contribution"": 0.153}, {""name"": ""home_avg_ip_per_start"", ""value"": 3.8, ""contribution"": 0.0962}, {""name"": ""away_top3_ops_vs_oppHand"", ""value"": 0.731, ""contribution"": -0.0459}, {""name"": ""era_gap_t1"", ""value"": 0.7452, ""contribution"": 0.0459}]","[{""name"": ""fi_park_nrfi_rate"", ""value"": 0.519, ""contribution"": -0.0505}, {""name"": ""era_gap_b1"", ""value"": -0.7452, ""contribution"": -0.0357}, {""name"": ""wx_wind_kmh"", ""value"": 5.0, ""contribution"": -0.0351}, {""name"": ""wx_humidity"", ""value"": 96.0, ""contribution"": -0.0302}, {""name"": ""wx_is_dome"", ""value"": 0.0, ""contribution"": 0.0301}]",483561,0.5039,3.258,4.2,47.0,50.0,0.7136,0.7136,3.8,5.17,0.731,0.767,R,L,YRFI,LOSS,2,0,2,2026-05-24T22:17:37+00:00,-130,+100,DraftKings,2026-05-24T21:54:53+00:00,0.5652,0.5,-0.0344,-0.0308,-0.0344,N,0.5,0,-130,+100,2026-05-24T21:01:11+00:00,0,0.6370,NRFI,STRONG,,,,,,,
2026-05-25,2026,824598,1,N,MIN,CWS,2:10 PM ET,Zebby Matthews,Anthony Kay,805673,641743,ltd,ltd,live,live,0.98,0.5565,0.4644,1.0209,0.3769,0.4934,0.8703,0.3841,0.6159,0.2719,0.7281,,,YRFI,STRONG,STRONG YRFI,4,2026-05-25T17:07:38Z,4.177,4.224,1.254,1.362,3.686,4.549,2.28,3.66,1.16,1.19,9.1,7.62,0.323,0.321,0.393,0.401,4.64,4.515,23.9,16.7,45.0,0.0,0.4,0.2,0.5,0.3,0.3761,0.341,0.4841,0.4661,0.2368,0.1972,lineup,lineup,"[{""id"": 803011, ""name"": ""Sam Antonacci"", ""bats"": ""L"", ""obp"": 0.3769230769230769, ""slg"": 0.38181818181818183, ""iso"": 0.10909090909090913, ""ab"": 110}, {""id"": 808959, ""name"": ""Munetaka Murakami"", ""bats"": ""L"", ""obp"": 0.37610619469026546, ""slg"": 0.5300546448087432, ""iso"": 0.29508196721311475, ""ab"": 183}, {""id"": 678246, ""name"": ""Miguel Vargas"", ""bats"": ""R"", ""obp"": 0.3755656108597285, ""slg"": 0.5, ""iso"": 0.25555555555555554, ""ab"": 180}]","[{""id"": 621439, ""name"": ""Byron Buxton"", ""bats"": ""R"", ""obp"": 0.31862745098039214, ""slg"": 0.5775401069518716, ""iso"": 0.3155080213903743, ""ab"": 187}, {""id"": 686797, ""name"": ""Brooks Lee"", ""bats"": ""S"", ""obp"": 0.3089005235602094, ""slg"": 0.3954802259887006, ""iso"": 0.14124293785310738, ""ab"": 177}, {""id"": 668885, ""name"": ""Austin Martin"", ""bats"": ""R"", ""obp"": 0.40606060606060607, ""slg"": 0.4057971014492754, ""iso"": 0.10869565217391308, ""ab"": 138}]","[{""name"": ""away_top3c_slg"", ""value"": 0.4661, ""contribution"": -0.1737}, {""name"": ""away_top3c_iso"", ""value"": 0.1972, ""contribution"": 0.1444}, {""name"": ""home_xera"", ""value"": 7.5858, ""contribution"": 0.1267}, {""name"": ""home_p_last5_pitcher_nrfi"", ""value"": 0.4, ""contribution"": -0.0547}, {""name"": ""wx_humidity"", ""value"": 45.0, ""contribution"": 0.0534}]","[{""name"": ""home_top3c_iso"", ""value"": 0.2368, ""contribution"": 0.1261}, {""name"": ""home_top3c_slg"", ""value"": 0.4841, ""contribution"": -0.0908}, {""name"": ""away_p_last5_pitcher_nrfi"", ""value"": 0.2, ""contribution"": 0.0847}, {""name"": ""away_p_last10_pitcher_nrfi"", ""value"": 0.3, ""contribution"": 0.0801}, {""name"": ""home_top3_ops_vs_oppHand"", ""value"": 0.8303, ""contribution"": 0.0669}]",427248,0.5131,7.586,4.2,50.0,50.0,0.7136,0.6796,5.07,5.53,0.7387,0.8303,R,L,YRFI,WIN,1,1,2,2026-05-25T18:25:55+00:00,-115,-115,DraftKings,2026-05-25T17:10:48+00:00,0.5349,0.5349,-0.1508,0.081,0.081,Y,1,0.87,-110,-120,2026-05-25T17:06:06+00:00,-0.0106,0.3767,YRFI,STRONG,,,,,,,
2026-05-25,2026,825005,1,N,SEA,OAK,9:40 PM ET,Luis Castillo,Aaron Civale,622491,650644,live,live,live,live,0.93,0.5045,0.4981,1.0026,0.365,0.5222,0.8872,0.3841,0.6159,0.2652,0.7348,,,YRFI,STRONG,STRONG YRFI,4,2026-05-26T00:33:28Z,5.077,3.941,1.378,1.334,4.114,4.768,2.95,2.86,1.27,1.49,8.67,7.12,0.315,0.328,0.382,0.397,4.138,4.404,16.7,22.8,59.0,0.0,0.8,0.6,0.6,0.7,0.4169,0.325,0.5277,0.3799,0.2174,0.1413,lineup,lineup,"[{""id"": 666126, ""name"": ""Carlos Cortes"", ""bats"": ""L"", ""obp"": 0.4295774647887324, ""slg"": 0.5528455284552846, ""iso"": 0.2032520325203252, ""ab"": 123}, {""id"": 701762, ""name"": ""Nick Kurtz"", ""bats"": ""L"", ""obp"": 0.4476987447698745, ""slg"": 0.489247311827957, ""iso"": 0.1989247311827957, ""ab"": 186}, {""id"": 669127, ""name"": ""Shea Langeliers"", ""bats"": ""R"", ""obp"": 0.3755656108597285, ""slg"": 0.5482233502538071, ""iso"": 0.24365482233502533, ""ab"": 197}]","[{""id"": 641487, ""name"": ""J.P. Crawford"", ""bats"": ""L"", ""obp"": 0.3386243386243386, ""slg"": 0.33974358974358976, ""iso"": 0.14102564102564105, ""ab"": 156}, {""id"": 677594, ""name"": ""Julio Rodr\u00edguez"", ""bats"": ""R"", ""obp"": 0.32340425531914896, ""slg"": 0.4372093023255814, ""iso"": 0.17674418604651165, ""ab"": 215}, {""id"": 647304, ""name"": ""Josh Naylor"", ""bats"": ""L"", ""obp"": 0.3148148148148148, ""slg"": 0.3487179487179487, ""iso"": 0.10256410256410253, ""ab"": 195}]","[{""name"": ""away_top3c_slg"", ""value"": 0.3799, ""contribution"": 0.428}, {""name"": ""away_top3c_iso"", ""value"": 0.1413, ""contribution"": -0.2791}, {""name"": ""away_top3_ops_vs_oppHand"", ""value"": 0.7007, ""contribution"": -0.0921}, {""name"": ""fi_park_nrfi_rate"", ""value"": 0.4422, ""contribution"": 0.0791}, {""name"": ""home_fip"", ""value"": 4.7685, ""contribution"": 0.0754}]","[{""name"": ""home_top3_ops_vs_oppHand"", ""value"": 0.9743, ""contribution"": 0.203}, {""name"": ""home_top3c_slg"", ""value"": 0.5277, ""contribution"": -0.1816}, {""name"": ""fi_park_nrfi_rate"", ""value"": 0.4422, ""contribution"": 0.1337}, {""name"": ""home_top3c_iso"", ""value"": 0.2174, ""contribution"": 0.0847}, {""name"": ""home_top3c_obp"", ""value"": 0.4169, ""contribution"": 0.0649}]",547380,0.5173,4.013,4.328,28.0,48.0,0.6942,0.6757,5.2,5.13,0.7007,0.9743,R,R,NRFI,LOSS,0,0,0,2026-05-26T01:56:39+00:00,+125,-160,DraftKings,2026-05-26T00:41:56+00:00,0.4444,0.6154,-0.0603,0.0005,0.0005,Y,1,-1,+125,-160,2026-05-26T00:36:36+00:00,0,0.4144,YRFI,STRONG,,,,,,,
2026-05-25,2026,823784,1,N,STL,MIL,2:10 PM ET,Matthew Liberatore,Jacob Misiorowski,669461,694819,live,live,live,live,1.03,0.399,0.6139,1.0129,0.2475,0.3108,0.5583,0.5982,0.4018,0.269,0.731,,,NRFI,STRONG,STRONG NRFI,4,2026-05-25T17:07:38Z,4.485,2.873,1.445,1.032,4.585,2.762,3.02,3.17,1.38,0.84,7.43,12.48,0.321,0.329,0.396,0.372,4.553,4.823,,,,1.0,1.0,0.6,0.8,0.6,0.3818,0.3717,0.4419,0.4352,0.1458,0.1693,lineup,lineup,"[{""id"": 694192, ""name"": ""Jackson Chourio"", ""bats"": ""R"", ""obp"": 0.325, ""slg"": 0.42105263157894735, ""iso"": 0.13157894736842102, ""ab"": 76}, {""id"": 668930, ""name"": ""Brice Turang"", ""bats"": ""L"", ""obp"": 0.4131455399061033, ""slg"": 0.4857142857142857, ""iso"": 0.19428571428571428, ""ab"": 175}, {""id"": 661388, ""name"": ""William Contreras"", ""bats"": ""R"", ""obp"": 0.37142857142857144, ""slg"": 0.4095744680851064, ""iso"": 0.10638297872340424, ""ab"": 188}]","[{""id"": 802139, ""name"": ""JJ Wetherholt"", ""bats"": ""L"", ""obp"": 0.3562231759656652, ""slg"": 0.4020618556701031, ""iso"": 0.16494845360824745, ""ab"": 194}, {""id"": 671056, ""name"": ""Iv\u00e1n Herrera"", ""bats"": ""R"", ""obp"": 0.39316239316239315, ""slg"": 0.43455497382198954, ""iso"": 0.16753926701570682, ""ab"": 191}, {""id"": 676475, ""name"": ""Alec Burleson"", ""bats"": ""L"", ""obp"": 0.365296803652968, ""slg"": 0.4690721649484536, ""iso"": 0.17525773195876287, ""ab"": 194}]","[{""name"": ""away_top3c_obp"", ""value"": 0.3717, ""contribution"": 0.1494}, {""name"": ""away_top3_ops_vs_oppHand"", ""value"": 0.8517, ""contribution"": 0.1379}, {""name"": ""home_fip"", ""value"": 2.7618, ""contribution"": -0.1313}, {""name"": ""fi_park_nrfi_rate"", ""value"": 0.5899, ""contribution"": -0.1304}, {""name"": ""era_gap_t1"", ""value"": -1.6118, ""contribution"": -0.0989}]","[{""name"": ""fi_park_nrfi_rate"", ""value"": 0.5899, ""contribution"": -0.2204}, {""name"": ""away_whiff_pct_rank"", ""value"": 14.0, ""contribution"": 0.1113}, {""name"": ""wx_is_dome"", ""value"": 1.0, ""contribution"": -0.0866}, {""name"": ""era_gap_b1"", ""value"": 1.6118, ""contribution"": 0.077}, {""name"": ""home_top3_ops_vs_oppHand"", ""value"": 0.6823, ""contribution"": -0.073}]",427243,0.4707,3.153,4.999,86.0,14.0,0.664,0.7396,6.07,4.93,0.8517,0.6823,L,R,YRFI,LOSS,0,3,3,2026-05-25T18:32:11+00:00,-145,+110,DraftKings,2026-05-25T17:10:48+00:00,0.5918,0.4762,0.0064,-0.0744,0.0064,Y,1,-1,-145,+110,2026-05-25T17:06:06+00:00,0,0.6413,NRFI,STRONG,,,,,,,
2026-05-25,2026,823380,1,N,CHC,PIT,1:35 PM ET,Ben Brown,Carmen Mlodzinski,676962,669387,live,live,live,live,0.96,0.4142,0.44,0.8543,0.3701,0.4248,0.7949,0.4349,0.5651,0.2108,0.7892,,,PASS,LOW LAMBDA,PASS - Low lambda,4,2026-05-25T17:31:51Z,3.945,3.826,1.205,1.352,3.264,3.207,2.78,2.83,0.88,0.56,9.76,8.05,0.331,0.328,0.393,0.391,4.713,4.757,23.8,4.0,62.0,0.0,0.8,0.6,0.9,0.5,0.3699,0.3423,0.4553,0.3925,0.1946,0.1685,lineup,lineup,"[{""id"": 687462, ""name"": ""Spencer Horwitz"", ""bats"": ""L"", ""obp"": 0.3806818181818182, ""slg"": 0.4383561643835616, ""iso"": 0.1643835616438356, ""ab"": 146}, {""id"": 664040, ""name"": ""Brandon Lowe"", ""bats"": ""L"", ""obp"": 0.35096153846153844, ""slg"": 0.5469613259668509, ""iso"": 0.28729281767955805, ""ab"": 181}, {""id"": 668804, ""name"": ""Bryan Reynolds"", ""bats"": ""S"", ""obp"": 0.3788546255506608, ""slg"": 0.37967914438502676, ""iso"": 0.12834224598930483, ""ab"": 187}]","[{""id"": 691718, ""name"": ""Pete Crow-Armstrong"", ""bats"": ""L"", ""obp"": 0.31627906976744186, ""slg"": 0.37037037037037035, ""iso"": 0.14285714285714285, ""ab"": 189}, {""id"": 664023, ""name"": ""Ian Happ"", ""bats"": ""S"", ""obp"": 0.35, ""slg"": 0.42857142857142855, ""iso"": 0.21428571428571427, ""ab"": 182}, {""id"": 683737, ""name"": ""Michael Busch"", ""bats"": ""L"", ""obp"": 0.35964912280701755, ""slg"": 0.37967914438502676, ""iso"": 0.14973262032085563, ""ab"": 187}]","[{""name"": ""away_top3c_slg"", ""value"": 0.3925, ""contribution"": 0.34}, {""name"": ""home_fip"", ""value"": 3.2068, ""contribution"": -0.0855}, {""name"": ""away_top3c_iso"", ""value"": 0.1685, ""contribution"": -0.0736}, {""name"": ""home_whiff_pct_rank"", ""value"": 29.0, ""contribution"": 0.0357}, {""name"": ""fi_park_nrfi_rate"", ""value"": 0.5188, ""contribution"": -0.0295}]","[{""name"": ""home_top3_ops_vs_oppHand"", ""value"": 0.8597, ""contribution"": 0.0946}, {""name"": ""fi_park_nrfi_rate"", ""value"": 0.5188, ""contribution"": -0.0499}, {""name"": ""home_obp"", ""value"": 0.3285, ""contribution"": 0.0444}, {""name"": ""away_p_last10_pitcher_nrfi"", ""value"": 0.5, ""contribution"": 0.0422}, {""name"": ""wx_wind_kmh"", ""value"": 4.0, ""contribution"": -0.04}]",483919,0.4901,4.064,2.77,29.0,43.0,0.751,0.7136,4.93,4.6,0.7587,0.8597,R,R,NRFI,PASS,0,0,0,2026-05-25T17:50:32+00:00,-120,-110,DraftKings,2026-05-25T17:32:11+00:00,0.5455,0.5238,-0.1106,0.0413,,N,,,-120,-110,2026-05-25T17:32:11+00:00,,0.4658,PASS,NO EDGE,,,,,,,
2026-05-25,2026,823625,1,N,CIN,NYM,4:10 PM ET,Nick Lodolo,Nolan McLean,666157,690997,live,live,live,live,0.96,0.3983,0.4891,0.8873,0.2914,0.3421,0.6335,0.4901,0.5099,0.2229,0.7771,,,PASS,NO EDGE,PASS - No edge,4,2026-05-25T19:31:12Z,4.385,3.47,1.203,1.088,4.578,3.321,2.77,2.77,1.58,0.97,8.34,10.22,0.311,0.298,0.396,0.362,4.425,4.022,20.2,10.1,91.0,0.0,0.6,0.8,0.6,0.9,0.2799,0.3656,0.3448,0.5424,0.1143,0.2515,lineup,lineup,"[{""id"": 701807, ""name"": ""Carson Benge"", ""bats"": ""L"", ""obp"": 0.30526315789473685, ""slg"": 0.33714285714285713, ""iso"": 0.09142857142857141, ""ab"": 175}, {""id"": 666182, ""name"": ""Bo Bichette"", ""bats"": ""R"", ""obp"": 0.26609442060085836, ""slg"": 0.3148148148148148, ""iso"": 0.09722222222222224, ""ab"": 216}, {""id"": 668901, ""name"": ""Mark Vientos"", ""bats"": ""R"", ""obp"": 0.27058823529411763, ""slg"": 0.39375, ""iso"": 0.16249999999999998, ""ab"": 160}]","[{""id"": 694362, ""name"": ""Blake Dunn"", ""bats"": ""R"", ""obp"": 0.4, ""slg"": 0.5405405405405406, ""iso"": 0.1891891891891892, ""ab"": 37}, {""id"": 682829, ""name"": ""Elly De La Cruz"", ""bats"": ""S"", ""obp"": 0.354978354978355, ""slg"": 0.5288461538461539, ""iso"": 0.24038461538461542, ""ab"": 208}, {""id"": 668709, ""name"": ""JJ Bleday"", ""bats"": ""L"", ""obp"": 0.37623762376237624, ""slg"": 0.5764705882352941, ""iso"": 0.30588235294117644, ""ab"": 85}]","[{""name"": ""away_top3c_slg"", ""value"": 0.5424, ""contribution"": -0.7058}, {""name"": ""away_top3c_iso"", ""value"": 0.2515, ""contribution"": 0.556}, {""name"": ""away_top3_ops_vs_oppHand"", ""value"": 0.9667, ""contribution"": 0.3131}, {""name"": ""wx_humidity"", ""value"": 91.0, ""contribution"": -0.1328}, {""name"": ""away_top3c_obp"", ""value"": 0.3656, ""contribution"": 0.1218}]","[{""name"": ""home_top3c_slg"", ""value"": 0.3448, ""contribution"": 0.1999}, {""name"": ""home_top3c_iso"", ""value"": 0.1143, ""contribution"": -0.1355}, {""name"": ""home_obp"", ""value"": 0.2981, ""contribution"": -0.0643}, {""name"": ""home_top3c_obp"", ""value"": 0.2799, ""contribution"": -0.0481}, {""name"": ""era_gap_b1"", ""value"": 0.915, ""contribution"": 0.0437}]",483569,0.5176,2.723,4.2,76.0,50.0,0.7136,0.6942,5.53,5.2,0.9667,0.7957,L,R,NRFI,PASS,0,0,0,2026-05-25T20:23:17+00:00,-140,+105,DraftKings,2026-05-25T20:17:42+00:00,0.5833,0.4878,-0.0932,0.0221,-0.0039,N,1,,-140,+105,2026-05-25T20:07:02+00:00,0,0.6370,NRFI,STRONG,,,,,,,
2026-05-25,2026,824838,1,N,TB,BAL,1:35 PM ET,Shane McClanahan,Kyle Bradish,663556,680694,ltd,ltd,live,live,1.06,0.5694,0.4693,1.0387,0.2582,0.3145,0.5727,0.5804,0.4196,0.2785,0.7215,,,NRFI,STRONG,STRONG NRFI,4,2026-05-25T16:17:55Z,3.461,3.957,1.15,1.375,3.475,3.938,3.21,4.0,0.79,1.07,9.18,9.99,0.331,0.314,0.392,0.391,4.669,4.346,22.1,2.5,94.0,0.0,0.8,1.0,0.9,0.8889,0.3387,0.3483,0.4244,0.4253,0.179,0.153,lineup,lineup,"[{""id"": 621493, ""name"": ""Taylor Ward"", ""bats"": ""R"", ""obp"": 0.4050632911392405, ""slg"": 0.3670212765957447, ""iso"": 0.11170212765957449, ""ab"": 188}, {""id"": 683002, ""name"": ""Gunnar Henderson"", ""bats"": ""L"", ""obp"": 0.2773109243697479, ""slg"": 0.4298642533936652, ""iso"": 0.20361990950226247, ""ab"": 221}, {""id"": 668939, ""name"": ""Adley Rutschman"", ""bats"": ""S"", ""obp"": 0.3310810810810811, ""slg"": 0.49624060150375937, ""iso"": 0.23308270676691728, ""ab"": 133}]","[{""id"": 802415, ""name"": ""Chandler Simpson"", ""bats"": ""L"", ""obp"": 0.3170731707317073, ""slg"": 0.33678756476683935, ""iso"": 0.051813471502590636, ""ab"": 193}, {""id"": 691406, ""name"": ""Junior Caminero"", ""bats"": ""R"", ""obp"": 0.3607305936073059, ""slg"": 0.5, ""iso"": 0.23157894736842105, ""ab"": 190}, {""id"": 666018, ""name"": ""Jonathan Aranda"", ""bats"": ""L"", ""obp"": 0.36574074074074076, ""slg"": 0.441340782122905, ""iso"": 0.17877094972067037, ""ab"": 179}]","[{""name"": ""away_top3c_iso"", ""value"": 0.153, ""contribution"": -0.1906}, {""name"": ""wx_humidity"", ""value"": 94.0, ""contribution"": -0.145}, {""name"": ""away_top3c_slg"", ""value"": 0.4253, ""contribution"": 0.1113}, {""name"": ""home_whiff_pct_rank"", ""value"": 94.0, ""contribution"": -0.0745}, {""name"": ""away_top3_ops_vs_oppHand"", ""value"": 0.8027, ""contribution"": 0.0632}]","[{""name"": ""fi_park_nrfi_rate"", ""value"": 0.519, ""contribution"": -0.0505}, {""name"": ""wx_wind_kmh"", ""value"": 2.5, ""contribution"": -0.0474}, {""name"": ""away_p_last5_pitcher_nrfi"", ""value"": 1.0, ""contribution"": -0.0455}, {""name"": ""home_top3_ops_vs_oppHand"", ""value"": 0.8023, ""contribution"": 0.0404}, {""name"": ""home_top3c_slg"", ""value"": 0.4244, ""contribution"": 0.034}]",596809,0.5038,3.85,4.746,94.0,50.0,0.7197,0.7396,5.47,5.33,0.8027,0.8023,L,R,NRFI,WIN,0,0,0,2026-05-25T17:47:00+00:00,-140,+110,DraftKings,2026-05-25T16:37:38+00:00,0.5833,0.4762,-0.0029,-0.0566,-0.0029,Y,1,0.714,-140,+110,2026-05-25T16:32:17+00:00,0,0.4877,PASS,NO EDGE,,,,,,,
2026-05-25,2026,823219,1,N,ARI,SF,5:05 PM ET,Merrill Kelly,Landen Roupp,518876,694738,live,live,live,live,0.94,0.4059,0.5203,0.9261,0.2833,0.3593,0.6426,0.4901,0.5099,0.2371,0.7629,,,PASS,NO EDGE,PASS - No edge,4,2026-05-25T21:03:47Z,4.63,3.511,1.316,1.278,4.808,3.188,3.16,3.55,1.45,0.6,7.05,9.42,0.314,0.3,0.405,0.391,4.575,3.86,15.8,23.4,67.0,0.0,0.6,0.6,0.8,0.5,0.3234,0.3515,0.4514,0.461,0.1701,0.1989,lineup,lineup,"[{""id"": 642715, ""name"": ""Willy Adames"", ""bats"": ""R"", ""obp"": 0.27149321266968324, ""slg"": 0.3904761904761905, ""iso"": 0.15714285714285714, ""ab"": 210}, {""id"": 650333, ""name"": ""Luis Arraez"", ""bats"": ""L"", ""obp"": 0.3627906976744186, ""slg"": 0.4263959390862944, ""iso"": 0.10659898477157359, ""ab"": 197}, {""id"": 669477, ""name"": ""Casey Schmitt"", ""bats"": ""R"", ""obp"": 0.33879781420765026, ""slg"": 0.5562130177514792, ""iso"": 0.26035502958579876, ""ab"": 169}]","[{""id"": 606466, ""name"": ""Ketel Marte"", ""bats"": ""S"", ""obp"": 0.3160377358490566, ""slg"": 0.4564102564102564, ""iso"": 0.19487179487179485, ""ab"": 195}, {""id"": 682998, ""name"": ""Corbin Carroll"", ""bats"": ""L"", ""obp"": 0.39903846153846156, ""slg"": 0.5795454545454546, ""iso"": 0.27840909090909094, ""ab"": 176}, {""id"": 672695, ""name"": ""Geraldo Perdomo"", ""bats"": ""S"", ""obp"": 0.3399014778325123, ""slg"": 0.3413173652694611, ""iso"": 0.1197604790419162, ""ab"": 167}]","[{""name"": ""away_top3c_iso"", ""value"": 0.1989, ""contribution"": 0.1571}, {""name"": ""away_top3c_slg"", ""value"": 0.461, ""contribution"": -0.1377}, {""name"": ""home_fip"", ""value"": 3.1878, ""contribution"": -0.0874}, {""name"": ""era_gap_t1"", ""value"": -1.1192, ""contribution"": -0.0687}, {""name"": ""away_top3c_obp"", ""value"": 0.3515, ""contribution"": 0.0583}]","[{""name"": ""home_obp"", ""value"": 0.2996, ""contribution"": -0.0587}, {""name"": ""wx_wind_kmh"", ""value"": 23.4, ""contribution"": 0.0559}, {""name"": ""era_gap_b1"", ""value"": 1.1192, ""contribution"": 0.0534}, {""name"": ""away_avg_ip_per_start"", ""value"": 6.2667, ""contribution"": -0.045}, {""name"": ""home_top3_ops_vs_oppHand"", ""value"": 0.8067, ""contribution"": 0.0445}]",428442,0.5176,3.796,4.616,41.0,52.0,0.7272,0.6862,5.47,6.27,0.768,0.8067,R,R,NRFI,PASS,0,0,0,2026-05-25T21:20:50+00:00,-140,+105,DraftKings,2026-05-25T21:03:22+00:00,0.5833,0.4878,-0.0932,0.0221,,N,,,-135,+105,2026-05-25T21:03:22+00:00,,0.4658,PASS,NO EDGE,,,,,,,
2026-05-25,2026,823296,1,N,PHI,SD,6:40 PM ET,Jesús Luzardo,Griffin Canning,666200,656288,live,ltd,live,live,0.95,0.5168,0.3754,0.8922,0.429,0.2404,0.6694,0.4901,0.5099,0.2247,0.7753,,,PASS,NO EDGE,PASS - No edge,4,2026-05-25T22:33:21Z,4.459,5.369,1.272,1.472,2.877,4.208,2.59,4.25,0.8,1.07,10.7,9.09,0.302,0.299,0.39,0.376,4.125,4.157,19.8,15.3,68.0,0.0,0.6,0.8,0.5,0.9,0.3176,0.3294,0.3788,0.4823,0.1212,0.2411,lineup,lineup,"[{""id"": 665487, ""name"": ""Fernando Tatis Jr."", ""bats"": ""R"", ""obp"": 0.3256880733944954, ""slg"": 0.2894736842105263, ""iso"": 0.04210526315789476, ""ab"": 190}, {""id"": 609280, ""name"": ""Miguel Andujar"", ""bats"": ""R"", ""obp"": 0.3032258064516129, ""slg"": 0.4866666666666667, ""iso"": 0.20666666666666667, ""ab"": 150}, {""id"": 593428, ""name"": ""Xander Bogaerts"", ""bats"": ""R"", ""obp"": 0.32, ""slg"": 0.38333333333333336, ""iso"": 0.13333333333333336, ""ab"": 180}]","[{""id"": 607208, ""name"": ""Trea Turner"", ""bats"": ""R"", ""obp"": 0.2813852813852814, ""slg"": 0.3380281690140845, ""iso"": 0.11267605633802816, ""ab"": 213}, {""id"": 656941, ""name"": ""Kyle Schwarber"", ""bats"": ""L"", ""obp"": 0.3466666666666667, ""slg"": 0.6, ""iso"": 0.37368421052631573, ""ab"": 190}, {""id"": 547180, ""name"": ""Bryce Harper"", ""bats"": ""L"", ""obp"": 0.36199095022624433, ""slg"": 0.5263157894736842, ""iso"": 0.2526315789473684, ""ab"": 190}]","[{""name"": ""away_top3c_iso"", ""value"": 0.2411, ""contribution"": 0.4774}, {""name"": ""away_top3c_slg"", ""value"": 0.4823, ""contribution"": -0.2864}, {""name"": ""away_top3_ops_vs_oppHand"", ""value"": 0.8543, ""contribution"": 0.1419}, {""name"": ""home_avg_ip_per_start"", ""value"": 3.7333, ""contribution"": 0.1007}, {""name"": ""fi_park_nrfi_rate"", ""value"": 0.5409, ""contribution"": -0.0609}]","[{""name"": ""home_top3c_slg"", ""value"": 0.3788, ""contribution"": 0.1289}, {""name"": ""away_whiff_pct_rank"", ""value"": 90.0, ""contribution"": -0.1229}, {""name"": ""home_top3c_iso"", ""value"": 0.1212, ""contribution"": -0.1209}, {""name"": ""fi_park_nrfi_rate"", ""value"": 0.5409, ""contribution"": -0.103}, {""name"": ""home_obp"", ""value"": 0.2989, ""contribution"": -0.0612}]",482663,0.5317,4.668,3.2,69.0,90.0,0.6796,0.7075,3.73,5.67,0.8543,0.6957,L,R,YRFI,PASS,1,0,1,2026-05-25T23:03:08+00:00,-120,-110,DraftKings,2026-05-25T22:52:25+00:00,0.5455,0.5238,-0.0554,-0.0139,,N,,,-120,-110,2026-05-25T22:36:27+00:00,,0.4877,PASS,NO EDGE,,,,,,,
2026-05-25,2026,823948,1,N,COL,LAD,9:10 PM ET,Tanner Gordon,Emmet Sheehan,685299,686218,live,live,live,live,0.97,0.4477,0.6065,1.0542,0.276,0.4663,0.7423,0.4581,0.5419,0.2842,0.7158,,,PASS,NO EDGE,PASS - No edge,4,2026-05-26T01:03:35Z,5.953,4.187,1.446,1.182,4.647,3.954,2.22,2.69,1.79,1.42,8.75,10.13,0.311,0.338,0.384,0.423,4.152,5.022,21.8,16.9,55.0,0.0,0.6,0.4,0.4,0.5,0.3605,0.329,0.4397,0.4553,0.1897,0.187,lineup,lineup,"[{""id"": 660271, ""name"": ""Shohei Ohtani"", ""bats"": ""L"", ""obp"": 0.4017467248908297, ""slg"": 0.47282608695652173, ""iso"": 0.20108695652173914, ""ab"": 184}, {""id"": 605141, ""name"": ""Mookie Betts"", ""bats"": ""R"", ""obp"": 0.24096385542168675, ""slg"": 0.35526315789473684, ""iso"": 0.18421052631578946, ""ab"": 76}, {""id"": 518692, ""name"": ""Freddie Freeman"", ""bats"": ""L"", ""obp"": 0.3623853211009174, ""slg"": 0.44148936170212766, ""iso"": 0.18085106382978722, ""ab"": 188}]","[{""id"": 664983, ""name"": ""Jake McCarthy"", ""bats"": ""L"", ""obp"": 0.3230769230769231, ""slg"": 0.4369747899159664, ""iso"": 0.15966386554621848, ""ab"": 119}, {""id"": 696100, ""name"": ""Hunter Goodman"", ""bats"": ""R"", ""obp"": 0.3065326633165829, ""slg"": 0.46994535519125685, ""iso"": 0.22404371584699456, ""ab"": 183}, {""id"": 666397, ""name"": ""Edouard Julien"", ""bats"": ""L"", ""obp"": 0.3013698630136986, ""slg"": 0.29457364341085274, ""iso"": 0.08527131782945738, ""ab"": 129}]","[{""name"": ""era_gap_t1"", ""value"": -1.7661, ""contribution"": -0.1084}, {""name"": ""away_top3c_slg"", ""value"": 0.4553, ""contribution"": -0.098}, {""name"": ""away_top3_ops_vs_oppHand"", ""value"": 0.818, ""contribution"": 0.0866}, {""name"": ""home_whiff_pct_rank"", ""value"": 96.0, ""contribution"": -0.0779}, {""name"": ""away_top3c_iso"", ""value"": 0.187, ""contribution"": 0.0669}]","[{""name"": ""era_gap_b1"", ""value"": 1.7661, ""contribution"": 0.0843}, {""name"": ""away_whiff_pct_rank"", ""value"": 76.0, ""contribution"": -0.0797}, {""name"": ""home_obp"", ""value"": 0.3378, ""contribution"": 0.0778}, {""name"": ""away_p_last5_pitcher_nrfi"", ""value"": 0.4, ""contribution"": 0.0521}, {""name"": ""away_p_last10_pitcher_nrfi"", ""value"": 0.5, ""contribution"": 0.0422}]",623938,0.4993,2.975,4.87,96.0,76.0,0.678,0.7272,5.13,5.0,0.818,0.7837,R,R,NRFI,PASS,0,0,0,2026-05-26T01:25:46+00:00,+105,-135,DraftKings,2026-05-26T01:28:13+00:00,0.4878,0.5745,-0.0297,-0.0326,,N,,,+105,-135,2026-05-26T01:06:50+00:00,,0.4589,PASS,NO EDGE,,,,,,,
2026-05-25,2026,822899,1,N,HOU,TEX,7:05 PM ET,Tatsuya Imai,Kumar Rocker,837227,677958,sm,live,live,live,1.07,0.5907,0.6542,1.2449,0.291,0.3299,0.6209,0.5192,0.4808,0.3535,0.6465,,,NRFI,LEAN,LEAN NRFI,4,2026-05-25T22:02:40Z,5.41,4.263,1.419,1.374,4.799,4.275,4.26,3.57,1.48,1.08,9.44,7.81,0.32,0.316,0.406,0.383,4.355,4.007,,,,1.0,0.2,0.8,0.3,0.8,0.3659,0.366,0.3947,0.463,0.128,0.1921,lineup,lineup,"[{""id"": 592626, ""name"": ""Joc Pederson"", ""bats"": ""L"", ""obp"": 0.35664335664335667, ""slg"": 0.358974358974359, ""iso"": 0.11965811965811965, ""ab"": 117}, {""id"": 696030, ""name"": ""Alejandro Osuna"", ""bats"": ""L"", ""obp"": 0.4342105263157895, ""slg"": 0.3387096774193548, ""iso"": 0.032258064516129004, ""ab"": 62}, {""id"": 607043, ""name"": ""Brandon Nimmo"", ""bats"": ""L"", ""obp"": 0.34841628959276016, ""slg"": 0.4336734693877551, ""iso"": 0.16326530612244894, ""ab"": 196}]","[{""id"": 805904, ""name"": ""Zach Cole"", ""bats"": ""L"", ""obp"": 0.19230769230769232, ""slg"": 0.36, ""iso"": 0.19999999999999998, ""ab"": 50}, {""id"": 669699, ""name"": ""Braden Shewmake"", ""bats"": ""L"", ""obp"": 0.2786885245901639, ""slg"": 0.45, ""iso"": 0.18333333333333335, ""ab"": 60}, {""id"": 670541, ""name"": ""Yordan Alvarez"", ""bats"": ""L"", ""obp"": 0.4148471615720524, ""slg"": 0.5947368421052631, ""iso"": 0.29473684210526313, ""ab"": 190}]","[{""name"": ""away_top3c_slg"", ""value"": 0.463, ""contribution"": -0.1516}, {""name"": ""away_top3c_obp"", ""value"": 0.366, ""contribution"": 0.1237}, {""name"": ""away_top3c_iso"", ""value"": 0.1921, ""contribution"": 0.1058}, {""name"": ""home_p_last5_pitcher_nrfi"", ""value"": 0.2, ""contribution"": -0.0894}, {""name"": ""era_gap_t1"", ""value"": -1.1469, ""contribution"": -0.0704}]","[{""name"": ""home_top3c_iso"", ""value"": 0.128, ""contribution"": -0.1063}, {""name"": ""fi_park_nrfi_rate"", ""value"": 0.5398, ""contribution"": -0.1003}, {""name"": ""home_top3c_slg"", ""value"": 0.3947, ""contribution"": 0.0959}, {""name"": ""wx_is_dome"", ""value"": 1.0, ""contribution"": -0.0866}, {""name"": ""away_avg_ip_per_start"", ""value"": 3.4667, ""contribution"": 0.0796}]",607884,0.5403,4.973,0.926,44.0,50.0,0.7136,0.7136,4.53,3.47,0.7397,0.7703,R,R,YRFI,LOSS,1,0,1,2026-05-25T23:31:01+00:00,-125,-105,DraftKings,2026-05-25T23:27:59+00:00,0.5556,0.5122,-0.0364,-0.0314,-0.0364,N,0.5,0,-125,-105,2026-05-25T21:58:36+00:00,0,0.6383,NRFI,STRONG,,,,,,,
2026-05-25,2026,824437,1,N,WSH,CLE,6:10 PM ET,PJ Poulin,Tanner Bibee,676571,676440,ltd,live,live,live,0.96,0.5014,0.5622,1.0636,0.3328,0.4081,0.741,0.4608,0.5392,0.2876,0.7124,,,PASS,NO EDGE,PASS - No edge,4,2026-05-25T22:02:40Z,3.807,3.946,1.363,1.242,4.581,4.145,4.22,2.96,1.17,1.16,8.24,7.88,0.321,0.319,0.412,0.38,5.152,4.279,15.8,8.1,93.0,0.0,0.8,0.8,0.8,0.8,0.357,0.3521,0.4231,0.4568,0.1709,0.2063,lineup,lineup,"[{""id"": 683953, ""name"": ""Travis Bazzana"", ""bats"": ""L"", ""obp"": 0.4, ""slg"": 0.4235294117647059, ""iso"": 0.12941176470588234, ""ab"": 85}, {""id"": 681807, ""name"": ""David Fry"", ""bats"": ""R"", ""obp"": 0.36046511627906974, ""slg"": 0.3972602739726027, ""iso"": 0.1506849315068493, ""ab"": 73}, {""id"": 690984, ""name"": ""Petey Halpin"", ""bats"": ""L"", ""obp"": 0.12, ""slg"": 0.08333333333333333, ""iso"": 0.0, ""ab"": 24}]","[{""id"": 695578, ""name"": ""James Wood"", ""bats"": ""L"", ""obp"": 0.39763779527559057, ""slg"": 0.5121951219512195, ""iso"": 0.25853658536585367, ""ab"": 205}, {""id"": 671277, ""name"": ""Luis Garc\u00eda Jr."", ""bats"": ""L"", ""obp"": 0.28313253012048195, ""slg"": 0.39622641509433965, ""iso"": 0.13836477987421386, ""ab"": 159}, {""id"": 678554, ""name"": ""Curtis Mead"", ""bats"": ""R"", ""obp"": 0.3511450381679389, ""slg"": 0.44144144144144143, ""iso"": 0.2072072072072072, ""ab"": 111}]","[{""name"": ""away_top3c_iso"", ""value"": 0.2063, ""contribution"": 0.2134}, {""name"": ""wx_humidity"", ""value"": 93.0, ""contribution"": -0.1409}, {""name"": ""away_top3c_slg"", ""value"": 0.4568, ""contribution"": -0.1089}, {""name"": ""away_top3_ops_vs_oppHand"", ""value"": 0.8277, ""contribution"": 0.1013}, {""name"": ""away_top3c_obp"", ""value"": 0.3521, ""contribution"": 0.0611}]","[{""name"": ""away_avg_ip_per_start"", ""value"": 1.2667, ""contribution"": 0.1774}, {""name"": ""home_top3_ops_vs_oppHand"", ""value"": 0.874, ""contribution"": 0.1081}, {""name"": ""fi_park_nrfi_rate"", ""value"": 0.528, ""contribution"": -0.0719}, {""name"": ""home_top3c_slg"", ""value"": 0.4231, ""contribution"": 0.0366}, {""name"": ""wx_is_dome"", ""value"": 0.0, ""contribution"": 0.0301}]",427315,0.5564,3.633,6.487,47.0,50.0,0.7272,0.7136,5.93,1.27,0.8277,0.874,L,R,YRFI,PASS,3,0,3,2026-05-25T22:30:01+00:00,-140,+105,DraftKings,2026-05-25T22:26:55+00:00,0.5833,0.4878,-0.1225,0.0514,,N,,,-140,+105,2026-05-25T22:05:37+00:00,,0.4287,YRFI,STRONG,,,,,,,
2026-05-25,2026,822812,1,N,MIA,TOR,7:07 PM ET,Janson Junk,Trey Yesavage,676083,702056,live,sm,live,live,1.01,0.4156,0.442,0.8576,0.2268,0.3607,0.5875,0.553,0.447,0.2121,0.7879,,,NRFI,LEAN,LEAN NRFI,4,2026-05-25T22:02:40Z,4.691,2.975,1.219,1.187,3.888,3.285,1.74,2.91,1.05,0.74,6.53,9.39,0.319,0.309,0.385,0.38,4.326,4.14,,,,1.0,0.8,0.6,0.75,0.7,0.3039,0.3704,0.376,0.4844,0.132,0.1736,lineup,lineup,"[{""id"": 543807, ""name"": ""George Springer"", ""bats"": ""R"", ""obp"": 0.2876712328767123, ""slg"": 0.37404580152671757, ""iso"": 0.16793893129770993, ""ab"": 131}, {""id"": 664770, ""name"": ""Nathan Lukes"", ""bats"": ""L"", ""obp"": 0.2857142857142857, ""slg"": 0.3269230769230769, ""iso"": 0.07692307692307693, ""ab"": 52}, {""id"": 682818, ""name"": ""Yohendrick Pi\u00f1ango"", ""bats"": ""L"", ""obp"": 0.352112676056338, ""slg"": 0.417910447761194, ""iso"": 0.10447761194029848, ""ab"": 67}]","[{""id"": 669364, ""name"": ""Xavier Edwards"", ""bats"": ""S"", ""obp"": 0.39473684210526316, ""slg"": 0.47761194029850745, ""iso"": 0.16417910447761191, ""ab"": 201}, {""id"": 689414, ""name"": ""Liam Hicks"", ""bats"": ""L"", ""obp"": 0.34554973821989526, ""slg"": 0.49700598802395207, ""iso"": 0.22155688622754488, ""ab"": 167}, {""id"": 672640, ""name"": ""Otto Lopez"", ""bats"": ""R"", ""obp"": 0.3665158371040724, ""slg"": 0.4807692307692308, ""iso"": 0.14423076923076922, ""ab"": 208}]","[{""name"": ""away_top3c_slg"", ""value"": 0.4844, ""contribution"": -0.3009}, {""name"": ""away_top3c_obp"", ""value"": 0.3704, ""contribution"": 0.1433}, {""name"": ""era_gap_t1"", ""value"": -1.7163, ""contribution"": -0.1053}, {""name"": ""away_top3_ops_vs_oppHand"", ""value"": 0.82, ""contribution"": 0.0896}, {""name"": ""home_fip"", ""value"": 3.2853, ""contribution"": -0.0774}]","[{""name"": ""away_whiff_pct_rank"", ""value"": 3.0, ""contribution"": 0.1452}, {""name"": ""home_top3c_slg"", ""value"": 0.376, ""contribution"": 0.1348}, {""name"": ""home_top3c_iso"", ""value"": 0.132, ""contribution"": -0.0978}, {""name"": ""wx_is_dome"", ""value"": 1.0, ""contribution"": -0.0866}, {""name"": ""home_top3_ops_vs_oppHand"", ""value"": 0.6697, ""contribution"": -0.085}]",544728,0.4859,2.939,4.264,50.0,3.0,0.7136,0.7272,5.07,5.6,0.82,0.6697,R,R,YRFI,LOSS,1,0,1,2026-05-25T23:23:05+00:00,-140,+105,DraftKings,2026-05-25T23:27:59+00:00,0.5833,0.4878,-0.0303,-0.0408,-0.0303,N,0.5,0,-140,+105,2026-05-25T22:05:37+00:00,0,0.6370,NRFI,STRONG,,,,,,,
2026-05-25,2026,824107,1,N,NYY,KC,3:40 PM ET,Will Warren,Michael Wacha,701542,608379,live,live,live,live,0.96,0.4258,0.4293,0.8551,0.4338,0.3316,0.7654,0.4349,0.5651,0.2111,0.7889,,,PASS,LOW LAMBDA,PASS - Low lambda,4,2026-05-25T19:31:12Z,3.97,3.15,1.263,1.104,3.526,3.803,2.84,2.66,1.12,0.92,10.18,7.36,0.325,0.314,0.422,0.384,4.728,4.037,28.5,17.0,39.0,0.0,1.0,0.8,0.9,0.8,0.3244,0.3605,0.3977,0.5219,0.1431,0.2781,lineup,lineup,"[{""id"": 672580, ""name"": ""Maikel Garcia"", ""bats"": ""R"", ""obp"": 0.3230088495575221, ""slg"": 0.3853658536585366, ""iso"": 0.12195121951219512, ""ab"": 205}, {""id"": 677951, ""name"": ""Bobby Witt Jr."", ""bats"": ""R"", ""obp"": 0.3617021276595745, ""slg"": 0.4714285714285714, ""iso"": 0.17619047619047618, ""ab"": 210}, {""id"": 686475, ""name"": ""Tyler Tolbert"", ""bats"": ""R"", ""obp"": 0.2, ""slg"": 0.2, ""iso"": 0.0, ""ab"": 5}]","[{""id"": 663757, ""name"": ""Trent Grisham"", ""bats"": ""L"", ""obp"": 0.32142857142857145, ""slg"": 0.37423312883435583, ""iso"": 0.17791411042944785, ""ab"": 163}, {""id"": 592450, ""name"": ""Aaron Judge"", ""bats"": ""R"", ""obp"": 0.3793103448275862, ""slg"": 0.5572916666666666, ""iso"": 0.30729166666666663, ""ab"": 192}, {""id"": 700250, ""name"": ""Ben Rice"", ""bats"": ""L"", ""obp"": 0.3768844221105528, ""slg"": 0.6235294117647059, ""iso"": 0.3411764705882353, ""ab"": 170}]","[{""name"": ""away_top3c_iso"", ""value"": 0.2781, ""contribution"": 0.7575}, {""name"": ""away_top3c_slg"", ""value"": 0.5219, ""contribution"": -0.5626}, {""name"": ""away_top3_ops_vs_oppHand"", ""value"": 0.8783, ""contribution"": 0.1785}, {""name"": ""away_top3c_obp"", ""value"": 0.3605, ""contribution"": 0.099}, {""name"": ""fi_park_nrfi_rate"", ""value"": 0.5614, ""contribution"": -0.09}]","[{""name"": ""fi_park_nrfi_rate"", ""value"": 0.5614, ""contribution"": -0.1521}, {""name"": ""home_top3c_slg"", ""value"": 0.3977, ""contribution"": 0.0896}, {""name"": ""home_top3c_iso"", ""value"": 0.1431, ""contribution"": -0.0741}, {""name"": ""home_top3_ops_vs_oppHand"", ""value"": 0.7177, ""contribution"": -0.0396}, {""name"": ""era_gap_b1"", ""value"": 0.8204, ""contribution"": 0.0391}]",623949,0.5484,4.274,4.345,40.0,39.0,0.7309,0.7396,6.2,5.4,0.8783,0.7177,R,R,NRFI,PASS,0,0,0,2026-05-25T19:51:02+00:00,-105,-125,DraftKings,2026-05-25T20:17:42+00:00,0.5122,0.5556,-0.0773,0.0095,,N,,,-105,-125,2026-05-25T19:39:29+00:00,,0.4521,PASS,NO EDGE,,,,,,,
2026-05-26,2026,825004,1,N,SEA,OAK,9:40 PM ET,Emerson Hancock,Gage Jump,676106,695611,live,avg,live,live,0.93,0.4467,0.4557,0.9024,0.4084,0.6407,1.049,0.3353,0.6647,0.2284,0.7716,,,PASS,NO DATA,PASS - No data,3,2026-05-27T01:34:25Z,3.741,4.17,1.178,1.26,4.103,4.17,2.44,2.93,1.31,1.21,8.35,8.75,0.315,0.326,0.387,0.396,4.207,4.37,19.8,19.1,58.0,0.0,0.5,0.8,0.5,0.8,0.4137,0.3494,0.5252,0.4263,0.219,0.1698,lineup,lineup,"[{""id"": 666126, ""name"": ""Carlos Cortes"", ""bats"": ""L"", ""obp"": 0.4246575342465753, ""slg"": 0.5396825396825397, ""iso"": 0.19841269841269837, ""ab"": 126}, {""id"": 701762, ""name"": ""Nick Kurtz"", ""bats"": ""L"", ""obp"": 0.4444444444444444, ""slg"": 0.48148148148148145, ""iso"": 0.19576719576719576, ""ab"": 189}, {""id"": 669127, ""name"": ""Shea Langeliers"", ""bats"": ""R"", ""obp"": 0.37333333333333335, ""slg"": 0.5572139303482587, ""iso"": 0.2537313432835821, ""ab"": 201}]","[{""id"": 641487, ""name"": ""J.P. Crawford"", ""bats"": ""L"", ""obp"": 0.33505154639175255, ""slg"": 0.35403726708074534, ""iso"": 0.15527950310559008, ""ab"": 161}, {""id"": 677594, ""name"": ""Julio Rodr\u00edguez"", ""bats"": ""R"", ""obp"": 0.32217573221757323, ""slg"": 0.4337899543378995, ""iso"": 0.1735159817351598, ""ab"": 219}, {""id"": 668227, ""name"": ""Randy Arozarena"", ""bats"": ""R"", ""obp"": 0.38961038961038963, ""slg"": 0.47715736040609136, ""iso"": 0.17766497461928932, ""ab"": 197}]","[{""name"": ""fi_park_nrfi_rate"", ""value"": 0.4422, ""contribution"": 0.1922}, {""name"": ""home_p_last10_pitcher_nrfi"", ""value"": 0.5, ""contribution"": -0.0846}, {""name"": ""away_top3c_slg"", ""value"": 0.4263, ""contribution"": 0.0705}, {""name"": ""away_top3c_iso"", ""value"": 0.1698, ""contribution"": -0.0609}, {""name"": ""away_top3_ops_vs_oppHand"", ""value"": 0.8243, ""contribution"": 0.0582}]","[{""name"": ""home_top3c_slg"", ""value"": 0.5252, ""contribution"": -0.5268}, {""name"": ""fi_park_nrfi_rate"", ""value"": 0.4422, ""contribution"": 0.2954}, {""name"": ""home_top3c_obp"", ""value"": 0.4137, ""contribution"": 0.2574}, {""name"": ""home_top3_ops_vs_oppHand"", ""value"": 0.9643, ""contribution"": 0.2405}, {""name"": ""home_top3c_iso"", ""value"": 0.219, ""contribution"": 0.1887}]",608158,0.5142,4.2,5.231,50.0,18.0,0.7136,0.6942,5.0,6.0,0.8243,0.9643,R,L,NRFI,PASS,0,0,0,2026-05-27T01:51:09+00:00,+115,-150,DraftKings,2026-05-27T02:04:08+00:00,0.4651,0.6,-0.1298,0.0647,0.0781,N,1,,+115,-150,2026-05-27T01:37:30+00:00,0,0.4144,YRFI,STRONG,,,,,,,
2026-05-26,2026,823949,1,N,COL,LAD,10:10 PM ET,Kyle Freeland,Eric Lauer,607536,641778,live,live,live,live,0.97,0.5756,0.6514,1.2271,0.3142,0.6149,0.929,0.4064,0.5936,0.3471,0.6529,,,YRFI,STRONG,STRONG YRFI,4,2026-05-27T01:04:06Z,5.985,4.914,1.557,1.301,4.85,5.424,2.69,3.12,1.66,1.98,7.56,7.7,0.31,0.338,0.383,0.423,4.136,5.022,19.0,20.6,66.0,0.0,0.4,0.6,0.5,0.7,0.368,0.2987,0.474,0.3295,0.2007,0.0915,lineup,lineup,"[{""id"": 660271, ""name"": ""Shohei Ohtani"", ""bats"": ""L"", ""obp"": 0.4034334763948498, ""slg"": 0.47593582887700536, ""iso"": 0.20320855614973266, ""ab"": 187}, {""id"": 681624, ""name"": ""Andy Pages"", ""bats"": ""R"", ""obp"": 0.3378995433789954, ""slg"": 0.5025125628140703, ""iso"": 0.2160804020100502, ""ab"": 199}, {""id"": 518692, ""name"": ""Freddie Freeman"", ""bats"": ""L"", ""obp"": 0.36036036036036034, ""slg"": 0.4427083333333333, ""iso"": 0.18229166666666663, ""ab"": 192}]","[{""id"": 650489, ""name"": ""Willi Castro"", ""bats"": ""S"", ""obp"": 0.31875, ""slg"": 0.35172413793103446, ""iso"": 0.096551724137931, ""ab"": 145}, {""id"": 671289, ""name"": ""Tyler Freeman"", ""bats"": ""R"", ""obp"": 0.3225806451612903, ""slg"": 0.33035714285714285, ""iso"": 0.08035714285714285, ""ab"": 112}, {""id"": 678662, ""name"": ""Ezequiel Tovar"", ""bats"": ""R"", ""obp"": 0.26666666666666666, ""slg"": 0.3111111111111111, ""iso"": 0.09444444444444444, ""ab"": 180}]","[{""name"": ""away_top3c_iso"", ""value"": 0.0915, ""contribution"": -0.6125}, {""name"": ""away_top3c_slg"", ""value"": 0.3295, ""contribution"": 0.561}, {""name"": ""home_fip"", ""value"": 5.4238, ""contribution"": 0.1622}, {""name"": ""era_gap_t1"", ""value"": -1.0714, ""contribution"": -0.1154}, {""name"": ""home_p_last10_pitcher_nrfi"", ""value"": 0.5, ""contribution"": -0.0846}]","[{""name"": ""home_top3c_slg"", ""value"": 0.474, ""contribution"": -0.2091}, {""name"": ""home_obp"", ""value"": 0.3379, ""contribution"": 0.1688}, {""name"": ""away_whiff_pct_rank"", ""value"": 24.0, ""contribution"": 0.1117}, {""name"": ""home_top3c_iso"", ""value"": 0.2007, ""contribution"": 0.1024}, {""name"": ""home_top3c_obp"", ""value"": 0.368, ""contribution"": 0.0972}]",623946,0.4271,4.073,4.924,20.0,24.0,0.7613,0.7424,4.2,4.53,0.7163,0.842,L,L,YRFI,WIN,0,2,2,2026-05-27T02:24:02+00:00,+105,-145,DraftKings,2026-05-27T01:12:47+00:00,0.4878,0.5918,-0.0814,0.0018,0.0018,Y,1,0.69,+105,-145,2026-05-27T01:07:26+00:00,0,0.4877,PASS,NO EDGE,,,,,,,
2026-05-26,2026,822898,1,N,HOU,TEX,8:05 PM ET,Jason Alexander,Jack Leiter,669920,683004,ltd,live,live,live,1.07,0.5892,0.6217,1.2109,0.2546,0.3312,0.5859,0.5514,0.4486,0.3413,0.6587,,,NRFI,LEAN,LEAN NRFI,4,2026-05-26T23:01:09Z,5.196,4.292,1.418,1.343,4.864,4.183,3.34,3.89,1.54,1.22,7.87,9.47,0.321,0.314,0.407,0.379,4.421,3.949,,,,1.0,0.8,1.0,0.6,1.0,0.365,0.3665,0.3864,0.4649,0.1253,0.195,lineup,lineup,"[{""id"": 592626, ""name"": ""Joc Pederson"", ""bats"": ""L"", ""obp"": 0.35374149659863946, ""slg"": 0.35, ""iso"": 0.11666666666666664, ""ab"": 120}, {""id"": 696030, ""name"": ""Alejandro Osuna"", ""bats"": ""L"", ""obp"": 0.425, ""slg"": 0.3230769230769231, ""iso"": 0.03076923076923077, ""ab"": 65}, {""id"": 607043, ""name"": ""Brandon Nimmo"", ""bats"": ""L"", ""obp"": 0.3511111111111111, ""slg"": 0.4292929292929293, ""iso"": 0.1616161616161616, ""ab"": 198}]","[{""id"": 665161, ""name"": ""Jeremy Pe\u00f1a"", ""bats"": ""R"", ""obp"": 0.3026315789473684, ""slg"": 0.30434782608695654, ""iso"": 0.05797101449275363, ""ab"": 69}, {""id"": 670623, ""name"": ""Isaac Paredes"", ""bats"": ""R"", ""obp"": 0.33497536945812806, ""slg"": 0.3743016759776536, ""iso"": 0.12849162011173185, ""ab"": 179}, {""id"": 670541, ""name"": ""Yordan Alvarez"", ""bats"": ""L"", ""obp"": 0.41452991452991456, ""slg"": 0.6062176165803109, ""iso"": 0.305699481865285, ""ab"": 193}]","[{""name"": ""fi_park_nrfi_rate"", ""value"": 0.5398, ""contribution"": -0.1451}, {""name"": ""away_top3c_slg"", ""value"": 0.4649, ""contribution"": -0.1245}, {""name"": ""away_top3c_iso"", ""value"": 0.195, ""contribution"": 0.1164}, {""name"": ""era_gap_t1"", ""value"": -0.9043, ""contribution"": -0.0973}, {""name"": ""home_xera"", ""value"": 4.6767, ""contribution"": 0.0575}]","[{""name"": ""home_top3c_slg"", ""value"": 0.3864, ""contribution"": 0.3353}, {""name"": ""home_top3c_iso"", ""value"": 0.1253, ""contribution"": -0.2534}, {""name"": ""fi_park_nrfi_rate"", ""value"": 0.5398, ""contribution"": -0.2231}, {""name"": ""away_fip"", ""value"": 4.8636, ""contribution"": 0.0936}, {""name"": ""away_p_last10_pitcher_nrfi"", ""value"": 1.0, ""contribution"": -0.0929}]",482641,0.4806,4.677,4.2,55.0,50.0,0.6487,0.7272,5.87,4.73,0.752,0.7547,R,R,YRFI,LOSS,0,8,8,2026-05-27T00:33:51+00:00,-120,-105,DraftKings,2026-05-27T00:07:01+00:00,0.5455,0.5122,0.0059,-0.0636,0.0059,N,0.5,0,-120,-105,2026-05-26T23:04:11+00:00,0,0.5651,NRFI,STRONG,,,,,,,
2026-05-26,2026,823785,1,N,STL,MIL,7:40 PM ET,Michael McGreevy,Kyle Harrison,700241,690986,live,ltd,live,live,1.03,0.4256,0.4908,0.9164,0.2387,0.3247,0.5634,0.5573,0.4427,0.2335,0.7665,,,NRFI,LEAN,LEAN NRFI,4,2026-05-26T22:33:45Z,3.219,2.877,1.099,1.175,4.209,3.178,2.0,2.94,1.13,0.86,6.03,10.47,0.319,0.33,0.391,0.374,4.5,4.826,,,,1.0,0.8,0.8,0.8,0.8,0.3717,0.3709,0.4604,0.4702,0.1818,0.2044,lineup,lineup,"[{""id"": 592885, ""name"": ""Christian Yelich"", ""bats"": ""L"", ""obp"": 0.32608695652173914, ""slg"": 0.47619047619047616, ""iso"": 0.21428571428571425, ""ab"": 84}, {""id"": 694192, ""name"": ""Jackson Chourio"", ""bats"": ""R"", ""obp"": 0.32142857142857145, ""slg"": 0.4050632911392405, ""iso"": 0.12658227848101267, ""ab"": 79}, {""id"": 668930, ""name"": ""Brice Turang"", ""bats"": ""L"", ""obp"": 0.41013824884792627, ""slg"": 0.47752808988764045, ""iso"": 0.1910112359550562, ""ab"": 178}]","[{""id"": 802139, ""name"": ""JJ Wetherholt"", ""bats"": ""L"", ""obp"": 0.35864978902953587, ""slg"": 0.4010152284263959, ""iso"": 0.16243654822335024, ""ab"": 197}, {""id"": 671056, ""name"": ""Iv\u00e1n Herrera"", ""bats"": ""R"", ""obp"": 0.3865546218487395, ""slg"": 0.4256410256410256, ""iso"": 0.16410256410256407, ""ab"": 195}, {""id"": 691023, ""name"": ""Jordan Walker"", ""bats"": ""R"", ""obp"": 0.3669724770642202, ""slg"": 0.5846153846153846, ""iso"": 0.2871794871794872, ""ab"": 195}]","[{""name"": ""fi_park_nrfi_rate"", ""value"": 0.5899, ""contribution"": -0.3182}, {""name"": ""away_top3c_iso"", ""value"": 0.2044, ""contribution"": 0.1827}, {""name"": ""away_top3c_slg"", ""value"": 0.4702, ""contribution"": -0.1515}, {""name"": ""home_fip"", ""value"": 3.178, ""contribution"": -0.0899}, {""name"": ""away_top3_ops_vs_oppHand"", ""value"": 0.829, ""contribution"": 0.0629}]","[{""name"": ""fi_park_nrfi_rate"", ""value"": 0.5899, ""contribution"": -0.4892}, {""name"": ""away_whiff_pct_rank"", ""value"": 3.0, ""contribution"": 0.2024}, {""name"": ""home_top3c_slg"", ""value"": 0.4604, ""contribution"": -0.1243}, {""name"": ""home_obp"", ""value"": 0.3299, ""contribution"": 0.1128}, {""name"": ""home_top3_ops_vs_oppHand"", ""value"": 0.8573, ""contribution"": 0.1124}]",503077,0.5258,4.038,4.913,74.0,3.0,0.7136,0.7136,5.6,5.8,0.829,0.8573,R,L,NRFI,WIN,0,0,0,2026-05-27T00:00:02+00:00,-120,-110,DraftKings,2026-05-27T00:05:06+00:00,0.5455,0.5238,0.0118,-0.0811,0.0118,N,0.5,0,-115,-115,2026-05-26T22:37:43+00:00,0.0106,0.6009,NRFI,STRONG,,,,,,,
2026-05-26,2026,824597,1,N,MIN,CWS,7:40 PM ET,Joe Ryan,Sean Burke,657746,680732,live,live,live,live,0.98,0.5038,0.3791,0.8829,0.4544,0.4628,0.9172,0.4064,0.5936,0.2213,0.7787,,,YRFI,STRONG,STRONG YRFI,4,2026-05-26T22:33:45Z,3.186,4.14,0.999,1.309,2.967,4.103,2.16,3.17,0.85,1.15,9.95,8.29,0.321,0.321,0.392,0.401,4.587,4.493,24.7,6.5,50.0,0.0,0.8,0.8,0.7,0.7,0.3718,0.3375,0.4825,0.4717,0.2371,0.2085,lineup,lineup,"[{""id"": 700337, ""name"": ""Edgar Quero"", ""bats"": ""S"", ""obp"": 0.2605042016806723, ""slg"": 0.20588235294117646, ""iso"": 0.0392156862745098, ""ab"": 102}, {""id"": 808959, ""name"": ""Munetaka Murakami"", ""bats"": ""L"", ""obp"": 0.3739130434782609, ""slg"": 0.5401069518716578, ""iso"": 0.304812834224599, ""ab"": 187}, {""id"": 678246, ""name"": ""Miguel Vargas"", ""bats"": ""R"", ""obp"": 0.3688888888888889, ""slg"": 0.4891304347826087, ""iso"": 0.25, ""ab"": 184}]","[{""id"": 621439, ""name"": ""Byron Buxton"", ""bats"": ""R"", ""obp"": 0.32211538461538464, ""slg"": 0.5789473684210527, ""iso"": 0.31578947368421056, ""ab"": 190}, {""id"": 686797, ""name"": ""Brooks Lee"", ""bats"": ""S"", ""obp"": 0.3128205128205128, ""slg"": 0.4111111111111111, ""iso"": 0.15555555555555556, ""ab"": 180}, {""id"": 605137, ""name"": ""Josh Bell"", ""bats"": ""S"", ""obp"": 0.28365384615384615, ""slg"": 0.3404255319148936, ""iso"": 0.12234042553191488, ""ab"": 188}]","[{""name"": ""away_top3c_iso"", ""value"": 0.2085, ""contribution"": 0.2114}, {""name"": ""away_top3c_slg"", ""value"": 0.4717, ""contribution"": -0.159}, {""name"": ""era_gap_t1"", ""value"": 0.9539, ""contribution"": 0.1039}, {""name"": ""away_top3_ops_vs_oppHand"", ""value"": 0.862, ""contribution"": 0.0966}, {""name"": ""fi_park_nrfi_rate"", ""value"": 0.473, ""contribution"": 0.0859}]","[{""name"": ""home_top3c_iso"", ""value"": 0.2371, ""contribution"": 0.2743}, {""name"": ""home_top3c_slg"", ""value"": 0.4825, ""contribution"": -0.2614}, {""name"": ""fi_park_nrfi_rate"", ""value"": 0.473, ""contribution"": 0.1321}, {""name"": ""home_plate_ump_nrfi_rate"", ""value"": 0.6254, ""contribution"": 0.1272}, {""name"": ""home_top3c_obp"", ""value"": 0.3718, ""contribution"": 0.1106}]",644760,0.6254,4.644,3.262,35.0,62.0,0.6796,0.6487,5.07,4.87,0.862,0.822,R,R,NRFI,LOSS,0,0,0,2026-05-26T23:53:36+00:00,-130,+100,DraftKings,2026-05-26T22:43:06+00:00,0.5652,0.5,-0.1588,0.0936,0.0936,Y,1,-1,-130,+100,2026-05-26T22:37:43+00:00,0,0.4144,YRFI,STRONG,,,,,,,
2026-05-26,2026,824275,1,N,LAA,DET,6:40 PM ET,Jack Kochanowicz,Keider Montero,686799,672456,live,live,live,live,0.98,0.4784,0.6075,1.0859,0.3825,0.5056,0.8881,0.4064,0.5936,0.2958,0.7042,,,YRFI,STRONG,STRONG YRFI,4,2026-05-26T21:34:15Z,5.399,4.05,1.494,1.166,5.02,4.551,4.57,2.78,1.15,1.28,6.3,6.63,0.312,0.314,0.384,0.376,4.123,3.978,26.9,12.7,41.0,0.0,1.0,0.8,1.0,0.8,0.3694,0.3517,0.4403,0.4326,0.164,0.2052,lineup,lineup,"[{""id"": 805808, ""name"": ""Kevin McGonigle"", ""bats"": ""L"", ""obp"": 0.38596491228070173, ""slg"": 0.41025641025641024, ""iso"": 0.1282051282051282, ""ab"": 195}, {""id"": 693307, ""name"": ""Dillon Dingler"", ""bats"": ""R"", ""obp"": 0.31088082901554404, ""slg"": 0.4624277456647399, ""iso"": 0.23121387283236994, ""ab"": 173}, {""id"": 682985, ""name"": ""Riley Greene"", ""bats"": ""L"", ""obp"": 0.40358744394618834, ""slg"": 0.45077720207253885, ""iso"": 0.13989637305699482, ""ab"": 193}]","[{""id"": 687263, ""name"": ""Zach Neto"", ""bats"": ""R"", ""obp"": 0.3319838056680162, ""slg"": 0.4265402843601896, ""iso"": 0.20379146919431282, ""ab"": 211}, {""id"": 545361, ""name"": ""Mike Trout"", ""bats"": ""R"", ""obp"": 0.39915966386554624, ""slg"": 0.48936170212765956, ""iso"": 0.24999999999999997, ""ab"": 188}, {""id"": 687093, ""name"": ""Vaughn Grissom"", ""bats"": ""R"", ""obp"": 0.29464285714285715, ""slg"": 0.336734693877551, ""iso"": 0.12244897959183673, ""ab"": 98}]","[{""name"": ""away_top3c_iso"", ""value"": 0.2052, ""contribution"": 0.1883}, {""name"": ""era_gap_t1"", ""value"": -1.3493, ""contribution"": -0.1455}, {""name"": ""fi_park_nrfi_rate"", ""value"": 0.5322, ""contribution"": -0.1188}, {""name"": ""home_p_last10_pitcher_nrfi"", ""value"": 1.0, ""contribution"": 0.1107}, {""name"": ""home_fip"", ""value"": 4.5507, ""contribution"": 0.0642}]","[{""name"": ""fi_park_nrfi_rate"", ""value"": 0.5322, ""contribution"": -0.1826}, {""name"": ""away_whiff_pct_rank"", ""value"": 21.0, ""contribution"": 0.1247}, {""name"": ""home_plate_ump_nrfi_rate"", ""value"": 0.6177, ""contribution"": 0.1192}, {""name"": ""away_fip"", ""value"": 5.0201, ""contribution"": 0.1103}, {""name"": ""home_top3c_obp"", ""value"": 0.3694, ""contribution"": 0.102}]",482620,0.6177,4.024,5.465,9.0,21.0,0.7136,0.6796,5.47,5.67,0.7557,0.821,R,R,NRFI,LOSS,0,0,0,2026-05-26T22:50:49+00:00,-105,-125,DraftKings,2026-05-26T21:42:34+00:00,0.5122,0.5556,-0.1058,0.038,0.038,Y,1,-1,-105,-125,2026-05-26T21:37:12+00:00,0,0.4144,YRFI,STRONG,,,,,,,
2026-05-26,2026,824434,1,N,WSH,CLE,6:10 PM ET,Cade Cavalli,Joey Cantillo,676917,676282,live,live,live,live,0.96,0.5341,0.4463,0.9803,0.293,0.3209,0.6138,0.5481,0.4519,0.257,0.743,,,NRFI,LEAN,LEAN NRFI,4,2026-05-26T21:03:20Z,4.007,3.2,1.395,1.295,3.393,4.044,3.07,4.1,0.83,0.98,9.43,8.91,0.322,0.319,0.419,0.38,5.221,4.246,23.6,5.4,36.0,0.0,0.8,1.0,0.8,0.8,0.3542,0.3865,0.4205,0.5059,0.1695,0.2529,lineup,lineup,"[{""id"": 683953, ""name"": ""Travis Bazzana"", ""bats"": ""L"", ""obp"": 0.3942307692307692, ""slg"": 0.42696629213483145, ""iso"": 0.1348314606741573, ""ab"": 89}, {""id"": 608070, ""name"": ""Jos\u00e9 Ram\u00edrez"", ""bats"": ""S"", ""obp"": 0.3469387755102041, ""slg"": 0.39805825242718446, ""iso"": 0.1699029126213592, ""ab"": 206}, {""id"": 800050, ""name"": ""Chase DeLauter"", ""bats"": ""L"", ""obp"": 0.34285714285714286, ""slg"": 0.4426229508196721, ""iso"": 0.18579234972677594, ""ab"": 183}]","[{""id"": 695578, ""name"": ""James Wood"", ""bats"": ""L"", ""obp"": 0.40540540540540543, ""slg"": 0.5333333333333333, ""iso"": 0.26666666666666666, ""ab"": 210}, {""id"": 678554, ""name"": ""Curtis Mead"", ""bats"": ""R"", ""obp"": 0.35294117647058826, ""slg"": 0.49137931034482757, ""iso"": 0.24999999999999997, ""ab"": 116}, {""id"": 665953, ""name"": ""Andr\u00e9s Chaparro"", ""bats"": ""R"", ""obp"": 0.3684210526315789, ""slg"": 0.21428571428571427, ""iso"": 0.07142857142857142, ""ab"": 14}]","[{""name"": ""away_top3c_iso"", ""value"": 0.2529, ""contribution"": 0.5244}, {""name"": ""away_top3c_slg"", ""value"": 0.5059, ""contribution"": -0.3323}, {""name"": ""fi_park_nrfi_rate"", ""value"": 0.528, ""contribution"": -0.1042}, {""name"": ""away_top3_ops_vs_oppHand"", ""value"": 0.669, ""contribution"": -0.1001}, {""name"": ""era_gap_t1"", ""value"": -0.8072, ""contribution"": -0.0868}]","[{""name"": ""fi_park_nrfi_rate"", ""value"": 0.528, ""contribution"": -0.1602}, {""name"": ""away_whiff_pct_rank"", ""value"": 80.0, ""contribution"": -0.1299}, {""name"": ""home_top3c_slg"", ""value"": 0.4205, ""contribution"": 0.1236}, {""name"": ""wx_wind_kmh"", ""value"": 5.4, ""contribution"": -0.0642}, {""name"": ""away_fip"", ""value"": 3.3927, ""contribution"": -0.0636}]",482631,0.538,3.575,4.101,89.0,80.0,0.7136,0.7136,5.13,5.8,0.669,0.7567,R,L,NRFI,WIN,0,0,0,2026-05-26T22:32:40+00:00,-145,+110,DraftKings,2026-05-26T22:17:53+00:00,0.5918,0.4762,-0.0437,-0.0243,-0.0437,N,0.5,0,-145,+110,2026-05-26T21:06:32+00:00,0,0.4877,PASS,NO EDGE,,,,,,,
2026-05-26,2026,824758,1,N,ATL,BOS,6:45 PM ET,Spencer Strider,Ranger Suarez,675911,624133,live,live,live,live,1.05,0.4476,0.6071,1.0546,0.2325,0.3467,0.5793,0.5514,0.4486,0.2843,0.7157,,,NRFI,LEAN,LEAN NRFI,4,2026-05-26T21:34:15Z,3.951,2.763,1.31,1.105,4.579,3.156,4.18,2.42,1.53,0.67,10.16,8.31,0.322,0.315,0.426,0.377,5.065,3.903,27.0,20.5,36.0,0.0,0.6,0.8,0.6,0.8,0.323,0.336,0.4061,0.4406,0.1516,0.1846,lineup,lineup,"[{""id"": 680776, ""name"": ""Jarren Duran"", ""bats"": ""L"", ""obp"": 0.26570048309178745, ""slg"": 0.34759358288770054, ""iso"": 0.15508021390374332, ""ab"": 187}, {""id"": 678882, ""name"": ""Ceddanne Rafaela"", ""bats"": ""R"", ""obp"": 0.34759358288770054, ""slg"": 0.4260355029585799, ""iso"": 0.14792899408284027, ""ab"": 169}, {""id"": 677800, ""name"": ""Wilyer Abreu"", ""bats"": ""L"", ""obp"": 0.3561643835616438, ""slg"": 0.4444444444444444, ""iso"": 0.1515151515151515, ""ab"": 198}]","[{""id"": 660670, ""name"": ""Ronald Acu\u00f1a Jr."", ""bats"": ""R"", ""obp"": 0.3575418994413408, ""slg"": 0.35570469798657717, ""iso"": 0.1140939597315436, ""ab"": 149}, {""id"": 643289, ""name"": ""Mauricio Dub\u00f3n"", ""bats"": ""R"", ""obp"": 0.3103448275862069, ""slg"": 0.3915343915343915, ""iso"": 0.13227513227513227, ""ab"": 189}, {""id"": 621566, ""name"": ""Matt Olson"", ""bats"": ""L"", ""obp"": 0.34177215189873417, ""slg"": 0.5454545454545454, ""iso"": 0.2822966507177033, ""ab"": 209}]","[{""name"": ""era_gap_t1"", ""value"": -1.188, ""contribution"": -0.128}, {""name"": ""home_xera"", ""value"": 2.8963, ""contribution"": -0.1249}, {""name"": ""home_fip"", ""value"": 3.156, ""contribution"": -0.0924}, {""name"": ""away_top3_ops_vs_oppHand"", ""value"": 0.686, ""contribution"": -0.0828}, {""name"": ""fi_park_nrfi_rate"", ""value"": 0.5121, ""contribution"": -0.0494}]","[{""name"": ""home_top3c_slg"", ""value"": 0.4061, ""contribution"": 0.2128}, {""name"": ""away_whiff_pct_rank"", ""value"": 97.0, ""contribution"": -0.2033}, {""name"": ""home_top3c_iso"", ""value"": 0.1516, ""contribution"": -0.1293}, {""name"": ""wx_wind_kmh"", ""value"": 20.5, ""contribution"": 0.0948}, {""name"": ""home_top3_ops_vs_oppHand"", ""value"": 0.691, ""contribution"": -0.0868}]",605673,0.4897,2.896,4.801,31.0,97.0,0.7585,0.7136,5.27,5.4,0.686,0.691,R,L,YRFI,LOSS,0,2,2,2026-05-26T22:57:54+00:00,-130,+100,DraftKings,2026-05-26T22:53:48+00:00,0.5652,0.5,-0.0138,-0.0514,-0.0138,N,0.5,0,-125,-105,2026-05-26T21:42:34+00:00,0.0097,0.4877,PASS,NO EDGE,,,,,,,
2026-05-26,2026,822811,1,N,MIA,TOR,7:07 PM ET,Sandy Alcantara,Braydon Fisher,645261,680755,live,ltd,live,live,1.01,0.4383,0.4761,0.9144,0.2294,0.3622,0.5916,0.5514,0.4486,0.2328,0.7672,,,NRFI,LEAN,LEAN NRFI,4,2026-05-26T22:03:36Z,4.498,3.208,1.276,1.097,3.978,3.475,2.73,3.37,0.91,0.84,6.64,9.67,0.319,0.309,0.386,0.379,4.379,4.109,,,,1.0,0.6667,0.6,0.6667,0.7,0.3133,0.368,0.4076,0.4796,0.1571,0.1718,lineup,lineup,"[{""id"": 543807, ""name"": ""George Springer"", ""bats"": ""R"", ""obp"": 0.2781456953642384, ""slg"": 0.3602941176470588, ""iso"": 0.16176470588235295, ""ab"": 136}, {""id"": 662139, ""name"": ""Daulton Varsho"", ""bats"": ""L"", ""obp"": 0.3383084577114428, ""slg"": 0.4198895027624309, ""iso"": 0.15469613259668508, ""ab"": 181}, {""id"": 660821, ""name"": ""Jes\u00fas S\u00e1nchez"", ""bats"": ""L"", ""obp"": 0.31547619047619047, ""slg"": 0.43506493506493504, ""iso"": 0.15584415584415584, ""ab"": 154}]","[{""id"": 688363, ""name"": ""Graham Pauley"", ""bats"": ""L"", ""obp"": 0.2235294117647059, ""slg"": 0.2875, ""iso"": 0.11249999999999999, ""ab"": 80}, {""id"": 689414, ""name"": ""Liam Hicks"", ""bats"": ""L"", ""obp"": 0.3469387755102041, ""slg"": 0.49122807017543857, ""iso"": 0.21637426900584794, ""ab"": 171}, {""id"": 672640, ""name"": ""Otto Lopez"", ""bats"": ""R"", ""obp"": 0.36283185840707965, ""slg"": 0.47393364928909953, ""iso"": 0.14218009478672988, ""ab"": 211}]","[{""name"": ""away_top3c_slg"", ""value"": 0.4796, ""contribution"": -0.1992}, {""name"": ""era_gap_t1"", ""value"": -1.2898, ""contribution"": -0.139}, {""name"": ""home_avg_ip_per_start"", ""value"": 1.2222, ""contribution"": 0.1271}, {""name"": ""home_xera"", ""value"": 3.2598, ""contribution"": -0.0877}, {""name"": ""home_fip"", ""value"": 3.4747, ""contribution"": -0.0566}]","[{""name"": ""home_top3c_slg"", ""value"": 0.4076, ""contribution"": 0.2034}, {""name"": ""home_top3c_iso"", ""value"": 0.1571, ""contribution"": -0.1034}, {""name"": ""home_top3c_obp"", ""value"": 0.3133, ""contribution"": -0.0946}, {""name"": ""away_whiff_pct_rank"", ""value"": 28.0, ""contribution"": 0.0945}, {""name"": ""era_gap_b1"", ""value"": 1.2898, ""contribution"": 0.0874}]",573597,0.4761,3.26,4.417,83.0,28.0,0.7136,0.7272,1.22,5.67,0.813,0.7217,R,R,NRFI,WIN,0,0,0,2026-05-26T23:24:06+00:00,-135,+105,DraftKings,2026-05-26T23:26:15+00:00,0.5745,0.4878,-0.0231,-0.0392,-0.0231,N,0.5,0,-135,+105,2026-05-26T22:06:58+00:00,0,0.5625,NRFI,STRONG,,,,,,,
2026-05-26,2026,823216,1,N,ARI,SF,9:45 PM ET,Eduardo Rodriguez,Tyler Mahle,593958,641816,live,live,live,live,0.94,0.536,0.4718,1.0078,0.3852,0.351,0.7361,0.4772,0.5228,0.2671,0.7329,,,PASS,NO EDGE,PASS - No edge,4,2026-05-27T01:34:25Z,3.351,4.627,1.33,1.393,4.148,4.351,3.47,3.39,0.94,1.3,7.2,8.58,0.314,0.299,0.405,0.39,4.596,3.833,19.0,25.3,58.0,0.0,0.6,0.6,0.6,0.6,0.306,0.3541,0.4164,0.4629,0.1638,0.1953,lineup,lineup,"[{""id"": 642715, ""name"": ""Willy Adames"", ""bats"": ""R"", ""obp"": 0.27555555555555555, ""slg"": 0.38967136150234744, ""iso"": 0.15492957746478875, ""ab"": 213}, {""id"": 669477, ""name"": ""Casey Schmitt"", ""bats"": ""R"", ""obp"": 0.33689839572192515, ""slg"": 0.5549132947976878, ""iso"": 0.2601156069364161, ""ab"": 173}, {""id"": 656305, ""name"": ""Matt Chapman"", ""bats"": ""R"", ""obp"": 0.3108108108108108, ""slg"": 0.325, ""iso"": 0.09000000000000002, ""ab"": 200}]","[{""id"": 606466, ""name"": ""Ketel Marte"", ""bats"": ""S"", ""obp"": 0.3271889400921659, ""slg"": 0.47, ""iso"": 0.19499999999999995, ""ab"": 200}, {""id"": 682998, ""name"": ""Corbin Carroll"", ""bats"": ""L"", ""obp"": 0.39906103286384975, ""slg"": 0.574585635359116, ""iso"": 0.27071823204419887, ""ab"": 181}, {""id"": 672695, ""name"": ""Geraldo Perdomo"", ""bats"": ""S"", ""obp"": 0.33653846153846156, ""slg"": 0.3372093023255814, ""iso"": 0.11627906976744184, ""ab"": 172}]","[{""name"": ""era_gap_t1"", ""value"": 1.2757, ""contribution"": 0.1387}, {""name"": ""away_top3c_iso"", ""value"": 0.1953, ""contribution"": 0.1184}, {""name"": ""away_top3c_slg"", ""value"": 0.4629, ""contribution"": -0.1148}, {""name"": ""wx_wind_kmh"", ""value"": 25.3, ""contribution"": 0.0615}, {""name"": ""home_p_last10_pitcher_nrfi"", ""value"": 0.6, ""contribution"": -0.0455}]","[{""name"": ""home_top3c_slg"", ""value"": 0.4164, ""contribution"": 0.1492}, {""name"": ""wx_wind_kmh"", ""value"": 25.3, ""contribution"": 0.1453}, {""name"": ""home_top3c_obp"", ""value"": 0.306, ""contribution"": -0.1203}, {""name"": ""home_obp"", ""value"": 0.2988, ""contribution"": -0.1051}, {""name"": ""era_gap_b1"", ""value"": -1.2757, ""contribution"": -0.0872}]",503493,0.522,4.327,4.546,38.0,32.0,0.7396,0.7197,5.2,6.47,0.774,0.7137,L,R,YRFI,PASS,0,1,1,2026-05-27T01:58:55+00:00,-120,-110,DraftKings,2026-05-27T02:04:08+00:00,0.5455,0.5238,-0.0683,-0.001,,N,,,-120,-110,2026-05-27T01:42:55+00:00,,0.4589,PASS,NO EDGE,,,,,,,
2026-05-26,2026,824106,1,N,NYY,KC,7:40 PM ET,Cam Schlittler,Bailey Falter,693645,663559,live,live,live,live,0.96,0.6286,0.3186,0.9472,0.4928,0.1963,0.6892,0.4795,0.5205,0.2448,0.7552,,,PASS,NO EDGE,PASS - No edge,4,2026-05-26T23:33:41Z,2.23,5.261,1.002,1.52,2.658,5.147,2.41,3.96,0.58,1.35,10.04,6.1,0.325,0.314,0.421,0.384,4.717,4.022,27.1,14.8,42.0,0.0,0.4,1.0,0.4,0.9,0.3241,0.359,0.4013,0.4738,0.1468,0.2333,lineup,lineup,"[{""id"": 516782, ""name"": ""Starling Marte"", ""bats"": ""R"", ""obp"": 0.3448275862068966, ""slg"": 0.34615384615384615, ""iso"": 0.05769230769230771, ""ab"": 52}, {""id"": 686475, ""name"": ""Tyler Tolbert"", ""bats"": ""R"", ""obp"": 0.2, ""slg"": 0.2, ""iso"": 0.0, ""ab"": 5}, {""id"": 686681, ""name"": ""Michael Massey"", ""bats"": ""L"", ""obp"": 0.24770642201834864, ""slg"": 0.39215686274509803, ""iso"": 0.16666666666666666, ""ab"": 102}]","[{""id"": 663757, ""name"": ""Trent Grisham"", ""bats"": ""L"", ""obp"": 0.315, ""slg"": 0.3652694610778443, ""iso"": 0.17365269461077842, ""ab"": 167}, {""id"": 680474, ""name"": ""Max Schuemann"", ""bats"": ""R"", ""obp"": 0.47368421052631576, ""slg"": 0.42857142857142855, ""iso"": 0.14285714285714285, ""ab"": 14}, {""id"": 676609, ""name"": ""Jos\u00e9 Caballero"", ""bats"": ""R"", ""obp"": 0.31645569620253167, ""slg"": 0.3904109589041096, ""iso"": 0.13013698630136988, ""ab"": 146}]","[{""name"": ""away_top3c_iso"", ""value"": 0.2333, ""contribution"": 0.3859}, {""name"": ""era_gap_t1"", ""value"": 3.0309, ""contribution"": 0.3288}, {""name"": ""fi_park_nrfi_rate"", ""value"": 0.5614, ""contribution"": -0.2197}, {""name"": ""away_top3c_slg"", ""value"": 0.4738, ""contribution"": -0.1697}, {""name"": ""home_fip"", ""value"": 5.1473, ""contribution"": 0.1312}]","[{""name"": ""fi_park_nrfi_rate"", ""value"": 0.5614, ""contribution"": -0.3377}, {""name"": ""home_top3c_slg"", ""value"": 0.4013, ""contribution"": 0.2428}, {""name"": ""era_gap_b1"", ""value"": -3.0309, ""contribution"": -0.2066}, {""name"": ""home_top3c_iso"", ""value"": 0.1468, ""contribution"": -0.152}, {""name"": ""away_fip"", ""value"": 2.6582, ""contribution"": -0.1421}]",521051,0.4691,4.2,3.568,50.0,56.0,0.7272,0.7272,4.4,6.07,0.8533,0.7227,R,L,YRFI,PASS,4,0,4,2026-05-26T23:59:21+00:00,-110,-120,DraftKings,2026-05-27T00:05:06+00:00,0.5238,0.5455,-0.0443,-0.025,,N,,,-110,-120,2026-05-26T23:38:03+00:00,,0.5907,NRFI,STRONG,,,,,,,
2026-05-26,2026,824837,1,N,TB,BAL,6:35 PM ET,Griffin Jax,Shane Baz,643377,669358,ltd,live,live,live,1.06,0.6124,0.562,1.1745,0.3054,0.2805,0.5858,0.5514,0.4486,0.3281,0.6719,,,NRFI,LEAN,LEAN NRFI,4,2026-05-26T21:34:15Z,3.929,4.87,1.31,1.401,3.984,4.392,3.69,3.75,1.16,1.23,9.86,8.38,0.33,0.315,0.393,0.391,4.705,4.413,22.1,4.4,77.0,0.0,0.6,0.8,0.7,0.8571,0.3324,0.3494,0.4093,0.4325,0.1734,0.1574,lineup,lineup,"[{""id"": 621493, ""name"": ""Taylor Ward"", ""bats"": ""R"", ""obp"": 0.40329218106995884, ""slg"": 0.3626943005181347, ""iso"": 0.10880829015544041, ""ab"": 193}, {""id"": 683002, ""name"": ""Gunnar Henderson"", ""bats"": ""L"", ""obp"": 0.27459016393442626, ""slg"": 0.42035398230088494, ""iso"": 0.1991150442477876, ""ab"": 226}, {""id"": 624413, ""name"": ""Pete Alonso"", ""bats"": ""R"", ""obp"": 0.31896551724137934, ""slg"": 0.4411764705882353, ""iso"": 0.20588235294117646, ""ab"": 204}]","[{""id"": 802415, ""name"": ""Chandler Simpson"", ""bats"": ""L"", ""obp"": 0.3222748815165877, ""slg"": 0.34673366834170855, ""iso"": 0.055276381909547756, ""ab"": 199}, {""id"": 691406, ""name"": ""Junior Caminero"", ""bats"": ""R"", ""obp"": 0.35555555555555557, ""slg"": 0.4897959183673469, ""iso"": 0.22448979591836732, ""ab"": 196}, {""id"": 666018, ""name"": ""Jonathan Aranda"", ""bats"": ""L"", ""obp"": 0.36936936936936937, ""slg"": 0.4644808743169399, ""iso"": 0.19672131147540983, ""ab"": 183}]","[{""name"": ""away_top3c_iso"", ""value"": 0.1574, ""contribution"": -0.1483}, {""name"": ""era_gap_t1"", ""value"": 0.9409, ""contribution"": 0.1025}, {""name"": ""fi_park_nrfi_rate"", ""value"": 0.519, ""contribution"": -0.0733}, {""name"": ""home_fip"", ""value"": 4.3924, ""contribution"": 0.0464}, {""name"": ""away_top3_ops_vs_oppHand"", ""value"": 0.809, ""contribution"": 0.0426}]","[{""name"": ""away_whiff_pct_rank"", ""value"": 100.0, ""contribution"": -0.2163}, {""name"": ""home_top3c_slg"", ""value"": 0.4093, ""contribution"": 0.1931}, {""name"": ""fi_park_nrfi_rate"", ""value"": 0.519, ""contribution"": -0.1127}, {""name"": ""wx_wind_kmh"", ""value"": 4.4, ""contribution"": -0.0747}, {""name"": ""era_gap_b1"", ""value"": -0.9409, ""contribution"": -0.0644}]",605674,0.5127,3.874,3.203,59.0,100.0,0.7136,0.7136,5.8,3.8,0.809,0.7477,R,R,YRFI,LOSS,1,0,1,2026-05-26T22:50:28+00:00,-125,-105,DraftKings,2026-05-26T22:53:48+00:00,0.5556,0.5122,-0.0042,-0.0636,-0.0042,N,0.5,0,-125,-105,2026-05-26T21:33:15+00:00,0,0.6370,NRFI,STRONG,,,,,,,
2026-05-26,2026,823294,1,N,PHI,SD,9:40 PM ET,Aaron Nola,Randy Vásquez,605400,681190,live,live,live,live,0.95,0.4351,0.5093,0.9444,0.3491,0.3668,0.7159,0.4776,0.5224,0.2438,0.7562,,,PASS,NO EDGE,PASS - No edge,4,2026-05-27T01:34:25Z,5.851,3.334,1.458,1.245,4.543,4.137,3.01,3.02,1.61,0.94,9.15,6.54,0.301,0.299,0.389,0.373,4.109,4.096,18.9,15.9,62.0,0.0,0.6,0.8,0.8,0.8,0.3277,0.3295,0.3831,0.4826,0.1322,0.2421,lineup,lineup,"[{""id"": 665487, ""name"": ""Fernando Tatis Jr."", ""bats"": ""R"", ""obp"": 0.33783783783783783, ""slg"": 0.296875, ""iso"": 0.041666666666666685, ""ab"": 192}, {""id"": 593428, ""name"": ""Xander Bogaerts"", ""bats"": ""R"", ""obp"": 0.3137254901960784, ""slg"": 0.375, ""iso"": 0.13043478260869565, ""ab"": 184}, {""id"": 657757, ""name"": ""Gavin Sheets"", ""bats"": ""L"", ""obp"": 0.3312883435582822, ""slg"": 0.5068493150684932, ""iso"": 0.2534246575342466, ""ab"": 146}]","[{""id"": 656941, ""name"": ""Kyle Schwarber"", ""bats"": ""L"", ""obp"": 0.3537117903930131, ""slg"": 0.616580310880829, ""iso"": 0.38341968911917096, ""ab"": 193}, {""id"": 607208, ""name"": ""Trea Turner"", ""bats"": ""R"", ""obp"": 0.2765957446808511, ""slg"": 0.3317972350230415, ""iso"": 0.11059907834101382, ""ab"": 217}, {""id"": 547180, ""name"": ""Bryce Harper"", ""bats"": ""L"", ""obp"": 0.36, ""slg"": 0.5181347150259067, ""iso"": 0.24870466321243517, ""ab"": 193}]","[{""name"": ""away_top3c_iso"", ""value"": 0.2421, ""contribution"": 0.4482}, {""name"": ""era_gap_t1"", ""value"": -2.5169, ""contribution"": -0.2719}, {""name"": ""away_top3c_slg"", ""value"": 0.4826, ""contribution"": -0.2143}, {""name"": ""fi_park_nrfi_rate"", ""value"": 0.5409, ""contribution"": -0.149}, {""name"": ""home_xera"", ""value"": 5.2449, ""contribution"": 0.1157}]","[{""name"": ""home_top3c_slg"", ""value"": 0.3831, ""contribution"": 0.3556}, {""name"": ""fi_park_nrfi_rate"", ""value"": 0.5409, ""contribution"": -0.229}, {""name"": ""home_top3c_iso"", ""value"": 0.1322, ""contribution"": -0.221}, {""name"": ""era_gap_b1"", ""value"": 2.5169, ""contribution"": 0.1709}, {""name"": ""home_obp"", ""value"": 0.2989, ""contribution"": -0.1046}]",598411,0.5467,5.245,4.083,7.0,59.0,0.7136,0.751,5.2,4.8,0.8613,0.7353,R,R,YRFI,PASS,1,0,1,2026-05-27T01:54:22+00:00,-130,+100,DraftKings,2026-05-27T02:04:08+00:00,0.5652,0.5,-0.0876,0.0224,,N,,,-130,+100,2026-05-27T01:37:30+00:00,,0.4521,PASS,NO EDGE,,,,,,,
2026-05-26,2026,823379,1,N,CHC,PIT,6:40 PM ET,Jordan Wicks,Braxton Ashcraft,696136,677952,avg,live,live,live,0.96,0.3926,0.5147,0.9072,0.2501,0.4343,0.6844,0.4795,0.5205,0.2302,0.7698,,,PASS,NO DATA,PASS - No data,3,2026-05-26T22:33:45Z,4.17,3.062,1.26,1.118,4.17,3.246,2.93,2.6,1.21,0.82,8.75,9.27,0.33,0.328,0.391,0.391,4.659,4.717,27.7,7.3,47.0,0.0,1.0,0.5,1.0,0.5,0.3523,0.3367,0.438,0.3761,0.1788,0.14,lineup,lineup,"[{""id"": 804606, ""name"": ""Konnor Griffin"", ""bats"": ""R"", ""obp"": 0.32105263157894737, ""slg"": 0.38372093023255816, ""iso"": 0.12209302325581395, ""ab"": 172}, {""id"": 669707, ""name"": ""Jared Triolo"", ""bats"": ""R"", ""obp"": 0.27941176470588236, ""slg"": 0.265625, ""iso"": 0.03125, ""ab"": 64}, {""id"": 691373, ""name"": ""Jhostynxon Garcia"", ""bats"": ""R"", ""obp"": 0.2857142857142857, ""slg"": 0.25, ""iso"": 0.0, ""ab"": 20}]","[{""id"": 682634, ""name"": ""Kevin Alc\u00e1ntara"", ""bats"": ""R"", ""obp"": 0.0, ""slg"": 0.0, ""iso"": 0.0, ""ab"": 1}, {""id"": 663538, ""name"": ""Nico Hoerner"", ""bats"": ""R"", ""obp"": 0.34024896265560167, ""slg"": 0.37320574162679426, ""iso"": 0.11961722488038279, ""ab"": 209}, {""id"": 683737, ""name"": ""Michael Busch"", ""bats"": ""L"", ""obp"": 0.3577586206896552, ""slg"": 0.39267015706806285, ""iso"": 0.162303664921466, ""ab"": 191}]","[{""name"": ""away_top3c_slg"", ""value"": 0.3761, ""contribution"": 0.3253}, {""name"": ""away_top3c_iso"", ""value"": 0.14, ""contribution"": -0.2713}, {""name"": ""era_gap_t1"", ""value"": -1.1084, ""contribution"": -0.1194}, {""name"": ""home_xera"", ""value"": 2.9598, ""contribution"": -0.1184}, {""name"": ""home_p_last10_pitcher_nrfi"", ""value"": 1.0, ""contribution"": 0.1107}]","[{""name"": ""fi_park_nrfi_rate"", ""value"": 0.5188, ""contribution"": -0.1113}, {""name"": ""home_obp"", ""value"": 0.3277, ""contribution"": 0.0976}, {""name"": ""era_gap_b1"", ""value"": 1.1084, ""contribution"": 0.075}, {""name"": ""away_p_last10_pitcher_nrfi"", ""value"": 0.5, ""contribution"": 0.0713}, {""name"": ""wx_temp_c"", ""value"": 27.7, ""contribution"": 0.0538}]",575629,0.4774,2.96,4.2,76.0,50.0,0.751,0.7136,6.53,5.0,0.6993,0.742,L,R,YRFI,PASS,0,5,5,2026-05-26T23:00:58+00:00,-135,+105,DraftKings,2026-05-26T22:53:48+00:00,0.5745,0.4878,-0.095,0.0327,,N,,,-135,+105,2026-05-26T22:37:43+00:00,,0.4877,PASS,NO EDGE,,,,,,,
2026-05-26,2026,823624,1,N,CIN,NYM,7:10 PM ET,Chase Burns,David Peterson,695505,656849,live,live,live,live,0.96,0.4486,0.3996,0.8482,0.3945,0.2318,0.6263,0.5479,0.4521,0.2086,0.7914,,,NRFI,LEAN,LEAN NRFI,4,2026-05-26T22:03:36Z,2.834,4.662,1.084,1.468,3.574,3.196,2.88,3.62,1.1,0.47,10.11,8.65,0.311,0.298,0.396,0.362,4.463,3.993,21.1,12.4,64.0,0.0,0.2,1.0,0.4,1.0,0.3181,0.3516,0.3876,0.4978,0.1367,0.2257,lineup,lineup,"[{""id"": 701807, ""name"": ""Carson Benge"", ""bats"": ""L"", ""obp"": 0.3128205128205128, ""slg"": 0.33707865168539325, ""iso"": 0.0898876404494382, ""ab"": 178}, {""id"": 666182, ""name"": ""Bo Bichette"", ""bats"": ""R"", ""obp"": 0.2742616033755274, ""slg"": 0.32272727272727275, ""iso"": 0.09545454545454549, ""ab"": 220}, {""id"": 665742, ""name"": ""Juan Soto"", ""bats"": ""L"", ""obp"": 0.389937106918239, ""slg"": 0.5588235294117647, ""iso"": 0.2647058823529412, ""ab"": 136}]","[{""id"": 694362, ""name"": ""Blake Dunn"", ""bats"": ""R"", ""obp"": 0.37777777777777777, ""slg"": 0.4878048780487805, ""iso"": 0.17073170731707316, ""ab"": 41}, {""id"": 682829, ""name"": ""Elly De La Cruz"", ""bats"": ""S"", ""obp"": 0.3474576271186441, ""slg"": 0.5164319248826291, ""iso"": 0.2347417840375587, ""ab"": 213}, {""id"": 701398, ""name"": ""Sal Stewart"", ""bats"": ""R"", ""obp"": 0.35064935064935066, ""slg"": 0.4797979797979798, ""iso"": 0.22727272727272724, ""ab"": 198}]","[{""name"": ""away_top3c_iso"", ""value"": 0.2257, ""contribution"": 0.3323}, {""name"": ""away_top3c_slg"", ""value"": 0.4978, ""contribution"": -0.2913}, {""name"": ""era_gap_t1"", ""value"": 1.8287, ""contribution"": 0.1986}, {""name"": ""away_top3_ops_vs_oppHand"", ""value"": 0.9517, ""contribution"": 0.188}, {""name"": ""home_p_last10_pitcher_nrfi"", ""value"": 0.4, ""contribution"": -0.1236}]","[{""name"": ""home_top3c_slg"", ""value"": 0.3876, ""contribution"": 0.3277}, {""name"": ""away_whiff_pct_rank"", ""value"": 100.0, ""contribution"": -0.2163}, {""name"": ""home_top3c_iso"", ""value"": 0.1367, ""contribution"": -0.1997}, {""name"": ""era_gap_b1"", ""value"": -1.8287, ""contribution"": -0.1248}, {""name"": ""home_obp"", ""value"": 0.298, ""contribution"": -0.1106}]",621660,0.499,4.593,3.446,68.0,100.0,0.664,0.7136,4.6,6.2,0.9517,0.748,R,L,YRFI,LOSS,2,0,2,2026-05-26T23:33:25+00:00,-150,+115,DraftKings,2026-05-26T23:26:15+00:00,0.6,0.4651,-0.0521,-0.013,-0.0521,N,0.5,0,-150,+115,2026-05-26T22:06:58+00:00,0,0.4780,PASS,NO EDGE,,,,,,,
2026-05-27,2026,823626,1,N,CIN,NYM,7:10 PM ET,Andrew Abbott,Huascar Brazobán,671096,623211,live,ltd,live,live,0.96,0.4387,0.5079,0.9466,0.4455,0.4212,0.8667,0.4064,0.5936,0.2446,0.7554,,,YRFI,STRONG,STRONG YRFI,4,2026-05-27T22:03:29Z,3.513,3.018,1.331,1.12,4.392,3.804,3.4,3.43,1.08,0.76,6.91,7.7,0.314,0.297,0.398,0.361,4.5,3.964,28.2,14.7,50.0,0.0,1.0,0.6,1.0,0.5,0.3151,0.3632,0.3883,0.5322,0.1392,0.2437,lineup,lineup,"[{""id"": 701807, ""name"": ""Carson Benge"", ""bats"": ""L"", ""obp"": 0.3065326633165829, ""slg"": 0.32967032967032966, ""iso"": 0.0879120879120879, ""ab"": 182}, {""id"": 666182, ""name"": ""Bo Bichette"", ""bats"": ""R"", ""obp"": 0.27385892116182575, ""slg"": 0.32142857142857145, ""iso"": 0.09375000000000003, ""ab"": 224}, {""id"": 665742, ""name"": ""Juan Soto"", ""bats"": ""L"", ""obp"": 0.38650306748466257, ""slg"": 0.5714285714285714, ""iso"": 0.2785714285714285, ""ab"": 140}]","[{""id"": 694362, ""name"": ""Blake Dunn"", ""bats"": ""R"", ""obp"": 0.38, ""slg"": 0.4666666666666667, ""iso"": 0.15555555555555556, ""ab"": 45}, {""id"": 682829, ""name"": ""Elly De La Cruz"", ""bats"": ""S"", ""obp"": 0.34854771784232363, ""slg"": 0.518348623853211, ""iso"": 0.23394495412844035, ""ab"": 218}, {""id"": 668709, ""name"": ""JJ Bleday"", ""bats"": ""L"", ""obp"": 0.38738738738738737, ""slg"": 0.5957446808510638, ""iso"": 0.3085106382978723, ""ab"": 94}]","[{""name"": ""away_top3c_slg"", ""value"": 0.5322, ""contribution"": -0.4657}, {""name"": ""away_top3c_iso"", ""value"": 0.2437, ""contribution"": 0.4593}, {""name"": ""away_top3_ops_vs_oppHand"", ""value"": 0.9207, ""contribution"": 0.1564}, {""name"": ""home_avg_ip_per_start"", ""value"": 1.2667, ""contribution"": 0.1257}, {""name"": ""home_p_last10_pitcher_nrfi"", ""value"": 1.0, ""contribution"": 0.1107}]","[{""name"": ""home_top3c_slg"", ""value"": 0.3883, ""contribution"": 0.3237}, {""name"": ""home_top3c_iso"", ""value"": 0.1392, ""contribution"": -0.188}, {""name"": ""home_obp"", ""value"": 0.2971, ""contribution"": -0.1166}, {""name"": ""home_top3c_obp"", ""value"": 0.3151, ""contribution"": -0.0884}, {""name"": ""away_p_last10_pitcher_nrfi"", ""value"": 0.5, ""contribution"": 0.0713}]",554242,0.4415,3.904,3.784,50.0,43.0,0.7136,0.664,1.27,5.6,0.9207,0.765,L,R,YRFI,WIN,0,1,1,2026-05-27T23:26:33+00:00,-130,+100,DraftKings,2026-05-27T22:13:26+00:00,0.5652,0.5,-0.1588,0.0936,0.0936,Y,1,1,-130,+100,2026-05-27T22:08:04+00:00,0,,,,,,,,,,
2026-05-27,2026,825003,1,N,SEA,OAK,3:05 PM ET,Logan Gilbert,Jeffrey Springs,669302,605488,live,live,live,live,0.93,0.5053,0.4445,0.9498,0.3915,0.5397,0.9312,0.4064,0.5936,0.2458,0.7542,,,YRFI,STRONG,STRONG YRFI,4,2026-05-27T17:58:32Z,3.805,4.11,1.079,1.186,3.829,4.798,2.07,2.82,1.51,1.56,10.21,7.32,0.316,0.325,0.386,0.394,4.204,4.321,18.0,19.8,59.0,0.0,0.4,0.8,0.5,0.5,0.4096,0.3461,0.5162,0.4213,0.2152,0.1658,lineup,lineup,"[{""id"": 666126, ""name"": ""Carlos Cortes"", ""bats"": ""L"", ""obp"": 0.4228187919463087, ""slg"": 0.53125, ""iso"": 0.1953125, ""ab"": 128}, {""id"": 701762, ""name"": ""Nick Kurtz"", ""bats"": ""L"", ""obp"": 0.43724696356275305, ""slg"": 0.47150259067357514, ""iso"": 0.1917098445595855, ""ab"": 193}, {""id"": 669127, ""name"": ""Shea Langeliers"", ""bats"": ""R"", ""obp"": 0.37117903930131, ""slg"": 0.5490196078431373, ""iso"": 0.25000000000000006, ""ab"": 204}]","[{""id"": 641487, ""name"": ""J.P. Crawford"", ""bats"": ""L"", ""obp"": 0.3316582914572864, ""slg"": 0.3515151515151515, ""iso"": 0.1515151515151515, ""ab"": 165}, {""id"": 677594, ""name"": ""Julio Rodr\u00edguez"", ""bats"": ""R"", ""obp"": 0.319672131147541, ""slg"": 0.42857142857142855, ""iso"": 0.1696428571428571, ""ab"": 224}, {""id"": 668227, ""name"": ""Randy Arozarena"", ""bats"": ""R"", ""obp"": 0.3855932203389831, ""slg"": 0.47029702970297027, ""iso"": 0.17326732673267325, ""ab"": 202}]","[{""name"": ""fi_park_nrfi_rate"", ""value"": 0.4422, ""contribution"": 0.1922}, {""name"": ""away_top3c_slg"", ""value"": 0.4213, ""contribution"": 0.096}, {""name"": ""home_fip"", ""value"": 4.7976, ""contribution"": 0.0919}, {""name"": ""away_top3c_iso"", ""value"": 0.1658, ""contribution"": -0.0892}, {""name"": ""home_p_last10_pitcher_nrfi"", ""value"": 0.5, ""contribution"": -0.0846}]","[{""name"": ""home_top3c_slg"", ""value"": 0.5162, ""contribution"": -0.4708}, {""name"": ""fi_park_nrfi_rate"", ""value"": 0.4422, ""contribution"": 0.2954}, {""name"": ""home_top3c_obp"", ""value"": 0.4096, ""contribution"": 0.2431}, {""name"": ""home_top3_ops_vs_oppHand"", ""value"": 0.9517, ""contribution"": 0.2253}, {""name"": ""away_whiff_pct_rank"", ""value"": 97.0, ""contribution"": -0.2033}]",427533,0.5151,4.027,3.166,71.0,97.0,0.6643,0.7197,5.13,5.87,0.7903,0.9517,R,L,YRFI,WIN,3,0,3,2026-05-27T19:25:56+00:00,+105,-135,DraftKings,2026-05-27T18:07:40+00:00,0.4878,0.5745,-0.0814,0.0191,0.0191,Y,1,0.741,+105,-135,2026-05-27T18:02:15+00:00,0,0.4638,PASS,NO EDGE,,,,,,,
2026-05-27,2026,823376,1,N,CHC,PIT,6:40 PM ET,Jameson Taillon,Bubba Chandler,592791,696149,live,ltd,live,live,0.96,0.572,0.6557,1.2277,0.3269,0.5257,0.8526,0.4064,0.5936,0.3474,0.6526,,,YRFI,STRONG,STRONG YRFI,4,2026-05-27T21:34:02Z,4.561,4.384,1.182,1.334,5.775,4.596,2.49,4.65,2.31,1.21,7.32,8.91,0.329,0.329,0.39,0.394,4.607,4.821,23.3,7.7,75.0,0.0,0.6,0.6,0.8,0.7,0.3748,0.3371,0.4683,0.3736,0.1978,0.1372,lineup,lineup,"[{""id"": 687462, ""name"": ""Spencer Horwitz"", ""bats"": ""L"", ""obp"": 0.391304347826087, ""slg"": 0.46710526315789475, ""iso"": 0.17763157894736842, ""ab"": 152}, {""id"": 664040, ""name"": ""Brandon Lowe"", ""bats"": ""L"", ""obp"": 0.35648148148148145, ""slg"": 0.5502645502645502, ""iso"": 0.2804232804232804, ""ab"": 189}, {""id"": 668804, ""name"": ""Bryan Reynolds"", ""bats"": ""S"", ""obp"": 0.37872340425531914, ""slg"": 0.38974358974358975, ""iso"": 0.13333333333333336, ""ab"": 195}]","[{""id"": 691718, ""name"": ""Pete Crow-Armstrong"", ""bats"": ""L"", ""obp"": 0.31390134529147984, ""slg"": 0.3622448979591837, ""iso"": 0.13775510204081634, ""ab"": 196}, {""id"": 663538, ""name"": ""Nico Hoerner"", ""bats"": ""R"", ""obp"": 0.33739837398373984, ""slg"": 0.3691588785046729, ""iso"": 0.11682242990654207, ""ab"": 214}, {""id"": 683737, ""name"": ""Michael Busch"", ""bats"": ""L"", ""obp"": 0.35864978902953587, ""slg"": 0.38974358974358975, ""iso"": 0.15897435897435896, ""ab"": 195}]","[{""name"": ""away_top3c_slg"", ""value"": 0.3736, ""contribution"": 0.3379}, {""name"": ""away_top3c_iso"", ""value"": 0.1372, ""contribution"": -0.2909}, {""name"": ""fi_park_nrfi_rate"", ""value"": 0.5188, ""contribution"": -0.0724}, {""name"": ""away_top3_ops_vs_oppHand"", ""value"": 0.697, ""contribution"": -0.0716}, {""name"": ""home_fip"", ""value"": 4.5962, ""contribution"": 0.0693}]","[{""name"": ""away_fip"", ""value"": 5.7746, ""contribution"": 0.1909}, {""name"": ""home_top3c_slg"", ""value"": 0.4683, ""contribution"": -0.1732}, {""name"": ""home_top3_ops_vs_oppHand"", ""value"": 0.8753, ""contribution"": 0.1339}, {""name"": ""home_top3c_obp"", ""value"": 0.3748, ""contribution"": 0.121}, {""name"": ""fi_park_nrfi_rate"", ""value"": 0.5188, ""contribution"": -0.1113}]",605670,0.5573,4.349,3.72,76.0,48.0,0.7272,0.724,4.6,5.53,0.697,0.8753,R,R,YRFI,WIN,2,0,2,2026-05-27T23:05:15+00:00,-110,-120,DraftKings,2026-05-27T21:43:41+00:00,0.5238,0.5455,-0.1174,0.0481,0.0481,Y,1,0.833,-110,-120,2026-05-27T21:38:16+00:00,0,0.4877,PASS,NO EDGE,,,,,,,
2026-05-27,2026,824596,1,N,MIN,CWS,7:40 PM ET,Connor Prielipp,David Sandlin,687570,689818,sm,avg,live,live,0.98,0.4901,0.5254,1.0156,0.3752,0.6506,1.0259,0.3499,0.6501,0.27,0.73,,,PASS,NO DATA,PASS - No data,3,2026-05-27T22:03:29Z,4.111,4.17,1.222,1.26,4.181,4.17,3.26,2.93,1.22,1.21,8.99,8.75,0.321,0.319,0.39,0.399,4.593,4.471,18.3,15.0,81.0,0.0,0.5,0.6,0.5,0.5,0.3577,0.3368,0.4669,0.4704,0.2213,0.2075,lineup,lineup,"[{""id"": 805367, ""name"": ""Chase Meidroth"", ""bats"": ""R"", ""obp"": 0.34101382488479265, ""slg"": 0.37823834196891193, ""iso"": 0.10880829015544041, ""ab"": 193}, {""id"": 808959, ""name"": ""Munetaka Murakami"", ""bats"": ""L"", ""obp"": 0.3702127659574468, ""slg"": 0.546875, ""iso"": 0.3125, ""ab"": 192}, {""id"": 678246, ""name"": ""Miguel Vargas"", ""bats"": ""R"", ""obp"": 0.36086956521739133, ""slg"": 0.47619047619047616, ""iso"": 0.24338624338624337, ""ab"": 189}]","[{""id"": 621439, ""name"": ""Byron Buxton"", ""bats"": ""R"", ""obp"": 0.3192488262910798, ""slg"": 0.5670103092783505, ""iso"": 0.30927835051546393, ""ab"": 194}, {""id"": 686797, ""name"": ""Brooks Lee"", ""bats"": ""S"", ""obp"": 0.315, ""slg"": 0.41621621621621624, ""iso"": 0.15675675675675677, ""ab"": 185}, {""id"": 663616, ""name"": ""Trevor Larnach"", ""bats"": ""L"", ""obp"": 0.39072847682119205, ""slg"": 0.4015748031496063, ""iso"": 0.12598425196850394, ""ab"": 127}]","[{""name"": ""away_top3c_iso"", ""value"": 0.2075, ""contribution"": 0.2044}, {""name"": ""away_top3c_slg"", ""value"": 0.4704, ""contribution"": -0.1524}, {""name"": ""away_top3_ops_vs_oppHand"", ""value"": 0.8583, ""contribution"": 0.0928}, {""name"": ""fi_park_nrfi_rate"", ""value"": 0.473, ""contribution"": 0.0859}, {""name"": ""home_p_last10_pitcher_nrfi"", ""value"": 0.5, ""contribution"": -0.0846}]","[{""name"": ""home_top3_ops_vs_oppHand"", ""value"": 1.0137, ""contribution"": 0.2995}, {""name"": ""home_top3c_iso"", ""value"": 0.2213, ""contribution"": 0.1994}, {""name"": ""home_top3c_slg"", ""value"": 0.4669, ""contribution"": -0.1646}, {""name"": ""fi_park_nrfi_rate"", ""value"": 0.473, ""contribution"": 0.1321}, {""name"": ""away_p_last10_pitcher_nrfi"", ""value"": 0.5, ""contribution"": 0.0713}]",668921,0.5084,4.2,1.946,50.0,50.0,0.7136,0.7136,5.0,5.0,0.8583,1.0137,L,R,YRFI,PASS,1,0,1,2026-05-27T23:55:00+00:00,-125,-105,DraftKings,2026-05-28T03:59:17+00:00,0.5556,0.5122,-0.2189,0.1511,0.1598,N,1,,-125,-105,2026-05-27T23:39:23+00:00,0,,,,,,,,,,
2026-05-27,2026,823947,1,N,COL,LAD,10:10 PM ET,Tomoyuki Sugano,Shohei Ohtani,608372,660271,live,ltd,live,live,0.97,0.3225,0.6386,0.9612,0.2427,0.6401,0.8827,0.4064,0.5936,0.25,0.75,,,YRFI,STRONG,STRONG YRFI,4,2026-05-27T22:03:29Z,4.195,2.047,1.273,0.99,5.256,2.787,2.33,2.42,1.68,0.63,5.31,9.94,0.31,0.34,0.386,0.431,4.162,5.164,18.6,17.4,52.0,0.0,1.0,0.8,1.0,0.7,0.3404,0.3105,0.4314,0.3865,0.169,0.169,team_fallback,team_fallback,[],[],"[{""name"": ""away_top3c_slg"", ""value"": 0.3865, ""contribution"": 0.2724}, {""name"": ""home_xera"", ""value"": 1.7145, ""contribution"": -0.246}, {""name"": ""era_gap_t1"", ""value"": -2.1475, ""contribution"": -0.2319}, {""name"": ""home_fip"", ""value"": 2.7866, ""contribution"": -0.1338}, {""name"": ""home_p_last10_pitcher_nrfi"", ""value"": 1.0, ""contribution"": 0.1107}]","[{""name"": ""home_obp"", ""value"": 0.3404, ""contribution"": 0.1859}, {""name"": ""away_whiff_pct_rank"", ""value"": 12.0, ""contribution"": 0.1635}, {""name"": ""era_gap_b1"", ""value"": 2.1475, ""contribution"": 0.1457}, {""name"": ""away_fip"", ""value"": 5.2558, ""contribution"": 0.1355}, {""name"": ""fi_park_nrfi_rate"", ""value"": 0.4823, ""contribution"": 0.0827}]",,0.5084,1.714,5.64,85.0,12.0,0.7272,0.6487,6.2,5.47,0.72,0.72,R,R,YRFI,WIN,0,2,2,2026-05-28T02:27:57+00:00,-120,-110,DraftKings,2026-05-28T01:12:19+00:00,0.5455,0.5238,-0.1391,0.0698,0.0698,Y,1,0.909,-120,-110,2026-05-28T01:07:00+00:00,0,,,,,,,,,,
2026-05-27,2026,824432,1,N,WSH,CLE,1:10 PM ET,PJ Poulin,Gavin Williams,676571,668909,ltd,live,live,live,0.96,0.5057,0.576,1.0817,0.3146,0.4499,0.7646,0.4764,0.5236,0.2943,0.7057,,,PASS,NO EDGE,PASS - No edge,4,2026-05-27T17:00:29Z,3.828,3.18,1.366,1.181,4.791,3.81,4.23,3.45,1.28,1.2,7.98,10.34,0.323,0.319,0.419,0.379,5.232,4.229,23.9,5.6,33.0,0.0,0.8,0.8,0.7,0.8333,0.3537,0.3628,0.4204,0.493,0.1694,0.2294,lineup,lineup,"[{""id"": 683953, ""name"": ""Travis Bazzana"", ""bats"": ""L"", ""obp"": 0.4036697247706422, ""slg"": 0.43478260869565216, ""iso"": 0.14130434782608692, ""ab"": 92}, {""id"": 608070, ""name"": ""Jos\u00e9 Ram\u00edrez"", ""bats"": ""S"", ""obp"": 0.344, ""slg"": 0.4, ""iso"": 0.17142857142857146, ""ab"": 210}, {""id"": 800050, ""name"": ""Chase DeLauter"", ""bats"": ""L"", ""obp"": 0.3395348837209302, ""slg"": 0.43617021276595747, ""iso"": 0.18085106382978727, ""ab"": 188}]","[{""id"": 695578, ""name"": ""James Wood"", ""bats"": ""L"", ""obp"": 0.4128787878787879, ""slg"": 0.5514018691588785, ""iso"": 0.2757009345794392, ""ab"": 214}, {""id"": 665953, ""name"": ""Andr\u00e9s Chaparro"", ""bats"": ""R"", ""obp"": 0.3333333333333333, ""slg"": 0.21052631578947367, ""iso"": 0.05263157894736842, ""ab"": 19}, {""id"": 678554, ""name"": ""Curtis Mead"", ""bats"": ""R"", ""obp"": 0.3546099290780142, ""slg"": 0.4789915966386555, ""iso"": 0.24369747899159666, ""ab"": 119}]","[{""name"": ""away_top3c_iso"", ""value"": 0.2294, ""contribution"": 0.3584}, {""name"": ""away_top3c_slg"", ""value"": 0.493, ""contribution"": -0.2669}, {""name"": ""away_top3_ops_vs_oppHand"", ""value"": 0.8937, ""contribution"": 0.1289}, {""name"": ""fi_park_nrfi_rate"", ""value"": 0.528, ""contribution"": -0.1042}, {""name"": ""era_gap_t1"", ""value"": -0.648, ""contribution"": -0.0695}]","[{""name"": ""fi_park_nrfi_rate"", ""value"": 0.528, ""contribution"": -0.1602}, {""name"": ""home_top3_ops_vs_oppHand"", ""value"": 0.8737, ""contribution"": 0.1319}, {""name"": ""home_top3c_slg"", ""value"": 0.4204, ""contribution"": 0.1241}, {""name"": ""away_fip"", ""value"": 4.7915, ""contribution"": 0.0859}, {""name"": ""wx_wind_kmh"", ""value"": 5.6, ""contribution"": -0.0621}]",485856,0.5084,4.171,6.487,88.0,50.0,0.7136,0.7136,6.73,1.47,0.8937,0.8737,L,R,NRFI,PASS,0,0,0,2026-05-27T17:29:35+00:00,-125,-105,DraftKings,2026-05-27T17:59:46+00:00,0.5556,0.5122,-0.0792,0.0114,,N,,,-125,-105,2026-05-27T17:09:19+00:00,,0.4397,YRFI,STRONG,,,,,,,
2026-05-27,2026,822897,1,N,HOU,TEX,8:05 PM ET,Mike Burrows,Jacob deGrom,681347,594798,live,live,live,live,1.07,0.5042,0.617,1.1212,0.2218,0.3785,0.6004,0.5506,0.4494,0.3087,0.6913,,,NRFI,LEAN,LEAN NRFI,4,2026-05-27T22:03:29Z,5.016,3.478,1.411,0.977,4.793,4.081,3.08,1.89,1.63,1.74,8.25,10.33,0.321,0.314,0.41,0.381,4.458,4.036,,,,1.0,0.2,0.8,0.4,0.6,0.362,0.365,0.3883,0.5432,0.1294,0.2674,lineup,lineup,"[{""id"": 592626, ""name"": ""Joc Pederson"", ""bats"": ""L"", ""obp"": 0.3509933774834437, ""slg"": 0.3709677419354839, ""iso"": 0.1370967741935484, ""ab"": 124}, {""id"": 696030, ""name"": ""Alejandro Osuna"", ""bats"": ""L"", ""obp"": 0.4166666666666667, ""slg"": 0.3088235294117647, ""iso"": 0.02941176470588236, ""ab"": 68}, {""id"": 607043, ""name"": ""Brandon Nimmo"", ""bats"": ""L"", ""obp"": 0.34934497816593885, ""slg"": 0.42574257425742573, ""iso"": 0.1584158415841584, ""ab"": 202}]","[{""id"": 665161, ""name"": ""Jeremy Pe\u00f1a"", ""bats"": ""R"", ""obp"": 0.30864197530864196, ""slg"": 0.3424657534246575, ""iso"": 0.0958904109589041, ""ab"": 73}, {""id"": 670541, ""name"": ""Yordan Alvarez"", ""bats"": ""L"", ""obp"": 0.41422594142259417, ""slg"": 0.6313131313131313, ""iso"": 0.32828282828282823, ""ab"": 198}, {""id"": 572233, ""name"": ""Christian Walker"", ""bats"": ""R"", ""obp"": 0.3333333333333333, ""slg"": 0.5294117647058824, ""iso"": 0.2696078431372549, ""ab"": 204}]","[{""name"": ""away_top3c_iso"", ""value"": 0.2674, ""contribution"": 0.626}, {""name"": ""away_top3c_slg"", ""value"": 0.5432, ""contribution"": -0.5211}, {""name"": ""era_gap_t1"", ""value"": -1.5377, ""contribution"": -0.1659}, {""name"": ""fi_park_nrfi_rate"", ""value"": 0.5398, ""contribution"": -0.1451}, {""name"": ""home_p_last10_pitcher_nrfi"", ""value"": 0.4, ""contribution"": -0.1236}]","[{""name"": ""home_top3c_slg"", ""value"": 0.3883, ""contribution"": 0.3234}, {""name"": ""home_top3c_iso"", ""value"": 0.1294, ""contribution"": -0.234}, {""name"": ""fi_park_nrfi_rate"", ""value"": 0.5398, ""contribution"": -0.2231}, {""name"": ""era_gap_b1"", ""value"": 1.5377, ""contribution"": 0.1042}, {""name"": ""away_fip"", ""value"": 4.7928, ""contribution"": 0.086}]",511890,0.5521,3.231,4.153,82.0,61.0,0.678,0.6796,5.67,5.93,0.8257,0.75,R,R,YRFI,LOSS,0,1,1,2026-05-28T00:23:36+00:00,-130,+100,DraftKings,2026-05-28T03:59:17+00:00,0.5652,0.5,-0.0146,-0.0506,-0.0146,N,0.5,0,-130,+100,2026-05-27T23:01:53+00:00,0,,,,,,,,,,
2026-05-27,2026,824104,1,N,NYY,KC,7:40 PM ET,Gerrit Cole,Noah Cameron,543037,702070,sm,live,live,live,0.96,0.4954,0.4662,0.9616,0.4649,0.276,0.7409,0.4772,0.5228,0.2501,0.7499,,,PASS,NO EDGE,PASS - No edge,4,2026-05-27T22:03:29Z,3.626,3.926,1.204,1.289,4.156,3.965,3.13,2.94,1.05,1.05,8.0,7.95,0.329,0.312,0.431,0.383,4.864,3.979,29.2,16.3,40.0,0.0,0.6,1.0,0.8,1.0,0.3228,0.3764,0.4035,0.5699,0.1495,0.303,lineup,lineup,"[{""id"": 672580, ""name"": ""Maikel Garcia"", ""bats"": ""R"", ""obp"": 0.3162393162393162, ""slg"": 0.3755868544600939, ""iso"": 0.11737089201877932, ""ab"": 213}, {""id"": 677951, ""name"": ""Bobby Witt Jr."", ""bats"": ""R"", ""obp"": 0.359504132231405, ""slg"": 0.4930875576036866, ""iso"": 0.19815668202764974, ""ab"": 217}, {""id"": 686469, ""name"": ""Vinnie Pasquantino"", ""bats"": ""L"", ""obp"": 0.2895927601809955, ""slg"": 0.3333333333333333, ""iso"": 0.13020833333333331, ""ab"": 192}]","[{""id"": 502671, ""name"": ""Paul Goldschmidt"", ""bats"": ""R"", ""obp"": 0.35185185185185186, ""slg"": 0.5, ""iso"": 0.2446808510638298, ""ab"": 94}, {""id"": 700250, ""name"": ""Ben Rice"", ""bats"": ""L"", ""obp"": 0.37799043062200954, ""slg"": 0.6145251396648045, ""iso"": 0.3296089385474861, ""ab"": 179}, {""id"": 592450, ""name"": ""Aaron Judge"", ""bats"": ""R"", ""obp"": 0.38589211618257263, ""slg"": 0.5628140703517588, ""iso"": 0.3065326633165829, ""ab"": 199}]","[{""name"": ""away_top3c_iso"", ""value"": 0.303, ""contribution"": 0.8767}, {""name"": ""away_top3c_slg"", ""value"": 0.5699, ""contribution"": -0.6566}, {""name"": ""away_top3_ops_vs_oppHand"", ""value"": 1.0443, ""contribution"": 0.2824}, {""name"": ""fi_park_nrfi_rate"", ""value"": 0.5614, ""contribution"": -0.2197}, {""name"": ""wx_temp_c"", ""value"": 29.2, ""contribution"": 0.0476}]","[{""name"": ""fi_park_nrfi_rate"", ""value"": 0.5614, ""contribution"": -0.3377}, {""name"": ""home_top3c_slg"", ""value"": 0.4035, ""contribution"": 0.2289}, {""name"": ""home_top3c_iso"", ""value"": 0.1495, ""contribution"": -0.1392}, {""name"": ""away_p_last10_pitcher_nrfi"", ""value"": 1.0, ""contribution"": -0.0929}, {""name"": ""wx_temp_c"", ""value"": 29.2, ""contribution"": 0.0664}]",503586,0.4946,4.444,4.2,76.0,50.0,0.6942,0.751,5.53,6.0,1.0443,0.7237,R,L,NRFI,PASS,0,0,0,2026-05-27T23:53:07+00:00,-110,-120,DraftKings,2026-05-28T03:59:17+00:00,0.5238,0.5455,-0.0466,-0.0227,0.0374,N,1,,-110,-120,2026-05-27T23:39:23+00:00,0,,,,,,,,,,
2026-05-27,2026,824756,1,N,ATL,BOS,6:45 PM ET,Bryce Elder,Connelly Early,693821,813349,live,ltd,live,live,1.05,0.5844,0.4702,1.0546,0.3103,0.3778,0.6881,0.4795,0.5205,0.2843,0.7157,,,PASS,NO EDGE,PASS - No edge,4,2026-05-27T22:03:29Z,3.201,3.687,1.138,1.22,3.785,4.417,2.83,3.07,0.93,1.38,7.78,8.51,0.322,0.315,0.427,0.379,5.093,3.934,28.8,14.7,30.0,0.0,0.4,1.0,0.6,0.8,0.3217,0.336,0.412,0.4411,0.1585,0.1857,lineup,lineup,"[{""id"": 680776, ""name"": ""Jarren Duran"", ""bats"": ""L"", ""obp"": 0.2688679245283019, ""slg"": 0.3645833333333333, ""iso"": 0.16666666666666666, ""ab"": 192}, {""id"": 678882, ""name"": ""Ceddanne Rafaela"", ""bats"": ""R"", ""obp"": 0.34375, ""slg"": 0.4367816091954023, ""iso"": 0.16091954022988508, ""ab"": 174}, {""id"": 677800, ""name"": ""Wilyer Abreu"", ""bats"": ""L"", ""obp"": 0.35267857142857145, ""slg"": 0.43564356435643564, ""iso"": 0.14851485148514854, ""ab"": 202}]","[{""id"": 660670, ""name"": ""Ronald Acu\u00f1a Jr."", ""bats"": ""R"", ""obp"": 0.3532608695652174, ""slg"": 0.35064935064935066, ""iso"": 0.1103896103896104, ""ab"": 154}, {""id"": 643289, ""name"": ""Mauricio Dub\u00f3n"", ""bats"": ""R"", ""obp"": 0.3125, ""slg"": 0.38860103626943004, ""iso"": 0.1295336787564767, ""ab"": 193}, {""id"": 621566, ""name"": ""Matt Olson"", ""bats"": ""L"", ""obp"": 0.34297520661157027, ""slg"": 0.5539906103286385, ""iso"": 0.29107981220657275, ""ab"": 213}]","[{""name"": ""away_top3_ops_vs_oppHand"", ""value"": 0.693, ""contribution"": -0.0757}, {""name"": ""era_gap_t1"", ""value"": 0.4864, ""contribution"": 0.0533}, {""name"": ""away_top3c_iso"", ""value"": 0.1857, ""contribution"": 0.0509}, {""name"": ""fi_park_nrfi_rate"", ""value"": 0.5121, ""contribution"": -0.0494}, {""name"": ""home_fip"", ""value"": 4.4172, ""contribution"": 0.0492}]","[{""name"": ""home_top3c_slg"", ""value"": 0.412, ""contribution"": 0.1766}, {""name"": ""away_whiff_pct_rank"", ""value"": 24.0, ""contribution"": 0.1117}, {""name"": ""home_top3c_iso"", ""value"": 0.1585, ""contribution"": -0.0971}, {""name"": ""fi_park_nrfi_rate"", ""value"": 0.5121, ""contribution"": -0.076}, {""name"": ""home_top3_ops_vs_oppHand"", ""value"": 0.701, ""contribution"": -0.0748}]",490319,0.5366,3.778,4.332,82.0,24.0,0.7136,0.6796,5.8,6.33,0.693,0.701,R,L,NRFI,PASS,0,0,0,2026-05-27T23:01:37+00:00,-120,-110,DraftKings,2026-05-28T03:59:17+00:00,0.5455,0.5238,-0.066,-0.0033,,N,,,-120,-110,2026-05-27T22:40:36+00:00,,,,,,,,,,,
2026-05-27,2026,822809,1,N,MIA,TOR,1:07 PM ET,Eury Pérez,Kevin Gausman,691587,592332,live,live,live,live,1.01,0.365,0.5548,0.9198,0.2108,0.3866,0.5974,0.5511,0.4489,0.2348,0.7652,,,NRFI,LEAN,LEAN NRFI,4,2026-05-27T15:43:29Z,4.634,3.368,1.216,1.054,4.481,3.185,3.79,1.76,1.48,0.9,9.72,8.67,0.318,0.31,0.383,0.383,4.331,4.164,,,,1.0,0.6,0.4,0.8,0.5,0.3612,0.3634,0.3916,0.4725,0.1119,0.1686,lineup,lineup,"[{""id"": 664770, ""name"": ""Nathan Lukes"", ""bats"": ""L"", ""obp"": 0.32786885245901637, ""slg"": 0.35714285714285715, ""iso"": 0.07142857142857145, ""ab"": 56}, {""id"": 665489, ""name"": ""Vladimir Guerrero Jr."", ""bats"": ""R"", ""obp"": 0.38565022421524664, ""slg"": 0.3723404255319149, ""iso"": 0.08510638297872336, ""ab"": 188}, {""id"": 662139, ""name"": ""Daulton Varsho"", ""bats"": ""L"", ""obp"": 0.3446601941747573, ""slg"": 0.42162162162162165, ""iso"": 0.15135135135135136, ""ab"": 185}]","[{""id"": 669364, ""name"": ""Xavier Edwards"", ""bats"": ""S"", ""obp"": 0.3855932203389831, ""slg"": 0.4688995215311005, ""iso"": 0.1626794258373206, ""ab"": 209}, {""id"": 689414, ""name"": ""Liam Hicks"", ""bats"": ""L"", ""obp"": 0.34, ""slg"": 0.48, ""iso"": 0.2114285714285714, ""ab"": 175}, {""id"": 672640, ""name"": ""Otto Lopez"", ""bats"": ""R"", ""obp"": 0.36086956521739133, ""slg"": 0.4697674418604651, ""iso"": 0.1395348837209302, ""ab"": 215}]","[{""name"": ""away_top3c_slg"", ""value"": 0.4725, ""contribution"": -0.163}, {""name"": ""era_gap_t1"", ""value"": -1.2659, ""contribution"": -0.1365}, {""name"": ""home_fip"", ""value"": 3.1851, ""contribution"": -0.0891}, {""name"": ""away_top3c_iso"", ""value"": 0.1686, ""contribution"": -0.0696}, {""name"": ""home_xera"", ""value"": 3.5212, ""contribution"": -0.0609}]","[{""name"": ""home_top3c_iso"", ""value"": 0.1119, ""contribution"": -0.3169}, {""name"": ""home_top3c_slg"", ""value"": 0.3916, ""contribution"": 0.303}, {""name"": ""era_gap_b1"", ""value"": 1.2659, ""contribution"": 0.0857}, {""name"": ""away_whiff_pct_rank"", ""value"": 68.0, ""contribution"": -0.0782}, {""name"": ""wx_is_dome"", ""value"": 1.0, ""contribution"": -0.0758}]",658536,0.5084,3.521,3.511,81.0,68.0,0.7396,0.7396,5.8,5.47,0.7983,0.73,R,R,YRFI,LOSS,1,0,1,2026-05-27T17:32:28+00:00,-140,+110,DraftKings,2026-05-27T17:59:46+00:00,0.5833,0.4762,-0.0322,-0.0273,-0.0322,N,0.5,0,-140,+110,2026-05-27T16:03:15+00:00,0,0.5651,NRFI,STRONG,,,,,,,
2026-05-27,2026,823217,1,N,ARI,SF,3:45 PM ET,Michael Soroka,Trevor McDonald,647336,686790,live,sm,live,live,0.94,0.4169,0.3926,0.8095,0.3548,0.3249,0.6796,0.49,0.51,0.1946,0.8054,,,PASS,NO EDGE,PASS - No edge,4,2026-05-27T19:17:19Z,3.76,4.381,1.212,1.171,3.307,3.77,2.56,2.46,0.89,1.07,9.35,8.67,0.315,0.299,0.406,0.394,4.63,3.85,17.1,24.5,64.0,0.0,0.8,0.6,0.8333,0.7,0.3242,0.3521,0.4632,0.4611,0.1806,0.1961,lineup,lineup,"[{""id"": 642715, ""name"": ""Willy Adames"", ""bats"": ""R"", ""obp"": 0.2782608695652174, ""slg"": 0.41284403669724773, ""iso"": 0.1743119266055046, ""ab"": 218}, {""id"": 650333, ""name"": ""Luis Arraez"", ""bats"": ""L"", ""obp"": 0.35909090909090907, ""slg"": 0.42574257425742573, ""iso"": 0.1089108910891089, ""ab"": 202}, {""id"": 669477, ""name"": ""Casey Schmitt"", ""bats"": ""R"", ""obp"": 0.3385416666666667, ""slg"": 0.5674157303370787, ""iso"": 0.26966292134831465, ""ab"": 178}]","[{""id"": 606466, ""name"": ""Ketel Marte"", ""bats"": ""S"", ""obp"": 0.32432432432432434, ""slg"": 0.47804878048780486, ""iso"": 0.20487804878048776, ""ab"": 205}, {""id"": 682998, ""name"": ""Corbin Carroll"", ""bats"": ""L"", ""obp"": 0.39908256880733944, ""slg"": 0.5652173913043478, ""iso"": 0.2663043478260869, ""ab"": 184}, {""id"": 672695, ""name"": ""Geraldo Perdomo"", ""bats"": ""S"", ""obp"": 0.3333333333333333, ""slg"": 0.3333333333333333, ""iso"": 0.11299435028248586, ""ab"": 177}]","[{""name"": ""away_top3c_iso"", ""value"": 0.1961, ""contribution"": 0.1241}, {""name"": ""away_top3c_slg"", ""value"": 0.4611, ""contribution"": -0.1057}, {""name"": ""era_gap_t1"", ""value"": 0.6203, ""contribution"": 0.0678}, {""name"": ""wx_wind_kmh"", ""value"": 24.5, ""contribution"": 0.0579}, {""name"": ""home_p_last10_pitcher_nrfi"", ""value"": 0.8333, ""contribution"": 0.0456}]","[{""name"": ""home_top3c_slg"", ""value"": 0.4632, ""contribution"": -0.1417}, {""name"": ""wx_wind_kmh"", ""value"": 24.5, ""contribution"": 0.1369}, {""name"": ""home_obp"", ""value"": 0.2995, ""contribution"": -0.1001}, {""name"": ""away_whiff_pct_rank"", ""value"": 29.0, ""contribution"": 0.0902}, {""name"": ""away_fip"", ""value"": 3.307, ""contribution"": -0.0728}]",482666,0.522,4.2,3.598,50.0,29.0,0.7136,0.7272,5.93,5.47,0.7657,0.807,R,R,NRFI,PASS,0,0,0,2026-05-27T19:56:02+00:00,-135,+105,DraftKings,2026-05-27T20:09:59+00:00,0.5745,0.4878,-0.0845,0.0222,,N,,,-135,+105,2026-05-27T19:43:02+00:00,,0.4585,PASS,NO EDGE,,,,,,,
2026-05-27,2026,824270,1,N,LAA,DET,6:40 PM ET,José Soriano,Casey Mize,667755,663554,live,live,live,live,0.98,0.3624,0.4461,0.8085,0.3643,0.3485,0.7128,0.4779,0.5221,0.1943,0.8057,,,PASS,NO EDGE,PASS - No edge,4,2026-05-27T22:03:29Z,3.126,3.143,1.194,1.119,3.403,3.238,3.86,2.24,0.67,0.83,9.33,8.69,0.314,0.315,0.389,0.378,4.207,4.007,24.4,17.3,49.0,0.0,1.0,0.4,1.0,0.6,0.349,0.3561,0.416,0.4412,0.1469,0.2078,lineup,lineup,"[{""id"": 690993, ""name"": ""Colt Keith"", ""bats"": ""L"", ""obp"": 0.3270440251572327, ""slg"": 0.35570469798657717, ""iso"": 0.0671140939597315, ""ab"": 149}, {""id"": 805808, ""name"": ""Kevin McGonigle"", ""bats"": ""L"", ""obp"": 0.3948497854077253, ""slg"": 0.4271356783919598, ""iso"": 0.13567839195979903, ""ab"": 199}, {""id"": 693307, ""name"": ""Dillon Dingler"", ""bats"": ""R"", ""obp"": 0.31313131313131315, ""slg"": 0.45454545454545453, ""iso"": 0.22727272727272727, ""ab"": 176}]","[{""id"": 687263, ""name"": ""Zach Neto"", ""bats"": ""R"", ""obp"": 0.3412698412698413, ""slg"": 0.4372093023255814, ""iso"": 0.2046511627906977, ""ab"": 215}, {""id"": 545361, ""name"": ""Mike Trout"", ""bats"": ""R"", ""obp"": 0.3950617283950617, ""slg"": 0.4791666666666667, ""iso"": 0.24479166666666669, ""ab"": 192}, {""id"": 687093, ""name"": ""Vaughn Grissom"", ""bats"": ""R"", ""obp"": 0.3076923076923077, ""slg"": 0.3786407766990291, ""iso"": 0.14563106796116504, ""ab"": 103}]","[{""name"": ""away_top3c_iso"", ""value"": 0.2078, ""contribution"": 0.2067}, {""name"": ""fi_park_nrfi_rate"", ""value"": 0.5322, ""contribution"": -0.1188}, {""name"": ""home_p_last10_pitcher_nrfi"", ""value"": 1.0, ""contribution"": 0.1107}, {""name"": ""home_fip"", ""value"": 3.2378, ""contribution"": -0.0832}, {""name"": ""home_xera"", ""value"": 3.4275, ""contribution"": -0.0705}]","[{""name"": ""fi_park_nrfi_rate"", ""value"": 0.5322, ""contribution"": -0.1826}, {""name"": ""home_top3c_iso"", ""value"": 0.1469, ""contribution"": -0.1514}, {""name"": ""home_top3c_slg"", ""value"": 0.416, ""contribution"": 0.1513}, {""name"": ""away_whiff_pct_rank"", ""value"": 71.0, ""contribution"": -0.0911}, {""name"": ""away_fip"", ""value"": 3.403, ""contribution"": -0.0625}]",639723,0.548,3.428,3.855,53.0,71.0,0.751,0.7136,5.53,5.73,0.791,0.788,R,R,YRFI,PASS,0,1,1,2026-05-27T22:55:46+00:00,-145,+110,DraftKings,2026-05-28T03:59:17+00:00,0.5918,0.4762,-0.1139,0.0459,,N,,,-145,+110,2026-05-27T22:34:43+00:00,,,,,,,,,,,
2026-05-27,2026,823295,1,N,PHI,SD,4:10 PM ET,Cristopher Sánchez,Walker Buehler,650911,621111,live,live,live,live,0.95,0.5058,0.2899,0.7957,0.5948,0.1389,0.7337,0.4772,0.5228,0.1897,0.8103,,,PASS,NO EDGE,PASS - No edge,4,2026-05-27T19:17:19Z,1.934,5.001,1.118,1.455,2.232,4.565,1.98,3.92,0.43,1.15,10.27,7.36,0.302,0.297,0.391,0.373,4.107,4.08,18.5,15.3,62.0,0.0,0.6,0.8,0.8,0.8,0.3256,0.3314,0.4124,0.4894,0.1514,0.2472,lineup,lineup,"[{""id"": 665487, ""name"": ""Fernando Tatis Jr."", ""bats"": ""R"", ""obp"": 0.336283185840708, ""slg"": 0.29591836734693877, ""iso"": 0.040816326530612235, ""ab"": 196}, {""id"": 609280, ""name"": ""Miguel Andujar"", ""bats"": ""R"", ""obp"": 0.3006134969325153, ""slg"": 0.4713375796178344, ""iso"": 0.19745222929936307, ""ab"": 157}, {""id"": 657757, ""name"": ""Gavin Sheets"", ""bats"": ""L"", ""obp"": 0.33532934131736525, ""slg"": 0.5033557046979866, ""iso"": 0.24832214765100674, ""ab"": 149}]","[{""id"": 656941, ""name"": ""Kyle Schwarber"", ""bats"": ""L"", ""obp"": 0.3504273504273504, ""slg"": 0.6060606060606061, ""iso"": 0.37373737373737376, ""ab"": 198}, {""id"": 607208, ""name"": ""Trea Turner"", ""bats"": ""R"", ""obp"": 0.2791666666666667, ""slg"": 0.34684684684684686, ""iso"": 0.12162162162162163, ""ab"": 222}, {""id"": 547180, ""name"": ""Bryce Harper"", ""bats"": ""L"", ""obp"": 0.36681222707423583, ""slg"": 0.5333333333333333, ""iso"": 0.26153846153846155, ""ab"": 195}]","[{""name"": ""away_top3c_iso"", ""value"": 0.2472, ""contribution"": 0.4836}, {""name"": ""era_gap_t1"", ""value"": 3.0674, ""contribution"": 0.3327}, {""name"": ""away_top3c_slg"", ""value"": 0.4894, ""contribution"": -0.249}, {""name"": ""fi_park_nrfi_rate"", ""value"": 0.5409, ""contribution"": -0.149}, {""name"": ""home_xera"", ""value"": 5.2493, ""contribution"": 0.1162}]","[{""name"": ""fi_park_nrfi_rate"", ""value"": 0.5409, ""contribution"": -0.229}, {""name"": ""era_gap_b1"", ""value"": -3.0674, ""contribution"": -0.2091}, {""name"": ""away_whiff_pct_rank"", ""value"": 95.0, ""contribution"": -0.1947}, {""name"": ""away_fip"", ""value"": 2.2315, ""contribution"": -0.1877}, {""name"": ""home_top3c_slg"", ""value"": 0.4124, ""contribution"": 0.1742}]",665299,0.5084,5.249,2.881,15.0,95.0,0.7396,0.7396,5.2,7.73,0.871,0.6363,L,R,NRFI,PASS,0,0,0,2026-05-27T20:23:19+00:00,-140,+105,DraftKings,2026-05-27T20:09:59+00:00,0.5833,0.4878,-0.1061,0.035,,N,,,-140,+105,2026-05-27T20:09:59+00:00,,0.4877,PASS,NO EDGE,,,,,,,
2026-05-27,2026,824836,1,N,TB,BAL,6:35 PM ET,Steven Matz,Trey Gibson,571927,694346,live,sm,live,live,1.06,0.5901,0.5244,1.1145,0.2544,0.4526,0.707,0.4787,0.5213,0.3063,0.6937,,,PASS,NO EDGE,PASS - No edge,4,2026-05-27T22:03:29Z,3.585,4.335,1.133,1.292,4.18,4.628,2.6,3.12,1.18,1.44,7.42,8.35,0.329,0.314,0.392,0.39,4.649,4.436,25.2,8.2,80.0,0.0,0.0,0.6,0.0,0.6,0.3313,0.3536,0.4096,0.4363,0.172,0.1562,lineup,lineup,"[{""id"": 621493, ""name"": ""Taylor Ward"", ""bats"": ""R"", ""obp"": 0.3967611336032389, ""slg"": 0.35714285714285715, ""iso"": 0.10714285714285715, ""ab"": 196}, {""id"": 683002, ""name"": ""Gunnar Henderson"", ""bats"": ""L"", ""obp"": 0.2701612903225806, ""slg"": 0.41304347826086957, ""iso"": 0.1956521739130435, ""ab"": 230}, {""id"": 668939, ""name"": ""Adley Rutschman"", ""bats"": ""S"", ""obp"": 0.3246753246753247, ""slg"": 0.4782608695652174, ""iso"": 0.2246376811594203, ""ab"": 138}]","[{""id"": 802415, ""name"": ""Chandler Simpson"", ""bats"": ""L"", ""obp"": 0.32558139534883723, ""slg"": 0.35467980295566504, ""iso"": 0.05911330049261082, ""ab"": 203}, {""id"": 691406, ""name"": ""Junior Caminero"", ""bats"": ""R"", ""obp"": 0.35807860262008734, ""slg"": 0.48743718592964824, ""iso"": 0.22110552763819097, ""ab"": 199}, {""id"": 666018, ""name"": ""Jonathan Aranda"", ""bats"": ""L"", ""obp"": 0.37610619469026546, ""slg"": 0.47058823529411764, ""iso"": 0.1925133689839572, ""ab"": 187}]","[{""name"": ""home_p_last10_pitcher_nrfi"", ""value"": 0.0, ""contribution"": -0.2798}, {""name"": ""away_top3c_iso"", ""value"": 0.1562, ""contribution"": -0.157}, {""name"": ""era_gap_t1"", ""value"": 0.7504, ""contribution"": 0.0819}, {""name"": ""fi_park_nrfi_rate"", ""value"": 0.519, ""contribution"": -0.0733}, {""name"": ""home_fip"", ""value"": 4.6283, ""contribution"": 0.0729}]","[{""name"": ""home_top3c_slg"", ""value"": 0.4096, ""contribution"": 0.1914}, {""name"": ""away_whiff_pct_rank"", ""value"": 7.0, ""contribution"": 0.1851}, {""name"": ""fi_park_nrfi_rate"", ""value"": 0.519, ""contribution"": -0.1127}, {""name"": ""era_gap_b1"", ""value"": -0.7504, ""contribution"": -0.0514}, {""name"": ""away_p_last10_pitcher_nrfi"", ""value"": 0.6, ""contribution"": 0.0384}]",427013,0.504,4.2,3.621,50.0,7.0,0.7136,0.7272,4.67,5.07,0.817,0.7717,L,R,YRFI,PASS,0,5,5,2026-05-27T23:02:22+00:00,+105,-140,DraftKings,2026-05-28T03:59:17+00:00,0.4878,0.5833,-0.0091,-0.062,,N,,,+105,-140,2026-05-27T22:34:43+00:00,,,,,,,,,,,
2026-05-27,2026,823783,1,N,STL,MIL,1:40 PM ET,Dustin May,Chad Patrick,669160,694477,live,live,live,live,1.03,0.473,0.5852,1.0581,0.2091,0.4011,0.6102,0.5488,0.4512,0.2856,0.7144,,,NRFI,LEAN,LEAN NRFI,4,2026-05-27T15:43:29Z,4.986,3.077,1.427,1.239,4.199,3.612,3.25,3.38,1.09,0.71,7.59,7.95,0.318,0.331,0.389,0.377,4.434,4.843,,,,1.0,0.8,0.6,0.8,0.5,0.3745,0.3662,0.4602,0.4243,0.179,0.1631,lineup,lineup,"[{""id"": 592885, ""name"": ""Christian Yelich"", ""bats"": ""L"", ""obp"": 0.3402061855670103, ""slg"": 0.4943820224719101, ""iso"": 0.2134831460674157, ""ab"": 89}, {""id"": 694192, ""name"": ""Jackson Chourio"", ""bats"": ""R"", ""obp"": 0.32954545454545453, ""slg"": 0.4024390243902439, ""iso"": 0.12195121951219512, ""ab"": 82}, {""id"": 668930, ""name"": ""Brice Turang"", ""bats"": ""L"", ""obp"": 0.4072398190045249, ""slg"": 0.4696132596685083, ""iso"": 0.18784530386740333, ""ab"": 181}]","[{""id"": 802139, ""name"": ""JJ Wetherholt"", ""bats"": ""L"", ""obp"": 0.35269709543568467, ""slg"": 0.39303482587064675, ""iso"": 0.15920398009950248, ""ab"": 201}, {""id"": 671056, ""name"": ""Iv\u00e1n Herrera"", ""bats"": ""R"", ""obp"": 0.3884297520661157, ""slg"": 0.42424242424242425, ""iso"": 0.1616161616161616, ""ab"": 198}, {""id"": 676475, ""name"": ""Alec Burleson"", ""bats"": ""L"", ""obp"": 0.3568281938325991, ""slg"": 0.45544554455445546, ""iso"": 0.16831683168316836, ""ab"": 202}]","[{""name"": ""fi_park_nrfi_rate"", ""value"": 0.5899, ""contribution"": -0.3182}, {""name"": ""era_gap_t1"", ""value"": -1.9094, ""contribution"": -0.2061}, {""name"": ""away_top3c_iso"", ""value"": 0.1631, ""contribution"": -0.1087}, {""name"": ""away_top3c_slg"", ""value"": 0.4243, ""contribution"": 0.0809}, {""name"": ""away_top3_ops_vs_oppHand"", ""value"": 0.8393, ""contribution"": 0.0735}]","[{""name"": ""fi_park_nrfi_rate"", ""value"": 0.5899, ""contribution"": -0.4892}, {""name"": ""away_whiff_pct_rank"", ""value"": 10.0, ""contribution"": 0.1721}, {""name"": ""era_gap_b1"", ""value"": 1.9094, ""contribution"": 0.1295}, {""name"": ""home_top3_ops_vs_oppHand"", ""value"": 0.8707, ""contribution"": 0.1283}, {""name"": ""home_top3c_slg"", ""value"": 0.4602, ""contribution"": -0.1232}]",429805,0.5769,3.762,4.796,38.0,10.0,0.7272,0.7136,4.87,5.87,0.8393,0.8707,R,R,NRFI,WIN,0,0,0,2026-05-27T17:53:13+00:00,-110,-120,DraftKings,2026-05-27T17:59:46+00:00,0.5238,0.5455,0.025,-0.0943,0.025,N,0.5,0,-115,-115,2026-05-27T16:36:17+00:00,-0.0111,0.4877,PASS,NO EDGE,,,,,,,
2026-05-28,2026,824595,1,N,MIN,CWS,2:10 PM ET,Kendry Rojas,Davis Martin,696070,663436,sm,live,live,live,0.98,0.3763,0.5343,0.9107,0.3825,0.5955,0.978,0.3813,0.6187,0.2314,0.7686,,,YRFI,STRONG,STRONG YRFI,4,2026-05-28T17:00:53Z,3.412,2.854,1.315,1.127,3.962,3.212,3.83,2.27,0.89,0.77,8.8,8.47,0.318,0.323,0.39,0.404,4.556,4.621,17.0,18.0,71.0,0.0,0.8,1.0,0.8,1.0,0.3624,0.3327,0.4761,0.469,0.227,0.2093,lineup,lineup,"[{""id"": 803011, ""name"": ""Sam Antonacci"", ""bats"": ""L"", ""obp"": 0.3888888888888889, ""slg"": 0.38524590163934425, ""iso"": 0.09836065573770492, ""ab"": 122}, {""id"": 808959, ""name"": ""Munetaka Murakami"", ""bats"": ""L"", ""obp"": 0.375, ""slg"": 0.5612244897959183, ""iso"": 0.3214285714285714, ""ab"": 196}, {""id"": 678246, ""name"": ""Miguel Vargas"", ""bats"": ""R"", ""obp"": 0.3659574468085106, ""slg"": 0.4739583333333333, ""iso"": 0.23958333333333331, ""ab"": 192}]","[{""id"": 621439, ""name"": ""Byron Buxton"", ""bats"": ""R"", ""obp"": 0.3194444444444444, ""slg"": 0.5786802030456852, ""iso"": 0.31979695431472077, ""ab"": 197}, {""id"": 686797, ""name"": ""Brooks Lee"", ""bats"": ""S"", ""obp"": 0.3103448275862069, ""slg"": 0.4095744680851064, ""iso"": 0.1542553191489362, ""ab"": 188}, {""id"": 663616, ""name"": ""Trevor Larnach"", ""bats"": ""L"", ""obp"": 0.38064516129032255, ""slg"": 0.3893129770992366, ""iso"": 0.12213740458015265, ""ab"": 131}]","[{""name"": ""away_top3c_iso"", ""value"": 0.2093, ""contribution"": 0.217}, {""name"": ""away_top3c_slg"", ""value"": 0.469, ""contribution"": -0.1455}, {""name"": ""away_top3_ops_vs_oppHand"", ""value"": 0.852, ""contribution"": 0.0864}, {""name"": ""home_fip"", ""value"": 3.2116, ""contribution"": -0.0861}, {""name"": ""fi_park_nrfi_rate"", ""value"": 0.473, ""contribution"": 0.0859}]","[{""name"": ""home_top3_ops_vs_oppHand"", ""value"": 1.0103, ""contribution"": 0.2955}, {""name"": ""home_top3c_iso"", ""value"": 0.227, ""contribution"": 0.2264}, {""name"": ""home_top3c_slg"", ""value"": 0.4761, ""contribution"": -0.2219}, {""name"": ""fi_park_nrfi_rate"", ""value"": 0.473, ""contribution"": 0.1321}, {""name"": ""away_p_last10_pitcher_nrfi"", ""value"": 1.0, ""contribution"": -0.0929}]",605672,0.5283,4.871,4.2,29.0,50.0,0.7075,0.7136,6.07,4.0,0.852,1.0103,L,R,YRFI,WIN,0,1,1,2026-05-28T18:24:26+00:00,-140,+105,DraftKings,2026-05-28T17:10:31+00:00,0.5833,0.4878,-0.202,0.1309,0.1309,Y,1,1.05,-140,+105,2026-05-28T17:05:00+00:00,0,0.4078,YRFI,STRONG,,,,,,,
2026-05-28,2026,822896,1,N,HOU,TEX,8:05 PM ET,Spencer Arrighetti,Nathan Eovaldi,681293,543135,ltd,live,live,live,1.07,0.4574,0.5516,1.009,0.2197,0.2565,0.4762,0.6509,0.3491,0.2675,0.7325,,,NRFI,STRONG,STRONG NRFI,4,2026-05-28T23:02:17Z,2.898,2.891,1.253,1.025,3.97,3.655,4.54,1.82,0.76,1.25,8.65,8.95,0.321,0.314,0.411,0.381,4.451,4.021,,,,1.0,0.6,1.0,0.5,0.8,0.3621,0.3673,0.4025,0.4892,0.1407,0.2177,lineup,lineup,"[{""id"": 679822, ""name"": ""Justin Foscue"", ""bats"": ""R"", ""obp"": 0.3103448275862069, ""slg"": 0.4339622641509434, ""iso"": 0.169811320754717, ""ab"": 53}, {""id"": 664059, ""name"": ""Sam Haggerty"", ""bats"": ""S"", ""obp"": 0.20454545454545456, ""slg"": 0.17073170731707318, ""iso"": 0.024390243902439046, ""ab"": 41}, {""id"": 607043, ""name"": ""Brandon Nimmo"", ""bats"": ""L"", ""obp"": 0.34763948497854075, ""slg"": 0.4223300970873786, ""iso"": 0.1553398058252427, ""ab"": 206}]","[{""id"": 665161, ""name"": ""Jeremy Pe\u00f1a"", ""bats"": ""R"", ""obp"": 0.3023255813953488, ""slg"": 0.3333333333333333, ""iso"": 0.08974358974358973, ""ab"": 78}, {""id"": 670541, ""name"": ""Yordan Alvarez"", ""bats"": ""L"", ""obp"": 0.42213114754098363, ""slg"": 0.6633663366336634, ""iso"": 0.3514851485148515, ""ab"": 202}, {""id"": 670623, ""name"": ""Isaac Paredes"", ""bats"": ""R"", ""obp"": 0.33014354066985646, ""slg"": 0.3641304347826087, ""iso"": 0.125, ""ab"": 184}]","[{""name"": ""away_top3c_iso"", ""value"": 0.2177, ""contribution"": 0.276}, {""name"": ""away_top3c_slg"", ""value"": 0.4892, ""contribution"": -0.2479}, {""name"": ""fi_park_nrfi_rate"", ""value"": 0.5398, ""contribution"": -0.1451}, {""name"": ""home_xera"", ""value"": 3.2112, ""contribution"": -0.0926}, {""name"": ""home_p_last10_pitcher_nrfi"", ""value"": 0.5, ""contribution"": -0.0846}]","[{""name"": ""home_top3c_slg"", ""value"": 0.4025, ""contribution"": 0.2356}, {""name"": ""fi_park_nrfi_rate"", ""value"": 0.5398, ""contribution"": -0.2231}, {""name"": ""home_top3c_iso"", ""value"": 0.1407, ""contribution"": -0.1807}, {""name"": ""away_whiff_pct_rank"", ""value"": 68.0, ""contribution"": -0.0782}, {""name"": ""home_top3c_obp"", ""value"": 0.3621, ""contribution"": 0.0765}]",594151,0.4534,3.211,5.475,84.0,68.0,0.6883,0.6796,7.0,6.0,0.753,0.7517,R,R,YRFI,LOSS,3,0,3,2026-05-29T00:30:46+00:00,-135,+105,DraftKings,2026-05-28T23:08:23+00:00,0.5745,0.4878,0.0764,-0.1387,0.0764,Y,1,-1,-135,+105,2026-05-28T23:04:32+00:00,0,0.6492,NRFI,STRONG,,,,,,,
2026-05-28,2026,824757,1,N,ATL,BOS,4:10 PM ET,Chris Sale,Payton Tolle,519242,801139,live,ltd,live,live,1.05,0.4694,0.3606,0.83,0.2734,0.2875,0.5609,0.559,0.441,0.202,0.798,,,NRFI,LEAN,LEAN NRFI,4,2026-05-28T19:02:11Z,2.161,3.353,0.948,1.051,2.71,3.566,2.14,2.6,0.84,0.99,11.0,9.2,0.322,0.317,0.424,0.38,5.021,3.993,20.3,17.5,36.0,0.0,0.6,0.8,0.5556,0.8,0.3266,0.3344,0.4202,0.4351,0.1595,0.1825,lineup,lineup,"[{""id"": 680776, ""name"": ""Jarren Duran"", ""bats"": ""L"", ""obp"": 0.28110599078341014, ""slg"": 0.39086294416243655, ""iso"": 0.17766497461928935, ""ab"": 197}, {""id"": 678882, ""name"": ""Ceddanne Rafaela"", ""bats"": ""R"", ""obp"": 0.350253807106599, ""slg"": 0.441340782122905, ""iso"": 0.1564245810055866, ""ab"": 179}, {""id"": 677800, ""name"": ""Wilyer Abreu"", ""bats"": ""L"", ""obp"": 0.34934497816593885, ""slg"": 0.42995169082125606, ""iso"": 0.1449275362318841, ""ab"": 207}]","[{""id"": 660670, ""name"": ""Ronald Acu\u00f1a Jr."", ""bats"": ""R"", ""obp"": 0.35106382978723405, ""slg"": 0.34394904458598724, ""iso"": 0.10828025477707004, ""ab"": 157}, {""id"": 643289, ""name"": ""Mauricio Dub\u00f3n"", ""bats"": ""R"", ""obp"": 0.3113207547169811, ""slg"": 0.38578680203045684, ""iso"": 0.12690355329949238, ""ab"": 197}, {""id"": 621566, ""name"": ""Matt Olson"", ""bats"": ""L"", ""obp"": 0.34146341463414637, ""slg"": 0.5462962962962963, ""iso"": 0.28703703703703703, ""ab"": 216}]","[{""name"": ""era_gap_t1"", ""value"": 1.1923, ""contribution"": 0.1297}, {""name"": ""away_top3_ops_vs_oppHand"", ""value"": 0.6747, ""contribution"": -0.0943}, {""name"": ""home_xera"", ""value"": 3.3267, ""contribution"": -0.0808}, {""name"": ""home_p_last10_pitcher_nrfi"", ""value"": 0.5556, ""contribution"": -0.0629}, {""name"": ""fi_park_nrfi_rate"", ""value"": 0.5121, ""contribution"": -0.0494}]","[{""name"": ""away_whiff_pct_rank"", ""value"": 85.0, ""contribution"": -0.1515}, {""name"": ""away_fip"", ""value"": 2.7097, ""contribution"": -0.1366}, {""name"": ""home_top3c_slg"", ""value"": 0.4202, ""contribution"": 0.1252}, {""name"": ""home_top3c_iso"", ""value"": 0.1595, ""contribution"": -0.092}, {""name"": ""era_gap_b1"", ""value"": -1.1923, ""contribution"": -0.0815}]",691042,0.5084,3.327,2.52,100.0,85.0,0.7136,0.7396,6.13,6.6,0.6747,0.8277,L,L,NRFI,WIN,0,0,0,2026-05-28T20:27:40+00:00,-180,+140,DraftKings,2026-05-28T20:19:35+00:00,0.6429,0.4167,-0.0839,0.0243,-0.0839,N,0.5,0,-170,+130,2026-05-28T19:09:50+00:00,0.0132,0.6370,NRFI,STRONG,,,,,,,
2026-05-28,2026,824272,1,N,LAA,DET,1:10 PM ET,Grayson Rodriguez,Jack Flaherty,680570,656427,sm,live,live,live,0.98,0.5647,0.5274,1.0921,0.3742,0.3211,0.6952,0.4795,0.5205,0.2981,0.7019,,,PASS,NO EDGE,PASS - No edge,4,2026-05-28T17:00:53Z,5.364,5.342,1.423,1.485,4.261,4.447,3.49,4.52,1.17,1.42,8.78,10.52,0.312,0.317,0.385,0.379,4.148,4.007,20.1,15.9,37.0,0.0,0.6,1.0,0.7,1.0,0.356,0.3541,0.4221,0.4335,0.1463,0.2042,lineup,lineup,"[{""id"": 690993, ""name"": ""Colt Keith"", ""bats"": ""L"", ""obp"": 0.3333333333333333, ""slg"": 0.3618421052631579, ""iso"": 0.06578947368421056, ""ab"": 152}, {""id"": 805808, ""name"": ""Kevin McGonigle"", ""bats"": ""L"", ""obp"": 0.4008438818565401, ""slg"": 0.4306930693069307, ""iso"": 0.13366336633663367, ""ab"": 202}, {""id"": 693307, ""name"": ""Dillon Dingler"", ""bats"": ""R"", ""obp"": 0.3217821782178218, ""slg"": 0.46368715083798884, ""iso"": 0.22905027932960895, ""ab"": 179}]","[{""id"": 687263, ""name"": ""Zach Neto"", ""bats"": ""R"", ""obp"": 0.3359375, ""slg"": 0.4292237442922374, ""iso"": 0.2009132420091324, ""ab"": 219}, {""id"": 545361, ""name"": ""Mike Trout"", ""bats"": ""R"", ""obp"": 0.3967611336032389, ""slg"": 0.4742268041237113, ""iso"": 0.24226804123711337, ""ab"": 194}, {""id"": 687093, ""name"": ""Vaughn Grissom"", ""bats"": ""R"", ""obp"": 0.30578512396694213, ""slg"": 0.36792452830188677, ""iso"": 0.14150943396226412, ""ab"": 106}]","[{""name"": ""away_top3c_iso"", ""value"": 0.2042, ""contribution"": 0.1814}, {""name"": ""fi_park_nrfi_rate"", ""value"": 0.5322, ""contribution"": -0.1188}, {""name"": ""home_fip"", ""value"": 4.4466, ""contribution"": 0.0525}, {""name"": ""away_top3c_slg"", ""value"": 0.4335, ""contribution"": 0.0342}, {""name"": ""home_avg_ip_per_start"", ""value"": 4.3333, ""contribution"": 0.0275}]","[{""name"": ""fi_park_nrfi_rate"", ""value"": 0.5322, ""contribution"": -0.1826}, {""name"": ""home_top3c_iso"", ""value"": 0.1463, ""contribution"": -0.1542}, {""name"": ""home_top3c_slg"", ""value"": 0.4221, ""contribution"": 0.1134}, {""name"": ""away_p_last10_pitcher_nrfi"", ""value"": 1.0, ""contribution"": -0.0929}, {""name"": ""home_plate_ump_nrfi_rate"", ""value"": 0.4391, ""contribution"": -0.0648}]",521251,0.4391,3.908,4.2,57.0,50.0,0.7272,0.7396,4.33,4.67,0.7753,0.7963,R,R,NRFI,PASS,0,0,0,2026-05-28T17:28:54+00:00,-125,-105,DraftKings,2026-05-28T17:31:33+00:00,0.5556,0.5122,-0.0761,0.0083,,N,,,-130,+100,2026-05-28T17:05:00+00:00,,0.5651,NRFI,STRONG,,,,,,,
2026-05-28,2026,824834,1,N,TOR,BAL,6:35 PM ET,Patrick Corbin,Chris Bassitt,571578,605135,live,live,live,live,1.06,0.5272,0.5582,1.0854,0.2596,0.3756,0.6352,0.5479,0.4521,0.2956,0.7044,,,NRFI,LEAN,LEAN NRFI,4,2026-05-28T21:32:38Z,4.117,4.798,1.381,1.514,4.054,3.998,2.8,3.23,1.01,0.95,7.04,7.55,0.31,0.317,0.382,0.395,4.134,4.528,20.9,10.2,64.0,0.0,0.6,0.6,0.6,0.6,0.3353,0.3464,0.4253,0.3715,0.1823,0.1094,lineup,lineup,"[{""id"": 621493, ""name"": ""Taylor Ward"", ""bats"": ""R"", ""obp"": 0.3944223107569721, ""slg"": 0.355, ""iso"": 0.10499999999999998, ""ab"": 200}, {""id"": 683002, ""name"": ""Gunnar Henderson"", ""bats"": ""L"", ""obp"": 0.27380952380952384, ""slg"": 0.44017094017094016, ""iso"": 0.21794871794871795, ""ab"": 234}, {""id"": 668939, ""name"": ""Adley Rutschman"", ""bats"": ""S"", ""obp"": 0.33962264150943394, ""slg"": 0.5, ""iso"": 0.23239436619718312, ""ab"": 142}]","[{""id"": 543807, ""name"": ""George Springer"", ""bats"": ""R"", ""obp"": 0.2911392405063291, ""slg"": 0.36619718309859156, ""iso"": 0.15492957746478875, ""ab"": 142}, {""id"": 664770, ""name"": ""Nathan Lukes"", ""bats"": ""L"", ""obp"": 0.3230769230769231, ""slg"": 0.36666666666666664, ""iso"": 0.08333333333333331, ""ab"": 60}, {""id"": 665489, ""name"": ""Vladimir Guerrero Jr."", ""bats"": ""R"", ""obp"": 0.3920704845814978, ""slg"": 0.3769633507853403, ""iso"": 0.08376963350785344, ""ab"": 191}]","[{""name"": ""away_top3c_iso"", ""value"": 0.1094, ""contribution"": -0.4865}, {""name"": ""away_top3c_slg"", ""value"": 0.3715, ""contribution"": 0.3483}, {""name"": ""away_top3_ops_vs_oppHand"", ""value"": 0.6787, ""contribution"": -0.0903}, {""name"": ""era_gap_t1"", ""value"": 0.6813, ""contribution"": 0.0744}, {""name"": ""fi_park_nrfi_rate"", ""value"": 0.519, ""contribution"": -0.0733}]","[{""name"": ""fi_park_nrfi_rate"", ""value"": 0.519, ""contribution"": -0.1127}, {""name"": ""home_top3c_slg"", ""value"": 0.4253, ""contribution"": 0.0935}, {""name"": ""era_gap_b1"", ""value"": -0.6813, ""contribution"": -0.0467}, {""name"": ""away_p_last10_pitcher_nrfi"", ""value"": 0.6, ""contribution"": 0.0384}, {""name"": ""home_top3_ops_vs_oppHand"", ""value"": 0.7903, ""contribution"": 0.0321}]",658325,0.5084,4.3,4.782,33.0,54.0,0.7136,0.7309,5.2,5.0,0.6787,0.7903,L,R,NRFI,WIN,0,0,0,2026-05-28T22:54:33+00:00,-120,-110,DraftKings,2026-05-28T22:25:20+00:00,0.5455,0.5238,0.0024,-0.0717,0.0024,N,0.5,0,-120,-105,2026-05-28T21:34:54+00:00,0,0.4877,PASS,NO EDGE,,,,,,,
2026-05-28,2026,823378,1,N,CHC,PIT,6:40 PM ET,Colin Rea,Paul Skenes,607067,694973,live,live,live,live,0.96,0.3142,0.5297,0.8439,0.1755,0.5485,0.7241,0.4772,0.5228,0.2071,0.7929,,,PASS,NO EDGE,PASS - No edge,4,2026-05-28T22:32:18Z,4.456,2.588,1.319,0.872,4.312,2.632,2.69,1.62,1.25,0.75,7.27,10.0,0.332,0.329,0.393,0.395,4.683,4.81,21.4,18.9,41.0,0.0,0.6,0.6,0.7,0.8,0.3756,0.3411,0.4745,0.3738,0.2007,0.1359,lineup,lineup,"[{""id"": 687462, ""name"": ""Spencer Horwitz"", ""bats"": ""L"", ""obp"": 0.3882978723404255, ""slg"": 0.46153846153846156, ""iso"": 0.17307692307692313, ""ab"": 156}, {""id"": 664040, ""name"": ""Brandon Lowe"", ""bats"": ""L"", ""obp"": 0.35454545454545455, ""slg"": 0.5595854922279793, ""iso"": 0.29015544041450775, ""ab"": 193}, {""id"": 668804, ""name"": ""Bryan Reynolds"", ""bats"": ""S"", ""obp"": 0.38493723849372385, ""slg"": 0.4020100502512563, ""iso"": 0.13567839195979903, ""ab"": 199}]","[{""id"": 691718, ""name"": ""Pete Crow-Armstrong"", ""bats"": ""L"", ""obp"": 0.314410480349345, ""slg"": 0.36318407960199006, ""iso"": 0.13930348258706468, ""ab"": 201}, {""id"": 663538, ""name"": ""Nico Hoerner"", ""bats"": ""R"", ""obp"": 0.3412698412698413, ""slg"": 0.3698630136986301, ""iso"": 0.1141552511415525, ""ab"": 219}, {""id"": 683737, ""name"": ""Michael Busch"", ""bats"": ""L"", ""obp"": 0.3662551440329218, ""slg"": 0.3888888888888889, ""iso"": 0.15656565656565657, ""ab"": 198}]","[{""name"": ""away_top3c_slg"", ""value"": 0.3738, ""contribution"": 0.3367}, {""name"": ""away_top3c_iso"", ""value"": 0.1359, ""contribution"": -0.2998}, {""name"": ""home_xera"", ""value"": 2.0935, ""contribution"": -0.2072}, {""name"": ""era_gap_t1"", ""value"": -1.8675, ""contribution"": -0.2016}, {""name"": ""home_fip"", ""value"": 2.6317, ""contribution"": -0.1512}]","[{""name"": ""home_top3c_slg"", ""value"": 0.4745, ""contribution"": -0.2116}, {""name"": ""home_top3_ops_vs_oppHand"", ""value"": 0.883, ""contribution"": 0.1431}, {""name"": ""era_gap_b1"", ""value"": 1.8675, ""contribution"": 0.1267}, {""name"": ""away_whiff_pct_rank"", ""value"": 21.0, ""contribution"": 0.1247}, {""name"": ""home_top3c_obp"", ""value"": 0.3756, ""contribution"": 0.1238}]",483564,0.5037,2.094,4.334,86.0,21.0,0.6909,0.6397,6.2,5.33,0.7057,0.883,R,R,NRFI,PASS,0,0,0,2026-05-28T22:58:36+00:00,-145,+115,DraftKings,2026-05-28T22:56:10+00:00,0.5918,0.4651,-0.1146,0.0577,,N,,,-145,+115,2026-05-28T22:25:20+00:00,,0.4877,PASS,NO EDGE,,,,,,,
2026-05-29,2026,824353,1,N,SF,COL,8:40 PM ET,Logan Webb,Michael Lorenzen,657277,547179,live,live,live,live,1.22,0.6727,0.4848,1.1575,0.5006,0.4349,0.9356,0.4064,0.5936,0.322,0.678,,,YRFI,STRONG,STRONG YRFI,4,2026-05-29T23:34:48Z,4.224,6.107,1.327,1.655,3.097,4.896,2.44,2.81,0.69,1.65,8.72,7.43,0.298,0.309,0.392,0.382,3.824,4.118,26.6,6.4,22.0,0.0,0.6,0.8,0.7,0.8,0.3337,0.3259,0.4041,0.4656,0.1354,0.1803,lineup,lineup,"[{""id"": 664983, ""name"": ""Jake McCarthy"", ""bats"": ""L"", ""obp"": 0.3120567375886525, ""slg"": 0.4153846153846154, ""iso"": 0.1461538461538462, ""ab"": 130}, {""id"": 671289, ""name"": ""Tyler Freeman"", ""bats"": ""R"", ""obp"": 0.3157894736842105, ""slg"": 0.32231404958677684, ""iso"": 0.07438016528925617, ""ab"": 121}, {""id"": 681198, ""name"": ""TJ Rumfield"", ""bats"": ""L"", ""obp"": 0.35944700460829493, ""slg"": 0.4479166666666667, ""iso"": 0.16666666666666669, ""ab"": 192}]","[{""id"": 642715, ""name"": ""Willy Adames"", ""bats"": ""R"", ""obp"": 0.28205128205128205, ""slg"": 0.42342342342342343, ""iso"": 0.18018018018018017, ""ab"": 222}, {""id"": 650333, ""name"": ""Luis Arraez"", ""bats"": ""L"", ""obp"": 0.36607142857142855, ""slg"": 0.4320388349514563, ""iso"": 0.10679611650485432, ""ab"": 206}, {""id"": 669477, ""name"": ""Casey Schmitt"", ""bats"": ""R"", ""obp"": 0.33163265306122447, ""slg"": 0.554945054945055, ""iso"": 0.26373626373626374, ""ab"": 182}]","[{""name"": ""fi_park_nrfi_rate"", ""value"": 0.4241, ""contribution"": 0.2547}, {""name"": ""era_gap_t1"", ""value"": 1.8834, ""contribution"": 0.2045}, {""name"": ""away_top3c_slg"", ""value"": 0.4656, ""contribution"": -0.1282}, {""name"": ""home_fip"", ""value"": 4.8959, ""contribution"": 0.103}, {""name"": ""home_xera"", ""value"": 4.6638, ""contribution"": 0.0562}]","[{""name"": ""fi_park_nrfi_rate"", ""value"": 0.4241, ""contribution"": 0.3916}, {""name"": ""home_top3c_slg"", ""value"": 0.4041, ""contribution"": 0.2257}, {""name"": ""home_top3c_iso"", ""value"": 0.1354, ""contribution"": -0.2057}, {""name"": ""era_gap_b1"", ""value"": -1.8834, ""contribution"": -0.1285}, {""name"": ""away_fip"", ""value"": 3.0967, ""contribution"": -0.0952}]",427139,0.5818,4.664,3.482,38.0,48.0,0.678,0.7185,5.0,6.0,0.8107,0.751,R,R,NRFI,LOSS,0,0,0,2026-05-30T00:54:22+00:00,+100,-135,DraftKings,2026-05-29T23:43:25+00:00,0.5,0.5745,-0.0936,0.0191,0.0191,Y,1,-1,+100,-135,2026-05-29T23:38:04+00:00,0,0.4589,PASS,NO EDGE,,,,,,,
2026-05-29,2026,824594,1,N,DET,CWS,7:40 PM ET,Troy Melton,Erick Fedde,675512,607200,ltd,live,live,live,0.98,0.6359,0.5215,1.1573,0.47,0.4774,0.9474,0.4021,0.5979,0.3219,0.6781,,,YRFI,STRONG,STRONG YRFI,4,2026-05-29T22:34:52Z,3.403,5.476,1.133,1.484,4.287,5.861,3.21,3.95,1.13,1.76,7.81,5.52,0.316,0.323,0.378,0.403,3.965,4.641,22.5,14.5,60.0,0.0,0.4,0.8,0.6,0.8,0.3756,0.3422,0.4836,0.4154,0.2351,0.167,lineup,lineup,"[{""id"": 803011, ""name"": ""Sam Antonacci"", ""bats"": ""L"", ""obp"": 0.38513513513513514, ""slg"": 0.38095238095238093, ""iso"": 0.09523809523809523, ""ab"": 126}, {""id"": 656537, ""name"": ""Derek Hill"", ""bats"": ""R"", ""obp"": 0.3142857142857143, ""slg"": 0.3968253968253968, ""iso"": 0.15873015873015872, ""ab"": 63}, {""id"": 678246, ""name"": ""Miguel Vargas"", ""bats"": ""R"", ""obp"": 0.36401673640167365, ""slg"": 0.4666666666666667, ""iso"": 0.2358974358974359, ""ab"": 195}]","[{""id"": 805808, ""name"": ""Kevin McGonigle"", ""bats"": ""L"", ""obp"": 0.3941908713692946, ""slg"": 0.4223300970873786, ""iso"": 0.13106796116504854, ""ab"": 206}, {""id"": 693307, ""name"": ""Dillon Dingler"", ""bats"": ""R"", ""obp"": 0.32038834951456313, ""slg"": 0.45604395604395603, ""iso"": 0.22527472527472525, ""ab"": 182}, {""id"": 701678, ""name"": ""Hao-Yu  Lee"", ""bats"": ""R"", ""obp"": 0.23684210526315788, ""slg"": 0.3055555555555556, ""iso"": 0.11111111111111113, ""ab"": 72}]","[{""name"": ""era_gap_t1"", ""value"": 2.0733, ""contribution"": 0.2251}, {""name"": ""away_top3_ops_vs_oppHand"", ""value"": 0.5483, ""contribution"": -0.2231}, {""name"": ""home_fip"", ""value"": 5.8607, ""contribution"": 0.2113}, {""name"": ""away_top3c_slg"", ""value"": 0.4154, ""contribution"": 0.1261}, {""name"": ""home_xera"", ""value"": 5.1853, ""contribution"": 0.1096}]","[{""name"": ""home_top3c_slg"", ""value"": 0.4836, ""contribution"": -0.2685}, {""name"": ""home_top3c_iso"", ""value"": 0.2351, ""contribution"": 0.2646}, {""name"": ""era_gap_b1"", ""value"": -2.0733, ""contribution"": -0.1415}, {""name"": ""fi_park_nrfi_rate"", ""value"": 0.473, ""contribution"": 0.1321}, {""name"": ""home_top3c_obp"", ""value"": 0.3756, ""contribution"": 0.1239}]",427537,0.4944,5.185,4.2,8.0,50.0,0.7075,0.7272,4.87,5.27,0.5483,0.8327,R,R,NRFI,LOSS,0,0,0,2026-05-29T23:53:06+00:00,-105,-125,DraftKings,2026-05-29T22:43:36+00:00,0.5122,0.5556,-0.1101,0.0423,0.0423,Y,1,-1,-105,-125,2026-05-29T22:38:11+00:00,0,0.4531,PASS,NO EDGE,,,,,,,
2026-05-29,2026,822978,1,N,LAA,TB,7:10 PM ET,Walbert Ureña,Nick Martinez,700712,607259,ltd,live,live,live,0.93,0.3717,0.5141,0.8858,0.4738,0.4952,0.9689,0.3873,0.6127,0.2223,0.7777,,,YRFI,STRONG,STRONG YRFI,4,2026-05-29T22:05:11Z,3.394,2.695,1.319,1.15,3.968,3.831,4.04,2.01,0.85,0.85,8.63,5.81,0.313,0.33,0.386,0.391,4.188,4.61,,,,1.0,1.0,1.0,1.0,1.0,0.3761,0.3583,0.4836,0.4415,0.1979,0.2075,lineup,lineup,"[{""id"": 650490, ""name"": ""Yandy D\u00edaz"", ""bats"": ""R"", ""obp"": 0.391705069124424, ""slg"": 0.49473684210526314, ""iso"": 0.18421052631578944, ""ab"": 190}, {""id"": 666018, ""name"": ""Jonathan Aranda"", ""bats"": ""L"", ""obp"": 0.38427947598253276, ""slg"": 0.47619047619047616, ""iso"": 0.19047619047619047, ""ab"": 189}, {""id"": 670764, ""name"": ""Taylor Walls"", ""bats"": ""S"", ""obp"": 0.3028169014084507, ""slg"": 0.28225806451612906, ""iso"": 0.08064516129032262, ""ab"": 124}]","[{""id"": 687263, ""name"": ""Zach Neto"", ""bats"": ""R"", ""obp"": 0.34099616858237547, ""slg"": 0.4349775784753363, ""iso"": 0.20179372197309414, ""ab"": 223}, {""id"": 545361, ""name"": ""Mike Trout"", ""bats"": ""R"", ""obp"": 0.40476190476190477, ""slg"": 0.4873096446700508, ""iso"": 0.2487309644670051, ""ab"": 197}, {""id"": 687093, ""name"": ""Vaughn Grissom"", ""bats"": ""R"", ""obp"": 0.30158730158730157, ""slg"": 0.37272727272727274, ""iso"": 0.14545454545454548, ""ab"": 110}]","[{""name"": ""fi_park_nrfi_rate"", ""value"": 0.4376, ""contribution"": 0.2081}, {""name"": ""away_top3c_iso"", ""value"": 0.2075, ""contribution"": 0.2047}, {""name"": ""home_p_last10_pitcher_nrfi"", ""value"": 1.0, ""contribution"": 0.1107}, {""name"": ""era_gap_t1"", ""value"": -0.6989, ""contribution"": -0.075}, {""name"": ""home_avg_ip_per_start"", ""value"": 5.9333, ""contribution"": -0.0238}]","[{""name"": ""fi_park_nrfi_rate"", ""value"": 0.4376, ""contribution"": 0.3199}, {""name"": ""home_top3c_slg"", ""value"": 0.4836, ""contribution"": -0.2687}, {""name"": ""home_top3c_obp"", ""value"": 0.3761, ""contribution"": 0.1256}, {""name"": ""home_top3_ops_vs_oppHand"", ""value"": 0.8667, ""contribution"": 0.1235}, {""name"": ""home_obp"", ""value"": 0.33, ""contribution"": 0.1136}]",483561,0.5039,4.133,2.497,18.0,50.0,0.7272,0.7136,5.93,5.4,0.789,0.8667,R,R,YRFI,WIN,0,1,1,2026-05-29T23:25:09+00:00,-120,-105,DraftKings,2026-05-29T22:14:02+00:00,0.5455,0.5122,-0.1582,0.1005,0.1005,Y,1,0.952,-120,-105,2026-05-29T22:08:36+00:00,0,0.4877,PASS,NO EDGE,,,,,,,
2026-05-29,2026,822732,1,N,SD,WSH,6:45 PM ET,Lucas Giolito,Paxton Schultz,608337,687606,live,ltd,live,live,0.97,0.431,0.59,1.021,0.4189,0.469,0.8879,0.4064,0.5936,0.2719,0.7281,,,YRFI,STRONG,STRONG YRFI,4,2026-05-29T21:34:42Z,3.268,4.552,1.292,1.342,4.321,3.843,4.22,2.79,0.84,1.18,6.91,9.49,0.296,0.322,0.371,0.417,4.021,5.188,25.7,14.8,38.0,0.0,0.5,0.8,0.5,0.9,0.3612,0.3263,0.4892,0.378,0.2268,0.1266,lineup,lineup,"[{""id"": 695578, ""name"": ""James Wood"", ""bats"": ""L"", ""obp"": 0.4141791044776119, ""slg"": 0.5529953917050692, ""iso"": 0.2764976958525346, ""ab"": 217}, {""id"": 671277, ""name"": ""Luis Garc\u00eda Jr."", ""bats"": ""L"", ""obp"": 0.28735632183908044, ""slg"": 0.41916167664670656, ""iso"": 0.15568862275449097, ""ab"": 167}, {""id"": 678554, ""name"": ""Curtis Mead"", ""bats"": ""R"", ""obp"": 0.35172413793103446, ""slg"": 0.4715447154471545, ""iso"": 0.23577235772357724, ""ab"": 123}]","[{""id"": 665487, ""name"": ""Fernando Tatis Jr."", ""bats"": ""R"", ""obp"": 0.3391304347826087, ""slg"": 0.3, ""iso"": 0.03999999999999998, ""ab"": 200}, {""id"": 823550, ""name"": ""Sung-Mun Song"", ""bats"": ""L"", ""obp"": 0.32, ""slg"": 0.23809523809523808, ""iso"": 0.047619047619047616, ""ab"": 21}, {""id"": 593428, ""name"": ""Xander Bogaerts"", ""bats"": ""R"", ""obp"": 0.3113207547169811, ""slg"": 0.3697916666666667, ""iso"": 0.12500000000000003, ""ab"": 192}]","[{""name"": ""away_top3c_iso"", ""value"": 0.1266, ""contribution"": -0.3654}, {""name"": ""away_top3c_slg"", ""value"": 0.378, ""contribution"": 0.3155}, {""name"": ""home_xera"", ""value"": 5.74, ""contribution"": 0.1665}, {""name"": ""era_gap_t1"", ""value"": 1.2845, ""contribution"": 0.1397}, {""name"": ""home_avg_ip_per_start"", ""value"": 2.3333, ""contribution"": 0.0915}]","[{""name"": ""home_top3c_slg"", ""value"": 0.4892, ""contribution"": -0.3029}, {""name"": ""home_top3c_iso"", ""value"": 0.2268, ""contribution"": 0.2257}, {""name"": ""home_top3_ops_vs_oppHand"", ""value"": 0.883, ""contribution"": 0.1431}, {""name"": ""fi_park_nrfi_rate"", ""value"": 0.4761, ""contribution"": 0.1154}, {""name"": ""era_gap_b1"", ""value"": -1.2845, ""contribution"": -0.0878}]",483919,0.4901,5.74,4.2,33.0,50.0,0.7136,0.7272,2.33,4.93,0.7283,0.883,R,R,YRFI,WIN,1,2,3,2026-05-29T23:15:33+00:00,+100,-130,DraftKings,2026-05-29T21:48:43+00:00,0.5,0.5652,-0.0936,0.0284,0.0284,Y,1,0.769,+100,-130,2026-05-29T21:43:19+00:00,0,0.4119,YRFI,STRONG,,,,,,,
2026-05-29,2026,824433,1,N,BOS,CLE,7:10 PM ET,Tyler Samaniego,Slade Cecconi,701719,677944,sm,live,live,live,0.96,0.5104,0.4742,0.9847,0.3569,0.4198,0.7766,0.4562,0.5438,0.2586,0.7414,,,PASS,NO EDGE,PASS - No edge,4,2026-05-29T23:04:51Z,3.233,4.817,1.227,1.361,4.029,4.678,3.16,2.75,1.01,1.51,8.18,7.42,0.317,0.319,0.379,0.379,3.964,4.212,21.1,13.3,40.0,0.0,0.6,0.5,0.6,0.5,0.3549,0.3247,0.424,0.4195,0.17,0.1594,lineup,lineup,"[{""id"": 683953, ""name"": ""Travis Bazzana"", ""bats"": ""L"", ""obp"": 0.40707964601769914, ""slg"": 0.4583333333333333, ""iso"": 0.15625, ""ab"": 96}, {""id"": 608070, ""name"": ""Jos\u00e9 Ram\u00edrez"", ""bats"": ""S"", ""obp"": 0.3425196850393701, ""slg"": 0.39622641509433965, ""iso"": 0.169811320754717, ""ab"": 212}, {""id"": 800050, ""name"": ""Chase DeLauter"", ""bats"": ""L"", ""obp"": 0.3424657534246575, ""slg"": 0.4375, ""iso"": 0.17708333333333331, ""ab"": 192}]","[{""id"": 680776, ""name"": ""Jarren Duran"", ""bats"": ""L"", ""obp"": 0.27927927927927926, ""slg"": 0.38613861386138615, ""iso"": 0.17326732673267328, ""ab"": 202}, {""id"": 678882, ""name"": ""Ceddanne Rafaela"", ""bats"": ""R"", ""obp"": 0.3465346534653465, ""slg"": 0.44021739130434784, ""iso"": 0.15760869565217395, ""ab"": 184}, {""id"": 677800, ""name"": ""Wilyer Abreu"", ""bats"": ""L"", ""obp"": 0.34913793103448276, ""slg"": 0.43333333333333335, ""iso"": 0.14761904761904765, ""ab"": 210}]","[{""name"": ""era_gap_t1"", ""value"": 1.5848, ""contribution"": 0.1722}, {""name"": ""away_top3c_iso"", ""value"": 0.1594, ""contribution"": -0.1345}, {""name"": ""away_top3c_slg"", ""value"": 0.4195, ""contribution"": 0.1054}, {""name"": ""fi_park_nrfi_rate"", ""value"": 0.528, ""contribution"": -0.1042}, {""name"": ""home_xera"", ""value"": 4.9578, ""contribution"": 0.0863}]","[{""name"": ""fi_park_nrfi_rate"", ""value"": 0.528, ""contribution"": -0.1602}, {""name"": ""home_top3_ops_vs_oppHand"", ""value"": 0.871, ""contribution"": 0.1287}, {""name"": ""era_gap_b1"", ""value"": -1.5848, ""contribution"": -0.1082}, {""name"": ""home_top3c_slg"", ""value"": 0.424, ""contribution"": 0.1018}, {""name"": ""away_p_last10_pitcher_nrfi"", ""value"": 0.5, ""contribution"": 0.0713}]",483630,0.522,4.958,4.2,24.0,50.0,0.7272,0.7136,5.4,5.0,0.7117,0.871,L,R,YRFI,PASS,0,4,4,2026-05-29T23:29:15+00:00,-120,-110,DraftKings,2026-05-29T23:35:17+00:00,0.5455,0.5238,-0.0893,0.02,0.0698,N,1,,-120,-110,2026-05-29T23:05:13+00:00,0,0.4658,PASS,NO EDGE,,,,,,,
2026-05-29,2026,825002,1,N,NYY,OAK,9:40 PM ET,Carlos Rodón,Luis Severino,607074,622663,live,live,live,live,0.93,0.557,0.4709,1.0279,0.5438,0.4586,1.0025,0.3651,0.6349,0.2745,0.7255,,,YRFI,STRONG,STRONG YRFI,4,2026-05-30T00:35:23Z,3.35,4.353,1.151,1.385,3.594,4.18,4.41,3.85,0.77,1.06,9.95,8.41,0.329,0.325,0.431,0.393,4.894,4.275,16.4,11.3,74.0,0.0,0.4,0.8,0.5,0.9,0.3972,0.3638,0.5,0.525,0.2114,0.275,lineup,lineup,"[{""id"": 687515, ""name"": ""Colby Thomas"", ""bats"": ""R"", ""obp"": 0.35135135135135137, ""slg"": 0.45714285714285713, ""iso"": 0.14285714285714285, ""ab"": 35}, {""id"": 701762, ""name"": ""Nick Kurtz"", ""bats"": ""L"", ""obp"": 0.4302788844621514, ""slg"": 0.4619289340101523, ""iso"": 0.18781725888324874, ""ab"": 197}, {""id"": 669127, ""name"": ""Shea Langeliers"", ""bats"": ""R"", ""obp"": 0.36909871244635195, ""slg"": 0.5432692307692307, ""iso"": 0.24519230769230765, ""ab"": 208}]","[{""id"": 663757, ""name"": ""Trent Grisham"", ""bats"": ""L"", ""obp"": 0.3253588516746411, ""slg"": 0.38857142857142857, ""iso"": 0.18285714285714286, ""ab"": 175}, {""id"": 700250, ""name"": ""Ben Rice"", ""bats"": ""L"", ""obp"": 0.38317757009345793, ""slg"": 0.6229508196721312, ""iso"": 0.33333333333333337, ""ab"": 183}, {""id"": 592450, ""name"": ""Aaron Judge"", ""bats"": ""R"", ""obp"": 0.3795918367346939, ""slg"": 0.5544554455445545, ""iso"": 0.301980198019802, ""ab"": 202}]","[{""name"": ""away_top3c_iso"", ""value"": 0.275, ""contribution"": 0.6797}, {""name"": ""away_top3c_slg"", ""value"": 0.525, ""contribution"": -0.4292}, {""name"": ""fi_park_nrfi_rate"", ""value"": 0.4422, ""contribution"": 0.1922}, {""name"": ""away_top3_ops_vs_oppHand"", ""value"": 0.8837, ""contribution"": 0.1187}, {""name"": ""era_gap_t1"", ""value"": 1.0025, ""contribution"": 0.1092}]","[{""name"": ""home_top3c_slg"", ""value"": 0.5, ""contribution"": -0.3703}, {""name"": ""fi_park_nrfi_rate"", ""value"": 0.4422, ""contribution"": 0.2954}, {""name"": ""home_top3c_obp"", ""value"": 0.3972, ""contribution"": 0.1997}, {""name"": ""home_top3c_iso"", ""value"": 0.2114, ""contribution"": 0.1527}, {""name"": ""home_top3_ops_vs_oppHand"", ""value"": 0.8367, ""contribution"": 0.0876}]",427248,0.5131,4.653,4.2,4.0,50.0,0.7075,0.7709,6.07,5.2,0.8837,0.8367,L,R,YRFI,WIN,4,1,5,2026-05-30T01:59:44+00:00,+105,-135,DraftKings,2026-05-30T00:44:07+00:00,0.4878,0.5745,-0.1227,0.0604,0.0604,Y,1,0.741,+105,-135,2026-05-30T00:38:40+00:00,0,0.4117,YRFI,STRONG,,,,,,,
2026-05-29,2026,824515,1,N,ATL,CIN,6:40 PM ET,Grant Holmes,Chris Paddack,656550,663978,live,live,live,live,1.09,0.6641,0.6622,1.3262,0.5084,0.3516,0.8601,0.4064,0.5936,0.3824,0.6176,,,YRFI,STRONG,STRONG YRFI,4,2026-05-29T21:34:42Z,3.874,6.106,1.316,1.478,4.706,4.769,4.16,2.62,1.42,1.55,8.86,7.11,0.322,0.315,0.427,0.395,5.09,4.464,27.4,3.6,32.0,0.0,0.4,0.8,0.5,0.8,0.3612,0.3421,0.5202,0.4913,0.2345,0.223,lineup,lineup,"[{""id"": 694362, ""name"": ""Blake Dunn"", ""bats"": ""R"", ""obp"": 0.39285714285714285, ""slg"": 0.47058823529411764, ""iso"": 0.13725490196078433, ""ab"": 51}, {""id"": 682829, ""name"": ""Elly De La Cruz"", ""bats"": ""S"", ""obp"": 0.34552845528455284, ""slg"": 0.509009009009009, ""iso"": 0.22972972972972977, ""ab"": 222}, {""id"": 668709, ""name"": ""JJ Bleday"", ""bats"": ""L"", ""obp"": 0.3793103448275862, ""slg"": 0.5714285714285714, ""iso"": 0.29591836734693877, ""ab"": 98}]","[{""id"": 660670, ""name"": ""Ronald Acu\u00f1a Jr."", ""bats"": ""R"", ""obp"": 0.35751295336787564, ""slg"": 0.3625, ""iso"": 0.125, ""ab"": 160}, {""id"": 671739, ""name"": ""Michael Harris II"", ""bats"": ""L"", ""obp"": 0.32673267326732675, ""slg"": 0.533678756476684, ""iso"": 0.23316062176165803, ""ab"": 193}, {""id"": 621566, ""name"": ""Matt Olson"", ""bats"": ""L"", ""obp"": 0.3426294820717131, ""slg"": 0.5475113122171946, ""iso"": 0.28506787330316746, ""ab"": 221}]","[{""name"": ""away_top3c_iso"", ""value"": 0.223, ""contribution"": 0.3135}, {""name"": ""away_top3c_slg"", ""value"": 0.4913, ""contribution"": -0.2584}, {""name"": ""era_gap_t1"", ""value"": 2.2319, ""contribution"": 0.2423}, {""name"": ""away_top3_ops_vs_oppHand"", ""value"": 0.8787, ""contribution"": 0.1136}, {""name"": ""home_fip"", ""value"": 4.7689, ""contribution"": 0.0887}]","[{""name"": ""home_top3c_slg"", ""value"": 0.5202, ""contribution"": -0.4958}, {""name"": ""home_top3c_iso"", ""value"": 0.2345, ""contribution"": 0.262}, {""name"": ""home_top3_ops_vs_oppHand"", ""value"": 0.9073, ""contribution"": 0.1722}, {""name"": ""era_gap_b1"", ""value"": -2.2319, ""contribution"": -0.1522}, {""name"": ""wx_wind_kmh"", ""value"": 3.6, ""contribution"": -0.0831}]",503502,0.4948,4.623,4.794,14.0,50.0,0.7272,0.7136,4.27,5.2,0.8787,0.9073,R,R,YRFI,WIN,1,0,1,2026-05-29T22:54:23+00:00,+100,-130,DraftKings,2026-05-29T21:43:19+00:00,0.5,0.5652,-0.0936,0.0284,0.0284,Y,1,0.769,+100,-130,2026-05-29T21:37:56+00:00,0,0.4877,PASS,NO EDGE,,,,,,,
2026-05-29,2026,822894,1,N,KC,TEX,8:05 PM ET,Stephen Kolek,MacKenzie Gore,663568,669022,live,live,live,live,1.07,0.5027,0.4465,0.9493,0.3345,0.2283,0.5628,0.5577,0.4423,0.2456,0.7544,,,NRFI,LEAN,LEAN NRFI,4,2026-05-29T23:04:51Z,3.246,4.315,1.035,1.286,3.944,3.784,2.21,3.99,0.87,1.04,5.75,10.28,0.31,0.313,0.382,0.379,3.923,3.979,,,,1.0,0.6,1.0,0.7,1.0,0.3548,0.3411,0.438,0.4068,0.1635,0.1412,lineup,lineup,"[{""id"": 592626, ""name"": ""Joc Pederson"", ""bats"": ""L"", ""obp"": 0.35443037974683544, ""slg"": 0.4198473282442748, ""iso"": 0.17557251908396945, ""ab"": 131}, {""id"": 673962, ""name"": ""Josh Jung"", ""bats"": ""R"", ""obp"": 0.36492890995260663, ""slg"": 0.4739583333333333, ""iso"": 0.16666666666666663, ""ab"": 192}, {""id"": 664059, ""name"": ""Sam Haggerty"", ""bats"": ""S"", ""obp"": 0.2, ""slg"": 0.16666666666666666, ""iso"": 0.023809523809523808, ""ab"": 42}]","[{""id"": 657041, ""name"": ""Lane Thomas"", ""bats"": ""R"", ""obp"": 0.358974358974359, ""slg"": 0.27956989247311825, ""iso"": 0.06451612903225803, ""ab"": 93}, {""id"": 677951, ""name"": ""Bobby Witt Jr."", ""bats"": ""R"", ""obp"": 0.35365853658536583, ""slg"": 0.4841628959276018, ""iso"": 0.1945701357466063, ""ab"": 221}, {""id"": 672580, ""name"": ""Maikel Garcia"", ""bats"": ""R"", ""obp"": 0.31932773109243695, ""slg"": 0.3824884792626728, ""iso"": 0.11981566820276501, ""ab"": 217}]","[{""name"": ""away_top3c_iso"", ""value"": 0.1412, ""contribution"": -0.2623}, {""name"": ""away_top3_ops_vs_oppHand"", ""value"": 0.9403, ""contribution"": 0.1764}, {""name"": ""away_top3c_slg"", ""value"": 0.4068, ""contribution"": 0.1696}, {""name"": ""fi_park_nrfi_rate"", ""value"": 0.5398, ""contribution"": -0.1451}, {""name"": ""era_gap_t1"", ""value"": 1.0689, ""contribution"": 0.1164}]","[{""name"": ""fi_park_nrfi_rate"", ""value"": 0.5398, ""contribution"": -0.2231}, {""name"": ""away_p_last10_pitcher_nrfi"", ""value"": 1.0, ""contribution"": -0.0929}, {""name"": ""wx_is_dome"", ""value"": 1.0, ""contribution"": -0.0758}, {""name"": ""era_gap_b1"", ""value"": -1.0689, ""contribution"": -0.0731}, {""name"": ""home_top3c_iso"", ""value"": 0.1635, ""contribution"": -0.0731}]",427129,0.4611,4.532,4.2,75.0,50.0,0.7136,0.6796,4.8,6.4,0.9403,0.7983,R,L,YRFI,LOSS,0,4,4,2026-05-30T00:31:34+00:00,-130,+100,DraftKings,2026-05-29T23:59:34+00:00,0.5652,0.5,-0.0075,-0.0577,-0.0075,N,0.5,0,-130,+100,2026-05-29T22:59:50+00:00,0,0.6396,NRFI,STRONG,,,,,,,
2026-05-29,2026,823623,1,N,MIA,NYM,7:10 PM ET,Max Meyer,Freddy Peralta,676974,642547,live,live,live,live,0.96,0.4686,0.4102,0.8788,0.273,0.2629,0.5358,0.5685,0.4315,0.2198,0.7802,,,NRFI,STRONG,STRONG NRFI,4,2026-05-29T22:05:11Z,3.298,3.196,1.168,1.195,3.491,3.955,3.12,3.74,0.94,1.14,9.77,9.73,0.319,0.297,0.382,0.362,4.285,3.965,22.6,11.5,42.0,0.0,1.0,0.8,1.0,0.9,0.3177,0.3702,0.3939,0.4778,0.1421,0.1675,lineup,lineup,"[{""id"": 701807, ""name"": ""Carson Benge"", ""bats"": ""L"", ""obp"": 0.3103448275862069, ""slg"": 0.3333333333333333, ""iso"": 0.08602150537634407, ""ab"": 186}, {""id"": 660644, ""name"": ""Vidal Bruj\u00e1n"", ""bats"": ""S"", ""obp"": 0.4, ""slg"": 0.25, ""iso"": 0.0, ""ab"": 4}, {""id"": 665742, ""name"": ""Juan Soto"", ""bats"": ""L"", ""obp"": 0.39156626506024095, ""slg"": 0.5944055944055944, ""iso"": 0.2937062937062937, ""ab"": 143}]","[{""id"": 669364, ""name"": ""Xavier Edwards"", ""bats"": ""S"", ""obp"": 0.3958333333333333, ""slg"": 0.4811320754716981, ""iso"": 0.16509433962264153, ""ab"": 212}, {""id"": 689414, ""name"": ""Liam Hicks"", ""bats"": ""L"", ""obp"": 0.3382352941176471, ""slg"": 0.47191011235955055, ""iso"": 0.20786516853932585, ""ab"": 178}, {""id"": 672640, ""name"": ""Otto Lopez"", ""bats"": ""R"", ""obp"": 0.3717948717948718, ""slg"": 0.4794520547945205, ""iso"": 0.136986301369863, ""ab"": 219}]","[{""name"": ""away_top3c_slg"", ""value"": 0.4778, ""contribution"": -0.1902}, {""name"": ""home_p_last10_pitcher_nrfi"", ""value"": 1.0, ""contribution"": 0.1107}, {""name"": ""home_xera"", ""value"": 3.3533, ""contribution"": -0.0781}, {""name"": ""away_top3c_iso"", ""value"": 0.1675, ""contribution"": -0.0775}, {""name"": ""away_top3_ops_vs_oppHand"", ""value"": 0.8143, ""contribution"": 0.048}]","[{""name"": ""home_top3c_slg"", ""value"": 0.3939, ""contribution"": 0.2889}, {""name"": ""home_top3c_iso"", ""value"": 0.1421, ""contribution"": -0.1743}, {""name"": ""away_whiff_pct_rank"", ""value"": 79.0, ""contribution"": -0.1256}, {""name"": ""home_obp"", ""value"": 0.2971, ""contribution"": -0.1171}, {""name"": ""home_plate_ump_nrfi_rate"", ""value"": 0.4205, ""contribution"": -0.084}]",504381,0.4205,3.353,4.824,90.0,79.0,0.7075,0.6942,5.8,6.13,0.8143,0.7537,R,R,YRFI,LOSS,0,4,4,2026-05-29T23:34:55+00:00,-135,+105,DraftKings,2026-05-29T22:14:02+00:00,0.5745,0.4878,-0.006,-0.0563,-0.006,Y,1,-1,-135,+105,2026-05-29T22:08:36+00:00,0,0.5995,NRFI,STRONG,,,,,,,
2026-05-29,2026,823055,1,N,CHC,STL,7:15 PM ET,Shota Imanaga,Andre Pallante,684007,669467,live,live,live,live,0.97,0.5517,0.477,1.0287,0.3008,0.3674,0.6682,0.5254,0.4746,0.2748,0.7252,,,NRFI,LEAN,LEAN NRFI,4,2026-05-29T22:05:11Z,3.921,4.413,1.039,1.33,4.339,4.529,2.09,3.34,1.61,1.15,8.59,6.67,0.332,0.318,0.391,0.388,4.715,4.384,24.7,10.9,62.0,0.0,0.6,1.0,0.5,0.8,0.3696,0.341,0.4647,0.3698,0.1987,0.1333,lineup,lineup,"[{""id"": 802139, ""name"": ""JJ Wetherholt"", ""bats"": ""L"", ""obp"": 0.3510204081632653, ""slg"": 0.3951219512195122, ""iso"": 0.16097560975609757, ""ab"": 205}, {""id"": 671056, ""name"": ""Iv\u00e1n Herrera"", ""bats"": ""R"", ""obp"": 0.3902439024390244, ""slg"": 0.4228855721393035, ""iso"": 0.15920398009950248, ""ab"": 201}, {""id"": 691023, ""name"": ""Jordan Walker"", ""bats"": ""R"", ""obp"": 0.3672566371681416, ""slg"": 0.5763546798029556, ""iso"": 0.2758620689655172, ""ab"": 203}]","[{""id"": 691718, ""name"": ""Pete Crow-Armstrong"", ""bats"": ""L"", ""obp"": 0.3162393162393162, ""slg"": 0.36097560975609755, ""iso"": 0.13658536585365852, ""ab"": 205}, {""id"": 663538, ""name"": ""Nico Hoerner"", ""bats"": ""R"", ""obp"": 0.33852140077821014, ""slg"": 0.36607142857142855, ""iso"": 0.11160714285714285, ""ab"": 224}, {""id"": 683737, ""name"": ""Michael Busch"", ""bats"": ""L"", ""obp"": 0.36693548387096775, ""slg"": 0.38308457711442784, ""iso"": 0.154228855721393, ""ab"": 201}]","[{""name"": ""away_top3c_slg"", ""value"": 0.3698, ""contribution"": 0.3567}, {""name"": ""away_top3c_iso"", ""value"": 0.1333, ""contribution"": -0.3181}, {""name"": ""fi_park_nrfi_rate"", ""value"": 0.527, ""contribution"": -0.1009}, {""name"": ""home_p_last10_pitcher_nrfi"", ""value"": 0.5, ""contribution"": -0.0846}, {""name"": ""away_top3_ops_vs_oppHand"", ""value"": 0.7013, ""contribution"": -0.0672}]","[{""name"": ""fi_park_nrfi_rate"", ""value"": 0.527, ""contribution"": -0.1552}, {""name"": ""home_top3c_slg"", ""value"": 0.4647, ""contribution"": -0.151}, {""name"": ""home_top3c_obp"", ""value"": 0.3696, ""contribution"": 0.1028}, {""name"": ""home_top3c_iso"", ""value"": 0.1987, ""contribution"": 0.0929}, {""name"": ""home_plate_ump_nrfi_rate"", ""value"": 0.5403, ""contribution"": 0.0395}]",607884,0.5403,4.364,3.775,56.0,47.0,0.6942,0.6942,5.93,6.07,0.7013,0.789,L,R,YRFI,LOSS,3,3,6,2026-05-29T23:37:49+00:00,-125,-105,DraftKings,2026-05-29T23:35:17+00:00,0.5556,0.5122,-0.0302,-0.0376,-0.0302,N,0.5,0,-125,-105,2026-05-29T22:14:02+00:00,0,0.4877,PASS,NO EDGE,,,,,,,
2026-05-29,2026,823946,1,N,PHI,LAD,10:15 PM ET,Zack Wheeler,Justin Wrobleski,554430,680736,live,live,live,live,0.97,0.3917,0.362,0.7537,0.3995,0.3735,0.7729,0.4624,0.5376,0.1747,0.8253,,,PASS,NO EDGE,PASS - No edge,4,2026-05-30T02:05:32Z,2.209,3.567,0.882,1.166,2.624,3.526,1.96,2.41,0.71,0.7,10.29,6.97,0.301,0.34,0.39,0.433,4.092,5.148,21.4,17.4,54.0,0.0,0.8,0.8,0.6,0.7,0.3734,0.3301,0.4983,0.4896,0.2167,0.2472,lineup,lineup,"[{""id"": 660271, ""name"": ""Shohei Ohtani"", ""bats"": ""L"", ""obp"": 0.4, ""slg"": 0.48186528497409326, ""iso"": 0.21243523316062174, ""ab"": 193}, {""id"": 681624, ""name"": ""Andy Pages"", ""bats"": ""R"", ""obp"": 0.3508771929824561, ""slg"": 0.5480769230769231, ""iso"": 0.24519230769230776, ""ab"": 208}, {""id"": 518692, ""name"": ""Freddie Freeman"", ""bats"": ""L"", ""obp"": 0.36796536796536794, ""slg"": 0.4623115577889447, ""iso"": 0.19095477386934673, ""ab"": 199}]","[{""id"": 656941, ""name"": ""Kyle Schwarber"", ""bats"": ""L"", ""obp"": 0.35294117647058826, ""slg"": 0.6039603960396039, ""iso"": 0.36633663366336633, ""ab"": 202}, {""id"": 607208, ""name"": ""Trea Turner"", ""bats"": ""R"", ""obp"": 0.2786885245901639, ""slg"": 0.3584070796460177, ""iso"": 0.13274336283185842, ""ab"": 226}, {""id"": 547180, ""name"": ""Bryce Harper"", ""bats"": ""L"", ""obp"": 0.3605150214592275, ""slg"": 0.5226130653266332, ""iso"": 0.25628140703517593, ""ab"": 199}]","[{""name"": ""away_top3c_iso"", ""value"": 0.2472, ""contribution"": 0.484}, {""name"": ""away_top3c_slg"", ""value"": 0.4896, ""contribution"": -0.25}, {""name"": ""era_gap_t1"", ""value"": 1.3581, ""contribution"": 0.1477}, {""name"": ""home_xera"", ""value"": 3.4006, ""contribution"": -0.0732}, {""name"": ""fi_park_nrfi_rate"", ""value"": 0.4823, ""contribution"": 0.0538}]","[{""name"": ""home_top3c_slg"", ""value"": 0.4983, ""contribution"": -0.3599}, {""name"": ""away_whiff_pct_rank"", ""value"": 93.0, ""contribution"": -0.1861}, {""name"": ""home_obp"", ""value"": 0.3397, ""contribution"": 0.1811}, {""name"": ""home_top3c_iso"", ""value"": 0.2167, ""contribution"": 0.1778}, {""name"": ""away_fip"", ""value"": 2.6238, ""contribution"": -0.1458}]",676580,0.5084,3.401,1.949,17.0,93.0,0.7136,0.7396,6.33,6.53,0.7467,0.8697,R,L,YRFI,PASS,0,1,1,2026-05-30T02:26:08+00:00,-115,-110,DraftKings,2026-05-30T02:41:38+00:00,0.5349,0.5238,-0.0725,0.0138,,N,,,-115,-110,2026-05-30T02:14:08+00:00,,0.6192,NRFI,STRONG,,,,,,,
2026-05-29,2026,824191,1,N,MIL,HOU,8:10 PM ET,Coleman Crow,Kai-Wei Teng,689441,678906,sm,ltd,live,live,0.99,0.4817,0.4579,0.9396,0.3068,0.3611,0.668,0.5262,0.4738,0.242,0.758,,,NRFI,LEAN,LEAN NRFI,4,2026-05-29T23:04:51Z,3.856,3.497,1.161,1.196,3.761,3.751,2.52,3.57,0.97,0.9,8.24,9.17,0.328,0.319,0.373,0.411,4.801,4.459,,,,1.0,0.6,1.0,0.6,1.0,0.383,0.3662,0.5197,0.4478,0.2367,0.1731,lineup,lineup,"[{""id"": 694728, ""name"": ""Brice Matthews"", ""bats"": ""R"", ""obp"": 0.26143790849673204, ""slg"": 0.3333333333333333, ""iso"": 0.1276595744680851, ""ab"": 141}, {""id"": 670623, ""name"": ""Isaac Paredes"", ""bats"": ""R"", ""obp"": 0.3333333333333333, ""slg"": 0.37967914438502676, ""iso"": 0.13903743315508024, ""ab"": 187}, {""id"": 670541, ""name"": ""Yordan Alvarez"", ""bats"": ""L"", ""obp"": 0.41935483870967744, ""slg"": 0.6536585365853659, ""iso"": 0.3463414634146342, ""ab"": 205}]","[{""id"": 592885, ""name"": ""Christian Yelich"", ""bats"": ""L"", ""obp"": 0.33663366336633666, ""slg"": 0.4838709677419355, ""iso"": 0.20430107526881724, ""ab"": 93}, {""id"": 694192, ""name"": ""Jackson Chourio"", ""bats"": ""R"", ""obp"": 0.31521739130434784, ""slg"": 0.38372093023255816, ""iso"": 0.1162790697674419, ""ab"": 86}, {""id"": 668930, ""name"": ""Brice Turang"", ""bats"": ""L"", ""obp"": 0.4, ""slg"": 0.4594594594594595, ""iso"": 0.1837837837837838, ""ab"": 185}]","[{""name"": ""away_top3_ops_vs_oppHand"", ""value"": 0.8373, ""contribution"": 0.0714}, {""name"": ""fi_park_nrfi_rate"", ""value"": 0.482, ""contribution"": 0.0547}, {""name"": ""home_p_last10_pitcher_nrfi"", ""value"": 0.6, ""contribution"": -0.0455}, {""name"": ""era_gap_t1"", ""value"": -0.3588, ""contribution"": -0.0382}, {""name"": ""away_top3c_slg"", ""value"": 0.4478, ""contribution"": -0.0381}]","[{""name"": ""home_top3c_slg"", ""value"": 0.5197, ""contribution"": -0.4928}, {""name"": ""home_top3c_iso"", ""value"": 0.2367, ""contribution"": 0.2721}, {""name"": ""home_top3c_obp"", ""value"": 0.383, ""contribution"": 0.1498}, {""name"": ""home_top3_ops_vs_oppHand"", ""value"": 0.87, ""contribution"": 0.1275}, {""name"": ""away_p_last10_pitcher_nrfi"", ""value"": 1.0, ""contribution"": -0.0929}]",676581,0.5084,3.808,4.2,62.0,50.0,0.7136,0.7136,4.0,5.17,0.8373,0.87,R,R,NRFI,WIN,0,0,0,2026-05-30T00:20:40+00:00,-120,-110,DraftKings,2026-05-30T00:09:09+00:00,0.5455,0.5238,-0.0193,-0.05,-0.0193,N,0.5,0,-120,-110,2026-05-29T23:05:13+00:00,0,0.4877,PASS,NO EDGE,,,,,,,
2026-05-29,2026,823135,1,N,ARI,SEA,10:10 PM ET,Zac Gallen,George Kirby,668678,669923,live,live,live,live,0.95,0.3874,0.5261,0.9135,0.2402,0.4321,0.6722,0.5128,0.4872,0.2325,0.7675,,,NRFI,LEAN,LEAN NRFI,4,2026-05-30T01:04:53Z,4.813,3.788,1.363,1.203,4.445,3.401,2.94,2.1,1.29,0.9,7.31,8.19,0.314,0.317,0.403,0.388,4.607,4.271,,,,1.0,0.6,0.4,0.7,0.5,0.325,0.3513,0.3865,0.4575,0.1414,0.1924,lineup,lineup,"[{""id"": 641487, ""name"": ""J.P. Crawford"", ""bats"": ""L"", ""obp"": 0.3382352941176471, ""slg"": 0.3588235294117647, ""iso"": 0.14705882352941177, ""ab"": 170}, {""id"": 677594, ""name"": ""Julio Rodr\u00edguez"", ""bats"": ""R"", ""obp"": 0.3172690763052209, ""slg"": 0.4366812227074236, ""iso"": 0.1790393013100437, ""ab"": 229}, {""id"": 647304, ""name"": ""Josh Naylor"", ""bats"": ""L"", ""obp"": 0.3217391304347826, ""slg"": 0.35406698564593303, ""iso"": 0.09569377990430622, ""ab"": 209}]","[{""id"": 606466, ""name"": ""Ketel Marte"", ""bats"": ""S"", ""obp"": 0.32599118942731276, ""slg"": 0.47619047619047616, ""iso"": 0.19999999999999996, ""ab"": 210}, {""id"": 682998, ""name"": ""Corbin Carroll"", ""bats"": ""L"", ""obp"": 0.3918918918918919, ""slg"": 0.5531914893617021, ""iso"": 0.26063829787234044, ""ab"": 188}, {""id"": 672695, ""name"": ""Geraldo Perdomo"", ""bats"": ""S"", ""obp"": 0.33640552995391704, ""slg"": 0.33519553072625696, ""iso"": 0.11173184357541899, ""ab"": 179}]","[{""name"": ""era_gap_t1"", ""value"": -1.0251, ""contribution"": -0.1104}, {""name"": ""away_top3c_iso"", ""value"": 0.1924, ""contribution"": 0.0978}, {""name"": ""away_top3c_slg"", ""value"": 0.4575, ""contribution"": -0.0875}, {""name"": ""home_fip"", ""value"": 3.4013, ""contribution"": -0.0648}, {""name"": ""home_xera"", ""value"": 3.551, ""contribution"": -0.0578}]","[{""name"": ""home_top3c_slg"", ""value"": 0.3865, ""contribution"": 0.3347}, {""name"": ""home_top3c_iso"", ""value"": 0.1414, ""contribution"": -0.1773}, {""name"": ""away_whiff_pct_rank"", ""value"": 29.0, ""contribution"": 0.0902}, {""name"": ""fi_park_nrfi_rate"", ""value"": 0.5131, ""contribution"": -0.0814}, {""name"": ""wx_is_dome"", ""value"": 1.0, ""contribution"": -0.0758}]",427197,0.5268,3.551,4.131,72.0,29.0,0.7136,0.7136,5.87,5.13,0.7623,0.7163,R,R,YRFI,LOSS,0,1,1,2026-05-30T02:24:47+00:00,-140,+110,DraftKings,2026-05-30T02:41:38+00:00,0.5833,0.4762,-0.0705,0.011,-0.0705,N,0.5,0,-140,+110,2026-05-30T01:08:23+00:00,0,0.5403,PASS,NO EDGE,,,,,,,
2026-05-29,2026,823377,1,N,MIN,PIT,6:45 PM ET,Taj Bradley,Jared Jones,671737,683003,live,avg,live,live,0.96,0.474,0.5049,0.9789,0.3571,0.4688,0.8258,0.4251,0.5749,0.2565,0.7435,,,PASS,NO DATA,PASS - No data,3,2026-05-29T22:34:52Z,3.76,4.17,1.229,1.26,3.766,4.17,3.4,2.93,1.01,1.21,9.27,8.75,0.317,0.329,0.387,0.394,4.521,4.771,24.9,17.3,34.0,0.0,0.5,0.6,0.5,0.7,0.3773,0.3126,0.4776,0.4668,0.2047,0.2196,lineup,lineup,"[{""id"": 682997, ""name"": ""Tyler Callihan"", ""bats"": ""L"", ""obp"": 0.6666666666666666, ""slg"": 1.0, ""iso"": 0.5, ""ab"": 2}, {""id"": 664040, ""name"": ""Brandon Lowe"", ""bats"": ""L"", ""obp"": 0.35267857142857145, ""slg"": 0.5510204081632653, ""iso"": 0.28571428571428564, ""ab"": 196}, {""id"": 668804, ""name"": ""Bryan Reynolds"", ""bats"": ""S"", ""obp"": 0.39094650205761317, ""slg"": 0.42574257425742573, ""iso"": 0.15346534653465344, ""ab"": 202}]","[{""id"": 621439, ""name"": ""Byron Buxton"", ""bats"": ""R"", ""obp"": 0.32272727272727275, ""slg"": 0.575, ""iso"": 0.31499999999999995, ""ab"": 200}, {""id"": 686797, ""name"": ""Brooks Lee"", ""bats"": ""S"", ""obp"": 0.30434782608695654, ""slg"": 0.4010416666666667, ""iso"": 0.15104166666666669, ""ab"": 192}, {""id"": 665019, ""name"": ""Kody Clemens"", ""bats"": ""L"", ""obp"": 0.30952380952380953, ""slg"": 0.4066666666666667, ""iso"": 0.18000000000000002, ""ab"": 150}]","[{""name"": ""away_top3c_iso"", ""value"": 0.2196, ""contribution"": 0.2892}, {""name"": ""away_top3c_slg"", ""value"": 0.4668, ""contribution"": -0.1343}, {""name"": ""home_p_last10_pitcher_nrfi"", ""value"": 0.5, ""contribution"": -0.0846}, {""name"": ""fi_park_nrfi_rate"", ""value"": 0.5188, ""contribution"": -0.0724}, {""name"": ""era_gap_t1"", ""value"": 0.4098, ""contribution"": 0.045}]","[{""name"": ""home_top3c_slg"", ""value"": 0.4776, ""contribution"": -0.2309}, {""name"": ""home_top3_ops_vs_oppHand"", ""value"": 0.8893, ""contribution"": 0.1507}, {""name"": ""home_top3c_obp"", ""value"": 0.3773, ""contribution"": 0.1297}, {""name"": ""home_top3c_iso"", ""value"": 0.2047, ""contribution"": 0.1211}, {""name"": ""fi_park_nrfi_rate"", ""value"": 0.5188, ""contribution"": -0.1113}]",596740,0.574,4.2,4.08,50.0,52.0,0.6796,0.7136,5.0,6.07,0.791,0.8893,R,R,YRFI,PASS,1,3,4,2026-05-29T23:06:28+00:00,-135,+105,DraftKings,2026-05-29T23:05:13+00:00,0.5745,0.4878,-0.1494,0.0871,,N,,,-135,+105,2026-05-29T22:43:36+00:00,,0.4550,PASS,NO EDGE,,,,,,,
2026-05-29,2026,824835,1,N,TOR,BAL,7:05 PM ET,Adam Macko,Trevor Rogers,671936,669432,sm,live,live,live,1.06,0.4656,0.514,0.9796,0.2826,0.4179,0.7004,0.4795,0.5205,0.2567,0.7433,,,PASS,NO EDGE,PASS - No edge,4,2026-05-29T23:04:51Z,3.782,4.557,1.228,1.285,3.901,3.823,2.66,3.05,1.1,0.93,8.75,7.97,0.31,0.316,0.382,0.395,4.104,4.479,25.3,12.2,38.0,0.0,0.4,0.5,0.6,0.5,0.3353,0.3364,0.4225,0.3993,0.1789,0.1295,lineup,lineup,"[{""id"": 621493, ""name"": ""Taylor Ward"", ""bats"": ""R"", ""obp"": 0.4, ""slg"": 0.35960591133004927, ""iso"": 0.10344827586206895, ""ab"": 203}, {""id"": 683002, ""name"": ""Gunnar Henderson"", ""bats"": ""L"", ""obp"": 0.26953125, ""slg"": 0.4327731092436975, ""iso"": 0.2142857142857143, ""ab"": 238}, {""id"": 668939, ""name"": ""Adley Rutschman"", ""bats"": ""S"", ""obp"": 0.3374233128834356, ""slg"": 0.4931506849315068, ""iso"": 0.22602739726027393, ""ab"": 146}]","[{""id"": 543807, ""name"": ""George Springer"", ""bats"": ""R"", ""obp"": 0.2883435582822086, ""slg"": 0.3673469387755102, ""iso"": 0.1564625850340136, ""ab"": 147}, {""id"": 676391, ""name"": ""Ernie Clement"", ""bats"": ""R"", ""obp"": 0.3169642857142857, ""slg"": 0.44651162790697674, ""iso"": 0.15348837209302324, ""ab"": 215}, {""id"": 665489, ""name"": ""Vladimir Guerrero Jr."", ""bats"": ""R"", ""obp"": 0.38961038961038963, ""slg"": 0.3711340206185567, ""iso"": 0.08247422680412375, ""ab"": 194}]","[{""name"": ""away_top3c_iso"", ""value"": 0.1295, ""contribution"": -0.3451}, {""name"": ""away_top3c_slg"", ""value"": 0.3993, ""contribution"": 0.2076}, {""name"": ""home_xera"", ""value"": 3.2577, ""contribution"": -0.0879}, {""name"": ""era_gap_t1"", ""value"": 0.775, ""contribution"": 0.0845}, {""name"": ""fi_park_nrfi_rate"", ""value"": 0.519, ""contribution"": -0.0733}]","[{""name"": ""fi_park_nrfi_rate"", ""value"": 0.519, ""contribution"": -0.1127}, {""name"": ""home_top3c_slg"", ""value"": 0.4225, ""contribution"": 0.1112}, {""name"": ""away_p_last10_pitcher_nrfi"", ""value"": 0.5, ""contribution"": 0.0713}, {""name"": ""era_gap_b1"", ""value"": -0.775, ""contribution"": -0.0531}, {""name"": ""home_plate_ump_nrfi_rate"", ""value"": 0.5484, ""contribution"": 0.0478}]",623949,0.5484,3.258,4.2,47.0,50.0,0.6942,0.7136,3.8,5.0,0.839,0.7823,L,L,NRFI,PASS,0,0,0,2026-05-29T23:17:57+00:00,-115,-115,DraftKings,2026-05-29T23:05:13+00:00,0.5349,0.5349,-0.0554,-0.0144,-0.0106,N,0.5,,-115,-115,2026-05-29T22:59:50+00:00,0,0.4877,PASS,NO EDGE,,,,,,,
2026-05-30,2026,824352,1,N,SF,COL,9:10 PM ET,Adrian Houser,Ryan Feltner,605288,663372,live,ltd,live,live,1.22,0.6474,0.6612,1.3086,0.4563,0.6418,1.0981,0.3219,0.6781,0.3762,0.6238,,,YRFI,STRONG,STRONG YRFI,4,2026-05-31T00:05:34Z,4.438,4.977,1.393,1.377,4.513,4.827,3.05,3.26,1.1,1.55,5.92,8.17,0.299,0.31,0.393,0.386,3.854,4.171,24.1,9.0,22.0,0.0,0.6,0.6,0.7,0.4,0.3276,0.3246,0.4537,0.4623,0.189,0.1782,lineup,lineup,"[{""id"": 664983, ""name"": ""Jake McCarthy"", ""bats"": ""L"", ""obp"": 0.3150684931506849, ""slg"": 0.4222222222222222, ""iso"": 0.14814814814814814, ""ab"": 135}, {""id"": 681198, ""name"": ""TJ Rumfield"", ""bats"": ""L"", ""obp"": 0.35585585585585583, ""slg"": 0.4416243654822335, ""iso"": 0.16243654822335024, ""ab"": 197}, {""id"": 696100, ""name"": ""Hunter Goodman"", ""bats"": ""R"", ""obp"": 0.30697674418604654, ""slg"": 0.4873096446700508, ""iso"": 0.2436548223350254, ""ab"": 197}]","[{""id"": 642715, ""name"": ""Willy Adames"", ""bats"": ""R"", ""obp"": 0.27615062761506276, ""slg"": 0.415929203539823, ""iso"": 0.17699115044247785, ""ab"": 226}, {""id"": 650333, ""name"": ""Luis Arraez"", ""bats"": ""L"", ""obp"": 0.37117903930131, ""slg"": 0.43333333333333335, ""iso"": 0.10476190476190478, ""ab"": 210}, {""id"": 669477, ""name"": ""Casey Schmitt"", ""bats"": ""R"", ""obp"": 0.3283582089552239, ""slg"": 0.5508021390374331, ""iso"": 0.2620320855614973, ""ab"": 187}]","[{""name"": ""fi_park_nrfi_rate"", ""value"": 0.4241, ""contribution"": 0.2547}, {""name"": ""away_top3c_slg"", ""value"": 0.4623, ""contribution"": -0.1115}, {""name"": ""home_fip"", ""value"": 4.8273, ""contribution"": 0.0953}, {""name"": ""home_xera"", ""value"": 4.7432, ""contribution"": 0.0643}, {""name"": ""era_gap_t1"", ""value"": 0.5386, ""contribution"": 0.0589}]","[{""name"": ""fi_park_nrfi_rate"", ""value"": 0.4241, ""contribution"": 0.3916}, {""name"": ""away_whiff_pct_rank"", ""value"": 10.0, ""contribution"": 0.1721}, {""name"": ""away_p_last10_pitcher_nrfi"", ""value"": 0.4, ""contribution"": 0.1041}, {""name"": ""home_top3c_slg"", ""value"": 0.4537, ""contribution"": -0.0826}, {""name"": ""away_fip"", ""value"": 4.5132, ""contribution"": 0.0561}]",483912,0.5511,4.743,4.301,55.0,10.0,0.7197,0.7075,4.0,5.4,0.804,0.7977,R,R,YRFI,WIN,0,2,2,2026-05-31T01:32:07+00:00,+100,-135,DraftKings,2026-05-31T00:14:03+00:00,0.5,0.5745,-0.1781,0.1036,0.1036,Y,1,0.741,+100,-135,2026-05-31T00:05:22+00:00,0,0.4521,PASS,NO EDGE,,,,,,,
2026-05-30,2026,824593,1,N,DET,CWS,2:10 PM ET,Framber Valdez,Anthony Kay,664285,641743,live,ltd,live,live,0.98,0.5078,0.5049,1.0128,0.4728,0.6296,1.1024,0.3219,0.6781,0.2689,0.7311,,,YRFI,STRONG,STRONG YRFI,4,2026-05-30T17:03:51Z,4.034,4.051,1.294,1.334,3.747,4.529,3.31,3.52,0.81,1.21,7.93,7.61,0.314,0.323,0.376,0.404,3.952,4.632,20.2,27.0,51.0,0.0,0.4,0.8,0.4444,0.7,0.3432,0.3354,0.4461,0.4162,0.2026,0.1694,lineup,lineup,"[{""id"": 805367, ""name"": ""Chase Meidroth"", ""bats"": ""R"", ""obp"": 0.341991341991342, ""slg"": 0.3902439024390244, ""iso"": 0.12195121951219512, ""ab"": 205}, {""id"": 678246, ""name"": ""Miguel Vargas"", ""bats"": ""R"", ""obp"": 0.36475409836065575, ""slg"": 0.485, ""iso"": 0.25, ""ab"": 200}, {""id"": 695657, ""name"": ""Colson Montgomery"", ""bats"": ""L"", ""obp"": 0.3220338983050847, ""slg"": 0.463768115942029, ""iso"": 0.23671497584541062, ""ab"": 207}]","[{""id"": 805808, ""name"": ""Kevin McGonigle"", ""bats"": ""L"", ""obp"": 0.3861788617886179, ""slg"": 0.41232227488151657, ""iso"": 0.12796208530805686, ""ab"": 211}, {""id"": 693307, ""name"": ""Dillon Dingler"", ""bats"": ""R"", ""obp"": 0.319047619047619, ""slg"": 0.46774193548387094, ""iso"": 0.23655913978494622, ""ab"": 186}, {""id"": 669398, ""name"": ""Gage Workman"", ""bats"": ""L"", ""obp"": 0.16216216216216217, ""slg"": 0.40540540540540543, ""iso"": 0.24324324324324326, ""ab"": 37}]","[{""name"": ""home_xera"", ""value"": 7.5858, ""contribution"": 0.3556}, {""name"": ""away_top3c_slg"", ""value"": 0.4162, ""contribution"": 0.1219}, {""name"": ""home_p_last10_pitcher_nrfi"", ""value"": 0.4444, ""contribution"": -0.1063}, {""name"": ""fi_park_nrfi_rate"", ""value"": 0.473, ""contribution"": 0.0859}, {""name"": ""wx_wind_kmh"", ""value"": 27.0, ""contribution"": 0.0691}]","[{""name"": ""home_top3_ops_vs_oppHand"", ""value"": 1.005, ""contribution"": 0.2892}, {""name"": ""wx_wind_kmh"", ""value"": 27.0, ""contribution"": 0.1632}, {""name"": ""fi_park_nrfi_rate"", ""value"": 0.473, ""contribution"": 0.1321}, {""name"": ""home_top3c_iso"", ""value"": 0.2026, ""contribution"": 0.1114}, {""name"": ""away_whiff_pct_rank"", ""value"": 67.0, ""contribution"": -0.0738}]",483569,0.5176,7.586,3.74,50.0,67.0,0.7136,0.7272,5.47,5.33,0.734,1.005,L,L,YRFI,WIN,0,2,2,2026-05-30T18:32:54+00:00,-135,+105,DraftKings,2026-05-30T17:12:11+00:00,0.5745,0.4878,-0.2526,0.1903,0.1903,Y,1,1.05,-135,+105,2026-05-30T17:06:48+00:00,0,0.3767,YRFI,STRONG,,,,,,,
2026-05-30,2026,822731,1,N,SD,WSH,4:05 PM ET,Michael King,Foster Griffin,650633,656492,live,ltd,live,live,0.97,0.4496,0.5181,0.9676,0.3158,0.4195,0.7353,0.4772,0.5228,0.2523,0.7477,,,PASS,NO EDGE,PASS - No edge,4,2026-05-30T19:15:22Z,3.139,3.842,1.179,1.181,3.868,4.255,3.68,2.83,0.98,1.36,9.14,8.73,0.297,0.323,0.372,0.417,4.063,5.185,20.9,17.7,39.0,0.0,0.4,0.8,0.7,0.9,0.3447,0.3276,0.4638,0.408,0.1997,0.1442,lineup,lineup,"[{""id"": 690925, ""name"": ""Clayton Beeter"", ""bats"": ""R"", ""obp"": null, ""slg"": null, ""iso"": null, ""ab"": null}, {""id"": 671277, ""name"": ""Luis Garc\u00eda Jr."", ""bats"": ""L"", ""obp"": 0.2849162011173184, ""slg"": 0.4127906976744186, ""iso"": 0.1511627906976744, ""ab"": 172}, {""id"": 695734, ""name"": ""Daylen Lile"", ""bats"": ""L"", ""obp"": 0.31225296442687744, ""slg"": 0.42358078602620086, ""iso"": 0.16593886462882096, ""ab"": 229}]","[{""id"": 665487, ""name"": ""Fernando Tatis Jr."", ""bats"": ""R"", ""obp"": 0.3446808510638298, ""slg"": 0.3073170731707317, ""iso"": 0.03902439024390242, ""ab"": 205}, {""id"": 657757, ""name"": ""Gavin Sheets"", ""bats"": ""L"", ""obp"": 0.3409090909090909, ""slg"": 0.4935897435897436, ""iso"": 0.23717948717948723, ""ab"": 156}, {""id"": 609280, ""name"": ""Miguel Andujar"", ""bats"": ""R"", ""obp"": 0.29069767441860467, ""slg"": 0.45180722891566266, ""iso"": 0.18674698795180722, ""ab"": 166}]","[{""name"": ""away_top3c_iso"", ""value"": 0.1442, ""contribution"": -0.2414}, {""name"": ""away_top3c_slg"", ""value"": 0.408, ""contribution"": 0.1636}, {""name"": ""away_top3_ops_vs_oppHand"", ""value"": 0.6453, ""contribution"": -0.1242}, {""name"": ""era_gap_t1"", ""value"": 0.7032, ""contribution"": 0.0768}, {""name"": ""fi_park_nrfi_rate"", ""value"": 0.4761, ""contribution"": 0.0751}]","[{""name"": ""home_top3c_slg"", ""value"": 0.4638, ""contribution"": -0.1452}, {""name"": ""fi_park_nrfi_rate"", ""value"": 0.4761, ""contribution"": 0.1154}, {""name"": ""home_top3c_iso"", ""value"": 0.1997, ""contribution"": 0.0976}, {""name"": ""home_top3_ops_vs_oppHand"", ""value"": 0.834, ""contribution"": 0.0844}, {""name"": ""home_obp"", ""value"": 0.3232, ""contribution"": 0.0655}]",658292,0.4848,4.362,3.885,59.0,56.0,0.7136,0.7272,5.67,5.67,0.6453,0.834,R,L,NRFI,PASS,0,0,0,2026-05-30T20:21:28+00:00,-135,+100,DraftKings,2026-05-30T20:01:46+00:00,0.5745,0.5,-0.0973,0.0228,0.0936,N,1,,-135,+100,2026-05-30T20:01:46+00:00,0,0.4877,PASS,NO EDGE,,,,,,,
2026-05-30,2026,822975,1,N,LAA,TB,4:10 PM ET,Reid Detmers,Drew Rasmussen,672282,656876,live,live,live,live,0.93,0.3523,0.4079,0.7602,0.3668,0.4747,0.8415,0.4093,0.5907,0.177,0.823,,,YRFI,STRONG,STRONG YRFI,4,2026-05-30T19:04:12Z,4.372,2.772,1.195,0.997,3.108,3.685,2.93,1.88,0.83,1.12,10.49,8.04,0.314,0.331,0.386,0.394,4.199,4.659,,,,1.0,0.8,0.8,0.8,0.8,0.3795,0.3608,0.5,0.4428,0.2104,0.2066,lineup,lineup,"[{""id"": 650490, ""name"": ""Yandy D\u00edaz"", ""bats"": ""R"", ""obp"": 0.3918918918918919, ""slg"": 0.5230769230769231, ""iso"": 0.2102564102564103, ""ab"": 195}, {""id"": 666018, ""name"": ""Jonathan Aranda"", ""bats"": ""L"", ""obp"": 0.3888888888888889, ""slg"": 0.49222797927461137, ""iso"": 0.20207253886010362, ""ab"": 193}, {""id"": 691406, ""name"": ""Junior Caminero"", ""bats"": ""R"", ""obp"": 0.35864978902953587, ""slg"": 0.4854368932038835, ""iso"": 0.2184466019417476, ""ab"": 206}]","[{""id"": 624428, ""name"": ""Adam Frazier"", ""bats"": ""L"", ""obp"": 0.3048780487804878, ""slg"": 0.36486486486486486, ""iso"": 0.13513513513513511, ""ab"": 74}, {""id"": 545361, ""name"": ""Mike Trout"", ""bats"": ""R"", ""obp"": 0.4046692607003891, ""slg"": 0.48, ""iso"": 0.245, ""ab"": 200}, {""id"": 687093, ""name"": ""Vaughn Grissom"", ""bats"": ""R"", ""obp"": 0.3053435114503817, ""slg"": 0.3826086956521739, ""iso"": 0.14782608695652175, ""ab"": 115}]","[{""name"": ""fi_park_nrfi_rate"", ""value"": 0.4376, ""contribution"": 0.2081}, {""name"": ""away_top3c_iso"", ""value"": 0.2066, ""contribution"": 0.1983}, {""name"": ""era_gap_t1"", ""value"": -1.6001, ""contribution"": -0.1726}, {""name"": ""home_xera"", ""value"": 3.2993, ""contribution"": -0.0836}, {""name"": ""home_fip"", ""value"": 3.6854, ""contribution"": -0.0329}]","[{""name"": ""home_top3c_slg"", ""value"": 0.5, ""contribution"": -0.3703}, {""name"": ""fi_park_nrfi_rate"", ""value"": 0.4376, ""contribution"": 0.3199}, {""name"": ""home_top3c_iso"", ""value"": 0.2104, ""contribution"": 0.1484}, {""name"": ""home_top3c_obp"", ""value"": 0.3795, ""contribution"": 0.1375}, {""name"": ""home_obp"", ""value"": 0.3309, ""contribution"": 0.1195}]",427315,0.5564,3.299,3.122,44.0,65.0,0.7136,0.7396,5.87,5.87,0.7973,0.826,L,R,YRFI,WIN,4,1,5,2026-05-30T20:40:34+00:00,-130,+100,DraftKings,2026-05-30T19:18:24+00:00,0.5652,0.5,-0.1559,0.0907,0.0907,Y,1,1,-130,+100,2026-05-30T19:07:18+00:00,0,0.4604,PASS,NO EDGE,,,,,,,
2026-05-30,2026,824513,1,N,ATL,CIN,7:15 PM ET,Martín Pérez,Brady Singer,527048,663903,live,live,live,live,1.09,0.7279,0.5365,1.2644,0.4945,0.4898,0.9843,0.377,0.623,0.3605,0.6395,,,YRFI,STRONG,STRONG YRFI,4,2026-05-30T22:05:00Z,3.246,5.223,1.104,1.486,4.027,5.252,3.06,2.74,1.03,1.94,7.87,7.59,0.324,0.315,0.428,0.397,5.13,4.444,25.7,16.1,30.0,0.0,0.2,0.8,0.4,0.5,0.3507,0.3464,0.4868,0.4957,0.213,0.2232,lineup,lineup,"[{""id"": 694362, ""name"": ""Blake Dunn"", ""bats"": ""R"", ""obp"": 0.36065573770491804, ""slg"": 0.42857142857142855, ""iso"": 0.125, ""ab"": 56}, {""id"": 682829, ""name"": ""Elly De La Cruz"", ""bats"": ""S"", ""obp"": 0.34, ""slg"": 0.5, ""iso"": 0.2256637168141593, ""ab"": 226}, {""id"": 701398, ""name"": ""Sal Stewart"", ""bats"": ""R"", ""obp"": 0.35918367346938773, ""slg"": 0.4881516587677725, ""iso"": 0.22274881516587675, ""ab"": 211}]","[{""id"": 660670, ""name"": ""Ronald Acu\u00f1a Jr."", ""bats"": ""R"", ""obp"": 0.36363636363636365, ""slg"": 0.3803680981595092, ""iso"": 0.14110429447852763, ""ab"": 163}, {""id"": 671739, ""name"": ""Michael Harris II"", ""bats"": ""L"", ""obp"": 0.3333333333333333, ""slg"": 0.5353535353535354, ""iso"": 0.2272727272727273, ""ab"": 198}, {""id"": 621566, ""name"": ""Matt Olson"", ""bats"": ""L"", ""obp"": 0.34375, ""slg"": 0.5442477876106194, ""iso"": 0.2787610619469026, ""ab"": 226}]","[{""name"": ""away_top3c_iso"", ""value"": 0.2232, ""contribution"": 0.3147}, {""name"": ""away_top3c_slg"", ""value"": 0.4957, ""contribution"": -0.281}, {""name"": ""era_gap_t1"", ""value"": 1.9771, ""contribution"": 0.2147}, {""name"": ""home_fip"", ""value"": 5.2518, ""contribution"": 0.1429}, {""name"": ""away_top3_ops_vs_oppHand"", ""value"": 0.8917, ""contribution"": 0.1268}]","[{""name"": ""home_top3c_slg"", ""value"": 0.4868, ""contribution"": -0.2884}, {""name"": ""home_top3_ops_vs_oppHand"", ""value"": 0.9247, ""contribution"": 0.193}, {""name"": ""away_whiff_pct_rank"", ""value"": 6.0, ""contribution"": 0.1894}, {""name"": ""home_top3c_iso"", ""value"": 0.213, ""contribution"": 0.1604}, {""name"": ""era_gap_b1"", ""value"": -1.9771, ""contribution"": -0.1349}]",427243,0.4707,4.422,5.497,32.0,6.0,0.6942,0.7272,4.47,5.47,0.8917,0.9247,L,R,NRFI,LOSS,0,0,0,2026-05-30T23:27:07+00:00,+110,-145,DraftKings,2026-05-30T22:19:10+00:00,0.4762,0.5918,-0.0992,0.0312,0.0312,Y,1,-1,+110,-145,2026-05-30T22:13:43+00:00,0,0.4653,PASS,NO EDGE,,,,,,,
2026-05-30,2026,825000,1,N,NYY,OAK,10:05 PM ET,Ryan Weathers,J.T. Ginn,677960,669372,ltd,live,live,live,0.93,0.5209,0.4634,0.9843,0.5397,0.5049,1.0446,0.3381,0.6619,0.2585,0.7415,,,YRFI,STRONG,STRONG YRFI,4,2026-05-31T00:35:29Z,3.541,3.904,1.18,1.224,3.903,4.293,2.68,3.53,1.3,1.26,9.63,8.76,0.329,0.325,0.434,0.392,4.938,4.243,20.2,15.2,57.0,0.0,1.0,0.8,0.8,0.7,0.3909,0.3675,0.4967,0.5331,0.2129,0.277,lineup,lineup,"[{""id"": 687515, ""name"": ""Colby Thomas"", ""bats"": ""R"", ""obp"": 0.325, ""slg"": 0.42105263157894735, ""iso"": 0.13157894736842102, ""ab"": 38}, {""id"": 701762, ""name"": ""Nick Kurtz"", ""bats"": ""L"", ""obp"": 0.42745098039215684, ""slg"": 0.472636815920398, ""iso"": 0.19900497512437815, ""ab"": 201}, {""id"": 669127, ""name"": ""Shea Langeliers"", ""bats"": ""R"", ""obp"": 0.3628691983122363, ""slg"": 0.5330188679245284, ""iso"": 0.24056603773584911, ""ab"": 212}]","[{""id"": 663757, ""name"": ""Trent Grisham"", ""bats"": ""L"", ""obp"": 0.32710280373831774, ""slg"": 0.3888888888888889, ""iso"": 0.17777777777777778, ""ab"": 180}, {""id"": 700250, ""name"": ""Ben Rice"", ""bats"": ""L"", ""obp"": 0.3926940639269406, ""slg"": 0.6542553191489362, ""iso"": 0.35106382978723405, ""ab"": 188}, {""id"": 592450, ""name"": ""Aaron Judge"", ""bats"": ""R"", ""obp"": 0.38, ""slg"": 0.5485436893203883, ""iso"": 0.2961165048543689, ""ab"": 206}]","[{""name"": ""away_top3c_iso"", ""value"": 0.277, ""contribution"": 0.6939}, {""name"": ""away_top3c_slg"", ""value"": 0.5331, ""contribution"": -0.4702}, {""name"": ""fi_park_nrfi_rate"", ""value"": 0.4422, ""contribution"": 0.1922}, {""name"": ""away_top3_ops_vs_oppHand"", ""value"": 0.8983, ""contribution"": 0.1336}, {""name"": ""home_xera"", ""value"": 3.6671, ""contribution"": -0.0459}]","[{""name"": ""home_top3c_slg"", ""value"": 0.4967, ""contribution"": -0.3496}, {""name"": ""fi_park_nrfi_rate"", ""value"": 0.4422, ""contribution"": 0.2954}, {""name"": ""home_top3c_obp"", ""value"": 0.3909, ""contribution"": 0.1773}, {""name"": ""away_whiff_pct_rank"", ""value"": 88.0, ""contribution"": -0.1645}, {""name"": ""home_top3c_iso"", ""value"": 0.2129, ""contribution"": 0.1598}]",644760,0.6254,3.667,4.324,82.0,88.0,0.7272,0.7272,5.73,5.8,0.8983,0.808,L,R,YRFI,WIN,0,2,2,2026-05-31T02:22:24+00:00,+100,-135,DraftKings,2026-05-31T01:08:54+00:00,0.5,0.5745,-0.1619,0.0874,0.0874,Y,1,0.741,+100,-135,2026-05-31T01:00:03+00:00,0,0.3957,YRFI,STRONG,,,,,,,
2026-05-30,2026,823945,1,N,PHI,LAD,10:10 PM ET,Jesús Luzardo,Roki Sasaki,666200,808963,live,ltd,live,live,0.97,0.5348,0.4267,0.9615,0.5971,0.3822,0.9793,0.3804,0.6196,0.2501,0.7499,,,YRFI,STRONG,STRONG YRFI,4,2026-05-31T01:05:41Z,4.198,4.614,1.256,1.369,2.839,4.88,2.62,3.64,0.76,1.56,10.6,8.4,0.299,0.339,0.388,0.435,4.062,5.132,23.9,14.8,52.0,0.0,0.8,0.8,0.8,0.9,0.3728,0.326,0.5049,0.4867,0.2222,0.2473,lineup,lineup,"[{""id"": 660271, ""name"": ""Shohei Ohtani"", ""bats"": ""L"", ""obp"": 0.4057377049180328, ""slg"": 0.5025380710659898, ""iso"": 0.22335025380710655, ""ab"": 197}, {""id"": 681624, ""name"": ""Andy Pages"", ""bats"": ""R"", ""obp"": 0.3448275862068966, ""slg"": 0.5377358490566038, ""iso"": 0.24056603773584906, ""ab"": 212}, {""id"": 518692, ""name"": ""Freddie Freeman"", ""bats"": ""L"", ""obp"": 0.3659574468085106, ""slg"": 0.4729064039408867, ""iso"": 0.20197044334975367, ""ab"": 203}]","[{""id"": 656941, ""name"": ""Kyle Schwarber"", ""bats"": ""L"", ""obp"": 0.3512396694214876, ""slg"": 0.6116504854368932, ""iso"": 0.37378640776699024, ""ab"": 206}, {""id"": 607208, ""name"": ""Trea Turner"", ""bats"": ""R"", ""obp"": 0.27419354838709675, ""slg"": 0.3521739130434783, ""iso"": 0.13043478260869568, ""ab"": 230}, {""id"": 547180, ""name"": ""Bryce Harper"", ""bats"": ""L"", ""obp"": 0.35443037974683544, ""slg"": 0.5123152709359606, ""iso"": 0.2512315270935961, ""ab"": 203}]","[{""name"": ""away_top3c_iso"", ""value"": 0.2473, ""contribution"": 0.4844}, {""name"": ""away_top3c_slg"", ""value"": 0.4867, ""contribution"": -0.2352}, {""name"": ""home_xera"", ""value"": 5.9092, ""contribution"": 0.1838}, {""name"": ""away_top3_ops_vs_oppHand"", ""value"": 0.8677, ""contribution"": 0.1024}, {""name"": ""home_fip"", ""value"": 4.8805, ""contribution"": 0.1012}]","[{""name"": ""home_top3c_slg"", ""value"": 0.5049, ""contribution"": -0.4007}, {""name"": ""home_top3c_iso"", ""value"": 0.2222, ""contribution"": 0.204}, {""name"": ""home_obp"", ""value"": 0.339, ""contribution"": 0.1762}, {""name"": ""away_whiff_pct_rank"", ""value"": 90.0, ""contribution"": -0.1731}, {""name"": ""home_top3_ops_vs_oppHand"", ""value"": 0.8787, ""contribution"": 0.1379}]",428442,0.5176,5.909,3.2,53.0,90.0,0.6796,0.751,5.6,5.47,0.8677,0.8787,L,R,NRFI,LOSS,0,0,0,2026-05-31T02:25:48+00:00,-110,-115,DraftKings,2026-05-31T01:14:14+00:00,0.5238,0.5349,-0.1434,0.0847,0.0847,Y,1,-1,-110,-115,2026-05-31T01:08:54+00:00,0,0.4103,YRFI,STRONG,,,,,,,
2026-05-30,2026,823622,1,N,MIA,NYM,4:10 PM ET,Tyler Phillips,Christian Scott,663969,681035,live,sm,live,live,0.96,0.4699,0.4434,0.9133,0.4011,0.2585,0.6595,0.5387,0.4613,0.2324,0.7676,,,NRFI,LEAN,LEAN NRFI,4,2026-05-30T19:04:12Z,2.275,3.796,1.217,1.306,3.809,3.731,3.77,3.74,0.69,0.88,7.65,9.52,0.319,0.297,0.385,0.363,4.322,4.035,14.5,15.8,53.0,0.0,0.6,1.0,0.5,1.0,0.3181,0.3695,0.3891,0.4783,0.1391,0.1691,lineup,lineup,"[{""id"": 701807, ""name"": ""Carson Benge"", ""bats"": ""L"", ""obp"": 0.3076923076923077, ""slg"": 0.3263157894736842, ""iso"": 0.08421052631578949, ""ab"": 190}, {""id"": 666182, ""name"": ""Bo Bichette"", ""bats"": ""R"", ""obp"": 0.276, ""slg"": 0.31601731601731603, ""iso"": 0.09090909090909091, ""ab"": 231}, {""id"": 665742, ""name"": ""Juan Soto"", ""bats"": ""L"", ""obp"": 0.391812865497076, ""slg"": 0.5850340136054422, ""iso"": 0.2857142857142857, ""ab"": 147}]","[{""id"": 669364, ""name"": ""Xavier Edwards"", ""bats"": ""S"", ""obp"": 0.4, ""slg"": 0.49074074074074076, ""iso"": 0.17129629629629634, ""ab"": 216}, {""id"": 689414, ""name"": ""Liam Hicks"", ""bats"": ""L"", ""obp"": 0.3397129186602871, ""slg"": 0.4725274725274725, ""iso"": 0.20879120879120877, ""ab"": 182}, {""id"": 672640, ""name"": ""Otto Lopez"", ""bats"": ""R"", ""obp"": 0.36401673640167365, ""slg"": 0.47085201793721976, ""iso"": 0.13452914798206278, ""ab"": 223}]","[{""name"": ""home_xera"", ""value"": 8.0432, ""contribution"": 0.4025}, {""name"": ""away_top3c_slg"", ""value"": 0.4783, ""contribution"": -0.1924}, {""name"": ""era_gap_t1"", ""value"": 1.5207, ""contribution"": 0.1653}, {""name"": ""home_p_last10_pitcher_nrfi"", ""value"": 0.5, ""contribution"": -0.0846}, {""name"": ""away_top3c_iso"", ""value"": 0.1691, ""contribution"": -0.0663}]","[{""name"": ""home_top3c_slg"", ""value"": 0.3891, ""contribution"": 0.3187}, {""name"": ""home_top3c_iso"", ""value"": 0.1391, ""contribution"": -0.1885}, {""name"": ""away_whiff_pct_rank"", ""value"": 85.0, ""contribution"": -0.1515}, {""name"": ""home_obp"", ""value"": 0.297, ""contribution"": -0.1176}, {""name"": ""era_gap_b1"", ""value"": -1.5207, ""contribution"": -0.1039}]",596809,0.5038,8.043,4.17,50.0,85.0,0.7136,0.7136,4.8,3.17,0.8147,0.7407,R,R,NRFI,WIN,0,0,0,2026-05-30T20:41:15+00:00,-145,+110,DraftKings,2026-05-30T21:04:35+00:00,0.5918,0.4762,-0.0531,-0.0149,-0.0531,N,0.5,0,-145,+110,2026-05-30T19:07:18+00:00,0,0.3767,YRFI,STRONG,,,,,,,
2026-05-30,2026,824190,1,N,MIL,HOU,4:10 PM ET,Brandon Sproat,Peter Lambert,687075,663567,ltd,ltd,live,live,0.99,0.477,0.6406,1.1176,0.2859,0.4502,0.7362,0.4772,0.5228,0.3074,0.6926,,,PASS,NO EDGE,PASS - No edge,4,2026-05-30T20:07:12Z,5.096,3.98,1.403,1.215,4.761,3.699,4.29,3.49,1.44,0.83,9.19,8.86,0.328,0.319,0.373,0.409,4.804,4.453,,,,1.0,1.0,1.0,0.8571,0.8,0.3625,0.3651,0.5426,0.4465,0.2693,0.1765,lineup,lineup,"[{""id"": 665161, ""name"": ""Jeremy Pe\u00f1a"", ""bats"": ""R"", ""obp"": 0.3076923076923077, ""slg"": 0.37349397590361444, ""iso"": 0.12048192771084337, ""ab"": 83}, {""id"": 670541, ""name"": ""Yordan Alvarez"", ""bats"": ""L"", ""obp"": 0.4150197628458498, ""slg"": 0.6411483253588517, ""iso"": 0.3397129186602871, ""ab"": 209}, {""id"": 572233, ""name"": ""Christian Walker"", ""bats"": ""R"", ""obp"": 0.3277310924369748, ""slg"": 0.5117370892018779, ""iso"": 0.2582159624413145, ""ab"": 213}]","[{""id"": 592885, ""name"": ""Christian Yelich"", ""bats"": ""L"", ""obp"": 0.330188679245283, ""slg"": 0.4639175257731959, ""iso"": 0.19587628865979384, ""ab"": 97}, {""id"": 694192, ""name"": ""Jackson Chourio"", ""bats"": ""R"", ""obp"": 0.31958762886597936, ""slg"": 0.4111111111111111, ""iso"": 0.14444444444444443, ""ab"": 90}, {""id"": 668930, ""name"": ""Brice Turang"", ""bats"": ""L"", ""obp"": 0.4, ""slg"": 0.45454545454545453, ""iso"": 0.18181818181818182, ""ab"": 187}]","[{""name"": ""home_xera"", ""value"": 2.829, ""contribution"": -0.1318}, {""name"": ""era_gap_t1"", ""value"": -1.1165, ""contribution"": -0.1203}, {""name"": ""away_top3_ops_vs_oppHand"", ""value"": 0.8423, ""contribution"": 0.0765}, {""name"": ""home_p_last10_pitcher_nrfi"", ""value"": 0.8571, ""contribution"": 0.0549}, {""name"": ""fi_park_nrfi_rate"", ""value"": 0.482, ""contribution"": 0.0547}]","[{""name"": ""home_top3c_slg"", ""value"": 0.5426, ""contribution"": -0.6347}, {""name"": ""home_top3c_iso"", ""value"": 0.2693, ""contribution"": 0.4263}, {""name"": ""away_whiff_pct_rank"", ""value"": 16.0, ""contribution"": 0.1463}, {""name"": ""fi_park_nrfi_rate"", ""value"": 0.482, ""contribution"": 0.084}, {""name"": ""away_fip"", ""value"": 4.7613, ""contribution"": 0.0826}]",623938,0.4993,2.829,4.139,50.0,16.0,0.7136,0.7136,5.87,4.47,0.8423,0.832,R,R,YRFI,PASS,1,0,1,2026-05-30T20:31:22+00:00,-105,-125,DraftKings,2026-05-30T20:07:08+00:00,0.5122,0.5556,-0.035,-0.0328,,N,,,-105,-125,2026-05-30T20:07:08+00:00,,0.6370,NRFI,STRONG,,,,,,,
2026-05-30,2026,823054,1,N,CHC,STL,7:15 PM ET,Ben Brown,Kyle Leahy,676962,681517,live,live,live,live,0.97,0.5279,0.4172,0.9451,0.3403,0.403,0.7434,0.4772,0.5228,0.244,0.756,,,PASS,NO EDGE,PASS - No edge,4,2026-05-30T23:05:47Z,3.771,3.963,1.194,1.428,3.167,4.254,2.8,3.47,0.81,1.11,9.82,7.89,0.332,0.318,0.392,0.392,4.719,4.407,25.0,5.8,85.0,0.0,1.0,0.6,0.9,0.6,0.3624,0.3408,0.4238,0.3696,0.1653,0.132,lineup,lineup,"[{""id"": 802139, ""name"": ""JJ Wetherholt"", ""bats"": ""L"", ""obp"": 0.3493975903614458, ""slg"": 0.39712918660287083, ""iso"": 0.1626794258373206, ""ab"": 209}, {""id"": 671056, ""name"": ""Iv\u00e1n Herrera"", ""bats"": ""R"", ""obp"": 0.392, ""slg"": 0.4362745098039216, ""iso"": 0.1715686274509804, ""ab"": 204}, {""id"": 676475, ""name"": ""Alec Burleson"", ""bats"": ""L"", ""obp"": 0.3446808510638298, ""slg"": 0.4380952380952381, ""iso"": 0.16190476190476188, ""ab"": 210}]","[{""id"": 691718, ""name"": ""Pete Crow-Armstrong"", ""bats"": ""L"", ""obp"": 0.3138075313807531, ""slg"": 0.3619047619047619, ""iso"": 0.13809523809523808, ""ab"": 210}, {""id"": 663538, ""name"": ""Nico Hoerner"", ""bats"": ""R"", ""obp"": 0.33587786259541985, ""slg"": 0.35964912280701755, ""iso"": 0.10964912280701755, ""ab"": 228}, {""id"": 683737, ""name"": ""Michael Busch"", ""bats"": ""L"", ""obp"": 0.3715415019762846, ""slg"": 0.3883495145631068, ""iso"": 0.15048543689320387, ""ab"": 206}]","[{""name"": ""away_top3c_slg"", ""value"": 0.3696, ""contribution"": 0.3581}, {""name"": ""away_top3c_iso"", ""value"": 0.132, ""contribution"": -0.3275}, {""name"": ""fi_park_nrfi_rate"", ""value"": 0.527, ""contribution"": -0.1009}, {""name"": ""home_p_last10_pitcher_nrfi"", ""value"": 0.9, ""contribution"": 0.0716}, {""name"": ""away_top3_ops_vs_oppHand"", ""value"": 0.7033, ""contribution"": -0.0651}]","[{""name"": ""fi_park_nrfi_rate"", ""value"": 0.527, ""contribution"": -0.1552}, {""name"": ""home_top3c_slg"", ""value"": 0.4238, ""contribution"": 0.1034}, {""name"": ""away_fip"", ""value"": 3.1669, ""contribution"": -0.0877}, {""name"": ""home_top3c_obp"", ""value"": 0.3624, ""contribution"": 0.0775}, {""name"": ""home_top3_ops_vs_oppHand"", ""value"": 0.8277, ""contribution"": 0.0768}]",664263,0.565,4.459,2.77,32.0,43.0,0.7272,0.7136,5.33,4.8,0.7033,0.8277,R,R,NRFI,PASS,0,0,0,2026-05-30T23:24:03+00:00,-135,+105,DraftKings,2026-05-30T23:36:03+00:00,0.5745,0.4878,-0.0973,0.035,,N,,,-135,+105,2026-05-30T23:14:14+00:00,,0.4600,PASS,NO EDGE,,,,,,,
2026-05-30,2026,823375,1,N,MIN,PIT,4:05 PM ET,Bailey Ober,Mitch Keller,641927,656605,live,live,live,live,0.96,0.4046,0.5267,0.9314,0.3384,0.446,0.7844,0.4433,0.5567,0.239,0.761,,,PASS,NO EDGE,PASS - No edge,4,2026-05-30T19:15:22Z,4.383,3.851,1.178,1.143,4.686,3.668,2.25,2.64,1.52,0.76,6.69,6.92,0.316,0.329,0.388,0.394,4.527,4.788,20.8,16.4,33.0,0.0,0.8,1.0,0.8,0.9,0.3793,0.3174,0.4789,0.4375,0.206,0.1949,lineup,lineup,"[{""id"": 687462, ""name"": ""Spencer Horwitz"", ""bats"": ""L"", ""obp"": 0.3939393939393939, ""slg"": 0.4539877300613497, ""iso"": 0.1656441717791411, ""ab"": 163}, {""id"": 682997, ""name"": ""Tyler Callihan"", ""bats"": ""L"", ""obp"": 0.6666666666666666, ""slg"": 1.0, ""iso"": 0.5, ""ab"": 2}, {""id"": 668804, ""name"": ""Bryan Reynolds"", ""bats"": ""S"", ""obp"": 0.3951612903225806, ""slg"": 0.43902439024390244, ""iso"": 0.16585365853658535, ""ab"": 205}]","[{""id"": 621439, ""name"": ""Byron Buxton"", ""bats"": ""R"", ""obp"": 0.3169642857142857, ""slg"": 0.5637254901960784, ""iso"": 0.3088235294117647, ""ab"": 204}, {""id"": 686797, ""name"": ""Brooks Lee"", ""bats"": ""S"", ""obp"": 0.3033175355450237, ""slg"": 0.3979591836734694, ""iso"": 0.14795918367346939, ""ab"": 196}, {""id"": 605137, ""name"": ""Josh Bell"", ""bats"": ""S"", ""obp"": 0.27601809954751133, ""slg"": 0.3333333333333333, ""iso"": 0.11940298507462685, ""ab"": 201}]","[{""name"": ""away_top3c_iso"", ""value"": 0.1949, ""contribution"": 0.1152}, {""name"": ""fi_park_nrfi_rate"", ""value"": 0.5188, ""contribution"": -0.0724}, {""name"": ""era_gap_t1"", ""value"": -0.5314, ""contribution"": -0.0569}, {""name"": ""home_fip"", ""value"": 3.6682, ""contribution"": -0.0349}, {""name"": ""home_p_last10_pitcher_nrfi"", ""value"": 0.8, ""contribution"": 0.0326}]","[{""name"": ""home_top3c_slg"", ""value"": 0.4789, ""contribution"": -0.239}, {""name"": ""home_top3_ops_vs_oppHand"", ""value"": 0.883, ""contribution"": 0.1431}, {""name"": ""home_top3c_obp"", ""value"": 0.3793, ""contribution"": 0.1367}, {""name"": ""home_top3c_iso"", ""value"": 0.206, ""contribution"": 0.1273}, {""name"": ""fi_park_nrfi_rate"", ""value"": 0.5188, ""contribution"": -0.1113}]",605673,0.4897,4.372,4.06,18.0,57.0,0.6942,0.7272,6.07,6.0,0.7913,0.883,R,R,YRFI,PASS,0,1,1,2026-05-30T20:23:31+00:00,-110,-115,DraftKings,2026-05-30T20:01:46+00:00,0.5238,0.5349,-0.0796,0.0209,,N,,,-110,-115,2026-05-30T20:01:46+00:00,,0.4877,PASS,NO EDGE,,,,,,,
2026-05-30,2026,824833,1,N,TOR,BAL,4:05 PM ET,Trey Yesavage,Brandon Young,702056,687064,ltd,ltd,live,live,1.06,0.6019,0.4528,1.0548,0.2994,0.3583,0.6578,0.54,0.46,0.2844,0.7156,,,NRFI,LEAN,LEAN NRFI,4,2026-05-30T19:04:12Z,3.317,4.357,1.171,1.397,3.197,4.851,2.88,3.57,0.67,1.4,9.24,7.33,0.31,0.316,0.386,0.397,4.13,4.486,20.5,15.6,39.0,0.0,0.6,0.6,0.6,0.6667,0.3338,0.3465,0.4157,0.3744,0.1753,0.1111,lineup,lineup,"[{""id"": 621493, ""name"": ""Taylor Ward"", ""bats"": ""R"", ""obp"": 0.4, ""slg"": 0.357487922705314, ""iso"": 0.10144927536231879, ""ab"": 207}, {""id"": 683002, ""name"": ""Gunnar Henderson"", ""bats"": ""L"", ""obp"": 0.2681992337164751, ""slg"": 0.4256198347107438, ""iso"": 0.21074380165289258, ""ab"": 242}, {""id"": 668939, ""name"": ""Adley Rutschman"", ""bats"": ""S"", ""obp"": 0.3333333333333333, ""slg"": 0.48, ""iso"": 0.21999999999999997, ""ab"": 150}]","[{""id"": 543807, ""name"": ""George Springer"", ""bats"": ""R"", ""obp"": 0.2916666666666667, ""slg"": 0.36423841059602646, ""iso"": 0.15231788079470196, ""ab"": 151}, {""id"": 664770, ""name"": ""Nathan Lukes"", ""bats"": ""L"", ""obp"": 0.32857142857142857, ""slg"": 0.38461538461538464, ""iso"": 0.09230769230769231, ""ab"": 65}, {""id"": 665489, ""name"": ""Vladimir Guerrero Jr."", ""bats"": ""R"", ""obp"": 0.39148936170212767, ""slg"": 0.3787878787878788, ""iso"": 0.08585858585858586, ""ab"": 198}]","[{""name"": ""away_top3c_iso"", ""value"": 0.1111, ""contribution"": -0.4746}, {""name"": ""away_top3c_slg"", ""value"": 0.3744, ""contribution"": 0.3337}, {""name"": ""era_gap_t1"", ""value"": 1.0399, ""contribution"": 0.1132}, {""name"": ""home_fip"", ""value"": 4.8508, ""contribution"": 0.0979}, {""name"": ""away_top3_ops_vs_oppHand"", ""value"": 0.6897, ""contribution"": -0.0791}]","[{""name"": ""home_top3c_slg"", ""value"": 0.4157, ""contribution"": 0.1534}, {""name"": ""fi_park_nrfi_rate"", ""value"": 0.519, ""contribution"": -0.1127}, {""name"": ""away_fip"", ""value"": 3.1967, ""contribution"": -0.0846}, {""name"": ""era_gap_b1"", ""value"": -1.0399, ""contribution"": -0.0711}, {""name"": ""wx_wind_kmh"", ""value"": 15.6, ""contribution"": 0.0432}]",503077,0.5258,4.059,2.939,14.0,50.0,0.7272,0.7136,5.13,5.33,0.6897,0.7483,R,R,NRFI,WIN,0,0,0,2026-05-30T20:21:28+00:00,-130,+100,DraftKings,2026-05-30T20:01:46+00:00,0.5652,0.5,-0.0252,-0.04,-0.0252,N,0.5,0,-130,+100,2026-05-30T19:00:02+00:00,0,0.5651,NRFI,STRONG,,,,,,,
2026-05-30,2026,824431,1,N,BOS,CLE,4:10 PM ET,Sonny Gray,Parker Messick,543243,800048,live,live,live,live,0.96,0.3686,0.409,0.7776,0.2529,0.3991,0.652,0.5444,0.4556,0.1832,0.8168,,,NRFI,LEAN,LEAN NRFI,4,2026-05-30T19:04:12Z,3.751,2.8,1.214,1.131,3.53,3.406,2.08,2.57,1.02,0.95,8.42,9.41,0.317,0.319,0.379,0.379,3.951,4.209,16.8,21.0,43.0,0.0,1.0,0.8,1.0,0.7,0.3545,0.3199,0.4219,0.4128,0.166,0.1562,lineup,lineup,"[{""id"": 683953, ""name"": ""Travis Bazzana"", ""bats"": ""L"", ""obp"": 0.4017094017094017, ""slg"": 0.45, ""iso"": 0.15000000000000002, ""ab"": 100}, {""id"": 608070, ""name"": ""Jos\u00e9 Ram\u00edrez"", ""bats"": ""S"", ""obp"": 0.34108527131782945, ""slg"": 0.39351851851851855, ""iso"": 0.16666666666666669, ""ab"": 216}, {""id"": 800050, ""name"": ""Chase DeLauter"", ""bats"": ""L"", ""obp"": 0.3452914798206278, ""slg"": 0.4387755102040816, ""iso"": 0.173469387755102, ""ab"": 196}]","[{""id"": 680776, ""name"": ""Jarren Duran"", ""bats"": ""L"", ""obp"": 0.2775330396475771, ""slg"": 0.38349514563106796, ""iso"": 0.16990291262135923, ""ab"": 206}, {""id"": 678882, ""name"": ""Ceddanne Rafaela"", ""bats"": ""R"", ""obp"": 0.33980582524271846, ""slg"": 0.4308510638297872, ""iso"": 0.15425531914893614, ""ab"": 188}, {""id"": 677800, ""name"": ""Wilyer Abreu"", ""bats"": ""L"", ""obp"": 0.3432203389830508, ""slg"": 0.4252336448598131, ""iso"": 0.14485981308411217, ""ab"": 214}]","[{""name"": ""away_top3c_iso"", ""value"": 0.1562, ""contribution"": -0.1566}, {""name"": ""home_xera"", ""value"": 2.6176, ""contribution"": -0.1535}, {""name"": ""away_top3c_slg"", ""value"": 0.4128, ""contribution"": 0.139}, {""name"": ""home_p_last10_pitcher_nrfi"", ""value"": 1.0, ""contribution"": 0.1107}, {""name"": ""fi_park_nrfi_rate"", ""value"": 0.528, ""contribution"": -0.1042}]","[{""name"": ""fi_park_nrfi_rate"", ""value"": 0.528, ""contribution"": -0.1602}, {""name"": ""home_top3c_slg"", ""value"": 0.4219, ""contribution"": 0.115}, {""name"": ""wx_wind_kmh"", ""value"": 21.0, ""contribution"": 0.1001}, {""name"": ""away_whiff_pct_rank"", ""value"": 65.0, ""contribution"": -0.0652}, {""name"": ""era_gap_b1"", ""value"": 0.9514, ""contribution"": 0.0643}]",639723,0.548,2.618,3.87,66.0,65.0,0.6796,0.768,5.6,4.73,0.8257,0.7617,R,L,YRFI,LOSS,0,1,1,2026-05-30T20:29:40+00:00,-160,+125,DraftKings,2026-05-30T20:01:46+00:00,0.6154,0.4444,-0.071,0.0112,-0.071,N,0.5,0,-160,+125,2026-05-30T19:07:18+00:00,0,0.4877,PASS,NO EDGE,,,,,,,
2026-05-30,2026,822893,1,N,KC,TEX,4:05 PM ET,Seth Lugo,Kumar Rocker,607625,677958,live,live,live,live,1.07,0.5544,0.5353,1.0897,0.263,0.3284,0.5914,0.5514,0.4486,0.2972,0.7028,,,NRFI,LEAN,LEAN NRFI,4,2026-05-30T19:04:12Z,3.896,4.426,1.346,1.363,3.928,4.317,3.27,3.57,0.9,1.12,7.58,7.88,0.31,0.314,0.379,0.383,3.882,4.049,,,,1.0,0.2,0.4,0.3,0.6,0.3532,0.3289,0.4459,0.4185,0.1725,0.1565,lineup,lineup,"[{""id"": 592626, ""name"": ""Joc Pederson"", ""bats"": ""L"", ""obp"": 0.3558282208588957, ""slg"": 0.43703703703703706, ""iso"": 0.19259259259259262, ""ab"": 135}, {""id"": 673962, ""name"": ""Josh Jung"", ""bats"": ""R"", ""obp"": 0.3611111111111111, ""slg"": 0.4720812182741117, ""iso"": 0.16751269035532995, ""ab"": 197}, {""id"": 607043, ""name"": ""Brandon Nimmo"", ""bats"": ""L"", ""obp"": 0.34439834024896265, ""slg"": 0.4272300469483568, ""iso"": 0.16431924882629106, ""ab"": 213}]","[{""id"": 695600, ""name"": ""Carter Jensen"", ""bats"": ""L"", ""obp"": 0.3064516129032258, ""slg"": 0.38271604938271603, ""iso"": 0.16049382716049382, ""ab"": 162}, {""id"": 677951, ""name"": ""Bobby Witt Jr."", ""bats"": ""R"", ""obp"": 0.348, ""slg"": 0.47555555555555556, ""iso"": 0.19111111111111112, ""ab"": 225}, {""id"": 686475, ""name"": ""Tyler Tolbert"", ""bats"": ""R"", ""obp"": 0.16666666666666666, ""slg"": 0.16666666666666666, ""iso"": 0.0, ""ab"": 6}]","[{""name"": ""home_p_last10_pitcher_nrfi"", ""value"": 0.3, ""contribution"": -0.1627}, {""name"": ""away_top3c_iso"", ""value"": 0.1565, ""contribution"": -0.1548}, {""name"": ""fi_park_nrfi_rate"", ""value"": 0.5398, ""contribution"": -0.1451}, {""name"": ""away_top3c_slg"", ""value"": 0.4185, ""contribution"": 0.1105}, {""name"": ""home_xera"", ""value"": 4.973, ""contribution"": 0.0879}]","[{""name"": ""fi_park_nrfi_rate"", ""value"": 0.5398, ""contribution"": -0.2231}, {""name"": ""away_whiff_pct_rank"", ""value"": 12.0, ""contribution"": 0.1635}, {""name"": ""wx_is_dome"", ""value"": 1.0, ""contribution"": -0.0758}, {""name"": ""home_top3_ops_vs_oppHand"", ""value"": 0.807, ""contribution"": 0.0521}, {""name"": ""home_top3c_obp"", ""value"": 0.3532, ""contribution"": 0.0454}]",547380,0.5173,4.973,4.793,44.0,12.0,0.7136,0.6942,4.33,5.47,0.721,0.807,R,R,YRFI,LOSS,0,1,1,2026-05-30T20:18:44+00:00,-125,-105,DraftKings,2026-05-30T20:01:46+00:00,0.5556,0.5122,-0.0042,-0.0636,-0.0042,N,0.5,0,-125,-105,2026-05-30T19:00:02+00:00,0,0.4877,PASS,NO EDGE,,,,,,,
2026-05-30,2026,823132,1,N,ARI,SEA,10:10 PM ET,Ryne Nelson,Bryan Woo,669194,693433,live,live,live,live,0.95,0.3736,0.4923,0.8659,0.2539,0.405,0.659,0.5391,0.4609,0.2151,0.7849,,,NRFI,LEAN,LEAN NRFI,4,2026-05-31T01:05:41Z,4.146,3.479,1.136,0.997,4.458,3.353,2.67,1.9,1.39,1.01,7.5,8.85,0.315,0.318,0.404,0.393,4.627,4.308,,,,1.0,0.8,1.0,0.8,0.8,0.3295,0.3523,0.4042,0.4604,0.1546,0.1939,lineup,lineup,"[{""id"": 641487, ""name"": ""J.P. Crawford"", ""bats"": ""L"", ""obp"": 0.3444976076555024, ""slg"": 0.39655172413793105, ""iso"": 0.1781609195402299, ""ab"": 174}, {""id"": 677594, ""name"": ""Julio Rodr\u00edguez"", ""bats"": ""R"", ""obp"": 0.3228346456692913, ""slg"": 0.45726495726495725, ""iso"": 0.1923076923076923, ""ab"": 234}, {""id"": 647304, ""name"": ""Josh Naylor"", ""bats"": ""L"", ""obp"": 0.32340425531914896, ""slg"": 0.352112676056338, ""iso"": 0.09389671361502344, ""ab"": 213}]","[{""id"": 606466, ""name"": ""Ketel Marte"", ""bats"": ""S"", ""obp"": 0.3261802575107296, ""slg"": 0.4672897196261682, ""iso"": 0.19626168224299068, ""ab"": 214}, {""id"": 682998, ""name"": ""Corbin Carroll"", ""bats"": ""L"", ""obp"": 0.39035087719298245, ""slg"": 0.5463917525773195, ""iso"": 0.2525773195876288, ""ab"": 194}, {""id"": 672695, ""name"": ""Geraldo Perdomo"", ""bats"": ""S"", ""obp"": 0.34080717488789236, ""slg"": 0.3621621621621622, ""iso"": 0.12972972972972974, ""ab"": 185}]","[{""name"": ""home_xera"", ""value"": 2.9856, ""contribution"": -0.1158}, {""name"": ""away_top3c_iso"", ""value"": 0.1939, ""contribution"": 0.1087}, {""name"": ""away_top3c_slg"", ""value"": 0.4604, ""contribution"": -0.1018}, {""name"": ""era_gap_t1"", ""value"": -0.6671, ""contribution"": -0.0716}, {""name"": ""home_fip"", ""value"": 3.3535, ""contribution"": -0.0702}]","[{""name"": ""home_top3c_slg"", ""value"": 0.4042, ""contribution"": 0.2249}, {""name"": ""away_whiff_pct_rank"", ""value"": 15.0, ""contribution"": 0.1506}, {""name"": ""home_top3c_iso"", ""value"": 0.1546, ""contribution"": -0.1153}, {""name"": ""fi_park_nrfi_rate"", ""value"": 0.5131, ""contribution"": -0.0814}, {""name"": ""wx_is_dome"", ""value"": 1.0, ""contribution"": -0.0758}]",482663,0.5317,2.986,3.934,50.0,15.0,0.7272,0.7136,5.73,6.87,0.7763,0.7513,R,R,NRFI,WIN,0,0,0,2026-05-31T02:20:41+00:00,-130,+100,DraftKings,2026-05-31T03:59:03+00:00,0.5652,0.5,-0.0261,-0.0391,-0.0261,N,0.5,0,-130,+100,2026-05-31T01:08:54+00:00,0,0.6475,NRFI,STRONG,,,,,,,
2026-05-31,2026,822976,1,N,LAA,TB,1:40 PM ET,Jack Kochanowicz,Shane McClanahan,686799,663556,live,ltd,live,live,0.93,0.3848,0.6215,1.0063,0.3936,0.6706,1.0641,0.326,0.674,0.2666,0.7334,,,YRFI,STRONG,STRONG YRFI,4,2026-05-31T16:07:46Z,5.632,3.253,1.518,1.138,4.93,3.459,4.57,3.2,1.1,0.74,6.4,8.89,0.315,0.332,0.39,0.394,4.331,4.636,,,,1.0,1.0,0.8,0.9,0.8,0.3895,0.3652,0.4779,0.4465,0.1827,0.2087,lineup,lineup,"[{""id"": 650490, ""name"": ""Yandy D\u00edaz"", ""bats"": ""R"", ""obp"": 0.3964757709251101, ""slg"": 0.5376884422110553, ""iso"": 0.22110552763819097, ""ab"": 199}, {""id"": 666018, ""name"": ""Jonathan Aranda"", ""bats"": ""L"", ""obp"": 0.39330543933054396, ""slg"": 0.4897959183673469, ""iso"": 0.1989795918367347, ""ab"": 196}, {""id"": 680700, ""name"": ""Richie Palacios"", ""bats"": ""L"", ""obp"": 0.36885245901639346, ""slg"": 0.33980582524271846, ""iso"": 0.07766990291262138, ""ab"": 103}]","[{""id"": 687263, ""name"": ""Zach Neto"", ""bats"": ""R"", ""obp"": 0.34444444444444444, ""slg"": 0.43478260869565216, ""iso"": 0.19999999999999998, ""ab"": 230}, {""id"": 545361, ""name"": ""Mike Trout"", ""bats"": ""R"", ""obp"": 0.4122137404580153, ""slg"": 0.4975369458128079, ""iso"": 0.2561576354679803, ""ab"": 203}, {""id"": 687093, ""name"": ""Vaughn Grissom"", ""bats"": ""R"", ""obp"": 0.3161764705882353, ""slg"": 0.3813559322033898, ""iso"": 0.14406779661016947, ""ab"": 118}]","[{""name"": ""era_gap_t1"", ""value"": -2.3784, ""contribution"": -0.2569}, {""name"": ""away_top3c_iso"", ""value"": 0.2087, ""contribution"": 0.2129}, {""name"": ""fi_park_nrfi_rate"", ""value"": 0.4376, ""contribution"": 0.2081}, {""name"": ""home_p_last10_pitcher_nrfi"", ""value"": 0.9, ""contribution"": 0.0716}, {""name"": ""home_xera"", ""value"": 4.7456, ""contribution"": 0.0646}]","[{""name"": ""fi_park_nrfi_rate"", ""value"": 0.4376, ""contribution"": 0.3199}, {""name"": ""home_top3c_slg"", ""value"": 0.4779, ""contribution"": -0.2331}, {""name"": ""home_top3c_obp"", ""value"": 0.3895, ""contribution"": 0.1724}, {""name"": ""era_gap_b1"", ""value"": 2.3784, ""contribution"": 0.1614}, {""name"": ""home_obp"", ""value"": 0.3317, ""contribution"": 0.1254}]",482631,0.538,4.746,5.465,50.0,21.0,0.7272,0.7136,5.4,5.27,0.7777,0.8427,R,L,YRFI,WIN,0,1,1,2026-05-31T17:56:03+00:00,-120,-110,DraftKings,2026-05-31T16:43:32+00:00,0.5455,0.5238,-0.2195,0.1502,0.1502,Y,1,0.909,-120,-110,2026-05-31T16:37:51+00:00,0,0.3967,YRFI,STRONG,,,,,,,
2026-05-31,2026,824354,1,N,SF,COL,3:10 PM ET,Robbie Ray,Tanner Gordon,592662,685299,live,live,live,live,1.22,0.6015,0.7615,1.363,0.4638,0.5233,0.9871,0.3752,0.6248,0.3953,0.6047,,,YRFI,STRONG,STRONG YRFI,4,2026-05-31T17:59:01Z,4.213,5.668,1.311,1.441,5.055,4.507,4.13,2.19,1.63,1.67,8.6,8.52,0.299,0.313,0.395,0.389,3.842,4.223,27.3,17.4,12.0,0.0,0.4,0.6,0.6,0.7,0.3425,0.3262,0.3893,0.4586,0.1168,0.1752,lineup,lineup,"[{""id"": 650489, ""name"": ""Willi Castro"", ""bats"": ""S"", ""obp"": 0.3220338983050847, ""slg"": 0.35802469135802467, ""iso"": 0.09259259259259256, ""ab"": 162}, {""id"": 671289, ""name"": ""Tyler Freeman"", ""bats"": ""R"", ""obp"": 0.3381294964028777, ""slg"": 0.344, ""iso"": 0.07999999999999996, ""ab"": 125}, {""id"": 687859, ""name"": ""Troy Johnston"", ""bats"": ""L"", ""obp"": 0.3673469387755102, ""slg"": 0.41899441340782123, ""iso"": 0.11173184357541899, ""ab"": 179}]","[{""id"": 813841, ""name"": ""Jonah Cox"", ""bats"": ""R"", ""obp"": null, ""slg"": null, ""iso"": null, ""ab"": null}, {""id"": 646240, ""name"": ""Rafael Devers"", ""bats"": ""L"", ""obp"": 0.2875, ""slg"": 0.4125560538116592, ""iso"": 0.1704035874439462, ""ab"": 223}, {""id"": 650333, ""name"": ""Luis Arraez"", ""bats"": ""L"", ""obp"": 0.3648068669527897, ""slg"": 0.4252336448598131, ""iso"": 0.10280373831775702, ""ab"": 214}]","[{""name"": ""fi_park_nrfi_rate"", ""value"": 0.4241, ""contribution"": 0.2547}, {""name"": ""era_gap_t1"", ""value"": 1.4549, ""contribution"": 0.1581}, {""name"": ""away_top3c_slg"", ""value"": 0.4586, ""contribution"": -0.0928}, {""name"": ""home_xera"", ""value"": 4.87, ""contribution"": 0.0773}, {""name"": ""home_fip"", ""value"": 4.507, ""contribution"": 0.0593}]","[{""name"": ""fi_park_nrfi_rate"", ""value"": 0.4241, ""contribution"": 0.3916}, {""name"": ""home_top3c_slg"", ""value"": 0.3893, ""contribution"": 0.3171}, {""name"": ""home_top3c_iso"", ""value"": 0.1168, ""contribution"": -0.2937}, {""name"": ""away_fip"", ""value"": 5.055, ""contribution"": 0.114}, {""name"": ""home_top3_ops_vs_oppHand"", ""value"": 0.6707, ""contribution"": -0.1111}]",621660,0.499,4.87,3.719,76.0,64.0,0.7136,0.751,4.8,5.07,0.785,0.6707,L,R,YRFI,WIN,1,0,1,2026-05-31T19:37:21+00:00,+115,-150,DraftKings,2026-05-31T18:13:08+00:00,0.4651,0.6,-0.0899,0.0248,0.0248,Y,1,0.667,+115,-150,2026-05-31T18:07:47+00:00,0,0.4534,PASS,NO EDGE,,,,,,,
2026-05-31,2026,822729,1,N,SD,WSH,1:35 PM ET,Griffin Canning,Zack Littell,656288,641793,ltd,live,live,live,0.97,0.555,0.6509,1.2059,0.4509,0.5727,1.0236,0.3514,0.6486,0.3395,0.6605,,,YRFI,STRONG,STRONG YRFI,4,2026-05-31T16:07:46Z,5.21,4.62,1.409,1.268,4.512,5.929,4.26,2.31,1.25,2.2,8.91,5.6,0.299,0.323,0.374,0.417,4.062,5.236,25.0,10.5,22.0,0.0,0.6,0.4,0.8,0.5,0.3638,0.3189,0.4896,0.3816,0.225,0.1484,lineup,lineup,"[{""id"": 695578, ""name"": ""James Wood"", ""bats"": ""L"", ""obp"": 0.41007194244604317, ""slg"": 0.5377777777777778, ""iso"": 0.26666666666666666, ""ab"": 225}, {""id"": 665953, ""name"": ""Andr\u00e9s Chaparro"", ""bats"": ""R"", ""obp"": 0.34615384615384615, ""slg"": 0.2, ""iso"": 0.05000000000000002, ""ab"": 20}, {""id"": 678554, ""name"": ""Curtis Mead"", ""bats"": ""R"", ""obp"": 0.3684210526315789, ""slg"": 0.5078125, ""iso"": 0.2578125, ""ab"": 128}]","[{""id"": 665487, ""name"": ""Fernando Tatis Jr."", ""bats"": ""R"", ""obp"": 0.3458333333333333, ""slg"": 0.3238095238095238, ""iso"": 0.05238095238095242, ""ab"": 210}, {""id"": 657757, ""name"": ""Gavin Sheets"", ""bats"": ""L"", ""obp"": 0.3425414364640884, ""slg"": 0.48427672955974843, ""iso"": 0.23270440251572327, ""ab"": 159}, {""id"": 592518, ""name"": ""Manny Machado"", ""bats"": ""R"", ""obp"": 0.2719298245614035, ""slg"": 0.3604060913705584, ""iso"": 0.18274111675126906, ""ab"": 197}]","[{""name"": ""away_top3c_slg"", ""value"": 0.3816, ""contribution"": 0.297}, {""name"": ""home_fip"", ""value"": 5.9293, ""contribution"": 0.219}, {""name"": ""away_top3c_iso"", ""value"": 0.1484, ""contribution"": -0.2119}, {""name"": ""away_top3_ops_vs_oppHand"", ""value"": 0.6893, ""contribution"": -0.0794}, {""name"": ""home_xera"", ""value"": 4.871, ""contribution"": 0.0774}]","[{""name"": ""home_top3c_slg"", ""value"": 0.4896, ""contribution"": -0.3057}, {""name"": ""home_top3c_iso"", ""value"": 0.225, ""contribution"": 0.2169}, {""name"": ""home_top3_ops_vs_oppHand"", ""value"": 0.8987, ""contribution"": 0.1618}, {""name"": ""fi_park_nrfi_rate"", ""value"": 0.4761, ""contribution"": 0.1154}, {""name"": ""away_whiff_pct_rank"", ""value"": 69.0, ""contribution"": -0.0825}]",605670,0.5573,4.871,4.668,3.0,69.0,0.7396,0.7396,4.73,4.53,0.6893,0.8987,R,R,NRFI,LOSS,0,0,0,2026-05-31T17:44:10+00:00,+100,-130,DraftKings,2026-05-31T16:37:51+00:00,0.5,0.5652,-0.1486,0.0834,0.0834,Y,1,-1,+100,-130,2026-05-31T16:32:29+00:00,0,0.4144,YRFI,STRONG,,,,,,,
2026-05-31,2026,824592,1,N,DET,CWS,2:10 PM ET,Keider Montero,Sean Burke,672456,680732,live,live,live,live,0.98,0.4481,0.5363,0.9844,0.3404,0.5209,0.8612,0.4064,0.5936,0.2585,0.7415,,,YRFI,STRONG,STRONG YRFI,4,2026-05-31T17:03:31Z,4.187,4.028,1.191,1.266,4.49,3.942,2.71,3.13,1.29,1.07,6.88,8.43,0.314,0.323,0.375,0.407,3.912,4.664,18.5,15.2,63.0,0.0,0.8,1.0,0.8,1.0,0.3442,0.3453,0.4223,0.3876,0.1733,0.1292,lineup,lineup,"[{""id"": 803011, ""name"": ""Sam Antonacci"", ""bats"": ""L"", ""obp"": 0.3782051282051282, ""slg"": 0.373134328358209, ""iso"": 0.08955223880597019, ""ab"": 134}, {""id"": 678246, ""name"": ""Miguel Vargas"", ""bats"": ""R"", ""obp"": 0.36693548387096775, ""slg"": 0.4827586206896552, ""iso"": 0.24630541871921185, ""ab"": 203}, {""id"": 643217, ""name"": ""Andrew Benintendi"", ""bats"": ""L"", ""obp"": 0.2833333333333333, ""slg"": 0.3878787878787879, ""iso"": 0.15151515151515152, ""ab"": 165}]","[{""id"": 701678, ""name"": ""Hao-Yu  Lee"", ""bats"": ""R"", ""obp"": 0.2345679012345679, ""slg"": 0.2987012987012987, ""iso"": 0.10389610389610388, ""ab"": 77}, {""id"": 805808, ""name"": ""Kevin McGonigle"", ""bats"": ""L"", ""obp"": 0.384, ""slg"": 0.40930232558139534, ""iso"": 0.12558139534883722, ""ab"": 215}, {""id"": 679529, ""name"": ""Spencer Torkelson"", ""bats"": ""R"", ""obp"": 0.31390134529147984, ""slg"": 0.3958333333333333, ""iso"": 0.18749999999999997, ""ab"": 192}]","[{""name"": ""away_top3c_iso"", ""value"": 0.1292, ""contribution"": -0.3471}, {""name"": ""away_top3c_slg"", ""value"": 0.3876, ""contribution"": 0.2667}, {""name"": ""fi_park_nrfi_rate"", ""value"": 0.473, ""contribution"": 0.0859}, {""name"": ""home_xera"", ""value"": 4.6445, ""contribution"": 0.0542}, {""name"": ""home_p_last10_pitcher_nrfi"", ""value"": 0.8, ""contribution"": 0.0326}]","[{""name"": ""away_whiff_pct_rank"", ""value"": 9.0, ""contribution"": 0.1765}, {""name"": ""fi_park_nrfi_rate"", ""value"": 0.473, ""contribution"": 0.1321}, {""name"": ""home_top3c_slg"", ""value"": 0.4223, ""contribution"": 0.1123}, {""name"": ""away_p_last10_pitcher_nrfi"", ""value"": 1.0, ""contribution"": -0.0929}, {""name"": ""home_obp"", ""value"": 0.3232, ""contribution"": 0.0655}]",544728,0.4859,4.644,4.024,35.0,9.0,0.7136,0.7272,5.27,5.6,0.74,0.7407,R,R,YRFI,WIN,1,0,1,2026-05-31T18:27:55+00:00,-130,+100,DraftKings,2026-05-31T17:12:11+00:00,0.5652,0.5,-0.1588,0.0936,0.0936,Y,1,1,-130,+100,2026-05-31T17:06:50+00:00,0,0.4603,PASS,NO EDGE,,,,,,,
2026-05-31,2026,823053,1,N,CHC,STL,7:20 PM ET,Jordan Wicks,Matthew Liberatore,696136,669461,sm,live,live,live,0.97,0.5593,0.5139,1.0732,0.274,0.4948,0.7688,0.4694,0.5306,0.2912,0.7088,,,PASS,NO EDGE,PASS - No edge,4,2026-05-31T23:05:16Z,5.327,4.531,1.358,1.462,4.219,4.504,2.86,3.05,1.3,1.41,8.96,7.98,0.333,0.317,0.393,0.389,4.736,4.359,25.5,6.4,71.0,0.0,0.6,0.0,0.5,0.0,0.3671,0.335,0.4628,0.367,0.1981,0.117,lineup,lineup,"[{""id"": 802139, ""name"": ""JJ Wetherholt"", ""bats"": ""L"", ""obp"": 0.3557312252964427, ""slg"": 0.40375586854460094, ""iso"": 0.1596244131455399, ""ab"": 213}, {""id"": 671056, ""name"": ""Iv\u00e1n Herrera"", ""bats"": ""R"", ""obp"": 0.3858267716535433, ""slg"": 0.42788461538461536, ""iso"": 0.16826923076923073, ""ab"": 208}, {""id"": 691023, ""name"": ""Jordan Walker"", ""bats"": ""R"", ""obp"": 0.358974358974359, ""slg"": 0.5571428571428572, ""iso"": 0.26666666666666666, ""ab"": 210}]","[{""id"": 663538, ""name"": ""Nico Hoerner"", ""bats"": ""R"", ""obp"": 0.3358208955223881, ""slg"": 0.358974358974359, ""iso"": 0.10683760683760685, ""ab"": 234}, {""id"": 691718, ""name"": ""Pete Crow-Armstrong"", ""bats"": ""L"", ""obp"": 0.32653061224489793, ""slg"": 0.39069767441860465, ""iso"": 0.15348837209302324, ""ab"": 215}, {""id"": 608324, ""name"": ""Alex Bregman"", ""bats"": ""R"", ""obp"": 0.34210526315789475, ""slg"": 0.35319148936170214, ""iso"": 0.09361702127659577, ""ab"": 235}]","[{""name"": ""away_top3c_iso"", ""value"": 0.117, ""contribution"": -0.4334}, {""name"": ""away_top3c_slg"", ""value"": 0.367, ""contribution"": 0.3713}, {""name"": ""fi_park_nrfi_rate"", ""value"": 0.527, ""contribution"": -0.1009}, {""name"": ""home_xera"", ""value"": 4.9991, ""contribution"": 0.0906}, {""name"": ""era_gap_t1"", ""value"": -0.7962, ""contribution"": -0.0856}]","[{""name"": ""away_p_last10_pitcher_nrfi"", ""value"": 0.0, ""contribution"": 0.2355}, {""name"": ""fi_park_nrfi_rate"", ""value"": 0.527, ""contribution"": -0.1552}, {""name"": ""home_top3c_slg"", ""value"": 0.4628, ""contribution"": -0.1389}, {""name"": ""home_top3c_obp"", ""value"": 0.3671, ""contribution"": 0.0939}, {""name"": ""home_top3c_iso"", ""value"": 0.1981, ""contribution"": 0.0901}]",511890,0.5521,4.999,4.2,14.0,50.0,0.664,0.7272,5.27,4.33,0.7517,0.809,L,L,YRFI,PASS,0,2,2,2026-05-31T23:44:27+00:00,-110,-115,DraftKings,2026-05-31T23:29:58+00:00,0.5238,0.5349,-0.0544,-0.0043,0.0587,N,1,,-110,-115,2026-05-31T23:19:14+00:00,0,0.4144,YRFI,STRONG,,,,,,,
2026-05-31,2026,823373,1,N,MIN,PIT,1:35 PM ET,Zebby Matthews,Braxton Ashcraft,805673,677952,ltd,live,live,live,0.96,0.3739,0.4961,0.87,0.223,0.526,0.7491,0.4772,0.5228,0.2166,0.7834,,,PASS,LINEUP PENDING,PASS - Lineup pending,4,2026-05-31T17:03:31Z,4.212,2.964,1.228,1.126,3.927,3.18,2.2,2.54,1.35,0.77,9.09,9.16,0.318,0.331,0.389,0.399,4.588,4.858,24.0,11.0,23.0,0.0,1.0,0.2,1.0,0.3,0.3311,0.3315,0.399,0.4031,0.169,0.1507,team_fallback,lineup,"[{""id"": 687462, ""name"": ""Spencer Horwitz"", ""bats"": ""L"", ""obp"": 0.39408866995073893, ""slg"": 0.47023809523809523, ""iso"": 0.17857142857142855, ""ab"": 168}, {""id"": 664040, ""name"": ""Brandon Lowe"", ""bats"": ""L"", ""obp"": 0.34913793103448276, ""slg"": 0.5369458128078818, ""iso"": 0.27586206896551724, ""ab"": 203}, {""id"": 691373, ""name"": ""Jhostynxon Garcia"", ""bats"": ""R"", ""obp"": 0.2413793103448276, ""slg"": 0.21428571428571427, ""iso"": 0.0, ""ab"": 28}]","[{""id"": 668885, ""name"": ""Austin Martin"", ""bats"": ""R"", ""obp"": 0.375, ""slg"": 0.36538461538461536, ""iso"": 0.09615384615384615, ""ab"": 156}, {""id"": 686797, ""name"": ""Brooks Lee"", ""bats"": ""S"", ""obp"": 0.30660377358490565, ""slg"": 0.3979591836734694, ""iso"": 0.14795918367346939, ""ab"": 196}, {""id"": 665019, ""name"": ""Kody Clemens"", ""bats"": ""L"", ""obp"": 0.3163841807909605, ""slg"": 0.44654088050314467, ""iso"": 0.20754716981132076, ""ab"": 159}]","[{""name"": ""away_top3c_iso"", ""value"": 0.1507, ""contribution"": -0.1958}, {""name"": ""away_top3c_slg"", ""value"": 0.4031, ""contribution"": 0.1881}, {""name"": ""era_gap_t1"", ""value"": -1.2478, ""contribution"": -0.1345}, {""name"": ""home_xera"", ""value"": 2.9598, ""contribution"": -0.1184}, {""name"": ""home_p_last10_pitcher_nrfi"", ""value"": 1.0, ""contribution"": 0.1107}]","[{""name"": ""home_top3c_slg"", ""value"": 0.399, ""contribution"": 0.257}, {""name"": ""away_p_last10_pitcher_nrfi"", ""value"": 0.3, ""contribution"": 0.137}, {""name"": ""home_obp"", ""value"": 0.3311, ""contribution"": 0.1215}, {""name"": ""fi_park_nrfi_rate"", ""value"": 0.5188, ""contribution"": -0.1113}, {""name"": ""era_gap_b1"", ""value"": 1.2478, ""contribution"": 0.0845}]",490319,0.5366,2.96,4.2,76.0,50.0,0.7136,0.7136,6.93,5.8,0.696,0.72,R,R,NRFI,PASS,0,0,0,2026-05-31T17:48:35+00:00,-130,+100,DraftKings,2026-05-31T17:50:29+00:00,0.5652,0.5,-0.0909,0.0257,,N,,,-130,+100,2026-05-31T17:33:45+00:00,,0.4701,PASS,NO EDGE,,,,,,,
2026-05-31,2026,823621,1,N,MIA,NYM,1:40 PM ET,John King,Nolan McLean,667463,690997,ltd,live,live,live,0.96,0.4146,0.4535,0.8682,0.2411,0.3756,0.6167,0.5479,0.4521,0.2159,0.7841,,,NRFI,LEAN,LEAN NRFI,4,2026-05-31T17:03:31Z,3.474,3.975,1.145,1.122,4.284,3.516,2.92,2.86,1.13,1.12,7.22,10.45,0.318,0.298,0.383,0.366,4.277,4.062,23.8,14.0,28.0,0.0,0.6,0.5,0.7,0.5,0.3215,0.3703,0.3927,0.4763,0.1401,0.1661,lineup,lineup,"[{""id"": 701807, ""name"": ""Carson Benge"", ""bats"": ""L"", ""obp"": 0.3160377358490566, ""slg"": 0.34536082474226804, ""iso"": 0.09278350515463918, ""ab"": 194}, {""id"": 669004, ""name"": ""MJ Melendez"", ""bats"": ""L"", ""obp"": 0.3258426966292135, ""slg"": 0.4, ""iso"": 0.18666666666666668, ""ab"": 75}, {""id"": 660644, ""name"": ""Vidal Bruj\u00e1n"", ""bats"": ""S"", ""obp"": 0.25, ""slg"": 0.14285714285714285, ""iso"": 0.0, ""ab"": 7}]","[{""id"": 669364, ""name"": ""Xavier Edwards"", ""bats"": ""S"", ""obp"": 0.40160642570281124, ""slg"": 0.4885844748858447, ""iso"": 0.1689497716894977, ""ab"": 219}, {""id"": 689414, ""name"": ""Liam Hicks"", ""bats"": ""L"", ""obp"": 0.3474178403755869, ""slg"": 0.478494623655914, ""iso"": 0.20430107526881724, ""ab"": 186}, {""id"": 672640, ""name"": ""Otto Lopez"", ""bats"": ""R"", ""obp"": 0.35802469135802467, ""slg"": 0.46255506607929514, ""iso"": 0.13215859030837002, ""ab"": 227}]","[{""name"": ""away_top3c_slg"", ""value"": 0.4763, ""contribution"": -0.1823}, {""name"": ""home_xera"", ""value"": 2.7225, ""contribution"": -0.1427}, {""name"": ""away_top3c_iso"", ""value"": 0.1661, ""contribution"": -0.087}, {""name"": ""era_gap_t1"", ""value"": 0.5006, ""contribution"": 0.0548}, {""name"": ""home_fip"", ""value"": 3.5158, ""contribution"": -0.052}]","[{""name"": ""home_top3c_slg"", ""value"": 0.3927, ""contribution"": 0.2961}, {""name"": ""home_top3c_iso"", ""value"": 0.1401, ""contribution"": -0.1835}, {""name"": ""away_whiff_pct_rank"", ""value"": 82.0, ""contribution"": -0.1386}, {""name"": ""home_obp"", ""value"": 0.2977, ""contribution"": -0.1125}, {""name"": ""away_p_last10_pitcher_nrfi"", ""value"": 0.5, ""contribution"": 0.0713}]",605674,0.5127,2.723,2.2,76.0,82.0,0.7136,0.7136,5.2,5.0,0.8137,0.7807,L,R,YRFI,LOSS,0,1,1,2026-05-31T17:57:25+00:00,-145,+115,DraftKings,2026-05-31T17:50:29+00:00,0.5918,0.4651,-0.0439,-0.013,-0.0439,N,0.5,0,-145,+115,2026-05-31T16:54:18+00:00,0,0.6444,NRFI,STRONG,,,,,,,
2026-05-31,2026,822895,1,N,KC,TEX,2:35 PM ET,Michael Wacha,Jack Leiter,608379,683004,live,live,live,live,1.07,0.552,0.459,1.011,0.34,0.2523,0.5923,0.5514,0.4486,0.2683,0.7317,,,NRFI,LEAN,LEAN NRFI,4,2026-05-31T17:03:31Z,3.115,4.395,1.093,1.334,3.849,4.266,2.65,3.93,0.94,1.24,7.3,9.27,0.31,0.314,0.38,0.386,3.911,4.089,,,,1.0,0.8,1.0,0.7,0.9,0.3528,0.3221,0.4536,0.408,0.1786,0.1639,lineup,lineup,"[{""id"": 592626, ""name"": ""Joc Pederson"", ""bats"": ""L"", ""obp"": 0.35119047619047616, ""slg"": 0.45, ""iso"": 0.20714285714285716, ""ab"": 140}, {""id"": 673962, ""name"": ""Josh Jung"", ""bats"": ""R"", ""obp"": 0.3665158371040724, ""slg"": 0.4900990099009901, ""iso"": 0.1782178217821782, ""ab"": 202}, {""id"": 607043, ""name"": ""Brandon Nimmo"", ""bats"": ""L"", ""obp"": 0.34146341463414637, ""slg"": 0.42201834862385323, ""iso"": 0.16055045871559637, ""ab"": 218}]","[{""id"": 516782, ""name"": ""Starling Marte"", ""bats"": ""R"", ""obp"": 0.3333333333333333, ""slg"": 0.32142857142857145, ""iso"": 0.0535714285714286, ""ab"": 56}, {""id"": 677951, ""name"": ""Bobby Witt Jr."", ""bats"": ""R"", ""obp"": 0.34901960784313724, ""slg"": 0.47161572052401746, ""iso"": 0.18777292576419213, ""ab"": 229}, {""id"": 686469, ""name"": ""Vinnie Pasquantino"", ""bats"": ""L"", ""obp"": 0.3034188034188034, ""slg"": 0.3415841584158416, ""iso"": 0.12871287128712874, ""ab"": 202}]","[{""name"": ""away_top3c_slg"", ""value"": 0.408, ""contribution"": 0.1633}, {""name"": ""fi_park_nrfi_rate"", ""value"": 0.5398, ""contribution"": -0.1451}, {""name"": ""era_gap_t1"", ""value"": 1.2796, ""contribution"": 0.1392}, {""name"": ""away_top3c_iso"", ""value"": 0.1639, ""contribution"": -0.1029}, {""name"": ""home_xera"", ""value"": 4.6767, ""contribution"": 0.0575}]","[{""name"": ""fi_park_nrfi_rate"", ""value"": 0.5398, ""contribution"": -0.2231}, {""name"": ""era_gap_b1"", ""value"": -1.2796, ""contribution"": -0.0875}, {""name"": ""home_top3c_slg"", ""value"": 0.4536, ""contribution"": -0.0819}, {""name"": ""wx_is_dome"", ""value"": 1.0, ""contribution"": -0.0758}, {""name"": ""home_top3_ops_vs_oppHand"", ""value"": 0.8163, ""contribution"": 0.0633}]",608158,0.5142,4.677,4.274,55.0,40.0,0.6487,0.7197,5.87,6.6,0.762,0.8163,R,R,YRFI,LOSS,0,4,4,2026-05-31T18:59:23+00:00,-130,+100,DraftKings,2026-05-31T18:56:38+00:00,0.5652,0.5,-0.0138,-0.0514,-0.0138,N,0.5,0,-130,+100,2026-05-31T17:33:45+00:00,0,0.6370,NRFI,STRONG,,,,,,,
2026-05-31,2026,824832,1,N,TOR,BAL,12:15 PM ET,Spencer Miles,Kyle Bradish,693686,680694,ltd,ltd,live,live,1.06,0.5316,0.4822,1.0138,0.2685,0.4123,0.6808,0.4863,0.5137,0.2693,0.7307,,,PASS,NO EDGE,PASS - No edge,4,2026-05-31T16:07:46Z,3.26,3.808,1.151,1.359,3.594,4.028,2.71,3.93,0.91,1.1,8.73,9.65,0.311,0.318,0.385,0.397,4.142,4.507,24.2,11.7,25.0,0.0,0.8,1.0,0.9,1.0,0.3366,0.3661,0.4112,0.4047,0.1727,0.1186,lineup,lineup,"[{""id"": 621493, ""name"": ""Taylor Ward"", ""bats"": ""R"", ""obp"": 0.4037735849056604, ""slg"": 0.35406698564593303, ""iso"": 0.10047846889952156, ""ab"": 209}, {""id"": 683002, ""name"": ""Gunnar Henderson"", ""bats"": ""L"", ""obp"": 0.2706766917293233, ""slg"": 0.42276422764227645, ""iso"": 0.20731707317073172, ""ab"": 246}, {""id"": 668939, ""name"": ""Adley Rutschman"", ""bats"": ""S"", ""obp"": 0.3352601156069364, ""slg"": 0.47058823529411764, ""iso"": 0.21568627450980393, ""ab"": 153}]","[{""id"": 664770, ""name"": ""Nathan Lukes"", ""bats"": ""L"", ""obp"": 0.3466666666666667, ""slg"": 0.38235294117647056, ""iso"": 0.08823529411764702, ""ab"": 68}, {""id"": 665489, ""name"": ""Vladimir Guerrero Jr."", ""bats"": ""R"", ""obp"": 0.4, ""slg"": 0.39408866995073893, ""iso"": 0.08866995073891626, ""ab"": 203}, {""id"": 664702, ""name"": ""Myles Straw"", ""bats"": ""R"", ""obp"": 0.31958762886597936, ""slg"": 0.3488372093023256, ""iso"": 0.1046511627906977, ""ab"": 86}]","[{""name"": ""away_top3c_iso"", ""value"": 0.1186, ""contribution"": -0.4215}, {""name"": ""away_top3c_slg"", ""value"": 0.4047, ""contribution"": 0.1804}, {""name"": ""fi_park_nrfi_rate"", ""value"": 0.519, ""contribution"": -0.0733}, {""name"": ""home_p_last10_pitcher_nrfi"", ""value"": 0.9, ""contribution"": 0.0716}, {""name"": ""era_gap_t1"", ""value"": 0.5482, ""contribution"": 0.06}]","[{""name"": ""home_top3c_slg"", ""value"": 0.4112, ""contribution"": 0.1814}, {""name"": ""fi_park_nrfi_rate"", ""value"": 0.519, ""contribution"": -0.1127}, {""name"": ""away_whiff_pct_rank"", ""value"": 24.0, ""contribution"": 0.1117}, {""name"": ""away_p_last10_pitcher_nrfi"", ""value"": 1.0, ""contribution"": -0.0929}, {""name"": ""home_plate_ump_nrfi_rate"", ""value"": 0.5769, ""contribution"": 0.0772}]",429805,0.5769,3.85,4.35,94.0,24.0,0.7309,0.7136,5.67,3.0,0.756,0.7443,R,R,NRFI,PASS,0,0,0,2026-05-31T16:27:48+00:00,-125,-105,DraftKings,2026-05-31T16:59:40+00:00,0.5556,0.5122,-0.0693,0.0015,-0.0537,N,0.5,,-125,-105,2026-05-31T16:10:59+00:00,0,0.4654,PASS,NO EDGE,,,,,,,
2026-05-31,2026,824430,1,N,BOS,CLE,1:40 PM ET,Ranger Suarez,Tanner Bibee,624133,676440,live,live,live,live,0.96,0.5002,0.4071,0.9073,0.3137,0.3905,0.7041,0.479,0.521,0.2302,0.7698,,,PASS,NO EDGE,PASS - No edge,4,2026-05-31T17:03:31Z,3.097,4.442,1.14,1.285,3.31,4.691,2.58,2.87,0.73,1.57,8.25,7.92,0.318,0.318,0.382,0.378,4.021,4.167,19.2,12.9,32.0,0.0,0.6,0.8,0.7,0.7,0.3541,0.3189,0.4245,0.4109,0.1683,0.153,lineup,lineup,"[{""id"": 683953, ""name"": ""Travis Bazzana"", ""bats"": ""L"", ""obp"": 0.4049586776859504, ""slg"": 0.47115384615384615, ""iso"": 0.16346153846153844, ""ab"": 104}, {""id"": 608070, ""name"": ""Jos\u00e9 Ram\u00edrez"", ""bats"": ""S"", ""obp"": 0.3435114503816794, ""slg"": 0.3972602739726027, ""iso"": 0.1689497716894977, ""ab"": 219}, {""id"": 800050, ""name"": ""Chase DeLauter"", ""bats"": ""L"", ""obp"": 0.3392070484581498, ""slg"": 0.43, ""iso"": 0.16999999999999998, ""ab"": 200}]","[{""id"": 680776, ""name"": ""Jarren Duran"", ""bats"": ""L"", ""obp"": 0.27896995708154504, ""slg"": 0.39622641509433965, ""iso"": 0.17924528301886794, ""ab"": 212}, {""id"": 575929, ""name"": ""Willson Contreras"", ""bats"": ""R"", ""obp"": 0.38362068965517243, ""slg"": 0.5051020408163265, ""iso"": 0.21938775510204078, ""ab"": 196}, {""id"": 677800, ""name"": ""Wilyer Abreu"", ""bats"": ""L"", ""obp"": 0.34439834024896265, ""slg"": 0.42660550458715596, ""iso"": 0.14678899082568808, ""ab"": 218}]","[{""name"": ""away_top3c_iso"", ""value"": 0.153, ""contribution"": -0.1793}, {""name"": ""away_top3c_slg"", ""value"": 0.4109, ""contribution"": 0.1488}, {""name"": ""era_gap_t1"", ""value"": 1.3446, ""contribution"": 0.1462}, {""name"": ""fi_park_nrfi_rate"", ""value"": 0.528, ""contribution"": -0.1042}, {""name"": ""home_fip"", ""value"": 4.6913, ""contribution"": 0.08}]","[{""name"": ""fi_park_nrfi_rate"", ""value"": 0.528, ""contribution"": -0.1602}, {""name"": ""home_top3_ops_vs_oppHand"", ""value"": 0.8753, ""contribution"": 0.1339}, {""name"": ""home_top3c_slg"", ""value"": 0.4245, ""contribution"": 0.0989}, {""name"": ""era_gap_b1"", ""value"": -1.3446, ""contribution"": -0.0919}, {""name"": ""away_whiff_pct_rank"", ""value"": 31.0, ""contribution"": 0.0815}]",658536,0.5084,3.633,2.896,47.0,31.0,0.7136,0.6942,5.53,5.33,0.7223,0.8753,L,R,YRFI,PASS,1,0,1,2026-05-31T17:55:35+00:00,-150,+115,DraftKings,2026-05-31T17:50:29+00:00,0.6,0.4651,-0.1211,0.056,,N,,,-150,+115,2026-05-31T17:39:25+00:00,,0.6455,NRFI,STRONG,,,,,,,
2026-05-31,2026,824512,1,N,ATL,CIN,1:40 PM ET,Spencer Strider,Nick Lodolo,675911,666157,live,live,live,live,1.09,0.5915,0.691,1.2825,0.3826,0.3285,0.7111,0.4782,0.5218,0.367,0.633,,,PASS,NO EDGE,PASS - No edge,4,2026-05-31T17:03:31Z,4.06,4.101,1.302,1.183,4.855,4.429,4.27,2.5,1.69,1.57,10.08,8.55,0.324,0.314,0.429,0.397,5.128,4.41,26.3,4.6,25.0,0.0,0.8,0.6,0.9,0.7,0.3589,0.3481,0.5279,0.5067,0.2437,0.2341,lineup,lineup,"[{""id"": 694362, ""name"": ""Blake Dunn"", ""bats"": ""R"", ""obp"": 0.36923076923076925, ""slg"": 0.4406779661016949, ""iso"": 0.13559322033898302, ""ab"": 59}, {""id"": 680574, ""name"": ""Matt McLain"", ""bats"": ""R"", ""obp"": 0.29545454545454547, ""slg"": 0.32124352331606215, ""iso"": 0.12435233160621759, ""ab"": 193}, {""id"": 668709, ""name"": ""JJ Bleday"", ""bats"": ""L"", ""obp"": 0.3951612903225806, ""slg"": 0.6285714285714286, ""iso"": 0.3333333333333333, ""ab"": 105}]","[{""id"": 660670, ""name"": ""Ronald Acu\u00f1a Jr."", ""bats"": ""R"", ""obp"": 0.3694581280788177, ""slg"": 0.41916167664670656, ""iso"": 0.17365269461077842, ""ab"": 167}, {""id"": 671739, ""name"": ""Michael Harris II"", ""bats"": ""L"", ""obp"": 0.330188679245283, ""slg"": 0.5247524752475248, ""iso"": 0.2227722772277228, ""ab"": 202}, {""id"": 621566, ""name"": ""Matt Olson"", ""bats"": ""L"", ""obp"": 0.34615384615384615, ""slg"": 0.5545851528384279, ""iso"": 0.2882096069868995, ""ab"": 229}]","[{""name"": ""away_top3c_iso"", ""value"": 0.2341, ""contribution"": 0.3918}, {""name"": ""away_top3c_slg"", ""value"": 0.5067, ""contribution"": -0.3364}, {""name"": ""home_p_last10_pitcher_nrfi"", ""value"": 0.9, ""contribution"": 0.0716}, {""name"": ""home_fip"", ""value"": 4.4293, ""contribution"": 0.0506}, {""name"": ""away_top3_ops_vs_oppHand"", ""value"": 0.734, ""contribution"": -0.0339}]","[{""name"": ""home_top3c_slg"", ""value"": 0.5279, ""contribution"": -0.5437}, {""name"": ""home_top3c_iso"", ""value"": 0.2437, ""contribution"": 0.3052}, {""name"": ""away_whiff_pct_rank"", ""value"": 97.0, ""contribution"": -0.2033}, {""name"": ""home_top3_ops_vs_oppHand"", ""value"": 0.876, ""contribution"": 0.1347}, {""name"": ""away_fip"", ""value"": 4.8555, ""contribution"": 0.0927}]",521051,0.4691,4.2,4.801,50.0,97.0,0.7136,0.7272,5.47,5.2,0.734,0.876,R,L,YRFI,PASS,1,1,2,2026-05-31T17:57:04+00:00,-115,-115,DraftKings,2026-05-31T17:50:29+00:00,0.5349,0.5349,-0.0567,-0.0131,,N,,,-115,-115,2026-05-31T17:39:25+00:00,,0.4788,PASS,NO EDGE,,,,,,,
2026-05-31,2026,823133,1,N,ARI,SEA,4:10 PM ET,Merrill Kelly,Bryce Miller,518876,682243,live,live,live,live,0.95,0.4955,0.5428,1.0382,0.3387,0.3686,0.7073,0.4786,0.5214,0.2783,0.7217,,,PASS,NO EDGE,PASS - No edge,4,2026-05-31T20:05:18Z,4.465,4.431,1.282,1.266,4.659,4.51,3.12,2.66,1.33,1.45,6.9,7.77,0.313,0.317,0.401,0.397,4.576,4.318,,,,1.0,0.8,0.6,0.8,0.6,0.3282,0.3477,0.4076,0.452,0.158,0.1904,lineup,lineup,"[{""id"": 641487, ""name"": ""J.P. Crawford"", ""bats"": ""L"", ""obp"": 0.3427230046948357, ""slg"": 0.39325842696629215, ""iso"": 0.17415730337078653, ""ab"": 178}, {""id"": 677594, ""name"": ""Julio Rodr\u00edguez"", ""bats"": ""R"", ""obp"": 0.32558139534883723, ""slg"": 0.47478991596638653, ""iso"": 0.20588235294117646, ""ab"": 238}, {""id"": 647304, ""name"": ""Josh Naylor"", ""bats"": ""L"", ""obp"": 0.3179916317991632, ""slg"": 0.3456221198156682, ""iso"": 0.09216589861751151, ""ab"": 217}]","[{""id"": 606466, ""name"": ""Ketel Marte"", ""bats"": ""S"", ""obp"": 0.3206751054852321, ""slg"": 0.45871559633027525, ""iso"": 0.1926605504587156, ""ab"": 218}, {""id"": 682998, ""name"": ""Corbin Carroll"", ""bats"": ""L"", ""obp"": 0.38362068965517243, ""slg"": 0.5353535353535354, ""iso"": 0.24747474747474746, ""ab"": 198}, {""id"": 672695, ""name"": ""Geraldo Perdomo"", ""bats"": ""S"", ""obp"": 0.3392070484581498, ""slg"": 0.35638297872340424, ""iso"": 0.1276595744680851, ""ab"": 188}]","[{""name"": ""away_top3c_iso"", ""value"": 0.1904, ""contribution"": 0.0839}, {""name"": ""home_fip"", ""value"": 4.5104, ""contribution"": 0.0597}, {""name"": ""away_top3c_slg"", ""value"": 0.452, ""contribution"": -0.0593}, {""name"": ""fi_park_nrfi_rate"", ""value"": 0.5131, ""contribution"": -0.0529}, {""name"": ""home_p_last10_pitcher_nrfi"", ""value"": 0.8, ""contribution"": 0.0326}]","[{""name"": ""home_top3c_slg"", ""value"": 0.4076, ""contribution"": 0.2038}, {""name"": ""home_top3c_iso"", ""value"": 0.158, ""contribution"": -0.0993}, {""name"": ""fi_park_nrfi_rate"", ""value"": 0.5131, ""contribution"": -0.0814}, {""name"": ""wx_is_dome"", ""value"": 1.0, ""contribution"": -0.0758}, {""name"": ""away_fip"", ""value"": 4.6594, ""contribution"": 0.0717}]",598411,0.5467,4.2,4.616,50.0,52.0,0.7136,0.7075,5.13,6.67,0.759,0.752,R,R,NRFI,PASS,0,0,0,2026-05-31T20:29:29+00:00,-125,-105,DraftKings,2026-05-31T20:54:55+00:00,0.5556,0.5122,-0.077,0.0092,,N,,,-125,-105,2026-05-31T20:05:06+00:00,,0.5152,PASS,NO EDGE,,,,,,,
2026-05-31,2026,823944,1,N,PHI,LAD,4:10 PM ET,Andrew Painter,Yoshinobu Yamamoto,691725,808967,ltd,live,live,live,0.97,0.3731,0.5789,0.952,0.2878,0.5518,0.8396,0.4112,0.5888,0.2466,0.7534,,,YRFI,STRONG,STRONG YRFI,4,2026-05-31T19:04:34Z,4.853,2.859,1.371,0.984,4.303,3.5,2.9,2.3,1.24,1.06,7.89,9.12,0.298,0.338,0.387,0.434,4.062,5.103,24.5,14.5,51.0,0.0,0.6,0.8,0.6,0.8889,0.3697,0.3275,0.5,0.4838,0.2188,0.2435,lineup,lineup,"[{""id"": 660271, ""name"": ""Shohei Ohtani"", ""bats"": ""L"", ""obp"": 0.40160642570281124, ""slg"": 0.49504950495049505, ""iso"": 0.2178217821782178, ""ab"": 202}, {""id"": 681624, ""name"": ""Andy Pages"", ""bats"": ""R"", ""obp"": 0.34177215189873417, ""slg"": 0.5345622119815668, ""iso"": 0.23963133640552997, ""ab"": 217}, {""id"": 669289, ""name"": ""Santiago Espinal"", ""bats"": ""R"", ""obp"": 0.2222222222222222, ""slg"": 0.3488372093023256, ""iso"": 0.13953488372093023, ""ab"": 43}]","[{""id"": 656941, ""name"": ""Kyle Schwarber"", ""bats"": ""L"", ""obp"": 0.34959349593495936, ""slg"": 0.6047619047619047, ""iso"": 0.36666666666666664, ""ab"": 210}, {""id"": 596117, ""name"": ""Garrett Stubbs"", ""bats"": ""L"", ""obp"": 0.3333333333333333, ""slg"": 0.23529411764705882, ""iso"": 0.0, ""ab"": 17}, {""id"": 624641, ""name"": ""Edmundo Sosa"", ""bats"": ""R"", ""obp"": 0.25263157894736843, ""slg"": 0.34831460674157305, ""iso"": 0.13483146067415733, ""ab"": 89}]","[{""name"": ""away_top3c_iso"", ""value"": 0.2435, ""contribution"": 0.4575}, {""name"": ""away_top3c_slg"", ""value"": 0.4838, ""contribution"": -0.2206}, {""name"": ""era_gap_t1"", ""value"": -1.9941, ""contribution"": -0.2153}, {""name"": ""home_xera"", ""value"": 2.5295, ""contribution"": -0.1625}, {""name"": ""away_top3_ops_vs_oppHand"", ""value"": 0.8643, ""contribution"": 0.099}]","[{""name"": ""home_top3c_slg"", ""value"": 0.5, ""contribution"": -0.3703}, {""name"": ""home_top3c_iso"", ""value"": 0.2188, ""contribution"": 0.1881}, {""name"": ""home_obp"", ""value"": 0.3382, ""contribution"": 0.1712}, {""name"": ""era_gap_b1"", ""value"": 1.9941, ""contribution"": 0.1353}, {""name"": ""home_top3_ops_vs_oppHand"", ""value"": 0.8763, ""contribution"": 0.1351}]",503493,0.522,2.53,5.526,86.0,50.0,0.7136,0.7136,6.27,5.2,0.8643,0.8763,R,R,NRFI,LOSS,0,0,0,2026-05-31T20:28:48+00:00,+105,-140,DraftKings,2026-05-31T19:13:28+00:00,0.4878,0.5833,-0.0766,0.0055,0.0055,Y,1,-1,+105,-140,2026-05-31T19:08:04+00:00,0,0.4589,PASS,NO EDGE,,,,,,,
2026-05-31,2026,824187,1,N,MIL,HOU,2:10 PM ET,Jacob Misiorowski,Tatsuya Imai,694819,837227,live,sm,live,live,0.99,0.6127,0.3843,0.997,0.3843,0.217,0.6012,0.5504,0.4496,0.2631,0.7369,,,NRFI,LEAN,LEAN NRFI,4,2026-05-31T17:03:31Z,2.77,4.902,0.991,1.348,2.591,4.777,3.05,4.42,0.79,1.34,12.68,8.83,0.327,0.32,0.371,0.412,4.764,4.513,,,,1.0,0.8,1.0,0.8333,0.9,0.3668,0.3714,0.5541,0.4263,0.2761,0.1682,lineup,lineup,"[{""id"": 665161, ""name"": ""Jeremy Pe\u00f1a"", ""bats"": ""R"", ""obp"": 0.3229166666666667, ""slg"": 0.42045454545454547, ""iso"": 0.14772727272727276, ""ab"": 88}, {""id"": 670541, ""name"": ""Yordan Alvarez"", ""bats"": ""L"", ""obp"": 0.4186046511627907, ""slg"": 0.6431924882629108, ""iso"": 0.33802816901408445, ""ab"": 213}, {""id"": 572233, ""name"": ""Christian Walker"", ""bats"": ""R"", ""obp"": 0.3292181069958848, ""slg"": 0.5207373271889401, ""iso"": 0.26728110599078336, ""ab"": 217}]","[{""id"": 592885, ""name"": ""Christian Yelich"", ""bats"": ""L"", ""obp"": 0.33636363636363636, ""slg"": 0.46, ""iso"": 0.19, ""ab"": 100}, {""id"": 669003, ""name"": ""Garrett Mitchell"", ""bats"": ""L"", ""obp"": 0.3583815028901734, ""slg"": 0.375, ""iso"": 0.1388888888888889, ""ab"": 144}, {""id"": 668930, ""name"": ""Brice Turang"", ""bats"": ""L"", ""obp"": 0.3974358974358974, ""slg"": 0.4473684210526316, ""iso"": 0.17894736842105263, ""ab"": 190}]","[{""name"": ""home_xera"", ""value"": 0.9264, ""contribution"": -0.3268}, {""name"": ""era_gap_t1"", ""value"": 2.132, ""contribution"": 0.2315}, {""name"": ""home_fip"", ""value"": 4.7768, ""contribution"": 0.0896}, {""name"": ""away_top3c_iso"", ""value"": 0.1682, ""contribution"": -0.0725}, {""name"": ""away_top3c_slg"", ""value"": 0.4263, ""contribution"": 0.0709}]","[{""name"": ""home_top3c_slg"", ""value"": 0.5541, ""contribution"": -0.706}, {""name"": ""home_top3c_iso"", ""value"": 0.2761, ""contribution"": 0.4581}, {""name"": ""away_whiff_pct_rank"", ""value"": 86.0, ""contribution"": -0.1558}, {""name"": ""away_fip"", ""value"": 2.5914, ""contribution"": -0.1492}, {""name"": ""era_gap_b1"", ""value"": -2.132, ""contribution"": -0.1454}]",623946,0.4271,0.926,3.153,50.0,86.0,0.7136,0.7136,4.13,6.27,0.83,0.866,R,R,NRFI,WIN,0,0,0,2026-05-31T18:23:09+00:00,-150,+115,DraftKings,2026-05-31T18:56:38+00:00,0.6,0.4651,-0.0496,-0.0155,-0.0496,N,0.5,0,-150,+115,2026-05-31T17:06:50+00:00,0,0.6536,NRFI,STRONG,,,,,,,
2026-05-31,2026,825001,1,N,NYY,OAK,4:05 PM ET,Will Warren,Jacob Lopez,701542,682052,live,live,live,live,0.93,0.6911,0.4415,1.1326,0.6927,0.5922,1.2849,0.3219,0.6781,0.3129,0.6871,,,YRFI,STRONG,STRONG YRFI,4,2026-05-31T19:04:34Z,3.913,4.991,1.252,1.542,3.671,5.513,2.94,4.73,1.14,1.76,9.83,8.33,0.33,0.326,0.431,0.394,4.925,4.267,23.5,15.5,41.0,0.0,1.0,0.8,0.7,0.8,0.3836,0.381,0.4538,0.574,0.1869,0.3018,lineup,lineup,"[{""id"": 666126, ""name"": ""Carlos Cortes"", ""bats"": ""L"", ""obp"": 0.42207792207792205, ""slg"": 0.5227272727272727, ""iso"": 0.1893939393939394, ""ab"": 132}, {""id"": 667670, ""name"": ""Brent Rooker"", ""bats"": ""R"", ""obp"": 0.27485380116959063, ""slg"": 0.34, ""iso"": 0.15333333333333335, ""ab"": 150}, {""id"": 701762, ""name"": ""Nick Kurtz"", ""bats"": ""L"", ""obp"": 0.43243243243243246, ""slg"": 0.4926829268292683, ""iso"": 0.20975609756097563, ""ab"": 205}]","[{""id"": 502671, ""name"": ""Paul Goldschmidt"", ""bats"": ""R"", ""obp"": 0.36065573770491804, ""slg"": 0.5094339622641509, ""iso"": 0.24528301886792453, ""ab"": 106}, {""id"": 700250, ""name"": ""Ben Rice"", ""bats"": ""L"", ""obp"": 0.39732142857142855, ""slg"": 0.6492146596858639, ""iso"": 0.3455497382198953, ""ab"": 191}, {""id"": 641857, ""name"": ""Ryan McMahon"", ""bats"": ""L"", ""obp"": 0.2670807453416149, ""slg"": 0.35570469798657717, ""iso"": 0.14765100671140938, ""ab"": 149}]","[{""name"": ""away_top3c_iso"", ""value"": 0.3018, ""contribution"": 0.8683}, {""name"": ""away_top3c_slg"", ""value"": 0.574, ""contribution"": -0.6772}, {""name"": ""away_top3_ops_vs_oppHand"", ""value"": 1.0413, ""contribution"": 0.2794}, {""name"": ""fi_park_nrfi_rate"", ""value"": 0.4422, ""contribution"": 0.1922}, {""name"": ""home_fip"", ""value"": 5.5132, ""contribution"": 0.1723}]","[{""name"": ""fi_park_nrfi_rate"", ""value"": 0.4422, ""contribution"": 0.2954}, {""name"": ""home_top3c_obp"", ""value"": 0.3836, ""contribution"": 0.1518}, {""name"": ""home_top3_ops_vs_oppHand"", ""value"": 0.8547, ""contribution"": 0.1092}, {""name"": ""home_top3c_slg"", ""value"": 0.4538, ""contribution"": -0.0833}, {""name"": ""home_obp"", ""value"": 0.3255, ""contribution"": 0.0822}]",668921,0.5084,3.53,4.345,71.0,39.0,0.7136,0.7272,4.93,5.4,1.0413,0.8547,R,L,YRFI,WIN,0,3,3,2026-05-31T20:28:07+00:00,+110,-145,DraftKings,2026-05-31T19:08:04+00:00,0.4762,0.5918,-0.1543,0.0863,0.0863,Y,1,0.69,+110,-145,2026-05-31T19:01:59+00:00,0,0.4521,PASS,NO EDGE,,,,,,,
2026-06-01,2026,822974,1,N,DET,TB,6:40 PM ET,Ty Madden,Griffin Jax,680744,643377,sm,ltd,live,live,0.93,0.4328,0.4579,0.8907,0.4187,0.5417,0.9604,0.3931,0.6069,0.2241,0.7759,,,YRFI,STRONG,STRONG YRFI,4,2026-06-01T21:33:44Z,3.781,3.944,1.158,1.328,3.868,3.876,2.65,3.58,1.12,1.13,8.96,9.96,0.313,0.333,0.373,0.393,3.873,4.641,,,,1.0,0.8,0.5,0.875,0.5,0.3881,0.344,0.4754,0.4364,0.1847,0.1859,lineup,lineup,"[{""id"": 650490, ""name"": ""Yandy D\u00edaz"", ""bats"": ""R"", ""obp"": 0.3922413793103448, ""slg"": 0.5270935960591133, ""iso"": 0.21674876847290642, ""ab"": 203}, {""id"": 666018, ""name"": ""Jonathan Aranda"", ""bats"": ""L"", ""obp"": 0.39344262295081966, ""slg"": 0.5, ""iso"": 0.21000000000000002, ""ab"": 200}, {""id"": 680700, ""name"": ""Richie Palacios"", ""bats"": ""L"", ""obp"": 0.3700787401574803, ""slg"": 0.330188679245283, ""iso"": 0.07547169811320753, ""ab"": 106}]","[{""id"": 805808, ""name"": ""Kevin McGonigle"", ""bats"": ""L"", ""obp"": 0.38976377952755903, ""slg"": 0.41013824884792627, ""iso"": 0.12442396313364057, ""ab"": 217}, {""id"": 693307, ""name"": ""Dillon Dingler"", ""bats"": ""R"", ""obp"": 0.3130841121495327, ""slg"": 0.45789473684210524, ""iso"": 0.23157894736842102, ""ab"": 190}, {""id"": 663837, ""name"": ""Matt Vierling"", ""bats"": ""R"", ""obp"": 0.2807017543859649, ""slg"": 0.34868421052631576, ""iso"": 0.1381578947368421, ""ab"": 152}]","[{""name"": ""fi_park_nrfi_rate"", ""value"": 0.4376, ""contribution"": 0.2081}, {""name"": ""home_xera"", ""value"": 3.2026, ""contribution"": -0.0935}, {""name"": ""home_p_last10_pitcher_nrfi"", ""value"": 0.875, ""contribution"": 0.0619}, {""name"": ""away_top3c_iso"", ""value"": 0.1859, ""contribution"": 0.0523}, {""name"": ""away_top3_ops_vs_oppHand"", ""value"": 0.818, ""contribution"": 0.0517}]","[{""name"": ""fi_park_nrfi_rate"", ""value"": 0.4376, ""contribution"": 0.3199}, {""name"": ""home_top3c_slg"", ""value"": 0.4754, ""contribution"": -0.2177}, {""name"": ""home_top3c_obp"", ""value"": 0.3881, ""contribution"": 0.1675}, {""name"": ""home_obp"", ""value"": 0.3326, ""contribution"": 0.1314}, {""name"": ""home_top3_ops_vs_oppHand"", ""value"": 0.8493, ""contribution"": 0.1028}]",483564,0.5037,3.203,4.2,100.0,50.0,0.7136,0.7136,3.73,5.0,0.818,0.8493,R,R,YRFI,WIN,2,0,2,2026-06-01T22:57:02+00:00,-120,-110,DraftKings,2026-06-01T21:42:53+00:00,0.5455,0.5238,-0.1524,0.0831,0.0831,Y,1,0.909,-120,-110,2026-06-01T21:37:37+00:00,0,0.4658,PASS,NO EDGE,,,,,,,
2026-06-01,2026,824027,1,N,COL,LAA,9:38 PM ET,Kyle Freeland,José Soriano,607536,667755,live,live,live,live,0.99,0.4611,0.6281,1.0891,0.2206,0.8022,1.0228,0.3519,0.6481,0.297,0.703,,,YRFI,STRONG,STRONG YRFI,4,2026-06-02T00:33:34Z,6.57,3.23,1.589,1.24,5.148,3.548,2.56,4.01,1.91,0.72,7.63,9.23,0.314,0.314,0.389,0.39,4.247,4.3,23.7,15.3,60.0,0.0,0.2,0.6,0.5,0.7,0.3617,0.3234,0.4405,0.4349,0.2043,0.1723,lineup,lineup,"[{""id"": 624585, ""name"": ""Jorge Soler"", ""bats"": ""R"", ""obp"": 0.2943722943722944, ""slg"": 0.3891625615763547, ""iso"": 0.17733990147783255, ""ab"": 203}, {""id"": 545361, ""name"": ""Mike Trout"", ""bats"": ""R"", ""obp"": 0.40977443609022557, ""slg"": 0.4927536231884058, ""iso"": 0.25120772946859904, ""ab"": 207}, {""id"": 687093, ""name"": ""Vaughn Grissom"", ""bats"": ""R"", ""obp"": 0.3142857142857143, ""slg"": 0.3770491803278688, ""iso"": 0.13934426229508196, ""ab"": 122}]","[{""id"": 664983, ""name"": ""Jake McCarthy"", ""bats"": ""L"", ""obp"": 0.3225806451612903, ""slg"": 0.44366197183098594, ""iso"": 0.1619718309859155, ""ab"": 142}, {""id"": 671289, ""name"": ""Tyler Freeman"", ""bats"": ""R"", ""obp"": 0.3541666666666667, ""slg"": 0.3643410852713178, ""iso"": 0.08527131782945735, ""ab"": 129}, {""id"": 696100, ""name"": ""Hunter Goodman"", ""bats"": ""R"", ""obp"": 0.30357142857142855, ""slg"": 0.47317073170731705, ""iso"": 0.23414634146341462, ""ab"": 205}]","[{""name"": ""era_gap_t1"", ""value"": -3.34, ""contribution"": -0.361}, {""name"": ""fi_park_nrfi_rate"", ""value"": 0.4526, ""contribution"": 0.1563}, {""name"": ""home_p_last10_pitcher_nrfi"", ""value"": 0.5, ""contribution"": -0.0846}, {""name"": ""home_fip"", ""value"": 3.5482, ""contribution"": -0.0483}, {""name"": ""away_top3c_iso"", ""value"": 0.1723, ""contribution"": -0.0438}]","[{""name"": ""fi_park_nrfi_rate"", ""value"": 0.4526, ""contribution"": 0.2403}, {""name"": ""era_gap_b1"", ""value"": 3.34, ""contribution"": 0.2269}, {""name"": ""away_fip"", ""value"": 5.1482, ""contribution"": 0.124}, {""name"": ""home_top3c_iso"", ""value"": 0.2043, ""contribution"": 0.1192}, {""name"": ""away_whiff_pct_rank"", ""value"": 24.0, ""contribution"": 0.1117}]",665281,0.5305,3.855,4.924,71.0,24.0,0.7136,0.7075,5.73,4.33,0.75,0.7607,L,R,YRFI,WIN,1,0,1,2026-06-02T01:59:07+00:00,-125,-105,DraftKings,2026-06-02T00:41:03+00:00,0.5556,0.5122,-0.2037,0.1359,0.1359,Y,1,0.952,-125,-105,2026-06-02T00:35:50+00:00,0,0.4029,YRFI,STRONG,,,,,,,
2026-06-01,2026,822730,1,N,MIA,WSH,6:45 PM ET,Sandy Alcantara,Cade Cavalli,645261,676917,live,live,live,live,0.97,0.419,0.5468,0.9658,0.2766,0.5747,0.8513,0.4064,0.5936,0.2517,0.7483,,,YRFI,STRONG,STRONG YRFI,4,2026-06-01T21:33:44Z,4.903,3.855,1.309,1.385,4.235,3.302,2.67,3.07,1.1,0.78,6.62,9.49,0.318,0.323,0.38,0.418,4.233,5.22,25.0,12.6,32.0,0.0,1.0,0.6,0.9,0.7,0.3622,0.3387,0.4954,0.4371,0.2319,0.1565,lineup,lineup,"[{""id"": 695578, ""name"": ""James Wood"", ""bats"": ""L"", ""obp"": 0.41134751773049644, ""slg"": 0.5482456140350878, ""iso"": 0.27631578947368424, ""ab"": 228}, {""id"": 665953, ""name"": ""Andr\u00e9s Chaparro"", ""bats"": ""R"", ""obp"": 0.37037037037037035, ""slg"": 0.2857142857142857, ""iso"": 0.09523809523809523, ""ab"": 21}, {""id"": 678554, ""name"": ""Curtis Mead"", ""bats"": ""R"", ""obp"": 0.358974358974359, ""slg"": 0.49242424242424243, ""iso"": 0.25, ""ab"": 132}]","[{""id"": 689414, ""name"": ""Liam Hicks"", ""bats"": ""L"", ""obp"": 0.3440366972477064, ""slg"": 0.46842105263157896, ""iso"": 0.2, ""ab"": 190}, {""id"": 672640, ""name"": ""Otto Lopez"", ""bats"": ""R"", ""obp"": 0.3562753036437247, ""slg"": 0.45652173913043476, ""iso"": 0.13043478260869562, ""ab"": 230}, {""id"": 669065, ""name"": ""Kyle Stowers"", ""bats"": ""L"", ""obp"": 0.3026315789473684, ""slg"": 0.3602941176470588, ""iso"": 0.13970588235294118, ""ab"": 136}]","[{""name"": ""away_top3c_iso"", ""value"": 0.1565, ""contribution"": -0.1551}, {""name"": ""era_gap_t1"", ""value"": -1.0485, ""contribution"": -0.1129}, {""name"": ""home_fip"", ""value"": 3.3022, ""contribution"": -0.076}, {""name"": ""fi_park_nrfi_rate"", ""value"": 0.4761, ""contribution"": 0.0751}, {""name"": ""home_p_last10_pitcher_nrfi"", ""value"": 0.9, ""contribution"": 0.0716}]","[{""name"": ""home_top3c_slg"", ""value"": 0.4954, ""contribution"": -0.3415}, {""name"": ""home_top3c_iso"", ""value"": 0.2319, ""contribution"": 0.2497}, {""name"": ""home_top3_ops_vs_oppHand"", ""value"": 0.8987, ""contribution"": 0.1618}, {""name"": ""fi_park_nrfi_rate"", ""value"": 0.4761, ""contribution"": 0.1154}, {""name"": ""away_whiff_pct_rank"", ""value"": 28.0, ""contribution"": 0.0945}]",427554,0.4835,4.101,4.417,80.0,28.0,0.7396,0.6509,5.8,5.6,0.7487,0.8987,R,R,YRFI,WIN,1,0,1,2026-06-01T23:03:36+00:00,-120,-110,DraftKings,2026-06-01T21:48:10+00:00,0.5455,0.5238,-0.1391,0.0698,0.0698,Y,1,0.909,-120,-110,2026-06-01T21:42:53+00:00,0,0.4589,PASS,NO EDGE,,,,,,,
2026-06-01,2026,824510,1,N,KC,CIN,7:10 PM ET,Luinder Avila,Lyon Richardson,679883,680689,sm,ltd,live,live,1.09,0.5269,0.5951,1.122,0.319,0.4948,0.8138,0.4374,0.5626,0.309,0.691,,,PASS,LOW LAMBDA,PASS - Low lambda,4,2026-06-01T23:03:04Z,4.477,4.285,1.457,1.347,3.993,4.12,3.69,3.6,0.94,0.98,8.67,8.29,0.31,0.314,0.38,0.398,3.899,4.432,22.9,11.4,41.0,0.0,0.5,0.0,0.5,0.0,0.3659,0.3199,0.5115,0.4052,0.2353,0.1618,lineup,lineup,"[{""id"": 666181, ""name"": ""Will Benson"", ""bats"": ""L"", ""obp"": 0.31313131313131315, ""slg"": 0.3132530120481928, ""iso"": 0.13253012048192772, ""ab"": 83}, {""id"": 668709, ""name"": ""JJ Bleday"", ""bats"": ""L"", ""obp"": 0.3984375, ""slg"": 0.6422018348623854, ""iso"": 0.3394495412844037, ""ab"": 109}, {""id"": 701398, ""name"": ""Sal Stewart"", ""bats"": ""R"", ""obp"": 0.3557312252964427, ""slg"": 0.47706422018348627, ""iso"": 0.2155963302752294, ""ab"": 218}]","[{""id"": 695600, ""name"": ""Carter Jensen"", ""bats"": ""L"", ""obp"": 0.3076923076923077, ""slg"": 0.39766081871345027, ""iso"": 0.1695906432748538, ""ab"": 171}, {""id"": 677951, ""name"": ""Bobby Witt Jr."", ""bats"": ""R"", ""obp"": 0.35, ""slg"": 0.47435897435897434, ""iso"": 0.18803418803418803, ""ab"": 234}, {""id"": 686469, ""name"": ""Vinnie Pasquantino"", ""bats"": ""L"", ""obp"": 0.29707112970711297, ""slg"": 0.3333333333333333, ""iso"": 0.1256038647342995, ""ab"": 207}]","[{""name"": ""away_top3c_slg"", ""value"": 0.4052, ""contribution"": 0.1775}, {""name"": ""away_top3c_iso"", ""value"": 0.1618, ""contribution"": -0.1178}, {""name"": ""home_p_last10_pitcher_nrfi"", ""value"": 0.5, ""contribution"": -0.0846}, {""name"": ""fi_park_nrfi_rate"", ""value"": 0.4892, ""contribution"": 0.0298}, {""name"": ""era_gap_t1"", ""value"": -0.1926, ""contribution"": -0.0202}]","[{""name"": ""home_top3c_slg"", ""value"": 0.5115, ""contribution"": -0.4418}, {""name"": ""home_top3c_iso"", ""value"": 0.2353, ""contribution"": 0.2657}, {""name"": ""away_p_last10_pitcher_nrfi"", ""value"": 0.0, ""contribution"": 0.2355}, {""name"": ""home_top3_ops_vs_oppHand"", ""value"": 0.8543, ""contribution"": 0.1088}, {""name"": ""home_top3c_obp"", ""value"": 0.3659, ""contribution"": 0.0896}]",691042,0.5084,4.2,7.921,50.0,50.0,0.7136,0.7136,5.0,3.0,0.7483,0.8543,R,R,YRFI,PASS,4,1,5,2026-06-01T23:31:25+00:00,-115,-110,DraftKings,2026-06-01T23:15:49+00:00,0.5349,0.5238,-0.0975,0.0388,0.1174,N,1,,-115,-115,2026-06-01T23:05:19+00:00,0,0.3767,YRFI,STRONG,,,,,,,
2026-06-01,2026,823131,1,N,NYM,SEA,9:40 PM ET,Austin Warren,Emerson Hancock,681810,676106,sm,live,live,live,0.95,0.4019,0.4705,0.8724,0.3431,0.3541,0.6973,0.4795,0.5205,0.2174,0.7826,,,PASS,NO EDGE,PASS - No edge,4,2026-06-02T01:33:46Z,3.275,3.524,1.237,1.141,3.799,4.053,3.35,2.47,0.97,1.24,9.27,8.12,0.299,0.318,0.369,0.399,4.142,4.3,,,,1.0,0.8,0.5,0.8,0.5,0.326,0.3227,0.4025,0.4007,0.1548,0.1477,lineup,lineup,"[{""id"": 641487, ""name"": ""J.P. Crawford"", ""bats"": ""L"", ""obp"": 0.3440366972477064, ""slg"": 0.3901098901098901, ""iso"": 0.17032967032967034, ""ab"": 182}, {""id"": 677594, ""name"": ""Julio Rodr\u00edguez"", ""bats"": ""R"", ""obp"": 0.3193916349809886, ""slg"": 0.46502057613168724, ""iso"": 0.2016460905349794, ""ab"": 243}, {""id"": 645302, ""name"": ""Victor Robles"", ""bats"": ""R"", ""obp"": 0.32, ""slg"": 0.4, ""iso"": 0.08000000000000002, ""ab"": 25}]","[{""id"": 701807, ""name"": ""Carson Benge"", ""bats"": ""L"", ""obp"": 0.31797235023041476, ""slg"": 0.35858585858585856, ""iso"": 0.10606060606060602, ""ab"": 198}, {""id"": 666182, ""name"": ""Bo Bichette"", ""bats"": ""R"", ""obp"": 0.2751937984496124, ""slg"": 0.3080168776371308, ""iso"": 0.08860759493670886, ""ab"": 237}, {""id"": 665742, ""name"": ""Juan Soto"", ""bats"": ""L"", ""obp"": 0.39664804469273746, ""slg"": 0.5974025974025974, ""iso"": 0.2922077922077922, ""ab"": 154}]","[{""name"": ""away_top3c_iso"", ""value"": 0.1477, ""contribution"": -0.2168}, {""name"": ""away_top3c_slg"", ""value"": 0.4007, ""contribution"": 0.2005}, {""name"": ""home_xera"", ""value"": 5.2305, ""contribution"": 0.1143}, {""name"": ""fi_park_nrfi_rate"", ""value"": 0.5131, ""contribution"": -0.0529}, {""name"": ""home_p_last10_pitcher_nrfi"", ""value"": 0.8, ""contribution"": 0.0326}]","[{""name"": ""home_top3c_slg"", ""value"": 0.4025, ""contribution"": 0.2355}, {""name"": ""home_top3c_iso"", ""value"": 0.1548, ""contribution"": -0.1143}, {""name"": ""fi_park_nrfi_rate"", ""value"": 0.5131, ""contribution"": -0.0814}, {""name"": ""wx_is_dome"", ""value"": 1.0, ""contribution"": -0.0758}, {""name"": ""away_p_last10_pitcher_nrfi"", ""value"": 0.5, ""contribution"": 0.0713}]",605672,0.5283,5.231,4.2,18.0,50.0,0.7136,0.7136,6.0,5.0,0.7573,0.7393,R,R,NRFI,PASS,0,0,0,2026-06-02T01:53:22+00:00,-125,-105,DraftKings,2026-06-02T01:57:00+00:00,0.5556,0.5122,-0.0761,0.0083,,N,,,-125,-105,2026-06-02T01:36:08+00:00,,0.4811,PASS,NO EDGE,,,,,,,
2026-06-01,2026,825078,1,N,LAD,ARI,9:40 PM ET,Emmet Sheehan,Eduardo Rodriguez,686218,593958,live,live,live,live,1.0,0.5774,0.4822,1.0596,0.3729,0.423,0.7959,0.4384,0.5616,0.2861,0.7139,,,PASS,LOW LAMBDA,PASS - Low lambda,4,2026-06-02T01:33:46Z,4.107,3.332,1.171,1.334,3.764,4.162,2.61,3.44,1.33,0.97,10.25,7.31,0.339,0.311,0.439,0.397,5.155,4.541,,,,1.0,0.6,0.6,0.5,0.5,0.3441,0.369,0.4472,0.5,0.1886,0.2179,lineup,lineup,"[{""id"": 606466, ""name"": ""Ketel Marte"", ""bats"": ""S"", ""obp"": 0.3181818181818182, ""slg"": 0.45248868778280543, ""iso"": 0.19004524886877827, ""ab"": 221}, {""id"": 682998, ""name"": ""Corbin Carroll"", ""bats"": ""L"", ""obp"": 0.3813559322033898, ""slg"": 0.5346534653465347, ""iso"": 0.24752475247524758, ""ab"": 202}, {""id"": 672695, ""name"": ""Geraldo Perdomo"", ""bats"": ""S"", ""obp"": 0.3333333333333333, ""slg"": 0.3489583333333333, ""iso"": 0.12499999999999997, ""ab"": 192}]","[{""id"": 660271, ""name"": ""Shohei Ohtani"", ""bats"": ""L"", ""obp"": 0.4015748031496063, ""slg"": 0.4927536231884058, ""iso"": 0.21256038647342995, ""ab"": 207}, {""id"": 681624, ""name"": ""Andy Pages"", ""bats"": ""R"", ""obp"": 0.34297520661157027, ""slg"": 0.5384615384615384, ""iso"": 0.2443438914027149, ""ab"": 221}, {""id"": 518692, ""name"": ""Freddie Freeman"", ""bats"": ""L"", ""obp"": 0.36065573770491804, ""slg"": 0.4666666666666667, ""iso"": 0.19523809523809527, ""ab"": 210}]","[{""name"": ""away_top3c_slg"", ""value"": 0.5, ""contribution"": -0.3025}, {""name"": ""away_top3c_iso"", ""value"": 0.2179, ""contribution"": 0.2774}, {""name"": ""fi_park_nrfi_rate"", ""value"": 0.4239, ""contribution"": 0.2555}, {""name"": ""home_p_last10_pitcher_nrfi"", ""value"": 0.5, ""contribution"": -0.0846}, {""name"": ""era_gap_t1"", ""value"": -0.7752, ""contribution"": -0.0833}]","[{""name"": ""fi_park_nrfi_rate"", ""value"": 0.4239, ""contribution"": 0.3927}, {""name"": ""away_whiff_pct_rank"", ""value"": 96.0, ""contribution"": -0.199}, {""name"": ""wx_is_dome"", ""value"": 1.0, ""contribution"": -0.0758}, {""name"": ""away_p_last10_pitcher_nrfi"", ""value"": 0.5, ""contribution"": 0.0713}, {""name"": ""era_gap_b1"", ""value"": 0.7752, ""contribution"": 0.0524}]",427128,0.4785,4.546,2.975,32.0,96.0,0.7028,0.7272,6.73,5.07,0.84,0.7477,R,L,NRFI,PASS,0,0,0,2026-06-02T01:53:43+00:00,-105,-125,DraftKings,2026-06-02T01:57:00+00:00,0.5122,0.5556,-0.0738,0.006,0.0371,N,1,,-105,-125,2026-06-02T01:36:08+00:00,0,0.4595,PASS,NO EDGE,,,,,,,
2026-06-01,2026,823781,1,N,SF,MIL,7:40 PM ET,Landen Roupp,Shane Drohan,694738,675660,live,sm,live,live,1.03,0.424,0.4718,0.8958,0.2655,0.2365,0.5019,0.5942,0.4058,0.226,0.774,,,NRFI,STRONG,STRONG NRFI,4,2026-06-01T22:36:41Z,3.517,3.548,1.29,1.195,3.21,3.507,3.46,2.82,0.66,0.86,9.58,8.97,0.304,0.325,0.405,0.369,4.047,4.725,,,,1.0,1.0,0.6,1.0,0.8,0.3578,0.3311,0.4311,0.4643,0.1684,0.1755,lineup,lineup,"[{""id"": 592885, ""name"": ""Christian Yelich"", ""bats"": ""L"", ""obp"": 0.32456140350877194, ""slg"": 0.4423076923076923, ""iso"": 0.18269230769230765, ""ab"": 104}, {""id"": 694192, ""name"": ""Jackson Chourio"", ""bats"": ""R"", ""obp"": 0.31683168316831684, ""slg"": 0.40425531914893614, ""iso"": 0.1382978723404255, ""ab"": 94}, {""id"": 687401, ""name"": ""Joey Ortiz"", ""bats"": ""R"", ""obp"": 0.2867647058823529, ""slg"": 0.23076923076923078, ""iso"": 0.04273504273504275, ""ab"": 117}]","[{""id"": 669477, ""name"": ""Casey Schmitt"", ""bats"": ""R"", ""obp"": 0.33175355450236965, ""slg"": 0.5482233502538071, ""iso"": 0.25380710659898476, ""ab"": 197}, {""id"": 691740, ""name"": ""Daniel Susac"", ""bats"": ""R"", ""obp"": 0.35384615384615387, ""slg"": 0.39655172413793105, ""iso"": 0.103448275862069, ""ab"": 58}, {""id"": 650333, ""name"": ""Luis Arraez"", ""bats"": ""L"", ""obp"": 0.3625, ""slg"": 0.42201834862385323, ""iso"": 0.10091743119266056, ""ab"": 218}]","[{""name"": ""fi_park_nrfi_rate"", ""value"": 0.5899, ""contribution"": -0.3182}, {""name"": ""away_top3c_slg"", ""value"": 0.4643, ""contribution"": -0.1216}, {""name"": ""home_p_last10_pitcher_nrfi"", ""value"": 1.0, ""contribution"": 0.1107}, {""name"": ""home_avg_ip_per_start"", ""value"": 2.6667, ""contribution"": 0.0808}, {""name"": ""home_xera"", ""value"": 4.6604, ""contribution"": 0.0558}]","[{""name"": ""fi_park_nrfi_rate"", ""value"": 0.5899, ""contribution"": -0.4892}, {""name"": ""away_fip"", ""value"": 3.2099, ""contribution"": -0.0831}, {""name"": ""home_obp"", ""value"": 0.3255, ""contribution"": 0.0817}, {""name"": ""wx_is_dome"", ""value"": 1.0, ""contribution"": -0.0758}, {""name"": ""home_top3c_obp"", ""value"": 0.3578, ""contribution"": 0.0613}]",594151,0.4534,4.66,3.796,50.0,41.0,0.7136,0.6796,2.67,4.93,0.8117,0.8103,R,L,NRFI,WIN,0,0,0,2026-06-01T23:53:50+00:00,-155,+115,DraftKings,2026-06-01T22:44:13+00:00,0.6078,0.4651,-0.0136,-0.0593,-0.0136,Y,1,0.645,-155,+115,2026-06-01T22:38:58+00:00,0,0.6370,NRFI,STRONG,,,,,,,
2026-06-01,2026,823050,1,N,TEX,STL,7:45 PM ET,Jacob deGrom,Michael McGreevy,594798,700241,live,live,live,live,0.97,0.4266,0.4648,0.8914,0.3534,0.3645,0.7179,0.4773,0.5227,0.2244,0.7756,,,PASS,NO EDGE,PASS - No edge,4,2026-06-01T23:33:10Z,3.447,3.535,0.974,1.155,4.07,4.27,1.87,2.19,1.73,1.18,10.25,6.33,0.316,0.317,0.387,0.388,4.115,4.368,28.0,6.4,59.0,0.0,0.8,0.4,0.8,0.4,0.3681,0.3529,0.4255,0.4501,0.1599,0.1769,lineup,lineup,"[{""id"": 802139, ""name"": ""JJ Wetherholt"", ""bats"": ""L"", ""obp"": 0.36186770428015563, ""slg"": 0.4074074074074074, ""iso"": 0.15740740740740738, ""ab"": 216}, {""id"": 671056, ""name"": ""Iv\u00e1n Herrera"", ""bats"": ""R"", ""obp"": 0.39147286821705424, ""slg"": 0.4312796208530806, ""iso"": 0.16587677725118483, ""ab"": 211}, {""id"": 676475, ""name"": ""Alec Burleson"", ""bats"": ""L"", ""obp"": 0.3497942386831276, ""slg"": 0.4377880184331797, ""iso"": 0.15668202764976957, ""ab"": 217}]","[{""id"": 592626, ""name"": ""Joc Pederson"", ""bats"": ""L"", ""obp"": 0.35260115606936415, ""slg"": 0.4405594405594406, ""iso"": 0.2027972027972028, ""ab"": 143}, {""id"": 673962, ""name"": ""Josh Jung"", ""bats"": ""R"", ""obp"": 0.37168141592920356, ""slg"": 0.49514563106796117, ""iso"": 0.17961165048543687, ""ab"": 206}, {""id"": 607043, ""name"": ""Brandon Nimmo"", ""bats"": ""L"", ""obp"": 0.336, ""slg"": 0.4144144144144144, ""iso"": 0.15765765765765766, ""ab"": 222}]","[{""name"": ""fi_park_nrfi_rate"", ""value"": 0.527, ""contribution"": -0.1009}, {""name"": ""home_xera"", ""value"": 4.9135, ""contribution"": 0.0818}, {""name"": ""away_top3c_slg"", ""value"": 0.4501, ""contribution"": -0.0497}, {""name"": ""away_top3_ops_vs_oppHand"", ""value"": 0.8123, ""contribution"": 0.046}, {""name"": ""wx_temp_c"", ""value"": 28.0, ""contribution"": 0.0404}]","[{""name"": ""fi_park_nrfi_rate"", ""value"": 0.527, ""contribution"": -0.1552}, {""name"": ""away_whiff_pct_rank"", ""value"": 82.0, ""contribution"": -0.1386}, {""name"": ""away_p_last10_pitcher_nrfi"", ""value"": 0.4, ""contribution"": 0.1041}, {""name"": ""home_top3c_obp"", ""value"": 0.3681, ""contribution"": 0.0974}, {""name"": ""home_top3c_slg"", ""value"": 0.4255, ""contribution"": 0.0927}]",482608,0.452,4.913,3.231,3.0,82.0,0.7272,0.6796,5.4,5.67,0.8123,0.8273,R,R,NRFI,PASS,0,0,0,2026-06-02T00:04:20+00:00,-130,+100,DraftKings,2026-06-01T23:56:28+00:00,0.5652,0.5,-0.088,0.0228,,N,,,-130,+100,2026-06-01T23:40:43+00:00,,0.4877,PASS,NO EDGE,,,,,,,
2026-06-01,2026,823702,1,N,CWS,MIN,7:40 PM ET,David Sandlin,Joe Ryan,689818,657746,sm,live,live,live,0.97,0.3515,0.4765,0.828,0.2284,0.3843,0.6127,0.5483,0.4517,0.2013,0.7987,,,NRFI,LEAN,LEAN NRFI,4,2026-06-01T22:36:41Z,3.822,3.124,1.118,0.972,4.156,2.939,2.55,2.0,1.25,0.87,8.39,9.98,0.322,0.316,0.406,0.389,4.628,4.567,25.5,8.4,52.0,0.0,0.8,0.0,0.7,0.0,0.3147,0.3378,0.4799,0.4133,0.2294,0.1696,lineup,lineup,"[{""id"": 621439, ""name"": ""Byron Buxton"", ""bats"": ""R"", ""obp"": 0.3231441048034934, ""slg"": 0.5625, ""iso"": 0.30288461538461536, ""ab"": 208}, {""id"": 686797, ""name"": ""Brooks Lee"", ""bats"": ""S"", ""obp"": 0.3101851851851852, ""slg"": 0.43, ""iso"": 0.175, ""ab"": 200}, {""id"": 665019, ""name"": ""Kody Clemens"", ""bats"": ""L"", ""obp"": 0.30939226519337015, ""slg"": 0.43558282208588955, ""iso"": 0.20245398773006135, ""ab"": 163}]","[{""id"": 803011, ""name"": ""Sam Antonacci"", ""bats"": ""L"", ""obp"": 0.36875, ""slg"": 0.36231884057971014, ""iso"": 0.08695652173913043, ""ab"": 138}, {""id"": 678246, ""name"": ""Miguel Vargas"", ""bats"": ""R"", ""obp"": 0.3611111111111111, ""slg"": 0.47342995169082125, ""iso"": 0.24154589371980675, ""ab"": 207}, {""id"": 643217, ""name"": ""Andrew Benintendi"", ""bats"": ""L"", ""obp"": 0.2786885245901639, ""slg"": 0.38095238095238093, ""iso"": 0.14880952380952378, ""ab"": 168}]","[{""name"": ""away_top3c_slg"", ""value"": 0.4133, ""contribution"": 0.1368}, {""name"": ""fi_park_nrfi_rate"", ""value"": 0.5348, ""contribution"": -0.1278}, {""name"": ""home_fip"", ""value"": 2.9387, ""contribution"": -0.1168}, {""name"": ""home_xera"", ""value"": 3.2616, ""contribution"": -0.0875}, {""name"": ""era_gap_t1"", ""value"": -0.6973, ""contribution"": -0.0749}]","[{""name"": ""home_top3c_slg"", ""value"": 0.4799, ""contribution"": -0.2452}, {""name"": ""home_top3c_iso"", ""value"": 0.2294, ""contribution"": 0.238}, {""name"": ""away_p_last10_pitcher_nrfi"", ""value"": 0.0, ""contribution"": 0.2355}, {""name"": ""fi_park_nrfi_rate"", ""value"": 0.5348, ""contribution"": -0.1964}, {""name"": ""home_top3c_obp"", ""value"": 0.3147, ""contribution"": -0.0899}]",521251,0.4391,3.262,4.2,62.0,50.0,0.6487,0.7136,5.2,6.0,0.721,0.8157,R,R,YRFI,LOSS,0,1,1,2026-06-02T00:02:37+00:00,-130,+100,DraftKings,2026-06-01T23:56:28+00:00,0.5652,0.5,-0.0169,-0.0483,-0.0169,N,0.5,0,-130,+100,2026-06-01T22:38:58+00:00,0,0.5651,NRFI,STRONG,,,,,,,
2026-06-02,2026,824026,1,N,COL,LAA,9:38 PM ET,Tomoyuki Sugano,Grayson Rodriguez,608372,680570,live,sm,live,live,0.99,0.5219,0.5948,1.1166,0.4258,0.6927,1.1185,0.3219,0.6781,0.3071,0.6929,,,YRFI,STRONG,STRONG YRFI,4,2026-06-03T00:35:14Z,4.267,5.046,1.283,1.367,5.389,4.332,2.31,3.5,1.78,1.23,5.32,8.8,0.316,0.314,0.39,0.391,4.309,4.349,24.6,14.5,51.0,0.0,1.0,0.6,1.0,0.6,0.3563,0.3437,0.4497,0.4214,0.2148,0.1437,lineup,lineup,"[{""id"": 624585, ""name"": ""Jorge Soler"", ""bats"": ""R"", ""obp"": 0.3008474576271186, ""slg"": 0.40384615384615385, ""iso"": 0.1826923076923077, ""ab"": 208}, {""id"": 545361, ""name"": ""Mike Trout"", ""bats"": ""R"", ""obp"": 0.4095940959409594, ""slg"": 0.4881516587677725, ""iso"": 0.24644549763033174, ""ab"": 211}, {""id"": 685133, ""name"": ""Wade Meckler"", ""bats"": ""L"", ""obp"": 0.3103448275862069, ""slg"": 0.5, ""iso"": 0.2142857142857143, ""ab"": 28}]","[{""id"": 664983, ""name"": ""Jake McCarthy"", ""bats"": ""L"", ""obp"": 0.33540372670807456, ""slg"": 0.4726027397260274, ""iso"": 0.18493150684931509, ""ab"": 146}, {""id"": 650489, ""name"": ""Willi Castro"", ""bats"": ""S"", ""obp"": 0.3315508021390374, ""slg"": 0.35119047619047616, ""iso"": 0.08928571428571425, ""ab"": 168}, {""id"": 681198, ""name"": ""TJ Rumfield"", ""bats"": ""L"", ""obp"": 0.35964912280701755, ""slg"": 0.4427860696517413, ""iso"": 0.15920398009950248, ""ab"": 201}]","[{""name"": ""away_top3c_iso"", ""value"": 0.1437, ""contribution"": -0.2451}, {""name"": ""fi_park_nrfi_rate"", ""value"": 0.4526, ""contribution"": 0.1563}, {""name"": ""home_p_last10_pitcher_nrfi"", ""value"": 1.0, ""contribution"": 0.1107}, {""name"": ""away_top3c_slg"", ""value"": 0.4214, ""contribution"": 0.0958}, {""name"": ""era_gap_t1"", ""value"": 0.7788, ""contribution"": 0.0849}]","[{""name"": ""fi_park_nrfi_rate"", ""value"": 0.4526, ""contribution"": 0.2403}, {""name"": ""home_top3c_iso"", ""value"": 0.2148, ""contribution"": 0.1688}, {""name"": ""away_whiff_pct_rank"", ""value"": 12.0, ""contribution"": 0.1635}, {""name"": ""away_fip"", ""value"": 5.389, ""contribution"": 0.1497}, {""name"": ""home_top3_ops_vs_oppHand"", ""value"": 0.823, ""contribution"": 0.0713}]",427344,0.4727,4.2,5.64,50.0,12.0,0.7136,0.6942,4.78,5.33,0.7767,0.823,R,R,NRFI,LOSS,0,0,0,2026-06-03T01:52:53+00:00,-115,-110,DraftKings,2026-06-03T00:38:16+00:00,0.5349,0.5238,-0.213,0.1543,0.1543,Y,1,-1,-115,-110,2026-06-03T00:34:32+00:00,0,0.4394,YRFI,STRONG,,,,,,,
2026-06-02,2026,823460,1,N,SD,PHI,6:40 PM ET,Randy Vásquez,Aaron Nola,681190,605400,live,live,live,live,1.04,0.5093,0.5227,1.0319,0.4704,0.4108,0.8813,0.4064,0.5936,0.276,0.724,,,YRFI,STRONG,STRONG YRFI,4,2026-06-02T21:34:40Z,3.504,5.675,1.266,1.4,4.463,4.492,2.93,2.82,1.15,1.61,6.33,9.05,0.298,0.297,0.372,0.386,4.034,4.02,24.2,4.9,28.0,0.0,1.0,0.4,0.9,0.7,0.3262,0.3131,0.478,0.3737,0.2398,0.1453,lineup,lineup,"[{""id"": 656941, ""name"": ""Kyle Schwarber"", ""bats"": ""L"", ""obp"": 0.3466135458167331, ""slg"": 0.5934579439252337, ""iso"": 0.3598130841121495, ""ab"": 214}, {""id"": 607208, ""name"": ""Trea Turner"", ""bats"": ""R"", ""obp"": 0.2734375, ""slg"": 0.3487394957983193, ""iso"": 0.1260504201680672, ""ab"": 238}, {""id"": 547180, ""name"": ""Bryce Harper"", ""bats"": ""L"", ""obp"": 0.36065573770491804, ""slg"": 0.5072463768115942, ""iso"": 0.24637681159420294, ""ab"": 207}]","[{""id"": 665487, ""name"": ""Fernando Tatis Jr."", ""bats"": ""R"", ""obp"": 0.3401639344262295, ""slg"": 0.3177570093457944, ""iso"": 0.05140186915887851, ""ab"": 214}, {""id"": 657757, ""name"": ""Gavin Sheets"", ""bats"": ""L"", ""obp"": 0.33513513513513515, ""slg"": 0.4723926380368098, ""iso"": 0.22699386503067484, ""ab"": 163}, {""id"": 592518, ""name"": ""Manny Machado"", ""bats"": ""R"", ""obp"": 0.2672413793103448, ""slg"": 0.35323383084577115, ""iso"": 0.1791044776119403, ""ab"": 201}]","[{""name"": ""away_top3c_slg"", ""value"": 0.3737, ""contribution"": 0.3372}, {""name"": ""era_gap_t1"", ""value"": 2.1717, ""contribution"": 0.2358}, {""name"": ""away_top3c_iso"", ""value"": 0.1453, ""contribution"": -0.2336}, {""name"": ""away_top3_ops_vs_oppHand"", ""value"": 0.6723, ""contribution"": -0.0967}, {""name"": ""fi_park_nrfi_rate"", ""value"": 0.473, ""contribution"": 0.0859}]","[{""name"": ""home_top3c_iso"", ""value"": 0.2398, ""contribution"": 0.2868}, {""name"": ""home_top3c_slg"", ""value"": 0.478, ""contribution"": -0.2336}, {""name"": ""away_whiff_pct_rank"", ""value"": 7.0, ""contribution"": 0.1851}, {""name"": ""era_gap_b1"", ""value"": -2.1717, ""contribution"": -0.1481}, {""name"": ""fi_park_nrfi_rate"", ""value"": 0.473, ""contribution"": 0.1321}]",554242,0.4415,4.083,5.245,59.0,7.0,0.751,0.7136,5.07,5.33,0.6723,0.852,R,R,NRFI,LOSS,0,0,0,2026-06-02T22:56:18+00:00,-105,-125,DraftKings,2026-06-02T21:48:25+00:00,0.5122,0.5556,-0.1058,0.038,0.038,Y,1,-1,-105,-125,2026-06-02T21:37:40+00:00,0,0.4877,PASS,NO EDGE,,,,,,,
2026-06-02,2026,822728,1,N,MIA,WSH,6:45 PM ET,Lake Bachar,Richard Lovelady,669199,663992,ltd,sm,live,live,0.97,0.5474,0.5572,1.1046,0.3405,0.4295,0.77,0.4673,0.5327,0.3026,0.6974,,,PASS,NO EDGE,PASS - No edge,4,2026-06-02T22:28:55Z,3.921,3.877,1.136,1.441,4.252,4.535,3.34,4.13,1.39,1.19,9.62,8.52,0.318,0.322,0.383,0.417,4.27,5.191,23.8,11.5,29.0,0.0,0.6667,1.0,0.6667,1.0,0.3616,0.3301,0.4909,0.4098,0.2273,0.1359,lineup,lineup,"[{""id"": 695578, ""name"": ""James Wood"", ""bats"": ""L"", ""obp"": 0.4090909090909091, ""slg"": 0.5431034482758621, ""iso"": 0.27155172413793105, ""ab"": 232}, {""id"": 683083, ""name"": ""Nasim Nu\u00f1ez"", ""bats"": ""S"", ""obp"": 0.28717948717948716, ""slg"": 0.21637426900584794, ""iso"": 0.023391812865497075, ""ab"": 171}, {""id"": 678554, ""name"": ""Curtis Mead"", ""bats"": ""R"", ""obp"": 0.3625, ""slg"": 0.49264705882352944, ""iso"": 0.24264705882352944, ""ab"": 136}]","[{""id"": 681715, ""name"": ""Heriberto Hern\u00e1ndez"", ""bats"": ""R"", ""obp"": 0.2909090909090909, ""slg"": 0.31958762886597936, ""iso"": 0.11340206185567009, ""ab"": 97}, {""id"": 672640, ""name"": ""Otto Lopez"", ""bats"": ""R"", ""obp"": 0.36507936507936506, ""slg"": 0.4658119658119658, ""iso"": 0.1324786324786325, ""ab"": 234}, {""id"": 669065, ""name"": ""Kyle Stowers"", ""bats"": ""L"", ""obp"": 0.30128205128205127, ""slg"": 0.37857142857142856, ""iso"": 0.15714285714285714, ""ab"": 140}]","[{""name"": ""away_top3c_iso"", ""value"": 0.1359, ""contribution"": -0.3001}, {""name"": ""away_top3c_slg"", ""value"": 0.4098, ""contribution"": 0.1545}, {""name"": ""home_avg_ip_per_start"", ""value"": 1.4444, ""contribution"": 0.12}, {""name"": ""home_xera"", ""value"": 3.21, ""contribution"": -0.0928}, {""name"": ""fi_park_nrfi_rate"", ""value"": 0.4761, ""contribution"": 0.0751}]","[{""name"": ""home_top3c_slg"", ""value"": 0.4909, ""contribution"": -0.3138}, {""name"": ""home_top3c_iso"", ""value"": 0.2273, ""contribution"": 0.2278}, {""name"": ""away_whiff_pct_rank"", ""value"": 96.0, ""contribution"": -0.199}, {""name"": ""home_top3_ops_vs_oppHand"", ""value"": 0.8923, ""contribution"": 0.1543}, {""name"": ""fi_park_nrfi_rate"", ""value"": 0.4761, ""contribution"": 0.1154}]",623945,0.5123,3.21,2.68,48.0,96.0,0.7136,0.7136,1.44,2.0,0.8147,0.8923,R,L,NRFI,PASS,0,0,0,2026-06-02T22:59:29+00:00,+105,-135,DraftKings,2026-06-02T22:54:04+00:00,0.4878,0.5745,-0.0213,-0.041,0.0191,N,1,,+105,-135,2026-06-02T22:43:24+00:00,0,0.5651,NRFI,STRONG,,,,,,,
2026-06-02,2026,822971,1,N,DET,TB,6:40 PM ET,Jack Flaherty,Steven Matz,656427,571927,live,live,live,live,0.93,0.4503,0.5839,1.0343,0.3311,0.5407,0.8718,0.4064,0.5936,0.2769,0.7231,,,YRFI,STRONG,STRONG YRFI,4,2026-06-02T21:34:40Z,5.302,4.097,1.467,1.2,4.215,4.325,4.36,2.72,1.34,1.24,10.81,7.37,0.314,0.333,0.38,0.394,3.954,4.701,,,,1.0,0.4,0.8,0.6,0.7,0.3621,0.3277,0.4439,0.4082,0.162,0.1728,lineup,lineup,"[{""id"": 802415, ""name"": ""Chandler Simpson"", ""bats"": ""L"", ""obp"": 0.3177966101694915, ""slg"": 0.33783783783783783, ""iso"": 0.05405405405405406, ""ab"": 222}, {""id"": 691406, ""name"": ""Junior Caminero"", ""bats"": ""R"", ""obp"": 0.38095238095238093, ""slg"": 0.5116279069767442, ""iso"": 0.23255813953488375, ""ab"": 215}, {""id"": 666018, ""name"": ""Jonathan Aranda"", ""bats"": ""L"", ""obp"": 0.3855421686746988, ""slg"": 0.4878048780487805, ""iso"": 0.20487804878048782, ""ab"": 205}]","[{""id"": 650402, ""name"": ""Gleyber Torres"", ""bats"": ""R"", ""obp"": 0.3888888888888889, ""slg"": 0.3275862068965517, ""iso"": 0.06896551724137928, ""ab"": 116}, {""id"": 663837, ""name"": ""Matt Vierling"", ""bats"": ""R"", ""obp"": 0.2807017543859649, ""slg"": 0.34868421052631576, ""iso"": 0.1381578947368421, ""ab"": 152}, {""id"": 693307, ""name"": ""Dillon Dingler"", ""bats"": ""R"", ""obp"": 0.3242009132420091, ""slg"": 0.5025641025641026, ""iso"": 0.2615384615384615, ""ab"": 195}]","[{""name"": ""fi_park_nrfi_rate"", ""value"": 0.4376, ""contribution"": 0.2081}, {""name"": ""away_top3c_slg"", ""value"": 0.4082, ""contribution"": 0.1624}, {""name"": ""era_gap_t1"", ""value"": -1.205, ""contribution"": -0.1298}, {""name"": ""away_top3_ops_vs_oppHand"", ""value"": 0.6533, ""contribution"": -0.1161}, {""name"": ""home_xera"", ""value"": 3.6206, ""contribution"": -0.0507}]","[{""name"": ""fi_park_nrfi_rate"", ""value"": 0.4376, ""contribution"": 0.3199}, {""name"": ""home_obp"", ""value"": 0.3326, ""contribution"": 0.1318}, {""name"": ""home_top3_ops_vs_oppHand"", ""value"": 0.8427, ""contribution"": 0.0948}, {""name"": ""era_gap_b1"", ""value"": 1.205, ""contribution"": 0.0816}, {""name"": ""home_top3c_iso"", ""value"": 0.162, ""contribution"": -0.0803}]",483919,0.4901,3.621,3.908,7.0,57.0,0.6942,0.664,4.6,4.73,0.6533,0.8427,R,L,YRFI,WIN,2,0,2,2026-06-02T22:53:47+00:00,-125,-105,DraftKings,2026-06-02T21:48:25+00:00,0.5556,0.5122,-0.1492,0.0814,0.0814,Y,1,0.952,-125,-105,2026-06-02T21:37:40+00:00,0,0.5099,PASS,NO EDGE,,,,,,,
2026-06-02,2026,825079,1,N,LAD,ARI,9:40 PM ET,Eric Lauer,Michael Soroka,641778,647336,live,live,live,live,1.0,0.4565,0.6353,1.0917,0.3537,0.6734,1.0271,0.3491,0.6509,0.2979,0.7021,,,YRFI,STRONG,STRONG YRFI,4,2026-06-03T00:35:14Z,4.664,3.719,1.266,1.184,5.361,3.243,3.0,2.41,1.94,0.84,7.58,9.06,0.338,0.31,0.437,0.398,5.1,4.534,,,,1.0,0.8,0.6,0.7,0.5,0.3414,0.3684,0.4755,0.5,0.2051,0.2169,lineup,lineup,"[{""id"": 606466, ""name"": ""Ketel Marte"", ""bats"": ""S"", ""obp"": 0.3170731707317073, ""slg"": 0.4622222222222222, ""iso"": 0.19999999999999996, ""ab"": 225}, {""id"": 682998, ""name"": ""Corbin Carroll"", ""bats"": ""L"", ""obp"": 0.37916666666666665, ""slg"": 0.5339805825242718, ""iso"": 0.24757281553398058, ""ab"": 206}, {""id"": 672515, ""name"": ""Gabriel Moreno"", ""bats"": ""R"", ""obp"": 0.31851851851851853, ""slg"": 0.4, ""iso"": 0.14166666666666666, ""ab"": 120}]","[{""id"": 660271, ""name"": ""Shohei Ohtani"", ""bats"": ""L"", ""obp"": 0.4069767441860465, ""slg"": 0.5023696682464455, ""iso"": 0.21327014218009477, ""ab"": 211}, {""id"": 681624, ""name"": ""Andy Pages"", ""bats"": ""R"", ""obp"": 0.34146341463414637, ""slg"": 0.5377777777777778, ""iso"": 0.24444444444444446, ""ab"": 225}, {""id"": 518692, ""name"": ""Freddie Freeman"", ""bats"": ""L"", ""obp"": 0.3548387096774194, ""slg"": 0.45794392523364486, ""iso"": 0.191588785046729, ""ab"": 214}]","[{""name"": ""away_top3c_slg"", ""value"": 0.5, ""contribution"": -0.3025}, {""name"": ""away_top3c_iso"", ""value"": 0.2169, ""contribution"": 0.2707}, {""name"": ""fi_park_nrfi_rate"", ""value"": 0.4239, ""contribution"": 0.2555}, {""name"": ""away_top3_ops_vs_oppHand"", ""value"": 0.88, ""contribution"": 0.1149}, {""name"": ""era_gap_t1"", ""value"": -0.945, ""contribution"": -0.1017}]","[{""name"": ""fi_park_nrfi_rate"", ""value"": 0.4239, ""contribution"": 0.3927}, {""name"": ""home_top3c_slg"", ""value"": 0.4755, ""contribution"": -0.2181}, {""name"": ""home_top3_ops_vs_oppHand"", ""value"": 0.929, ""contribution"": 0.1982}, {""name"": ""away_fip"", ""value"": 5.3609, ""contribution"": 0.1467}, {""name"": ""away_whiff_pct_rank"", ""value"": 20.0, ""contribution"": 0.129}]",521889,0.4806,3.598,4.073,29.0,20.0,0.7272,0.751,6.07,5.0,0.88,0.929,L,R,YRFI,WIN,2,0,2,2026-06-03T01:56:58+00:00,+105,-135,DraftKings,2026-06-03T00:43:36+00:00,0.4878,0.5745,-0.1387,0.0764,0.0764,Y,1,0.741,+105,-135,2026-06-03T00:38:16+00:00,0,0.4658,PASS,NO EDGE,,,,,,,
2026-06-02,2026,823782,1,N,SF,MIL,7:40 PM ET,Trevor McDonald,Kyle Harrison,686790,690986,sm,ltd,live,live,1.03,0.3862,0.4772,0.8635,0.1718,0.2858,0.4576,0.6918,0.3082,0.2142,0.7858,,,NRFI,STRONG,STRONG NRFI,4,2026-06-02T22:28:55Z,4.241,2.692,1.18,1.146,3.63,3.138,2.48,2.75,0.96,0.8,8.59,9.98,0.303,0.33,0.404,0.375,4.02,4.882,,,,1.0,0.8,0.8,0.8,0.8571,0.3711,0.3312,0.4467,0.4594,0.1737,0.173,lineup,lineup,"[{""id"": 592885, ""name"": ""Christian Yelich"", ""bats"": ""L"", ""obp"": 0.3416666666666667, ""slg"": 0.44954128440366975, ""iso"": 0.1743119266055046, ""ab"": 109}, {""id"": 694192, ""name"": ""Jackson Chourio"", ""bats"": ""R"", ""obp"": 0.3364485981308411, ""slg"": 0.41836734693877553, ""iso"": 0.1428571428571429, ""ab"": 98}, {""id"": 668930, ""name"": ""Brice Turang"", ""bats"": ""L"", ""obp"": 0.40082644628099173, ""slg"": 0.45918367346938777, ""iso"": 0.18877551020408162, ""ab"": 196}]","[{""id"": 669477, ""name"": ""Casey Schmitt"", ""bats"": ""R"", ""obp"": 0.32558139534883723, ""slg"": 0.5373134328358209, ""iso"": 0.24875621890547261, ""ab"": 201}, {""id"": 646240, ""name"": ""Rafael Devers"", ""bats"": ""L"", ""obp"": 0.30278884462151395, ""slg"": 0.42857142857142855, ""iso"": 0.17748917748917747, ""ab"": 231}, {""id"": 650333, ""name"": ""Luis Arraez"", ""bats"": ""L"", ""obp"": 0.36475409836065575, ""slg"": 0.42081447963800905, ""iso"": 0.09954751131221717, ""ab"": 221}]","[{""name"": ""fi_park_nrfi_rate"", ""value"": 0.5899, ""contribution"": -0.3182}, {""name"": ""era_gap_t1"", ""value"": -1.5493, ""contribution"": -0.1671}, {""name"": ""away_top3c_slg"", ""value"": 0.4594, ""contribution"": -0.097}, {""name"": ""home_fip"", ""value"": 3.1376, ""contribution"": -0.0944}, {""name"": ""away_top3c_iso"", ""value"": 0.173, ""contribution"": -0.0383}]","[{""name"": ""fi_park_nrfi_rate"", ""value"": 0.5899, ""contribution"": -0.4892}, {""name"": ""home_obp"", ""value"": 0.3303, ""contribution"": 0.1152}, {""name"": ""home_top3c_obp"", ""value"": 0.3711, ""contribution"": 0.1081}, {""name"": ""era_gap_b1"", ""value"": 1.5493, ""contribution"": 0.105}, {""name"": ""home_top3_ops_vs_oppHand"", ""value"": 0.8407, ""contribution"": 0.0924}]",607884,0.5403,4.038,4.2,74.0,50.0,0.7136,0.7136,5.6,5.8,0.7987,0.8407,R,L,YRFI,LOSS,0,3,3,2026-06-03T00:06:24+00:00,-150,+115,DraftKings,2026-06-02T22:43:24+00:00,0.6,0.4651,0.0918,-0.1569,0.0918,Y,1,-1,-150,+115,2026-06-02T22:38:06+00:00,0,0.6373,NRFI,STRONG,,,,,,,
2026-06-02,2026,823541,1,N,CLE,NYY,7:05 PM ET,Joey Cantillo,Cam Schlittler,676282,693645,live,live,live,live,1.02,0.3263,0.6334,0.9598,0.2967,0.5799,0.8766,0.4064,0.5936,0.2494,0.7506,,,YRFI,STRONG,STRONG YRFI,4,2026-06-02T22:04:05Z,3.504,2.191,1.343,0.988,4.262,2.698,4.38,2.28,1.05,0.62,8.82,9.98,0.319,0.33,0.379,0.43,4.164,5.034,24.3,11.0,27.0,0.0,1.0,1.0,0.9,0.8,0.3806,0.352,0.5493,0.4219,0.2669,0.1654,lineup,lineup,"[{""id"": 700250, ""name"": ""Ben Rice"", ""bats"": ""L"", ""obp"": 0.39737991266375544, ""slg"": 0.6581632653061225, ""iso"": 0.3520408163265306, ""ab"": 196}, {""id"": 502671, ""name"": ""Paul Goldschmidt"", ""bats"": ""R"", ""obp"": 0.3543307086614173, ""slg"": 0.4954954954954955, ""iso"": 0.23423423423423423, ""ab"": 111}, {""id"": 641355, ""name"": ""Cody Bellinger"", ""bats"": ""L"", ""obp"": 0.3784860557768924, ""slg"": 0.47619047619047616, ""iso"": 0.20476190476190476, ""ab"": 210}]","[{""id"": 683953, ""name"": ""Travis Bazzana"", ""bats"": ""L"", ""obp"": 0.3888888888888889, ""slg"": 0.44954128440366975, ""iso"": 0.1559633027522936, ""ab"": 109}, {""id"": 608070, ""name"": ""Jos\u00e9 Ram\u00edrez"", ""bats"": ""S"", ""obp"": 0.3408239700374532, ""slg"": 0.39732142857142855, ""iso"": 0.16964285714285712, ""ab"": 224}, {""id"": 800050, ""name"": ""Chase DeLauter"", ""bats"": ""L"", ""obp"": 0.3448275862068966, ""slg"": 0.43414634146341463, ""iso"": 0.16585365853658535, ""ab"": 205}]","[{""name"": ""fi_park_nrfi_rate"", ""value"": 0.4526, ""contribution"": 0.1563}, {""name"": ""home_fip"", ""value"": 2.6978, ""contribution"": -0.1438}, {""name"": ""era_gap_t1"", ""value"": -1.3137, ""contribution"": -0.1416}, {""name"": ""away_top3c_slg"", ""value"": 0.4219, ""contribution"": 0.0929}, {""name"": ""away_top3c_iso"", ""value"": 0.1654, ""contribution"": -0.092}]","[{""name"": ""home_top3c_slg"", ""value"": 0.5493, ""contribution"": -0.6767}, {""name"": ""home_top3c_iso"", ""value"": 0.2669, ""contribution"": 0.415}, {""name"": ""home_top3_ops_vs_oppHand"", ""value"": 1.0233, ""contribution"": 0.3111}, {""name"": ""fi_park_nrfi_rate"", ""value"": 0.4526, ""contribution"": 0.2403}, {""name"": ""away_whiff_pct_rank"", ""value"": 89.0, ""contribution"": -0.1688}]",503490,0.5467,3.568,3.575,56.0,89.0,0.7136,0.6796,6.07,4.73,0.765,1.0233,L,R,NRFI,LOSS,0,0,0,2026-06-02T23:22:34+00:00,-135,+100,DraftKings,2026-06-02T22:07:58+00:00,0.5745,0.5,-0.1681,0.0936,0.0936,Y,1,-1,-135,+100,2026-06-02T22:02:16+00:00,0,0.4563,PASS,NO EDGE,,,,,,,
2026-06-02,2026,823700,1,N,CWS,MIN,7:40 PM ET,Davis Martin,Connor Prielipp,663436,687570,live,ltd,live,live,0.97,0.5127,0.3852,0.8979,0.3874,0.287,0.6744,0.5062,0.4938,0.2267,0.7733,,,NRFI,LEAN,LEAN NRFI,4,2026-06-02T22:28:55Z,2.784,4.605,1.102,1.301,3.175,4.114,2.31,3.45,0.72,1.15,8.42,9.1,0.322,0.317,0.409,0.39,4.647,4.625,28.3,8.9,26.0,0.0,0.6,0.8,0.5714,0.8,0.3161,0.3426,0.4759,0.456,0.2251,0.202,lineup,lineup,"[{""id"": 621439, ""name"": ""Byron Buxton"", ""bats"": ""R"", ""obp"": 0.32051282051282054, ""slg"": 0.5539906103286385, ""iso"": 0.29577464788732394, ""ab"": 213}, {""id"": 686797, ""name"": ""Brooks Lee"", ""bats"": ""S"", ""obp"": 0.31363636363636366, ""slg"": 0.42857142857142855, ""iso"": 0.17241379310344823, ""ab"": 203}, {""id"": 665019, ""name"": ""Kody Clemens"", ""bats"": ""L"", ""obp"": 0.31351351351351353, ""slg"": 0.43373493975903615, ""iso"": 0.19879518072289157, ""ab"": 166}]","[{""id"": 805367, ""name"": ""Chase Meidroth"", ""bats"": ""R"", ""obp"": 0.33884297520661155, ""slg"": 0.39351851851851855, ""iso"": 0.125, ""ab"": 216}, {""id"": 671976, ""name"": ""Tristan Peters"", ""bats"": ""L"", ""obp"": 0.35625, ""slg"": 0.4178082191780822, ""iso"": 0.1232876712328767, ""ab"": 146}, {""id"": 678246, ""name"": ""Miguel Vargas"", ""bats"": ""R"", ""obp"": 0.3657587548638132, ""slg"": 0.5094339622641509, ""iso"": 0.2688679245283019, ""ab"": 212}]","[{""name"": ""away_top3_ops_vs_oppHand"", ""value"": 1.0383, ""contribution"": 0.2763}, {""name"": ""home_xera"", ""value"": 1.9461, ""contribution"": -0.2223}, {""name"": ""era_gap_t1"", ""value"": 1.8211, ""contribution"": 0.1978}, {""name"": ""away_top3c_iso"", ""value"": 0.202, ""contribution"": 0.1656}, {""name"": ""fi_park_nrfi_rate"", ""value"": 0.5348, ""contribution"": -0.1278}]","[{""name"": ""home_top3c_slg"", ""value"": 0.4759, ""contribution"": -0.2208}, {""name"": ""home_top3c_iso"", ""value"": 0.2251, ""contribution"": 0.2175}, {""name"": ""fi_park_nrfi_rate"", ""value"": 0.5348, ""contribution"": -0.1964}, {""name"": ""era_gap_b1"", ""value"": -1.8211, ""contribution"": -0.1243}, {""name"": ""away_whiff_pct_rank"", ""value"": 29.0, ""contribution"": 0.0902}]",483630,0.522,1.946,4.871,50.0,29.0,0.7136,0.7075,4.87,6.13,1.0383,0.8157,R,L,NRFI,WIN,0,0,0,2026-06-02T23:52:54+00:00,-120,-110,DraftKings,2026-06-02T23:58:52+00:00,0.5455,0.5238,-0.0393,-0.03,-0.0393,N,0.5,0,-120,-110,2026-06-02T22:38:06+00:00,0,0.6442,NRFI,STRONG,,,,,,,
2026-06-02,2026,824511,1,N,KC,CIN,7:10 PM ET,Noah Cameron,Andrew Abbott,702070,671096,live,live,live,live,1.09,0.5769,0.5343,1.1112,0.3533,0.4125,0.7658,0.4744,0.5256,0.3051,0.6949,,,PASS,NO EDGE,PASS - No edge,4,2026-06-02T23:04:14Z,3.907,3.57,1.276,1.326,3.871,4.529,2.88,3.29,1.0,1.2,7.91,6.86,0.313,0.314,0.384,0.397,3.967,4.399,24.9,15.5,35.0,0.0,0.6,0.6,0.5,0.8,0.3663,0.318,0.5072,0.4011,0.238,0.1569,lineup,lineup,"[{""id"": 663993, ""name"": ""Nathaniel Lowe"", ""bats"": ""L"", ""obp"": 0.3402777777777778, ""slg"": 0.5390625, ""iso"": 0.28125, ""ab"": 128}, {""id"": 668709, ""name"": ""JJ Bleday"", ""bats"": ""L"", ""obp"": 0.39849624060150374, ""slg"": 0.6548672566371682, ""iso"": 0.35398230088495575, ""ab"": 113}, {""id"": 701398, ""name"": ""Sal Stewart"", ""bats"": ""R"", ""obp"": 0.3540856031128405, ""slg"": 0.47297297297297297, ""iso"": 0.21171171171171171, ""ab"": 222}]","[{""id"": 657041, ""name"": ""Lane Thomas"", ""bats"": ""R"", ""obp"": 0.35384615384615387, ""slg"": 0.32075471698113206, ""iso"": 0.09433962264150941, ""ab"": 106}, {""id"": 677951, ""name"": ""Bobby Witt Jr."", ""bats"": ""R"", ""obp"": 0.35471698113207545, ""slg"": 0.4767932489451477, ""iso"": 0.189873417721519, ""ab"": 237}, {""id"": 521692, ""name"": ""Salvador Perez"", ""bats"": ""R"", ""obp"": 0.25738396624472576, ""slg"": 0.3577981651376147, ""iso"": 0.15137614678899083, ""ab"": 218}]","[{""name"": ""away_top3c_slg"", ""value"": 0.4011, ""contribution"": 0.1986}, {""name"": ""away_top3c_iso"", ""value"": 0.1569, ""contribution"": -0.1523}, {""name"": ""away_top3_ops_vs_oppHand"", ""value"": 0.869, ""contribution"": 0.1037}, {""name"": ""home_p_last10_pitcher_nrfi"", ""value"": 0.5, ""contribution"": -0.0846}, {""name"": ""home_fip"", ""value"": 4.5293, ""contribution"": 0.0618}]","[{""name"": ""home_top3c_slg"", ""value"": 0.5072, ""contribution"": -0.4151}, {""name"": ""home_top3c_iso"", ""value"": 0.238, ""contribution"": 0.2784}, {""name"": ""home_top3_ops_vs_oppHand"", ""value"": 0.8933, ""contribution"": 0.1555}, {""name"": ""away_whiff_pct_rank"", ""value"": 76.0, ""contribution"": -0.1127}, {""name"": ""home_top3c_obp"", ""value"": 0.3663, ""contribution"": 0.091}]",427164,0.5083,3.784,4.444,43.0,76.0,0.7136,0.7136,5.6,5.27,0.869,0.8933,L,L,NRFI,PASS,0,0,0,2026-06-02T23:23:16+00:00,+100,-125,DraftKings,2026-06-02T23:28:29+00:00,0.5,0.5556,-0.0256,-0.03,,N,,,+100,-125,2026-06-02T23:07:13+00:00,,0.4658,PASS,NO EDGE,,,,,,,
2026-06-02,2026,824754,1,N,BAL,BOS,6:45 PM ET,Shane Baz,Connelly Early,669358,813349,live,ltd,live,live,1.05,0.5388,0.5797,1.1185,0.277,0.361,0.638,0.5479,0.4521,0.3077,0.6923,,,NRFI,LEAN,LEAN NRFI,4,2026-06-02T21:34:40Z,4.63,3.433,1.392,1.2,4.199,4.285,3.67,3.12,1.15,1.28,8.59,8.54,0.319,0.318,0.397,0.383,4.567,4.089,22.5,8.7,22.0,0.0,0.4,0.4,0.6,0.6,0.3247,0.3343,0.4222,0.4081,0.1635,0.171,lineup,lineup,"[{""id"": 680776, ""name"": ""Jarren Duran"", ""bats"": ""L"", ""obp"": 0.2857142857142857, ""slg"": 0.40930232558139534, ""iso"": 0.19069767441860463, ""ab"": 215}, {""id"": 678882, ""name"": ""Ceddanne Rafaela"", ""bats"": ""R"", ""obp"": 0.33962264150943394, ""slg"": 0.43005181347150256, ""iso"": 0.15544041450777202, ""ab"": 193}, {""id"": 677800, ""name"": ""Wilyer Abreu"", ""bats"": ""L"", ""obp"": 0.34959349593495936, ""slg"": 0.42792792792792794, ""iso"": 0.14414414414414417, ""ab"": 222}]","[{""id"": 621493, ""name"": ""Taylor Ward"", ""bats"": ""R"", ""obp"": 0.3962962962962963, ""slg"": 0.34579439252336447, ""iso"": 0.09813084112149531, ""ab"": 214}, {""id"": 683002, ""name"": ""Gunnar Henderson"", ""bats"": ""L"", ""obp"": 0.2730627306273063, ""slg"": 0.4262948207171315, ""iso"": 0.20717131474103587, ""ab"": 251}, {""id"": 668939, ""name"": ""Adley Rutschman"", ""bats"": ""S"", ""obp"": 0.3333333333333333, ""slg"": 0.4645161290322581, ""iso"": 0.21290322580645166, ""ab"": 155}]","[{""name"": ""away_top3c_slg"", ""value"": 0.4081, ""contribution"": 0.1631}, {""name"": ""era_gap_t1"", ""value"": -1.1967, ""contribution"": -0.129}, {""name"": ""away_top3c_iso"", ""value"": 0.171, ""contribution"": -0.053}, {""name"": ""fi_park_nrfi_rate"", ""value"": 0.5121, ""contribution"": -0.0494}, {""name"": ""home_p_last10_pitcher_nrfi"", ""value"": 0.6, ""contribution"": -0.0455}]","[{""name"": ""home_top3c_slg"", ""value"": 0.4222, ""contribution"": 0.1129}, {""name"": ""era_gap_b1"", ""value"": 1.1967, ""contribution"": 0.081}, {""name"": ""home_top3_ops_vs_oppHand"", ""value"": 0.6977, ""contribution"": -0.0788}, {""name"": ""fi_park_nrfi_rate"", ""value"": 0.5121, ""contribution"": -0.076}, {""name"": ""home_top3c_iso"", ""value"": 0.1635, ""contribution"": -0.0733}]",503586,0.4946,3.778,3.874,82.0,59.0,0.7136,0.7272,5.87,6.07,0.7623,0.6977,R,L,YRFI,LOSS,0,1,1,2026-06-02T23:07:19+00:00,-125,-105,DraftKings,2026-06-02T22:54:04+00:00,0.5556,0.5122,-0.0077,-0.0601,-0.0077,N,0.5,0,-125,-105,2026-06-02T21:37:40+00:00,0,0.5651,NRFI,STRONG,,,,,,,
2026-06-02,2026,823052,1,N,TEX,STL,7:45 PM ET,Nathan Eovaldi,Dustin May,543135,669160,live,live,live,live,0.97,0.4526,0.4406,0.8932,0.3527,0.3579,0.7106,0.4782,0.5218,0.225,0.775,,,PASS,NO EDGE,PASS - No edge,4,2026-06-02T23:34:28Z,3.117,4.727,1.014,1.348,3.812,3.953,1.87,3.03,1.34,1.01,8.87,7.86,0.316,0.315,0.385,0.386,4.087,4.322,26.8,14.8,30.0,0.0,0.8,0.6,0.5,0.5,0.3636,0.3525,0.4192,0.4458,0.157,0.1738,lineup,lineup,"[{""id"": 802139, ""name"": ""JJ Wetherholt"", ""bats"": ""L"", ""obp"": 0.3563218390804598, ""slg"": 0.4, ""iso"": 0.15454545454545457, ""ab"": 220}, {""id"": 671056, ""name"": ""Iv\u00e1n Herrera"", ""bats"": ""R"", ""obp"": 0.38549618320610685, ""slg"": 0.4232558139534884, ""iso"": 0.16279069767441862, ""ab"": 215}, {""id"": 676475, ""name"": ""Alec Burleson"", ""bats"": ""L"", ""obp"": 0.3481781376518219, ""slg"": 0.4343891402714932, ""iso"": 0.15384615384615385, ""ab"": 221}]","[{""id"": 592626, ""name"": ""Joc Pederson"", ""bats"": ""L"", ""obp"": 0.3559322033898305, ""slg"": 0.4383561643835616, ""iso"": 0.19863013698630136, ""ab"": 146}, {""id"": 673962, ""name"": ""Josh Jung"", ""bats"": ""R"", ""obp"": 0.3652173913043478, ""slg"": 0.4857142857142857, ""iso"": 0.17619047619047618, ""ab"": 210}, {""id"": 607043, ""name"": ""Brandon Nimmo"", ""bats"": ""L"", ""obp"": 0.33858267716535434, ""slg"": 0.41333333333333333, ""iso"": 0.15555555555555556, ""ab"": 225}]","[{""name"": ""era_gap_t1"", ""value"": 1.6105, ""contribution"": 0.175}, {""name"": ""fi_park_nrfi_rate"", ""value"": 0.527, ""contribution"": -0.1009}, {""name"": ""home_p_last10_pitcher_nrfi"", ""value"": 0.5, ""contribution"": -0.0846}, {""name"": ""home_xera"", ""value"": 4.7959, ""contribution"": 0.0697}, {""name"": ""away_top3_ops_vs_oppHand"", ""value"": 0.8083, ""contribution"": 0.0419}]","[{""name"": ""fi_park_nrfi_rate"", ""value"": 0.527, ""contribution"": -0.1552}, {""name"": ""away_whiff_pct_rank"", ""value"": 84.0, ""contribution"": -0.1472}, {""name"": ""home_top3c_slg"", ""value"": 0.4192, ""contribution"": 0.1316}, {""name"": ""era_gap_b1"", ""value"": -1.6105, ""contribution"": -0.11}, {""name"": ""home_top3c_iso"", ""value"": 0.157, ""contribution"": -0.1038}]",484499,0.5451,4.796,3.211,10.0,84.0,0.7136,0.7272,6.07,7.2,0.8083,0.8123,R,R,NRFI,PASS,0,0,0,2026-06-03T00:02:03+00:00,-150,+115,DraftKings,2026-06-02T23:58:52+00:00,0.6,0.4651,-0.1217,0.0566,-0.0596,N,0.5,,-150,+115,2026-06-02T23:42:51+00:00,0,0.4877,PASS,NO EDGE,,,,,,,
2026-06-02,2026,824675,1,N,OAK,CHC,8:05 PM ET,Gage Jump,Jameson Taillon,695611,592791,sm,live,live,live,1.0,0.635,0.522,1.157,0.3659,0.3557,0.7216,0.4772,0.5228,0.3218,0.6782,,,PASS,NO EDGE,PASS - No edge,4,2026-06-03T00:04:28Z,4.507,4.695,1.342,1.192,3.91,5.887,2.8,2.55,1.08,2.38,8.78,7.31,0.326,0.331,0.397,0.392,4.318,4.687,19.5,17.0,58.0,0.0,0.6,1.0,0.7,1.0,0.3337,0.4066,0.3693,0.5214,0.1193,0.2214,lineup,lineup,"[{""id"": 663538, ""name"": ""Nico Hoerner"", ""bats"": ""R"", ""obp"": 0.33455882352941174, ""slg"": 0.35714285714285715, ""iso"": 0.1050420168067227, ""ab"": 238}, {""id"": 691718, ""name"": ""Pete Crow-Armstrong"", ""bats"": ""L"", ""obp"": 0.3253012048192771, ""slg"": 0.3881278538812785, ""iso"": 0.1506849315068493, ""ab"": 219}, {""id"": 608324, ""name"": ""Alex Bregman"", ""bats"": ""R"", ""obp"": 0.34074074074074073, ""slg"": 0.36401673640167365, ""iso"": 0.10460251046025104, ""ab"": 239}]","[{""id"": 671732, ""name"": ""Lawrence Butler"", ""bats"": ""L"", ""obp"": 0.2606060606060606, ""slg"": 0.2465753424657534, ""iso"": 0.0821917808219178, ""ab"": 146}, {""id"": 701762, ""name"": ""Nick Kurtz"", ""bats"": ""L"", ""obp"": 0.4393939393939394, ""slg"": 0.5, ""iso"": 0.21153846153846156, ""ab"": 208}, {""id"": 669127, ""name"": ""Shea Langeliers"", ""bats"": ""R"", ""obp"": 0.3651452282157676, ""slg"": 0.5441860465116279, ""iso"": 0.25116279069767444, ""ab"": 215}]","[{""name"": ""away_top3c_slg"", ""value"": 0.5214, ""contribution"": -0.4111}, {""name"": ""away_top3c_iso"", ""value"": 0.2214, ""contribution"": 0.3024}, {""name"": ""home_fip"", ""value"": 5.8872, ""contribution"": 0.2143}, {""name"": ""away_top3_ops_vs_oppHand"", ""value"": 0.9347, ""contribution"": 0.1706}, {""name"": ""fi_park_nrfi_rate"", ""value"": 0.5429, ""contribution"": -0.1558}]","[{""name"": ""home_top3c_slg"", ""value"": 0.3693, ""contribution"": 0.4419}, {""name"": ""home_top3c_iso"", ""value"": 0.1193, ""contribution"": -0.2821}, {""name"": ""fi_park_nrfi_rate"", ""value"": 0.5429, ""contribution"": -0.2395}, {""name"": ""home_obp"", ""value"": 0.3312, ""contribution"": 0.1218}, {""name"": ""away_p_last10_pitcher_nrfi"", ""value"": 1.0, ""contribution"": -0.0929}]",482666,0.522,3.72,4.2,48.0,50.0,0.7075,0.7136,5.13,5.0,0.9347,0.7413,L,R,YRFI,PASS,0,1,1,2026-06-03T00:20:49+00:00,-130,+100,DraftKings,2026-06-03T00:04:13+00:00,0.5652,0.5,-0.088,0.0228,,N,,,-130,+100,2026-06-03T00:04:13+00:00,,0.5900,NRFI,STRONG,,,,,,,
2026-06-02,2026,824189,1,N,PIT,HOU,8:10 PM ET,Bubba Chandler,Mike Burrows,696149,681347,ltd,live,live,live,0.99,0.5918,0.6064,1.1982,0.3838,0.3431,0.7269,0.4772,0.5228,0.3367,0.6633,,,PASS,NO EDGE,PASS - No edge,4,2026-06-03T00:04:28Z,4.537,4.851,1.37,1.37,4.478,4.726,4.6,2.96,1.14,1.61,8.92,8.22,0.331,0.318,0.4,0.409,4.913,4.454,,,,1.0,0.6,0.4,0.6,0.7,0.3629,0.3798,0.5444,0.4788,0.2703,0.2047,lineup,lineup,"[{""id"": 665161, ""name"": ""Jeremy Pe\u00f1a"", ""bats"": ""R"", ""obp"": 0.32, ""slg"": 0.41304347826086957, ""iso"": 0.14130434782608697, ""ab"": 92}, {""id"": 670541, ""name"": ""Yordan Alvarez"", ""bats"": ""L"", ""obp"": 0.41603053435114506, ""slg"": 0.6342592592592593, ""iso"": 0.33333333333333337, ""ab"": 216}, {""id"": 572233, ""name"": ""Christian Walker"", ""bats"": ""R"", ""obp"": 0.32388663967611336, ""slg"": 0.5113122171945701, ""iso"": 0.2624434389140271, ""ab"": 221}]","[{""id"": 687462, ""name"": ""Spencer Horwitz"", ""bats"": ""L"", ""obp"": 0.3894230769230769, ""slg"": 0.4682080924855491, ""iso"": 0.17919075144508667, ""ab"": 173}, {""id"": 664040, ""name"": ""Brandon Lowe"", ""bats"": ""L"", ""obp"": 0.3459915611814346, ""slg"": 0.5288461538461539, ""iso"": 0.2692307692307692, ""ab"": 208}, {""id"": 668804, ""name"": ""Bryan Reynolds"", ""bats"": ""S"", ""obp"": 0.40310077519379844, ""slg"": 0.4380952380952381, ""iso"": 0.16190476190476188, ""ab"": 210}]","[{""name"": ""away_top3c_slg"", ""value"": 0.4788, ""contribution"": -0.1954}, {""name"": ""away_top3c_iso"", ""value"": 0.2047, ""contribution"": 0.1849}, {""name"": ""away_top3_ops_vs_oppHand"", ""value"": 0.883, ""contribution"": 0.118}, {""name"": ""home_fip"", ""value"": 4.7255, ""contribution"": 0.0838}, {""name"": ""fi_park_nrfi_rate"", ""value"": 0.482, ""contribution"": 0.0547}]","[{""name"": ""home_top3c_slg"", ""value"": 0.5444, ""contribution"": -0.6462}, {""name"": ""home_top3c_iso"", ""value"": 0.2703, ""contribution"": 0.431}, {""name"": ""away_whiff_pct_rank"", ""value"": 76.0, ""contribution"": -0.1127}, {""name"": ""home_top3_ops_vs_oppHand"", ""value"": 0.8507, ""contribution"": 0.1044}, {""name"": ""fi_park_nrfi_rate"", ""value"": 0.482, ""contribution"": 0.084}]",665299,0.5084,4.153,4.349,61.0,76.0,0.7136,0.7136,6.33,4.6,0.883,0.8507,R,R,YRFI,PASS,0,2,2,2026-06-03T00:26:37+00:00,+100,-130,DraftKings,2026-06-03T00:29:15+00:00,0.5,0.5652,-0.0228,-0.0424,,N,,,+100,-130,2026-06-03T00:08:02+00:00,,0.4675,PASS,NO EDGE,,,,,,,
2026-06-02,2026,824918,1,N,TOR,ATL,7:15 PM ET,Kevin Gausman,Bryce Elder,592332,693821,live,live,live,live,0.98,0.4279,0.4114,0.8392,0.2817,0.3588,0.6406,0.5479,0.4521,0.2054,0.7946,,,NRFI,LEAN,LEAN NRFI,4,2026-06-02T22:04:05Z,3.299,3.5,1.079,1.191,3.15,3.775,1.85,2.82,0.85,0.9,8.68,7.6,0.311,0.324,0.385,0.429,4.153,5.113,23.0,19.0,57.0,0.0,1.0,0.4,0.8,0.7,0.3522,0.3492,0.509,0.3753,0.2348,0.1076,lineup,lineup,"[{""id"": 660670, ""name"": ""Ronald Acu\u00f1a Jr."", ""bats"": ""R"", ""obp"": 0.3798076923076923, ""slg"": 0.4411764705882353, ""iso"": 0.18823529411764706, ""ab"": 170}, {""id"": 671739, ""name"": ""Michael Harris II"", ""bats"": ""L"", ""obp"": 0.34101382488479265, ""slg"": 0.526829268292683, ""iso"": 0.21951219512195125, ""ab"": 205}, {""id"": 621566, ""name"": ""Matt Olson"", ""bats"": ""L"", ""obp"": 0.33962264150943394, ""slg"": 0.5427350427350427, ""iso"": 0.282051282051282, ""ab"": 234}]","[{""id"": 543807, ""name"": ""George Springer"", ""bats"": ""R"", ""obp"": 0.28901734104046245, ""slg"": 0.358974358974359, ""iso"": 0.14743589743589744, ""ab"": 156}, {""id"": 664770, ""name"": ""Nathan Lukes"", ""bats"": ""L"", ""obp"": 0.35, ""slg"": 0.3835616438356164, ""iso"": 0.0821917808219178, ""ab"": 73}, {""id"": 665489, ""name"": ""Vladimir Guerrero Jr."", ""bats"": ""R"", ""obp"": 0.39183673469387753, ""slg"": 0.38461538461538464, ""iso"": 0.08653846153846156, ""ab"": 208}]","[{""name"": ""away_top3c_iso"", ""value"": 0.1076, ""contribution"": -0.4996}, {""name"": ""away_top3c_slg"", ""value"": 0.3753, ""contribution"": 0.3292}, {""name"": ""away_top3_ops_vs_oppHand"", ""value"": 0.6963, ""contribution"": -0.0723}, {""name"": ""fi_park_nrfi_rate"", ""value"": 0.5093, ""contribution"": -0.0398}, {""name"": ""wx_wind_kmh"", ""value"": 19.0, ""contribution"": 0.0334}]","[{""name"": ""home_top3c_slg"", ""value"": 0.509, ""contribution"": -0.4264}, {""name"": ""home_top3c_iso"", ""value"": 0.2348, ""contribution"": 0.2634}, {""name"": ""home_top3_ops_vs_oppHand"", ""value"": 0.9127, ""contribution"": 0.1786}, {""name"": ""away_whiff_pct_rank"", ""value"": 81.0, ""contribution"": -0.1343}, {""name"": ""away_fip"", ""value"": 3.1504, ""contribution"": -0.0895}]",427533,0.5151,4.332,3.521,24.0,81.0,0.7272,0.6942,5.8,5.67,0.6963,0.9127,R,R,YRFI,LOSS,0,2,2,2026-06-02T23:30:48+00:00,-115,-110,DraftKings,2026-06-02T23:28:29+00:00,0.5349,0.5238,0.013,-0.0717,0.013,N,0.5,0,-115,-110,2026-06-02T22:13:20+00:00,0,0.4589,PASS,NO EDGE,,,,,,,
2026-06-02,2026,823129,1,N,NYM,SEA,9:40 PM ET,Huascar Brazobán,Logan Gilbert,623211,669302,ltd,live,live,live,0.95,0.3953,0.4456,0.8409,0.2554,0.3109,0.5663,0.5555,0.4445,0.206,0.794,,,NRFI,LEAN,LEAN NRFI,4,2026-06-03T01:05:25Z,3.017,3.597,1.132,1.08,3.721,3.74,3.55,2.12,0.72,1.42,8.02,10.14,0.297,0.317,0.368,0.398,4.113,4.283,,,,1.0,0.8,1.0,0.6,1.0,0.3409,0.3169,0.4323,0.3927,0.1766,0.1448,lineup,lineup,"[{""id"": 641487, ""name"": ""J.P. Crawford"", ""bats"": ""L"", ""obp"": 0.33783783783783783, ""slg"": 0.3817204301075269, ""iso"": 0.16666666666666666, ""ab"": 186}, {""id"": 677594, ""name"": ""Julio Rodr\u00edguez"", ""bats"": ""R"", ""obp"": 0.3146067415730337, ""slg"": 0.4574898785425101, ""iso"": 0.19838056680161942, ""ab"": 247}, {""id"": 668227, ""name"": ""Randy Arozarena"", ""bats"": ""R"", ""obp"": 0.37065637065637064, ""slg"": 0.44642857142857145, ""iso"": 0.16071428571428575, ""ab"": 224}]","[{""id"": 701807, ""name"": ""Carson Benge"", ""bats"": ""L"", ""obp"": 0.31221719457013575, ""slg"": 0.35148514851485146, ""iso"": 0.10396039603960394, ""ab"": 202}, {""id"": 666182, ""name"": ""Bo Bichette"", ""bats"": ""R"", ""obp"": 0.27099236641221375, ""slg"": 0.3029045643153527, ""iso"": 0.08713692946058088, ""ab"": 241}, {""id"": 665742, ""name"": ""Juan Soto"", ""bats"": ""L"", ""obp"": 0.3879781420765027, ""slg"": 0.5822784810126582, ""iso"": 0.2848101265822785, ""ab"": 158}]","[{""name"": ""away_top3c_slg"", ""value"": 0.3927, ""contribution"": 0.2411}, {""name"": ""away_top3c_iso"", ""value"": 0.1448, ""contribution"": -0.2376}, {""name"": ""home_xera"", ""value"": 3.1658, ""contribution"": -0.0973}, {""name"": ""era_gap_t1"", ""value"": 0.581, ""contribution"": 0.0635}, {""name"": ""fi_park_nrfi_rate"", ""value"": 0.5131, ""contribution"": -0.0529}]","[{""name"": ""away_p_last10_pitcher_nrfi"", ""value"": 1.0, ""contribution"": -0.0929}, {""name"": ""fi_park_nrfi_rate"", ""value"": 0.5131, ""contribution"": -0.0814}, {""name"": ""wx_is_dome"", ""value"": 1.0, ""contribution"": -0.0758}, {""name"": ""away_avg_ip_per_start"", ""value"": 1.0667, ""contribution"": 0.0635}, {""name"": ""home_top3c_slg"", ""value"": 0.4323, ""contribution"": 0.0505}]",427248,0.5131,3.166,3.904,97.0,50.0,0.7272,0.7136,6.07,1.07,0.7413,0.778,R,R,NRFI,WIN,0,0,0,2026-06-03T01:56:58+00:00,-110,-115,DraftKings,2026-06-03T01:39:11+00:00,0.5238,0.5349,0.0317,-0.0904,0.0317,N,0.5,0,-110,-115,2026-06-03T00:38:16+00:00,0,0.6398,NRFI,STRONG,,,,,,,
2026-06-03,2026,822973,1,N,DET,TB,1:10 PM ET,Troy Melton,Nick Martinez,675512,607259,ltd,live,live,live,0.93,0.3512,0.4734,0.8246,0.4109,0.5025,0.9134,0.4064,0.5936,0.2001,0.7999,,,YRFI,STRONG,STRONG YRFI,4,2026-06-03T15:06:32Z,3.12,2.686,1.115,1.148,4.164,3.697,2.95,1.88,0.98,0.79,6.94,5.85,0.315,0.332,0.384,0.392,4.006,4.637,,,,1.0,1.0,1.0,1.0,0.8333,0.3576,0.3638,0.4373,0.4259,0.159,0.1648,lineup,lineup,"[{""id"": 802415, ""name"": ""Chandler Simpson"", ""bats"": ""L"", ""obp"": 0.31666666666666665, ""slg"": 0.336283185840708, ""iso"": 0.05309734513274339, ""ab"": 226}, {""id"": 691406, ""name"": ""Junior Caminero"", ""bats"": ""R"", ""obp"": 0.37890625, ""slg"": 0.5068493150684932, ""iso"": 0.22831050228310507, ""ab"": 219}, {""id"": 666018, ""name"": ""Jonathan Aranda"", ""bats"": ""L"", ""obp"": 0.3794466403162055, ""slg"": 0.4784688995215311, ""iso"": 0.20095693779904306, ""ab"": 209}]","[{""id"": 650402, ""name"": ""Gleyber Torres"", ""bats"": ""R"", ""obp"": 0.38926174496644295, ""slg"": 0.35, ""iso"": 0.09166666666666662, ""ab"": 120}, {""id"": 805808, ""name"": ""Kevin McGonigle"", ""bats"": ""L"", ""obp"": 0.38996138996138996, ""slg"": 0.4072398190045249, ""iso"": 0.12217194570135748, ""ab"": 221}, {""id"": 693307, ""name"": ""Dillon Dingler"", ""bats"": ""R"", ""obp"": 0.3169642857142857, ""slg"": 0.49246231155778897, ""iso"": 0.2562814070351759, ""ab"": 199}]","[{""name"": ""fi_park_nrfi_rate"", ""value"": 0.4376, ""contribution"": 0.2081}, {""name"": ""home_p_last10_pitcher_nrfi"", ""value"": 1.0, ""contribution"": 0.1107}, {""name"": ""away_top3c_iso"", ""value"": 0.1648, ""contribution"": -0.0963}, {""name"": ""away_top3c_slg"", ""value"": 0.4259, ""contribution"": 0.0727}, {""name"": ""away_top3_ops_vs_oppHand"", ""value"": 0.8347, ""contribution"": 0.0687}]","[{""name"": ""fi_park_nrfi_rate"", ""value"": 0.4376, ""contribution"": 0.3199}, {""name"": ""home_obp"", ""value"": 0.3319, ""contribution"": 0.1267}, {""name"": ""home_top3c_iso"", ""value"": 0.159, ""contribution"": -0.0944}, {""name"": ""home_top3_ops_vs_oppHand"", ""value"": 0.8313, ""contribution"": 0.0812}, {""name"": ""wx_is_dome"", ""value"": 1.0, ""contribution"": -0.0758}]",658292,0.4848,4.133,4.2,18.0,50.0,0.6796,0.7136,5.93,5.67,0.8347,0.8313,R,R,YRFI,WIN,1,1,2,2026-06-03T17:24:56+00:00,-120,-110,DraftKings,2026-06-03T16:15:25+00:00,0.5455,0.5238,-0.1391,0.0698,0.0698,Y,1,0.909,-120,-110,2026-06-03T16:09:50+00:00,0,0.4730,PASS,NO EDGE,,,,,,,
2026-06-03,2026,824024,1,N,COL,LAA,9:38 PM ET,Michael Lorenzen,Walbert Ureña,547179,700712,live,ltd,live,live,0.99,0.4986,0.6084,1.107,0.236,0.7506,0.9866,0.3755,0.6245,0.3035,0.6965,,,YRFI,STRONG,STRONG YRFI,4,2026-06-04T00:34:32Z,6.157,3.263,1.665,1.323,4.85,4.058,2.88,4.07,1.58,0.9,7.32,8.55,0.317,0.314,0.394,0.39,4.357,4.318,25.0,12.9,55.0,0.0,0.8,0.6,0.875,0.8,0.3595,0.3521,0.4551,0.4367,0.2166,0.151,lineup,lineup,"[{""id"": 666176, ""name"": ""Jo Adell"", ""bats"": ""R"", ""obp"": 0.2751937984496124, ""slg"": 0.3775933609958506, ""iso"": 0.14522821576763484, ""ab"": 241}, {""id"": 545361, ""name"": ""Mike Trout"", ""bats"": ""R"", ""obp"": 0.4109090909090909, ""slg"": 0.48598130841121495, ""iso"": 0.24299065420560748, ""ab"": 214}, {""id"": 685133, ""name"": ""Wade Meckler"", ""bats"": ""L"", ""obp"": 0.36363636363636365, ""slg"": 0.5806451612903226, ""iso"": 0.2580645161290323, ""ab"": 31}]","[{""id"": 664983, ""name"": ""Jake McCarthy"", ""bats"": ""L"", ""obp"": 0.3373493975903614, ""slg"": 0.4768211920529801, ""iso"": 0.18543046357615894, ""ab"": 151}, {""id"": 671289, ""name"": ""Tyler Freeman"", ""bats"": ""R"", ""obp"": 0.35570469798657717, ""slg"": 0.3609022556390977, ""iso"": 0.08270676691729323, ""ab"": 133}, {""id"": 681198, ""name"": ""TJ Rumfield"", ""bats"": ""L"", ""obp"": 0.3605150214592275, ""slg"": 0.4563106796116505, ""iso"": 0.16990291262135926, ""ab"": 206}]","[{""name"": ""era_gap_t1"", ""value"": -2.8943, ""contribution"": -0.3128}, {""name"": ""away_top3c_iso"", ""value"": 0.151, ""contribution"": -0.1935}, {""name"": ""home_xera"", ""value"": 2.4971, ""contribution"": -0.1658}, {""name"": ""fi_park_nrfi_rate"", ""value"": 0.4526, ""contribution"": 0.1563}, {""name"": ""home_p_last10_pitcher_nrfi"", ""value"": 0.875, ""contribution"": 0.0619}]","[{""name"": ""fi_park_nrfi_rate"", ""value"": 0.4526, ""contribution"": 0.2403}, {""name"": ""era_gap_b1"", ""value"": 2.8943, ""contribution"": 0.1965}, {""name"": ""home_top3c_iso"", ""value"": 0.2166, ""contribution"": 0.1776}, {""name"": ""home_top3_ops_vs_oppHand"", ""value"": 0.868, ""contribution"": 0.1251}, {""name"": ""away_fip"", ""value"": 4.8495, ""contribution"": 0.0921}]",431232,0.4946,2.497,4.664,50.0,38.0,0.7136,0.7879,5.6,4.67,0.8027,0.868,R,R,NRFI,LOSS,0,0,0,2026-06-04T01:54:17+00:00,-120,-105,DraftKings,2026-06-04T00:42:50+00:00,0.5455,0.5122,-0.17,0.1123,0.1123,Y,1,-1,-120,-105,2026-06-04T00:37:33+00:00,0,0.4489,PASS,NO EDGE,,,,,,,
2026-06-03,2026,823701,1,N,CWS,MIN,1:40 PM ET,Erick Fedde,Taj Bradley,607200,671737,live,live,live,live,0.97,0.4932,0.714,1.2072,0.2575,0.5686,0.8261,0.4248,0.5752,0.34,0.66,,,PASS,LOW LAMBDA,PASS - Low lambda,4,2026-06-03T17:06:43Z,5.436,3.976,1.495,1.25,5.92,3.816,4.07,3.45,1.78,1.06,5.57,9.44,0.321,0.318,0.408,0.389,4.638,4.643,28.5,12.8,28.0,0.0,0.4,0.4,0.6,0.6,0.3328,0.3376,0.4652,0.4286,0.2056,0.1818,lineup,lineup,"[{""id"": 681546, ""name"": ""James Outman"", ""bats"": ""L"", ""obp"": 0.23529411764705882, ""slg"": 0.25806451612903225, ""iso"": 0.0967741935483871, ""ab"": 62}, {""id"": 686797, ""name"": ""Brooks Lee"", ""bats"": ""S"", ""obp"": 0.3125, ""slg"": 0.42718446601941745, ""iso"": 0.1699029126213592, ""ab"": 206}, {""id"": 663616, ""name"": ""Trevor Larnach"", ""bats"": ""L"", ""obp"": 0.37640449438202245, ""slg"": 0.3973509933774834, ""iso"": 0.13245033112582777, ""ab"": 151}]","[{""id"": 803011, ""name"": ""Sam Antonacci"", ""bats"": ""L"", ""obp"": 0.3609467455621302, ""slg"": 0.36054421768707484, ""iso"": 0.08843537414965985, ""ab"": 147}, {""id"": 682668, ""name"": ""Luisangel Acu\u00f1a"", ""bats"": ""R"", ""obp"": 0.23275862068965517, ""slg"": 0.18867924528301888, ""iso"": 0.009433962264150969, ""ab"": 106}, {""id"": 643217, ""name"": ""Andrew Benintendi"", ""bats"": ""L"", ""obp"": 0.28125, ""slg"": 0.39204545454545453, ""iso"": 0.1590909090909091, ""ab"": 176}]","[{""name"": ""era_gap_t1"", ""value"": -1.4607, ""contribution"": -0.1575}, {""name"": ""fi_park_nrfi_rate"", ""value"": 0.5348, ""contribution"": -0.1278}, {""name"": ""away_top3c_slg"", ""value"": 0.4286, ""contribution"": 0.0593}, {""name"": ""home_p_last10_pitcher_nrfi"", ""value"": 0.6, ""contribution"": -0.0455}, {""name"": ""wx_temp_c"", ""value"": 28.5, ""contribution"": 0.0434}]","[{""name"": ""away_fip"", ""value"": 5.9196, ""contribution"": 0.2064}, {""name"": ""fi_park_nrfi_rate"", ""value"": 0.5348, ""contribution"": -0.1964}, {""name"": ""away_whiff_pct_rank"", ""value"": 8.0, ""contribution"": 0.1808}, {""name"": ""home_top3c_slg"", ""value"": 0.4652, ""contribution"": -0.1538}, {""name"": ""home_top3c_iso"", ""value"": 0.2056, ""contribution"": 0.1254}]",639723,0.548,4.08,5.185,52.0,8.0,0.7075,0.678,5.67,4.87,0.755,0.847,R,R,YRFI,PASS,4,0,4,2026-06-03T18:01:04+00:00,-105,-125,DraftKings,2026-06-03T18:07:35+00:00,0.5122,0.5556,-0.0872,0.0194,0.038,N,1,,-105,-125,2026-06-03T17:38:54+00:00,0,0.4594,PASS,NO EDGE,,,,,,,
2026-06-03,2026,823540,1,N,CLE,NYY,7:05 PM ET,Gavin Williams,Gerrit Cole,668909,543037,live,sm,live,live,1.02,0.4326,0.5514,0.984,0.413,0.4438,0.8568,0.4064,0.5936,0.2584,0.7416,,,YRFI,STRONG,STRONG YRFI,4,2026-06-03T21:46:00Z,3.067,3.195,1.152,1.131,3.758,3.663,3.4,2.76,1.12,0.93,10.03,8.77,0.32,0.33,0.381,0.429,4.227,5.02,24.3,15.0,31.0,0.0,1.0,0.8,1.0,0.7,0.3636,0.3516,0.5207,0.4265,0.2584,0.1688,lineup,lineup,"[{""id"": 663757, ""name"": ""Trent Grisham"", ""bats"": ""L"", ""obp"": 0.32894736842105265, ""slg"": 0.3769633507853403, ""iso"": 0.16753926701570682, ""ab"": 191}, {""id"": 700250, ""name"": ""Ben Rice"", ""bats"": ""L"", ""obp"": 0.3974358974358974, ""slg"": 0.65, ""iso"": 0.34500000000000003, ""ab"": 200}, {""id"": 502671, ""name"": ""Paul Goldschmidt"", ""bats"": ""R"", ""obp"": 0.36363636363636365, ""slg"": 0.5344827586206896, ""iso"": 0.2586206896551724, ""ab"": 116}]","[{""id"": 683953, ""name"": ""Travis Bazzana"", ""bats"": ""L"", ""obp"": 0.3816793893129771, ""slg"": 0.45132743362831856, ""iso"": 0.15929203539823006, ""ab"": 113}, {""id"": 608070, ""name"": ""Jos\u00e9 Ram\u00edrez"", ""bats"": ""S"", ""obp"": 0.34558823529411764, ""slg"": 0.4148471615720524, ""iso"": 0.1790393013100437, ""ab"": 229}, {""id"": 800050, ""name"": ""Chase DeLauter"", ""bats"": ""L"", ""obp"": 0.34177215189873417, ""slg"": 0.4258373205741627, ""iso"": 0.1626794258373206, ""ab"": 209}]","[{""name"": ""fi_park_nrfi_rate"", ""value"": 0.4526, ""contribution"": 0.1563}, {""name"": ""home_p_last10_pitcher_nrfi"", ""value"": 1.0, ""contribution"": 0.1107}, {""name"": ""away_top3c_slg"", ""value"": 0.4265, ""contribution"": 0.0698}, {""name"": ""away_top3c_iso"", ""value"": 0.1688, ""contribution"": -0.0684}, {""name"": ""home_avg_ip_per_start"", ""value"": 6.3333, ""contribution"": -0.0366}]","[{""name"": ""home_top3c_slg"", ""value"": 0.5207, ""contribution"": -0.4989}, {""name"": ""home_top3c_iso"", ""value"": 0.2584, ""contribution"": 0.3747}, {""name"": ""fi_park_nrfi_rate"", ""value"": 0.4526, ""contribution"": 0.2403}, {""name"": ""away_whiff_pct_rank"", ""value"": 88.0, ""contribution"": -0.1645}, {""name"": ""home_obp"", ""value"": 0.3296, ""contribution"": 0.1106}]",427113,0.5139,4.2,4.171,50.0,88.0,0.7309,0.7396,6.33,6.6,0.768,0.781,R,R,NRFI,LOSS,0,0,0,2026-06-03T23:22:37+00:00,-140,+105,DraftKings,2026-06-03T22:07:01+00:00,0.5833,0.4878,-0.1769,0.1058,0.1058,Y,1,-1,-140,+105,2026-06-03T21:55:09+00:00,0,0.4182,YRFI,STRONG,,,,,,,
2026-06-03,2026,822727,1,N,MIA,WSH,1:05 PM ET,Max Meyer,Andrew Alvarez,676974,674841,live,ltd,live,live,0.97,0.4393,0.506,0.9453,0.3523,0.436,0.7883,0.4384,0.5616,0.2441,0.7559,,,PASS,LOW LAMBDA,PASS - Low lambda,4,2026-06-03T16:52:32Z,3.535,3.869,1.193,1.245,3.57,3.689,3.2,3.07,0.97,0.93,9.72,8.98,0.319,0.322,0.386,0.415,4.305,5.162,27.7,7.6,24.0,0.0,0.8,0.6,0.8,0.8,0.3733,0.332,0.4917,0.4268,0.2375,0.1505,lineup,lineup,"[{""id"": 695578, ""name"": ""James Wood"", ""bats"": ""L"", ""obp"": 0.40344827586206894, ""slg"": 0.5338983050847458, ""iso"": 0.2669491525423729, ""ab"": 236}, {""id"": 686611, ""name"": ""Dylan Crews"", ""bats"": ""R"", ""obp"": 0.2553191489361702, ""slg"": 0.3111111111111111, ""iso"": 0.0888888888888889, ""ab"": 45}, {""id"": 678554, ""name"": ""Curtis Mead"", ""bats"": ""R"", ""obp"": 0.35365853658536583, ""slg"": 0.4785714285714286, ""iso"": 0.23571428571428574, ""ab"": 140}]","[{""id"": 681715, ""name"": ""Heriberto Hern\u00e1ndez"", ""bats"": ""R"", ""obp"": 0.2956521739130435, ""slg"": 0.38235294117647056, ""iso"": 0.16666666666666663, ""ab"": 102}, {""id"": 672640, ""name"": ""Otto Lopez"", ""bats"": ""R"", ""obp"": 0.3657587548638132, ""slg"": 0.4769874476987448, ""iso"": 0.14225941422594146, ""ab"": 239}, {""id"": 669065, ""name"": ""Kyle Stowers"", ""bats"": ""L"", ""obp"": 0.30434782608695654, ""slg"": 0.375, ""iso"": 0.1527777777777778, ""ab"": 144}]","[{""name"": ""away_top3c_iso"", ""value"": 0.1505, ""contribution"": -0.197}, {""name"": ""fi_park_nrfi_rate"", ""value"": 0.4761, ""contribution"": 0.0751}, {""name"": ""away_top3c_slg"", ""value"": 0.4268, ""contribution"": 0.0682}, {""name"": ""away_top3_ops_vs_oppHand"", ""value"": 0.8273, ""contribution"": 0.0612}, {""name"": ""wx_temp_c"", ""value"": 27.7, ""contribution"": 0.0386}]","[{""name"": ""home_top3c_slg"", ""value"": 0.4917, ""contribution"": -0.3186}, {""name"": ""home_top3c_iso"", ""value"": 0.2375, ""contribution"": 0.2762}, {""name"": ""away_whiff_pct_rank"", ""value"": 79.0, ""contribution"": -0.1256}, {""name"": ""home_top3c_obp"", ""value"": 0.3733, ""contribution"": 0.1156}, {""name"": ""fi_park_nrfi_rate"", ""value"": 0.4761, ""contribution"": 0.1154}]",484198,0.5395,4.2,4.824,50.0,79.0,0.7136,0.7272,4.67,5.93,0.8273,0.856,R,L,NRFI,PASS,0,0,0,2026-06-03T17:15:37+00:00,-130,+100,DraftKings,2026-06-03T17:07:13+00:00,0.5652,0.5,-0.1268,0.0616,,N,,,-130,+100,2026-06-03T16:56:29+00:00,,0.4144,YRFI,STRONG,,,,,,,
2026-06-03,2026,823456,1,N,SD,PHI,6:40 PM ET,Walker Buehler,Cristopher Sánchez,621111,650911,live,live,live,live,1.04,0.2891,0.5473,0.8364,0.1967,0.5633,0.7601,0.4772,0.5228,0.2043,0.7957,,,PASS,NO EDGE,PASS - No edge,4,2026-06-03T22:34:59Z,4.909,1.816,1.407,1.1,4.447,2.139,3.7,1.87,1.09,0.41,7.14,10.35,0.298,0.298,0.372,0.386,4.007,4.007,27.8,5.0,19.0,0.0,1.0,0.6,0.8,0.8,0.329,0.3033,0.4805,0.3685,0.241,0.1323,lineup,lineup,"[{""id"": 656941, ""name"": ""Kyle Schwarber"", ""bats"": ""L"", ""obp"": 0.34901960784313724, ""slg"": 0.5879629629629629, ""iso"": 0.3564814814814814, ""ab"": 216}, {""id"": 607208, ""name"": ""Trea Turner"", ""bats"": ""R"", ""obp"": 0.27692307692307694, ""slg"": 0.3512396694214876, ""iso"": 0.12396694214876033, ""ab"": 242}, {""id"": 547180, ""name"": ""Bryce Harper"", ""bats"": ""L"", ""obp"": 0.3629032258064516, ""slg"": 0.5190476190476191, ""iso"": 0.2571428571428572, ""ab"": 210}]","[{""id"": 665487, ""name"": ""Fernando Tatis Jr."", ""bats"": ""R"", ""obp"": 0.3467741935483871, ""slg"": 0.3302752293577982, ""iso"": 0.05504587155963303, ""ab"": 218}, {""id"": 609280, ""name"": ""Miguel Andujar"", ""bats"": ""R"", ""obp"": 0.2967032967032967, ""slg"": 0.4425287356321839, ""iso"": 0.1781609195402299, ""ab"": 174}, {""id"": 592518, ""name"": ""Manny Machado"", ""bats"": ""R"", ""obp"": 0.2627118644067797, ""slg"": 0.3463414634146341, ""iso"": 0.17560975609756094, ""ab"": 205}]","[{""name"": ""away_top3c_slg"", ""value"": 0.3685, ""contribution"": 0.3635}, {""name"": ""era_gap_t1"", ""value"": -3.0928, ""contribution"": -0.3343}, {""name"": ""away_top3c_iso"", ""value"": 0.1323, ""contribution"": -0.3251}, {""name"": ""home_fip"", ""value"": 2.1391, ""contribution"": -0.2065}, {""name"": ""home_xera"", ""value"": 2.8811, ""contribution"": -0.1265}]","[{""name"": ""home_top3c_iso"", ""value"": 0.241, ""contribution"": 0.2927}, {""name"": ""home_top3c_slg"", ""value"": 0.4805, ""contribution"": -0.2494}, {""name"": ""era_gap_b1"", ""value"": 3.0928, ""contribution"": 0.21}, {""name"": ""away_whiff_pct_rank"", ""value"": 15.0, ""contribution"": 0.1506}, {""name"": ""fi_park_nrfi_rate"", ""value"": 0.473, ""contribution"": 0.1321}]",427537,0.4944,2.881,5.249,95.0,15.0,0.7396,0.7396,7.8,5.33,0.8143,0.858,R,L,NRFI,PASS,0,0,0,2026-06-03T22:58:57+00:00,-120,-110,DraftKings,2026-06-03T22:54:20+00:00,0.5455,0.5238,-0.0683,-0.001,,N,,,-120,-110,2026-06-03T22:36:00+00:00,,0.4589,PASS,NO EDGE,,,,,,,
2026-06-03,2026,824755,1,N,BAL,BOS,6:45 PM ET,Chris Bassitt,Payton Tolle,605135,801139,live,ltd,live,live,1.05,0.4428,0.5484,0.9912,0.2553,0.4352,0.6904,0.4795,0.5205,0.261,0.739,,,PASS,NO EDGE,PASS - No edge,4,2026-06-03T22:34:59Z,4.587,3.379,1.473,1.078,4.077,3.447,3.12,2.67,0.98,0.93,7.25,9.42,0.319,0.318,0.399,0.381,4.559,4.061,24.1,21.1,33.0,0.0,0.6,0.6,0.6,0.6,0.3235,0.3338,0.4228,0.4057,0.1638,0.1696,lineup,lineup,"[{""id"": 680776, ""name"": ""Jarren Duran"", ""bats"": ""L"", ""obp"": 0.28512396694214875, ""slg"": 0.4155251141552511, ""iso"": 0.1963470319634703, ""ab"": 219}, {""id"": 678882, ""name"": ""Ceddanne Rafaela"", ""bats"": ""R"", ""obp"": 0.3425925925925926, ""slg"": 0.43147208121827413, ""iso"": 0.15228426395939088, ""ab"": 197}, {""id"": 677800, ""name"": ""Wilyer Abreu"", ""bats"": ""L"", ""obp"": 0.344, ""slg"": 0.4222222222222222, ""iso"": 0.1422222222222222, ""ab"": 225}]","[{""id"": 621493, ""name"": ""Taylor Ward"", ""bats"": ""R"", ""obp"": 0.3927272727272727, ""slg"": 0.3394495412844037, ""iso"": 0.0963302752293578, ""ab"": 218}, {""id"": 683002, ""name"": ""Gunnar Henderson"", ""bats"": ""L"", ""obp"": 0.2727272727272727, ""slg"": 0.42745098039215684, ""iso"": 0.20784313725490194, ""ab"": 255}, {""id"": 668939, ""name"": ""Adley Rutschman"", ""bats"": ""S"", ""obp"": 0.3370165745856354, ""slg"": 0.4620253164556962, ""iso"": 0.2088607594936709, ""ab"": 158}]","[{""name"": ""away_top3c_slg"", ""value"": 0.4057, ""contribution"": 0.1751}, {""name"": ""era_gap_t1"", ""value"": -1.208, ""contribution"": -0.1302}, {""name"": ""home_xera"", ""value"": 3.3267, ""contribution"": -0.0808}, {""name"": ""away_top3c_iso"", ""value"": 0.1696, ""contribution"": -0.0628}, {""name"": ""home_fip"", ""value"": 3.447, ""contribution"": -0.0597}]","[{""name"": ""home_top3c_slg"", ""value"": 0.4228, ""contribution"": 0.1094}, {""name"": ""wx_wind_kmh"", ""value"": 21.1, ""contribution"": 0.1011}, {""name"": ""era_gap_b1"", ""value"": 1.208, ""contribution"": 0.0818}, {""name"": ""home_top3_ops_vs_oppHand"", ""value"": 0.698, ""contribution"": -0.0784}, {""name"": ""fi_park_nrfi_rate"", ""value"": 0.5121, ""contribution"": -0.076}]",503502,0.4948,3.327,4.3,100.0,33.0,0.7136,0.724,6.13,5.4,0.7553,0.698,R,L,YRFI,PASS,0,1,1,2026-06-03T23:06:23+00:00,-120,-110,DraftKings,2026-06-03T22:54:20+00:00,0.5455,0.5238,-0.066,-0.0033,,N,,,-120,-110,2026-06-03T22:43:43+00:00,,0.4658,PASS,NO EDGE,,,,,,,
2026-06-03,2026,824917,1,N,TOR,ATL,7:15 PM ET,Patrick Corbin,Grant Holmes,571578,656550,live,live,live,live,0.98,0.5538,0.552,1.1058,0.2931,0.3383,0.6314,0.5479,0.4521,0.3031,0.6969,,,NRFI,LEAN,LEAN NRFI,4,2026-06-03T22:05:33Z,3.987,3.97,1.36,1.333,4.098,4.827,2.74,4.04,1.05,1.54,7.05,8.87,0.311,0.323,0.385,0.429,4.138,5.099,24.9,14.2,33.0,0.0,0.8,0.6,0.8,0.7,0.3519,0.3723,0.5129,0.4021,0.2387,0.1005,lineup,lineup,"[{""id"": 660670, ""name"": ""Ronald Acu\u00f1a Jr."", ""bats"": ""R"", ""obp"": 0.37735849056603776, ""slg"": 0.43352601156069365, ""iso"": 0.18497109826589597, ""ab"": 173}, {""id"": 671739, ""name"": ""Michael Harris II"", ""bats"": ""L"", ""obp"": 0.3393665158371041, ""slg"": 0.5263157894736842, ""iso"": 0.2200956937799043, ""ab"": 209}, {""id"": 621566, ""name"": ""Matt Olson"", ""bats"": ""L"", ""obp"": 0.3420074349442379, ""slg"": 0.5588235294117647, ""iso"": 0.29411764705882354, ""ab"": 238}]","[{""id"": 664770, ""name"": ""Nathan Lukes"", ""bats"": ""L"", ""obp"": 0.35714285714285715, ""slg"": 0.38961038961038963, ""iso"": 0.07792207792207795, ""ab"": 77}, {""id"": 664702, ""name"": ""Myles Straw"", ""bats"": ""R"", ""obp"": 0.3163265306122449, ""slg"": 0.3448275862068966, ""iso"": 0.10344827586206898, ""ab"": 87}, {""id"": 665489, ""name"": ""Vladimir Guerrero Jr."", ""bats"": ""R"", ""obp"": 0.3895582329317269, ""slg"": 0.3867924528301887, ""iso"": 0.089622641509434, ""ab"": 212}]","[{""name"": ""away_top3c_iso"", ""value"": 0.1005, ""contribution"": -0.5491}, {""name"": ""away_top3c_slg"", ""value"": 0.4021, ""contribution"": 0.1933}, {""name"": ""home_fip"", ""value"": 4.8269, ""contribution"": 0.0952}, {""name"": ""home_xera"", ""value"": 4.7939, ""contribution"": 0.0695}, {""name"": ""fi_park_nrfi_rate"", ""value"": 0.5093, ""contribution"": -0.0398}]","[{""name"": ""home_top3c_slg"", ""value"": 0.5129, ""contribution"": -0.4504}, {""name"": ""home_top3c_iso"", ""value"": 0.2387, ""contribution"": 0.2818}, {""name"": ""home_obp"", ""value"": 0.3232, ""contribution"": 0.066}, {""name"": ""fi_park_nrfi_rate"", ""value"": 0.5093, ""contribution"": -0.0612}, {""name"": ""home_plate_ump_nrfi_rate"", ""value"": 0.4611, ""contribution"": -0.0422}]",427129,0.4611,4.794,4.782,50.0,54.0,0.7136,0.6643,4.93,4.93,0.7853,0.7557,L,R,YRFI,LOSS,1,0,1,2026-06-03T23:32:16+00:00,-105,-125,DraftKings,2026-06-03T23:31:25+00:00,0.5122,0.5556,0.0357,-0.1035,0.0357,N,0.5,0,-105,-120,2026-06-03T22:14:44+00:00,0,0.4658,PASS,NO EDGE,,,,,,,
2026-06-03,2026,824671,1,N,OAK,CHC,8:05 PM ET,Jeffrey Springs,Colin Rea,605488,607067,live,live,live,live,1.0,0.5128,0.6017,1.1145,0.3557,0.3978,0.7534,0.4772,0.5228,0.3063,0.6937,,,PASS,NO EDGE,PASS - No edge,4,2026-06-03T23:35:53Z,4.085,4.397,1.198,1.322,4.743,4.377,2.77,2.82,1.57,1.27,7.57,7.35,0.325,0.33,0.396,0.389,4.287,4.638,23.3,12.6,42.0,0.0,0.6,0.4,0.8,0.4,0.335,0.403,0.3683,0.5193,0.1176,0.2228,lineup,lineup,"[{""id"": 663538, ""name"": ""Nico Hoerner"", ""bats"": ""R"", ""obp"": 0.34057971014492755, ""slg"": 0.35833333333333334, ""iso"": 0.10416666666666669, ""ab"": 240}, {""id"": 691718, ""name"": ""Pete Crow-Armstrong"", ""bats"": ""L"", ""obp"": 0.32806324110671936, ""slg"": 0.3901345291479821, ""iso"": 0.14798206278026907, ""ab"": 223}, {""id"": 608324, ""name"": ""Alex Bregman"", ""bats"": ""R"", ""obp"": 0.3357664233576642, ""slg"": 0.35802469135802467, ""iso"": 0.10288065843621397, ""ab"": 243}]","[{""id"": 703607, ""name"": ""Henry Bolte"", ""bats"": ""R"", ""obp"": 0.36923076923076925, ""slg"": 0.32142857142857145, ""iso"": 0.035714285714285754, ""ab"": 56}, {""id"": 701762, ""name"": ""Nick Kurtz"", ""bats"": ""L"", ""obp"": 0.44029850746268656, ""slg"": 0.5118483412322274, ""iso"": 0.22274881516587675, ""ab"": 211}, {""id"": 669127, ""name"": ""Shea Langeliers"", ""bats"": ""R"", ""obp"": 0.35918367346938773, ""slg"": 0.5342465753424658, ""iso"": 0.24657534246575347, ""ab"": 219}]","[{""name"": ""away_top3c_slg"", ""value"": 0.5193, ""contribution"": -0.4003}, {""name"": ""away_top3c_iso"", ""value"": 0.2228, ""contribution"": 0.3121}, {""name"": ""away_top3_ops_vs_oppHand"", ""value"": 0.9307, ""contribution"": 0.1666}, {""name"": ""fi_park_nrfi_rate"", ""value"": 0.5429, ""contribution"": -0.1558}, {""name"": ""home_fip"", ""value"": 4.3773, ""contribution"": 0.0447}]","[{""name"": ""home_top3c_slg"", ""value"": 0.3683, ""contribution"": 0.448}, {""name"": ""home_top3c_iso"", ""value"": 0.1176, ""contribution"": -0.2901}, {""name"": ""fi_park_nrfi_rate"", ""value"": 0.5429, ""contribution"": -0.2395}, {""name"": ""home_obp"", ""value"": 0.3296, ""contribution"": 0.111}, {""name"": ""away_p_last10_pitcher_nrfi"", ""value"": 0.4, ""contribution"": 0.1041}]",596805,0.4819,4.334,4.027,21.0,71.0,0.6796,0.7272,5.33,5.53,0.9307,0.735,L,R,YRFI,PASS,1,0,1,2026-06-04T00:20:06+00:00,-105,-125,DraftKings,2026-06-04T00:06:46+00:00,0.5122,0.5556,-0.035,-0.0328,,N,,,-105,-125,2026-06-03T23:55:02+00:00,,0.4877,PASS,NO EDGE,,,,,,,
2026-06-03,2026,823130,1,N,NYM,SEA,3:40 PM ET,Freddy Peralta,George Kirby,642547,669923,live,live,live,live,0.95,0.3592,0.4814,0.8406,0.2834,0.2777,0.5611,0.5589,0.4411,0.2059,0.7941,,,NRFI,LEAN,LEAN NRFI,4,2026-06-03T18:23:44Z,3.229,3.924,1.217,1.209,3.855,3.463,3.65,2.07,1.08,0.93,9.71,8.09,0.297,0.318,0.368,0.401,4.099,4.331,,,,1.0,0.6,1.0,0.8,1.0,0.3235,0.3187,0.4042,0.401,0.1599,0.1522,lineup,lineup,"[{""id"": 641487, ""name"": ""J.P. Crawford"", ""bats"": ""L"", ""obp"": 0.3436123348017621, ""slg"": 0.3776595744680851, ""iso"": 0.1648936170212766, ""ab"": 188}, {""id"": 677594, ""name"": ""Julio Rodr\u00edguez"", ""bats"": ""R"", ""obp"": 0.3125, ""slg"": 0.46613545816733065, ""iso"": 0.20717131474103584, ""ab"": 251}, {""id"": 647304, ""name"": ""Josh Naylor"", ""bats"": ""L"", ""obp"": 0.3170731707317073, ""slg"": 0.35714285714285715, ""iso"": 0.10267857142857145, ""ab"": 224}]","[{""id"": 701807, ""name"": ""Carson Benge"", ""bats"": ""L"", ""obp"": 0.32, ""slg"": 0.3853658536585366, ""iso"": 0.13170731707317074, ""ab"": 205}, {""id"": 666182, ""name"": ""Bo Bichette"", ""bats"": ""R"", ""obp"": 0.2706766917293233, ""slg"": 0.29918032786885246, ""iso"": 0.08606557377049182, ""ab"": 244}, {""id"": 665742, ""name"": ""Juan Soto"", ""bats"": ""L"", ""obp"": 0.3850267379679144, ""slg"": 0.5740740740740741, ""iso"": 0.2777777777777778, ""ab"": 162}]","[{""name"": ""away_top3c_slg"", ""value"": 0.401, ""contribution"": 0.199}, {""name"": ""away_top3c_iso"", ""value"": 0.1522, ""contribution"": -0.1851}, {""name"": ""era_gap_t1"", ""value"": 0.6951, ""contribution"": 0.0759}, {""name"": ""home_fip"", ""value"": 3.4628, ""contribution"": -0.0579}, {""name"": ""home_xera"", ""value"": 3.551, ""contribution"": -0.0578}]","[{""name"": ""home_top3c_slg"", ""value"": 0.4042, ""contribution"": 0.2247}, {""name"": ""away_whiff_pct_rank"", ""value"": 90.0, ""contribution"": -0.1731}, {""name"": ""home_plate_ump_nrfi_rate"", ""value"": 0.6254, ""contribution"": 0.1272}, {""name"": ""away_p_last10_pitcher_nrfi"", ""value"": 1.0, ""contribution"": -0.0929}, {""name"": ""home_top3c_iso"", ""value"": 0.1599, ""contribution"": -0.0903}]",644760,0.6254,3.551,3.353,72.0,90.0,0.6942,0.7136,5.8,5.53,0.7493,0.728,R,R,YRFI,LOSS,1,1,2,2026-06-03T20:03:26+00:00,-140,+105,DraftKings,2026-06-03T19:46:57+00:00,0.5833,0.4878,-0.0244,-0.0467,-0.0244,N,0.5,0,-140,+105,2026-06-03T18:38:56+00:00,0,0.6370,NRFI,STRONG,,,,,,,
2026-06-03,2026,825077,1,N,LAD,ARI,9:40 PM ET,Shohei Ohtani,Zac Gallen,660271,668678,live,live,live,live,1.0,0.6233,0.3672,0.9905,0.552,0.2948,0.8468,0.4064,0.5936,0.2608,0.7392,,,YRFI,STRONG,STRONG YRFI,4,2026-06-04T00:34:32Z,2.016,5.027,0.969,1.385,2.794,4.767,2.65,2.88,0.59,1.49,9.98,7.13,0.338,0.311,0.437,0.398,5.112,4.54,,,,1.0,0.4,1.0,0.4,1.0,0.3499,0.3703,0.4377,0.5083,0.1792,0.2217,lineup,lineup,"[{""id"": 672695, ""name"": ""Geraldo Perdomo"", ""bats"": ""S"", ""obp"": 0.33191489361702126, ""slg"": 0.3469387755102041, ""iso"": 0.12244897959183673, ""ab"": 196}, {""id"": 682998, ""name"": ""Corbin Carroll"", ""bats"": ""L"", ""obp"": 0.3795918367346939, ""slg"": 0.5450236966824644, ""iso"": 0.2559241706161137, ""ab"": 211}, {""id"": 672515, ""name"": ""Gabriel Moreno"", ""bats"": ""R"", ""obp"": 0.32857142857142857, ""slg"": 0.3983739837398374, ""iso"": 0.1382113821138211, ""ab"": 123}]","[{""id"": 660271, ""name"": ""Shohei Ohtani"", ""bats"": ""L"", ""obp"": 0.41064638783269963, ""slg"": 0.5162790697674419, ""iso"": 0.22325581395348837, ""ab"": 215}, {""id"": 681624, ""name"": ""Andy Pages"", ""bats"": ""R"", ""obp"": 0.3386454183266932, ""slg"": 0.5327510917030568, ""iso"": 0.24017467248908297, ""ab"": 229}, {""id"": 518692, ""name"": ""Freddie Freeman"", ""bats"": ""L"", ""obp"": 0.35968379446640314, ""slg"": 0.4748858447488584, ""iso"": 0.2009132420091324, ""ab"": 219}]","[{""name"": ""away_top3c_slg"", ""value"": 0.5083, ""contribution"": -0.3445}, {""name"": ""era_gap_t1"", ""value"": 3.0107, ""contribution"": 0.3266}, {""name"": ""away_top3c_iso"", ""value"": 0.2217, ""contribution"": 0.3045}, {""name"": ""fi_park_nrfi_rate"", ""value"": 0.4239, ""contribution"": 0.2555}, {""name"": ""away_top3_ops_vs_oppHand"", ""value"": 0.8947, ""contribution"": 0.1299}]","[{""name"": ""fi_park_nrfi_rate"", ""value"": 0.4239, ""contribution"": 0.3927}, {""name"": ""era_gap_b1"", ""value"": -3.0107, ""contribution"": -0.2052}, {""name"": ""away_whiff_pct_rank"", ""value"": 85.0, ""contribution"": -0.1515}, {""name"": ""away_fip"", ""value"": 2.7936, ""contribution"": -0.1276}, {""name"": ""away_p_last10_pitcher_nrfi"", ""value"": 1.0, ""contribution"": -0.0929}]",608093,0.5118,4.131,1.714,29.0,85.0,0.7508,0.7272,5.4,6.2,0.8947,0.7383,R,R,NRFI,LOSS,0,0,0,2026-06-04T01:54:37+00:00,-115,-115,DraftKings,2026-06-04T00:42:50+00:00,0.5349,0.5349,-0.1285,0.0587,0.0587,Y,1,-1,-115,-115,2026-06-04T00:37:33+00:00,0,0.5651,NRFI,STRONG,,,,,,,
2026-06-03,2026,824509,1,N,KC,CIN,7:10 PM ET,Stephen Kolek,Chase Burns,663568,695505,live,live,live,live,1.09,0.4451,0.4798,0.9249,0.3086,0.3781,0.6866,0.4795,0.5205,0.2366,0.7634,,,PASS,NO EDGE,PASS - No edge,4,2026-06-03T23:00:57Z,3.522,2.864,1.061,1.084,3.978,3.586,2.18,2.91,0.93,1.13,5.98,10.31,0.313,0.313,0.381,0.397,3.954,4.393,27.1,1.8,28.0,0.0,1.0,0.8,1.0,0.9,0.3579,0.3208,0.4988,0.3987,0.23,0.1582,lineup,lineup,"[{""id"": 694362, ""name"": ""Blake Dunn"", ""bats"": ""R"", ""obp"": 0.3246753246753247, ""slg"": 0.38028169014084506, ""iso"": 0.11267605633802819, ""ab"": 71}, {""id"": 668709, ""name"": ""JJ Bleday"", ""bats"": ""L"", ""obp"": 0.38686131386861317, ""slg"": 0.6324786324786325, ""iso"": 0.34188034188034183, ""ab"": 117}, {""id"": 701398, ""name"": ""Sal Stewart"", ""bats"": ""R"", ""obp"": 0.3524904214559387, ""slg"": 0.4666666666666667, ""iso"": 0.2088888888888889, ""ab"": 225}]","[{""id"": 695600, ""name"": ""Carter Jensen"", ""bats"": ""L"", ""obp"": 0.3034825870646766, ""slg"": 0.38636363636363635, ""iso"": 0.16477272727272727, ""ab"": 176}, {""id"": 677951, ""name"": ""Bobby Witt Jr."", ""bats"": ""R"", ""obp"": 0.35555555555555557, ""slg"": 0.4708333333333333, ""iso"": 0.1875, ""ab"": 240}, {""id"": 686469, ""name"": ""Vinnie Pasquantino"", ""bats"": ""L"", ""obp"": 0.2971887550200803, ""slg"": 0.3287037037037037, ""iso"": 0.12037037037037038, ""ab"": 216}]","[{""name"": ""away_top3c_slg"", ""value"": 0.3987, ""contribution"": 0.2104}, {""name"": ""away_top3c_iso"", ""value"": 0.1582, ""contribution"": -0.1427}, {""name"": ""home_p_last10_pitcher_nrfi"", ""value"": 1.0, ""contribution"": 0.1107}, {""name"": ""era_gap_t1"", ""value"": -0.6579, ""contribution"": -0.0706}, {""name"": ""home_xera"", ""value"": 3.4465, ""contribution"": -0.0685}]","[{""name"": ""home_top3c_slg"", ""value"": 0.4988, ""contribution"": -0.3627}, {""name"": ""home_top3c_iso"", ""value"": 0.23, ""contribution"": 0.2408}, {""name"": ""wx_wind_kmh"", ""value"": 1.8, ""contribution"": -0.1021}, {""name"": ""home_top3_ops_vs_oppHand"", ""value"": 0.8483, ""contribution"": 0.1016}, {""name"": ""home_top3c_obp"", ""value"": 0.3579, ""contribution"": 0.0617}]",484183,0.5086,3.446,4.2,100.0,50.0,0.7136,0.7136,6.07,6.2,0.7477,0.8483,R,R,YRFI,PASS,2,0,2,2026-06-03T23:27:42+00:00,-135,+105,DraftKings,2026-06-03T23:31:25+00:00,0.5745,0.4878,-0.095,0.0327,,N,,,-135,+105,2026-06-03T23:09:49+00:00,,0.4877,PASS,NO EDGE,,,,,,,
2026-06-03,2026,824188,1,N,PIT,HOU,8:10 PM ET,Paul Skenes,Spencer Arrighetti,694973,681293,live,ltd,live,live,0.99,0.5354,0.332,0.8674,0.4443,0.284,0.7283,0.4772,0.5228,0.2156,0.7844,,,PASS,NO EDGE,PASS - No edge,4,2026-06-04T00:06:16Z,2.54,2.8,0.894,1.211,2.556,4.034,1.8,4.33,0.72,0.81,10.37,8.36,0.334,0.318,0.403,0.408,4.98,4.474,,,,1.0,1.0,0.8,0.8,0.7,0.3638,0.3774,0.5451,0.476,0.2689,0.2056,lineup,lineup,"[{""id"": 665161, ""name"": ""Jeremy Pe\u00f1a"", ""bats"": ""R"", ""obp"": 0.3238095238095238, ""slg"": 0.41237113402061853, ""iso"": 0.134020618556701, ""ab"": 97}, {""id"": 805904, ""name"": ""Zach Cole"", ""bats"": ""L"", ""obp"": 0.18867924528301888, ""slg"": 0.35294117647058826, ""iso"": 0.19607843137254904, ""ab"": 51}, {""id"": 572233, ""name"": ""Christian Walker"", ""bats"": ""R"", ""obp"": 0.32142857142857145, ""slg"": 0.504424778761062, ""iso"": 0.25663716814159293, ""ab"": 226}]","[{""id"": 687462, ""name"": ""Spencer Horwitz"", ""bats"": ""L"", ""obp"": 0.38497652582159625, ""slg"": 0.4576271186440678, ""iso"": 0.1751412429378531, ""ab"": 177}, {""id"": 664040, ""name"": ""Brandon Lowe"", ""bats"": ""L"", ""obp"": 0.34297520661157027, ""slg"": 0.5352112676056338, ""iso"": 0.2769953051643192, ""ab"": 213}, {""id"": 668804, ""name"": ""Bryan Reynolds"", ""bats"": ""S"", ""obp"": 0.40304182509505704, ""slg"": 0.431924882629108, ""iso"": 0.15962441314553993, ""ab"": 213}]","[{""name"": ""away_top3c_iso"", ""value"": 0.2056, ""contribution"": 0.1912}, {""name"": ""away_top3c_slg"", ""value"": 0.476, ""contribution"": -0.1807}, {""name"": ""home_xera"", ""value"": 5.4751, ""contribution"": 0.1393}, {""name"": ""away_top3_ops_vs_oppHand"", ""value"": 0.875, ""contribution"": 0.1098}, {""name"": ""fi_park_nrfi_rate"", ""value"": 0.482, ""contribution"": 0.0547}]","[{""name"": ""home_top3c_slg"", ""value"": 0.5451, ""contribution"": -0.6505}, {""name"": ""home_top3c_iso"", ""value"": 0.2689, ""contribution"": 0.4242}, {""name"": ""away_whiff_pct_rank"", ""value"": 86.0, ""contribution"": -0.1558}, {""name"": ""away_fip"", ""value"": 2.5561, ""contribution"": -0.153}, {""name"": ""home_top3_ops_vs_oppHand"", ""value"": 0.8577, ""contribution"": 0.1128}]",427197,0.5268,5.475,2.094,68.0,86.0,0.7136,0.7396,5.8,6.27,0.875,0.8577,R,R,NRFI,PASS,0,0,0,2026-06-04T00:25:21+00:00,-135,+105,DraftKings,2026-06-04T00:26:02+00:00,0.5745,0.4878,-0.0973,0.035,,N,,,-135,+105,2026-06-04T00:06:46+00:00,,0.4372,YRFI,STRONG,,,,,,,
2026-06-03,2026,823051,1,N,TEX,STL,7:45 PM ET,MacKenzie Gore,Andre Pallante,669022,669467,live,live,live,live,0.97,0.5294,0.4884,1.0178,0.3044,0.3292,0.6336,0.5479,0.4521,0.2708,0.7292,,,NRFI,LEAN,LEAN NRFI,4,2026-06-03T22:34:59Z,4.043,4.647,1.253,1.381,3.721,4.592,3.84,3.33,0.98,1.21,9.92,6.74,0.316,0.316,0.385,0.387,4.125,4.318,27.5,9.3,29.0,0.0,0.4,0.6,0.4,0.7,0.3509,0.3521,0.4319,0.4469,0.1706,0.1737,lineup,lineup,"[{""id"": 691026, ""name"": ""Masyn Winn"", ""bats"": ""R"", ""obp"": 0.3125, ""slg"": 0.3299492385786802, ""iso"": 0.09137055837563451, ""ab"": 197}, {""id"": 671056, ""name"": ""Iv\u00e1n Herrera"", ""bats"": ""R"", ""obp"": 0.3857677902621723, ""slg"": 0.4200913242009132, ""iso"": 0.1598173515981735, ""ab"": 219}, {""id"": 691023, ""name"": ""Jordan Walker"", ""bats"": ""R"", ""obp"": 0.3481781376518219, ""slg"": 0.5336322869955157, ""iso"": 0.25112107623318386, ""ab"": 223}]","[{""id"": 592626, ""name"": ""Joc Pederson"", ""bats"": ""L"", ""obp"": 0.36813186813186816, ""slg"": 0.46, ""iso"": 0.20666666666666667, ""ab"": 150}, {""id"": 673962, ""name"": ""Josh Jung"", ""bats"": ""R"", ""obp"": 0.3617021276595745, ""slg"": 0.48130841121495327, ""iso"": 0.17289719626168226, ""ab"": 214}, {""id"": 607043, ""name"": ""Brandon Nimmo"", ""bats"": ""L"", ""obp"": 0.33204633204633205, ""slg"": 0.40611353711790393, ""iso"": 0.15283842794759828, ""ab"": 229}]","[{""name"": ""home_p_last10_pitcher_nrfi"", ""value"": 0.4, ""contribution"": -0.1236}, {""name"": ""fi_park_nrfi_rate"", ""value"": 0.527, ""contribution"": -0.1009}, {""name"": ""home_fip"", ""value"": 4.5917, ""contribution"": 0.0688}, {""name"": ""era_gap_t1"", ""value"": 0.6041, ""contribution"": 0.066}, {""name"": ""away_top3_ops_vs_oppHand"", ""value"": 0.8087, ""contribution"": 0.0422}]","[{""name"": ""fi_park_nrfi_rate"", ""value"": 0.527, ""contribution"": -0.1552}, {""name"": ""away_whiff_pct_rank"", ""value"": 75.0, ""contribution"": -0.1084}, {""name"": ""home_top3_ops_vs_oppHand"", ""value"": 0.8413, ""contribution"": 0.0932}, {""name"": ""home_top3c_slg"", ""value"": 0.4319, ""contribution"": 0.0526}, {""name"": ""wx_temp_c"", ""value"": 27.5, ""contribution"": 0.0522}]",665297,0.4839,4.364,4.532,56.0,75.0,0.7272,0.7075,5.33,5.33,0.8087,0.8413,L,R,YRFI,LOSS,0,1,1,2026-06-04T00:09:25+00:00,-120,-105,DraftKings,2026-06-04T00:06:46+00:00,0.5455,0.5122,0.0024,-0.0601,0.0024,N,0.5,0,-120,-105,2026-06-03T22:43:43+00:00,0,0.4877,PASS,NO EDGE,,,,,,,
2026-06-03,2026,823780,1,N,SF,MIL,7:40 PM ET,Logan Webb,Robert Gasser,657277,688107,live,sm,live,live,1.03,0.5202,0.4533,0.9736,0.254,0.2389,0.493,0.6138,0.3862,0.2545,0.7455,,,NRFI,STRONG,STRONG NRFI,4,2026-06-03T22:34:59Z,4.125,4.559,1.325,1.311,3.092,4.365,2.63,3.56,0.66,1.19,8.82,8.59,0.304,0.332,0.405,0.376,4.007,4.925,,,,1.0,0.75,0.8,0.75,0.9,0.3955,0.3271,0.4668,0.4566,0.1751,0.1737,lineup,lineup,"[{""id"": 592885, ""name"": ""Christian Yelich"", ""bats"": ""L"", ""obp"": 0.36, ""slg"": 0.45535714285714285, ""iso"": 0.16964285714285715, ""ab"": 112}, {""id"": 683734, ""name"": ""Andrew Vaughn"", ""bats"": ""R"", ""obp"": 0.4246575342465753, ""slg"": 0.5076923076923077, ""iso"": 0.1538461538461538, ""ab"": 65}, {""id"": 668930, ""name"": ""Brice Turang"", ""bats"": ""L"", ""obp"": 0.4048582995951417, ""slg"": 0.46, ""iso"": 0.185, ""ab"": 200}]","[{""id"": 813841, ""name"": ""Jonah Cox"", ""bats"": ""R"", ""obp"": 0.2, ""slg"": 0.4, ""iso"": 0.2, ""ab"": 5}, {""id"": 646240, ""name"": ""Rafael Devers"", ""bats"": ""L"", ""obp"": 0.296875, ""slg"": 0.4194915254237288, ""iso"": 0.17372881355932202, ""ab"": 236}, {""id"": 650333, ""name"": ""Luis Arraez"", ""bats"": ""L"", ""obp"": 0.3654618473895582, ""slg"": 0.4336283185840708, ""iso"": 0.11061946902654868, ""ab"": 226}]","[{""name"": ""fi_park_nrfi_rate"", ""value"": 0.5899, ""contribution"": -0.3182}, {""name"": ""away_top3c_slg"", ""value"": 0.4566, ""contribution"": -0.0826}, {""name"": ""home_avg_ip_per_start"", ""value"": 3.5, ""contribution"": 0.0541}, {""name"": ""era_gap_t1"", ""value"": 0.4339, ""contribution"": 0.0476}, {""name"": ""home_fip"", ""value"": 4.3651, ""contribution"": 0.0434}]","[{""name"": ""fi_park_nrfi_rate"", ""value"": 0.5899, ""contribution"": -0.4892}, {""name"": ""home_top3c_obp"", ""value"": 0.3955, ""contribution"": 0.1938}, {""name"": ""home_top3c_slg"", ""value"": 0.4668, ""contribution"": -0.1643}, {""name"": ""home_obp"", ""value"": 0.3319, ""contribution"": 0.1267}, {""name"": ""away_fip"", ""value"": 3.0917, ""contribution"": -0.0958}]",511890,0.5521,4.2,3.482,50.0,48.0,0.7136,0.7396,3.5,5.67,0.785,0.8273,R,L,NRFI,WIN,0,0,0,2026-06-03T23:52:10+00:00,-120,-110,DraftKings,2026-06-03T22:43:43+00:00,0.5455,0.5238,0.0683,-0.1376,0.0683,Y,1,0.833,-120,-110,2026-06-03T22:36:00+00:00,0,0.6434,NRFI,STRONG,,,,,,,
2026-06-04,2026,823542,1,N,CLE,NYY,1:35 PM ET,Slade Cecconi,Carlos Rodón,677944,607074,live,live,live,live,1.02,0.4908,0.6281,1.1189,0.3977,0.6563,1.054,0.3322,0.6678,0.3079,0.6921,,,YRFI,STRONG,STRONG YRFI,4,2026-06-04T16:30:13Z,4.875,3.164,1.371,1.137,4.56,3.777,2.64,4.27,1.45,0.84,7.38,9.4,0.319,0.328,0.384,0.429,4.237,5.007,27.6,11.9,29.0,0.0,0.6,0.8,0.8,0.6,0.3614,0.3537,0.5174,0.4228,0.2568,0.1879,lineup,lineup,"[{""id"": 663757, ""name"": ""Trent Grisham"", ""bats"": ""L"", ""obp"": 0.3275862068965517, ""slg"": 0.3711340206185567, ""iso"": 0.16494845360824745, ""ab"": 194}, {""id"": 700250, ""name"": ""Ben Rice"", ""bats"": ""L"", ""obp"": 0.3949579831932773, ""slg"": 0.6470588235294118, ""iso"": 0.34313725490196084, ""ab"": 204}, {""id"": 502671, ""name"": ""Paul Goldschmidt"", ""bats"": ""R"", ""obp"": 0.3602941176470588, ""slg"": 0.5333333333333333, ""iso"": 0.2583333333333333, ""ab"": 120}]","[{""id"": 700932, ""name"": ""Kyle Manzardo"", ""bats"": ""L"", ""obp"": 0.32275132275132273, ""slg"": 0.41317365269461076, ""iso"": 0.17365269461077842, ""ab"": 167}, {""id"": 608070, ""name"": ""Jos\u00e9 Ram\u00edrez"", ""bats"": ""S"", ""obp"": 0.35144927536231885, ""slg"": 0.4334763948497854, ""iso"": 0.18884120171673818, ""ab"": 233}, {""id"": 656555, ""name"": ""Rhys Hoskins"", ""bats"": ""R"", ""obp"": 0.34911242603550297, ""slg"": 0.41353383458646614, ""iso"": 0.21052631578947367, ""ab"": 133}]","[{""name"": ""era_gap_t1"", ""value"": -1.7104, ""contribution"": -0.1846}, {""name"": ""fi_park_nrfi_rate"", ""value"": 0.4526, ""contribution"": 0.1563}, {""name"": ""away_top3c_slg"", ""value"": 0.4228, ""contribution"": 0.0884}, {""name"": ""away_top3c_iso"", ""value"": 0.1879, ""contribution"": 0.0664}, {""name"": ""away_top3_ops_vs_oppHand"", ""value"": 0.815, ""contribution"": 0.0487}]","[{""name"": ""home_top3c_slg"", ""value"": 0.5174, ""contribution"": -0.4782}, {""name"": ""home_top3c_iso"", ""value"": 0.2568, ""contribution"": 0.367}, {""name"": ""fi_park_nrfi_rate"", ""value"": 0.4526, ""contribution"": 0.2403}, {""name"": ""era_gap_b1"", ""value"": 1.7104, ""contribution"": 0.116}, {""name"": ""away_whiff_pct_rank"", ""value"": 24.0, ""contribution"": 0.1117}]",676581,0.5084,4.2,4.958,50.0,24.0,0.7075,0.7272,5.0,5.2,0.815,0.7783,R,L,NRFI,LOSS,0,0,0,2026-06-04T17:51:59+00:00,+105,-140,DraftKings,2026-06-04T16:39:20+00:00,0.4878,0.5833,-0.1556,0.0845,0.0845,Y,1,-1,+105,-140,2026-06-04T16:34:06+00:00,0,0.4089,YRFI,STRONG,,,,,,,
2026-06-04,2026,823698,1,N,KC,MIN,7:40 PM ET,Seth Lugo,Andrew Morris,607625,702193,live,sm,live,live,0.97,0.437,0.5003,0.9373,0.3974,0.4068,0.8042,0.4384,0.5616,0.2412,0.7588,,,PASS,LOW LAMBDA,PASS - Low lambda,4,2026-06-04T23:34:58Z,3.766,4.132,1.328,1.358,3.9,3.754,3.09,3.09,0.93,0.9,7.66,8.55,0.313,0.316,0.381,0.387,3.968,4.583,28.7,12.2,49.0,0.0,1.0,0.4,1.0,0.5,0.3095,0.3211,0.4642,0.4,0.218,0.1597,lineup,lineup,"[{""id"": 621439, ""name"": ""Byron Buxton"", ""bats"": ""R"", ""obp"": 0.3140495867768595, ""slg"": 0.5384615384615384, ""iso"": 0.2850678733031674, ""ab"": 221}, {""id"": 686797, ""name"": ""Brooks Lee"", ""bats"": ""S"", ""obp"": 0.30701754385964913, ""slg"": 0.41904761904761906, ""iso"": 0.16666666666666669, ""ab"": 210}, {""id"": 665019, ""name"": ""Kody Clemens"", ""bats"": ""L"", ""obp"": 0.30687830687830686, ""slg"": 0.4235294117647059, ""iso"": 0.19411764705882353, ""ab"": 170}]","[{""id"": 695600, ""name"": ""Carter Jensen"", ""bats"": ""L"", ""obp"": 0.2961165048543689, ""slg"": 0.3756906077348066, ""iso"": 0.1602209944751381, ""ab"": 181}, {""id"": 677951, ""name"": ""Bobby Witt Jr."", ""bats"": ""R"", ""obp"": 0.3563636363636364, ""slg"": 0.4672131147540984, ""iso"": 0.18442622950819676, ""ab"": 244}, {""id"": 686469, ""name"": ""Vinnie Pasquantino"", ""bats"": ""L"", ""obp"": 0.3031496062992126, ""slg"": 0.34545454545454546, ""iso"": 0.13181818181818183, ""ab"": 220}]","[{""name"": ""away_top3c_slg"", ""value"": 0.4, ""contribution"": 0.204}, {""name"": ""home_avg_ip_per_start"", ""value"": 1.0, ""contribution"": 0.1342}, {""name"": ""away_top3c_iso"", ""value"": 0.1597, ""contribution"": -0.1324}, {""name"": ""fi_park_nrfi_rate"", ""value"": 0.5348, ""contribution"": -0.1278}, {""name"": ""home_p_last10_pitcher_nrfi"", ""value"": 1.0, ""contribution"": 0.1107}]","[{""name"": ""fi_park_nrfi_rate"", ""value"": 0.5348, ""contribution"": -0.1964}, {""name"": ""home_top3c_iso"", ""value"": 0.218, ""contribution"": 0.1839}, {""name"": ""away_whiff_pct_rank"", ""value"": 12.0, ""contribution"": 0.1635}, {""name"": ""home_top3c_slg"", ""value"": 0.4642, ""contribution"": -0.148}, {""name"": ""home_top3c_obp"", ""value"": 0.3095, ""contribution"": -0.1079}]",605670,0.5573,4.09,4.793,41.0,12.0,0.7136,0.6643,1.0,5.47,0.7497,0.7977,R,R,YRFI,PASS,1,1,2,2026-06-05T00:00:03+00:00,+100,-130,DraftKings,2026-06-04T23:58:53+00:00,0.5,0.5652,-0.0616,-0.0036,0.0284,N,1,,+100,-130,2026-06-04T23:38:04+00:00,0,0.4399,YRFI,STRONG,,,,,,,
2026-06-04,2026,824753,1,N,BAL,BOS,1:35 PM ET,Trevor Rogers,Brayan Bello,669432,678394,live,live,live,live,1.05,0.6244,0.5045,1.1289,0.3601,0.4387,0.7988,0.4384,0.5616,0.3115,0.6885,,,PASS,LOW LAMBDA,PASS - Low lambda,4,2026-06-04T17:04:55Z,4.655,4.68,1.275,1.473,4.043,4.751,2.94,3.3,1.07,1.3,7.74,6.55,0.319,0.319,0.398,0.386,4.513,4.113,29.3,13.8,27.0,0.0,0.4,0.4,0.4,0.7,0.3251,0.3365,0.4284,0.4109,0.1662,0.1705,lineup,lineup,"[{""id"": 680776, ""name"": ""Jarren Duran"", ""bats"": ""L"", ""obp"": 0.2834008097165992, ""slg"": 0.4107142857142857, ""iso"": 0.1919642857142857, ""ab"": 224}, {""id"": 678882, ""name"": ""Ceddanne Rafaela"", ""bats"": ""R"", ""obp"": 0.34841628959276016, ""slg"": 0.4405940594059406, ""iso"": 0.1534653465346535, ""ab"": 202}, {""id"": 677800, ""name"": ""Wilyer Abreu"", ""bats"": ""L"", ""obp"": 0.34509803921568627, ""slg"": 0.43478260869565216, ""iso"": 0.15217391304347827, ""ab"": 230}]","[{""id"": 621493, ""name"": ""Taylor Ward"", ""bats"": ""R"", ""obp"": 0.4, ""slg"": 0.34684684684684686, ""iso"": 0.09459459459459463, ""ab"": 222}, {""id"": 683002, ""name"": ""Gunnar Henderson"", ""bats"": ""L"", ""obp"": 0.2714285714285714, ""slg"": 0.4269230769230769, ""iso"": 0.20769230769230768, ""ab"": 260}, {""id"": 668939, ""name"": ""Adley Rutschman"", ""bats"": ""S"", ""obp"": 0.3387096774193548, ""slg"": 0.4723926380368098, ""iso"": 0.21472392638036808, ""ab"": 163}]","[{""name"": ""away_top3c_slg"", ""value"": 0.4109, ""contribution"": 0.149}, {""name"": ""home_p_last10_pitcher_nrfi"", ""value"": 0.4, ""contribution"": -0.1236}, {""name"": ""home_fip"", ""value"": 4.7505, ""contribution"": 0.0867}, {""name"": ""home_xera"", ""value"": 4.6988, ""contribution"": 0.0598}, {""name"": ""away_top3c_iso"", ""value"": 0.1705, ""contribution"": -0.056}]","[{""name"": ""home_top3_ops_vs_oppHand"", ""value"": 0.871, ""contribution"": 0.1287}, {""name"": ""fi_park_nrfi_rate"", ""value"": 0.5121, ""contribution"": -0.076}, {""name"": ""home_top3c_slg"", ""value"": 0.4284, ""contribution"": 0.0748}, {""name"": ""wx_temp_c"", ""value"": 29.3, ""contribution"": 0.0672}, {""name"": ""home_top3c_iso"", ""value"": 0.1662, ""contribution"": -0.0607}]",427243,0.4707,4.699,3.258,36.0,47.0,0.7075,0.7396,4.53,4.0,0.749,0.871,L,R,YRFI,PASS,6,0,6,2026-06-04T18:04:09+00:00,+105,-135,DraftKings,2026-06-04T17:40:35+00:00,0.4878,0.5745,-0.0494,-0.0129,,N,,,+105,-135,2026-06-04T17:34:54+00:00,,0.4658,PASS,NO EDGE,,,,,,,
2026-06-04,2026,825076,1,N,LAD,ARI,9:40 PM ET,Justin Wrobleski,Ryne Nelson,680736,669194,live,live,live,live,1.0,0.5848,0.427,1.0119,0.5033,0.5028,1.0061,0.3627,0.6373,0.2686,0.7314,,,YRFI,STRONG,STRONG YRFI,4,2026-06-05T00:35:46Z,3.411,4.276,1.101,1.144,3.457,4.836,2.25,2.54,0.74,1.66,7.29,7.39,0.339,0.309,0.438,0.395,5.136,4.48,,,,1.0,1.0,0.8,0.9,0.7,0.3401,0.3307,0.4737,0.4772,0.2053,0.2123,lineup,lineup,"[{""id"": 606466, ""name"": ""Ketel Marte"", ""bats"": ""S"", ""obp"": 0.3147410358565737, ""slg"": 0.45614035087719296, ""iso"": 0.19736842105263153, ""ab"": 228}, {""id"": 682998, ""name"": ""Corbin Carroll"", ""bats"": ""L"", ""obp"": 0.37349397590361444, ""slg"": 0.5348837209302325, ""iso"": 0.2511627906976744, ""ab"": 215}, {""id"": 672515, ""name"": ""Gabriel Moreno"", ""bats"": ""R"", ""obp"": 0.3263888888888889, ""slg"": 0.4015748031496063, ""iso"": 0.14173228346456695, ""ab"": 127}]","[{""id"": 605141, ""name"": ""Mookie Betts"", ""bats"": ""R"", ""obp"": 0.2540983606557377, ""slg"": 0.3783783783783784, ""iso"": 0.1891891891891892, ""ab"": 111}, {""id"": 518692, ""name"": ""Freddie Freeman"", ""bats"": ""L"", ""obp"": 0.3590733590733591, ""slg"": 0.4711111111111111, ""iso"": 0.19555555555555554, ""ab"": 225}, {""id"": 681624, ""name"": ""Andy Pages"", ""bats"": ""R"", ""obp"": 0.33852140077821014, ""slg"": 0.5299145299145299, ""iso"": 0.2393162393162393, ""ab"": 234}]","[{""name"": ""fi_park_nrfi_rate"", ""value"": 0.4239, ""contribution"": 0.2555}, {""name"": ""away_top3c_iso"", ""value"": 0.2123, ""contribution"": 0.238}, {""name"": ""away_top3c_slg"", ""value"": 0.4772, ""contribution"": -0.187}, {""name"": ""home_fip"", ""value"": 4.8359, ""contribution"": 0.0962}, {""name"": ""era_gap_t1"", ""value"": 0.8646, ""contribution"": 0.0942}]","[{""name"": ""fi_park_nrfi_rate"", ""value"": 0.4239, ""contribution"": 0.3927}, {""name"": ""home_top3c_slg"", ""value"": 0.4737, ""contribution"": -0.2068}, {""name"": ""home_top3_ops_vs_oppHand"", ""value"": 0.898, ""contribution"": 0.161}, {""name"": ""away_whiff_pct_rank"", ""value"": 17.0, ""contribution"": 0.1419}, {""name"": ""home_top3c_iso"", ""value"": 0.2053, ""contribution"": 0.1239}]",490319,0.5366,3.934,3.401,15.0,17.0,0.7075,0.7136,6.8,6.53,0.7737,0.898,L,R,NRFI,LOSS,0,0,0,2026-06-05T01:51:54+00:00,-105,-125,DraftKings,2026-06-05T00:43:33+00:00,0.5122,0.5556,-0.1495,0.0817,0.0817,Y,1,-1,-105,-125,2026-06-05T00:38:20+00:00,0,0.4877,PASS,NO EDGE,,,,,,,
2026-06-04,2026,824185,1,N,PIT,HOU,8:10 PM ET,Jared Jones,Kai-Wei Teng,683003,678906,sm,ltd,live,live,0.99,0.5317,0.5726,1.1043,0.3232,0.5157,0.8389,0.4119,0.5881,0.3026,0.6974,,,YRFI,STRONG,STRONG YRFI,4,2026-06-04T23:03:26Z,4.747,3.612,1.336,1.212,4.536,4.012,3.07,3.79,1.51,1.07,9.16,9.38,0.335,0.319,0.405,0.409,5.032,4.558,,,,1.0,0.8,0.0,0.6,0.0,0.3693,0.3765,0.5468,0.4716,0.2644,0.201,lineup,lineup,"[{""id"": 665161, ""name"": ""Jeremy Pe\u00f1a"", ""bats"": ""R"", ""obp"": 0.34545454545454546, ""slg"": 0.43, ""iso"": 0.14, ""ab"": 100}, {""id"": 670541, ""name"": ""Yordan Alvarez"", ""bats"": ""L"", ""obp"": 0.4264705882352941, ""slg"": 0.6488888888888888, ""iso"": 0.3333333333333333, ""ab"": 225}, {""id"": 572233, ""name"": ""Christian Walker"", ""bats"": ""R"", ""obp"": 0.31906614785992216, ""slg"": 0.49783549783549785, ""iso"": 0.25108225108225113, ""ab"": 231}]","[{""id"": 687462, ""name"": ""Spencer Horwitz"", ""bats"": ""L"", ""obp"": 0.38990825688073394, ""slg"": 0.46153846153846156, ""iso"": 0.17032967032967034, ""ab"": 182}, {""id"": 664040, ""name"": ""Brandon Lowe"", ""bats"": ""L"", ""obp"": 0.340080971659919, ""slg"": 0.5253456221198156, ""iso"": 0.2718894009216589, ""ab"": 217}, {""id"": 668804, ""name"": ""Bryan Reynolds"", ""bats"": ""S"", ""obp"": 0.39925373134328357, ""slg"": 0.42660550458715596, ""iso"": 0.1559633027522936, ""ab"": 218}]","[{""name"": ""away_top3c_slg"", ""value"": 0.4716, ""contribution"": -0.1589}, {""name"": ""away_top3c_iso"", ""value"": 0.201, ""contribution"": 0.1583}, {""name"": ""era_gap_t1"", ""value"": -1.1357, ""contribution"": -0.1224}, {""name"": ""away_top3_ops_vs_oppHand"", ""value"": 0.868, ""contribution"": 0.1027}, {""name"": ""fi_park_nrfi_rate"", ""value"": 0.482, ""contribution"": 0.0547}]","[{""name"": ""home_top3c_slg"", ""value"": 0.5468, ""contribution"": -0.6607}, {""name"": ""home_top3c_iso"", ""value"": 0.2644, ""contribution"": 0.403}, {""name"": ""away_p_last10_pitcher_nrfi"", ""value"": 0.0, ""contribution"": 0.2355}, {""name"": ""home_top3_ops_vs_oppHand"", ""value"": 0.8687, ""contribution"": 0.1259}, {""name"": ""home_top3c_obp"", ""value"": 0.3693, ""contribution"": 0.1018}]",482663,0.5317,3.808,4.2,62.0,50.0,0.7136,0.7136,4.4,4.33,0.868,0.8687,R,R,YRFI,WIN,1,0,1,2026-06-05T00:35:25+00:00,-110,-115,DraftKings,2026-06-04T23:11:21+00:00,0.5238,0.5349,-0.1119,0.0532,0.0532,Y,1,0.87,-110,-115,2026-06-04T23:06:09+00:00,0,0.4521,PASS,NO EDGE,,,,,,,
2026-06-04,2026,823457,1,N,SD,PHI,1:05 PM ET,Lucas Giolito,Zack Wheeler,608337,554430,live,live,live,live,1.04,0.3449,0.6353,0.9802,0.2248,0.5196,0.7445,0.4772,0.5228,0.257,0.743,,,PASS,NO EDGE,PASS - No edge,4,2026-06-04T17:04:55Z,3.775,2.482,1.395,0.893,4.965,3.232,4.73,1.93,1.15,1.09,6.79,9.98,0.297,0.298,0.369,0.388,3.98,3.993,31.4,9.8,21.0,0.0,0.8,0.8,0.6,0.8,0.329,0.3124,0.4808,0.376,0.2419,0.1464,lineup,lineup,"[{""id"": 656941, ""name"": ""Kyle Schwarber"", ""bats"": ""L"", ""obp"": 0.35135135135135137, ""slg"": 0.5981735159817352, ""iso"": 0.36529680365296807, ""ab"": 219}, {""id"": 607208, ""name"": ""Trea Turner"", ""bats"": ""R"", ""obp"": 0.2765151515151515, ""slg"": 0.34959349593495936, ""iso"": 0.12195121951219515, ""ab"": 246}, {""id"": 547180, ""name"": ""Bryce Harper"", ""bats"": ""L"", ""obp"": 0.3611111111111111, ""slg"": 0.5117370892018779, ""iso"": 0.2535211267605633, ""ab"": 213}]","[{""id"": 665487, ""name"": ""Fernando Tatis Jr."", ""bats"": ""R"", ""obp"": 0.34523809523809523, ""slg"": 0.32882882882882886, ""iso"": 0.05405405405405406, ""ab"": 222}, {""id"": 657757, ""name"": ""Gavin Sheets"", ""bats"": ""L"", ""obp"": 0.3316062176165803, ""slg"": 0.4764705882352941, ""iso"": 0.2352941176470588, ""ab"": 170}, {""id"": 592518, ""name"": ""Manny Machado"", ""bats"": ""R"", ""obp"": 0.2625, ""slg"": 0.3444976076555024, ""iso"": 0.1722488038277512, ""ab"": 209}]","[{""name"": ""away_top3c_slg"", ""value"": 0.376, ""contribution"": 0.3253}, {""name"": ""away_top3c_iso"", ""value"": 0.1464, ""contribution"": -0.2259}, {""name"": ""home_xera"", ""value"": 1.9492, ""contribution"": -0.222}, {""name"": ""era_gap_t1"", ""value"": -1.2931, ""contribution"": -0.1394}, {""name"": ""fi_park_nrfi_rate"", ""value"": 0.473, ""contribution"": 0.0859}]","[{""name"": ""home_top3c_iso"", ""value"": 0.2419, ""contribution"": 0.2968}, {""name"": ""home_top3c_slg"", ""value"": 0.4808, ""contribution"": -0.2512}, {""name"": ""fi_park_nrfi_rate"", ""value"": 0.473, ""contribution"": 0.1321}, {""name"": ""home_top3_ops_vs_oppHand"", ""value"": 0.8603, ""contribution"": 0.116}, {""name"": ""home_obp"", ""value"": 0.2983, ""contribution"": -0.1082}]",483569,0.5176,1.949,4.2,93.0,50.0,0.7309,0.664,6.53,4.33,0.686,0.8603,R,R,NRFI,PASS,0,0,0,2026-06-04T17:15:28+00:00,-110,-120,DraftKings,2026-06-04T17:03:57+00:00,0.5238,0.5455,-0.0466,-0.0227,,N,,,-110,-120,2026-06-04T17:03:57+00:00,,0.5708,NRFI,STRONG,,,,,,,
2026-06-04,2026,824672,1,N,OAK,CHC,8:05 PM ET,J.T. Ginn,Shota Imanaga,669372,684007,live,live,live,live,1.0,0.4958,0.5593,1.0551,0.3827,0.3812,0.7639,0.4772,0.5228,0.2845,0.7155,,,PASS,NO EDGE,PASS - No edge,4,2026-06-04T23:34:58Z,3.67,4.137,1.219,1.041,4.238,4.626,3.59,2.06,1.18,1.77,8.59,8.3,0.325,0.33,0.396,0.392,4.296,4.63,30.9,18.5,23.0,0.0,0.8,1.0,0.7,0.9,0.351,0.3963,0.4167,0.497,0.1705,0.2101,lineup,lineup,"[{""id"": 691718, ""name"": ""Pete Crow-Armstrong"", ""bats"": ""L"", ""obp"": 0.32558139534883723, ""slg"": 0.3991228070175439, ""iso"": 0.15789473684210528, ""ab"": 228}, {""id"": 624424, ""name"": ""Michael Conforto"", ""bats"": ""L"", ""obp"": 0.3723404255319149, ""slg"": 0.5316455696202531, ""iso"": 0.26582278481012656, ""ab"": 79}, {""id"": 683737, ""name"": ""Michael Busch"", ""bats"": ""L"", ""obp"": 0.3680297397769517, ""slg"": 0.3936651583710407, ""iso"": 0.1493212669683258, ""ab"": 221}]","[{""id"": 703607, ""name"": ""Henry Bolte"", ""bats"": ""R"", ""obp"": 0.36923076923076925, ""slg"": 0.32142857142857145, ""iso"": 0.035714285714285754, ""ab"": 56}, {""id"": 701762, ""name"": ""Nick Kurtz"", ""bats"": ""L"", ""obp"": 0.43956043956043955, ""slg"": 0.5069767441860465, ""iso"": 0.2186046511627907, ""ab"": 215}, {""id"": 669127, ""name"": ""Shea Langeliers"", ""bats"": ""R"", ""obp"": 0.356, ""slg"": 0.53125, ""iso"": 0.2455357142857143, ""ab"": 224}]","[{""name"": ""away_top3c_slg"", ""value"": 0.497, ""contribution"": -0.2872}, {""name"": ""away_top3c_iso"", ""value"": 0.2101, ""contribution"": 0.2226}, {""name"": ""away_top3_ops_vs_oppHand"", ""value"": 0.9803, ""contribution"": 0.2172}, {""name"": ""fi_park_nrfi_rate"", ""value"": 0.5429, ""contribution"": -0.1558}, {""name"": ""home_fip"", ""value"": 4.6256, ""contribution"": 0.0726}]","[{""name"": ""fi_park_nrfi_rate"", ""value"": 0.5429, ""contribution"": -0.2395}, {""name"": ""home_top3c_slg"", ""value"": 0.4167, ""contribution"": 0.1474}, {""name"": ""away_whiff_pct_rank"", ""value"": 82.0, ""contribution"": -0.1386}, {""name"": ""home_obp"", ""value"": 0.3297, ""contribution"": 0.1113}, {""name"": ""wx_temp_c"", ""value"": 30.9, ""contribution"": 0.0806}]",676580,0.5084,3.775,3.667,47.0,82.0,0.7136,0.7136,5.73,6.07,0.9803,0.8023,R,L,NRFI,PASS,0,0,0,2026-06-05T00:20:32+00:00,+115,-155,DraftKings,2026-06-04T23:58:53+00:00,0.4651,0.6078,0.0121,-0.085,,N,,,+115,-155,2026-06-04T23:58:53+00:00,,0.5551,PASS,NO EDGE,,,,,,,
2026-06-04,2026,823779,1,N,SF,MIL,2:10 PM ET,Adrian Houser,Coleman Crow,605288,689441,live,sm,live,live,1.03,0.4512,0.6238,1.075,0.2348,0.4043,0.6391,0.5479,0.4521,0.2918,0.7082,,,NRFI,LEAN,LEAN NRFI,4,2026-06-04T17:04:55Z,4.643,3.902,1.443,1.187,4.576,4.036,3.11,2.67,1.14,1.06,6.05,7.8,0.303,0.33,0.403,0.374,3.968,4.858,,,,1.0,1.0,0.6,1.0,0.4,0.3794,0.3241,0.4515,0.4508,0.1702,0.1703,lineup,lineup,"[{""id"": 592885, ""name"": ""Christian Yelich"", ""bats"": ""L"", ""obp"": 0.35658914728682173, ""slg"": 0.45689655172413796, ""iso"": 0.1724137931034483, ""ab"": 116}, {""id"": 694192, ""name"": ""Jackson Chourio"", ""bats"": ""R"", ""obp"": 0.35398230088495575, ""slg"": 0.4368932038834951, ""iso"": 0.14563106796116504, ""ab"": 103}, {""id"": 596142, ""name"": ""Gary S\u00e1nchez"", ""bats"": ""R"", ""obp"": 0.3474576271186441, ""slg"": 0.4, ""iso"": 0.2105263157894737, ""ab"": 95}]","[{""id"": 669477, ""name"": ""Casey Schmitt"", ""bats"": ""R"", ""obp"": 0.31555555555555553, ""slg"": 0.5165876777251185, ""iso"": 0.23696682464454977, ""ab"": 211}, {""id"": 671083, ""name"": ""Buddy Kennedy"", ""bats"": ""R"", ""obp"": 0.0, ""slg"": 0.0, ""iso"": 0.0, ""ab"": 4}, {""id"": 813841, ""name"": ""Jonah Cox"", ""bats"": ""R"", ""obp"": 0.2, ""slg"": 0.4, ""iso"": 0.2, ""ab"": 5}]","[{""name"": ""fi_park_nrfi_rate"", ""value"": 0.5899, ""contribution"": -0.3182}, {""name"": ""home_p_last10_pitcher_nrfi"", ""value"": 1.0, ""contribution"": 0.1107}, {""name"": ""era_gap_t1"", ""value"": -0.7411, ""contribution"": -0.0796}, {""name"": ""away_top3c_iso"", ""value"": 0.1703, ""contribution"": -0.0574}, {""name"": ""away_top3c_slg"", ""value"": 0.4508, ""contribution"": -0.0534}]","[{""name"": ""fi_park_nrfi_rate"", ""value"": 0.5899, ""contribution"": -0.4892}, {""name"": ""away_whiff_pct_rank"", ""value"": 10.0, ""contribution"": 0.1721}, {""name"": ""home_top3c_obp"", ""value"": 0.3794, ""contribution"": 0.1372}, {""name"": ""home_obp"", ""value"": 0.3304, ""contribution"": 0.1159}, {""name"": ""home_top3_ops_vs_oppHand"", ""value"": 0.8573, ""contribution"": 0.1124}]",664263,0.565,4.2,4.301,50.0,10.0,0.7136,0.7136,4.78,5.2,0.7853,0.8573,R,R,YRFI,LOSS,3,1,4,2026-06-04T18:36:53+00:00,-105,-125,DraftKings,2026-06-04T18:17:20+00:00,0.5122,0.5556,0.0357,-0.1035,0.0357,N,0.5,0,-105,-125,2026-06-04T17:08:51+00:00,0,0.6370,NRFI,STRONG,,,,,,,
2026-06-04,2026,824919,1,N,TOR,ATL,7:15 PM ET,Mason Fluharty,Chris Sale,689254,519242,ltd,live,live,live,0.98,0.3285,0.5136,0.8421,0.1753,0.4311,0.6063,0.5495,0.4505,0.2064,0.7936,,,NRFI,LEAN,LEAN NRFI,4,2026-06-04T22:06:33Z,4.174,2.223,1.266,0.989,3.454,2.669,3.52,2.29,0.87,0.8,10.22,11.16,0.311,0.323,0.385,0.43,4.123,5.123,28.7,3.8,31.0,0.0,0.8,0.5,0.8,0.5,0.3421,0.3366,0.4652,0.3984,0.2073,0.1246,lineup,lineup,"[{""id"": 660670, ""name"": ""Ronald Acu\u00f1a Jr."", ""bats"": ""R"", ""obp"": 0.375, ""slg"": 0.4350282485875706, ""iso"": 0.18644067796610167, ""ab"": 177}, {""id"": 643289, ""name"": ""Mauricio Dub\u00f3n"", ""bats"": ""R"", ""obp"": 0.30434782608695654, ""slg"": 0.38028169014084506, ""iso"": 0.13145539906103285, ""ab"": 213}, {""id"": 621566, ""name"": ""Matt Olson"", ""bats"": ""L"", ""obp"": 0.34798534798534797, ""slg"": 0.5619834710743802, ""iso"": 0.2892561983471075, ""ab"": 242}]","[{""id"": 543807, ""name"": ""George Springer"", ""bats"": ""R"", ""obp"": 0.2824858757062147, ""slg"": 0.35, ""iso"": 0.14375, ""ab"": 160}, {""id"": 676391, ""name"": ""Ernie Clement"", ""bats"": ""R"", ""obp"": 0.3237704918032787, ""slg"": 0.44680851063829785, ""iso"": 0.14468085106382977, ""ab"": 235}, {""id"": 665489, ""name"": ""Vladimir Guerrero Jr."", ""bats"": ""R"", ""obp"": 0.38735177865612647, ""slg"": 0.3813953488372093, ""iso"": 0.08837209302325583, ""ab"": 215}]","[{""name"": ""away_top3c_iso"", ""value"": 0.1246, ""contribution"": -0.3796}, {""name"": ""away_top3c_slg"", ""value"": 0.3984, ""contribution"": 0.2123}, {""name"": ""era_gap_t1"", ""value"": -1.9511, ""contribution"": -0.2106}, {""name"": ""home_xera"", ""value"": 2.5201, ""contribution"": -0.1635}, {""name"": ""home_fip"", ""value"": 2.6686, ""contribution"": -0.1471}]","[{""name"": ""home_top3c_slg"", ""value"": 0.4652, ""contribution"": -0.154}, {""name"": ""home_top3c_iso"", ""value"": 0.2073, ""contribution"": 0.1334}, {""name"": ""era_gap_b1"", ""value"": 1.9511, ""contribution"": 0.1324}, {""name"": ""wx_wind_kmh"", ""value"": 3.8, ""contribution"": -0.081}, {""name"": ""home_top3_ops_vs_oppHand"", ""value"": 0.7037, ""contribution"": -0.0716}]",547380,0.5173,2.52,2.171,85.0,50.0,0.7396,0.7136,6.4,1.17,0.8087,0.7037,L,L,NRFI,WIN,0,0,0,2026-06-04T23:33:06+00:00,-140,+110,DraftKings,2026-06-04T23:25:04+00:00,0.5833,0.4762,-0.0338,-0.0257,-0.0338,N,0.5,0,-140,+110,2026-06-04T22:14:15+00:00,0,0.6054,NRFI,STRONG,,,,,,,
2026-06-05,2026,824350,1,N,MIL,COL,8:40 PM ET,Brandon Sproat,Ryan Feltner,687075,663372,ltd,ltd,live,live,1.22,0.6851,0.7628,1.4478,0.4852,0.6806,1.1658,0.3219,0.6781,0.4246,0.5754,,,YRFI,STRONG,STRONG YRFI,4,2026-06-05T23:37:56Z,5.357,4.526,1.405,1.313,4.735,4.621,4.06,2.97,1.46,1.41,9.1,7.7,0.332,0.316,0.377,0.394,4.913,4.353,31.6,15.5,20.0,0.0,0.6,1.0,0.8,0.8,0.3481,0.3855,0.4382,0.4736,0.1554,0.1839,lineup,lineup,"[{""id"": 664983, ""name"": ""Jake McCarthy"", ""bats"": ""L"", ""obp"": 0.32941176470588235, ""slg"": 0.4645161290322581, ""iso"": 0.1806451612903226, ""ab"": 155}, {""id"": 671289, ""name"": ""Tyler Freeman"", ""bats"": ""R"", ""obp"": 0.35294117647058826, ""slg"": 0.3795620437956204, ""iso"": 0.1021897810218978, ""ab"": 137}, {""id"": 677060, ""name"": ""Chad Stevens"", ""bats"": ""R"", ""obp"": 0.2, ""slg"": 0.05, ""iso"": 0.0, ""ab"": 20}]","[{""id"": 592885, ""name"": ""Christian Yelich"", ""bats"": ""L"", ""obp"": 0.3582089552238806, ""slg"": 0.4628099173553719, ""iso"": 0.1735537190082645, ""ab"": 121}, {""id"": 694192, ""name"": ""Jackson Chourio"", ""bats"": ""R"", ""obp"": 0.3728813559322034, ""slg"": 0.5046728971962616, ""iso"": 0.19626168224299062, ""ab"": 107}, {""id"": 668930, ""name"": ""Brice Turang"", ""bats"": ""L"", ""obp"": 0.40551181102362205, ""slg"": 0.463768115942029, ""iso"": 0.18357487922705312, ""ab"": 207}]","[{""name"": ""fi_park_nrfi_rate"", ""value"": 0.4241, ""contribution"": 0.2547}, {""name"": ""away_top3c_slg"", ""value"": 0.4736, ""contribution"": -0.1686}, {""name"": ""away_top3_ops_vs_oppHand"", ""value"": 0.9037, ""contribution"": 0.139}, {""name"": ""era_gap_t1"", ""value"": -0.8305, ""contribution"": -0.0893}, {""name"": ""home_fip"", ""value"": 4.6214, ""contribution"": 0.0722}]","[{""name"": ""fi_park_nrfi_rate"", ""value"": 0.4241, ""contribution"": 0.3916}, {""name"": ""away_whiff_pct_rank"", ""value"": 16.0, ""contribution"": 0.1463}, {""name"": ""home_top3c_iso"", ""value"": 0.1554, ""contribution"": -0.1116}, {""name"": ""wx_temp_c"", ""value"": 31.6, ""contribution"": 0.0864}, {""name"": ""away_fip"", ""value"": 4.7349, ""contribution"": 0.0798}]",427128,0.4785,4.743,4.139,55.0,16.0,0.7613,0.7136,4.6,4.47,0.9037,0.8033,R,R,YRFI,WIN,0,1,1,2026-06-06T00:58:09+00:00,+120,-155,DraftKings,2026-06-05T23:41:32+00:00,0.4545,0.6078,-0.1326,0.0703,0.0703,Y,1,0.645,+120,-155,2026-06-05T23:36:45+00:00,0,0.4114,YRFI,STRONG,,,,,,,
2026-06-05,2026,823049,1,N,CIN,STL,8:15 PM ET,Brady Singer,Kyle Leahy,663903,681517,live,live,live,live,0.97,0.4822,0.6474,1.1296,0.3585,0.6399,0.9984,0.3677,0.6323,0.3118,0.6882,,,YRFI,STRONG,STRONG YRFI,4,2026-06-05T23:02:06Z,5.235,3.877,1.492,1.424,5.514,4.118,2.99,3.3,2.03,1.05,7.37,7.87,0.313,0.317,0.397,0.389,4.362,4.327,30.5,21.6,55.0,0.0,1.0,0.4,1.0,0.4,0.3674,0.3581,0.4295,0.5025,0.1564,0.2217,lineup,lineup,"[{""id"": 663457, ""name"": ""Lars Nootbaar"", ""bats"": ""L"", ""obp"": null, ""slg"": null, ""iso"": null, ""ab"": null}, {""id"": 671056, ""name"": ""Iv\u00e1n Herrera"", ""bats"": ""R"", ""obp"": 0.38235294117647056, ""slg"": 0.41517857142857145, ""iso"": 0.15625, ""ab"": 224}, {""id"": 676475, ""name"": ""Alec Burleson"", ""bats"": ""L"", ""obp"": 0.3515625, ""slg"": 0.4434782608695652, ""iso"": 0.15652173913043477, ""ab"": 230}]","[{""id"": 694362, ""name"": ""Blake Dunn"", ""bats"": ""R"", ""obp"": 0.32926829268292684, ""slg"": 0.42105263157894735, ""iso"": 0.1447368421052631, ""ab"": 76}, {""id"": 668709, ""name"": ""JJ Bleday"", ""bats"": ""L"", ""obp"": 0.3829787234042553, ""slg"": 0.6198347107438017, ""iso"": 0.3305785123966943, ""ab"": 121}, {""id"": 668715, ""name"": ""Spencer Steer"", ""bats"": ""R"", ""obp"": 0.35319148936170214, ""slg"": 0.46411483253588515, ""iso"": 0.1866028708133971, ""ab"": 209}]","[{""name"": ""away_top3c_slg"", ""value"": 0.5025, ""contribution"": -0.315}, {""name"": ""away_top3c_iso"", ""value"": 0.2217, ""contribution"": 0.3042}, {""name"": ""era_gap_t1"", ""value"": -1.3583, ""contribution"": -0.1464}, {""name"": ""home_p_last10_pitcher_nrfi"", ""value"": 1.0, ""contribution"": 0.1107}, {""name"": ""fi_park_nrfi_rate"", ""value"": 0.527, ""contribution"": -0.1009}]","[{""name"": ""away_fip"", ""value"": 5.5144, ""contribution"": 0.1631}, {""name"": ""fi_park_nrfi_rate"", ""value"": 0.527, ""contribution"": -0.1552}, {""name"": ""home_plate_ump_nrfi_rate"", ""value"": 0.6177, ""contribution"": 0.1192}, {""name"": ""home_top3c_iso"", ""value"": 0.1564, ""contribution"": -0.1068}, {""name"": ""wx_wind_kmh"", ""value"": 21.6, ""contribution"": 0.1064}]",482620,0.6177,4.459,4.422,32.0,32.0,0.7136,0.6205,5.13,4.4,0.8437,0.785,R,R,YRFI,WIN,3,2,5,2026-06-06T00:47:32+00:00,-105,-125,DraftKings,2026-06-05T23:15:38+00:00,0.5122,0.5556,-0.1445,0.0767,0.0767,Y,1,0.8,-105,-125,2026-06-05T23:11:02+00:00,0,0.4059,YRFI,STRONG,,,,,,,
2026-06-05,2026,823860,1,N,TB,MIA,7:10 PM ET,Drew Rasmussen,Ryan Gusto,656876,687473,live,live,live,live,0.95,0.5177,0.4056,0.9234,0.4433,0.3512,0.7945,0.4384,0.5616,0.2361,0.7639,,,PASS,LOW LAMBDA,PASS - Low lambda,4,2026-06-05T23:02:06Z,3.118,5.667,1.02,1.456,3.778,4.227,1.99,2.94,1.16,1.36,8.08,8.88,0.33,0.321,0.39,0.387,4.601,4.301,,,,1.0,0.4,0.6,0.7,0.7,0.3449,0.3572,0.4518,0.4337,0.1675,0.1566,lineup,lineup,"[{""id"": 689414, ""name"": ""Liam Hicks"", ""bats"": ""L"", ""obp"": 0.3521739130434783, ""slg"": 0.47474747474747475, ""iso"": 0.20707070707070707, ""ab"": 198}, {""id"": 672640, ""name"": ""Otto Lopez"", ""bats"": ""R"", ""obp"": 0.366412213740458, ""slg"": 0.47540983606557374, ""iso"": 0.13934426229508196, ""ab"": 244}, {""id"": 669065, ""name"": ""Kyle Stowers"", ""bats"": ""L"", ""obp"": 0.30120481927710846, ""slg"": 0.3825503355704698, ""iso"": 0.1610738255033557, ""ab"": 149}]","[{""id"": 683748, ""name"": ""Victor Mesa Jr."", ""bats"": ""L"", ""obp"": 0.25, ""slg"": 0.28, ""iso"": 0.12000000000000002, ""ab"": 25}, {""id"": 691406, ""name"": ""Junior Caminero"", ""bats"": ""R"", ""obp"": 0.3769230769230769, ""slg"": 0.5022421524663677, ""iso"": 0.22421524663677128, ""ab"": 223}, {""id"": 666018, ""name"": ""Jonathan Aranda"", ""bats"": ""L"", ""obp"": 0.38132295719844356, ""slg"": 0.47393364928909953, ""iso"": 0.1990521327014218, ""ab"": 211}]","[{""name"": ""era_gap_t1"", ""value"": 2.5492, ""contribution"": 0.2766}, {""name"": ""away_top3c_iso"", ""value"": 0.1566, ""contribution"": -0.154}, {""name"": ""fi_park_nrfi_rate"", ""value"": 0.455, ""contribution"": 0.1479}, {""name"": ""away_top3_ops_vs_oppHand"", ""value"": 0.8207, ""contribution"": 0.0545}, {""name"": ""away_top3c_slg"", ""value"": 0.4337, ""contribution"": 0.0331}]","[{""name"": ""fi_park_nrfi_rate"", ""value"": 0.455, ""contribution"": 0.2273}, {""name"": ""era_gap_b1"", ""value"": -2.5492, ""contribution"": -0.1738}, {""name"": ""wx_is_dome"", ""value"": 1.0, ""contribution"": -0.0758}, {""name"": ""home_top3c_slg"", ""value"": 0.4518, ""contribution"": -0.0707}, {""name"": ""home_top3c_iso"", ""value"": 0.1675, ""contribution"": -0.0543}]",658082,0.5146,4.2,3.299,50.0,44.0,0.7136,0.7075,5.0,5.67,0.8207,0.7873,R,R,YRFI,PASS,3,0,3,2026-06-05T23:24:53+00:00,-120,-110,DraftKings,2026-06-05T23:02:26+00:00,0.5455,0.5238,-0.1071,0.0378,0.0814,N,1,,-120,-110,2026-06-05T23:02:26+00:00,0,0.4877,PASS,NO EDGE,,,,,,,
2026-06-05,2026,823455,1,N,CWS,PHI,6:40 PM ET,Anthony Kay,Jesús Luzardo,641743,666200,ltd,live,live,live,1.04,0.4078,0.5585,0.9664,0.4305,0.422,0.8525,0.4064,0.5936,0.2519,0.7481,,,PASS,LOW LAMBDA,PASS - Low lambda,4,2026-06-05T21:40:17Z,3.935,4.158,1.342,1.276,4.565,2.804,3.43,2.64,1.24,0.71,7.5,10.53,0.323,0.299,0.409,0.388,4.682,4.019,32.7,8.7,27.0,0.0,0.8,0.4,0.9,0.5,0.3299,0.3456,0.4775,0.4538,0.238,0.1981,lineup,lineup,"[{""id"": 656941, ""name"": ""Kyle Schwarber"", ""bats"": ""L"", ""obp"": 0.3522727272727273, ""slg"": 0.5919282511210763, ""iso"": 0.3587443946188341, ""ab"": 223}, {""id"": 607208, ""name"": ""Trea Turner"", ""bats"": ""R"", ""obp"": 0.27611940298507465, ""slg"": 0.348, ""iso"": 0.11999999999999997, ""ab"": 250}, {""id"": 547180, ""name"": ""Bryce Harper"", ""bats"": ""L"", ""obp"": 0.36328125, ""slg"": 0.5092592592592593, ""iso"": 0.25000000000000006, ""ab"": 216}]","[{""id"": 805367, ""name"": ""Chase Meidroth"", ""bats"": ""R"", ""obp"": 0.34523809523809523, ""slg"": 0.39732142857142855, ""iso"": 0.125, ""ab"": 224}, {""id"": 643217, ""name"": ""Andrew Benintendi"", ""bats"": ""L"", ""obp"": 0.29797979797979796, ""slg"": 0.4134078212290503, ""iso"": 0.17318435754189945, ""ab"": 179}, {""id"": 678246, ""name"": ""Miguel Vargas"", ""bats"": ""R"", ""obp"": 0.3684210526315789, ""slg"": 0.502283105022831, ""iso"": 0.2602739726027397, ""ab"": 219}]","[{""name"": ""away_top3_ops_vs_oppHand"", ""value"": 1.034, ""contribution"": 0.2719}, {""name"": ""away_top3c_iso"", ""value"": 0.1981, ""contribution"": 0.138}, {""name"": ""home_fip"", ""value"": 2.8041, ""contribution"": -0.1319}, {""name"": ""home_xera"", ""value"": 3.2004, ""contribution"": -0.0937}, {""name"": ""fi_park_nrfi_rate"", ""value"": 0.473, ""contribution"": 0.0859}]","[{""name"": ""home_top3c_iso"", ""value"": 0.238, ""contribution"": 0.2786}, {""name"": ""home_top3c_slg"", ""value"": 0.4775, ""contribution"": -0.2305}, {""name"": ""fi_park_nrfi_rate"", ""value"": 0.473, ""contribution"": 0.1321}, {""name"": ""home_obp"", ""value"": 0.2991, ""contribution"": -0.1029}, {""name"": ""wx_temp_c"", ""value"": 32.7, ""contribution"": 0.0956}]",577468,0.4946,3.2,7.586,90.0,50.0,0.7136,0.7136,5.27,5.47,1.034,0.7323,L,L,NRFI,PASS,0,0,0,2026-06-05T23:00:42+00:00,-110,-120,DraftKings,2026-06-05T22:22:56+00:00,0.5238,0.5455,-0.1174,0.0481,0.0481,Y,1,,-110,-120,2026-06-05T22:22:56+00:00,0,0.3965,YRFI,STRONG,,,,,,,
2026-06-05,2026,823538,1,N,BOS,NYY,7:05 PM ET,Sonny Gray,Ryan Weathers,543243,677960,live,live,live,live,1.02,0.4987,0.4763,0.975,0.3939,0.5016,0.8955,0.4064,0.5936,0.2551,0.7449,,,YRFI,STRONG,STRONG YRFI,4,2026-06-05T21:40:17Z,3.602,3.748,1.213,1.189,3.455,4.127,2.24,2.76,0.95,1.47,8.56,9.85,0.318,0.326,0.385,0.427,4.086,4.968,29.6,15.5,35.0,0.0,0.8,0.6,0.6,0.6,0.3614,0.3238,0.5152,0.4243,0.2538,0.1634,lineup,lineup,"[{""id"": 663757, ""name"": ""Trent Grisham"", ""bats"": ""L"", ""obp"": 0.3305084745762712, ""slg"": 0.3787878787878788, ""iso"": 0.16666666666666666, ""ab"": 198}, {""id"": 700250, ""name"": ""Ben Rice"", ""bats"": ""L"", ""obp"": 0.3925619834710744, ""slg"": 0.6376811594202898, ""iso"": 0.3381642512077294, ""ab"": 207}, {""id"": 502671, ""name"": ""Paul Goldschmidt"", ""bats"": ""R"", ""obp"": 0.3597122302158273, ""slg"": 0.5284552845528455, ""iso"": 0.25203252032520324, ""ab"": 123}]","[{""id"": 680776, ""name"": ""Jarren Duran"", ""bats"": ""L"", ""obp"": 0.2788844621513944, ""slg"": 0.40350877192982454, ""iso"": 0.18859649122807015, ""ab"": 228}, {""id"": 678882, ""name"": ""Ceddanne Rafaela"", ""bats"": ""R"", ""obp"": 0.3466666666666667, ""slg"": 0.4368932038834951, ""iso"": 0.15048543689320387, ""ab"": 206}, {""id"": 677800, ""name"": ""Wilyer Abreu"", ""bats"": ""L"", ""obp"": 0.3474903474903475, ""slg"": 0.4334763948497854, ""iso"": 0.1502145922746781, ""ab"": 233}]","[{""name"": ""fi_park_nrfi_rate"", ""value"": 0.4526, ""contribution"": 0.1563}, {""name"": ""away_top3c_iso"", ""value"": 0.1634, ""contribution"": -0.1062}, {""name"": ""away_top3c_slg"", ""value"": 0.4243, ""contribution"": 0.081}, {""name"": ""away_top3_ops_vs_oppHand"", ""value"": 0.843, ""contribution"": 0.0772}, {""name"": ""wx_temp_c"", ""value"": 29.6, ""contribution"": 0.05}]","[{""name"": ""home_top3c_slg"", ""value"": 0.5152, ""contribution"": -0.4644}, {""name"": ""home_top3c_iso"", ""value"": 0.2538, ""contribution"": 0.353}, {""name"": ""fi_park_nrfi_rate"", ""value"": 0.4526, ""contribution"": 0.2403}, {""name"": ""home_obp"", ""value"": 0.3265, ""contribution"": 0.0887}, {""name"": ""home_top3c_obp"", ""value"": 0.3614, ""contribution"": 0.0741}]",503493,0.522,4.324,3.87,88.0,65.0,0.7136,0.7075,6.07,5.4,0.843,0.7783,R,L,YRFI,WIN,0,1,1,2026-06-05T23:18:38+00:00,-130,+100,DraftKings,2026-06-05T22:17:39+00:00,0.5652,0.5,-0.1588,0.0936,0.0936,Y,1,1,-130,+100,2026-06-05T21:57:38+00:00,0,0.4144,YRFI,STRONG,,,,,,,
2026-06-05,2026,825073,1,N,WSH,ARI,9:40 PM ET,Foster Griffin,Merrill Kelly,656492,518876,ltd,live,live,live,1.0,0.6065,0.5464,1.1528,0.4807,0.5318,1.0124,0.3586,0.6414,0.3203,0.6797,,,YRFI,STRONG,STRONG YRFI,4,2026-06-06T00:38:06Z,3.913,4.4,1.191,1.313,4.535,4.882,2.86,3.14,1.55,1.45,8.74,6.71,0.32,0.31,0.411,0.397,5.109,4.461,,,,1.0,0.6,0.6,0.7,0.7,0.3455,0.3393,0.4888,0.4586,0.2119,0.2063,lineup,lineup,"[{""id"": 606466, ""name"": ""Ketel Marte"", ""bats"": ""S"", ""obp"": 0.3125, ""slg"": 0.463519313304721, ""iso"": 0.20600858369098712, ""ab"": 233}, {""id"": 814439, ""name"": ""Ryan Waldschmidt"", ""bats"": ""R"", ""obp"": 0.34408602150537637, ""slg"": 0.38372093023255816, ""iso"": 0.09302325581395349, ""ab"": 86}, {""id"": 682998, ""name"": ""Corbin Carroll"", ""bats"": ""L"", ""obp"": 0.3794466403162055, ""slg"": 0.5570776255707762, ""iso"": 0.2648401826484018, ""ab"": 219}]","[{""id"": 695578, ""name"": ""James Wood"", ""bats"": ""L"", ""obp"": 0.4013605442176871, ""slg"": 0.5271966527196653, ""iso"": 0.26359832635983266, ""ab"": 239}, {""id"": 671277, ""name"": ""Luis Garc\u00eda Jr."", ""bats"": ""L"", ""obp"": 0.2893401015228426, ""slg"": 0.425531914893617, ""iso"": 0.16489361702127658, ""ab"": 188}, {""id"": 677588, ""name"": ""Jos\u00e9 Tena"", ""bats"": ""L"", ""obp"": 0.272, ""slg"": 0.3706896551724138, ""iso"": 0.15517241379310348, ""ab"": 116}]","[{""name"": ""fi_park_nrfi_rate"", ""value"": 0.4239, ""contribution"": 0.2555}, {""name"": ""away_top3c_iso"", ""value"": 0.2063, ""contribution"": 0.1956}, {""name"": ""home_fip"", ""value"": 4.8818, ""contribution"": 0.1014}, {""name"": ""away_top3c_slg"", ""value"": 0.4586, ""contribution"": -0.0927}, {""name"": ""home_avg_ip_per_start"", ""value"": 6.8667, ""contribution"": -0.0536}]","[{""name"": ""fi_park_nrfi_rate"", ""value"": 0.4239, ""contribution"": 0.3927}, {""name"": ""home_top3_ops_vs_oppHand"", ""value"": 1.023, ""contribution"": 0.3107}, {""name"": ""home_top3c_slg"", ""value"": 0.4888, ""contribution"": -0.301}, {""name"": ""home_top3c_iso"", ""value"": 0.2119, ""contribution"": 0.1552}, {""name"": ""wx_is_dome"", ""value"": 1.0, ""contribution"": -0.0758}]",427292,0.5307,4.616,4.362,52.0,59.0,0.664,0.7136,6.87,5.47,0.7833,1.023,L,R,YRFI,WIN,2,0,2,2026-06-06T01:56:34+00:00,+100,-135,DraftKings,2026-06-06T00:42:27+00:00,0.5,0.5745,-0.1414,0.0669,0.0669,Y,1,0.741,+100,-135,2026-06-06T00:38:56+00:00,0,0.4585,PASS,NO EDGE,,,,,,,
2026-06-05,2026,824673,1,N,SF,CHC,2:20 PM ET,Robbie Ray,Edward Cabrera,592662,665795,live,live,live,live,1.0,0.4787,0.656,1.1346,0.2842,0.3866,0.6708,0.5173,0.4827,0.3136,0.6864,,,NRFI,LEAN,LEAN NRFI,4,2026-06-05T17:53:43Z,4.137,3.8,1.326,1.299,4.925,4.176,4.14,3.25,1.57,1.24,8.79,8.69,0.306,0.33,0.408,0.394,4.071,4.66,23.8,10.8,89.0,0.0,1.0,0.6,1.0,0.8,0.3345,0.3234,0.3757,0.4555,0.1243,0.1739,lineup,lineup,"[{""id"": 624424, ""name"": ""Michael Conforto"", ""bats"": ""L"", ""obp"": 0.35714285714285715, ""slg"": 0.5060240963855421, ""iso"": 0.25301204819277107, ""ab"": 83}, {""id"": 682634, ""name"": ""Kevin Alc\u00e1ntara"", ""bats"": ""R"", ""obp"": 0.25, ""slg"": 0.14285714285714285, ""iso"": 0.0, ""ab"": 7}, {""id"": 608324, ""name"": ""Alex Bregman"", ""bats"": ""R"", ""obp"": 0.33568904593639576, ""slg"": 0.35856573705179284, ""iso"": 0.10358565737051795, ""ab"": 251}]","[{""id"": 669477, ""name"": ""Casey Schmitt"", ""bats"": ""R"", ""obp"": 0.31601731601731603, ""slg"": 0.5277777777777778, ""iso"": 0.2453703703703704, ""ab"": 216}, {""id"": 606992, ""name"": ""Eric Haase"", ""bats"": ""R"", ""obp"": 0.3333333333333333, ""slg"": 0.6666666666666666, ""iso"": 0.3846153846153846, ""ab"": 39}, {""id"": 650333, ""name"": ""Luis Arraez"", ""bats"": ""L"", ""obp"": 0.3643410852713178, ""slg"": 0.4358974358974359, ""iso"": 0.1111111111111111, ""ab"": 234}]","[{""name"": ""fi_park_nrfi_rate"", ""value"": 0.5429, ""contribution"": -0.1558}, {""name"": ""home_p_last10_pitcher_nrfi"", ""value"": 1.0, ""contribution"": 0.1107}, {""name"": ""away_top3c_slg"", ""value"": 0.4555, ""contribution"": -0.0769}, {""name"": ""era_gap_t1"", ""value"": -0.3369, ""contribution"": -0.0359}, {""name"": ""away_top3c_iso"", ""value"": 0.1739, ""contribution"": -0.0327}]","[{""name"": ""home_top3c_slg"", ""value"": 0.3757, ""contribution"": 0.402}, {""name"": ""home_top3c_iso"", ""value"": 0.1243, ""contribution"": -0.2582}, {""name"": ""fi_park_nrfi_rate"", ""value"": 0.5429, ""contribution"": -0.2395}, {""name"": ""home_obp"", ""value"": 0.3297, ""contribution"": 0.1116}, {""name"": ""away_fip"", ""value"": 4.9249, ""contribution"": 0.1001}]",605673,0.4897,4.053,3.719,76.0,64.0,0.6942,0.7272,4.87,4.6,0.7943,0.759,L,R,YRFI,LOSS,2,0,2,2026-06-05T19:40:20+00:00,+105,-135,DraftKings,2026-06-05T19:58:57+00:00,0.4878,0.5745,0.0295,-0.0918,0.0295,N,0.5,0,+105,-135,2026-06-05T17:44:33+00:00,0,0.6249,NRFI,STRONG,,,,,,,
2026-06-05,2026,824914,1,N,PIT,ATL,7:15 PM ET,Mitch Keller,Martín Pérez,656605,527048,live,live,live,live,0.98,0.5115,0.4618,0.9733,0.3057,0.4315,0.7371,0.4772,0.5228,0.2544,0.7456,,,PASS,NO EDGE,PASS - No edge,4,2026-06-05T23:02:06Z,4.291,3.266,1.203,1.117,3.587,4.181,2.63,3.19,0.73,1.07,7.08,7.64,0.335,0.322,0.405,0.429,5.032,5.083,28.9,11.1,37.0,0.0,0.8,0.8,0.6,0.8,0.3499,0.3687,0.5078,0.4489,0.2336,0.1695,lineup,lineup,"[{""id"": 660670, ""name"": ""Ronald Acu\u00f1a Jr."", ""bats"": ""R"", ""obp"": 0.37272727272727274, ""slg"": 0.430939226519337, ""iso"": 0.18232044198895028, ""ab"": 181}, {""id"": 642201, ""name"": ""Eli White"", ""bats"": ""R"", ""obp"": 0.2631578947368421, ""slg"": 0.35714285714285715, ""iso"": 0.14285714285714288, ""ab"": 70}, {""id"": 621566, ""name"": ""Matt Olson"", ""bats"": ""L"", ""obp"": 0.34296028880866425, ""slg"": 0.5551020408163265, ""iso"": 0.2857142857142857, ""ab"": 245}]","[{""id"": 693304, ""name"": ""Nick Gonzales"", ""bats"": ""R"", ""obp"": 0.3652173913043478, ""slg"": 0.3886255924170616, ""iso"": 0.07582938388625593, ""ab"": 211}, {""id"": 664040, ""name"": ""Brandon Lowe"", ""bats"": ""L"", ""obp"": 0.3412698412698413, ""slg"": 0.5315315315315315, ""iso"": 0.2747747747747748, ""ab"": 222}, {""id"": 668804, ""name"": ""Bryan Reynolds"", ""bats"": ""S"", ""obp"": 0.39705882352941174, ""slg"": 0.42342342342342343, ""iso"": 0.15315315315315314, ""ab"": 222}]","[{""name"": ""home_xera"", ""value"": 5.4973, ""contribution"": 0.1416}, {""name"": ""era_gap_t1"", ""value"": -1.0245, ""contribution"": -0.1103}, {""name"": ""away_top3c_iso"", ""value"": 0.1695, ""contribution"": -0.0636}, {""name"": ""away_top3_ops_vs_oppHand"", ""value"": 0.721, ""contribution"": -0.0471}, {""name"": ""wx_temp_c"", ""value"": 28.9, ""contribution"": 0.0458}]","[{""name"": ""home_top3c_slg"", ""value"": 0.5078, ""contribution"": -0.4186}, {""name"": ""home_top3c_iso"", ""value"": 0.2336, ""contribution"": 0.2579}, {""name"": ""home_top3_ops_vs_oppHand"", ""value"": 0.9077, ""contribution"": 0.1726}, {""name"": ""away_whiff_pct_rank"", ""value"": 18.0, ""contribution"": 0.1376}, {""name"": ""era_gap_b1"", ""value"": 1.0245, ""contribution"": 0.0693}]",594151,0.4534,5.497,4.372,6.0,18.0,0.7396,0.664,5.27,5.47,0.721,0.9077,R,L,NRFI,PASS,0,0,0,2026-06-05T23:33:18+00:00,-105,-120,DraftKings,2026-06-05T23:31:30+00:00,0.5122,0.5455,-0.035,-0.0227,,N,,,-105,-120,2026-06-05T23:11:02+00:00,,0.4144,YRFI,STRONG,,,,,,,
2026-06-05,2026,822892,1,N,CLE,TEX,8:15 PM ET,Parker Messick,Kumar Rocker,800048,677958,live,live,live,live,1.07,0.5687,0.4396,1.0083,0.3155,0.1726,0.4881,0.6246,0.3754,0.2673,0.7327,,,NRFI,STRONG,STRONG NRFI,4,2026-06-05T23:02:06Z,2.755,4.152,1.146,1.34,3.38,4.301,2.62,3.63,0.9,1.05,9.31,7.57,0.318,0.316,0.381,0.384,4.196,4.11,,,,1.0,0.4,1.0,0.3,1.0,0.3202,0.3464,0.4141,0.4231,0.163,0.1678,lineup,lineup,"[{""id"": 694671, ""name"": ""Wyatt Langford"", ""bats"": ""R"", ""obp"": 0.27380952380952384, ""slg"": 0.3625, ""iso"": 0.125, ""ab"": 80}, {""id"": 608369, ""name"": ""Corey Seager"", ""bats"": ""L"", ""obp"": 0.2857142857142857, ""slg"": 0.3525641025641026, ""iso"": 0.1730769230769231, ""ab"": 156}, {""id"": 673962, ""name"": ""Josh Jung"", ""bats"": ""R"", ""obp"": 0.3625, ""slg"": 0.47706422018348627, ""iso"": 0.16972477064220187, ""ab"": 218}]","[{""id"": 683953, ""name"": ""Travis Bazzana"", ""bats"": ""L"", ""obp"": 0.3597122302158273, ""slg"": 0.4214876033057851, ""iso"": 0.1487603305785124, ""ab"": 121}, {""id"": 608070, ""name"": ""Jos\u00e9 Ram\u00edrez"", ""bats"": ""S"", ""obp"": 0.35, ""slg"": 0.43037974683544306, ""iso"": 0.18565400843881857, ""ab"": 237}, {""id"": 800050, ""name"": ""Chase DeLauter"", ""bats"": ""L"", ""obp"": 0.3347107438016529, ""slg"": 0.4158878504672897, ""iso"": 0.15887850467289721, ""ab"": 214}]","[{""name"": ""home_p_last10_pitcher_nrfi"", ""value"": 0.3, ""contribution"": -0.1627}, {""name"": ""era_gap_t1"", ""value"": 1.397, ""contribution"": 0.1519}, {""name"": ""fi_park_nrfi_rate"", ""value"": 0.5398, ""contribution"": -0.1451}, {""name"": ""home_xera"", ""value"": 4.973, ""contribution"": 0.0879}, {""name"": ""away_top3c_slg"", ""value"": 0.4231, ""contribution"": 0.0871}]","[{""name"": ""home_top3_ops_vs_oppHand"", ""value"": 0.517, ""contribution"": -0.2951}, {""name"": ""fi_park_nrfi_rate"", ""value"": 0.5398, ""contribution"": -0.2231}, {""name"": ""home_top3c_slg"", ""value"": 0.4141, ""contribution"": 0.1634}, {""name"": ""era_gap_b1"", ""value"": -1.397, ""contribution"": -0.0954}, {""name"": ""away_p_last10_pitcher_nrfi"", ""value"": 1.0, ""contribution"": -0.0929}]",598411,0.5467,4.973,2.618,44.0,66.0,0.7136,0.7136,4.33,5.6,0.756,0.517,L,R,YRFI,LOSS,1,0,1,2026-06-06T00:26:48+00:00,-130,+100,DraftKings,2026-06-05T23:15:38+00:00,0.5652,0.5,0.0594,-0.1246,0.0594,Y,1,-1,-130,+100,2026-06-05T23:11:02+00:00,0,0.6370,NRFI,STRONG,,,,,,,
2026-06-05,2026,824186,1,N,OAK,HOU,8:10 PM ET,Jack Perkins,Peter Lambert,678022,663567,ltd,ltd,live,live,0.99,0.4685,0.4473,0.9158,0.2989,0.3006,0.5995,0.5508,0.4492,0.2333,0.7667,,,NRFI,LEAN,LEAN NRFI,4,2026-06-05T23:02:06Z,4.705,3.958,1.221,1.234,3.293,3.707,2.9,3.6,0.79,0.78,9.51,8.66,0.324,0.319,0.398,0.409,4.318,4.513,,,,1.0,0.8,0.75,0.75,0.75,0.3702,0.4009,0.545,0.5229,0.261,0.2275,lineup,lineup,"[{""id"": 665161, ""name"": ""Jeremy Pe\u00f1a"", ""bats"": ""R"", ""obp"": 0.35964912280701755, ""slg"": 0.4519230769230769, ""iso"": 0.14423076923076922, ""ab"": 104}, {""id"": 694728, ""name"": ""Brice Matthews"", ""bats"": ""R"", ""obp"": 0.25625, ""slg"": 0.32432432432432434, ""iso"": 0.12162162162162163, ""ab"": 148}, {""id"": 572233, ""name"": ""Christian Walker"", ""bats"": ""R"", ""obp"": 0.31800766283524906, ""slg"": 0.49361702127659574, ""iso"": 0.24680851063829787, ""ab"": 235}]","[{""id"": 666126, ""name"": ""Carlos Cortes"", ""bats"": ""L"", ""obp"": 0.40606060606060607, ""slg"": 0.5034965034965035, ""iso"": 0.18181818181818188, ""ab"": 143}, {""id"": 669127, ""name"": ""Shea Langeliers"", ""bats"": ""R"", ""obp"": 0.35826771653543305, ""slg"": 0.5570175438596491, ""iso"": 0.26754385964912275, ""ab"": 228}, {""id"": 701762, ""name"": ""Nick Kurtz"", ""bats"": ""L"", ""obp"": 0.4368231046931408, ""slg"": 0.5, ""iso"": 0.21559633027522934, ""ab"": 218}]","[{""name"": ""away_top3c_slg"", ""value"": 0.5229, ""contribution"": -0.4186}, {""name"": ""away_top3c_iso"", ""value"": 0.2275, ""contribution"": 0.3452}, {""name"": ""away_top3_ops_vs_oppHand"", ""value"": 0.9203, ""contribution"": 0.156}, {""name"": ""home_xera"", ""value"": 2.829, ""contribution"": -0.1318}, {""name"": ""era_gap_t1"", ""value"": -0.7469, ""contribution"": -0.0803}]","[{""name"": ""home_top3c_slg"", ""value"": 0.545, ""contribution"": -0.6496}, {""name"": ""home_top3c_iso"", ""value"": 0.261, ""contribution"": 0.3872}, {""name"": ""away_whiff_pct_rank"", ""value"": 90.0, ""contribution"": -0.1731}, {""name"": ""home_top3_ops_vs_oppHand"", ""value"": 0.871, ""contribution"": 0.1287}, {""name"": ""home_top3c_obp"", ""value"": 0.3702, ""contribution"": 0.1049}]",521051,0.4691,2.829,3.41,50.0,90.0,0.7136,0.7136,6.0,4.75,0.9203,0.871,R,R,YRFI,LOSS,0,3,3,2026-06-06T00:28:40+00:00,-120,-110,DraftKings,2026-06-05T23:57:21+00:00,0.5455,0.5238,0.0053,-0.0746,0.0053,N,0.5,0,-130,+100,2026-06-05T23:02:26+00:00,-0.0198,0.6370,NRFI,STRONG,,,,,,,
2026-06-05,2026,823293,1,N,NYM,SD,9:40 PM ET,Christian Scott,Michael King,681035,650633,ltd,live,live,live,0.95,0.4182,0.4413,0.8595,0.2664,0.2767,0.5432,0.5685,0.4315,0.2127,0.7873,,,NRFI,LEAN,LEAN NRFI,4,2026-06-06T00:38:06Z,3.655,3.382,1.312,1.165,3.552,3.943,3.73,3.56,0.82,1.01,9.87,8.79,0.297,0.296,0.368,0.369,4.136,3.98,19.0,13.3,82.0,0.0,0.8,0.8,0.9,0.5714,0.3113,0.3204,0.3764,0.4016,0.1489,0.1488,lineup,lineup,"[{""id"": 665487, ""name"": ""Fernando Tatis Jr."", ""bats"": ""R"", ""obp"": 0.33984375, ""slg"": 0.3230088495575221, ""iso"": 0.05309734513274339, ""ab"": 226}, {""id"": 657757, ""name"": ""Gavin Sheets"", ""bats"": ""L"", ""obp"": 0.3350253807106599, ""slg"": 0.47093023255813954, ""iso"": 0.23255813953488372, ""ab"": 172}, {""id"": 592518, ""name"": ""Manny Machado"", ""bats"": ""R"", ""obp"": 0.26229508196721313, ""slg"": 0.3568075117370892, ""iso"": 0.18309859154929575, ""ab"": 213}]","[{""id"": 701807, ""name"": ""Carson Benge"", ""bats"": ""L"", ""obp"": 0.3173913043478261, ""slg"": 0.38095238095238093, ""iso"": 0.12857142857142856, ""ab"": 210}, {""id"": 666182, ""name"": ""Bo Bichette"", ""bats"": ""R"", ""obp"": 0.28044280442804426, ""slg"": 0.31048387096774194, ""iso"": 0.08467741935483872, ""ab"": 248}, {""id"": 665742, ""name"": ""Juan Soto"", ""bats"": ""L"", ""obp"": 0.3802083333333333, ""slg"": 0.562874251497006, ""iso"": 0.2694610778443114, ""ab"": 167}]","[{""name"": ""away_top3c_iso"", ""value"": 0.1488, ""contribution"": -0.2091}, {""name"": ""away_top3c_slg"", ""value"": 0.4016, ""contribution"": 0.1959}, {""name"": ""fi_park_nrfi_rate"", ""value"": 0.5409, ""contribution"": -0.149}, {""name"": ""home_p_last10_pitcher_nrfi"", ""value"": 0.9, ""contribution"": 0.0716}, {""name"": ""era_gap_t1"", ""value"": -0.2728, ""contribution"": -0.0289}]","[{""name"": ""home_top3c_slg"", ""value"": 0.3764, ""contribution"": 0.3973}, {""name"": ""fi_park_nrfi_rate"", ""value"": 0.5409, ""contribution"": -0.229}, {""name"": ""home_top3c_iso"", ""value"": 0.1489, ""contribution"": -0.142}, {""name"": ""home_obp"", ""value"": 0.2959, ""contribution"": -0.125}, {""name"": ""home_top3c_obp"", ""value"": 0.3113, ""contribution"": -0.1017}]",489985,0.4845,3.885,8.043,56.0,50.0,0.6796,0.7136,5.67,4.8,0.7467,0.6857,R,R,NRFI,WIN,0,0,0,2026-06-06T01:50:30+00:00,-135,+105,DraftKings,2026-06-06T01:27:51+00:00,0.5745,0.4878,-0.006,-0.0563,-0.006,N,0.5,0,-135,+105,2026-06-06T00:38:56+00:00,0,0.4521,PASS,NO EDGE,,,,,,,
2026-06-05,2026,822810,1,N,BAL,TOR,7:07 PM ET,Brandon Young,Trey Yesavage,687064,702056,live,ltd,live,live,1.01,0.4487,0.5771,1.0258,0.26,0.4266,0.6865,0.4795,0.5205,0.2737,0.7263,,,PASS,NO EDGE,PASS - No edge,4,2026-06-05T23:02:06Z,4.221,3.219,1.381,1.212,4.584,3.368,3.38,3.51,1.28,0.63,7.48,9.1,0.321,0.313,0.397,0.387,4.558,4.16,,,,1.0,0.8,0.8,0.7,0.7,0.3531,0.3377,0.3851,0.4103,0.1128,0.1687,lineup,lineup,"[{""id"": 543807, ""name"": ""George Springer"", ""bats"": ""R"", ""obp"": 0.28415300546448086, ""slg"": 0.3515151515151515, ""iso"": 0.14545454545454545, ""ab"": 165}, {""id"": 664770, ""name"": ""Nathan Lukes"", ""bats"": ""L"", ""obp"": 0.3829787234042553, ""slg"": 0.43529411764705883, ""iso"": 0.10588235294117648, ""ab"": 85}, {""id"": 665489, ""name"": ""Vladimir Guerrero Jr."", ""bats"": ""R"", ""obp"": 0.39147286821705424, ""slg"": 0.39090909090909093, ""iso"": 0.09090909090909094, ""ab"": 220}]","[{""id"": 621493, ""name"": ""Taylor Ward"", ""bats"": ""R"", ""obp"": 0.40350877192982454, ""slg"": 0.3568281938325991, ""iso"": 0.09691629955947134, ""ab"": 227}, {""id"": 677942, ""name"": ""Blaze Alexander"", ""bats"": ""R"", ""obp"": 0.3191489361702128, ""slg"": 0.35384615384615387, ""iso"": 0.08461538461538465, ""ab"": 130}, {""id"": 668939, ""name"": ""Adley Rutschman"", ""bats"": ""S"", ""obp"": 0.33507853403141363, ""slg"": 0.4642857142857143, ""iso"": 0.20833333333333337, ""ab"": 168}]","[{""name"": ""away_top3c_slg"", ""value"": 0.4103, ""contribution"": 0.1516}, {""name"": ""home_xera"", ""value"": 2.9395, ""contribution"": -0.1205}, {""name"": ""era_gap_t1"", ""value"": -1.0021, ""contribution"": -0.1079}, {""name"": ""away_top3c_iso"", ""value"": 0.1687, ""contribution"": -0.069}, {""name"": ""home_fip"", ""value"": 3.3677, ""contribution"": -0.0686}]","[{""name"": ""home_top3c_slg"", ""value"": 0.3851, ""contribution"": 0.3434}, {""name"": ""home_top3c_iso"", ""value"": 0.1128, ""contribution"": -0.3127}, {""name"": ""away_whiff_pct_rank"", ""value"": 14.0, ""contribution"": 0.1549}, {""name"": ""wx_is_dome"", ""value"": 1.0, ""contribution"": -0.0758}, {""name"": ""era_gap_b1"", ""value"": 1.0021, ""contribution"": 0.0678}]",544728,0.4859,2.939,4.059,50.0,14.0,0.7136,0.7272,5.53,5.67,0.7487,0.7093,R,R,YRFI,PASS,1,1,2,2026-06-05T23:23:12+00:00,-110,-115,DraftKings,2026-06-05T23:02:26+00:00,0.5238,0.5349,-0.0443,-0.0144,,N,,,-110,-115,2026-06-05T23:02:26+00:00,,0.6392,NRFI,STRONG,,,,,,,
2026-06-05,2026,824271,1,N,SEA,DET,6:40 PM ET,Bryan Woo,Framber Valdez,693433,664285,live,live,live,live,0.98,0.4709,0.3616,0.8325,0.3036,0.3489,0.6526,0.544,0.456,0.2029,0.7971,,,NRFI,LEAN,LEAN NRFI,4,2026-06-05T21:06:35Z,3.259,4.118,0.949,1.29,3.182,3.82,1.77,3.29,0.95,0.85,9.03,7.8,0.317,0.316,0.4,0.387,4.288,4.045,27.9,12.6,45.0,0.0,0.6,1.0,0.6,0.8,0.3677,0.3419,0.4368,0.4366,0.1697,0.1814,lineup,lineup,"[{""id"": 650402, ""name"": ""Gleyber Torres"", ""bats"": ""R"", ""obp"": 0.3961038961038961, ""slg"": 0.368, ""iso"": 0.09599999999999997, ""ab"": 125}, {""id"": 805808, ""name"": ""Kevin McGonigle"", ""bats"": ""L"", ""obp"": 0.39015151515151514, ""slg"": 0.41150442477876104, ""iso"": 0.12389380530973448, ""ab"": 226}, {""id"": 693307, ""name"": ""Dillon Dingler"", ""bats"": ""R"", ""obp"": 0.3231441048034934, ""slg"": 0.5073891625615764, ""iso"": 0.2660098522167488, ""ab"": 203}]","[{""id"": 621550, ""name"": ""Patrick Wisdom"", ""bats"": ""R"", ""obp"": 0.21052631578947367, ""slg"": 0.3888888888888889, ""iso"": 0.22222222222222224, ""ab"": 18}, {""id"": 677594, ""name"": ""Julio Rodr\u00edguez"", ""bats"": ""R"", ""obp"": 0.3115942028985507, ""slg"": 0.46062992125984253, ""iso"": 0.20472440944881892, ""ab"": 254}, {""id"": 668227, ""name"": ""Randy Arozarena"", ""bats"": ""R"", ""obp"": 0.3656716417910448, ""slg"": 0.4353448275862069, ""iso"": 0.15517241379310348, ""ab"": 232}]","[{""name"": ""fi_park_nrfi_rate"", ""value"": 0.5322, ""contribution"": -0.1188}, {""name"": ""era_gap_t1"", ""value"": 0.8591, ""contribution"": 0.0936}, {""name"": ""home_p_last10_pitcher_nrfi"", ""value"": 0.6, ""contribution"": -0.0455}, {""name"": ""wx_temp_c"", ""value"": 27.9, ""contribution"": 0.0398}, {""name"": ""home_xera"", ""value"": 3.7403, ""contribution"": -0.0384}]","[{""name"": ""fi_park_nrfi_rate"", ""value"": 0.5322, ""contribution"": -0.1826}, {""name"": ""home_top3_ops_vs_oppHand"", ""value"": 0.8563, ""contribution"": 0.1112}, {""name"": ""home_top3c_obp"", ""value"": 0.3677, ""contribution"": 0.0962}, {""name"": ""away_fip"", ""value"": 3.1823, ""contribution"": -0.0861}, {""name"": ""era_gap_b1"", ""value"": -0.8591, ""contribution"": -0.0588}]",623938,0.4993,3.74,2.986,67.0,50.0,0.678,0.7136,5.47,5.93,0.772,0.8563,R,L,YRFI,LOSS,1,0,1,2026-06-05T22:57:50+00:00,-145,+110,DraftKings,2026-06-05T22:28:12+00:00,0.5918,0.4762,-0.0478,-0.0202,-0.0478,N,0.5,0,-145,+110,2026-06-05T21:31:18+00:00,0,0.6302,NRFI,STRONG,,,,,,,
2026-06-05,2026,823699,1,N,KC,MIN,8:15 PM ET,Michael Wacha,Zebby Matthews,608379,805673,live,live,live,live,0.97,0.4582,0.4553,0.9135,0.3124,0.2895,0.602,0.5503,0.4497,0.2325,0.7675,,,NRFI,LEAN,LEAN NRFI,4,2026-06-05T23:02:06Z,3.449,4.919,1.155,1.272,3.839,4.167,2.85,2.34,0.9,1.55,7.37,9.5,0.314,0.316,0.382,0.391,4.019,4.601,27.1,7.1,53.0,0.0,0.4,0.8,0.4,0.8,0.3105,0.3191,0.4756,0.3955,0.228,0.1576,lineup,lineup,"[{""id"": 656484, ""name"": ""Tristan Gray"", ""bats"": ""L"", ""obp"": 0.2982456140350877, ""slg"": 0.3942307692307692, ""iso"": 0.14423076923076922, ""ab"": 104}, {""id"": 686797, ""name"": ""Brooks Lee"", ""bats"": ""S"", ""obp"": 0.30042918454935624, ""slg"": 0.40930232558139534, ""iso"": 0.1627906976744186, ""ab"": 215}, {""id"": 665019, ""name"": ""Kody Clemens"", ""bats"": ""L"", ""obp"": 0.31088082901554404, ""slg"": 0.45977011494252873, ""iso"": 0.22413793103448276, ""ab"": 174}]","[{""id"": 695600, ""name"": ""Carter Jensen"", ""bats"": ""L"", ""obp"": 0.29245283018867924, ""slg"": 0.37433155080213903, ""iso"": 0.16042780748663102, ""ab"": 187}, {""id"": 677951, ""name"": ""Bobby Witt Jr."", ""bats"": ""R"", ""obp"": 0.35587188612099646, ""slg"": 0.46184738955823296, ""iso"": 0.1807228915662651, ""ab"": 249}, {""id"": 686469, ""name"": ""Vinnie Pasquantino"", ""bats"": ""L"", ""obp"": 0.30115830115830117, ""slg"": 0.3392857142857143, ""iso"": 0.12946428571428573, ""ab"": 224}]","[{""name"": ""away_top3c_slg"", ""value"": 0.3955, ""contribution"": 0.227}, {""name"": ""era_gap_t1"", ""value"": 1.4703, ""contribution"": 0.1598}, {""name"": ""away_top3c_iso"", ""value"": 0.1576, ""contribution"": -0.1473}, {""name"": ""fi_park_nrfi_rate"", ""value"": 0.5348, ""contribution"": -0.1278}, {""name"": ""home_p_last10_pitcher_nrfi"", ""value"": 0.4, ""contribution"": -0.1236}]","[{""name"": ""home_top3c_iso"", ""value"": 0.228, ""contribution"": 0.2313}, {""name"": ""home_top3c_slg"", ""value"": 0.4756, ""contribution"": -0.2185}, {""name"": ""fi_park_nrfi_rate"", ""value"": 0.5348, ""contribution"": -0.1964}, {""name"": ""home_top3c_obp"", ""value"": 0.3105, ""contribution"": -0.1044}, {""name"": ""era_gap_b1"", ""value"": -1.4703, ""contribution"": -0.1004}]",483564,0.5037,4.2,4.274,50.0,40.0,0.7396,0.7879,6.07,6.2,0.739,0.8153,R,R,YRFI,LOSS,2,0,2,2026-06-06T01:49:19+00:00,-115,-115,DraftKings,2026-06-06T01:27:51+00:00,0.5349,0.5349,0.0154,-0.0852,0.0154,N,0.5,0,-115,-115,2026-06-05T23:11:02+00:00,0,0.6165,NRFI,STRONG,,,,,,,
2026-06-05,2026,823943,1,N,LAA,LAD,10:10 PM ET,Reid Detmers,Roki Sasaki,672282,808963,live,ltd,live,live,0.97,0.5526,0.4733,1.0259,0.5914,0.4226,1.014,0.3576,0.6424,0.2738,0.7262,,,YRFI,STRONG,STRONG YRFI,4,2026-06-06T01:08:39Z,4.419,4.444,1.217,1.333,3.188,4.797,3.04,3.5,0.88,1.56,10.59,8.56,0.316,0.339,0.392,0.436,4.404,5.096,24.6,12.5,67.0,0.0,0.8,0.6,0.9,0.7,0.3695,0.3784,0.5015,0.4661,0.2157,0.2197,lineup,lineup,"[{""id"": 660271, ""name"": ""Shohei Ohtani"", ""bats"": ""L"", ""obp"": 0.4200743494423792, ""slg"": 0.5205479452054794, ""iso"": 0.2191780821917808, ""ab"": 219}, {""id"": 681624, ""name"": ""Andy Pages"", ""bats"": ""R"", ""obp"": 0.3333333333333333, ""slg"": 0.5210084033613446, ""iso"": 0.23529411764705888, ""ab"": 238}, {""id"": 518692, ""name"": ""Freddie Freeman"", ""bats"": ""L"", ""obp"": 0.35361216730038025, ""slg"": 0.462882096069869, ""iso"": 0.19213973799126638, ""ab"": 229}]","[{""id"": 687263, ""name"": ""Zach Neto"", ""bats"": ""R"", ""obp"": 0.33941605839416056, ""slg"": 0.42735042735042733, ""iso"": 0.19658119658119655, ""ab"": 234}, {""id"": 545361, ""name"": ""Mike Trout"", ""bats"": ""R"", ""obp"": 0.4107142857142857, ""slg"": 0.4792626728110599, ""iso"": 0.23963133640552994, ""ab"": 217}, {""id"": 685133, ""name"": ""Wade Meckler"", ""bats"": ""L"", ""obp"": 0.42105263157894735, ""slg"": 0.6388888888888888, ""iso"": 0.24999999999999994, ""ab"": 36}]","[{""name"": ""away_top3c_iso"", ""value"": 0.2197, ""contribution"": 0.2903}, {""name"": ""home_xera"", ""value"": 5.9092, ""contribution"": 0.1838}, {""name"": ""away_top3_ops_vs_oppHand"", ""value"": 0.915, ""contribution"": 0.1506}, {""name"": ""away_top3c_slg"", ""value"": 0.4661, ""contribution"": -0.1309}, {""name"": ""home_fip"", ""value"": 4.7973, ""contribution"": 0.0919}]","[{""name"": ""home_top3c_slg"", ""value"": 0.5015, ""contribution"": -0.3793}, {""name"": ""home_obp"", ""value"": 0.3386, ""contribution"": 0.1738}, {""name"": ""home_top3c_iso"", ""value"": 0.2157, ""contribution"": 0.1734}, {""name"": ""home_top3c_obp"", ""value"": 0.3695, ""contribution"": 0.1026}, {""name"": ""home_top3_ops_vs_oppHand"", ""value"": 0.836, ""contribution"": 0.0868}]",668921,0.5084,5.909,3.122,53.0,65.0,0.7136,0.7075,5.67,5.6,0.915,0.836,L,R,NRFI,LOSS,0,0,0,2026-06-06T02:24:04+00:00,-120,-110,DraftKings,2026-06-06T01:12:05+00:00,0.5455,0.5238,-0.1879,0.1186,0.1186,Y,1,-1,-120,-110,2026-06-06T01:09:02+00:00,0,0.3962,YRFI,STRONG,,,,,,,
2026-06-06,2026,823454,1,N,CWS,PHI,4:05 PM ET,Brandon Eisert,Andrew Painter,685126,691725,ltd,ltd,live,live,1.04,0.5814,0.5299,1.1113,0.5615,0.4745,1.0359,0.3435,0.6565,0.3051,0.6949,,,YRFI,STRONG,STRONG YRFI,4,2026-06-06T18:06:37Z,4.122,5.065,1.34,1.408,4.103,4.515,3.25,2.9,1.25,1.39,9.33,7.92,0.323,0.3,0.411,0.39,4.699,4.071,32.4,21.2,35.0,0.0,0.8,0.5,0.9,0.5,0.3342,0.3508,0.4779,0.4381,0.234,0.1849,lineup,lineup,"[{""id"": 656941, ""name"": ""Kyle Schwarber"", ""bats"": ""L"", ""obp"": 0.36059479553903345, ""slg"": 0.5964912280701754, ""iso"": 0.3508771929824561, ""ab"": 228}, {""id"": 607208, ""name"": ""Trea Turner"", ""bats"": ""R"", ""obp"": 0.27472527472527475, ""slg"": 0.3425196850393701, ""iso"": 0.11811023622047245, ""ab"": 254}, {""id"": 547180, ""name"": ""Bryce Harper"", ""bats"": ""L"", ""obp"": 0.36923076923076925, ""slg"": 0.5114155251141552, ""iso"": 0.2465753424657534, ""ab"": 219}]","[{""id"": 682668, ""name"": ""Luisangel Acu\u00f1a"", ""bats"": ""R"", ""obp"": 0.24166666666666667, ""slg"": 0.20909090909090908, ""iso"": 0.01818181818181816, ""ab"": 110}, {""id"": 678246, ""name"": ""Miguel Vargas"", ""bats"": ""R"", ""obp"": 0.3726937269372694, ""slg"": 0.5, ""iso"": 0.25675675675675674, ""ab"": 222}, {""id"": 545341, ""name"": ""Randal Grichuk"", ""bats"": ""R"", ""obp"": 0.2857142857142857, ""slg"": 0.5625, ""iso"": 0.3, ""ab"": 80}]","[{""name"": ""home_xera"", ""value"": 5.5256, ""contribution"": 0.1445}, {""name"": ""era_gap_t1"", ""value"": 0.9431, ""contribution"": 0.1027}, {""name"": ""fi_park_nrfi_rate"", ""value"": 0.473, ""contribution"": 0.0859}, {""name"": ""home_p_last10_pitcher_nrfi"", ""value"": 0.9, ""contribution"": 0.0716}, {""name"": ""wx_temp_c"", ""value"": 32.4, ""contribution"": 0.0667}]","[{""name"": ""home_top3c_iso"", ""value"": 0.234, ""contribution"": 0.2594}, {""name"": ""home_top3c_slg"", ""value"": 0.4779, ""contribution"": -0.2329}, {""name"": ""fi_park_nrfi_rate"", ""value"": 0.473, ""contribution"": 0.1321}, {""name"": ""wx_wind_kmh"", ""value"": 21.2, ""contribution"": 0.1022}, {""name"": ""home_obp"", ""value"": 0.2998, ""contribution"": -0.0976}]",427554,0.4835,5.526,4.2,50.0,50.0,0.7136,0.7136,4.87,1.08,0.7837,0.745,L,R,YRFI,WIN,4,0,4,2026-06-06T20:35:22+00:00,+100,-135,DraftKings,2026-06-06T19:08:51+00:00,0.5,0.5745,-0.1565,0.082,0.082,Y,1,0.741,+100,-135,2026-06-06T18:57:42+00:00,0,0.3767,YRFI,STRONG,,,,,,,
2026-06-06,2026,823539,1,N,BOS,NYY,7:35 PM ET,Ranger Suarez,Will Warren,624133,701542,live,live,live,live,1.02,0.4505,0.4686,0.9191,0.3926,0.6664,1.0591,0.3291,0.6709,0.2345,0.7655,,,YRFI,STRONG,STRONG YRFI,4,2026-06-06T22:06:00Z,3.307,3.689,1.184,1.265,3.164,3.636,2.63,3.03,0.69,1.07,8.75,9.7,0.318,0.327,0.385,0.427,4.097,4.942,31.7,22.3,42.0,0.0,0.6,0.8,0.8,0.8,0.3765,0.3227,0.5446,0.4204,0.2625,0.1608,lineup,lineup,[],[],"[{""name"": ""fi_park_nrfi_rate"", ""value"": 0.4526, ""contribution"": 0.1563}, {""name"": ""away_top3c_iso"", ""value"": 0.1608, ""contribution"": -0.1248}, {""name"": ""away_top3c_slg"", ""value"": 0.4204, ""contribution"": 0.1009}, {""name"": ""away_top3_ops_vs_oppHand"", ""value"": 0.7057, ""contribution"": -0.0628}, {""name"": ""wx_temp_c"", ""value"": 31.7, ""contribution"": 0.0625}]","[{""name"": ""home_top3c_slg"", ""value"": 0.5446, ""contribution"": -0.6476}, {""name"": ""home_top3c_iso"", ""value"": 0.2625, ""contribution"": 0.3941}, {""name"": ""home_top3_ops_vs_oppHand"", ""value"": 1.0513, ""contribution"": 0.3446}, {""name"": ""fi_park_nrfi_rate"", ""value"": 0.4526, ""contribution"": 0.2403}, {""name"": ""home_top3c_obp"", ""value"": 0.3765, ""contribution"": 0.1271}]",482666,0.522,4.345,2.896,39.0,31.0,0.7075,0.6942,5.33,4.73,0.7057,1.0513,L,R,POSTPONED,POSTPONED,,,,2026-06-08T03:59:04+00:00,-115,-110,DraftKings,2026-06-06T22:39:53+00:00,0.5349,0.5238,-0.2058,0.1471,0.1471,Y,1,,-115,-110,2026-06-06T22:30:41+00:00,0,0.4144,YRFI,STRONG,,,,,,,
2026-06-06,2026,825075,1,N,WSH,ARI,4:10 PM ET,Zack Littell,Eduardo Rodriguez,641793,593958,live,live,live,live,1.0,0.5455,0.6146,1.16,0.3745,0.5668,0.9412,0.4063,0.5937,0.3229,0.6771,,,YRFI,STRONG,STRONG YRFI,4,2026-06-06T19:05:53Z,4.526,3.232,1.263,1.315,5.726,4.085,2.35,3.34,2.06,0.92,5.71,7.15,0.322,0.308,0.417,0.396,5.222,4.417,,,,1.0,0.6,0.6,0.5,0.8,0.3379,0.3863,0.4779,0.5024,0.2109,0.2463,lineup,lineup,"[{""id"": 606466, ""name"": ""Ketel Marte"", ""bats"": ""S"", ""obp"": 0.3088803088803089, ""slg"": 0.4576271186440678, ""iso"": 0.2033898305084746, ""ab"": 236}, {""id"": 682998, ""name"": ""Corbin Carroll"", ""bats"": ""L"", ""obp"": 0.375, ""slg"": 0.5495495495495496, ""iso"": 0.2612612612612613, ""ab"": 222}, {""id"": 672515, ""name"": ""Gabriel Moreno"", ""bats"": ""R"", ""obp"": 0.32432432432432434, ""slg"": 0.3923076923076923, ""iso"": 0.13846153846153847, ""ab"": 130}]","[{""id"": 695578, ""name"": ""James Wood"", ""bats"": ""L"", ""obp"": 0.40468227424749165, ""slg"": 0.5390946502057613, ""iso"": 0.2716049382716049, ""ab"": 243}, {""id"": 678554, ""name"": ""Curtis Mead"", ""bats"": ""R"", ""obp"": 0.3567251461988304, ""slg"": 0.4726027397260274, ""iso"": 0.226027397260274, ""ab"": 146}, {""id"": 671277, ""name"": ""Luis Garc\u00eda Jr."", ""bats"": ""L"", ""obp"": 0.29064039408866993, ""slg"": 0.4536082474226804, ""iso"": 0.19072164948453607, ""ab"": 194}]","[{""name"": ""away_top3c_iso"", ""value"": 0.2463, ""contribution"": 0.4779}, {""name"": ""away_top3c_slg"", ""value"": 0.5024, ""contribution"": -0.3149}, {""name"": ""fi_park_nrfi_rate"", ""value"": 0.4239, ""contribution"": 0.2555}, {""name"": ""era_gap_t1"", ""value"": -1.2941, ""contribution"": -0.1395}, {""name"": ""home_p_last10_pitcher_nrfi"", ""value"": 0.5, ""contribution"": -0.0846}]","[{""name"": ""fi_park_nrfi_rate"", ""value"": 0.4239, ""contribution"": 0.3927}, {""name"": ""home_top3c_slg"", ""value"": 0.4779, ""contribution"": -0.2329}, {""name"": ""away_whiff_pct_rank"", ""value"": 3.0, ""contribution"": 0.2024}, {""name"": ""away_fip"", ""value"": 5.7255, ""contribution"": 0.1857}, {""name"": ""home_top3c_iso"", ""value"": 0.2109, ""contribution"": 0.1505}]",482608,0.452,4.546,4.871,32.0,3.0,0.6796,0.7075,6.53,5.13,0.7283,0.7607,R,L,YRFI,WIN,2,0,2,2026-06-06T20:23:31+00:00,+105,-135,DraftKings,2026-06-06T19:14:11+00:00,0.4878,0.5745,-0.0815,0.0192,0.0192,Y,1,0.741,+105,-135,2026-06-06T19:08:51+00:00,0,0.4560,PASS,NO EDGE,,,,,,,
2026-06-06,2026,823859,1,N,TB,MIA,4:10 PM ET,Shane McClanahan,Lake Bachar,663556,669199,ltd,live,live,live,0.95,0.4873,0.3979,0.8852,0.4289,0.3724,0.8013,0.4384,0.5616,0.2221,0.7779,,,PASS,LOW LAMBDA,PASS - Low lambda,4,2026-06-06T20:09:32Z,3.174,3.775,1.121,1.109,3.384,4.168,3.03,3.33,0.7,1.33,8.71,9.61,0.331,0.318,0.392,0.384,4.62,4.247,,,,1.0,1.0,1.0,1.0,0.9,0.3564,0.3905,0.4429,0.5053,0.1487,0.2109,lineup,lineup,"[{""id"": 669364, ""name"": ""Xavier Edwards"", ""bats"": ""S"", ""obp"": 0.39114391143911437, ""slg"": 0.46218487394957986, ""iso"": 0.15546218487394958, ""ab"": 238}, {""id"": 672640, ""name"": ""Otto Lopez"", ""bats"": ""R"", ""obp"": 0.3609022556390977, ""slg"": 0.46774193548387094, ""iso"": 0.13709677419354838, ""ab"": 248}, {""id"": 669065, ""name"": ""Kyle Stowers"", ""bats"": ""L"", ""obp"": 0.29411764705882354, ""slg"": 0.37254901960784315, ""iso"": 0.1568627450980392, ""ab"": 153}]","[{""id"": 686554, ""name"": ""Oliver Dunn"", ""bats"": ""L"", ""obp"": 0.16666666666666666, ""slg"": 0.09090909090909091, ""iso"": 0.0, ""ab"": 11}, {""id"": 666018, ""name"": ""Jonathan Aranda"", ""bats"": ""L"", ""obp"": 0.38549618320610685, ""slg"": 0.4719626168224299, ""iso"": 0.19626168224299068, ""ab"": 214}, {""id"": 691406, ""name"": ""Junior Caminero"", ""bats"": ""R"", ""obp"": 0.3886792452830189, ""slg"": 0.5176991150442478, ""iso"": 0.23008849557522126, ""ab"": 226}]","[{""name"": ""away_top3c_slg"", ""value"": 0.5053, ""contribution"": -0.3294}, {""name"": ""away_top3c_iso"", ""value"": 0.2109, ""contribution"": 0.2285}, {""name"": ""fi_park_nrfi_rate"", ""value"": 0.455, ""contribution"": 0.1479}, {""name"": ""home_xera"", ""value"": 2.68, ""contribution"": -0.1471}, {""name"": ""away_top3_ops_vs_oppHand"", ""value"": 0.9087, ""contribution"": 0.1441}]","[{""name"": ""fi_park_nrfi_rate"", ""value"": 0.455, ""contribution"": 0.2273}, {""name"": ""home_top3c_iso"", ""value"": 0.1487, ""contribution"": -0.1432}, {""name"": ""home_top3_ops_vs_oppHand"", ""value"": 0.8707, ""contribution"": 0.1283}, {""name"": ""wx_is_dome"", ""value"": 1.0, ""contribution"": -0.0758}, {""name"": ""away_fip"", ""value"": 3.3837, ""contribution"": -0.0646}]",427533,0.5151,2.68,4.746,96.0,50.0,0.7136,0.7272,2.33,5.2,0.9087,0.8707,L,R,NRFI,PASS,0,0,0,2026-06-06T20:20:19+00:00,-140,+110,DraftKings,2026-06-06T20:06:28+00:00,0.5833,0.4762,-0.1449,0.0854,0.1058,N,1,,-140,+110,2026-06-06T20:06:28+00:00,0,0.4877,PASS,NO EDGE,,,,,,,
2026-06-06,2026,823942,1,N,LAA,LAD,10:10 PM ET,Jack Kochanowicz,Yoshinobu Yamamoto,686799,808967,live,live,live,live,0.97,0.3836,0.7182,1.1019,0.2522,0.7171,0.9694,0.3871,0.6129,0.3017,0.6983,,,YRFI,STRONG,STRONG YRFI,4,2026-06-07T01:05:57Z,5.766,2.724,1.57,0.996,5.118,3.359,4.82,2.36,1.17,1.01,6.36,9.52,0.314,0.338,0.39,0.434,4.348,5.044,24.4,14.5,61.0,0.0,0.6,0.6,0.6,0.7,0.369,0.3758,0.5022,0.4588,0.2166,0.2153,lineup,lineup,"[{""id"": 660271, ""name"": ""Shohei Ohtani"", ""bats"": ""L"", ""obp"": 0.4139194139194139, ""slg"": 0.5112107623318386, ""iso"": 0.21524663677130046, ""ab"": 223}, {""id"": 681624, ""name"": ""Andy Pages"", ""bats"": ""R"", ""obp"": 0.3320754716981132, ""slg"": 0.5165289256198347, ""iso"": 0.2314049586776859, ""ab"": 242}, {""id"": 500743, ""name"": ""Miguel Rojas"", ""bats"": ""R"", ""obp"": 0.3069306930693069, ""slg"": 0.32967032967032966, ""iso"": 0.07692307692307693, ""ab"": 91}]","[{""id"": 687263, ""name"": ""Zach Neto"", ""bats"": ""R"", ""obp"": 0.34172661870503596, ""slg"": 0.42616033755274263, ""iso"": 0.19409282700421943, ""ab"": 237}, {""id"": 545361, ""name"": ""Mike Trout"", ""bats"": ""R"", ""obp"": 0.40492957746478875, ""slg"": 0.47058823529411764, ""iso"": 0.23529411764705882, ""ab"": 221}, {""id"": 685133, ""name"": ""Wade Meckler"", ""bats"": ""L"", ""obp"": 0.40476190476190477, ""slg"": 0.5897435897435898, ""iso"": 0.23076923076923078, ""ab"": 39}]","[{""name"": ""era_gap_t1"", ""value"": -3.0413, ""contribution"": -0.3287}, {""name"": ""away_top3c_iso"", ""value"": 0.2153, ""contribution"": 0.2592}, {""name"": ""home_xera"", ""value"": 2.5295, ""contribution"": -0.1625}, {""name"": ""away_top3_ops_vs_oppHand"", ""value"": 0.8957, ""contribution"": 0.1309}, {""name"": ""away_top3c_slg"", ""value"": 0.4588, ""contribution"": -0.0936}]","[{""name"": ""home_top3c_slg"", ""value"": 0.5022, ""contribution"": -0.3836}, {""name"": ""era_gap_b1"", ""value"": 3.0413, ""contribution"": 0.2065}, {""name"": ""home_top3c_iso"", ""value"": 0.2166, ""contribution"": 0.1776}, {""name"": ""home_obp"", ""value"": 0.3379, ""contribution"": 0.1686}, {""name"": ""home_top3_ops_vs_oppHand"", ""value"": 0.8913, ""contribution"": 0.1531}]",605672,0.5283,2.53,5.465,86.0,21.0,0.6796,0.7136,6.33,4.47,0.8957,0.8913,R,R,YRFI,WIN,1,9,10,2026-06-07T02:50:09+00:00,-110,-115,DraftKings,2026-06-07T01:14:08+00:00,0.5238,0.5349,-0.1367,0.078,0.078,Y,1,0.87,-110,-115,2026-06-07T01:08:49+00:00,0,0.4257,YRFI,STRONG,,,,,,,
2026-06-06,2026,824269,1,N,SEA,DET,1:10 PM ET,Bryce Miller,Keider Montero,682243,672456,live,live,live,live,0.98,0.468,0.4863,0.9543,0.3326,0.443,0.7756,0.4579,0.5421,0.2474,0.7526,,,PASS,NO EDGE,PASS - No edge,4,2026-06-06T17:05:55Z,4.067,3.94,1.196,1.142,4.258,4.336,2.59,2.55,1.33,1.22,8.02,6.83,0.318,0.316,0.401,0.388,4.272,4.082,29.8,20.6,33.0,0.0,1.0,1.0,1.0,0.9,0.3686,0.3185,0.4382,0.3964,0.1678,0.1415,lineup,lineup,"[{""id"": 650402, ""name"": ""Gleyber Torres"", ""bats"": ""R"", ""obp"": 0.4050632911392405, ""slg"": 0.3875968992248062, ""iso"": 0.10077519379844962, ""ab"": 129}, {""id"": 805808, ""name"": ""Kevin McGonigle"", ""bats"": ""L"", ""obp"": 0.3880597014925373, ""slg"": 0.40869565217391307, ""iso"": 0.12173913043478263, ""ab"": 230}, {""id"": 693307, ""name"": ""Dillon Dingler"", ""bats"": ""R"", ""obp"": 0.3218884120171674, ""slg"": 0.5024154589371981, ""iso"": 0.26086956521739135, ""ab"": 207}]","[{""id"": 702284, ""name"": ""Cole Young"", ""bats"": ""L"", ""obp"": 0.32142857142857145, ""slg"": 0.35714285714285715, ""iso"": 0.10714285714285715, ""ab"": 224}, {""id"": 677594, ""name"": ""Julio Rodr\u00edguez"", ""bats"": ""R"", ""obp"": 0.3167259786476868, ""slg"": 0.46511627906976744, ""iso"": 0.20542635658914726, ""ab"": 258}, {""id"": 647304, ""name"": ""Josh Naylor"", ""bats"": ""L"", ""obp"": 0.3176470588235294, ""slg"": 0.3577586206896552, ""iso"": 0.103448275862069, ""ab"": 232}]","[{""name"": ""away_top3c_iso"", ""value"": 0.1415, ""contribution"": -0.2608}, {""name"": ""away_top3c_slg"", ""value"": 0.3964, ""contribution"": 0.2224}, {""name"": ""fi_park_nrfi_rate"", ""value"": 0.5322, ""contribution"": -0.1188}, {""name"": ""home_p_last10_pitcher_nrfi"", ""value"": 1.0, ""contribution"": 0.1107}, {""name"": ""away_top3_ops_vs_oppHand"", ""value"": 0.7017, ""contribution"": -0.0668}]","[{""name"": ""fi_park_nrfi_rate"", ""value"": 0.5322, ""contribution"": -0.1826}, {""name"": ""home_top3_ops_vs_oppHand"", ""value"": 0.8613, ""contribution"": 0.1171}, {""name"": ""home_top3c_obp"", ""value"": 0.3686, ""contribution"": 0.0993}, {""name"": ""wx_wind_kmh"", ""value"": 20.6, ""contribution"": 0.0958}, {""name"": ""wx_temp_c"", ""value"": 29.8, ""contribution"": 0.0714}]",503490,0.5467,4.024,4.2,9.0,50.0,0.7272,0.7136,5.47,5.13,0.7017,0.8613,R,R,NRFI,PASS,0,0,0,2026-06-06T17:27:05+00:00,-125,-105,DraftKings,2026-06-06T18:07:15+00:00,0.5556,0.5122,-0.0977,0.0299,,N,,,-125,-105,2026-06-06T17:06:31+00:00,,0.4658,PASS,NO EDGE,,,,,,,
2026-06-06,2026,824669,1,N,SF,CHC,2:20 PM ET,Landen Roupp,Ben Brown,694738,676962,live,live,live,live,1.0,0.3843,0.4832,0.8676,0.2022,0.3986,0.6008,0.5505,0.4495,0.2157,0.7843,,,NRFI,LEAN,LEAN NRFI,4,2026-06-06T17:05:55Z,4.075,3.585,1.366,1.145,3.278,3.073,3.76,2.68,0.63,0.75,9.56,9.66,0.309,0.33,0.417,0.393,4.247,4.639,20.4,15.5,85.0,0.0,0.8,0.6,0.7,0.8,0.353,0.3266,0.4194,0.4677,0.1722,0.1812,lineup,lineup,"[{""id"": 691718, ""name"": ""Pete Crow-Armstrong"", ""bats"": ""L"", ""obp"": 0.33458646616541354, ""slg"": 0.41452991452991456, ""iso"": 0.16666666666666669, ""ab"": 234}, {""id"": 621020, ""name"": ""Dansby Swanson"", ""bats"": ""R"", ""obp"": 0.28451882845188287, ""slg"": 0.32195121951219513, ""iso"": 0.14146341463414636, ""ab"": 205}, {""id"": 683737, ""name"": ""Michael Busch"", ""bats"": ""L"", ""obp"": 0.36823104693140796, ""slg"": 0.3920704845814978, ""iso"": 0.14977973568281938, ""ab"": 227}]","[{""id"": 656529, ""name"": ""Sam Hentges"", ""bats"": ""L"", ""obp"": null, ""slg"": null, ""iso"": null, ""ab"": null}, {""id"": 646240, ""name"": ""Rafael Devers"", ""bats"": ""L"", ""obp"": 0.2915129151291513, ""slg"": 0.41434262948207173, ""iso"": 0.1713147410358566, ""ab"": 251}, {""id"": 650333, ""name"": ""Luis Arraez"", ""bats"": ""L"", ""obp"": 0.36363636363636365, ""slg"": 0.4393305439330544, ""iso"": 0.11297071129707109, ""ab"": 239}]","[{""name"": ""fi_park_nrfi_rate"", ""value"": 0.5429, ""contribution"": -0.1558}, {""name"": ""away_top3c_slg"", ""value"": 0.4677, ""contribution"": -0.1389}, {""name"": ""home_xera"", ""value"": 2.77, ""contribution"": -0.1379}, {""name"": ""home_fip"", ""value"": 3.0731, ""contribution"": -0.1017}, {""name"": ""era_gap_t1"", ""value"": -0.4893, ""contribution"": -0.0524}]","[{""name"": ""fi_park_nrfi_rate"", ""value"": 0.5429, ""contribution"": -0.2395}, {""name"": ""home_top3c_slg"", ""value"": 0.4194, ""contribution"": 0.1303}, {""name"": ""home_obp"", ""value"": 0.3298, ""contribution"": 0.1118}, {""name"": ""away_fip"", ""value"": 3.278, ""contribution"": -0.0759}, {""name"": ""home_top3c_obp"", ""value"": 0.353, ""contribution"": 0.0446}]",691042,0.5084,2.77,3.796,43.0,41.0,0.6796,0.7272,5.2,4.87,0.8113,0.7987,R,R,NRFI,WIN,0,0,0,2026-06-06T18:39:40+00:00,-150,+115,DraftKings,2026-06-06T18:57:42+00:00,0.6,0.4651,-0.0495,-0.0156,-0.0495,N,0.5,0,-145,+115,2026-06-06T17:19:25+00:00,0.0082,0.5651,NRFI,STRONG,,,,,,,
2026-06-06,2026,823048,1,N,CIN,STL,2:15 PM ET,Nick Lodolo,Matthew Liberatore,666157,669461,live,live,live,live,0.97,0.5141,0.5491,1.0631,0.3967,0.4245,0.8212,0.4298,0.5702,0.2875,0.7125,,,PASS,LOW LAMBDA,PASS - Low lambda,4,2026-06-06T18:06:37Z,4.087,4.295,1.197,1.425,4.765,4.382,2.8,2.96,1.69,1.33,8.3,7.88,0.313,0.319,0.397,0.389,4.344,4.401,31.3,16.9,49.0,0.0,0.6,0.6,0.5,0.8,0.3546,0.3588,0.4314,0.4894,0.1674,0.2175,lineup,lineup,"[{""id"": 691026, ""name"": ""Masyn Winn"", ""bats"": ""R"", ""obp"": 0.3162393162393162, ""slg"": 0.32019704433497537, ""iso"": 0.08866995073891626, ""ab"": 203}, {""id"": 671056, ""name"": ""Iv\u00e1n Herrera"", ""bats"": ""R"", ""obp"": 0.38267148014440433, ""slg"": 0.41228070175438597, ""iso"": 0.15350877192982454, ""ab"": 228}, {""id"": 691023, ""name"": ""Jordan Walker"", ""bats"": ""R"", ""obp"": 0.359375, ""slg"": 0.5474137931034483, ""iso"": 0.25, ""ab"": 232}]","[{""id"": 666181, ""name"": ""Will Benson"", ""bats"": ""L"", ""obp"": 0.32075471698113206, ""slg"": 0.34831460674157305, ""iso"": 0.15730337078651688, ""ab"": 89}, {""id"": 668709, ""name"": ""JJ Bleday"", ""bats"": ""L"", ""obp"": 0.3767123287671233, ""slg"": 0.6031746031746031, ""iso"": 0.31746031746031744, ""ab"": 126}, {""id"": 668715, ""name"": ""Spencer Steer"", ""bats"": ""R"", ""obp"": 0.3514644351464435, ""slg"": 0.45754716981132076, ""iso"": 0.1839622641509434, ""ab"": 212}]","[{""name"": ""away_top3c_iso"", ""value"": 0.2175, ""contribution"": 0.2747}, {""name"": ""away_top3c_slg"", ""value"": 0.4894, ""contribution"": -0.2486}, {""name"": ""away_top3_ops_vs_oppHand"", ""value"": 0.9017, ""contribution"": 0.137}, {""name"": ""fi_park_nrfi_rate"", ""value"": 0.527, ""contribution"": -0.1009}, {""name"": ""home_xera"", ""value"": 4.9991, ""contribution"": 0.0906}]","[{""name"": ""fi_park_nrfi_rate"", ""value"": 0.527, ""contribution"": -0.1552}, {""name"": ""home_top3_ops_vs_oppHand"", ""value"": 0.8577, ""contribution"": 0.1128}, {""name"": ""wx_temp_c"", ""value"": 31.3, ""contribution"": 0.0839}, {""name"": ""away_fip"", ""value"": 4.7651, ""contribution"": 0.083}, {""name"": ""home_plate_ump_nrfi_rate"", ""value"": 0.4391, ""contribution"": -0.0648}]",521251,0.4391,4.999,4.2,14.0,50.0,0.6942,0.664,5.2,5.53,0.9017,0.8577,L,L,NRFI,PASS,0,0,0,2026-06-06T18:27:10+00:00,-110,-120,DraftKings,2026-06-06T18:57:42+00:00,0.5238,0.5455,-0.094,0.0247,,N,,,-110,-120,2026-06-06T18:14:55+00:00,,0.4658,PASS,NO EDGE,,,,,,,
2026-06-06,2026,823697,1,N,KC,MIN,2:10 PM ET,Luinder Avila,Joe Ryan,679883,657746,sm,live,live,live,0.97,0.3345,0.556,0.8904,0.2328,0.4538,0.6866,0.4795,0.5205,0.224,0.776,,,PASS,NO EDGE,PASS - No edge,4,2026-06-06T18:06:37Z,4.277,3.28,1.438,0.995,4.162,3.027,3.95,1.89,1.0,0.99,8.7,10.17,0.314,0.316,0.381,0.392,4.006,4.606,31.3,9.6,24.0,0.0,0.8,0.0,0.7,0.0,0.3263,0.3189,0.426,0.3961,0.1769,0.1584,lineup,lineup,"[{""id"": 606115, ""name"": ""Orlando Arcia"", ""bats"": ""R"", ""obp"": 0.32432432432432434, ""slg"": 0.3333333333333333, ""iso"": 0.027777777777777735, ""ab"": 36}, {""id"": 686797, ""name"": ""Brooks Lee"", ""bats"": ""S"", ""obp"": 0.29957805907172996, ""slg"": 0.4200913242009132, ""iso"": 0.1735159817351598, ""ab"": 219}, {""id"": 665019, ""name"": ""Kody Clemens"", ""bats"": ""L"", ""obp"": 0.3147208121827411, ""slg"": 0.46629213483146065, ""iso"": 0.22471910112359547, ""ab"": 178}]","[{""id"": 695600, ""name"": ""Carter Jensen"", ""bats"": ""L"", ""obp"": 0.28837209302325584, ""slg"": 0.3684210526315789, ""iso"": 0.15789473684210525, ""ab"": 190}, {""id"": 677951, ""name"": ""Bobby Witt Jr."", ""bats"": ""R"", ""obp"": 0.35789473684210527, ""slg"": 0.4642857142857143, ""iso"": 0.18253968253968256, ""ab"": 252}, {""id"": 686469, ""name"": ""Vinnie Pasquantino"", ""bats"": ""L"", ""obp"": 0.3015267175572519, ""slg"": 0.3436123348017621, ""iso"": 0.13215859030837004, ""ab"": 227}]","[{""name"": ""away_top3c_slg"", ""value"": 0.3961, ""contribution"": 0.2237}, {""name"": ""away_top3c_iso"", ""value"": 0.1584, ""contribution"": -0.1412}, {""name"": ""fi_park_nrfi_rate"", ""value"": 0.5348, ""contribution"": -0.1278}, {""name"": ""era_gap_t1"", ""value"": -0.9967, ""contribution"": -0.1073}, {""name"": ""home_fip"", ""value"": 3.0272, ""contribution"": -0.1068}]","[{""name"": ""away_p_last10_pitcher_nrfi"", ""value"": 0.0, ""contribution"": 0.2355}, {""name"": ""fi_park_nrfi_rate"", ""value"": 0.5348, ""contribution"": -0.1964}, {""name"": ""home_top3c_slg"", ""value"": 0.426, ""contribution"": 0.0895}, {""name"": ""wx_temp_c"", ""value"": 31.3, ""contribution"": 0.0839}, {""name"": ""era_gap_b1"", ""value"": 0.9967, ""contribution"": 0.0674}]",483919,0.4901,3.262,7.921,62.0,50.0,0.724,0.7136,6.33,4.0,0.7347,0.7787,R,R,YRFI,PASS,1,0,1,2026-06-06T18:30:23+00:00,-120,-105,DraftKings,2026-06-06T18:57:42+00:00,0.5455,0.5122,-0.066,0.0083,,N,,,-120,-105,2026-06-06T18:09:36+00:00,,0.4059,YRFI,STRONG,,,,,,,
2026-06-06,2026,824915,1,N,PIT,ATL,4:10 PM ET,Braxton Ashcraft,Spencer Strider,677952,675911,live,live,live,live,0.98,0.6206,0.4158,1.0364,0.4329,0.3327,0.7656,0.4748,0.5252,0.2776,0.7224,,,PASS,NO EDGE,PASS - No edge,4,2026-06-06T20:09:32Z,2.965,4.153,1.109,1.339,3.104,4.6,2.4,4.22,0.81,1.57,9.55,10.38,0.333,0.322,0.402,0.429,5.006,5.095,30.1,13.7,29.0,0.0,0.6,1.0,0.6,1.0,0.345,0.3734,0.4733,0.4639,0.2107,0.1975,lineup,lineup,"[{""id"": 660670, ""name"": ""Ronald Acu\u00f1a Jr."", ""bats"": ""R"", ""obp"": 0.37777777777777777, ""slg"": 0.43243243243243246, ""iso"": 0.1783783783783784, ""ab"": 185}, {""id"": 643289, ""name"": ""Mauricio Dub\u00f3n"", ""bats"": ""R"", ""obp"": 0.31512605042016806, ""slg"": 0.41818181818181815, ""iso"": 0.15909090909090906, ""ab"": 220}, {""id"": 621566, ""name"": ""Matt Olson"", ""bats"": ""L"", ""obp"": 0.34397163120567376, ""slg"": 0.552, ""iso"": 0.28, ""ab"": 250}]","[{""id"": 687462, ""name"": ""Spencer Horwitz"", ""bats"": ""L"", ""obp"": 0.38495575221238937, ""slg"": 0.44680851063829785, ""iso"": 0.16489361702127658, ""ab"": 188}, {""id"": 691373, ""name"": ""Jhostynxon Garcia"", ""bats"": ""R"", ""obp"": 0.24324324324324326, ""slg"": 0.22857142857142856, ""iso"": 0.028571428571428553, ""ab"": 35}, {""id"": 668804, ""name"": ""Bryan Reynolds"", ""bats"": ""S"", ""obp"": 0.39492753623188404, ""slg"": 0.4177777777777778, ""iso"": 0.15111111111111114, ""ab"": 225}]","[{""name"": ""away_top3c_iso"", ""value"": 0.1975, ""contribution"": 0.1338}, {""name"": ""era_gap_t1"", ""value"": 1.1876, ""contribution"": 0.1292}, {""name"": ""away_top3c_slg"", ""value"": 0.4639, ""contribution"": -0.1199}, {""name"": ""away_top3_ops_vs_oppHand"", ""value"": 0.865, ""contribution"": 0.0996}, {""name"": ""home_xera"", ""value"": 4.8009, ""contribution"": 0.0702}]","[{""name"": ""home_top3c_slg"", ""value"": 0.4733, ""contribution"": -0.2043}, {""name"": ""home_top3c_iso"", ""value"": 0.2107, ""contribution"": 0.1495}, {""name"": ""home_top3_ops_vs_oppHand"", ""value"": 0.8813, ""contribution"": 0.1411}, {""name"": ""away_whiff_pct_rank"", ""value"": 76.0, ""contribution"": -0.1127}, {""name"": ""away_fip"", ""value"": 3.1038, ""contribution"": -0.0945}]",607884,0.5403,4.801,2.96,97.0,76.0,0.7272,0.7136,5.53,6.6,0.865,0.8813,R,R,YRFI,PASS,0,2,2,2026-06-06T20:31:18+00:00,-140,+105,DraftKings,2026-06-06T20:06:28+00:00,0.5833,0.4878,-0.1085,0.0374,,N,,,-140,+105,2026-06-06T20:06:28+00:00,,0.4589,PASS,NO EDGE,,,,,,,
2026-06-06,2026,822891,1,N,CLE,TEX,7:35 PM ET,Tanner Bibee,Jack Leiter,676440,683004,live,live,live,live,1.07,0.5483,0.5842,1.1325,0.2951,0.3333,0.6284,0.5479,0.4521,0.3128,0.6872,,,NRFI,LEAN,LEAN NRFI,4,2026-06-06T22:06:00Z,4.449,4.159,1.274,1.311,4.666,4.076,2.8,3.88,1.56,1.17,7.89,9.6,0.317,0.314,0.381,0.384,4.169,4.096,,,,1.0,0.8,0.4,0.7,0.6,0.3398,0.3447,0.4405,0.4281,0.1859,0.1729,lineup,lineup,"[{""id"": 679822, ""name"": ""Justin Foscue"", ""bats"": ""R"", ""obp"": 0.296875, ""slg"": 0.423728813559322, ""iso"": 0.1694915254237288, ""ab"": 59}, {""id"": 608369, ""name"": ""Corey Seager"", ""bats"": ""L"", ""obp"": 0.2849462365591398, ""slg"": 0.36875, ""iso"": 0.18750000000000003, ""ab"": 160}, {""id"": 673962, ""name"": ""Josh Jung"", ""bats"": ""R"", ""obp"": 0.36475409836065575, ""slg"": 0.4774774774774775, ""iso"": 0.16666666666666669, ""ab"": 222}]","[{""id"": 683953, ""name"": ""Travis Bazzana"", ""bats"": ""L"", ""obp"": 0.3706293706293706, ""slg"": 0.472, ""iso"": 0.184, ""ab"": 125}, {""id"": 608070, ""name"": ""Jos\u00e9 Ram\u00edrez"", ""bats"": ""S"", ""obp"": 0.34507042253521125, ""slg"": 0.42323651452282157, ""iso"": 0.1825726141078838, ""ab"": 241}, {""id"": 800050, ""name"": ""Chase DeLauter"", ""bats"": ""L"", ""obp"": 0.32926829268292684, ""slg"": 0.40825688073394495, ""iso"": 0.1559633027522936, ""ab"": 218}]","[{""name"": ""fi_park_nrfi_rate"", ""value"": 0.5398, ""contribution"": -0.1451}, {""name"": ""away_top3c_slg"", ""value"": 0.4281, ""contribution"": 0.0617}, {""name"": ""home_xera"", ""value"": 4.6767, ""contribution"": 0.0575}, {""name"": ""away_top3c_iso"", ""value"": 0.1729, ""contribution"": -0.0391}, {""name"": ""era_gap_t1"", ""value"": -0.2899, ""contribution"": -0.0308}]","[{""name"": ""fi_park_nrfi_rate"", ""value"": 0.5398, ""contribution"": -0.2231}, {""name"": ""wx_is_dome"", ""value"": 1.0, ""contribution"": -0.0758}, {""name"": ""away_fip"", ""value"": 4.6659, ""contribution"": 0.0724}, {""name"": ""away_p_last10_pitcher_nrfi"", ""value"": 0.6, ""contribution"": 0.0384}, {""name"": ""home_top3c_iso"", ""value"": 0.1859, ""contribution"": 0.0324}]",665299,0.5084,4.677,3.633,55.0,47.0,0.7075,0.7197,5.67,5.93,0.78,0.7827,R,R,NRFI,WIN,0,0,0,2026-06-06T23:47:24+00:00,-135,+105,DraftKings,2026-06-06T23:30:30+00:00,0.5745,0.4878,-0.0266,-0.0357,-0.0266,N,0.5,0,-130,+100,2026-06-06T22:30:41+00:00,0.0093,0.5651,NRFI,STRONG,,,,,,,
2026-06-06,2026,823292,1,N,NYM,SD,10:10 PM ET,Nolan McLean,Griffin Canning,690997,656288,live,live,live,live,0.95,0.5449,0.4127,0.9576,0.3221,0.2197,0.5418,0.5685,0.4315,0.2486,0.7514,,,NRFI,LEAN,LEAN NRFI,4,2026-06-07T01:05:57Z,3.877,5.229,1.14,1.423,3.606,4.804,3.15,4.21,1.07,1.42,10.12,8.65,0.297,0.294,0.371,0.366,4.147,3.929,20.7,10.3,73.0,0.0,0.4,0.8,0.5,0.7,0.3115,0.3178,0.3668,0.4019,0.1199,0.1507,lineup,lineup,"[{""id"": 665487, ""name"": ""Fernando Tatis Jr."", ""bats"": ""R"", ""obp"": 0.3384615384615385, ""slg"": 0.3217391304347826, ""iso"": 0.05217391304347824, ""ab"": 230}, {""id"": 701538, ""name"": ""Jackson Merrill"", ""bats"": ""L"", ""obp"": 0.2757201646090535, ""slg"": 0.334841628959276, ""iso"": 0.13122171945701355, ""ab"": 221}, {""id"": 664034, ""name"": ""Ty France"", ""bats"": ""R"", ""obp"": 0.3252032520325203, ""slg"": 0.5172413793103449, ""iso"": 0.2327586206896552, ""ab"": 116}]","[{""id"": 701807, ""name"": ""Carson Benge"", ""bats"": ""L"", ""obp"": 0.31196581196581197, ""slg"": 0.37383177570093457, ""iso"": 0.1261682242990654, ""ab"": 214}, {""id"": 666182, ""name"": ""Bo Bichette"", ""bats"": ""R"", ""obp"": 0.28363636363636363, ""slg"": 0.3253968253968254, ""iso"": 0.09523809523809526, ""ab"": 252}, {""id"": 665742, ""name"": ""Juan Soto"", ""bats"": ""L"", ""obp"": 0.37244897959183676, ""slg"": 0.5497076023391813, ""iso"": 0.2631578947368421, ""ab"": 171}]","[{""name"": ""away_top3c_iso"", ""value"": 0.1507, ""contribution"": -0.1957}, {""name"": ""away_top3c_slg"", ""value"": 0.4019, ""contribution"": 0.1944}, {""name"": ""fi_park_nrfi_rate"", ""value"": 0.5409, ""contribution"": -0.149}, {""name"": ""era_gap_t1"", ""value"": 1.3525, ""contribution"": 0.1471}, {""name"": ""home_fip"", ""value"": 4.8037, ""contribution"": 0.0926}]","[{""name"": ""home_top3c_slg"", ""value"": 0.3668, ""contribution"": 0.4569}, {""name"": ""home_top3c_iso"", ""value"": 0.1199, ""contribution"": -0.2789}, {""name"": ""fi_park_nrfi_rate"", ""value"": 0.5409, ""contribution"": -0.229}, {""name"": ""home_obp"", ""value"": 0.2943, ""contribution"": -0.1367}, {""name"": ""away_whiff_pct_rank"", ""value"": 76.0, ""contribution"": -0.1127}]",665281,0.5305,4.668,2.723,69.0,76.0,0.7272,0.7136,4.53,5.4,0.7387,0.672,R,R,NRFI,WIN,0,0,0,2026-06-07T02:23:16+00:00,-130,+100,DraftKings,2026-06-07T03:31:00+00:00,0.5652,0.5,0.0033,-0.0685,0.0033,N,0.5,0,-135,+105,2026-06-07T01:08:49+00:00,-0.0093,0.6392,NRFI,STRONG,,,,,,,
2026-06-06,2026,824351,1,N,MIL,COL,9:10 PM ET,Jacob Misiorowski,Zach Agnos,694819,688642,live,ltd,live,live,1.22,0.7315,0.4383,1.1698,0.7292,0.3528,1.082,0.3219,0.6781,0.3264,0.6736,,,YRFI,STRONG,STRONG YRFI,4,2026-06-07T00:07:31Z,2.596,6.233,0.955,1.445,2.488,4.748,2.85,3.31,0.74,1.36,12.53,7.26,0.331,0.317,0.376,0.394,4.967,4.386,33.4,18.0,12.0,0.0,1.0,1.0,1.0,0.9,0.3461,0.3794,0.4272,0.461,0.1476,0.1782,lineup,lineup,"[{""id"": 664983, ""name"": ""Jake McCarthy"", ""bats"": ""L"", ""obp"": 0.32954545454545453, ""slg"": 0.4658385093167702, ""iso"": 0.18012422360248448, ""ab"": 161}, {""id"": 694514, ""name"": ""Sterlin Thompson"", ""bats"": ""L"", ""obp"": 0.34, ""slg"": 0.27906976744186046, ""iso"": 0.046511627906976744, ""ab"": 43}, {""id"": 681198, ""name"": ""TJ Rumfield"", ""bats"": ""L"", ""obp"": 0.35269709543568467, ""slg"": 0.431924882629108, ""iso"": 0.15492957746478875, ""ab"": 213}]","[{""id"": 592885, ""name"": ""Christian Yelich"", ""bats"": ""L"", ""obp"": 0.35, ""slg"": 0.4444444444444444, ""iso"": 0.16666666666666663, ""ab"": 126}, {""id"": 694192, ""name"": ""Jackson Chourio"", ""bats"": ""R"", ""obp"": 0.35772357723577236, ""slg"": 0.48214285714285715, ""iso"": 0.1875, ""ab"": 112}, {""id"": 668930, ""name"": ""Brice Turang"", ""bats"": ""L"", ""obp"": 0.40540540540540543, ""slg"": 0.4597156398104265, ""iso"": 0.1800947867298578, ""ab"": 211}]","[{""name"": ""era_gap_t1"", ""value"": 3.6374, ""contribution"": 0.3945}, {""name"": ""fi_park_nrfi_rate"", ""value"": 0.4241, ""contribution"": 0.2547}, {""name"": ""home_p_last10_pitcher_nrfi"", ""value"": 1.0, ""contribution"": 0.1107}, {""name"": ""away_top3_ops_vs_oppHand"", ""value"": 0.874, ""contribution"": 0.1088}, {""name"": ""away_top3c_slg"", ""value"": 0.461, ""contribution"": -0.1051}]","[{""name"": ""fi_park_nrfi_rate"", ""value"": 0.4241, ""contribution"": 0.3916}, {""name"": ""era_gap_b1"", ""value"": -3.6374, ""contribution"": -0.2479}, {""name"": ""away_fip"", ""value"": 2.4875, ""contribution"": -0.1603}, {""name"": ""away_whiff_pct_rank"", ""value"": 86.0, ""contribution"": -0.1558}, {""name"": ""home_top3c_iso"", ""value"": 0.1476, ""contribution"": -0.1484}]",521889,0.4806,4.44,3.153,65.0,86.0,0.7136,0.7136,5.0,6.6,0.874,0.791,R,R,YRFI,WIN,1,0,1,2026-06-07T01:29:43+00:00,+120,-155,DraftKings,2026-06-07T00:15:59+00:00,0.4545,0.6078,-0.1326,0.0703,0.0703,Y,1,0.645,+115,-150,2026-06-07T00:07:08+00:00,0.0078,0.4144,YRFI,STRONG,,,,,,,
2026-06-06,2026,822808,1,N,BAL,TOR,3:07 PM ET,Kyle Bradish,Braydon Fisher,680694,680755,ltd,ltd,live,live,1.01,0.4456,0.5248,0.9705,0.3281,0.2599,0.588,0.5514,0.4486,0.2534,0.7466,,,NRFI,LEAN,LEAN NRFI,4,2026-06-06T18:06:37Z,3.551,3.126,1.336,1.054,3.984,3.526,3.93,3.15,1.02,0.91,9.35,9.52,0.322,0.312,0.4,0.387,4.665,4.146,,,,1.0,0.75,0.8,0.75,0.9,0.3495,0.3415,0.3833,0.4188,0.1125,0.1729,lineup,lineup,"[{""id"": 543807, ""name"": ""George Springer"", ""bats"": ""R"", ""obp"": 0.2903225806451613, ""slg"": 0.3630952380952381, ""iso"": 0.1488095238095238, ""ab"": 168}, {""id"": 664770, ""name"": ""Nathan Lukes"", ""bats"": ""L"", ""obp"": 0.3673469387755102, ""slg"": 0.4157303370786517, ""iso"": 0.101123595505618, ""ab"": 89}, {""id"": 665489, ""name"": ""Vladimir Guerrero Jr."", ""bats"": ""R"", ""obp"": 0.38549618320610685, ""slg"": 0.38565022421524664, ""iso"": 0.0896860986547085, ""ab"": 223}]","[{""id"": 621493, ""name"": ""Taylor Ward"", ""bats"": ""R"", ""obp"": 0.4, ""slg"": 0.35344827586206895, ""iso"": 0.09482758620689652, ""ab"": 232}, {""id"": 683002, ""name"": ""Gunnar Henderson"", ""bats"": ""L"", ""obp"": 0.27586206896551724, ""slg"": 0.41947565543071164, ""iso"": 0.20224719101123598, ""ab"": 267}, {""id"": 668939, ""name"": ""Adley Rutschman"", ""bats"": ""S"", ""obp"": 0.3520408163265306, ""slg"": 0.5058139534883721, ""iso"": 0.23255813953488375, ""ab"": 172}]","[{""name"": ""home_avg_ip_per_start"", ""value"": 1.1667, ""contribution"": 0.1289}, {""name"": ""away_top3c_slg"", ""value"": 0.4188, ""contribution"": 0.1089}, {""name"": ""home_xera"", ""value"": 3.2598, ""contribution"": -0.0877}, {""name"": ""home_fip"", ""value"": 3.526, ""contribution"": -0.0508}, {""name"": ""era_gap_t1"", ""value"": -0.4253, ""contribution"": -0.0454}]","[{""name"": ""home_top3c_slg"", ""value"": 0.3833, ""contribution"": 0.3545}, {""name"": ""home_top3c_iso"", ""value"": 0.1125, ""contribution"": -0.314}, {""name"": ""away_whiff_pct_rank"", ""value"": 94.0, ""contribution"": -0.1904}, {""name"": ""wx_is_dome"", ""value"": 1.0, ""contribution"": -0.0758}, {""name"": ""home_top3_ops_vs_oppHand"", ""value"": 0.701, ""contribution"": -0.0748}]",554242,0.4415,3.26,3.85,83.0,94.0,0.7136,0.7309,1.17,6.27,0.7803,0.701,R,R,NRFI,WIN,0,0,0,2026-06-06T19:24:31+00:00,-125,+100,DraftKings,2026-06-06T18:57:42+00:00,0.5556,0.5,-0.0042,-0.0514,-0.0042,N,0.5,0,-125,+100,2026-06-06T18:01:59+00:00,0,0.6183,NRFI,STRONG,,,,,,,
2026-06-06,2026,824184,1,N,OAK,HOU,4:10 PM ET,Kade Morris,Tatsuya Imai,695034,837227,avg,sm,live,live,0.99,0.5836,0.5215,1.1051,0.346,0.3842,0.7302,0.4772,0.5228,0.3029,0.6971,,,PASS,NO DATA,PASS - No data,3,2026-06-06T20:09:32Z,4.17,4.739,1.26,1.302,4.17,4.773,2.93,4.3,1.21,1.35,8.75,8.71,0.323,0.319,0.397,0.41,4.276,4.519,,,,1.0,0.8,0.5,0.8571,0.5,0.3741,0.3983,0.5486,0.5151,0.2622,0.2241,lineup,lineup,"[{""id"": 701358, ""name"": ""Cam Smith"", ""bats"": ""R"", ""obp"": 0.30165289256198347, ""slg"": 0.3443396226415094, ""iso"": 0.13207547169811318, ""ab"": 212}, {""id"": 805672, ""name"": ""Collin Price"", ""bats"": ""R"", ""obp"": 0.25, ""slg"": 0.0, ""iso"": 0.0, ""ab"": 3}, {""id"": 694728, ""name"": ""Brice Matthews"", ""bats"": ""R"", ""obp"": 0.25625, ""slg"": 0.32432432432432434, ""iso"": 0.12162162162162163, ""ab"": 148}]","[{""id"": 666126, ""name"": ""Carlos Cortes"", ""bats"": ""L"", ""obp"": 0.40236686390532544, ""slg"": 0.4931506849315068, ""iso"": 0.1780821917808219, ""ab"": 146}, {""id"": 669127, ""name"": ""Shea Langeliers"", ""bats"": ""R"", ""obp"": 0.35271317829457366, ""slg"": 0.5474137931034483, ""iso"": 0.2629310344827586, ""ab"": 232}, {""id"": 641680, ""name"": ""Jonah Heim"", ""bats"": ""S"", ""obp"": 0.2619047619047619, ""slg"": 0.39473684210526316, ""iso"": 0.19736842105263158, ""ab"": 76}]","[{""name"": ""away_top3c_slg"", ""value"": 0.5151, ""contribution"": -0.3788}, {""name"": ""home_xera"", ""value"": 0.9264, ""contribution"": -0.3268}, {""name"": ""away_top3c_iso"", ""value"": 0.2241, ""contribution"": 0.3211}, {""name"": ""away_top3_ops_vs_oppHand"", ""value"": 0.906, ""contribution"": 0.1414}, {""name"": ""home_fip"", ""value"": 4.7727, ""contribution"": 0.0891}]","[{""name"": ""home_top3c_slg"", ""value"": 0.5486, ""contribution"": -0.6722}, {""name"": ""home_top3c_iso"", ""value"": 0.2622, ""contribution"": 0.3925}, {""name"": ""home_top3_ops_vs_oppHand"", ""value"": 0.8857, ""contribution"": 0.1463}, {""name"": ""home_top3c_obp"", ""value"": 0.3741, ""contribution"": 0.1184}, {""name"": ""fi_park_nrfi_rate"", ""value"": 0.482, ""contribution"": 0.084}]",503586,0.4946,0.926,4.2,50.0,50.0,0.7272,0.7136,4.2,5.0,0.906,0.8857,R,R,YRFI,PASS,0,1,1,2026-06-06T20:30:57+00:00,-105,-125,DraftKings,2026-06-06T20:06:28+00:00,0.5122,0.5556,-0.035,-0.0328,,N,,,-105,-125,2026-06-06T20:06:28+00:00,,0.6507,NRFI,STRONG,,,,,,,
2026-06-07,2026,824349,1,N,MIL,COL,3:10 PM ET,Shane Drohan,Kyle Freeland,675660,607536,ltd,live,live,live,1.22,0.7861,0.5662,1.3523,0.6189,0.5105,1.1294,0.3219,0.6781,0.3916,0.6084,,,YRFI,STRONG,STRONG YRFI,4,2026-06-07T18:04:21Z,3.601,6.66,1.212,1.578,3.618,5.111,2.91,2.49,0.93,1.88,9.1,7.53,0.333,0.317,0.38,0.392,4.994,4.344,32.4,35.3,9.0,0.0,0.6,1.0,0.7,1.0,0.3142,0.3684,0.3699,0.4423,0.1244,0.1599,lineup,lineup,"[{""id"": 650489, ""name"": ""Willi Castro"", ""bats"": ""S"", ""obp"": 0.3333333333333333, ""slg"": 0.36312849162011174, ""iso"": 0.10614525139664804, ""ab"": 179}, {""id"": 678662, ""name"": ""Ezequiel Tovar"", ""bats"": ""R"", ""obp"": 0.25957446808510637, ""slg"": 0.3194444444444444, ""iso"": 0.11111111111111108, ""ab"": 216}, {""id"": 681198, ""name"": ""TJ Rumfield"", ""bats"": ""L"", ""obp"": 0.3510204081632653, ""slg"": 0.42592592592592593, ""iso"": 0.1527777777777778, ""ab"": 216}]","[{""id"": 694192, ""name"": ""Jackson Chourio"", ""bats"": ""R"", ""obp"": 0.34375, ""slg"": 0.46153846153846156, ""iso"": 0.17948717948717952, ""ab"": 117}, {""id"": 668930, ""name"": ""Brice Turang"", ""bats"": ""L"", ""obp"": 0.4053030303030303, ""slg"": 0.4861111111111111, ""iso"": 0.20370370370370372, ""ab"": 216}, {""id"": 661388, ""name"": ""William Contreras"", ""bats"": ""R"", ""obp"": 0.3424124513618677, ""slg"": 0.391304347826087, ""iso"": 0.10869565217391308, ""ab"": 230}]","[{""name"": ""era_gap_t1"", ""value"": 3.0586, ""contribution"": 0.3318}, {""name"": ""fi_park_nrfi_rate"", ""value"": 0.4241, ""contribution"": 0.2547}, {""name"": ""away_top3c_iso"", ""value"": 0.1599, ""contribution"": -0.1312}, {""name"": ""home_fip"", ""value"": 5.1105, ""contribution"": 0.1271}, {""name"": ""wx_wind_kmh"", ""value"": 35.3, ""contribution"": 0.106}]","[{""name"": ""home_top3c_slg"", ""value"": 0.3699, ""contribution"": 0.438}, {""name"": ""fi_park_nrfi_rate"", ""value"": 0.4241, ""contribution"": 0.3916}, {""name"": ""home_top3c_iso"", ""value"": 0.1244, ""contribution"": -0.2579}, {""name"": ""wx_wind_kmh"", ""value"": 35.3, ""contribution"": 0.2506}, {""name"": ""era_gap_b1"", ""value"": -3.0586, ""contribution"": -0.2085}]",608093,0.5118,4.924,4.66,24.0,50.0,0.7508,0.7136,4.6,3.33,0.6767,0.6253,L,L,YRFI,WIN,0,2,2,2026-06-07T19:27:11+00:00,+110,-140,DraftKings,2026-06-07T18:12:43+00:00,0.4762,0.5833,-0.1543,0.0948,0.0948,Y,1,0.714,+110,-140,2026-06-07T18:07:22+00:00,0,0.3767,YRFI,STRONG,,,,,,,
2026-06-07,2026,823453,1,N,CWS,PHI,1:35 PM ET,Tyler Gilbert,Aaron Nola,656457,605400,ltd,live,live,live,1.04,0.5559,0.5708,1.1267,0.4679,0.4416,0.9095,0.4064,0.5936,0.3107,0.6893,,,YRFI,STRONG,STRONG YRFI,4,2026-06-07T16:15:55Z,4.891,5.575,1.327,1.367,4.351,4.4,3.93,2.68,1.28,1.62,8.68,9.31,0.324,0.3,0.413,0.39,4.715,4.057,28.7,18.7,36.0,0.0,1.0,0.8,0.9,0.8,0.3325,0.3515,0.4719,0.4339,0.2303,0.1817,lineup,lineup,"[{""id"": 656941, ""name"": ""Kyle Schwarber"", ""bats"": ""L"", ""obp"": 0.35766423357664234, ""slg"": 0.5862068965517241, ""iso"": 0.34482758620689646, ""ab"": 232}, {""id"": 607208, ""name"": ""Trea Turner"", ""bats"": ""R"", ""obp"": 0.2779783393501805, ""slg"": 0.3424124513618677, ""iso"": 0.11673151750972763, ""ab"": 257}, {""id"": 547180, ""name"": ""Bryce Harper"", ""bats"": ""L"", ""obp"": 0.36363636363636365, ""slg"": 0.5022421524663677, ""iso"": 0.24215246636771304, ""ab"": 223}]","[{""id"": 803011, ""name"": ""Sam Antonacci"", ""bats"": ""L"", ""obp"": 0.3804347826086957, ""slg"": 0.37579617834394907, ""iso"": 0.09554140127388538, ""ab"": 157}, {""id"": 678246, ""name"": ""Miguel Vargas"", ""bats"": ""R"", ""obp"": 0.37318840579710144, ""slg"": 0.49557522123893805, ""iso"": 0.252212389380531, ""ab"": 226}, {""id"": 700337, ""name"": ""Edgar Quero"", ""bats"": ""S"", ""obp"": 0.26573426573426573, ""slg"": 0.24390243902439024, ""iso"": 0.05691056910569106, ""ab"": 123}]","[{""name"": ""fi_park_nrfi_rate"", ""value"": 0.473, ""contribution"": 0.0859}, {""name"": ""era_gap_t1"", ""value"": 0.6834, ""contribution"": 0.0746}, {""name"": ""home_p_last10_pitcher_nrfi"", ""value"": 0.9, ""contribution"": 0.0716}, {""name"": ""home_fip"", ""value"": 4.4004, ""contribution"": 0.0473}, {""name"": ""wx_temp_c"", ""value"": 28.7, ""contribution"": 0.0446}]","[{""name"": ""home_top3c_iso"", ""value"": 0.2303, ""contribution"": 0.2423}, {""name"": ""home_top3c_slg"", ""value"": 0.4719, ""contribution"": -0.1958}, {""name"": ""fi_park_nrfi_rate"", ""value"": 0.473, ""contribution"": 0.1321}, {""name"": ""home_obp"", ""value"": 0.2998, ""contribution"": -0.098}, {""name"": ""wx_wind_kmh"", ""value"": 18.7, ""contribution"": 0.0758}]",623945,0.5123,4.083,4.2,59.0,50.0,0.6796,0.7136,4.87,1.33,0.782,0.7367,L,R,YRFI,WIN,0,1,1,2026-06-07T18:02:19+00:00,+100,-130,DraftKings,2026-06-07T16:35:15+00:00,0.5,0.5652,-0.0936,0.0284,0.0284,Y,1,0.769,+100,-130,2026-06-07T16:29:58+00:00,0,0.4119,YRFI,STRONG,,,,,,,
2026-06-07,2026,823537,1,N,BOS,NYY,1:35 PM ET,Ranger Suarez,Cam Schlittler,624133,693645,live,live,live,live,1.02,0.3266,0.4686,0.7952,0.3017,0.677,0.9787,0.3808,0.6192,0.1895,0.8105,,,YRFI,STRONG,STRONG YRFI,4,2026-06-07T16:15:55Z,3.307,2.422,1.184,0.989,3.164,2.777,2.63,2.2,0.69,0.68,8.75,9.86,0.318,0.327,0.385,0.427,4.097,4.942,25.9,20.8,43.0,0.0,1.0,0.8,0.9,0.8,0.3765,0.3227,0.5446,0.4204,0.2625,0.1608,lineup,lineup,"[{""id"": 502671, ""name"": ""Paul Goldschmidt"", ""bats"": ""R"", ""obp"": 0.34965034965034963, ""slg"": 0.5118110236220472, ""iso"": 0.24409448818897633, ""ab"": 127}, {""id"": 700250, ""name"": ""Ben Rice"", ""bats"": ""L"", ""obp"": 0.3983739837398374, ""slg"": 0.6523809523809524, ""iso"": 0.3476190476190476, ""ab"": 210}, {""id"": 641355, ""name"": ""Cody Bellinger"", ""bats"": ""L"", ""obp"": 0.3707865168539326, ""slg"": 0.4618834080717489, ""iso"": 0.19282511210762332, ""ab"": 223}]","[{""id"": 680776, ""name"": ""Jarren Duran"", ""bats"": ""L"", ""obp"": 0.2784313725490196, ""slg"": 0.40086206896551724, ""iso"": 0.1853448275862069, ""ab"": 232}, {""id"": 678882, ""name"": ""Ceddanne Rafaela"", ""bats"": ""R"", ""obp"": 0.34497816593886466, ""slg"": 0.430622009569378, ""iso"": 0.1483253588516747, ""ab"": 209}, {""id"": 677800, ""name"": ""Wilyer Abreu"", ""bats"": ""L"", ""obp"": 0.34600760456273766, ""slg"": 0.43037974683544306, ""iso"": 0.1476793248945148, ""ab"": 237}]","[{""name"": ""fi_park_nrfi_rate"", ""value"": 0.4526, ""contribution"": 0.1563}, {""name"": ""home_fip"", ""value"": 2.7769, ""contribution"": -0.1349}, {""name"": ""away_top3c_iso"", ""value"": 0.1608, ""contribution"": -0.1248}, {""name"": ""away_top3c_slg"", ""value"": 0.4204, ""contribution"": 0.1009}, {""name"": ""era_gap_t1"", ""value"": -0.8848, ""contribution"": -0.0952}]","[{""name"": ""home_top3c_slg"", ""value"": 0.5446, ""contribution"": -0.6476}, {""name"": ""home_top3c_iso"", ""value"": 0.2625, ""contribution"": 0.3941}, {""name"": ""home_top3_ops_vs_oppHand"", ""value"": 1.0513, ""contribution"": 0.3446}, {""name"": ""fi_park_nrfi_rate"", ""value"": 0.4526, ""contribution"": 0.2403}, {""name"": ""home_top3c_obp"", ""value"": 0.3765, ""contribution"": 0.1271}]",482666,0.522,3.568,2.896,56.0,31.0,0.7272,0.6942,5.8,4.73,0.7057,1.0513,L,R,NRFI,LOSS,0,0,0,2026-06-07T18:06:02+00:00,-125,-105,DraftKings,2026-06-07T16:35:15+00:00,0.5556,0.5122,-0.1748,0.107,0.107,Y,1,-1,-125,-105,2026-06-07T16:29:58+00:00,0,0.4362,PASS,NO EDGE,,,,,,,
2026-06-07,2026,823857,1,N,TB,MIA,1:40 PM ET,Griffin Jax,Sandy Alcantara,643377,645261,live,live,live,live,0.95,0.4739,0.5258,0.9997,0.3809,0.3196,0.7005,0.4795,0.5205,0.2641,0.7359,,,PASS,NO EDGE,PASS - No edge,4,2026-06-07T17:11:35Z,4.458,4.842,1.364,1.29,4.274,4.202,3.51,2.51,1.43,1.11,10.03,6.6,0.331,0.319,0.389,0.384,4.599,4.244,,,,1.0,0.8,0.6,0.7,0.7778,0.3382,0.3836,0.4412,0.4603,0.1618,0.1746,lineup,lineup,"[{""id"": 689414, ""name"": ""Liam Hicks"", ""bats"": ""L"", ""obp"": 0.3474576271186441, ""slg"": 0.46798029556650245, ""iso"": 0.20197044334975367, ""ab"": 203}, {""id"": 672640, ""name"": ""Otto Lopez"", ""bats"": ""R"", ""obp"": 0.362962962962963, ""slg"": 0.46825396825396826, ""iso"": 0.13492063492063494, ""ab"": 252}, {""id"": 669065, ""name"": ""Kyle Stowers"", ""bats"": ""L"", ""obp"": 0.28735632183908044, ""slg"": 0.3630573248407643, ""iso"": 0.15286624203821653, ""ab"": 157}]","[{""id"": 650490, ""name"": ""Yandy D\u00edaz"", ""bats"": ""R"", ""obp"": 0.4015748031496063, ""slg"": 0.53125, ""iso"": 0.20535714285714285, ""ab"": 224}, {""id"": 666018, ""name"": ""Jonathan Aranda"", ""bats"": ""L"", ""obp"": 0.38202247191011235, ""slg"": 0.463302752293578, ""iso"": 0.1926605504587156, ""ab"": 218}, {""id"": 680700, ""name"": ""Richie Palacios"", ""bats"": ""L"", ""obp"": 0.35570469798657717, ""slg"": 0.328, ""iso"": 0.08800000000000002, ""ab"": 125}]","[{""name"": ""fi_park_nrfi_rate"", ""value"": 0.455, ""contribution"": 0.1479}, {""name"": ""away_top3c_slg"", ""value"": 0.4603, ""contribution"": -0.1015}, {""name"": ""away_top3_ops_vs_oppHand"", ""value"": 0.8317, ""contribution"": 0.0657}, {""name"": ""era_gap_t1"", ""value"": 0.3841, ""contribution"": 0.0422}, {""name"": ""home_xera"", ""value"": 4.4168, ""contribution"": 0.0309}]","[{""name"": ""fi_park_nrfi_rate"", ""value"": 0.455, ""contribution"": 0.2273}, {""name"": ""away_whiff_pct_rank"", ""value"": 100.0, ""contribution"": -0.2163}, {""name"": ""home_top3c_iso"", ""value"": 0.1618, ""contribution"": -0.0814}, {""name"": ""wx_is_dome"", ""value"": 1.0, ""contribution"": -0.0758}, {""name"": ""home_plate_ump_nrfi_rate"", ""value"": 0.4611, ""contribution"": -0.0422}]",427129,0.4611,4.417,3.203,28.0,100.0,0.7396,0.7136,6.13,4.0,0.8317,0.7693,R,R,NRFI,PASS,0,0,0,2026-06-07T17:52:07+00:00,-135,+105,DraftKings,2026-06-07T17:57:25+00:00,0.5745,0.4878,-0.095,0.0327,0.0936,N,1,,-135,+105,2026-06-07T17:35:56+00:00,0,0.4877,PASS,NO EDGE,,,,,,,
2026-06-07,2026,823047,1,N,CIN,STL,2:15 PM ET,Rhett Lowder,Michael McGreevy,695076,700241,ltd,live,live,live,0.97,0.4322,0.5281,0.9604,0.3743,0.5218,0.896,0.4064,0.5936,0.2497,0.7503,,,YRFI,STRONG,STRONG YRFI,4,2026-06-07T17:11:35Z,4.77,3.503,1.333,1.157,4.044,4.249,3.57,2.24,0.85,1.11,7.59,6.05,0.314,0.32,0.396,0.391,4.353,4.422,31.4,18.4,47.0,0.0,0.8,0.4,0.8,0.5,0.3658,0.3566,0.4222,0.4967,0.1556,0.223,lineup,lineup,"[{""id"": 802139, ""name"": ""JJ Wetherholt"", ""bats"": ""L"", ""obp"": 0.35714285714285715, ""slg"": 0.4, ""iso"": 0.15111111111111114, ""ab"": 225}, {""id"": 671056, ""name"": ""Iv\u00e1n Herrera"", ""bats"": ""R"", ""obp"": 0.3807829181494662, ""slg"": 0.40948275862068967, ""iso"": 0.15086206896551724, ""ab"": 232}, {""id"": 676475, ""name"": ""Alec Burleson"", ""bats"": ""L"", ""obp"": 0.3584905660377358, ""slg"": 0.45569620253164556, ""iso"": 0.16455696202531644, ""ab"": 237}]","[{""id"": 694362, ""name"": ""Blake Dunn"", ""bats"": ""R"", ""obp"": 0.3516483516483517, ""slg"": 0.4470588235294118, ""iso"": 0.1411764705882353, ""ab"": 85}, {""id"": 668709, ""name"": ""JJ Bleday"", ""bats"": ""L"", ""obp"": 0.3708609271523179, ""slg"": 0.5877862595419847, ""iso"": 0.30534351145038163, ""ab"": 131}, {""id"": 701398, ""name"": ""Sal Stewart"", ""bats"": ""R"", ""obp"": 0.35036496350364965, ""slg"": 0.4641350210970464, ""iso"": 0.20675105485232065, ""ab"": 237}]","[{""name"": ""away_top3c_iso"", ""value"": 0.223, ""contribution"": 0.3132}, {""name"": ""away_top3c_slg"", ""value"": 0.4967, ""contribution"": -0.2858}, {""name"": ""era_gap_t1"", ""value"": -1.2666, ""contribution"": -0.1365}, {""name"": ""away_top3_ops_vs_oppHand"", ""value"": 0.878, ""contribution"": 0.1129}, {""name"": ""fi_park_nrfi_rate"", ""value"": 0.527, ""contribution"": -0.1009}]","[{""name"": ""fi_park_nrfi_rate"", ""value"": 0.527, ""contribution"": -0.1552}, {""name"": ""home_top3c_slg"", ""value"": 0.4222, ""contribution"": 0.1131}, {""name"": ""home_top3c_iso"", ""value"": 0.1556, ""contribution"": -0.1104}, {""name"": ""home_top3c_obp"", ""value"": 0.3658, ""contribution"": 0.0893}, {""name"": ""era_gap_b1"", ""value"": 1.2666, ""contribution"": 0.0858}]",483630,0.522,4.913,4.513,3.0,50.0,0.6942,0.7136,5.4,4.4,0.878,0.8213,R,R,NRFI,LOSS,0,0,0,2026-06-07T18:31:14+00:00,-105,-120,DraftKings,2026-06-07T17:19:54+00:00,0.5122,0.5455,-0.1058,0.0481,0.0481,Y,1,-1,-105,-120,2026-06-07T17:14:34+00:00,0,0.4067,YRFI,STRONG,,,,,,,
2026-06-07,2026,822890,1,N,CLE,TEX,2:35 PM ET,Joey Cantillo,Jacob deGrom,676282,594798,live,live,live,live,1.07,0.4663,0.6009,1.0671,0.2302,0.212,0.4422,0.6918,0.3082,0.2889,0.7111,,,NRFI,STRONG,STRONG NRFI,4,2026-06-07T17:11:35Z,3.72,3.284,1.375,0.975,4.359,3.905,4.47,1.87,1.1,1.64,8.83,10.45,0.317,0.314,0.382,0.381,4.191,4.044,,,,1.0,0.6,1.0,0.5,0.8,0.3339,0.3445,0.4218,0.4288,0.1509,0.1742,lineup,lineup,"[{""id"": 670032, ""name"": ""Nicky Lopez"", ""bats"": ""L"", ""obp"": 0.25, ""slg"": 0.3225806451612903, ""iso"": 0.0967741935483871, ""ab"": 31}, {""id"": 673962, ""name"": ""Josh Jung"", ""bats"": ""R"", ""obp"": 0.3629032258064516, ""slg"": 0.47345132743362833, ""iso"": 0.16371681415929207, ""ab"": 226}, {""id"": 694497, ""name"": ""Evan Carter"", ""bats"": ""L"", ""obp"": 0.2857142857142857, ""slg"": 0.3240223463687151, ""iso"": 0.1564245810055866, ""ab"": 179}]","[{""id"": 683953, ""name"": ""Travis Bazzana"", ""bats"": ""L"", ""obp"": 0.3581081081081081, ""slg"": 0.45384615384615384, ""iso"": 0.1769230769230769, ""ab"": 130}, {""id"": 608070, ""name"": ""Jos\u00e9 Ram\u00edrez"", ""bats"": ""S"", ""obp"": 0.3494809688581315, ""slg"": 0.4344262295081967, ""iso"": 0.19262295081967212, ""ab"": 244}, {""id"": 800050, ""name"": ""Chase DeLauter"", ""bats"": ""L"", ""obp"": 0.33067729083665337, ""slg"": 0.4080717488789238, ""iso"": 0.15246636771300448, ""ab"": 223}]","[{""name"": ""fi_park_nrfi_rate"", ""value"": 0.5398, ""contribution"": -0.1451}, {""name"": ""home_xera"", ""value"": 3.231, ""contribution"": -0.0906}, {""name"": ""home_p_last10_pitcher_nrfi"", ""value"": 0.5, ""contribution"": -0.0846}, {""name"": ""away_top3c_slg"", ""value"": 0.4288, ""contribution"": 0.058}, {""name"": ""era_gap_t1"", ""value"": -0.4355, ""contribution"": -0.0465}]","[{""name"": ""fi_park_nrfi_rate"", ""value"": 0.5398, ""contribution"": -0.2231}, {""name"": ""away_whiff_pct_rank"", ""value"": 89.0, ""contribution"": -0.1688}, {""name"": ""home_top3_ops_vs_oppHand"", ""value"": 0.6273, ""contribution"": -0.163}, {""name"": ""home_top3c_iso"", ""value"": 0.1509, ""contribution"": -0.1327}, {""name"": ""home_top3c_slg"", ""value"": 0.4218, ""contribution"": 0.1154}]",427197,0.5268,3.231,3.575,82.0,89.0,0.7136,0.6796,5.4,4.53,0.7737,0.6273,L,R,YRFI,LOSS,0,2,2,2026-06-07T18:49:31+00:00,-145,+110,DraftKings,2026-06-07T17:35:56+00:00,0.5918,0.4762,0.1,-0.168,0.1,Y,1,-1,-145,+110,2026-06-07T17:30:39+00:00,0,0.6536,NRFI,STRONG,,,,,,,
2026-06-07,2026,824183,1,N,OAK,HOU,2:10 PM ET,Gage Jump,Mike Burrows,695611,681347,sm,live,live,live,0.99,0.5866,0.4725,1.0592,0.4225,0.404,0.8266,0.4243,0.5757,0.286,0.714,,,PASS,LOW LAMBDA,PASS - Low lambda,4,2026-06-07T18:04:21Z,4.073,5.041,1.239,1.43,3.684,4.98,2.6,3.24,0.93,1.7,8.46,8.09,0.323,0.321,0.395,0.415,4.247,4.623,,,,1.0,0.6,0.5,0.7,0.5,0.3757,0.3961,0.5537,0.509,0.2658,0.2193,lineup,lineup,"[{""id"": 665161, ""name"": ""Jeremy Pe\u00f1a"", ""bats"": ""R"", ""obp"": 0.36585365853658536, ""slg"": 0.45045045045045046, ""iso"": 0.14414414414414417, ""ab"": 111}, {""id"": 670541, ""name"": ""Yordan Alvarez"", ""bats"": ""L"", ""obp"": 0.4295774647887324, ""slg"": 0.6538461538461539, ""iso"": 0.33760683760683763, ""ab"": 234}, {""id"": 572233, ""name"": ""Christian Walker"", ""bats"": ""R"", ""obp"": 0.32342007434944237, ""slg"": 0.5041322314049587, ""iso"": 0.25206611570247933, ""ab"": 242}]","[{""id"": 701762, ""name"": ""Nick Kurtz"", ""bats"": ""L"", ""obp"": 0.43508771929824563, ""slg"": 0.48878923766816146, ""iso"": 0.21076233183856502, ""ab"": 223}, {""id"": 703607, ""name"": ""Henry Bolte"", ""bats"": ""R"", ""obp"": 0.4025974025974026, ""slg"": 0.3787878787878788, ""iso"": 0.06060606060606061, ""ab"": 66}, {""id"": 669127, ""name"": ""Shea Langeliers"", ""bats"": ""R"", ""obp"": 0.34980988593155893, ""slg"": 0.540084388185654, ""iso"": 0.2573839662447257, ""ab"": 237}]","[{""name"": ""away_top3c_slg"", ""value"": 0.509, ""contribution"": -0.3481}, {""name"": ""away_top3c_iso"", ""value"": 0.2193, ""contribution"": 0.2875}, {""name"": ""away_top3_ops_vs_oppHand"", ""value"": 0.896, ""contribution"": 0.1312}, {""name"": ""home_fip"", ""value"": 4.9801, ""contribution"": 0.1124}, {""name"": ""era_gap_t1"", ""value"": 0.9675, ""contribution"": 0.1054}]","[{""name"": ""home_top3c_slg"", ""value"": 0.5537, ""contribution"": -0.7036}, {""name"": ""home_top3c_iso"", ""value"": 0.2658, ""contribution"": 0.4095}, {""name"": ""home_top3_ops_vs_oppHand"", ""value"": 1.0127, ""contribution"": 0.2983}, {""name"": ""home_top3c_obp"", ""value"": 0.3757, ""contribution"": 0.1243}, {""name"": ""fi_park_nrfi_rate"", ""value"": 0.482, ""contribution"": 0.084}]",503502,0.4948,4.153,4.2,61.0,50.0,0.7272,0.7136,6.13,6.0,0.896,1.0127,L,R,NRFI,PASS,0,0,0,2026-06-07T18:23:27+00:00,+105,-135,DraftKings,2026-06-07T19:06:20+00:00,0.4878,0.5745,-0.0635,0.0012,,N,,,+105,-135,2026-06-07T18:07:22+00:00,,0.4877,PASS,NO EDGE,,,,,,,
2026-06-07,2026,823696,1,N,KC,MIN,2:10 PM ET,Noah Cameron,Connor Prielipp,702070,687570,live,ltd,live,live,0.97,0.4587,0.4601,0.9188,0.2879,0.3456,0.6335,0.5479,0.4521,0.2344,0.7656,,,NRFI,LEAN,LEAN NRFI,4,2026-06-07T17:04:52Z,3.724,4.709,1.195,1.304,3.796,3.946,2.67,3.42,1.02,1.07,8.08,9.2,0.314,0.315,0.38,0.392,3.994,4.574,28.5,23.9,60.0,0.0,0.6,0.8,0.625,0.8,0.3238,0.3465,0.3846,0.4027,0.1312,0.1364,lineup,lineup,"[{""id"": 656484, ""name"": ""Tristan Gray"", ""bats"": ""L"", ""obp"": 0.3025210084033613, ""slg"": 0.4074074074074074, ""iso"": 0.14814814814814814, ""ab"": 108}, {""id"": 686797, ""name"": ""Brooks Lee"", ""bats"": ""S"", ""obp"": 0.2946058091286307, ""slg"": 0.4125560538116592, ""iso"": 0.1704035874439462, ""ab"": 223}, {""id"": 606115, ""name"": ""Orlando Arcia"", ""bats"": ""R"", ""obp"": 0.34210526315789475, ""slg"": 0.43243243243243246, ""iso"": 0.10810810810810811, ""ab"": 37}]","[{""id"": 657041, ""name"": ""Lane Thomas"", ""bats"": ""R"", ""obp"": 0.3591549295774648, ""slg"": 0.3130434782608696, ""iso"": 0.08695652173913046, ""ab"": 115}, {""id"": 686681, ""name"": ""Michael Massey"", ""bats"": ""L"", ""obp"": 0.2847222222222222, ""slg"": 0.4632352941176471, ""iso"": 0.1985294117647059, ""ab"": 136}, {""id"": 672580, ""name"": ""Maikel Garcia"", ""bats"": ""R"", ""obp"": 0.3253968253968254, ""slg"": 0.3799126637554585, ""iso"": 0.11353711790393012, ""ab"": 229}]","[{""name"": ""away_top3c_iso"", ""value"": 0.1364, ""contribution"": -0.2962}, {""name"": ""home_xera"", ""value"": 1.9461, ""contribution"": -0.2223}, {""name"": ""away_top3c_slg"", ""value"": 0.4027, ""contribution"": 0.1905}, {""name"": ""away_top3_ops_vs_oppHand"", ""value"": 0.917, ""contribution"": 0.1526}, {""name"": ""fi_park_nrfi_rate"", ""value"": 0.5348, ""contribution"": -0.1278}]","[{""name"": ""home_top3c_slg"", ""value"": 0.3846, ""contribution"": 0.3465}, {""name"": ""home_top3c_iso"", ""value"": 0.1312, ""contribution"": -0.2256}, {""name"": ""fi_park_nrfi_rate"", ""value"": 0.5348, ""contribution"": -0.1964}, {""name"": ""wx_wind_kmh"", ""value"": 23.9, ""contribution"": 0.1306}, {""name"": ""away_whiff_pct_rank"", ""value"": 76.0, ""contribution"": -0.1127}]",575629,0.4774,1.946,4.444,50.0,76.0,0.7136,0.751,5.07,5.6,0.917,0.84,L,L,NRFI,WIN,0,0,0,2026-06-07T18:22:46+00:00,-130,+100,DraftKings,2026-06-07T19:06:20+00:00,0.5652,0.5,-0.0173,-0.0479,-0.0173,N,0.5,0,-130,+100,2026-06-07T17:01:55+00:00,0,0.6379,NRFI,STRONG,,,,,,,
2026-06-07,2026,822807,1,N,BAL,TOR,1:37 PM ET,Shane Baz,Kevin Gausman,669358,592332,live,live,live,live,1.01,0.3902,0.5449,0.9351,0.2465,0.3827,0.6292,0.5479,0.4521,0.2404,0.7596,,,NRFI,LEAN,LEAN NRFI,4,2026-06-07T16:15:55Z,4.499,3.44,1.356,1.08,4.084,3.181,3.6,1.91,1.07,0.89,8.54,8.86,0.32,0.314,0.401,0.389,4.656,4.169,,,,1.0,0.2,0.4,0.6,0.5,0.3426,0.3414,0.3818,0.4164,0.1172,0.1701,lineup,lineup,"[{""id"": 543807, ""name"": ""George Springer"", ""bats"": ""R"", ""obp"": 0.29473684210526313, ""slg"": 0.3588235294117647, ""iso"": 0.14705882352941177, ""ab"": 170}, {""id"": 682818, ""name"": ""Yohendrick Pi\u00f1ango"", ""bats"": ""L"", ""obp"": 0.3269230769230769, ""slg"": 0.42424242424242425, ""iso"": 0.13131313131313133, ""ab"": 99}, {""id"": 665489, ""name"": ""Vladimir Guerrero Jr."", ""bats"": ""R"", ""obp"": 0.38345864661654133, ""slg"": 0.3805309734513274, ""iso"": 0.08849557522123891, ""ab"": 226}]","[{""id"": 621493, ""name"": ""Taylor Ward"", ""bats"": ""R"", ""obp"": 0.3979591836734694, ""slg"": 0.34893617021276596, ""iso"": 0.09361702127659577, ""ab"": 235}, {""id"": 683002, ""name"": ""Gunnar Henderson"", ""bats"": ""L"", ""obp"": 0.282312925170068, ""slg"": 0.42435424354243545, ""iso"": 0.19926199261992622, ""ab"": 271}, {""id"": 668939, ""name"": ""Adley Rutschman"", ""bats"": ""S"", ""obp"": 0.345, ""slg"": 0.4943181818181818, ""iso"": 0.2272727272727273, ""ab"": 176}]","[{""name"": ""away_top3c_slg"", ""value"": 0.4164, ""contribution"": 0.1208}, {""name"": ""era_gap_t1"", ""value"": -1.0588, ""contribution"": -0.114}, {""name"": ""home_fip"", ""value"": 3.1807, ""contribution"": -0.0896}, {""name"": ""home_xera"", ""value"": 3.5212, ""contribution"": -0.0609}, {""name"": ""away_top3c_iso"", ""value"": 0.1701, ""contribution"": -0.0592}]","[{""name"": ""home_top3c_slg"", ""value"": 0.3818, ""contribution"": 0.3639}, {""name"": ""home_top3c_iso"", ""value"": 0.1172, ""contribution"": -0.2919}, {""name"": ""wx_is_dome"", ""value"": 1.0, ""contribution"": -0.0758}, {""name"": ""era_gap_b1"", ""value"": 1.0588, ""contribution"": 0.0717}, {""name"": ""away_p_last10_pitcher_nrfi"", ""value"": 0.5, ""contribution"": 0.0713}]",427537,0.4944,3.521,3.874,81.0,59.0,0.724,0.7709,5.67,6.33,0.7707,0.72,R,R,NRFI,WIN,0,0,0,2026-06-07T17:53:09+00:00,-125,-105,DraftKings,2026-06-07T17:57:25+00:00,0.5556,0.5122,-0.0077,-0.0601,-0.0077,N,0.5,0,-125,-105,2026-06-07T16:35:15+00:00,0,0.5325,PASS,NO EDGE,,,,,,,
2026-06-07,2026,824916,1,N,PIT,ATL,1:35 PM ET,Mason Montgomery,Bryce Elder,682254,693821,ltd,live,live,live,0.98,0.4699,0.584,1.0538,0.2558,0.3685,0.6243,0.5479,0.4521,0.284,0.716,,,NRFI,LEAN,LEAN NRFI,4,2026-06-07T17:04:52Z,4.743,3.534,1.383,1.185,3.934,3.78,4.07,2.75,1.17,0.93,10.79,7.66,0.333,0.323,0.401,0.429,4.981,5.106,24.1,8.3,86.0,0.0,1.0,1.0,0.8,1.0,0.3461,0.3805,0.4723,0.4165,0.2069,0.1295,lineup,lineup,"[{""id"": 660670, ""name"": ""Ronald Acu\u00f1a Jr."", ""bats"": ""R"", ""obp"": 0.3799126637554585, ""slg"": 0.43386243386243384, ""iso"": 0.1746031746031746, ""ab"": 189}, {""id"": 643289, ""name"": ""Mauricio Dub\u00f3n"", ""bats"": ""R"", ""obp"": 0.3181818181818182, ""slg"": 0.41964285714285715, ""iso"": 0.15625, ""ab"": 224}, {""id"": 621566, ""name"": ""Matt Olson"", ""bats"": ""L"", ""obp"": 0.34265734265734266, ""slg"": 0.547244094488189, ""iso"": 0.2755905511811024, ""ab"": 254}]","[{""id"": 673995, ""name"": ""Davis Wendzel"", ""bats"": ""R"", ""obp"": null, ""slg"": null, ""iso"": null, ""ab"": null}, {""id"": 693304, ""name"": ""Nick Gonzales"", ""bats"": ""R"", ""obp"": 0.36554621848739494, ""slg"": 0.3926940639269406, ""iso"": 0.0776255707762557, ""ab"": 219}, {""id"": 668804, ""name"": ""Bryan Reynolds"", ""bats"": ""S"", ""obp"": 0.39285714285714285, ""slg"": 0.4192139737991266, ""iso"": 0.15283842794759822, ""ab"": 229}]","[{""name"": ""away_top3c_iso"", ""value"": 0.1295, ""contribution"": -0.3452}, {""name"": ""era_gap_t1"", ""value"": -1.2096, ""contribution"": -0.1303}, {""name"": ""away_top3c_slg"", ""value"": 0.4165, ""contribution"": 0.1202}, {""name"": ""away_top3_ops_vs_oppHand"", ""value"": 0.815, ""contribution"": 0.0487}, {""name"": ""fi_park_nrfi_rate"", ""value"": 0.5093, ""contribution"": -0.0398}]","[{""name"": ""home_top3c_slg"", ""value"": 0.4723, ""contribution"": -0.198}, {""name"": ""home_top3c_iso"", ""value"": 0.2069, ""contribution"": 0.1316}, {""name"": ""away_p_last10_pitcher_nrfi"", ""value"": 1.0, ""contribution"": -0.0929}, {""name"": ""era_gap_b1"", ""value"": 1.2096, ""contribution"": 0.0819}, {""name"": ""home_top3_ops_vs_oppHand"", ""value"": 0.7043, ""contribution"": -0.0708}]",511890,0.5521,4.332,2.493,24.0,50.0,0.7136,0.7136,5.93,1.0,0.815,0.7043,L,R,YRFI,LOSS,1,0,1,2026-06-07T17:52:49+00:00,-125,-105,DraftKings,2026-06-07T17:57:25+00:00,0.5556,0.5122,-0.0077,-0.0601,-0.0077,N,0.5,0,-125,+100,2026-06-07T16:29:58+00:00,0,0.4614,PASS,NO EDGE,,,,,,,
2026-06-07,2026,824268,1,N,SEA,DET,1:40 PM ET,Luis Castillo,Jack Flaherty,622491,656427,live,live,live,live,0.98,0.5429,0.483,1.026,0.2856,0.4029,0.6885,0.4795,0.5205,0.2738,0.7262,,,PASS,NO EDGE,PASS - No edge,4,2026-06-07T17:11:35Z,4.693,5.034,1.336,1.468,3.967,4.103,3.05,4.32,1.15,1.27,8.7,10.81,0.318,0.315,0.401,0.387,4.269,4.031,25.2,16.7,40.0,0.0,0.8,0.8,0.7,0.7,0.3726,0.3188,0.4236,0.3934,0.1508,0.1389,lineup,lineup,"[{""id"": 663837, ""name"": ""Matt Vierling"", ""bats"": ""R"", ""obp"": 0.2786885245901639, ""slg"": 0.3619631901840491, ""iso"": 0.147239263803681, ""ab"": 163}, {""id"": 805808, ""name"": ""Kevin McGonigle"", ""bats"": ""L"", ""obp"": 0.3897058823529412, ""slg"": 0.41201716738197425, ""iso"": 0.12446351931330474, ""ab"": 233}, {""id"": 650402, ""name"": ""Gleyber Torres"", ""bats"": ""R"", ""obp"": 0.3950617283950617, ""slg"": 0.37593984962406013, ""iso"": 0.09774436090225563, ""ab"": 133}]","[{""id"": 702284, ""name"": ""Cole Young"", ""bats"": ""L"", ""obp"": 0.3229571984435798, ""slg"": 0.35526315789473684, ""iso"": 0.10526315789473684, ""ab"": 228}, {""id"": 677594, ""name"": ""Julio Rodr\u00edguez"", ""bats"": ""R"", ""obp"": 0.3146853146853147, ""slg"": 0.4600760456273764, ""iso"": 0.20152091254752852, ""ab"": 263}, {""id"": 647304, ""name"": ""Josh Naylor"", ""bats"": ""L"", ""obp"": 0.3192307692307692, ""slg"": 0.3559322033898305, ""iso"": 0.1016949152542373, ""ab"": 236}]","[{""name"": ""away_top3c_iso"", ""value"": 0.1389, ""contribution"": -0.2787}, {""name"": ""away_top3c_slg"", ""value"": 0.3934, ""contribution"": 0.2374}, {""name"": ""fi_park_nrfi_rate"", ""value"": 0.5322, ""contribution"": -0.1188}, {""name"": ""away_top3_ops_vs_oppHand"", ""value"": 0.6987, ""contribution"": -0.0699}, {""name"": ""era_gap_t1"", ""value"": 0.3413, ""contribution"": 0.0376}]","[{""name"": ""fi_park_nrfi_rate"", ""value"": 0.5322, ""contribution"": -0.1826}, {""name"": ""home_top3c_iso"", ""value"": 0.1508, ""contribution"": -0.133}, {""name"": ""home_top3c_obp"", ""value"": 0.3726, ""contribution"": 0.1132}, {""name"": ""home_top3c_slg"", ""value"": 0.4236, ""contribution"": 0.1046}, {""name"": ""home_top3_ops_vs_oppHand"", ""value"": 0.8293, ""contribution"": 0.0788}]",427113,0.5139,3.908,4.328,57.0,48.0,0.7272,0.7197,4.73,4.93,0.6987,0.8293,R,R,NRFI,PASS,0,0,0,2026-06-07T17:55:42+00:00,-120,-110,DraftKings,2026-06-07T17:57:25+00:00,0.5455,0.5238,-0.066,-0.0033,,N,,,-120,-110,2026-06-07T17:35:56+00:00,,0.4877,PASS,NO EDGE,,,,,,,
2026-06-07,2026,823941,1,N,LAA,LAD,4:10 PM ET,José Soriano,Emmet Sheehan,667755,686218,live,live,live,live,0.97,0.439,0.5687,1.0077,0.3876,0.4928,0.8804,0.4064,0.5936,0.2671,0.7329,,,YRFI,STRONG,STRONG YRFI,4,2026-06-07T19:05:36Z,3.251,4.03,1.276,1.129,3.707,3.931,4.38,2.43,0.76,1.42,9.39,9.81,0.313,0.337,0.388,0.434,4.319,5.094,23.1,15.0,60.0,0.0,0.8,0.2,0.5,0.5,0.3718,0.3724,0.465,0.4587,0.1924,0.2165,lineup,lineup,"[{""id"": 660271, ""name"": ""Shohei Ohtani"", ""bats"": ""L"", ""obp"": 0.4172661870503597, ""slg"": 0.5242290748898678, ""iso"": 0.22466960352422904, ""ab"": 227}, {""id"": 518692, ""name"": ""Freddie Freeman"", ""bats"": ""L"", ""obp"": 0.36059479553903345, ""slg"": 0.47863247863247865, ""iso"": 0.20085470085470086, ""ab"": 234}, {""id"": 663656, ""name"": ""Kyle Tucker"", ""bats"": ""L"", ""obp"": 0.3346153846153846, ""slg"": 0.39111111111111113, ""iso"": 0.15111111111111114, ""ab"": 225}]","[{""id"": 687263, ""name"": ""Zach Neto"", ""bats"": ""R"", ""obp"": 0.3404255319148936, ""slg"": 0.43568464730290457, ""iso"": 0.2033195020746888, ""ab"": 241}, {""id"": 545361, ""name"": ""Mike Trout"", ""bats"": ""R"", ""obp"": 0.40069686411149824, ""slg"": 0.4642857142857143, ""iso"": 0.23214285714285715, ""ab"": 224}, {""id"": 685133, ""name"": ""Wade Meckler"", ""bats"": ""L"", ""obp"": 0.391304347826087, ""slg"": 0.5581395348837209, ""iso"": 0.20930232558139533, ""ab"": 43}]","[{""name"": ""away_top3c_iso"", ""value"": 0.2165, ""contribution"": 0.268}, {""name"": ""home_xera"", ""value"": 2.9748, ""contribution"": -0.1169}, {""name"": ""away_top3_ops_vs_oppHand"", ""value"": 0.877, ""contribution"": 0.1119}, {""name"": ""away_top3c_slg"", ""value"": 0.4587, ""contribution"": -0.0931}, {""name"": ""era_gap_t1"", ""value"": 0.7786, ""contribution"": 0.0849}]","[{""name"": ""home_obp"", ""value"": 0.3371, ""contribution"": 0.1633}, {""name"": ""home_top3c_slg"", ""value"": 0.465, ""contribution"": -0.1529}, {""name"": ""home_top3c_obp"", ""value"": 0.3718, ""contribution"": 0.1105}, {""name"": ""home_top3_ops_vs_oppHand"", ""value"": 0.846, ""contribution"": 0.0988}, {""name"": ""away_whiff_pct_rank"", ""value"": 71.0, ""contribution"": -0.0911}]",427248,0.5131,2.975,3.855,96.0,71.0,0.6796,0.7272,5.4,5.87,0.877,0.846,R,R,NRFI,LOSS,0,0,0,2026-06-07T20:23:06+00:00,-115,-115,DraftKings,2026-06-07T19:14:18+00:00,0.5349,0.5349,-0.1285,0.0587,0.0587,Y,1,-1,-115,-115,2026-06-07T19:08:59+00:00,0,0.4658,PASS,NO EDGE,,,,,,,
2026-06-07,2026,824670,1,N,SF,CHC,8:30 PM ET,Trevor McDonald,Jameson Taillon,686790,592791,ltd,live,live,live,1.0,0.6039,0.4859,1.0898,0.3097,0.3559,0.6656,0.5336,0.4664,0.2972,0.7028,,,NRFI,LEAN,LEAN NRFI,4,2026-06-07T23:05:56Z,4.322,4.584,1.209,1.185,3.792,5.772,2.68,2.49,1.02,2.32,8.5,7.4,0.307,0.33,0.415,0.394,4.219,4.619,21.7,11.2,73.0,0.0,0.8,0.8,0.7,0.75,0.347,0.3246,0.4175,0.4662,0.1683,0.1821,lineup,lineup,"[{""id"": 691718, ""name"": ""Pete Crow-Armstrong"", ""bats"": ""L"", ""obp"": 0.34317343173431736, ""slg"": 0.4476987447698745, ""iso"": 0.18828451882845187, ""ab"": 239}, {""id"": 624424, ""name"": ""Michael Conforto"", ""bats"": ""L"", ""obp"": 0.3592233009708738, ""slg"": 0.4942528735632184, ""iso"": 0.24137931034482757, ""ab"": 87}, {""id"": 683737, ""name"": ""Michael Busch"", ""bats"": ""L"", ""obp"": 0.3723404255319149, ""slg"": 0.3939393939393939, ""iso"": 0.14718614718614717, ""ab"": 231}]","[{""id"": 681916, ""name"": ""Dylan Smith"", ""bats"": ""R"", ""obp"": null, ""slg"": null, ""iso"": null, ""ab"": null}, {""id"": 646240, ""name"": ""Rafael Devers"", ""bats"": ""L"", ""obp"": 0.29347826086956524, ""slg"": 0.4235294117647059, ""iso"": 0.1803921568627451, ""ab"": 255}, {""id"": 650333, ""name"": ""Luis Arraez"", ""bats"": ""L"", ""obp"": 0.36059479553903345, ""slg"": 0.4344262295081967, ""iso"": 0.11065573770491799, ""ab"": 244}]","[{""name"": ""home_fip"", ""value"": 5.7723, ""contribution"": 0.2014}, {""name"": ""fi_park_nrfi_rate"", ""value"": 0.5429, ""contribution"": -0.1558}, {""name"": ""away_top3c_slg"", ""value"": 0.4662, ""contribution"": -0.1314}, {""name"": ""home_xera"", ""value"": 3.7197, ""contribution"": -0.0405}, {""name"": ""away_top3_ops_vs_oppHand"", ""value"": 0.8023, ""contribution"": 0.0358}]","[{""name"": ""fi_park_nrfi_rate"", ""value"": 0.5429, ""contribution"": -0.2395}, {""name"": ""home_top3c_slg"", ""value"": 0.4175, ""contribution"": 0.1423}, {""name"": ""home_obp"", ""value"": 0.3298, ""contribution"": 0.1121}, {""name"": ""home_top3c_iso"", ""value"": 0.1683, ""contribution"": -0.0505}, {""name"": ""wx_is_dome"", ""value"": 0.0, ""contribution"": 0.0264}]",484183,0.5086,3.72,4.2,48.0,50.0,0.7136,0.7136,5.27,5.4,0.8023,0.767,R,R,YRFI,LOSS,1,0,1,2026-06-08T00:46:50+00:00,-125,-105,DraftKings,2026-06-08T00:36:51+00:00,0.5556,0.5122,-0.022,-0.0458,-0.022,N,0.5,0,-125,-105,2026-06-07T23:24:51+00:00,0,0.6422,NRFI,STRONG,,,,,,,
2026-06-07,2026,825074,1,N,WSH,ARI,3:15 PM ET,Cade Cavalli,Michael Soroka,676917,647336,live,live,live,live,1.0,0.4546,0.4614,0.916,0.4162,0.3407,0.7569,0.4772,0.5228,0.2334,0.7666,,,PASS,NO EDGE,PASS - No edge,4,2026-06-07T19:05:36Z,3.843,3.843,1.393,1.179,3.27,3.28,3.18,2.36,0.74,0.87,9.55,9.05,0.323,0.306,0.418,0.392,5.231,4.373,,,,1.0,0.8,0.8,0.6,0.9,0.3348,0.3582,0.4699,0.4949,0.2074,0.2348,lineup,lineup,"[{""id"": 606466, ""name"": ""Ketel Marte"", ""bats"": ""S"", ""obp"": 0.3041825095057034, ""slg"": 0.45, ""iso"": 0.2, ""ab"": 240}, {""id"": 682998, ""name"": ""Corbin Carroll"", ""bats"": ""L"", ""obp"": 0.3730769230769231, ""slg"": 0.5422222222222223, ""iso"": 0.25777777777777783, ""ab"": 225}, {""id"": 672515, ""name"": ""Gabriel Moreno"", ""bats"": ""R"", ""obp"": 0.3223684210526316, ""slg"": 0.38345864661654133, ""iso"": 0.13533834586466165, ""ab"": 133}]","[{""id"": 695578, ""name"": ""James Wood"", ""bats"": ""L"", ""obp"": 0.40460526315789475, ""slg"": 0.5344129554655871, ""iso"": 0.26720647773279355, ""ab"": 247}, {""id"": 671277, ""name"": ""Luis Garc\u00eda Jr."", ""bats"": ""L"", ""obp"": 0.28921568627450983, ""slg"": 0.4512820512820513, ""iso"": 0.18974358974358974, ""ab"": 195}, {""id"": 678554, ""name"": ""Curtis Mead"", ""bats"": ""R"", ""obp"": 0.35795454545454547, ""slg"": 0.4866666666666667, ""iso"": 0.24000000000000002, ""ab"": 150}]","[{""name"": ""away_top3c_iso"", ""value"": 0.2348, ""contribution"": 0.3966}, {""name"": ""away_top3c_slg"", ""value"": 0.4949, ""contribution"": -0.2769}, {""name"": ""fi_park_nrfi_rate"", ""value"": 0.4239, ""contribution"": 0.2555}, {""name"": ""away_top3_ops_vs_oppHand"", ""value"": 0.8757, ""contribution"": 0.1105}, {""name"": ""home_fip"", ""value"": 3.2797, ""contribution"": -0.0785}]","[{""name"": ""fi_park_nrfi_rate"", ""value"": 0.4239, ""contribution"": 0.3927}, {""name"": ""home_top3c_slg"", ""value"": 0.4699, ""contribution"": -0.1833}, {""name"": ""home_top3c_iso"", ""value"": 0.2074, ""contribution"": 0.1338}, {""name"": ""away_whiff_pct_rank"", ""value"": 80.0, ""contribution"": -0.1299}, {""name"": ""away_fip"", ""value"": 3.27, ""contribution"": -0.0767}]",484499,0.5451,3.598,4.101,29.0,80.0,0.7136,0.7136,6.0,6.0,0.8757,0.7467,R,R,YRFI,PASS,0,1,1,2026-06-07T19:27:52+00:00,-120,-110,DraftKings,2026-06-07T19:24:54+00:00,0.5455,0.5238,-0.0683,-0.001,,N,,,-120,-110,2026-06-07T19:14:18+00:00,,0.4549,PASS,NO EDGE,,,,,,,
2026-06-07,2026,823291,1,N,NYM,SD,4:10 PM ET,Huascar Brazobán,Randy Vásquez,623211,681190,ltd,live,live,live,0.95,0.452,0.4215,0.8735,0.3279,0.2509,0.5788,0.5514,0.4486,0.2178,0.7822,,,NRFI,LEAN,LEAN NRFI,4,2026-06-07T19:05:36Z,3.142,3.512,1.139,1.258,3.867,4.5,3.52,2.88,0.82,1.18,7.93,6.29,0.297,0.294,0.37,0.365,4.12,3.917,21.2,13.6,69.0,0.0,0.6,1.0,0.7,1.0,0.3103,0.3153,0.3633,0.3975,0.1176,0.1479,lineup,lineup,"[{""id"": 665487, ""name"": ""Fernando Tatis Jr."", ""bats"": ""R"", ""obp"": 0.3409090909090909, ""slg"": 0.3247863247863248, ""iso"": 0.051282051282051266, ""ab"": 234}, {""id"": 701538, ""name"": ""Jackson Merrill"", ""bats"": ""L"", ""obp"": 0.27125506072874495, ""slg"": 0.3288888888888889, ""iso"": 0.1288888888888889, ""ab"": 225}, {""id"": 664034, ""name"": ""Ty France"", ""bats"": ""R"", ""obp"": 0.3228346456692913, ""slg"": 0.5042016806722689, ""iso"": 0.22689075630252098, ""ab"": 119}]","[{""id"": 701807, ""name"": ""Carson Benge"", ""bats"": ""L"", ""obp"": 0.31092436974789917, ""slg"": 0.37155963302752293, ""iso"": 0.12385321100917429, ""ab"": 218}, {""id"": 666182, ""name"": ""Bo Bichette"", ""bats"": ""R"", ""obp"": 0.2831541218637993, ""slg"": 0.32421875, ""iso"": 0.09375, ""ab"": 256}, {""id"": 665742, ""name"": ""Juan Soto"", ""bats"": ""L"", ""obp"": 0.365, ""slg"": 0.5371428571428571, ""iso"": 0.2571428571428571, ""ab"": 175}]","[{""name"": ""away_top3c_slg"", ""value"": 0.3975, ""contribution"": 0.2165}, {""name"": ""away_top3c_iso"", ""value"": 0.1479, ""contribution"": -0.2153}, {""name"": ""fi_park_nrfi_rate"", ""value"": 0.5409, ""contribution"": -0.149}, {""name"": ""home_xera"", ""value"": 5.2449, ""contribution"": 0.1157}, {""name"": ""home_fip"", ""value"": 4.4999, ""contribution"": 0.0585}]","[{""name"": ""home_top3c_slg"", ""value"": 0.3633, ""contribution"": 0.4788}, {""name"": ""home_top3c_iso"", ""value"": 0.1176, ""contribution"": -0.2897}, {""name"": ""fi_park_nrfi_rate"", ""value"": 0.5409, ""contribution"": -0.229}, {""name"": ""home_obp"", ""value"": 0.2942, ""contribution"": -0.1372}, {""name"": ""home_top3_ops_vs_oppHand"", ""value"": 0.6627, ""contribution"": -0.1207}]",431232,0.4946,5.245,3.904,7.0,50.0,0.6796,0.7136,5.2,1.2,0.729,0.6627,R,R,YRFI,LOSS,1,0,1,2026-06-07T20:29:22+00:00,-125,-105,DraftKings,2026-06-07T20:06:17+00:00,0.5556,0.5122,-0.0042,-0.0636,-0.0042,N,0.5,0,-125,-105,2026-06-07T19:08:59+00:00,0,0.4877,PASS,NO EDGE,,,,,,,
2026-06-08,2026,824025,1,N,HOU,LAA,9:38 PM ET,Spencer Arrighetti,Grayson Rodriguez,681293,680570,ltd,sm,live,live,0.99,0.5892,0.5283,1.1175,0.677,0.4658,1.1428,0.3219,0.6781,0.3074,0.6926,,,YRFI,STRONG,STRONG YRFI,4,2026-06-09T00:33:46Z,3.072,5.824,1.236,1.456,4.108,4.758,4.24,3.73,0.87,1.46,8.29,8.67,0.319,0.314,0.411,0.392,4.567,4.426,23.9,16.5,57.0,0.0,1.0,1.0,1.0,0.9,0.3671,0.3721,0.4561,0.5452,0.2176,0.2609,lineup,lineup,"[{""id"": 687263, ""name"": ""Zach Neto"", ""bats"": ""R"", ""obp"": 0.3368055555555556, ""slg"": 0.44129554655870445, ""iso"": 0.21052631578947367, ""ab"": 247}, {""id"": 545361, ""name"": ""Mike Trout"", ""bats"": ""R"", ""obp"": 0.3924914675767918, ""slg"": 0.45217391304347826, ""iso"": 0.22608695652173913, ""ab"": 230}, {""id"": 685133, ""name"": ""Wade Meckler"", ""bats"": ""L"", ""obp"": 0.39215686274509803, ""slg"": 0.5531914893617021, ""iso"": 0.21276595744680854, ""ab"": 47}]","[{""id"": 665161, ""name"": ""Jeremy Pe\u00f1a"", ""bats"": ""R"", ""obp"": 0.3543307086614173, ""slg"": 0.43478260869565216, ""iso"": 0.13913043478260867, ""ab"": 115}, {""id"": 670541, ""name"": ""Yordan Alvarez"", ""bats"": ""L"", ""obp"": 0.4305555555555556, ""slg"": 0.6497890295358649, ""iso"": 0.33333333333333326, ""ab"": 237}, {""id"": 572233, ""name"": ""Christian Walker"", ""bats"": ""R"", ""obp"": 0.31868131868131866, ""slg"": 0.4959349593495935, ""iso"": 0.24796747967479674, ""ab"": 246}]","[{""name"": ""away_top3c_iso"", ""value"": 0.2609, ""contribution"": 0.5802}, {""name"": ""away_top3c_slg"", ""value"": 0.5452, ""contribution"": -0.5312}, {""name"": ""era_gap_t1"", ""value"": 2.7522, ""contribution"": 0.2986}, {""name"": ""fi_park_nrfi_rate"", ""value"": 0.4526, ""contribution"": 0.1563}, {""name"": ""away_top3_ops_vs_oppHand"", ""value"": 0.8863, ""contribution"": 0.1214}]","[{""name"": ""fi_park_nrfi_rate"", ""value"": 0.4526, ""contribution"": 0.2403}, {""name"": ""era_gap_b1"", ""value"": -2.7522, ""contribution"": -0.1876}, {""name"": ""home_top3c_iso"", ""value"": 0.2176, ""contribution"": 0.182}, {""name"": ""home_top3_ops_vs_oppHand"", ""value"": 0.8707, ""contribution"": 0.1283}, {""name"": ""home_top3c_slg"", ""value"": 0.4561, ""contribution"": -0.0976}]",665297,0.4839,4.2,5.475,50.0,68.0,0.7136,0.7272,4.5,5.6,0.8863,0.8707,R,R,NRFI,LOSS,0,0,0,2026-06-09T01:49:33+00:00,-105,-125,DraftKings,2026-06-09T00:41:52+00:00,0.5122,0.5556,-0.1903,0.1225,0.1225,Y,1,-1,-105,-125,2026-06-09T00:36:39+00:00,0,0.4144,YRFI,STRONG,,,,,,,
2026-06-08,2026,822972,1,N,BOS,TB,6:40 PM ET,Connelly Early,Ian Seymour,813349,693855,ltd,ltd,live,live,0.93,0.4468,0.5175,0.9643,0.4232,0.4191,0.8423,0.4084,0.5916,0.2511,0.7489,,,YRFI,STRONG,STRONG YRFI,4,2026-06-08T21:34:15Z,3.603,4.488,1.21,1.278,4.395,3.916,3.06,3.57,1.39,1.08,8.64,9.48,0.316,0.33,0.384,0.387,4.058,4.552,,,,1.0,0.6,0.6,0.6667,0.6,0.3787,0.3202,0.4881,0.4159,0.1957,0.158,lineup,lineup,"[{""id"": 650490, ""name"": ""Yandy D\u00edaz"", ""bats"": ""R"", ""obp"": 0.3992248062015504, ""slg"": 0.5263157894736842, ""iso"": 0.20175438596491224, ""ab"": 228}, {""id"": 680700, ""name"": ""Richie Palacios"", ""bats"": ""L"", ""obp"": 0.35294117647058826, ""slg"": 0.32558139534883723, ""iso"": 0.08527131782945738, ""ab"": 129}, {""id"": 802415, ""name"": ""Chandler Simpson"", ""bats"": ""L"", ""obp"": 0.3117408906882591, ""slg"": 0.3275862068965517, ""iso"": 0.051724137931034475, ""ab"": 232}]","[{""id"": 680776, ""name"": ""Jarren Duran"", ""bats"": ""L"", ""obp"": 0.27413127413127414, ""slg"": 0.3940677966101695, ""iso"": 0.1822033898305085, ""ab"": 236}, {""id"": 678882, ""name"": ""Ceddanne Rafaela"", ""bats"": ""R"", ""obp"": 0.34763948497854075, ""slg"": 0.431924882629108, ""iso"": 0.14553990610328638, ""ab"": 213}, {""id"": 677800, ""name"": ""Wilyer Abreu"", ""bats"": ""L"", ""obp"": 0.3408239700374532, ""slg"": 0.42323651452282157, ""iso"": 0.14522821576763484, ""ab"": 241}]","[{""name"": ""fi_park_nrfi_rate"", ""value"": 0.4376, ""contribution"": 0.2081}, {""name"": ""away_top3c_iso"", ""value"": 0.158, ""contribution"": -0.1445}, {""name"": ""away_top3c_slg"", ""value"": 0.4159, ""contribution"": 0.1232}, {""name"": ""era_gap_t1"", ""value"": 0.8852, ""contribution"": 0.0965}, {""name"": ""away_top3_ops_vs_oppHand"", ""value"": 0.8193, ""contribution"": 0.0531}]","[{""name"": ""fi_park_nrfi_rate"", ""value"": 0.4376, ""contribution"": 0.3199}, {""name"": ""home_top3c_slg"", ""value"": 0.4881, ""contribution"": -0.2966}, {""name"": ""away_whiff_pct_rank"", ""value"": 82.0, ""contribution"": -0.1386}, {""name"": ""home_top3c_obp"", ""value"": 0.3787, ""contribution"": 0.1346}, {""name"": ""home_obp"", ""value"": 0.3297, ""contribution"": 0.1113}]",484198,0.5395,4.59,3.778,87.0,82.0,0.7136,0.6796,4.53,6.13,0.8193,0.772,L,L,YRFI,WIN,0,1,1,2026-06-08T22:56:43+00:00,-125,-105,DraftKings,2026-06-08T21:41:58+00:00,0.5556,0.5122,-0.1472,0.0794,0.0794,Y,1,0.952,-125,-105,2026-06-08T21:36:45+00:00,0,0.4658,PASS,NO EDGE,,,,,,,
2026-06-08,2026,824998,1,N,MIL,OAK,10:05 PM ET,Kyle Harrison,Jeffrey Springs,690986,605488,ltd,live,live,live,0.93,0.5664,0.3845,0.9509,0.3998,0.4548,0.8545,0.4064,0.5936,0.2462,0.7538,,,YRFI,STRONG,STRONG YRFI,4,2026-06-09T01:03:12Z,2.624,4.275,1.139,1.229,3.092,4.898,2.77,2.75,0.85,1.68,10.49,7.55,0.335,0.323,0.386,0.395,5.083,4.256,19.1,23.0,74.0,0.0,0.4,0.8,0.4,0.9,0.3831,0.3771,0.5068,0.4695,0.2302,0.1853,lineup,lineup,"[{""id"": 669127, ""name"": ""Shea Langeliers"", ""bats"": ""R"", ""obp"": 0.34701492537313433, ""slg"": 0.5330578512396694, ""iso"": 0.25206611570247933, ""ab"": 242}, {""id"": 701762, ""name"": ""Nick Kurtz"", ""bats"": ""L"", ""obp"": 0.43103448275862066, ""slg"": 0.4956140350877193, ""iso"": 0.21929824561403505, ""ab"": 228}, {""id"": 687515, ""name"": ""Colby Thomas"", ""bats"": ""R"", ""obp"": 0.3, ""slg"": 0.425531914893617, ""iso"": 0.17021276595744683, ""ab"": 47}]","[{""id"": 592885, ""name"": ""Christian Yelich"", ""bats"": ""L"", ""obp"": 0.3561643835616438, ""slg"": 0.44274809160305345, ""iso"": 0.16030534351145037, ""ab"": 131}, {""id"": 694192, ""name"": ""Jackson Chourio"", ""bats"": ""R"", ""obp"": 0.35074626865671643, ""slg"": 0.4796747967479675, ""iso"": 0.1869918699186992, ""ab"": 123}, {""id"": 668930, ""name"": ""Brice Turang"", ""bats"": ""L"", ""obp"": 0.40148698884758366, ""slg"": 0.4796380090497738, ""iso"": 0.1990950226244344, ""ab"": 221}]","[{""name"": ""fi_park_nrfi_rate"", ""value"": 0.4422, ""contribution"": 0.1922}, {""name"": ""era_gap_t1"", ""value"": 1.6515, ""contribution"": 0.1794}, {""name"": ""away_top3c_slg"", ""value"": 0.4695, ""contribution"": -0.1479}, {""name"": ""home_p_last10_pitcher_nrfi"", ""value"": 0.4, ""contribution"": -0.1236}, {""name"": ""home_fip"", ""value"": 4.898, ""contribution"": 0.1032}]","[{""name"": ""home_top3c_slg"", ""value"": 0.5068, ""contribution"": -0.4123}, {""name"": ""fi_park_nrfi_rate"", ""value"": 0.4422, ""contribution"": 0.2954}, {""name"": ""home_top3c_iso"", ""value"": 0.2302, ""contribution"": 0.2415}, {""name"": ""home_top3c_obp"", ""value"": 0.3831, ""contribution"": 0.1501}, {""name"": ""home_top3_ops_vs_oppHand"", ""value"": 0.8747, ""contribution"": 0.1331}]",623949,0.5484,4.027,4.038,71.0,74.0,0.6487,0.7136,5.2,5.53,0.7667,0.8747,L,L,YRFI,WIN,1,1,2,2026-06-09T02:29:50+00:00,+120,-155,DraftKings,2026-06-09T01:07:04+00:00,0.4545,0.6078,-0.0481,-0.0142,-0.0142,Y,1,0.645,+120,-155,2026-06-09T01:02:36+00:00,0,0.4129,YRFI,STRONG,,,,,,,
2026-06-08,2026,823218,1,N,WSH,SF,9:45 PM ET,Richard Lovelady,Logan Webb,663992,657277,sm,live,live,live,0.94,0.385,0.5598,0.9449,0.3807,0.4332,0.814,0.4372,0.5628,0.244,0.756,,,PASS,LOW LAMBDA,PASS - Low lambda,4,2026-06-09T01:34:04Z,3.76,3.834,1.443,1.252,4.572,3.051,4.41,2.53,1.15,0.61,8.53,8.56,0.322,0.307,0.416,0.412,5.179,4.191,16.8,33.4,84.0,0.0,0.8,0.75,0.9,0.75,0.3218,0.3563,0.46,0.49,0.1791,0.2326,lineup,lineup,"[{""id"": 669477, ""name"": ""Casey Schmitt"", ""bats"": ""R"", ""obp"": 0.3130081300813008, ""slg"": 0.5367965367965368, ""iso"": 0.2554112554112554, ""ab"": 231}, {""id"": 646240, ""name"": ""Rafael Devers"", ""bats"": ""L"", ""obp"": 0.29285714285714287, ""slg"": 0.4186046511627907, ""iso"": 0.17829457364341086, ""ab"": 258}, {""id"": 650333, ""name"": ""Luis Arraez"", ""bats"": ""L"", ""obp"": 0.358974358974359, ""slg"": 0.4314516129032258, ""iso"": 0.1088709677419355, ""ab"": 248}]","[{""id"": 695578, ""name"": ""James Wood"", ""bats"": ""L"", ""obp"": 0.40584415584415584, ""slg"": 0.5301204819277109, ""iso"": 0.26506024096385544, ""ab"": 249}, {""id"": 671277, ""name"": ""Luis Garc\u00eda Jr."", ""bats"": ""L"", ""obp"": 0.28365384615384615, ""slg"": 0.44221105527638194, ""iso"": 0.18592964824120606, ""ab"": 199}, {""id"": 678554, ""name"": ""Curtis Mead"", ""bats"": ""R"", ""obp"": 0.35555555555555557, ""slg"": 0.487012987012987, ""iso"": 0.24025974025974026, ""ab"": 154}]","[{""name"": ""away_top3c_iso"", ""value"": 0.2326, ""contribution"": 0.3808}, {""name"": ""away_top3c_slg"", ""value"": 0.49, ""contribution"": -0.252}, {""name"": ""home_fip"", ""value"": 3.051, ""contribution"": -0.1041}, {""name"": ""away_top3_ops_vs_oppHand"", ""value"": 0.8663, ""contribution"": 0.101}, {""name"": ""wx_wind_kmh"", ""value"": 33.4, ""contribution"": 0.0976}]","[{""name"": ""wx_wind_kmh"", ""value"": 33.4, ""contribution"": 0.2306}, {""name"": ""home_plate_ump_nrfi_rate"", ""value"": 0.6254, ""contribution"": 0.1272}, {""name"": ""home_top3c_slg"", ""value"": 0.46, ""contribution"": -0.1216}, {""name"": ""home_top3c_obp"", ""value"": 0.3218, ""contribution"": -0.0648}, {""name"": ""away_fip"", ""value"": 4.5715, ""contribution"": 0.0624}]",644760,0.6254,3.482,3.21,48.0,48.0,0.751,0.7136,5.87,1.58,0.8663,0.7787,L,R,NRFI,PASS,0,0,0,2026-06-09T01:59:21+00:00,-115,-115,DraftKings,2026-06-09T01:58:01+00:00,0.5349,0.5349,-0.0977,0.0279,0.0814,N,1,,-115,-115,2026-06-09T01:42:23+00:00,0,0.4091,YRFI,STRONG,,,,,,,
2026-06-08,2026,823289,1,N,CIN,SD,9:40 PM ET,Andrew Abbott,Walker Buehler,671096,621111,live,live,live,live,0.95,0.4896,0.5046,0.9943,0.4203,0.3391,0.7594,0.4772,0.5228,0.2621,0.7379,,,PASS,NO EDGE,PASS - No edge,4,2026-06-09T01:34:04Z,3.62,4.701,1.333,1.378,4.476,4.31,3.44,3.65,1.13,1.02,6.89,7.26,0.313,0.294,0.398,0.365,4.335,3.905,20.9,13.6,73.0,0.0,0.8,0.6,0.8,0.5,0.3102,0.3497,0.3616,0.485,0.1171,0.2167,lineup,lineup,"[{""id"": 665487, ""name"": ""Fernando Tatis Jr."", ""bats"": ""R"", ""obp"": 0.3420074349442379, ""slg"": 0.3277310924369748, ""iso"": 0.054621848739495826, ""ab"": 238}, {""id"": 701538, ""name"": ""Jackson Merrill"", ""bats"": ""L"", ""obp"": 0.2749003984063745, ""slg"": 0.32894736842105265, ""iso"": 0.12719298245614039, ""ab"": 228}, {""id"": 664034, ""name"": ""Ty France"", ""bats"": ""R"", ""obp"": 0.31297709923664124, ""slg"": 0.4878048780487805, ""iso"": 0.2195121951219512, ""ab"": 123}]","[{""id"": 694362, ""name"": ""Blake Dunn"", ""bats"": ""R"", ""obp"": 0.34375, ""slg"": 0.43333333333333335, ""iso"": 0.13333333333333336, ""ab"": 90}, {""id"": 668709, ""name"": ""JJ Bleday"", ""bats"": ""L"", ""obp"": 0.36129032258064514, ""slg"": 0.5703703703703704, ""iso"": 0.29629629629629634, ""ab"": 135}, {""id"": 701398, ""name"": ""Sal Stewart"", ""bats"": ""R"", ""obp"": 0.34532374100719426, ""slg"": 0.45643153526970953, ""iso"": 0.2033195020746888, ""ab"": 241}]","[{""name"": ""away_top3c_iso"", ""value"": 0.2167, ""contribution"": 0.2694}, {""name"": ""away_top3c_slg"", ""value"": 0.485, ""contribution"": -0.2264}, {""name"": ""fi_park_nrfi_rate"", ""value"": 0.5409, ""contribution"": -0.149}, {""name"": ""era_gap_t1"", ""value"": 1.0809, ""contribution"": 0.1177}, {""name"": ""home_xera"", ""value"": 5.2493, ""contribution"": 0.1162}]","[{""name"": ""home_top3c_slg"", ""value"": 0.3616, ""contribution"": 0.4893}, {""name"": ""home_top3c_iso"", ""value"": 0.1171, ""contribution"": -0.292}, {""name"": ""fi_park_nrfi_rate"", ""value"": 0.5409, ""contribution"": -0.229}, {""name"": ""home_obp"", ""value"": 0.2941, ""contribution"": -0.1377}, {""name"": ""home_top3c_obp"", ""value"": 0.3102, ""contribution"": -0.1054}]",483561,0.5039,5.249,3.784,15.0,43.0,0.7075,0.7396,5.47,5.67,0.8527,0.807,L,R,NRFI,PASS,0,0,0,2026-06-09T01:55:28+00:00,-135,+100,DraftKings,2026-06-09T01:58:01+00:00,0.5745,0.5,-0.0973,0.0228,,N,,,-135,+100,2026-06-09T01:37:09+00:00,,0.4658,PASS,NO EDGE,,,,,,,
2026-06-08,2026,822806,1,N,PHI,TOR,7:07 PM ET,Cristopher Sánchez,Patrick Corbin,650911,571578,live,live,live,live,1.01,0.4884,0.3011,0.7895,0.5145,0.2327,0.7472,0.4772,0.5228,0.1874,0.8126,,,PASS,NO EDGE,PASS - No edge,4,2026-06-08T23:03:22Z,1.79,4.159,1.08,1.371,2.097,4.232,1.84,2.79,0.38,1.09,10.35,6.77,0.301,0.314,0.392,0.391,4.119,4.191,,,,1.0,0.6,1.0,0.8,0.9,0.3448,0.3349,0.3727,0.4724,0.1082,0.2293,lineup,lineup,"[{""id"": 543807, ""name"": ""George Springer"", ""bats"": ""R"", ""obp"": 0.28865979381443296, ""slg"": 0.3505747126436782, ""iso"": 0.14367816091954025, ""ab"": 174}, {""id"": 664770, ""name"": ""Nathan Lukes"", ""bats"": ""L"", ""obp"": 0.36538461538461536, ""slg"": 0.4105263157894737, ""iso"": 0.09473684210526317, ""ab"": 95}, {""id"": 665489, ""name"": ""Vladimir Guerrero Jr."", ""bats"": ""R"", ""obp"": 0.37777777777777777, ""slg"": 0.3739130434782609, ""iso"": 0.08695652173913043, ""ab"": 230}]","[{""id"": 656941, ""name"": ""Kyle Schwarber"", ""bats"": ""L"", ""obp"": 0.35842293906810035, ""slg"": 0.5787234042553191, ""iso"": 0.34042553191489355, ""ab"": 235}, {""id"": 607208, ""name"": ""Trea Turner"", ""bats"": ""R"", ""obp"": 0.2801418439716312, ""slg"": 0.3473282442748092, ""iso"": 0.11832061068702293, ""ab"": 262}, {""id"": 547180, ""name"": ""Bryce Harper"", ""bats"": ""L"", ""obp"": 0.3680297397769517, ""slg"": 0.5066079295154186, ""iso"": 0.24229074889867847, ""ab"": 227}]","[{""name"": ""away_top3c_iso"", ""value"": 0.2293, ""contribution"": 0.3577}, {""name"": ""era_gap_t1"", ""value"": 2.3686, ""contribution"": 0.2571}, {""name"": ""away_top3c_slg"", ""value"": 0.4724, ""contribution"": -0.1626}, {""name"": ""home_xera"", ""value"": 4.7815, ""contribution"": 0.0683}, {""name"": ""home_p_last10_pitcher_nrfi"", ""value"": 0.8, ""contribution"": 0.0326}]","[{""name"": ""home_top3c_slg"", ""value"": 0.3727, ""contribution"": 0.4202}, {""name"": ""home_top3c_iso"", ""value"": 0.1082, ""contribution"": -0.3342}, {""name"": ""away_fip"", ""value"": 2.0965, ""contribution"": -0.2021}, {""name"": ""away_whiff_pct_rank"", ""value"": 95.0, ""contribution"": -0.1947}, {""name"": ""era_gap_b1"", ""value"": -2.3686, ""contribution"": -0.1615}]",596740,0.574,4.782,2.881,54.0,95.0,0.7597,0.7272,4.87,7.6,0.754,0.79,L,L,NRFI,PASS,0,0,0,2026-06-08T23:20:21+00:00,-155,+120,DraftKings,2026-06-08T23:02:40+00:00,0.6078,0.4545,-0.1306,0.0683,,N,,,-155,+120,2026-06-08T23:02:40+00:00,,0.4877,PASS,NO EDGE,,,,,,,
2026-06-08,2026,824427,1,N,NYY,CLE,6:40 PM ET,Will Warren,Gavin Williams,701542,668909,live,live,live,live,0.96,0.497,0.445,0.942,0.3274,0.3863,0.7137,0.4778,0.5222,0.2429,0.7571,,,PASS,NO EDGE,PASS - No edge,4,2026-06-08T22:34:11Z,3.689,3.154,1.265,1.143,3.636,3.876,3.03,3.33,1.07,1.23,9.7,10.05,0.327,0.316,0.429,0.38,4.956,4.14,29.0,12.3,43.0,0.0,1.0,0.6,0.7,0.8,0.3414,0.3614,0.4227,0.5199,0.1711,0.2554,lineup,lineup,"[{""id"": 683953, ""name"": ""Travis Bazzana"", ""bats"": ""L"", ""obp"": 0.35526315789473684, ""slg"": 0.44360902255639095, ""iso"": 0.17293233082706766, ""ab"": 133}, {""id"": 608070, ""name"": ""Jos\u00e9 Ram\u00edrez"", ""bats"": ""S"", ""obp"": 0.3447098976109215, ""slg"": 0.4274193548387097, ""iso"": 0.18951612903225806, ""ab"": 248}, {""id"": 800050, ""name"": ""Chase DeLauter"", ""bats"": ""L"", ""obp"": 0.32941176470588235, ""slg"": 0.4052863436123348, ""iso"": 0.14977973568281938, ""ab"": 227}]","[{""id"": 663757, ""name"": ""Trent Grisham"", ""bats"": ""L"", ""obp"": 0.3346938775510204, ""slg"": 0.40096618357487923, ""iso"": 0.17874396135265702, ""ab"": 207}, {""id"": 700250, ""name"": ""Ben Rice"", ""bats"": ""L"", ""obp"": 0.392, ""slg"": 0.6401869158878505, ""iso"": 0.34112149532710284, ""ab"": 214}, {""id"": 680474, ""name"": ""Max Schuemann"", ""bats"": ""R"", ""obp"": 0.4642857142857143, ""slg"": 0.4, ""iso"": 0.15000000000000002, ""ab"": 20}]","[{""name"": ""away_top3c_iso"", ""value"": 0.2554, ""contribution"": 0.5419}, {""name"": ""away_top3c_slg"", ""value"": 0.5199, ""contribution"": -0.4035}, {""name"": ""fi_park_nrfi_rate"", ""value"": 0.528, ""contribution"": -0.1042}, {""name"": ""era_gap_t1"", ""value"": -0.535, ""contribution"": -0.0573}, {""name"": ""wx_temp_c"", ""value"": 29.0, ""contribution"": 0.0464}]","[{""name"": ""fi_park_nrfi_rate"", ""value"": 0.528, ""contribution"": -0.1602}, {""name"": ""home_top3c_slg"", ""value"": 0.4227, ""contribution"": 0.1099}, {""name"": ""wx_temp_c"", ""value"": 29.0, ""contribution"": 0.0647}, {""name"": ""away_whiff_pct_rank"", ""value"": 39.0, ""contribution"": 0.047}, {""name"": ""away_fip"", ""value"": 3.6363, ""contribution"": -0.0376}]",608158,0.5142,4.171,4.345,88.0,39.0,0.7396,0.7136,6.47,5.33,0.7847,0.7607,R,R,YRFI,PASS,2,0,2,2026-06-08T22:57:04+00:00,-135,+105,DraftKings,2026-06-08T22:57:26+00:00,0.5745,0.4878,-0.0967,0.0344,,N,,,-135,+105,2026-06-08T22:36:28+00:00,,0.4536,PASS,NO EDGE,,,,,,,
2026-06-08,2026,824829,1,N,SEA,BAL,6:35 PM ET,Emerson Hancock,Trey Gibson,676106,694346,live,sm,live,live,1.06,0.5801,0.5109,1.091,0.2891,0.3945,0.6836,0.4795,0.5205,0.2977,0.7023,,,PASS,NO EDGE,PASS - No edge,4,2026-06-08T22:34:11Z,3.496,4.049,1.095,1.344,4.117,4.662,2.33,3.46,1.33,1.27,8.25,7.58,0.318,0.32,0.4,0.402,4.265,4.648,24.3,11.4,51.0,0.0,0.5,0.8,0.5,0.9,0.333,0.3203,0.4092,0.3941,0.1699,0.1377,lineup,lineup,"[{""id"": 621493, ""name"": ""Taylor Ward"", ""bats"": ""R"", ""obp"": 0.3959731543624161, ""slg"": 0.3598326359832636, ""iso"": 0.10460251046025104, ""ab"": 239}, {""id"": 683002, ""name"": ""Gunnar Henderson"", ""bats"": ""L"", ""obp"": 0.2785234899328859, ""slg"": 0.41818181818181815, ""iso"": 0.19636363636363632, ""ab"": 275}, {""id"": 624413, ""name"": ""Pete Alonso"", ""bats"": ""R"", ""obp"": 0.323943661971831, ""slg"": 0.44621513944223107, ""iso"": 0.20318725099601592, ""ab"": 251}]","[{""id"": 702284, ""name"": ""Cole Young"", ""bats"": ""L"", ""obp"": 0.3244274809160305, ""slg"": 0.3562231759656652, ""iso"": 0.10300429184549353, ""ab"": 233}, {""id"": 677594, ""name"": ""Julio Rodr\u00edguez"", ""bats"": ""R"", ""obp"": 0.3161512027491409, ""slg"": 0.45692883895131087, ""iso"": 0.19850187265917602, ""ab"": 267}, {""id"": 647304, ""name"": ""Josh Naylor"", ""bats"": ""L"", ""obp"": 0.32075471698113206, ""slg"": 0.36099585062240663, ""iso"": 0.10373443983402492, ""ab"": 241}]","[{""name"": ""away_top3c_iso"", ""value"": 0.1377, ""contribution"": -0.2876}, {""name"": ""away_top3c_slg"", ""value"": 0.3941, ""contribution"": 0.2341}, {""name"": ""home_p_last10_pitcher_nrfi"", ""value"": 0.5, ""contribution"": -0.0846}, {""name"": ""home_fip"", ""value"": 4.6619, ""contribution"": 0.0767}, {""name"": ""fi_park_nrfi_rate"", ""value"": 0.519, ""contribution"": -0.0733}]","[{""name"": ""home_top3c_slg"", ""value"": 0.4092, ""contribution"": 0.1941}, {""name"": ""away_whiff_pct_rank"", ""value"": 18.0, ""contribution"": 0.1376}, {""name"": ""fi_park_nrfi_rate"", ""value"": 0.519, ""contribution"": -0.1127}, {""name"": ""away_p_last10_pitcher_nrfi"", ""value"": 0.9, ""contribution"": -0.0601}, {""name"": ""home_obp"", ""value"": 0.3201, ""contribution"": 0.044}]",573597,0.4761,4.2,5.231,50.0,18.0,0.7136,0.7272,5.17,5.8,0.7023,0.742,R,R,NRFI,PASS,0,0,0,2026-06-08T22:51:30+00:00,-105,-120,DraftKings,2026-06-08T22:57:26+00:00,0.5122,0.5455,-0.0327,-0.025,,N,,,-105,-120,2026-06-08T22:33:48+00:00,,0.4877,PASS,NO EDGE,,,,,,,
2026-06-09,2026,824347,1,N,CHC,COL,8:40 PM ET,Colin Rea,Tomoyuki Sugano,607067,608372,live,live,live,live,1.22,0.7128,0.6456,1.3583,0.5406,0.6547,1.1953,0.3219,0.6781,0.3937,0.6063,,,YRFI,STRONG,STRONG YRFI,4,2026-06-09T23:35:14Z,4.344,4.236,1.312,1.287,4.321,5.246,2.86,2.37,1.21,1.69,7.25,5.5,0.33,0.316,0.392,0.392,4.574,4.34,30.1,13.5,24.0,0.0,0.6,0.6,0.6,0.7,0.3364,0.3463,0.4119,0.4142,0.1414,0.165,lineup,lineup,"[{""id"": 664983, ""name"": ""Jake McCarthy"", ""bats"": ""L"", ""obp"": 0.32432432432432434, ""slg"": 0.45294117647058824, ""iso"": 0.17058823529411765, ""ab"": 170}, {""id"": 650489, ""name"": ""Willi Castro"", ""bats"": ""S"", ""obp"": 0.33658536585365856, ""slg"": 0.366120218579235, ""iso"": 0.10382513661202186, ""ab"": 183}, {""id"": 681198, ""name"": ""TJ Rumfield"", ""bats"": ""L"", ""obp"": 0.3453815261044177, ""slg"": 0.41818181818181815, ""iso"": 0.14999999999999997, ""ab"": 220}]","[{""id"": 691718, ""name"": ""Pete Crow-Armstrong"", ""bats"": ""L"", ""obp"": 0.34057971014492755, ""slg"": 0.4426229508196721, ""iso"": 0.1844262295081967, ""ab"": 244}, {""id"": 807713, ""name"": ""Matt Shaw"", ""bats"": ""R"", ""obp"": 0.2912621359223301, ""slg"": 0.4, ""iso"": 0.15789473684210528, ""ab"": 95}, {""id"": 683737, ""name"": ""Michael Busch"", ""bats"": ""L"", ""obp"": 0.3693379790940767, ""slg"": 0.3898305084745763, ""iso"": 0.1440677966101695, ""ab"": 236}]","[{""name"": ""fi_park_nrfi_rate"", ""value"": 0.4241, ""contribution"": 0.2547}, {""name"": ""home_xera"", ""value"": 5.6402, ""contribution"": 0.1562}, {""name"": ""home_fip"", ""value"": 5.2455, ""contribution"": 0.1422}, {""name"": ""away_top3c_slg"", ""value"": 0.4142, ""contribution"": 0.1319}, {""name"": ""away_top3c_iso"", ""value"": 0.165, ""contribution"": -0.0947}]","[{""name"": ""fi_park_nrfi_rate"", ""value"": 0.4241, ""contribution"": 0.3916}, {""name"": ""home_top3c_iso"", ""value"": 0.1414, ""contribution"": -0.1777}, {""name"": ""home_top3c_slg"", ""value"": 0.4119, ""contribution"": 0.1772}, {""name"": ""away_whiff_pct_rank"", ""value"": 21.0, ""contribution"": 0.1247}, {""name"": ""wx_temp_c"", ""value"": 30.1, ""contribution"": 0.0739}]",482663,0.5317,5.64,4.334,12.0,21.0,0.7272,0.7272,5.27,5.33,0.7603,0.766,R,R,YRFI,WIN,0,2,2,2026-06-10T00:56:59+00:00,+140,-185,DraftKings,2026-06-09T23:44:31+00:00,0.4167,0.6491,-0.0948,0.029,0.029,Y,1,0.541,+140,-185,2026-06-09T23:39:04+00:00,0,0.3830,YRFI,STRONG,,,,,,,
2026-06-09,2026,824999,1,N,MIL,OAK,10:05 PM ET,Robert Gasser,J.T. Ginn,688107,669372,sm,live,live,live,0.93,0.5094,0.5201,1.0296,0.3812,0.6384,1.0196,0.3539,0.6461,0.2751,0.7249,,,YRFI,STRONG,STRONG YRFI,4,2026-06-10T00:35:21Z,4.308,3.544,1.302,1.177,4.371,4.181,3.39,3.47,1.25,1.2,8.63,8.79,0.335,0.324,0.391,0.402,5.209,4.377,21.6,16.6,56.0,0.0,1.0,0.8,0.9,0.8,0.3871,0.3773,0.5226,0.4706,0.2406,0.1846,lineup,lineup,"[{""id"": 687515, ""name"": ""Colby Thomas"", ""bats"": ""R"", ""obp"": 0.32075471698113206, ""slg"": 0.42857142857142855, ""iso"": 0.16326530612244894, ""ab"": 49}, {""id"": 701762, ""name"": ""Nick Kurtz"", ""bats"": ""L"", ""obp"": 0.43434343434343436, ""slg"": 0.5213675213675214, ""iso"": 0.23931623931623935, ""ab"": 234}, {""id"": 669127, ""name"": ""Shea Langeliers"", ""bats"": ""R"", ""obp"": 0.3490909090909091, ""slg"": 0.5421686746987951, ""iso"": 0.2570281124497992, ""ab"": 249}]","[{""id"": 592885, ""name"": ""Christian Yelich"", ""bats"": ""L"", ""obp"": 0.35294117647058826, ""slg"": 0.43478260869565216, ""iso"": 0.15217391304347827, ""ab"": 138}, {""id"": 694192, ""name"": ""Jackson Chourio"", ""bats"": ""R"", ""obp"": 0.3617021276595745, ""slg"": 0.484375, ""iso"": 0.1796875, ""ab"": 128}, {""id"": 668930, ""name"": ""Brice Turang"", ""bats"": ""L"", ""obp"": 0.39855072463768115, ""slg"": 0.4845814977973568, ""iso"": 0.20704845814977973, ""ab"": 227}]","[{""name"": ""fi_park_nrfi_rate"", ""value"": 0.4422, ""contribution"": 0.1922}, {""name"": ""away_top3c_slg"", ""value"": 0.4706, ""contribution"": -0.1536}, {""name"": ""away_top3_ops_vs_oppHand"", ""value"": 0.874, ""contribution"": 0.1088}, {""name"": ""era_gap_t1"", ""value"": -0.7646, ""contribution"": -0.0822}, {""name"": ""home_p_last10_pitcher_nrfi"", ""value"": 0.9, ""contribution"": 0.0716}]","[{""name"": ""home_top3c_slg"", ""value"": 0.5226, ""contribution"": -0.5104}, {""name"": ""fi_park_nrfi_rate"", ""value"": 0.4422, ""contribution"": 0.2954}, {""name"": ""home_top3c_iso"", ""value"": 0.2406, ""contribution"": 0.2907}, {""name"": ""home_top3_ops_vs_oppHand"", ""value"": 0.928, ""contribution"": 0.197}, {""name"": ""home_top3c_obp"", ""value"": 0.3871, ""contribution"": 0.1641}]",503077,0.5258,3.667,4.2,82.0,50.0,0.7136,0.7136,5.67,3.8,0.874,0.928,L,R,YRFI,WIN,2,1,3,2026-06-10T02:26:47+00:00,+160,-210,DraftKings,2026-06-10T01:05:11+00:00,0.3846,0.6774,-0.0285,-0.0335,-0.0335,Y,1,0.476,+160,-210,2026-06-10T00:59:52+00:00,0,0.4144,YRFI,STRONG,,,,,,,
2026-06-09,2026,823858,1,N,ARI,MIA,6:40 PM ET,Zac Gallen,Max Meyer,668678,676974,live,live,live,live,0.95,0.4165,0.5632,0.9797,0.3196,0.5559,0.8756,0.4064,0.5936,0.2568,0.7432,,,YRFI,STRONG,STRONG YRFI,4,2026-06-09T21:36:02Z,5.132,3.396,1.42,1.154,4.856,3.479,2.92,3.16,1.51,0.91,6.87,9.68,0.307,0.319,0.393,0.383,4.381,4.241,,,,1.0,0.6,0.6,0.8,0.5,0.3395,0.3348,0.4444,0.4762,0.1643,0.2135,lineup,lineup,"[{""id"": 689414, ""name"": ""Liam Hicks"", ""bats"": ""L"", ""obp"": 0.3458333333333333, ""slg"": 0.46116504854368934, ""iso"": 0.19902912621359226, ""ab"": 206}, {""id"": 672640, ""name"": ""Otto Lopez"", ""bats"": ""R"", ""obp"": 0.36496350364963503, ""slg"": 0.48046875, ""iso"": 0.14453125, ""ab"": 256}, {""id"": 669065, ""name"": ""Kyle Stowers"", ""bats"": ""L"", ""obp"": 0.29213483146067415, ""slg"": 0.36477987421383645, ""iso"": 0.15094339622641506, ""ab"": 159}]","[{""id"": 606466, ""name"": ""Ketel Marte"", ""bats"": ""S"", ""obp"": 0.299625468164794, ""slg"": 0.4426229508196721, ""iso"": 0.19672131147540983, ""ab"": 244}, {""id"": 682998, ""name"": ""Corbin Carroll"", ""bats"": ""L"", ""obp"": 0.375, ""slg"": 0.5526315789473685, ""iso"": 0.26754385964912286, ""ab"": 228}, {""id"": 672515, ""name"": ""Gabriel Moreno"", ""bats"": ""R"", ""obp"": 0.3269230769230769, ""slg"": 0.40875912408759124, ""iso"": 0.1532846715328467, ""ab"": 137}]","[{""name"": ""away_top3c_iso"", ""value"": 0.2135, ""contribution"": 0.2463}, {""name"": ""era_gap_t1"", ""value"": -1.7353, ""contribution"": -0.1873}, {""name"": ""away_top3c_slg"", ""value"": 0.4762, ""contribution"": -0.1819}, {""name"": ""fi_park_nrfi_rate"", ""value"": 0.455, ""contribution"": 0.1479}, {""name"": ""home_xera"", ""value"": 4.8244, ""contribution"": 0.0727}]","[{""name"": ""fi_park_nrfi_rate"", ""value"": 0.455, ""contribution"": 0.2273}, {""name"": ""era_gap_b1"", ""value"": 1.7353, ""contribution"": 0.1177}, {""name"": ""away_fip"", ""value"": 4.8562, ""contribution"": 0.0928}, {""name"": ""away_whiff_pct_rank"", ""value"": 29.0, ""contribution"": 0.0902}, {""name"": ""wx_is_dome"", ""value"": 1.0, ""contribution"": -0.0758}]",664263,0.565,4.824,4.131,79.0,29.0,0.7272,0.7272,6.33,5.2,0.7613,0.7707,R,R,YRFI,WIN,1,1,2,2026-06-09T22:59:34+00:00,-130,+100,DraftKings,2026-06-09T21:40:31+00:00,0.5652,0.5,-0.1588,0.0936,0.0936,Y,1,1,-130,+100,2026-06-09T21:36:40+00:00,0,0.4521,PASS,NO EDGE,,,,,,,
2026-06-09,2026,823374,1,N,LAD,PIT,6:40 PM ET,Eric Lauer,Paul Skenes,641778,694973,live,live,live,live,0.96,0.3311,0.6533,0.9843,0.2048,0.6111,0.8158,0.4353,0.5647,0.2585,0.7415,,,PASS,LOW LAMBDA,PASS - Low lambda,4,2026-06-09T22:35:37Z,4.632,2.517,1.269,0.918,5.419,2.486,2.96,1.8,1.95,0.68,7.31,10.49,0.338,0.332,0.435,0.4,5.093,4.944,29.7,16.2,52.0,0.0,0.8,0.6,0.7,0.6,0.3629,0.3701,0.4409,0.507,0.1664,0.2187,lineup,lineup,"[{""id"": 693304, ""name"": ""Nick Gonzales"", ""bats"": ""R"", ""obp"": 0.359504132231405, ""slg"": 0.38565022421524664, ""iso"": 0.07623318385650224, ""ab"": 223}, {""id"": 682848, ""name"": ""Endy Rodr\u00edguez"", ""bats"": ""S"", ""obp"": 0.4074074074074074, ""slg"": 0.35714285714285715, ""iso"": 0.11904761904761907, ""ab"": 42}, {""id"": 668804, ""name"": ""Bryan Reynolds"", ""bats"": ""S"", ""obp"": 0.3908450704225352, ""slg"": 0.41379310344827586, ""iso"": 0.15086206896551724, ""ab"": 232}]","[{""id"": 669743, ""name"": ""Alex Call"", ""bats"": ""R"", ""obp"": 0.37362637362637363, ""slg"": 0.32894736842105265, ""iso"": 0.06578947368421056, ""ab"": 76}, {""id"": 681624, ""name"": ""Andy Pages"", ""bats"": ""R"", ""obp"": 0.3296296296296296, ""slg"": 0.5222672064777328, ""iso"": 0.23886639676113364, ""ab"": 247}, {""id"": 500743, ""name"": ""Miguel Rojas"", ""bats"": ""R"", ""obp"": 0.3055555555555556, ""slg"": 0.31958762886597936, ""iso"": 0.07216494845360821, ""ab"": 97}]","[{""name"": ""away_top3c_slg"", ""value"": 0.507, ""contribution"": -0.3378}, {""name"": ""away_top3c_iso"", ""value"": 0.2187, ""contribution"": 0.2829}, {""name"": ""era_gap_t1"", ""value"": -2.1146, ""contribution"": -0.2283}, {""name"": ""home_xera"", ""value"": 2.0935, ""contribution"": -0.2072}, {""name"": ""home_fip"", ""value"": 2.4861, ""contribution"": -0.1676}]","[{""name"": ""away_fip"", ""value"": 5.4195, ""contribution"": 0.153}, {""name"": ""era_gap_b1"", ""value"": 2.1146, ""contribution"": 0.1435}, {""name"": ""home_obp"", ""value"": 0.3323, ""contribution"": 0.1295}, {""name"": ""away_whiff_pct_rank"", ""value"": 20.0, ""contribution"": 0.129}, {""name"": ""fi_park_nrfi_rate"", ""value"": 0.5188, ""contribution"": -0.1113}]",639723,0.548,2.094,4.073,86.0,20.0,0.7396,0.7396,5.6,4.87,0.901,0.7057,L,R,YRFI,PASS,0,2,2,2026-06-09T22:57:22+00:00,-120,-105,DraftKings,2026-06-09T22:57:55+00:00,0.5455,0.5122,-0.1102,0.0525,0.0814,N,1,,-120,-105,2026-06-09T22:36:32+00:00,0,0.4658,PASS,NO EDGE,,,,,,,
2026-06-09,2026,822969,1,N,BOS,TB,6:40 PM ET,Payton Tolle,Nick Martinez,801139,607259,ltd,live,live,live,0.93,0.3762,0.4014,0.7776,0.3738,0.3878,0.7616,0.4772,0.5228,0.1832,0.8168,,,PASS,NO EDGE,PASS - No edge,4,2026-06-09T22:35:37Z,3.148,3.074,1.103,1.197,3.386,3.925,2.69,1.89,0.87,0.93,9.29,5.72,0.314,0.331,0.382,0.387,4.019,4.532,,,,1.0,0.8,0.6,0.9,0.6,0.364,0.3178,0.4536,0.4117,0.1612,0.1553,lineup,lineup,"[{""id"": 650490, ""name"": ""Yandy D\u00edaz"", ""bats"": ""R"", ""obp"": 0.39923954372623577, ""slg"": 0.5367965367965368, ""iso"": 0.21212121212121215, ""ab"": 231}, {""id"": 691406, ""name"": ""Junior Caminero"", ""bats"": ""R"", ""obp"": 0.3776978417266187, ""slg"": 0.4957983193277311, ""iso"": 0.2184873949579832, ""ab"": 238}, {""id"": 802415, ""name"": ""Chandler Simpson"", ""bats"": ""L"", ""obp"": 0.3117408906882591, ""slg"": 0.3275862068965517, ""iso"": 0.051724137931034475, ""ab"": 232}]","[{""id"": 680776, ""name"": ""Jarren Duran"", ""bats"": ""L"", ""obp"": 0.26996197718631176, ""slg"": 0.3875, ""iso"": 0.17916666666666667, ""ab"": 240}, {""id"": 678882, ""name"": ""Ceddanne Rafaela"", ""bats"": ""R"", ""obp"": 0.3459915611814346, ""slg"": 0.42857142857142855, ""iso"": 0.14285714285714285, ""ab"": 217}, {""id"": 677800, ""name"": ""Wilyer Abreu"", ""bats"": ""L"", ""obp"": 0.33948339483394835, ""slg"": 0.4204081632653061, ""iso"": 0.14285714285714285, ""ab"": 245}]","[{""name"": ""fi_park_nrfi_rate"", ""value"": 0.4376, ""contribution"": 0.2081}, {""name"": ""away_top3c_iso"", ""value"": 0.1553, ""contribution"": -0.1635}, {""name"": ""away_top3c_slg"", ""value"": 0.4117, ""contribution"": 0.1448}, {""name"": ""home_p_last10_pitcher_nrfi"", ""value"": 0.9, ""contribution"": 0.0716}, {""name"": ""away_top3_ops_vs_oppHand"", ""value"": 0.7027, ""contribution"": -0.0658}]","[{""name"": ""fi_park_nrfi_rate"", ""value"": 0.4376, ""contribution"": 0.3199}, {""name"": ""away_whiff_pct_rank"", ""value"": 100.0, ""contribution"": -0.2163}, {""name"": ""home_obp"", ""value"": 0.3305, ""contribution"": 0.1172}, {""name"": ""home_top3c_iso"", ""value"": 0.1612, ""contribution"": -0.0841}, {""name"": ""home_top3c_obp"", ""value"": 0.364, ""contribution"": 0.0832}]",577468,0.4946,4.133,3.327,18.0,100.0,0.7272,0.7136,5.73,5.93,0.7027,0.811,L,R,NRFI,PASS,0,0,0,2026-06-09T22:56:20+00:00,-135,+105,DraftKings,2026-06-09T22:36:32+00:00,0.5745,0.4878,-0.0973,0.035,0.1058,N,1,,-135,+105,2026-06-09T22:36:32+00:00,0,0.4877,PASS,NO EDGE,,,,,,,
2026-06-09,2026,824591,1,N,ATL,CWS,7:40 PM ET,Grant Holmes,Brandon Eisert,656550,685126,live,ltd,live,live,0.98,0.5261,0.6323,1.1584,0.3895,0.5116,0.9011,0.4064,0.5936,0.3223,0.6777,,,YRFI,STRONG,STRONG YRFI,4,2026-06-09T22:35:37Z,3.913,4.015,1.326,1.324,4.841,4.0,3.98,3.14,1.53,1.21,8.7,9.35,0.322,0.325,0.426,0.413,5.08,4.719,28.3,4.2,73.0,0.0,0.6,0.8,0.6,0.7,0.3521,0.3496,0.4308,0.5007,0.1782,0.2244,lineup,lineup,"[{""id"": 803011, ""name"": ""Sam Antonacci"", ""bats"": ""L"", ""obp"": 0.3862433862433862, ""slg"": 0.37888198757763975, ""iso"": 0.09316770186335405, ""ab"": 161}, {""id"": 678246, ""name"": ""Miguel Vargas"", ""bats"": ""R"", ""obp"": 0.3701067615658363, ""slg"": 0.48917748917748916, ""iso"": 0.24675324675324672, ""ab"": 231}, {""id"": 643217, ""name"": ""Andrew Benintendi"", ""bats"": ""L"", ""obp"": 0.2961165048543689, ""slg"": 0.4032258064516129, ""iso"": 0.16666666666666663, ""ab"": 186}]","[{""id"": 642201, ""name"": ""Eli White"", ""bats"": ""R"", ""obp"": 0.2597402597402597, ""slg"": 0.352112676056338, ""iso"": 0.1408450704225352, ""ab"": 71}, {""id"": 671739, ""name"": ""Michael Harris II"", ""bats"": ""L"", ""obp"": 0.3404255319148936, ""slg"": 0.5225225225225225, ""iso"": 0.21621621621621623, ""ab"": 222}, {""id"": 621566, ""name"": ""Matt Olson"", ""bats"": ""L"", ""obp"": 0.33793103448275863, ""slg"": 0.5387596899224806, ""iso"": 0.2713178294573643, ""ab"": 258}]","[{""name"": ""away_top3c_iso"", ""value"": 0.2244, ""contribution"": 0.3231}, {""name"": ""away_top3c_slg"", ""value"": 0.5007, ""contribution"": -0.3063}, {""name"": ""home_avg_ip_per_start"", ""value"": 1.1333, ""contribution"": 0.1299}, {""name"": ""fi_park_nrfi_rate"", ""value"": 0.473, ""contribution"": 0.0859}, {""name"": ""home_p_last10_pitcher_nrfi"", ""value"": 0.6, ""contribution"": -0.0455}]","[{""name"": ""fi_park_nrfi_rate"", ""value"": 0.473, ""contribution"": 0.1321}, {""name"": ""away_fip"", ""value"": 4.8407, ""contribution"": 0.0911}, {""name"": ""home_obp"", ""value"": 0.3249, ""contribution"": 0.078}, {""name"": ""wx_wind_kmh"", ""value"": 4.2, ""contribution"": -0.0768}, {""name"": ""home_top3c_slg"", ""value"": 0.4308, ""contribution"": 0.0596}]",485856,0.5084,4.2,4.794,50.0,50.0,0.7136,0.7136,1.13,5.13,0.766,0.7763,R,L,YRFI,WIN,2,0,2,2026-06-09T23:58:16+00:00,+100,-130,DraftKings,2026-06-09T22:42:00+00:00,0.5,0.5652,-0.0936,0.0284,0.0284,Y,1,0.769,+100,-130,2026-06-09T22:36:32+00:00,0,0.4521,PASS,NO EDGE,,,,,,,
2026-06-09,2026,824023,1,N,HOU,LAA,9:38 PM ET,Kai-Wei Teng,Walbert Ureña,678906,700712,ltd,ltd,live,live,0.99,0.5124,0.5311,1.0435,0.3949,0.6333,1.0282,0.3485,0.6515,0.2802,0.7198,,,YRFI,STRONG,STRONG YRFI,4,2026-06-10T00:35:21Z,3.816,3.341,1.244,1.299,4.162,4.091,3.78,4.1,1.11,0.94,8.94,8.68,0.319,0.315,0.411,0.391,4.572,4.421,25.0,14.8,56.0,0.0,0.8,0.8,0.8889,0.6,0.3653,0.3727,0.4552,0.5402,0.2183,0.2578,lineup,lineup,"[{""id"": 687263, ""name"": ""Zach Neto"", ""bats"": ""R"", ""obp"": 0.3378839590443686, ""slg"": 0.450199203187251, ""iso"": 0.21912350597609562, ""ab"": 251}, {""id"": 545361, ""name"": ""Mike Trout"", ""bats"": ""R"", ""obp"": 0.38926174496644295, ""slg"": 0.4444444444444444, ""iso"": 0.2222222222222222, ""ab"": 234}, {""id"": 685133, ""name"": ""Wade Meckler"", ""bats"": ""L"", ""obp"": 0.38181818181818183, ""slg"": 0.5294117647058824, ""iso"": 0.19607843137254904, ""ab"": 51}]","[{""id"": 665161, ""name"": ""Jeremy Pe\u00f1a"", ""bats"": ""R"", ""obp"": 0.3560606060606061, ""slg"": 0.423728813559322, ""iso"": 0.13559322033898302, ""ab"": 118}, {""id"": 670541, ""name"": ""Yordan Alvarez"", ""bats"": ""L"", ""obp"": 0.42662116040955633, ""slg"": 0.6390041493775933, ""iso"": 0.3278008298755186, ""ab"": 241}, {""id"": 572233, ""name"": ""Christian Walker"", ""bats"": ""R"", ""obp"": 0.3237410071942446, ""slg"": 0.5, ""iso"": 0.248, ""ab"": 250}]","[{""name"": ""away_top3c_iso"", ""value"": 0.2578, ""contribution"": 0.5586}, {""name"": ""away_top3c_slg"", ""value"": 0.5402, ""contribution"": -0.5063}, {""name"": ""home_xera"", ""value"": 2.4971, ""contribution"": -0.1658}, {""name"": ""fi_park_nrfi_rate"", ""value"": 0.4526, ""contribution"": 0.1563}, {""name"": ""away_top3_ops_vs_oppHand"", ""value"": 0.88, ""contribution"": 0.1149}]","[{""name"": ""fi_park_nrfi_rate"", ""value"": 0.4526, ""contribution"": 0.2403}, {""name"": ""home_top3c_iso"", ""value"": 0.2183, ""contribution"": 0.1854}, {""name"": ""home_top3_ops_vs_oppHand"", ""value"": 0.8583, ""contribution"": 0.1136}, {""name"": ""home_top3c_slg"", ""value"": 0.4552, ""contribution"": -0.0921}, {""name"": ""home_top3c_obp"", ""value"": 0.3653, ""contribution"": 0.0878}]",665302,0.5084,2.497,3.808,50.0,62.0,0.7136,0.7136,5.6,4.8,0.88,0.8583,R,R,YRFI,WIN,0,2,2,2026-06-10T02:07:06+00:00,+100,-130,DraftKings,2026-06-10T00:38:40+00:00,0.5,0.5652,-0.1515,0.0863,0.0863,Y,1,0.769,+100,-130,2026-06-10T00:32:10+00:00,0,0.4658,PASS,NO EDGE,,,,,,,
2026-06-09,2026,823620,1,N,STL,NYM,7:10 PM ET,Dustin May,Freddy Peralta,669160,642547,live,live,live,live,0.96,0.4707,0.4476,0.9183,0.2826,0.4284,0.711,0.4782,0.5218,0.2342,0.7658,,,PASS,NO EDGE,PASS - No edge,4,2026-06-09T23:04:55Z,4.732,3.298,1.34,1.234,3.805,3.884,3.05,3.61,0.96,1.11,8.24,9.67,0.321,0.298,0.391,0.374,4.429,4.156,21.7,15.6,57.0,0.0,0.8,0.8,0.9,0.6,0.3211,0.3652,0.4094,0.4184,0.1541,0.1546,lineup,lineup,"[{""id"": 701807, ""name"": ""Carson Benge"", ""bats"": ""L"", ""obp"": 0.32510288065843623, ""slg"": 0.4080717488789238, ""iso"": 0.14349775784753366, ""ab"": 223}, {""id"": 666182, ""name"": ""Bo Bichette"", ""bats"": ""R"", ""obp"": 0.2852112676056338, ""slg"": 0.32950191570881227, ""iso"": 0.09578544061302682, ""ab"": 261}, {""id"": 665742, ""name"": ""Juan Soto"", ""bats"": ""L"", ""obp"": 0.36585365853658536, ""slg"": 0.5280898876404494, ""iso"": 0.2528089887640449, ""ab"": 178}]","[{""id"": 802139, ""name"": ""JJ Wetherholt"", ""bats"": ""L"", ""obp"": 0.35793357933579334, ""slg"": 0.39473684210526316, ""iso"": 0.14912280701754388, ""ab"": 228}, {""id"": 671056, ""name"": ""Iv\u00e1n Herrera"", ""bats"": ""R"", ""obp"": 0.3776223776223776, ""slg"": 0.4025423728813559, ""iso"": 0.1483050847457627, ""ab"": 236}, {""id"": 676475, ""name"": ""Alec Burleson"", ""bats"": ""L"", ""obp"": 0.3592592592592593, ""slg"": 0.45643153526970953, ""iso"": 0.1659751037344398, ""ab"": 241}]","[{""name"": ""away_top3c_iso"", ""value"": 0.1546, ""contribution"": -0.1682}, {""name"": ""era_gap_t1"", ""value"": -1.4341, ""contribution"": -0.1547}, {""name"": ""away_top3c_slg"", ""value"": 0.4184, ""contribution"": 0.1106}, {""name"": ""home_xera"", ""value"": 3.3533, ""contribution"": -0.0781}, {""name"": ""home_p_last10_pitcher_nrfi"", ""value"": 0.9, ""contribution"": 0.0716}]","[{""name"": ""home_top3c_slg"", ""value"": 0.4094, ""contribution"": 0.1927}, {""name"": ""away_whiff_pct_rank"", ""value"": 10.0, ""contribution"": 0.1721}, {""name"": ""home_top3c_iso"", ""value"": 0.1541, ""contribution"": -0.1177}, {""name"": ""home_obp"", ""value"": 0.2981, ""contribution"": -0.1097}, {""name"": ""era_gap_b1"", ""value"": 1.4341, ""contribution"": 0.0972}]",427128,0.4785,3.353,4.796,90.0,10.0,0.7508,0.6796,5.73,6.0,0.8183,0.7433,R,R,NRFI,PASS,0,0,0,2026-06-09T23:22:33+00:00,-130,+100,DraftKings,2026-06-09T23:03:15+00:00,0.5652,0.5,-0.087,0.0218,0.0931,N,1,,-130,+100,2026-06-09T23:03:15+00:00,0,0.4877,PASS,NO EDGE,,,,,,,
2026-06-09,2026,822805,1,N,PHI,TOR,7:07 PM ET,Zack Wheeler,Dylan Cease,554430,656302,live,live,live,live,1.01,0.4235,0.3909,0.8144,0.3381,0.2392,0.5774,0.5514,0.4486,0.1964,0.8036,,,NRFI,LEAN,LEAN NRFI,4,2026-06-09T22:06:00Z,2.487,3.638,0.879,1.257,3.299,2.959,2.08,3.79,1.11,0.88,10.01,12.63,0.302,0.313,0.392,0.391,4.13,4.165,,,,1.0,0.6,0.8,0.6,0.6,0.3524,0.3341,0.4194,0.4667,0.1205,0.2259,lineup,lineup,"[{""id"": 665489, ""name"": ""Vladimir Guerrero Jr."", ""bats"": ""R"", ""obp"": 0.3722627737226277, ""slg"": 0.36752136752136755, ""iso"": 0.0854700854700855, ""ab"": 234}, {""id"": 664770, ""name"": ""Nathan Lukes"", ""bats"": ""L"", ""obp"": 0.3611111111111111, ""slg"": 0.40404040404040403, ""iso"": 0.09090909090909088, ""ab"": 99}, {""id"": 676391, ""name"": ""Ernie Clement"", ""bats"": ""R"", ""obp"": 0.3283018867924528, ""slg"": 0.47265625, ""iso"": 0.1640625, ""ab"": 256}]","[{""id"": 656941, ""name"": ""Kyle Schwarber"", ""bats"": ""L"", ""obp"": 0.3591549295774648, ""slg"": 0.5732217573221757, ""iso"": 0.33472803347280333, ""ab"": 239}, {""id"": 607208, ""name"": ""Trea Turner"", ""bats"": ""R"", ""obp"": 0.2787456445993031, ""slg"": 0.34210526315789475, ""iso"": 0.11654135338345867, ""ab"": 266}, {""id"": 547180, ""name"": ""Bryce Harper"", ""bats"": ""L"", ""obp"": 0.3663003663003663, ""slg"": 0.5, ""iso"": 0.2391304347826087, ""ab"": 230}]","[{""name"": ""away_top3c_iso"", ""value"": 0.2259, ""contribution"": 0.3336}, {""name"": ""away_top3c_slg"", ""value"": 0.4667, ""contribution"": -0.1337}, {""name"": ""era_gap_t1"", ""value"": 1.1509, ""contribution"": 0.1252}, {""name"": ""home_fip"", ""value"": 2.9588, ""contribution"": -0.1145}, {""name"": ""home_xera"", ""value"": 3.2756, ""contribution"": -0.086}]","[{""name"": ""home_top3c_iso"", ""value"": 0.1205, ""contribution"": -0.276}, {""name"": ""away_whiff_pct_rank"", ""value"": 93.0, ""contribution"": -0.1861}, {""name"": ""home_top3c_slg"", ""value"": 0.4194, ""contribution"": 0.1307}, {""name"": ""era_gap_b1"", ""value"": -1.1509, ""contribution"": -0.0787}, {""name"": ""wx_is_dome"", ""value"": 1.0, ""contribution"": -0.0758}]",605673,0.4897,3.276,1.949,97.0,93.0,0.6796,0.7709,6.13,6.67,0.8417,0.7603,R,R,YRFI,LOSS,1,0,1,2026-06-09T23:27:07+00:00,-155,+115,DraftKings,2026-06-09T22:57:55+00:00,0.6078,0.4651,-0.0564,-0.0165,-0.0564,N,0.5,0,-155,+115,2026-06-09T22:03:51+00:00,0,0.6536,NRFI,STRONG,,,,,,,
2026-06-09,2026,823290,1,N,CIN,SD,9:40 PM ET,Chase Burns,Lucas Giolito,695505,608337,live,live,live,live,0.95,0.5795,0.3902,0.9697,0.4033,0.1772,0.5804,0.5514,0.4486,0.2531,0.7469,,,NRFI,LEAN,LEAN NRFI,4,2026-06-10T00:35:21Z,2.872,3.828,1.07,1.42,3.549,4.948,2.83,4.56,1.15,1.23,10.48,7.11,0.313,0.295,0.397,0.366,4.306,3.931,22.2,10.8,72.0,0.0,0.8,0.8,0.8,0.9,0.2877,0.3499,0.3272,0.4812,0.1152,0.2134,lineup,lineup,"[{""id"": 665487, ""name"": ""Fernando Tatis Jr."", ""bats"": ""R"", ""obp"": 0.33941605839416056, ""slg"": 0.32231404958677684, ""iso"": 0.0537190082644628, ""ab"": 242}, {""id"": 701538, ""name"": ""Jackson Merrill"", ""bats"": ""L"", ""obp"": 0.27058823529411763, ""slg"": 0.3232758620689655, ""iso"": 0.125, ""ab"": 232}, {""id"": 592518, ""name"": ""Manny Machado"", ""bats"": ""R"", ""obp"": 0.25, ""slg"": 0.33624454148471616, ""iso"": 0.1703056768558952, ""ab"": 229}]","[{""id"": 694362, ""name"": ""Blake Dunn"", ""bats"": ""R"", ""obp"": 0.33663366336633666, ""slg"": 0.42105263157894735, ""iso"": 0.12631578947368421, ""ab"": 95}, {""id"": 668709, ""name"": ""JJ Bleday"", ""bats"": ""L"", ""obp"": 0.3625, ""slg"": 0.5683453237410072, ""iso"": 0.2949640287769784, ""ab"": 139}, {""id"": 701398, ""name"": ""Sal Stewart"", ""bats"": ""R"", ""obp"": 0.3475177304964539, ""slg"": 0.45491803278688525, ""iso"": 0.20081967213114754, ""ab"": 244}]","[{""name"": ""away_top3c_iso"", ""value"": 0.2134, ""contribution"": 0.2458}, {""name"": ""away_top3c_slg"", ""value"": 0.4812, ""contribution"": -0.2072}, {""name"": ""fi_park_nrfi_rate"", ""value"": 0.5409, ""contribution"": -0.149}, {""name"": ""home_fip"", ""value"": 4.948, ""contribution"": 0.1088}, {""name"": ""era_gap_t1"", ""value"": 0.9556, ""contribution"": 0.1041}]","[{""name"": ""home_top3c_slg"", ""value"": 0.3272, ""contribution"": 0.7033}, {""name"": ""home_top3c_iso"", ""value"": 0.1152, ""contribution"": -0.3011}, {""name"": ""home_top3_ops_vs_oppHand"", ""value"": 0.5653, ""contribution"": -0.2372}, {""name"": ""fi_park_nrfi_rate"", ""value"": 0.5409, ""contribution"": -0.229}, {""name"": ""away_whiff_pct_rank"", ""value"": 100.0, ""contribution"": -0.2163}]",623946,0.4271,4.2,3.446,50.0,100.0,0.6942,0.7136,4.27,5.87,0.851,0.5653,R,R,NRFI,WIN,0,0,0,2026-06-10T01:51:05+00:00,-140,+110,DraftKings,2026-06-10T01:41:51+00:00,0.5833,0.4762,-0.0319,-0.0276,-0.0319,N,0.5,0,-140,+110,2026-06-10T00:38:40+00:00,0,0.6370,NRFI,STRONG,,,,,,,
2026-06-09,2026,824830,1,N,SEA,BAL,6:35 PM ET,Logan Gilbert,Trevor Rogers,669302,669432,live,live,live,live,1.06,0.4788,0.5146,0.9935,0.3111,0.3513,0.6624,0.5365,0.4635,0.2618,0.7382,,,NRFI,LEAN,LEAN NRFI,4,2026-06-09T21:06:16Z,3.666,4.476,1.075,1.264,3.832,3.96,2.1,2.85,1.52,1.0,10.32,7.54,0.318,0.32,0.4,0.4,4.287,4.628,26.2,13.1,44.0,0.0,0.4,1.0,0.7,0.7,0.3363,0.3443,0.4083,0.444,0.168,0.1706,lineup,lineup,"[{""id"": 621493, ""name"": ""Taylor Ward"", ""bats"": ""R"", ""obp"": 0.40264026402640263, ""slg"": 0.36363636363636365, ""iso"": 0.10330578512396693, ""ab"": 242}, {""id"": 683002, ""name"": ""Gunnar Henderson"", ""bats"": ""L"", ""obp"": 0.2871287128712871, ""slg"": 0.4187725631768953, ""iso"": 0.19494584837545129, ""ab"": 277}, {""id"": 624413, ""name"": ""Pete Alonso"", ""bats"": ""R"", ""obp"": 0.31833910034602075, ""slg"": 0.4392156862745098, ""iso"": 0.19999999999999998, ""ab"": 255}]","[{""id"": 645302, ""name"": ""Victor Robles"", ""bats"": ""R"", ""obp"": 0.27586206896551724, ""slg"": 0.3448275862068966, ""iso"": 0.06896551724137934, ""ab"": 29}, {""id"": 677594, ""name"": ""Julio Rodr\u00edguez"", ""bats"": ""R"", ""obp"": 0.3152542372881356, ""slg"": 0.45185185185185184, ""iso"": 0.1962962962962963, ""ab"": 270}, {""id"": 668227, ""name"": ""Randy Arozarena"", ""bats"": ""R"", ""obp"": 0.3811188811188811, ""slg"": 0.44715447154471544, ""iso"": 0.15447154471544716, ""ab"": 246}]","[{""name"": ""era_gap_t1"", ""value"": 0.8096, ""contribution"": 0.0883}, {""name"": ""home_xera"", ""value"": 3.2577, ""contribution"": -0.0879}, {""name"": ""fi_park_nrfi_rate"", ""value"": 0.519, ""contribution"": -0.0733}, {""name"": ""away_top3_ops_vs_oppHand"", ""value"": 0.8303, ""contribution"": 0.0643}, {""name"": ""away_top3c_iso"", ""value"": 0.1706, ""contribution"": -0.0553}]","[{""name"": ""away_whiff_pct_rank"", ""value"": 97.0, ""contribution"": -0.2033}, {""name"": ""home_top3c_slg"", ""value"": 0.4083, ""contribution"": 0.1996}, {""name"": ""fi_park_nrfi_rate"", ""value"": 0.519, ""contribution"": -0.1127}, {""name"": ""home_plate_ump_nrfi_rate"", ""value"": 0.5818, ""contribution"": 0.0822}, {""name"": ""era_gap_b1"", ""value"": -0.8096, ""contribution"": -0.0555}]",427139,0.5818,3.258,3.166,47.0,97.0,0.7272,0.7396,4.8,5.93,0.8303,0.745,R,L,YRFI,LOSS,0,1,1,2026-06-09T22:56:19+00:00,-120,-110,DraftKings,2026-06-09T22:36:32+00:00,0.5455,0.5238,-0.009,-0.0603,-0.009,N,0.5,0,-120,-110,2026-06-09T21:31:17+00:00,0,0.5686,NRFI,STRONG,,,,,,,
2026-06-09,2026,824429,1,N,NYY,CLE,6:40 PM ET,Gerrit Cole,Slade Cecconi,543037,677944,sm,live,live,live,0.96,0.5441,0.4661,1.0102,0.4539,0.3555,0.8094,0.4384,0.5616,0.268,0.732,,,PASS,LOW LAMBDA,PASS - Low lambda,4,2026-06-09T22:35:37Z,3.497,4.689,1.145,1.34,4.275,4.439,2.64,2.58,1.3,1.37,8.21,7.31,0.327,0.316,0.429,0.378,4.981,4.151,30.0,19.1,56.0,0.0,0.8,1.0,0.6,1.0,0.3389,0.3659,0.4171,0.524,0.1675,0.2558,lineup,lineup,"[{""id"": 672275, ""name"": ""Patrick Bailey"", ""bats"": ""S"", ""obp"": 0.20714285714285716, ""slg"": 0.23846153846153847, ""iso"": 0.08461538461538462, ""ab"": 130}, {""id"": 608070, ""name"": ""Jos\u00e9 Ram\u00edrez"", ""bats"": ""S"", ""obp"": 0.3434343434343434, ""slg"": 0.4246031746031746, ""iso"": 0.1865079365079365, ""ab"": 252}, {""id"": 800050, ""name"": ""Chase DeLauter"", ""bats"": ""L"", ""obp"": 0.3269230769230769, ""slg"": 0.40086206896551724, ""iso"": 0.14655172413793105, ""ab"": 232}]","[{""id"": 663757, ""name"": ""Trent Grisham"", ""bats"": ""L"", ""obp"": 0.34, ""slg"": 0.4028436018957346, ""iso"": 0.17535545023696683, ""ab"": 211}, {""id"": 700250, ""name"": ""Ben Rice"", ""bats"": ""L"", ""obp"": 0.4, ""slg"": 0.6405529953917051, ""iso"": 0.33640552995391704, ""ab"": 217}, {""id"": 502671, ""name"": ""Paul Goldschmidt"", ""bats"": ""R"", ""obp"": 0.3509933774834437, ""slg"": 0.5259259259259259, ""iso"": 0.2518518518518518, ""ab"": 135}]","[{""name"": ""away_top3c_iso"", ""value"": 0.2558, ""contribution"": 0.5443}, {""name"": ""away_top3c_slg"", ""value"": 0.524, ""contribution"": -0.424}, {""name"": ""era_gap_t1"", ""value"": 1.1921, ""contribution"": 0.1297}, {""name"": ""fi_park_nrfi_rate"", ""value"": 0.528, ""contribution"": -0.1042}, {""name"": ""home_xera"", ""value"": 4.9578, ""contribution"": 0.0863}]","[{""name"": ""fi_park_nrfi_rate"", ""value"": 0.528, ""contribution"": -0.1602}, {""name"": ""home_top3c_slg"", ""value"": 0.4171, ""contribution"": 0.1449}, {""name"": ""away_p_last10_pitcher_nrfi"", ""value"": 1.0, ""contribution"": -0.0929}, {""name"": ""era_gap_b1"", ""value"": -1.1921, ""contribution"": -0.0815}, {""name"": ""wx_wind_kmh"", ""value"": 19.1, ""contribution"": 0.0801}]",658082,0.5146,4.958,4.2,24.0,50.0,0.7272,0.7309,5.33,6.0,0.8033,0.7533,R,R,NRFI,PASS,0,0,0,2026-06-09T22:56:41+00:00,-110,-115,DraftKings,2026-06-09T22:36:32+00:00,0.5238,0.5349,-0.0854,0.0267,,N,,,-110,-115,2026-06-09T22:36:32+00:00,,0.4521,PASS,NO EDGE,,,,,,,
2026-06-09,2026,824267,1,N,MIN,DET,6:40 PM ET,Taj Bradley,Troy Melton,671737,675512,live,ltd,live,live,0.98,0.4561,0.5136,0.9697,0.3283,0.4353,0.7636,0.4772,0.5228,0.2531,0.7469,,,PASS,NO EDGE,PASS - No edge,4,2026-06-09T22:35:37Z,4.154,3.002,1.315,1.067,3.842,4.19,3.75,2.86,1.02,1.0,9.5,6.76,0.314,0.314,0.391,0.386,4.579,4.043,27.1,12.3,72.0,0.0,0.8,0.4,0.7143,0.5,0.3654,0.3076,0.4344,0.4734,0.1687,0.2266,lineup,lineup,"[{""id"": 650402, ""name"": ""Gleyber Torres"", ""bats"": ""R"", ""obp"": 0.3855421686746988, ""slg"": 0.36496350364963503, ""iso"": 0.0948905109489051, ""ab"": 137}, {""id"": 805808, ""name"": ""Kevin McGonigle"", ""bats"": ""L"", ""obp"": 0.3935018050541516, ""slg"": 0.42616033755274263, ""iso"": 0.13502109704641352, ""ab"": 237}, {""id"": 693307, ""name"": ""Dillon Dingler"", ""bats"": ""R"", ""obp"": 0.31950207468879666, ""slg"": 0.48826291079812206, ""iso"": 0.2535211267605634, ""ab"": 213}]","[{""id"": 621439, ""name"": ""Byron Buxton"", ""bats"": ""R"", ""obp"": 0.3185483870967742, ""slg"": 0.5486725663716814, ""iso"": 0.29203539823008845, ""ab"": 226}, {""id"": 686797, ""name"": ""Brooks Lee"", ""bats"": ""S"", ""obp"": 0.2886178861788618, ""slg"": 0.40350877192982454, ""iso"": 0.16666666666666666, ""ab"": 228}, {""id"": 665019, ""name"": ""Kody Clemens"", ""bats"": ""L"", ""obp"": 0.3170731707317073, ""slg"": 0.46774193548387094, ""iso"": 0.2204301075268817, ""ab"": 186}]","[{""name"": ""away_top3c_iso"", ""value"": 0.2266, ""contribution"": 0.3386}, {""name"": ""away_top3c_slg"", ""value"": 0.4734, ""contribution"": -0.168}, {""name"": ""era_gap_t1"", ""value"": -1.152, ""contribution"": -0.1241}, {""name"": ""fi_park_nrfi_rate"", ""value"": 0.5322, ""contribution"": -0.1188}, {""name"": ""away_top3_ops_vs_oppHand"", ""value"": 0.8197, ""contribution"": 0.0534}]","[{""name"": ""fi_park_nrfi_rate"", ""value"": 0.5322, ""contribution"": -0.1826}, {""name"": ""home_top3_ops_vs_oppHand"", ""value"": 0.8423, ""contribution"": 0.0944}, {""name"": ""home_top3c_obp"", ""value"": 0.3654, ""contribution"": 0.0879}, {""name"": ""era_gap_b1"", ""value"": 1.152, ""contribution"": 0.078}, {""name"": ""away_p_last10_pitcher_nrfi"", ""value"": 0.5, ""contribution"": 0.0713}]",427013,0.504,4.2,4.08,50.0,52.0,0.7136,0.7272,5.87,5.33,0.8197,0.8423,R,R,YRFI,PASS,1,1,2,2026-06-10T00:44:55+00:00,-110,-120,DraftKings,2026-06-10T00:26:49+00:00,0.5238,0.5455,-0.0466,-0.0227,,N,,,-110,-120,2026-06-09T22:36:32+00:00,,0.4658,PASS,NO EDGE,,,,,,,
2026-06-09,2026,823214,1,N,WSH,SF,9:45 PM ET,Andrew Alvarez,Adrian Houser,674841,605288,ltd,live,live,live,0.94,0.5732,0.443,1.0162,0.3724,0.3098,0.6822,0.4821,0.5179,0.2702,0.7298,,,PASS,NO EDGE,PASS - No edge,4,2026-06-10T01:35:48Z,3.721,4.621,1.231,1.46,3.752,4.64,2.97,3.25,1.0,1.19,9.0,6.25,0.321,0.308,0.414,0.411,5.165,4.177,19.5,24.4,70.0,0.0,0.4,0.8,0.3,0.8333,0.3221,0.3389,0.4567,0.4637,0.1758,0.2111,lineup,lineup,"[{""id"": 669477, ""name"": ""Casey Schmitt"", ""bats"": ""R"", ""obp"": 0.3147410358565737, ""slg"": 0.5338983050847458, ""iso"": 0.25, ""ab"": 236}, {""id"": 646240, ""name"": ""Rafael Devers"", ""bats"": ""L"", ""obp"": 0.2912280701754386, ""slg"": 0.4122137404580153, ""iso"": 0.17557251908396948, ""ab"": 262}, {""id"": 650333, ""name"": ""Luis Arraez"", ""bats"": ""L"", ""obp"": 0.3597122302158273, ""slg"": 0.4308300395256917, ""iso"": 0.1067193675889328, ""ab"": 253}]","[{""id"": 695578, ""name"": ""James Wood"", ""bats"": ""L"", ""obp"": 0.40384615384615385, ""slg"": 0.525691699604743, ""iso"": 0.26086956521739124, ""ab"": 253}, {""id"": 671277, ""name"": ""Luis Garc\u00eda Jr."", ""bats"": ""L"", ""obp"": 0.28773584905660377, ""slg"": 0.4482758620689655, ""iso"": 0.18719211822660098, ""ab"": 203}, {""id"": 677588, ""name"": ""Jos\u00e9 Tena"", ""bats"": ""L"", ""obp"": 0.26717557251908397, ""slg"": 0.36065573770491804, ""iso"": 0.1475409836065574, ""ab"": 122}]","[{""name"": ""away_top3c_iso"", ""value"": 0.2111, ""contribution"": 0.2295}, {""name"": ""home_p_last10_pitcher_nrfi"", ""value"": 0.3, ""contribution"": -0.1627}, {""name"": ""away_top3c_slg"", ""value"": 0.4637, ""contribution"": -0.1185}, {""name"": ""era_gap_t1"", ""value"": 0.9004, ""contribution"": 0.0981}, {""name"": ""home_fip"", ""value"": 4.6403, ""contribution"": 0.0743}]","[{""name"": ""wx_wind_kmh"", ""value"": 24.4, ""contribution"": 0.1358}, {""name"": ""home_top3c_slg"", ""value"": 0.4567, ""contribution"": -0.1014}, {""name"": ""home_top3c_obp"", ""value"": 0.3221, ""contribution"": -0.064}, {""name"": ""era_gap_b1"", ""value"": -0.9004, ""contribution"": -0.0616}, {""name"": ""fi_park_nrfi_rate"", ""value"": 0.5059, ""contribution"": -0.0432}]",668921,0.5084,4.301,4.2,10.0,50.0,0.6487,0.7136,4.87,4.6,0.7773,0.7937,L,R,YRFI,PASS,2,0,2,2026-06-10T02:02:12+00:00,-105,-125,DraftKings,2026-06-10T01:41:51+00:00,0.5122,0.5556,-0.0301,-0.0377,,N,,,-105,-125,2026-06-10T01:41:51+00:00,,0.4649,PASS,NO EDGE,,,,,,,
2026-06-09,2026,824105,1,N,TEX,KC,7:40 PM ET,Nathan Eovaldi,Stephen Kolek,543135,663568,live,live,live,live,0.96,0.3942,0.4266,0.8208,0.3271,0.2899,0.617,0.5479,0.4521,0.1987,0.8013,,,NRFI,LEAN,LEAN NRFI,4,2026-06-09T22:35:37Z,3.27,3.441,1.064,1.065,3.799,3.949,1.85,2.21,1.35,0.96,8.96,6.37,0.315,0.314,0.388,0.381,4.119,4.019,32.2,23.5,57.0,0.0,0.8,0.6,0.9,0.5,0.3252,0.3365,0.4081,0.4373,0.152,0.1846,lineup,lineup,"[{""id"": 695600, ""name"": ""Carter Jensen"", ""bats"": ""L"", ""obp"": 0.2857142857142857, ""slg"": 0.38071065989847713, ""iso"": 0.16751269035532992, ""ab"": 197}, {""id"": 677951, ""name"": ""Bobby Witt Jr."", ""bats"": ""R"", ""obp"": 0.35374149659863946, ""slg"": 0.4559386973180077, ""iso"": 0.1762452107279694, ""ab"": 261}, {""id"": 672580, ""name"": ""Maikel Garcia"", ""bats"": ""R"", ""obp"": 0.32684824902723736, ""slg"": 0.3776824034334764, ""iso"": 0.11158798283261806, ""ab"": 233}]","[{""id"": 592626, ""name"": ""Joc Pederson"", ""bats"": ""L"", ""obp"": 0.3469387755102041, ""slg"": 0.43902439024390244, ""iso"": 0.20121951219512196, ""ab"": 164}, {""id"": 608369, ""name"": ""Corey Seager"", ""bats"": ""L"", ""obp"": 0.28421052631578947, ""slg"": 0.36585365853658536, ""iso"": 0.18292682926829268, ""ab"": 164}, {""id"": 673962, ""name"": ""Josh Jung"", ""bats"": ""R"", ""obp"": 0.3675889328063241, ""slg"": 0.48695652173913045, ""iso"": 0.17391304347826086, ""ab"": 230}]","[{""name"": ""fi_park_nrfi_rate"", ""value"": 0.5614, ""contribution"": -0.2197}, {""name"": ""home_p_last10_pitcher_nrfi"", ""value"": 0.9, ""contribution"": 0.0716}, {""name"": ""wx_temp_c"", ""value"": 32.2, ""contribution"": 0.0655}, {""name"": ""wx_wind_kmh"", ""value"": 23.5, ""contribution"": 0.0535}, {""name"": ""away_top3c_iso"", ""value"": 0.1846, ""contribution"": 0.0429}]","[{""name"": ""fi_park_nrfi_rate"", ""value"": 0.5614, ""contribution"": -0.3377}, {""name"": ""home_top3c_slg"", ""value"": 0.4081, ""contribution"": 0.2006}, {""name"": ""away_whiff_pct_rank"", ""value"": 84.0, ""contribution"": -0.1472}, {""name"": ""home_top3c_iso"", ""value"": 0.152, ""contribution"": -0.1277}, {""name"": ""wx_wind_kmh"", ""value"": 23.5, ""contribution"": 0.1264}]",676581,0.5084,4.2,3.211,50.0,84.0,0.6796,0.678,6.4,7.0,0.7737,0.6977,R,R,NRFI,WIN,0,0,0,2026-06-09T23:54:53+00:00,-105,-125,DraftKings,2026-06-09T23:55:21+00:00,0.5122,0.5556,0.0357,-0.1035,0.0357,N,0.5,0,-110,-120,2026-06-09T22:36:32+00:00,-0.0116,0.4877,PASS,NO EDGE,,,,,,,
2026-06-10,2026,824348,1,N,CHC,COL,8:40 PM ET,Shota Imanaga,Michael Lorenzen,684007,547179,live,live,live,live,1.22,0.7596,0.6645,1.4241,0.6507,0.6044,1.2551,0.3219,0.6781,0.4165,0.5835,,,YRFI,STRONG,STRONG YRFI,4,2026-06-10T23:35:25Z,4.392,6.665,1.049,1.727,4.941,4.889,2.03,2.97,1.99,1.62,8.26,7.54,0.33,0.318,0.391,0.396,4.555,4.372,31.5,15.9,8.0,0.0,0.8,0.8,0.8,0.7,0.3421,0.3461,0.3792,0.4156,0.1225,0.1672,lineup,lineup,"[{""id"": 650489, ""name"": ""Willi Castro"", ""bats"": ""S"", ""obp"": 0.34285714285714286, ""slg"": 0.3776595744680851, ""iso"": 0.1063829787234043, ""ab"": 188}, {""id"": 666397, ""name"": ""Edouard Julien"", ""bats"": ""L"", ""obp"": 0.32222222222222224, ""slg"": 0.3057324840764331, ""iso"": 0.08280254777070062, ""ab"": 157}, {""id"": 681198, ""name"": ""TJ Rumfield"", ""bats"": ""L"", ""obp"": 0.3464566929133858, ""slg"": 0.4125560538116592, ""iso"": 0.1479820627802691, ""ab"": 223}]","[{""id"": 691718, ""name"": ""Pete Crow-Armstrong"", ""bats"": ""L"", ""obp"": 0.33807829181494664, ""slg"": 0.43548387096774194, ""iso"": 0.1814516129032258, ""ab"": 248}, {""id"": 608348, ""name"": ""Carson Kelly"", ""bats"": ""R"", ""obp"": 0.35795454545454547, ""slg"": 0.36075949367088606, ""iso"": 0.07594936708860756, ""ab"": 158}, {""id"": 683737, ""name"": ""Michael Busch"", ""bats"": ""L"", ""obp"": 0.3711340206185567, ""slg"": 0.401673640167364, ""iso"": 0.15481171548117154, ""ab"": 239}]","[{""name"": ""fi_park_nrfi_rate"", ""value"": 0.4241, ""contribution"": 0.2547}, {""name"": ""era_gap_t1"", ""value"": 2.273, ""contribution"": 0.2467}, {""name"": ""away_top3c_slg"", ""value"": 0.4156, ""contribution"": 0.1249}, {""name"": ""home_fip"", ""value"": 4.8893, ""contribution"": 0.1022}, {""name"": ""away_top3c_iso"", ""value"": 0.1672, ""contribution"": -0.0795}]","[{""name"": ""fi_park_nrfi_rate"", ""value"": 0.4241, ""contribution"": 0.3916}, {""name"": ""home_top3c_slg"", ""value"": 0.3792, ""contribution"": 0.3802}, {""name"": ""home_top3c_iso"", ""value"": 0.1225, ""contribution"": -0.2668}, {""name"": ""era_gap_b1"", ""value"": -2.273, ""contribution"": -0.155}, {""name"": ""away_fip"", ""value"": 4.9413, ""contribution"": 0.1019}]",598411,0.5467,4.664,3.775,38.0,47.0,0.7136,0.7272,4.33,5.73,0.763,0.6817,L,R,NRFI,LOSS,0,0,0,2026-06-11T00:55:07+00:00,+120,-155,DraftKings,2026-06-10T23:43:51+00:00,0.4545,0.6078,-0.1326,0.0703,0.0703,Y,1,-1,+120,-155,2026-06-10T23:38:31+00:00,0,0.4130,YRFI,STRONG,,,,,,,
2026-06-10,2026,824996,1,N,MIL,OAK,9:05 PM ET,Brandon Sproat,Jack Perkins,687075,678022,ltd,ltd,live,live,0.93,0.4421,0.6028,1.045,0.3431,0.7088,1.0519,0.3335,0.6665,0.2808,0.7192,,,YRFI,STRONG,STRONG YRFI,4,2026-06-10T23:35:25Z,5.363,5.071,1.429,1.251,4.814,3.387,4.04,2.98,1.48,0.87,8.81,9.73,0.336,0.324,0.391,0.406,5.206,4.409,29.5,15.4,32.0,0.0,0.6,0.8,0.6,0.7,0.3751,0.3734,0.5124,0.4694,0.2438,0.1854,lineup,lineup,"[{""id"": 701762, ""name"": ""Nick Kurtz"", ""bats"": ""L"", ""obp"": 0.4370860927152318, ""slg"": 0.5316455696202531, ""iso"": 0.24894514767932485, ""ab"": 237}, {""id"": 691016, ""name"": ""Tyler Soderstrom"", ""bats"": ""L"", ""obp"": 0.33579335793357934, ""slg"": 0.46808510638297873, ""iso"": 0.2297872340425532, ""ab"": 235}, {""id"": 669127, ""name"": ""Shea Langeliers"", ""bats"": ""R"", ""obp"": 0.3464285714285714, ""slg"": 0.5354330708661418, ""iso"": 0.2519685039370079, ""ab"": 254}]","[{""id"": 592885, ""name"": ""Christian Yelich"", ""bats"": ""L"", ""obp"": 0.35443037974683544, ""slg"": 0.43356643356643354, ""iso"": 0.14685314685314682, ""ab"": 143}, {""id"": 694192, ""name"": ""Jackson Chourio"", ""bats"": ""R"", ""obp"": 0.3561643835616438, ""slg"": 0.49624060150375937, ""iso"": 0.19548872180451127, ""ab"": 133}, {""id"": 668930, ""name"": ""Brice Turang"", ""bats"": ""L"", ""obp"": 0.39285714285714285, ""slg"": 0.47619047619047616, ""iso"": 0.20346320346320346, ""ab"": 231}]","[{""name"": ""fi_park_nrfi_rate"", ""value"": 0.4422, ""contribution"": 0.1922}, {""name"": ""away_top3c_slg"", ""value"": 0.4694, ""contribution"": -0.1477}, {""name"": ""away_top3_ops_vs_oppHand"", ""value"": 0.8693, ""contribution"": 0.1041}, {""name"": ""home_xera"", ""value"": 3.41, ""contribution"": -0.0723}, {""name"": ""home_fip"", ""value"": 3.3869, ""contribution"": -0.0664}]","[{""name"": ""home_top3c_slg"", ""value"": 0.5124, ""contribution"": -0.4473}, {""name"": ""home_top3c_iso"", ""value"": 0.2438, ""contribution"": 0.3059}, {""name"": ""fi_park_nrfi_rate"", ""value"": 0.4422, ""contribution"": 0.2954}, {""name"": ""away_whiff_pct_rank"", ""value"": 16.0, ""contribution"": 0.1463}, {""name"": ""home_top3_ops_vs_oppHand"", ""value"": 0.8717, ""contribution"": 0.1295}]",665576,0.4578,3.41,4.139,90.0,16.0,0.7136,0.7136,4.6,4.67,0.8693,0.8717,R,R,YRFI,WIN,1,0,1,2026-06-11T01:21:51+00:00,+180,-240,DraftKings,2026-06-11T00:10:21+00:00,0.3571,0.7059,-0.0236,-0.0394,-0.0394,Y,1,0.417,+175,-230,2026-06-10T23:59:43+00:00,0.0089,0.4526,PASS,NO EDGE,,,,,,,
2026-06-10,2026,823856,1,N,ARI,MIA,6:40 PM ET,Ryne Nelson,Ryan Gusto,669194,687473,live,live,live,live,0.95,0.4972,0.5091,1.0063,0.4485,0.3805,0.829,0.4219,0.5781,0.2666,0.7334,,,PASS,LOW LAMBDA,PASS - Low lambda,4,2026-06-10T22:37:04Z,4.168,6.015,1.141,1.48,4.736,4.205,2.54,3.01,1.56,1.3,7.17,8.69,0.309,0.321,0.395,0.386,4.401,4.311,,,,1.0,0.4,1.0,0.6,0.9,0.3394,0.3376,0.4481,0.4855,0.1667,0.2203,lineup,lineup,"[{""id"": 689414, ""name"": ""Liam Hicks"", ""bats"": ""L"", ""obp"": 0.34285714285714286, ""slg"": 0.4597156398104265, ""iso"": 0.19905213270142175, ""ab"": 211}, {""id"": 672640, ""name"": ""Otto Lopez"", ""bats"": ""R"", ""obp"": 0.36917562724014336, ""slg"": 0.4904214559386973, ""iso"": 0.14942528735632182, ""ab"": 261}, {""id"": 669065, ""name"": ""Kyle Stowers"", ""bats"": ""L"", ""obp"": 0.2896174863387978, ""slg"": 0.36585365853658536, ""iso"": 0.1524390243902439, ""ab"": 164}]","[{""id"": 606466, ""name"": ""Ketel Marte"", ""bats"": ""S"", ""obp"": 0.30514705882352944, ""slg"": 0.4497991967871486, ""iso"": 0.19678714859437751, ""ab"": 249}, {""id"": 682998, ""name"": ""Corbin Carroll"", ""bats"": ""L"", ""obp"": 0.37174721189591076, ""slg"": 0.5579399141630901, ""iso"": 0.2746781115879828, ""ab"": 233}, {""id"": 672515, ""name"": ""Gabriel Moreno"", ""bats"": ""R"", ""obp"": 0.33540372670807456, ""slg"": 0.42857142857142855, ""iso"": 0.17142857142857143, ""ab"": 140}]","[{""name"": ""away_top3c_iso"", ""value"": 0.2203, ""contribution"": 0.2942}, {""name"": ""away_top3c_slg"", ""value"": 0.4855, ""contribution"": -0.2292}, {""name"": ""era_gap_t1"", ""value"": 1.8467, ""contribution"": 0.2006}, {""name"": ""fi_park_nrfi_rate"", ""value"": 0.455, ""contribution"": 0.1479}, {""name"": ""home_p_last10_pitcher_nrfi"", ""value"": 0.6, ""contribution"": -0.0455}]","[{""name"": ""fi_park_nrfi_rate"", ""value"": 0.455, ""contribution"": 0.2273}, {""name"": ""away_whiff_pct_rank"", ""value"": 15.0, ""contribution"": 0.1506}, {""name"": ""era_gap_b1"", ""value"": -1.8467, ""contribution"": -0.126}, {""name"": ""away_fip"", ""value"": 4.7356, ""contribution"": 0.0799}, {""name"": ""wx_is_dome"", ""value"": 1.0, ""contribution"": -0.0758}]",594151,0.4534,4.2,3.934,50.0,15.0,0.7136,0.7136,4.73,6.87,0.782,0.7753,R,R,NRFI,PASS,0,0,0,2026-06-10T22:59:25+00:00,-120,-110,DraftKings,2026-06-10T22:36:41+00:00,0.5455,0.5238,-0.1236,0.0543,0.0698,N,1,,-120,-110,2026-06-10T22:36:41+00:00,0,0.6370,NRFI,STRONG,,,,,,,
2026-06-10,2026,822970,1,N,BOS,TB,1:10 PM ET,Jake Bennett,Drew Rasmussen,687562,656876,sm,live,live,live,0.93,0.3395,0.5085,0.848,0.2745,0.5663,0.8408,0.41,0.59,0.2086,0.7914,,,YRFI,STRONG,STRONG YRFI,4,2026-06-10T15:38:07Z,4.206,2.909,1.298,0.958,4.32,3.572,3.06,1.86,1.15,1.09,7.7,8.31,0.314,0.331,0.38,0.388,4.006,4.525,,,,1.0,0.8,1.0,0.7,1.0,0.3314,0.3155,0.3876,0.409,0.169,0.1541,team_fallback,lineup,"[{""id"": 650490, ""name"": ""Yandy D\u00edaz"", ""bats"": ""R"", ""obp"": 0.40074906367041196, ""slg"": 0.5341880341880342, ""iso"": 0.20940170940170938, ""ab"": 234}, {""id"": 676439, ""name"": ""Hunter Feduccia"", ""bats"": ""L"", ""obp"": 0.3493975903614458, ""slg"": 0.3333333333333333, ""iso"": 0.06944444444444442, ""ab"": 72}, {""id"": 691406, ""name"": ""Junior Caminero"", ""bats"": ""R"", ""obp"": 0.375886524822695, ""slg"": 0.49586776859504134, ""iso"": 0.2190082644628099, ""ab"": 242}]","[{""id"": 680776, ""name"": ""Jarren Duran"", ""bats"": ""L"", ""obp"": 0.2696629213483146, ""slg"": 0.38524590163934425, ""iso"": 0.17622950819672129, ""ab"": 244}, {""id"": 678882, ""name"": ""Ceddanne Rafaela"", ""bats"": ""R"", ""obp"": 0.34024896265560167, ""slg"": 0.42081447963800905, ""iso"": 0.14027149321266968, ""ab"": 221}, {""id"": 677800, ""name"": ""Wilyer Abreu"", ""bats"": ""L"", ""obp"": 0.3381818181818182, ""slg"": 0.42168674698795183, ""iso"": 0.14457831325301207, ""ab"": 249}]","[{""name"": ""fi_park_nrfi_rate"", ""value"": 0.4376, ""contribution"": 0.2081}, {""name"": ""away_top3c_iso"", ""value"": 0.1541, ""contribution"": -0.1721}, {""name"": ""away_top3c_slg"", ""value"": 0.409, ""contribution"": 0.1586}, {""name"": ""era_gap_t1"", ""value"": -1.2969, ""contribution"": -0.1398}, {""name"": ""home_xera"", ""value"": 3.2993, ""contribution"": -0.0836}]","[{""name"": ""home_top3c_slg"", ""value"": 0.3876, ""contribution"": 0.3282}, {""name"": ""fi_park_nrfi_rate"", ""value"": 0.4376, ""contribution"": 0.3199}, {""name"": ""home_obp"", ""value"": 0.3314, ""contribution"": 0.1232}, {""name"": ""away_p_last10_pitcher_nrfi"", ""value"": 1.0, ""contribution"": -0.0929}, {""name"": ""era_gap_b1"", ""value"": 1.2969, ""contribution"": 0.0878}]",427554,0.4835,3.299,4.2,44.0,50.0,0.7272,0.7136,5.87,5.17,0.696,0.72,L,R,NRFI,LOSS,0,0,0,2026-06-10T17:19:58+00:00,-140,+105,DraftKings,2026-06-10T16:48:50+00:00,0.5833,0.4878,-0.1733,0.1022,0.1022,Y,1,-1,-140,+105,2026-06-10T16:47:09+00:00,0,0.5499,PASS,NO EDGE,,,,,,,
2026-06-10,2026,823618,1,N,STL,NYM,7:10 PM ET,Andre Pallante,Austin Warren,669467,681810,live,sm,live,live,0.96,0.4625,0.5175,0.98,0.389,0.4076,0.7966,0.4384,0.5616,0.2569,0.7431,,,PASS,LOW LAMBDA,PASS - Low lambda,4,2026-06-10T23:06:45Z,4.483,3.401,1.354,1.21,4.484,3.948,3.34,3.19,1.15,1.07,6.83,8.97,0.322,0.297,0.392,0.373,4.462,4.105,27.4,13.7,71.0,0.0,1.0,0.6,1.0,0.5,0.32,0.3682,0.4056,0.4262,0.1516,0.1588,lineup,lineup,"[{""id"": 701807, ""name"": ""Carson Benge"", ""bats"": ""L"", ""obp"": 0.32388663967611336, ""slg"": 0.4052863436123348, ""iso"": 0.1409691629955947, ""ab"": 227}, {""id"": 666182, ""name"": ""Bo Bichette"", ""bats"": ""R"", ""obp"": 0.28125, ""slg"": 0.32452830188679244, ""iso"": 0.09433962264150941, ""ab"": 265}, {""id"": 665742, ""name"": ""Juan Soto"", ""bats"": ""L"", ""obp"": 0.3684210526315789, ""slg"": 0.5248618784530387, ""iso"": 0.24861878453038672, ""ab"": 181}]","[{""id"": 802139, ""name"": ""JJ Wetherholt"", ""bats"": ""L"", ""obp"": 0.35507246376811596, ""slg"": 0.3905579399141631, ""iso"": 0.1459227467811159, ""ab"": 233}, {""id"": 671056, ""name"": ""Iv\u00e1n Herrera"", ""bats"": ""R"", ""obp"": 0.38831615120274915, ""slg"": 0.41422594142259417, ""iso"": 0.1506276150627615, ""ab"": 239}, {""id"": 676475, ""name"": ""Alec Burleson"", ""bats"": ""L"", ""obp"": 0.36, ""slg"": 0.4715447154471545, ""iso"": 0.1788617886178862, ""ab"": 246}]","[{""name"": ""away_top3c_iso"", ""value"": 0.1588, ""contribution"": -0.1389}, {""name"": ""home_avg_ip_per_start"", ""value"": 1.0, ""contribution"": 0.1342}, {""name"": ""era_gap_t1"", ""value"": -1.082, ""contribution"": -0.1165}, {""name"": ""home_p_last10_pitcher_nrfi"", ""value"": 1.0, ""contribution"": 0.1107}, {""name"": ""away_top3c_slg"", ""value"": 0.4262, ""contribution"": 0.0714}]","[{""name"": ""home_top3c_slg"", ""value"": 0.4056, ""contribution"": 0.2158}, {""name"": ""home_top3c_iso"", ""value"": 0.1516, ""contribution"": -0.1296}, {""name"": ""home_obp"", ""value"": 0.2973, ""contribution"": -0.1157}, {""name"": ""era_gap_b1"", ""value"": 1.082, ""contribution"": 0.0732}, {""name"": ""home_top3c_obp"", ""value"": 0.32, ""contribution"": -0.0713}]",521889,0.4806,4.2,4.364,50.0,56.0,0.7136,0.7396,1.0,5.27,0.8307,0.736,R,R,YRFI,PASS,2,0,2,2026-06-10T23:33:58+00:00,-115,-115,DraftKings,2026-06-10T23:15:44+00:00,0.5349,0.5349,-0.0965,0.0267,0.0698,N,1,,-115,-115,2026-06-10T23:06:25+00:00,0,0.4144,YRFI,STRONG,,,,,,,
2026-06-10,2026,824022,1,N,HOU,LAA,9:38 PM ET,Peter Lambert,Reid Detmers,663567,672282,ltd,live,live,live,0.99,0.4158,0.5097,0.9255,0.3849,0.6254,1.0103,0.36,0.64,0.2369,0.7631,,,YRFI,STRONG,STRONG YRFI,4,2026-06-11T00:35:57Z,3.825,4.19,1.26,1.189,3.869,3.138,3.79,3.04,0.84,0.83,8.57,10.51,0.319,0.316,0.408,0.39,4.53,4.488,26.8,14.6,51.0,0.0,0.6,0.8,0.8,0.7778,0.3707,0.3629,0.455,0.5171,0.2165,0.2467,lineup,lineup,"[{""id"": 687263, ""name"": ""Zach Neto"", ""bats"": ""R"", ""obp"": 0.3422818791946309, ""slg"": 0.44881889763779526, ""iso"": 0.21653543307086612, ""ab"": 254}, {""id"": 545361, ""name"": ""Mike Trout"", ""bats"": ""R"", ""obp"": 0.38943894389438943, ""slg"": 0.4411764705882353, ""iso"": 0.21848739495798317, ""ab"": 238}, {""id"": 685133, ""name"": ""Wade Meckler"", ""bats"": ""L"", ""obp"": 0.4166666666666667, ""slg"": 0.5471698113207547, ""iso"": 0.20754716981132076, ""ab"": 53}]","[{""id"": 514888, ""name"": ""Jose Altuve"", ""bats"": ""R"", ""obp"": 0.32, ""slg"": 0.3785310734463277, ""iso"": 0.14124293785310735, ""ab"": 177}, {""id"": 670541, ""name"": ""Yordan Alvarez"", ""bats"": ""L"", ""obp"": 0.43243243243243246, ""slg"": 0.6419753086419753, ""iso"": 0.3251028806584362, ""ab"": 243}, {""id"": 572233, ""name"": ""Christian Walker"", ""bats"": ""R"", ""obp"": 0.3202846975088968, ""slg"": 0.49407114624505927, ""iso"": 0.24505928853754938, ""ab"": 253}]","[{""name"": ""away_top3c_iso"", ""value"": 0.2467, ""contribution"": 0.4801}, {""name"": ""away_top3c_slg"", ""value"": 0.5171, ""contribution"": -0.3891}, {""name"": ""fi_park_nrfi_rate"", ""value"": 0.4526, ""contribution"": 0.1563}, {""name"": ""home_xera"", ""value"": 3.1218, ""contribution"": -0.1018}, {""name"": ""home_fip"", ""value"": 3.1376, ""contribution"": -0.0944}]","[{""name"": ""fi_park_nrfi_rate"", ""value"": 0.4526, ""contribution"": 0.2403}, {""name"": ""home_top3c_iso"", ""value"": 0.2165, ""contribution"": 0.177}, {""name"": ""home_top3_ops_vs_oppHand"", ""value"": 0.8767, ""contribution"": 0.1355}, {""name"": ""home_top3c_obp"", ""value"": 0.3707, ""contribution"": 0.1065}, {""name"": ""home_top3c_slg"", ""value"": 0.455, ""contribution"": -0.091}]",427292,0.5307,3.122,2.829,65.0,50.0,0.7197,0.7136,6.07,5.67,0.8273,0.8767,R,L,YRFI,WIN,0,1,1,2026-06-11T01:51:25+00:00,-110,-120,DraftKings,2026-06-11T00:39:36+00:00,0.5238,0.5455,-0.1638,0.0945,0.0945,Y,1,0.833,-110,-120,2026-06-11T00:34:47+00:00,0,0.4644,PASS,NO EDGE,,,,,,,
2026-06-10,2026,823215,1,N,WSH,SF,3:45 PM ET,Foster Griffin,Robbie Ray,656492,592662,ltd,live,live,live,0.94,0.6144,0.495,1.1094,0.4364,0.4149,0.8513,0.4064,0.5936,0.3044,0.6956,,,YRFI,STRONG,STRONG YRFI,4,2026-06-10T18:31:25Z,3.823,3.945,1.157,1.329,4.521,4.911,2.73,4.37,1.56,1.5,8.67,8.72,0.322,0.309,0.415,0.413,5.175,4.163,26.1,23.8,35.0,0.0,0.6,0.8,0.8,0.7,0.3363,0.3843,0.4437,0.491,0.1582,0.2376,lineup,lineup,"[{""id"": 669477, ""name"": ""Casey Schmitt"", ""bats"": ""R"", ""obp"": 0.30859375, ""slg"": 0.5228215767634855, ""iso"": 0.24481327800829877, ""ab"": 241}, {""id"": 650333, ""name"": ""Luis Arraez"", ""bats"": ""L"", ""obp"": 0.36042402826855124, ""slg"": 0.437984496124031, ""iso"": 0.11240310077519378, ""ab"": 258}, {""id"": 656305, ""name"": ""Matt Chapman"", ""bats"": ""R"", ""obp"": 0.33687943262411346, ""slg"": 0.3724696356275304, ""iso"": 0.12145748987854255, ""ab"": 247}]","[{""id"": 695578, ""name"": ""James Wood"", ""bats"": ""L"", ""obp"": 0.4069400630914827, ""slg"": 0.5271317829457365, ""iso"": 0.25581395348837216, ""ab"": 258}, {""id"": 678554, ""name"": ""Curtis Mead"", ""bats"": ""R"", ""obp"": 0.34759358288770054, ""slg"": 0.46875, ""iso"": 0.23125, ""ab"": 160}, {""id"": 671277, ""name"": ""Luis Garc\u00eda Jr."", ""bats"": ""L"", ""obp"": 0.28837209302325584, ""slg"": 0.46116504854368934, ""iso"": 0.19902912621359226, ""ab"": 206}]","[{""name"": ""away_top3c_iso"", ""value"": 0.2376, ""contribution"": 0.416}, {""name"": ""away_top3c_slg"", ""value"": 0.491, ""contribution"": -0.2567}, {""name"": ""home_fip"", ""value"": 4.9111, ""contribution"": 0.1047}, {""name"": ""wx_wind_kmh"", ""value"": 23.8, ""contribution"": 0.0548}, {""name"": ""home_xera"", ""value"": 3.719, ""contribution"": -0.0406}]","[{""name"": ""wx_wind_kmh"", ""value"": 23.8, ""contribution"": 0.1295}, {""name"": ""home_top3_ops_vs_oppHand"", ""value"": 0.8617, ""contribution"": 0.1175}, {""name"": ""home_top3c_iso"", ""value"": 0.1582, ""contribution"": -0.0983}, {""name"": ""away_fip"", ""value"": 4.5211, ""contribution"": 0.057}, {""name"": ""fi_park_nrfi_rate"", ""value"": 0.5059, ""contribution"": -0.0432}]",605672,0.5283,3.719,4.362,64.0,59.0,0.751,0.7136,4.4,5.07,0.7463,0.8617,L,L,NRFI,LOSS,0,0,0,2026-06-10T20:03:32+00:00,-125,-105,DraftKings,2026-06-10T18:46:03+00:00,0.5556,0.5122,-0.1492,0.0814,0.0814,Y,1,-1,-125,-105,2026-06-10T18:40:35+00:00,0,0.4589,PASS,NO EDGE,,,,,,,
2026-06-10,2026,823287,1,N,CIN,SD,4:10 PM ET,Brady Singer,Michael King,663903,650633,live,live,live,live,0.95,0.4423,0.5961,1.0384,0.2923,0.4213,0.7135,0.4779,0.5221,0.2784,0.7216,,,PASS,NO EDGE,PASS - No edge,4,2026-06-10T19:35:20Z,5.107,3.521,1.501,1.156,5.523,4.064,3.14,3.38,2.04,1.11,7.63,8.65,0.314,0.296,0.396,0.366,4.315,3.92,20.0,10.0,60.0,0.0,0.8,0.4,0.9,0.3,0.2915,0.3381,0.3361,0.4523,0.1181,0.2105,lineup,lineup,"[{""id"": 665487, ""name"": ""Fernando Tatis Jr."", ""bats"": ""R"", ""obp"": 0.3464285714285714, ""slg"": 0.3346774193548387, ""iso"": 0.05645161290322581, ""ab"": 248}, {""id"": 701538, ""name"": ""Jackson Merrill"", ""bats"": ""L"", ""obp"": 0.2720306513409962, ""slg"": 0.3319327731092437, ""iso"": 0.13025210084033612, ""ab"": 238}, {""id"": 592518, ""name"": ""Manny Machado"", ""bats"": ""R"", ""obp"": 0.2528301886792453, ""slg"": 0.3418803418803419, ""iso"": 0.17094017094017094, ""ab"": 234}]","[{""id"": 680574, ""name"": ""Matt McLain"", ""bats"": ""R"", ""obp"": 0.3117408906882591, ""slg"": 0.37209302325581395, ""iso"": 0.1627906976744186, ""ab"": 215}, {""id"": 668709, ""name"": ""JJ Bleday"", ""bats"": ""L"", ""obp"": 0.35542168674698793, ""slg"": 0.5517241379310345, ""iso"": 0.2827586206896552, ""ab"": 145}, {""id"": 701398, ""name"": ""Sal Stewart"", ""bats"": ""R"", ""obp"": 0.3506944444444444, ""slg"": 0.4637096774193548, ""iso"": 0.2096774193548387, ""ab"": 248}]","[{""name"": ""away_top3c_iso"", ""value"": 0.2105, ""contribution"": 0.2256}, {""name"": ""era_gap_t1"", ""value"": -1.5862, ""contribution"": -0.1711}, {""name"": ""fi_park_nrfi_rate"", ""value"": 0.5409, ""contribution"": -0.149}, {""name"": ""home_p_last10_pitcher_nrfi"", ""value"": 0.9, ""contribution"": 0.0716}, {""name"": ""away_top3c_slg"", ""value"": 0.4523, ""contribution"": -0.0609}]","[{""name"": ""home_top3c_slg"", ""value"": 0.3361, ""contribution"": 0.6478}, {""name"": ""home_top3c_iso"", ""value"": 0.1181, ""contribution"": -0.2877}, {""name"": ""fi_park_nrfi_rate"", ""value"": 0.5409, ""contribution"": -0.229}, {""name"": ""home_top3_ops_vs_oppHand"", ""value"": 0.576, ""contribution"": -0.2245}, {""name"": ""home_top3c_obp"", ""value"": 0.2915, ""contribution"": -0.171}]",427315,0.5564,3.885,4.422,56.0,32.0,0.6487,0.7272,5.67,4.53,0.8017,0.576,R,R,YRFI,PASS,0,1,1,2026-06-10T20:23:28+00:00,-120,-105,DraftKings,2026-06-10T20:28:03+00:00,0.5455,0.5122,-0.0683,0.0106,,N,,,-120,-105,2026-06-10T20:06:30+00:00,,0.4851,PASS,NO EDGE,,,,,,,
2026-06-10,2026,824428,1,N,NYY,CLE,1:10 PM ET,Carlos Rodón,Parker Messick,607074,800048,live,live,live,live,0.96,0.4251,0.4628,0.8879,0.3745,0.3812,0.7558,0.4772,0.5228,0.2231,0.7769,,,PASS,NO EDGE,PASS - No edge,4,2026-06-10T17:01:18Z,3.009,2.851,1.108,1.142,3.65,3.554,4.29,2.56,0.76,1.01,9.5,9.14,0.327,0.317,0.428,0.377,4.957,4.125,31.7,9.3,54.0,0.0,1.0,0.6,1.0,0.8,0.3224,0.3764,0.4175,0.5403,0.1893,0.2567,lineup,lineup,"[{""id"": 682657, ""name"": ""Angel Mart\u00ednez"", ""bats"": ""S"", ""obp"": 0.27510917030567683, ""slg"": 0.4305555555555556, ""iso"": 0.19444444444444448, ""ab"": 216}, {""id"": 608070, ""name"": ""Jos\u00e9 Ram\u00edrez"", ""bats"": ""S"", ""obp"": 0.3443708609271523, ""slg"": 0.42412451361867703, ""iso"": 0.1828793774319066, ""ab"": 257}, {""id"": 656555, ""name"": ""Rhys Hoskins"", ""bats"": ""R"", ""obp"": 0.34594594594594597, ""slg"": 0.38620689655172413, ""iso"": 0.19310344827586207, ""ab"": 145}]","[{""id"": 502671, ""name"": ""Paul Goldschmidt"", ""bats"": ""R"", ""obp"": 0.358974358974359, ""slg"": 0.5251798561151079, ""iso"": 0.24460431654676257, ""ab"": 139}, {""id"": 700250, ""name"": ""Ben Rice"", ""bats"": ""L"", ""obp"": 0.3923076923076923, ""slg"": 0.6261261261261262, ""iso"": 0.32882882882882886, ""ab"": 222}, {""id"": 641355, ""name"": ""Cody Bellinger"", ""bats"": ""L"", ""obp"": 0.37142857142857144, ""slg"": 0.46808510638297873, ""iso"": 0.19574468085106383, ""ab"": 235}]","[{""name"": ""away_top3c_iso"", ""value"": 0.2567, ""contribution"": 0.5509}, {""name"": ""away_top3c_slg"", ""value"": 0.5403, ""contribution"": -0.5065}, {""name"": ""away_top3_ops_vs_oppHand"", ""value"": 1.029, ""contribution"": 0.2668}, {""name"": ""home_xera"", ""value"": 2.6176, ""contribution"": -0.1535}, {""name"": ""home_p_last10_pitcher_nrfi"", ""value"": 1.0, ""contribution"": 0.1107}]","[{""name"": ""fi_park_nrfi_rate"", ""value"": 0.528, ""contribution"": -0.1602}, {""name"": ""home_top3c_slg"", ""value"": 0.4175, ""contribution"": 0.1424}, {""name"": ""wx_temp_c"", ""value"": 31.7, ""contribution"": 0.0872}, {""name"": ""home_top3c_obp"", ""value"": 0.3224, ""contribution"": -0.0628}, {""name"": ""home_top3c_iso"", ""value"": 0.1893, ""contribution"": 0.0487}]",427533,0.5151,2.618,4.2,66.0,50.0,0.7136,0.7075,5.6,5.0,1.029,0.7647,L,L,YRFI,PASS,0,1,1,2026-06-10T17:25:33+00:00,-125,-105,DraftKings,2026-06-10T18:04:31+00:00,0.5556,0.5122,-0.0784,0.0106,,N,,,-125,-105,2026-06-10T17:04:54+00:00,,0.4877,PASS,NO EDGE,,,,,,,
2026-06-10,2026,824103,1,N,TEX,KC,7:40 PM ET,MacKenzie Gore,Seth Lugo,669022,607625,live,live,live,live,0.96,0.4727,0.4798,0.9524,0.3048,0.4172,0.722,0.4772,0.5228,0.2467,0.7533,,,PASS,NO EDGE,PASS - No edge,4,2026-06-10T23:35:25Z,4.207,3.993,1.313,1.336,3.689,4.164,3.91,3.04,0.94,1.12,9.89,7.64,0.315,0.314,0.387,0.383,4.105,4.03,31.7,35.3,58.0,0.0,0.4,0.6,0.4,0.6,0.3428,0.3359,0.3977,0.4378,0.1353,0.1839,lineup,lineup,"[{""id"": 686475, ""name"": ""Tyler Tolbert"", ""bats"": ""R"", ""obp"": 0.3333333333333333, ""slg"": 0.23076923076923078, ""iso"": 0.0, ""ab"": 13}, {""id"": 677951, ""name"": ""Bobby Witt Jr."", ""bats"": ""R"", ""obp"": 0.3523489932885906, ""slg"": 0.45075757575757575, ""iso"": 0.17424242424242425, ""ab"": 264}, {""id"": 672580, ""name"": ""Maikel Garcia"", ""bats"": ""R"", ""obp"": 0.32567049808429116, ""slg"": 0.38396624472573837, ""iso"": 0.11814345991561181, ""ab"": 237}]","[{""id"": 669394, ""name"": ""Jake Burger"", ""bats"": ""R"", ""obp"": 0.29343629343629346, ""slg"": 0.41422594142259417, ""iso"": 0.17573221757322177, ""ab"": 239}, {""id"": 608369, ""name"": ""Corey Seager"", ""bats"": ""L"", ""obp"": 0.28350515463917525, ""slg"": 0.3630952380952381, ""iso"": 0.17857142857142855, ""ab"": 168}, {""id"": 673962, ""name"": ""Josh Jung"", ""bats"": ""R"", ""obp"": 0.36964980544747084, ""slg"": 0.48717948717948717, ""iso"": 0.17094017094017094, ""ab"": 234}]","[{""name"": ""fi_park_nrfi_rate"", ""value"": 0.5614, ""contribution"": -0.2197}, {""name"": ""home_p_last10_pitcher_nrfi"", ""value"": 0.4, ""contribution"": -0.1236}, {""name"": ""wx_wind_kmh"", ""value"": 35.3, ""contribution"": 0.106}, {""name"": ""home_xera"", ""value"": 4.7928, ""contribution"": 0.0694}, {""name"": ""wx_temp_c"", ""value"": 31.7, ""contribution"": 0.0625}]","[{""name"": ""fi_park_nrfi_rate"", ""value"": 0.5614, ""contribution"": -0.3377}, {""name"": ""home_top3c_slg"", ""value"": 0.3977, ""contribution"": 0.2649}, {""name"": ""wx_wind_kmh"", ""value"": 35.3, ""contribution"": 0.2506}, {""name"": ""home_top3c_iso"", ""value"": 0.1353, ""contribution"": -0.2065}, {""name"": ""home_top3_ops_vs_oppHand"", ""value"": 0.8947, ""contribution"": 0.1571}]",623938,0.4993,4.793,4.532,12.0,75.0,0.6942,0.7136,5.67,5.2,0.7697,0.8947,L,R,NRFI,PASS,0,0,0,2026-06-10T23:51:58+00:00,+105,-135,DraftKings,2026-06-10T23:59:43+00:00,0.4878,0.5745,-0.0106,-0.0517,,N,,,+105,-135,2026-06-10T23:38:31+00:00,,0.4144,YRFI,STRONG,,,,,,,
2026-06-10,2026,822804,1,N,PHI,TOR,7:07 PM ET,Jesús Luzardo,Max Scherzer,666200,453286,live,live,live,live,1.01,0.6375,0.4212,1.0587,0.5121,0.2402,0.7523,0.4772,0.5228,0.2858,0.7142,,,PASS,NO EDGE,PASS - No edge,4,2026-06-10T23:06:45Z,4.333,6.377,1.291,1.384,3.19,5.921,2.66,3.01,0.92,2.3,10.13,7.53,0.3,0.313,0.391,0.391,4.104,4.151,,,,1.0,0.4,1.0,0.2,0.9,0.33,0.3341,0.3979,0.4644,0.1287,0.2242,lineup,lineup,"[{""id"": 543807, ""name"": ""George Springer"", ""bats"": ""R"", ""obp"": 0.2828282828282828, ""slg"": 0.34269662921348315, ""iso"": 0.1404494382022472, ""ab"": 178}, {""id"": 665489, ""name"": ""Vladimir Guerrero Jr."", ""bats"": ""R"", ""obp"": 0.37050359712230213, ""slg"": 0.36554621848739494, ""iso"": 0.08403361344537813, ""ab"": 238}, {""id"": 676391, ""name"": ""Ernie Clement"", ""bats"": ""R"", ""obp"": 0.32342007434944237, ""slg"": 0.4653846153846154, ""iso"": 0.16153846153846158, ""ab"": 260}]","[{""id"": 656941, ""name"": ""Kyle Schwarber"", ""bats"": ""L"", ""obp"": 0.3541666666666667, ""slg"": 0.5637860082304527, ""iso"": 0.3292181069958848, ""ab"": 243}, {""id"": 607208, ""name"": ""Trea Turner"", ""bats"": ""R"", ""obp"": 0.27835051546391754, ""slg"": 0.34444444444444444, ""iso"": 0.11851851851851852, ""ab"": 270}, {""id"": 547180, ""name"": ""Bryce Harper"", ""bats"": ""L"", ""obp"": 0.37184115523465705, ""slg"": 0.5, ""iso"": 0.23706896551724138, ""ab"": 232}]","[{""name"": ""away_top3c_iso"", ""value"": 0.2242, ""contribution"": 0.3217}, {""name"": ""era_gap_t1"", ""value"": 2.0437, ""contribution"": 0.2219}, {""name"": ""home_fip"", ""value"": 5.9213, ""contribution"": 0.2181}, {""name"": ""home_p_last10_pitcher_nrfi"", ""value"": 0.2, ""contribution"": -0.2017}, {""name"": ""away_top3c_slg"", ""value"": 0.4644, ""contribution"": -0.1224}]","[{""name"": ""home_top3c_slg"", ""value"": 0.3979, ""contribution"": 0.2638}, {""name"": ""home_top3c_iso"", ""value"": 0.1287, ""contribution"": -0.2375}, {""name"": ""away_whiff_pct_rank"", ""value"": 90.0, ""contribution"": -0.1731}, {""name"": ""era_gap_b1"", ""value"": -2.0437, ""contribution"": -0.1394}, {""name"": ""away_fip"", ""value"": 3.1895, ""contribution"": -0.0853}]",691042,0.5084,4.629,3.2,39.0,90.0,0.6643,0.7272,3.73,5.87,0.8407,0.822,L,R,YRFI,PASS,1,0,1,2026-06-10T23:23:41+00:00,-110,-120,DraftKings,2026-06-10T23:06:25+00:00,0.5238,0.5455,-0.0466,-0.0227,,N,,,-105,-125,2026-06-10T23:06:25+00:00,,0.6425,NRFI,STRONG,,,,,,,
2026-06-10,2026,824831,1,N,SEA,BAL,6:35 PM ET,George Kirby,Brandon Young,669923,687064,live,live,live,live,1.06,0.5794,0.4631,1.0425,0.2826,0.349,0.6316,0.5479,0.4521,0.2799,0.7201,,,NRFI,LEAN,LEAN NRFI,4,2026-06-10T21:27:53Z,4.098,4.227,1.249,1.364,3.396,4.547,2.08,3.15,0.9,1.29,8.2,7.38,0.318,0.32,0.4,0.399,4.307,4.633,25.7,5.2,84.0,0.0,0.8,0.4,0.6,0.7,0.3352,0.3183,0.4041,0.3916,0.1652,0.1371,lineup,lineup,"[{""id"": 621493, ""name"": ""Taylor Ward"", ""bats"": ""R"", ""obp"": 0.4025974025974026, ""slg"": 0.3617886178861789, ""iso"": 0.1016260162601626, ""ab"": 246}, {""id"": 683002, ""name"": ""Gunnar Henderson"", ""bats"": ""L"", ""obp"": 0.2824675324675325, ""slg"": 0.41134751773049644, ""iso"": 0.19148936170212763, ""ab"": 282}, {""id"": 624413, ""name"": ""Pete Alonso"", ""bats"": ""R"", ""obp"": 0.3197278911564626, ""slg"": 0.4362934362934363, ""iso"": 0.19691119691119693, ""ab"": 259}]","[{""id"": 702284, ""name"": ""Cole Young"", ""bats"": ""L"", ""obp"": 0.3173431734317343, ""slg"": 0.34710743801652894, ""iso"": 0.09917355371900827, ""ab"": 242}, {""id"": 677594, ""name"": ""Julio Rodr\u00edguez"", ""bats"": ""R"", ""obp"": 0.31333333333333335, ""slg"": 0.44727272727272727, ""iso"": 0.19272727272727275, ""ab"": 275}, {""id"": 647304, ""name"": ""Josh Naylor"", ""bats"": ""L"", ""obp"": 0.3248175182481752, ""slg"": 0.37349397590361444, ""iso"": 0.1124497991967871, ""ab"": 249}]","[{""name"": ""away_top3c_iso"", ""value"": 0.1371, ""contribution"": -0.2917}, {""name"": ""away_top3c_slg"", ""value"": 0.3916, ""contribution"": 0.2463}, {""name"": ""fi_park_nrfi_rate"", ""value"": 0.519, ""contribution"": -0.0733}, {""name"": ""away_top3_ops_vs_oppHand"", ""value"": 0.7033, ""contribution"": -0.0651}, {""name"": ""home_fip"", ""value"": 4.547, ""contribution"": 0.0638}]","[{""name"": ""home_top3c_slg"", ""value"": 0.4041, ""contribution"": 0.2257}, {""name"": ""fi_park_nrfi_rate"", ""value"": 0.519, ""contribution"": -0.1127}, {""name"": ""away_whiff_pct_rank"", ""value"": 72.0, ""contribution"": -0.0954}, {""name"": ""wx_wind_kmh"", ""value"": 5.2, ""contribution"": -0.0663}, {""name"": ""home_top3c_iso"", ""value"": 0.1652, ""contribution"": -0.0653}]",483912,0.5511,4.059,3.551,14.0,72.0,0.7136,0.7197,5.73,5.2,0.7033,0.7407,R,R,NRFI,WIN,0,0,0,2026-06-10T22:50:14+00:00,-115,-110,DraftKings,2026-06-10T22:26:03+00:00,0.5349,0.5238,0.013,-0.0717,0.013,N,0.5,0,-115,-110,2026-06-10T21:25:13+00:00,0,0.4877,PASS,NO EDGE,,,,,,,
2026-06-10,2026,823372,1,N,LAD,PIT,6:40 PM ET,Shohei Ohtani,Jared Jones,660271,683003,live,sm,live,live,0.96,0.5591,0.3603,0.9195,0.4067,0.2711,0.6778,0.4956,0.5044,0.2346,0.7654,,,PASS,NO EDGE,PASS - No edge,4,2026-06-10T22:37:04Z,1.897,4.29,0.942,1.325,2.73,4.362,2.58,3.12,0.56,1.35,9.92,8.96,0.34,0.331,0.436,0.4,5.177,4.921,20.0,10.0,60.0,0.0,0.5,1.0,0.5,1.0,0.3706,0.3702,0.4692,0.5103,0.203,0.2216,lineup,lineup,"[{""id"": 687462, ""name"": ""Spencer Horwitz"", ""bats"": ""L"", ""obp"": 0.3872340425531915, ""slg"": 0.45918367346938777, ""iso"": 0.17346938775510207, ""ab"": 196}, {""id"": 664040, ""name"": ""Brandon Lowe"", ""bats"": ""L"", ""obp"": 0.3320754716981132, ""slg"": 0.5150214592274678, ""iso"": 0.2660944206008583, ""ab"": 233}, {""id"": 668804, ""name"": ""Bryan Reynolds"", ""bats"": ""S"", ""obp"": 0.3923611111111111, ""slg"": 0.4322033898305085, ""iso"": 0.1652542372881356, ""ab"": 236}]","[{""id"": 660271, ""name"": ""Shohei Ohtani"", ""bats"": ""L"", ""obp"": 0.4166666666666667, ""slg"": 0.5211864406779662, ""iso"": 0.22033898305084754, ""ab"": 236}, {""id"": 681624, ""name"": ""Andy Pages"", ""bats"": ""R"", ""obp"": 0.32608695652173914, ""slg"": 0.5277777777777778, ""iso"": 0.24603174603174605, ""ab"": 252}, {""id"": 518692, ""name"": ""Freddie Freeman"", ""bats"": ""L"", ""obp"": 0.3655913978494624, ""slg"": 0.48148148148148145, ""iso"": 0.19753086419753085, ""ab"": 243}]","[{""name"": ""away_top3c_slg"", ""value"": 0.5103, ""contribution"": -0.3545}, {""name"": ""away_top3c_iso"", ""value"": 0.2216, ""contribution"": 0.3037}, {""name"": ""era_gap_t1"", ""value"": 2.3937, ""contribution"": 0.2598}, {""name"": ""away_top3_ops_vs_oppHand"", ""value"": 0.9053, ""contribution"": 0.1407}, {""name"": ""home_p_last10_pitcher_nrfi"", ""value"": 0.5, ""contribution"": -0.0846}]","[{""name"": ""home_top3c_slg"", ""value"": 0.4692, ""contribution"": -0.1788}, {""name"": ""era_gap_b1"", ""value"": -2.3937, ""contribution"": -0.1633}, {""name"": ""away_whiff_pct_rank"", ""value"": 85.0, ""contribution"": -0.1515}, {""name"": ""away_fip"", ""value"": 2.7304, ""contribution"": -0.1344}, {""name"": ""home_top3_ops_vs_oppHand"", ""value"": 0.865, ""contribution"": 0.1215}]",681849,0.5084,4.2,1.714,50.0,85.0,0.7272,0.7136,4.67,6.2,0.9053,0.865,R,R,NRFI,PASS,0,0,0,2026-06-10T22:56:02+00:00,-120,-110,DraftKings,2026-06-10T22:51:41+00:00,0.5455,0.5238,-0.0499,-0.0194,,N,,,-120,-110,2026-06-10T22:36:41+00:00,,0.5695,NRFI,STRONG,,,,,,,
2026-06-10,2026,824266,1,N,MIN,DET,6:40 PM ET,Mike Paredes,Framber Valdez,702474,664285,sm,live,live,live,0.98,0.4785,0.514,0.9925,0.2544,0.3826,0.637,0.5479,0.4521,0.2615,0.7385,,,NRFI,LEAN,LEAN NRFI,4,2026-06-10T21:36:23Z,4.282,4.014,1.234,1.291,4.389,3.758,3.25,3.3,1.22,0.81,8.2,7.86,0.315,0.316,0.394,0.391,4.572,4.116,20.0,10.0,60.0,0.0,0.6,0.5,0.6,0.5,0.3674,0.3199,0.4232,0.4422,0.1555,0.1941,lineup,lineup,"[{""id"": 805808, ""name"": ""Kevin McGonigle"", ""bats"": ""L"", ""obp"": 0.3900709219858156, ""slg"": 0.4190871369294606, ""iso"": 0.1327800829875519, ""ab"": 241}, {""id"": 650402, ""name"": ""Gleyber Torres"", ""bats"": ""R"", ""obp"": 0.38596491228070173, ""slg"": 0.3617021276595745, ""iso"": 0.09219858156028371, ""ab"": 141}, {""id"": 663837, ""name"": ""Matt Vierling"", ""bats"": ""R"", ""obp"": 0.2712765957446808, ""slg"": 0.35119047619047616, ""iso"": 0.14285714285714282, ""ab"": 168}]","[{""id"": 668885, ""name"": ""Austin Martin"", ""bats"": ""R"", ""obp"": 0.3532110091743119, ""slg"": 0.3333333333333333, ""iso"": 0.08602150537634407, ""ab"": 186}, {""id"": 621439, ""name"": ""Byron Buxton"", ""bats"": ""R"", ""obp"": 0.31620553359683795, ""slg"": 0.5541125541125541, ""iso"": 0.2987012987012987, ""ab"": 231}, {""id"": 686797, ""name"": ""Brooks Lee"", ""bats"": ""S"", ""obp"": 0.2948207171314741, ""slg"": 0.41810344827586204, ""iso"": 0.17672413793103445, ""ab"": 232}]","[{""name"": ""fi_park_nrfi_rate"", ""value"": 0.5322, ""contribution"": -0.1188}, {""name"": ""away_top3c_iso"", ""value"": 0.1941, ""contribution"": 0.1103}, {""name"": ""away_top3_ops_vs_oppHand"", ""value"": 0.717, ""contribution"": -0.0512}, {""name"": ""home_p_last10_pitcher_nrfi"", ""value"": 0.6, ""contribution"": -0.0455}, {""name"": ""home_xera"", ""value"": 3.7403, ""contribution"": -0.0384}]","[{""name"": ""fi_park_nrfi_rate"", ""value"": 0.5322, ""contribution"": -0.1826}, {""name"": ""home_top3c_iso"", ""value"": 0.1555, ""contribution"": -0.1109}, {""name"": ""home_top3c_slg"", ""value"": 0.4232, ""contribution"": 0.1066}, {""name"": ""home_top3c_obp"", ""value"": 0.3674, ""contribution"": 0.0952}, {""name"": ""home_plate_ump_nrfi_rate"", ""value"": 0.4205, ""contribution"": -0.084}]",504381,0.4205,3.74,4.2,67.0,50.0,0.6942,0.7136,5.87,5.0,0.717,0.8237,R,L,NRFI,WIN,0,0,0,2026-06-11T00:06:30+00:00,-110,-120,DraftKings,2026-06-10T22:51:41+00:00,0.5238,0.5455,0.0241,-0.0934,0.0241,N,0.5,0,-110,-120,2026-06-10T21:40:00+00:00,0,0.6370,NRFI,STRONG,,,,,,,
2026-06-10,2026,824590,1,N,ATL,CWS,7:40 PM ET,Chris Sale,Davis Martin,519242,663436,live,live,live,live,0.98,0.4052,0.3809,0.7861,0.4293,0.5074,0.9368,0.4064,0.5936,0.1862,0.8138,,,YRFI,STRONG,STRONG YRFI,4,2026-06-10T22:37:04Z,2.355,3.142,1.044,1.174,2.641,3.222,2.34,2.45,0.76,0.69,11.13,8.21,0.323,0.325,0.427,0.413,5.079,4.735,23.9,27.2,85.0,0.0,0.8,0.8,0.8,0.8,0.3493,0.3414,0.4591,0.5114,0.1993,0.2242,lineup,lineup,"[{""id"": 805367, ""name"": ""Chase Meidroth"", ""bats"": ""R"", ""obp"": 0.34444444444444444, ""slg"": 0.3900414937759336, ""iso"": 0.11618257261410786, ""ab"": 241}, {""id"": 643217, ""name"": ""Andrew Benintendi"", ""bats"": ""L"", ""obp"": 0.2938388625592417, ""slg"": 0.39790575916230364, ""iso"": 0.16230366492146595, ""ab"": 191}, {""id"": 678246, ""name"": ""Miguel Vargas"", ""bats"": ""R"", ""obp"": 0.3706293706293706, ""slg"": 0.4978723404255319, ""iso"": 0.25531914893617025, ""ab"": 235}]","[{""id"": 671739, ""name"": ""Michael Harris II"", ""bats"": ""L"", ""obp"": 0.3458333333333333, ""slg"": 0.5242290748898678, ""iso"": 0.21145374449339205, ""ab"": 227}, {""id"": 645277, ""name"": ""Ozzie Albies"", ""bats"": ""S"", ""obp"": 0.3368055555555556, ""slg"": 0.44921875, ""iso"": 0.16796875, ""ab"": 256}, {""id"": 621566, ""name"": ""Matt Olson"", ""bats"": ""L"", ""obp"": 0.3423728813559322, ""slg"": 0.5610687022900763, ""iso"": 0.2900763358778626, ""ab"": 262}]","[{""name"": ""away_top3c_slg"", ""value"": 0.5114, ""contribution"": -0.3603}, {""name"": ""away_top3c_iso"", ""value"": 0.2242, ""contribution"": 0.3217}, {""name"": ""away_top3_ops_vs_oppHand"", ""value"": 0.8527, ""contribution"": 0.0871}, {""name"": ""fi_park_nrfi_rate"", ""value"": 0.473, ""contribution"": 0.0859}, {""name"": ""era_gap_t1"", ""value"": 0.7869, ""contribution"": 0.0858}]","[{""name"": ""home_top3_ops_vs_oppHand"", ""value"": 1.07, ""contribution"": 0.367}, {""name"": ""wx_wind_kmh"", ""value"": 27.2, ""contribution"": 0.1653}, {""name"": ""away_whiff_pct_rank"", ""value"": 85.0, ""contribution"": -0.1515}, {""name"": ""away_fip"", ""value"": 2.6411, ""contribution"": -0.1439}, {""name"": ""fi_park_nrfi_rate"", ""value"": 0.473, ""contribution"": 0.1321}]",489985,0.4845,4.871,2.52,29.0,85.0,0.7136,0.6942,5.67,6.13,0.8527,1.07,L,R,NRFI,LOSS,0,0,0,2026-06-10T23:57:42+00:00,-130,+100,DraftKings,2026-06-10T22:41:01+00:00,0.5652,0.5,-0.1588,0.0936,0.0936,Y,1,-1,-130,+100,2026-06-10T22:36:41+00:00,0,0.4144,PASS,NO EDGE,,,,,,,
2026-06-11,2026,824346,1,N,CHC,COL,3:10 PM ET,Edward Cabrera,Ryan Feltner,665795,663372,live,ltd,live,live,1.22,0.6385,0.6737,1.3122,0.4688,0.5502,1.0191,0.3543,0.6457,0.3775,0.6225,,,YRFI,STRONG,STRONG YRFI,4,2026-06-11T17:37:02Z,4.389,4.273,1.342,1.246,4.454,4.478,3.24,2.97,1.48,1.3,8.96,7.56,0.329,0.318,0.391,0.395,4.524,4.355,26.0,13.7,7.0,0.0,0.8,0.8,0.8,0.9,0.3384,0.3458,0.3761,0.3932,0.1196,0.1442,lineup,lineup,"[{""id"": 666397, ""name"": ""Edouard Julien"", ""bats"": ""L"", ""obp"": 0.3259668508287293, ""slg"": 0.310126582278481, ""iso"": 0.08227848101265822, ""ab"": 158}, {""id"": 650489, ""name"": ""Willi Castro"", ""bats"": ""S"", ""obp"": 0.3364485981308411, ""slg"": 0.3697916666666667, ""iso"": 0.10416666666666669, ""ab"": 192}, {""id"": 681198, ""name"": ""TJ Rumfield"", ""bats"": ""L"", ""obp"": 0.3488372093023256, ""slg"": 0.42731277533039647, ""iso"": 0.15859030837004406, ""ab"": 227}]","[{""id"": 691718, ""name"": ""Pete Crow-Armstrong"", ""bats"": ""L"", ""obp"": 0.3368421052631579, ""slg"": 0.44047619047619047, ""iso"": 0.1865079365079365, ""ab"": 252}, {""id"": 608324, ""name"": ""Alex Bregman"", ""bats"": ""R"", ""obp"": 0.33114754098360655, ""slg"": 0.34328358208955223, ""iso"": 0.09701492537313433, ""ab"": 268}, {""id"": 683737, ""name"": ""Michael Busch"", ""bats"": ""L"", ""obp"": 0.3694915254237288, ""slg"": 0.3991769547325103, ""iso"": 0.15226337448559674, ""ab"": 243}]","[{""name"": ""fi_park_nrfi_rate"", ""value"": 0.4241, ""contribution"": 0.2547}, {""name"": ""away_top3c_iso"", ""value"": 0.1442, ""contribution"": -0.2417}, {""name"": ""away_top3c_slg"", ""value"": 0.3932, ""contribution"": 0.2385}, {""name"": ""home_xera"", ""value"": 4.7432, ""contribution"": 0.0643}, {""name"": ""home_fip"", ""value"": 4.4777, ""contribution"": 0.056}]","[{""name"": ""home_top3c_slg"", ""value"": 0.3761, ""contribution"": 0.3995}, {""name"": ""fi_park_nrfi_rate"", ""value"": 0.4241, ""contribution"": 0.3916}, {""name"": ""home_top3c_iso"", ""value"": 0.1196, ""contribution"": -0.2805}, {""name"": ""away_whiff_pct_rank"", ""value"": 76.0, ""contribution"": -0.1127}, {""name"": ""away_p_last10_pitcher_nrfi"", ""value"": 0.9, ""contribution"": -0.0601}]",665299,0.5084,4.743,4.053,55.0,76.0,0.7136,0.6942,4.73,4.47,0.749,0.737,R,R,NRFI,LOSS,0,0,0,2026-06-11T19:26:37+00:00,+110,-145,DraftKings,2026-06-11T18:16:45+00:00,0.4762,0.5918,-0.1219,0.0539,0.0539,Y,1,-1,+110,-145,2026-06-11T18:06:23+00:00,0,0.4107,YRFI,STRONG,,,,,,,
2026-06-11,2026,823619,1,N,STL,NYM,1:10 PM ET,Hunter Dobbins,Christian Scott,690928,681035,ltd,ltd,live,live,0.96,0.4575,0.4538,0.9113,0.4457,0.4234,0.8691,0.4064,0.5936,0.2317,0.7683,,,YRFI,STRONG,STRONG YRFI,4,2026-06-11T16:04:48Z,3.811,3.379,1.28,1.284,3.937,3.527,3.24,3.67,0.96,0.76,8.17,9.46,0.322,0.296,0.394,0.371,4.519,4.079,34.8,10.5,31.0,0.0,0.8,0.4,0.625,0.6,0.3162,0.3699,0.3991,0.4295,0.1491,0.1601,lineup,lineup,"[{""id"": 701807, ""name"": ""Carson Benge"", ""bats"": ""L"", ""obp"": 0.3187250996015936, ""slg"": 0.39826839826839827, ""iso"": 0.13852813852813856, ""ab"": 231}, {""id"": 666182, ""name"": ""Bo Bichette"", ""bats"": ""R"", ""obp"": 0.2773972602739726, ""slg"": 0.31970260223048325, ""iso"": 0.09293680297397766, ""ab"": 269}, {""id"": 665742, ""name"": ""Juan Soto"", ""bats"": ""L"", ""obp"": 0.36619718309859156, ""slg"": 0.5163043478260869, ""iso"": 0.24456521739130432, ""ab"": 184}]","[{""id"": 802139, ""name"": ""JJ Wetherholt"", ""bats"": ""L"", ""obp"": 0.3594306049822064, ""slg"": 0.3949579831932773, ""iso"": 0.14285714285714285, ""ab"": 238}, {""id"": 671056, ""name"": ""Iv\u00e1n Herrera"", ""bats"": ""R"", ""obp"": 0.3918918918918919, ""slg"": 0.4132231404958678, ""iso"": 0.1487603305785124, ""ab"": 242}, {""id"": 676475, ""name"": ""Alec Burleson"", ""bats"": ""L"", ""obp"": 0.35714285714285715, ""slg"": 0.47808764940239046, ""iso"": 0.18725099601593626, ""ab"": 251}]","[{""name"": ""home_xera"", ""value"": 8.0432, ""contribution"": 0.4025}, {""name"": ""away_top3c_iso"", ""value"": 0.1601, ""contribution"": -0.1298}, {""name"": ""wx_temp_c"", ""value"": 34.8, ""contribution"": 0.0811}, {""name"": ""away_top3_ops_vs_oppHand"", ""value"": 0.8377, ""contribution"": 0.0718}, {""name"": ""away_top3c_slg"", ""value"": 0.4295, ""contribution"": 0.0543}]","[{""name"": ""home_top3c_slg"", ""value"": 0.3991, ""contribution"": 0.2564}, {""name"": ""home_top3c_iso"", ""value"": 0.1491, ""contribution"": -0.1411}, {""name"": ""away_whiff_pct_rank"", ""value"": 19.0, ""contribution"": 0.1333}, {""name"": ""home_obp"", ""value"": 0.2956, ""contribution"": -0.1275}, {""name"": ""wx_temp_c"", ""value"": 34.8, ""contribution"": 0.1131}]",482608,0.452,8.043,3.833,50.0,19.0,0.7136,0.7136,5.0,4.2,0.8377,0.7213,R,R,YRFI,WIN,1,3,4,2026-06-11T17:25:50+00:00,-110,-120,DraftKings,2026-06-11T16:12:51+00:00,0.5238,0.5455,-0.1174,0.0481,0.0481,Y,1,0.833,-115,-115,2026-06-11T16:07:39+00:00,0.0106,0.3767,YRFI,STRONG,,,,,,,
2026-06-11,2026,823855,1,N,ARI,MIA,1:10 PM ET,Merrill Kelly,Tyler Phillips,518876,663969,live,live,live,live,0.95,0.4559,0.6022,1.0581,0.3561,0.5169,0.873,0.4064,0.5936,0.2856,0.7144,,,YRFI,STRONG,STRONG YRFI,4,2026-06-11T16:04:48Z,4.819,2.656,1.338,1.278,5.205,3.921,3.25,3.75,1.65,0.71,6.74,7.28,0.309,0.322,0.392,0.388,4.348,4.355,,,,1.0,1.0,0.4,1.0,0.6,0.3425,0.3385,0.4552,0.4818,0.1713,0.2164,lineup,lineup,"[{""id"": 689414, ""name"": ""Liam Hicks"", ""bats"": ""L"", ""obp"": 0.348, ""slg"": 0.4697674418604651, ""iso"": 0.20465116279069767, ""ab"": 215}, {""id"": 672640, ""name"": ""Otto Lopez"", ""bats"": ""R"", ""obp"": 0.36971830985915494, ""slg"": 0.48872180451127817, ""iso"": 0.14661654135338342, ""ab"": 266}, {""id"": 669065, ""name"": ""Kyle Stowers"", ""bats"": ""L"", ""obp"": 0.29411764705882354, ""slg"": 0.38323353293413176, ""iso"": 0.16766467065868265, ""ab"": 167}]","[{""id"": 606466, ""name"": ""Ketel Marte"", ""bats"": ""S"", ""obp"": 0.2996389891696751, ""slg"": 0.4409448818897638, ""iso"": 0.19291338582677164, ""ab"": 254}, {""id"": 682998, ""name"": ""Corbin Carroll"", ""bats"": ""L"", ""obp"": 0.37362637362637363, ""slg"": 0.5550847457627118, ""iso"": 0.27118644067796605, ""ab"": 236}, {""id"": 672515, ""name"": ""Gabriel Moreno"", ""bats"": ""R"", ""obp"": 0.34545454545454546, ""slg"": 0.43356643356643354, ""iso"": 0.1678321678321678, ""ab"": 143}]","[{""name"": ""away_top3c_iso"", ""value"": 0.2164, ""contribution"": 0.2672}, {""name"": ""era_gap_t1"", ""value"": -2.1629, ""contribution"": -0.2336}, {""name"": ""away_top3c_slg"", ""value"": 0.4818, ""contribution"": -0.2105}, {""name"": ""fi_park_nrfi_rate"", ""value"": 0.455, ""contribution"": 0.1479}, {""name"": ""home_p_last10_pitcher_nrfi"", ""value"": 1.0, ""contribution"": 0.1107}]","[{""name"": ""fi_park_nrfi_rate"", ""value"": 0.455, ""contribution"": 0.2273}, {""name"": ""era_gap_b1"", ""value"": 2.1629, ""contribution"": 0.1468}, {""name"": ""away_fip"", ""value"": 5.2054, ""contribution"": 0.1301}, {""name"": ""home_top3c_slg"", ""value"": 0.4552, ""contribution"": -0.0923}, {""name"": ""wx_is_dome"", ""value"": 1.0, ""contribution"": -0.0758}]",607884,0.5403,4.17,4.616,85.0,52.0,0.7136,0.7309,3.78,6.47,0.783,0.7907,R,R,YRFI,WIN,0,1,1,2026-06-11T17:29:33+00:00,-110,-115,DraftKings,2026-06-11T16:12:51+00:00,0.5238,0.5349,-0.1174,0.0587,0.0587,Y,1,0.87,-110,-115,2026-06-11T16:07:39+00:00,0,0.4521,PASS,NO EDGE,,,,,,,
2026-06-11,2026,824265,1,N,MIN,DET,1:10 PM ET,Zebby Matthews,Keider Montero,805673,672456,live,live,live,live,0.98,0.4839,0.5022,0.9861,0.408,0.4553,0.8633,0.4064,0.5936,0.2591,0.7409,,,YRFI,STRONG,STRONG YRFI,4,2026-06-11T16:04:48Z,4.684,4.09,1.274,1.154,4.188,4.416,2.62,2.51,1.39,1.25,8.81,6.59,0.317,0.316,0.396,0.389,4.589,4.114,30.7,9.7,45.0,0.0,1.0,0.4,1.0,0.4,0.3744,0.3338,0.4264,0.489,0.155,0.2335,lineup,lineup,"[{""id"": 670097, ""name"": ""Zack Short"", ""bats"": ""R"", ""obp"": 0.3111111111111111, ""slg"": 0.22857142857142856, ""iso"": 0.057142857142857134, ""ab"": 35}, {""id"": 672761, ""name"": ""Wenceel P\u00e9rez"", ""bats"": ""S"", ""obp"": 0.24404761904761904, ""slg"": 0.33548387096774196, ""iso"": 0.1548387096774194, ""ab"": 155}, {""id"": 663837, ""name"": ""Matt Vierling"", ""bats"": ""R"", ""obp"": 0.26842105263157895, ""slg"": 0.34705882352941175, ""iso"": 0.1411764705882353, ""ab"": 170}]","[{""id"": 663616, ""name"": ""Trevor Larnach"", ""bats"": ""L"", ""obp"": 0.36787564766839376, ""slg"": 0.38414634146341464, ""iso"": 0.12804878048780488, ""ab"": 164}, {""id"": 606115, ""name"": ""Orlando Arcia"", ""bats"": ""R"", ""obp"": 0.3191489361702128, ""slg"": 0.37777777777777777, ""iso"": 0.0888888888888889, ""ab"": 45}, {""id"": 665019, ""name"": ""Kody Clemens"", ""bats"": ""L"", ""obp"": 0.3175355450236967, ""slg"": 0.484375, ""iso"": 0.234375, ""ab"": 192}]","[{""name"": ""away_top3c_iso"", ""value"": 0.2335, ""contribution"": 0.3875}, {""name"": ""away_top3c_slg"", ""value"": 0.489, ""contribution"": -0.2468}, {""name"": ""fi_park_nrfi_rate"", ""value"": 0.5322, ""contribution"": -0.1188}, {""name"": ""home_p_last10_pitcher_nrfi"", ""value"": 1.0, ""contribution"": 0.1107}, {""name"": ""away_top3_ops_vs_oppHand"", ""value"": 0.855, ""contribution"": 0.0894}]","[{""name"": ""fi_park_nrfi_rate"", ""value"": 0.5322, ""contribution"": -0.1826}, {""name"": ""home_top3c_obp"", ""value"": 0.3744, ""contribution"": 0.1196}, {""name"": ""home_top3c_iso"", ""value"": 0.155, ""contribution"": -0.1132}, {""name"": ""away_p_last10_pitcher_nrfi"", ""value"": 0.4, ""contribution"": 0.1041}, {""name"": ""home_top3_ops_vs_oppHand"", ""value"": 0.839, ""contribution"": 0.0904}]",596809,0.5038,4.024,4.2,9.0,50.0,0.6796,0.6942,5.27,6.07,0.855,0.839,R,R,YRFI,WIN,0,1,1,2026-06-11T17:21:57+00:00,+105,-135,DraftKings,2026-06-11T16:12:51+00:00,0.4878,0.5745,-0.0814,0.0191,0.0191,Y,1,0.741,+105,-135,2026-06-11T16:07:39+00:00,0,0.4699,PASS,NO EDGE,,,,,,,
2026-06-11,2026,824101,1,N,TEX,KC,2:10 PM ET,Kumar Rocker,Michael Wacha,677958,608379,live,live,live,live,0.96,0.4126,0.5268,0.9395,0.2793,0.4385,0.7177,0.4774,0.5226,0.242,0.758,,,PASS,NO EDGE,PASS - No edge,4,2026-06-11T17:37:02Z,4.122,3.579,1.345,1.166,4.308,3.884,3.54,2.71,1.08,0.93,7.64,7.16,0.318,0.315,0.387,0.384,4.128,4.03,25.9,25.3,48.0,0.0,0.8,0.4,0.8,0.3,0.3181,0.3192,0.3978,0.4157,0.1569,0.1647,lineup,lineup,"[{""id"": 695600, ""name"": ""Carter Jensen"", ""bats"": ""L"", ""obp"": 0.2850877192982456, ""slg"": 0.38308457711442784, ""iso"": 0.16915422885572137, ""ab"": 201}, {""id"": 677951, ""name"": ""Bobby Witt Jr."", ""bats"": ""R"", ""obp"": 0.35313531353135313, ""slg"": 0.44981412639405205, ""iso"": 0.17100371747211895, ""ab"": 269}, {""id"": 686469, ""name"": ""Vinnie Pasquantino"", ""bats"": ""L"", ""obp"": 0.30714285714285716, ""slg"": 0.3524590163934426, ""iso"": 0.13114754098360656, ""ab"": 244}]","[{""id"": 694671, ""name"": ""Wyatt Langford"", ""bats"": ""R"", ""obp"": 0.2692307692307692, ""slg"": 0.3673469387755102, ""iso"": 0.14285714285714288, ""ab"": 98}, {""id"": 608369, ""name"": ""Corey Seager"", ""bats"": ""L"", ""obp"": 0.28, ""slg"": 0.35260115606936415, ""iso"": 0.17341040462427745, ""ab"": 173}, {""id"": 673962, ""name"": ""Josh Jung"", ""bats"": ""R"", ""obp"": 0.3688212927756654, ""slg"": 0.4811715481171548, ""iso"": 0.16736401673640167, ""ab"": 239}]","[{""name"": ""fi_park_nrfi_rate"", ""value"": 0.5614, ""contribution"": -0.2197}, {""name"": ""away_top3c_slg"", ""value"": 0.4157, ""contribution"": 0.1245}, {""name"": ""away_top3c_iso"", ""value"": 0.1647, ""contribution"": -0.0971}, {""name"": ""wx_wind_kmh"", ""value"": 25.3, ""contribution"": 0.0615}, {""name"": ""era_gap_t1"", ""value"": -0.5428, ""contribution"": -0.0582}]","[{""name"": ""fi_park_nrfi_rate"", ""value"": 0.5614, ""contribution"": -0.3377}, {""name"": ""home_top3c_slg"", ""value"": 0.3978, ""contribution"": 0.2648}, {""name"": ""wx_wind_kmh"", ""value"": 25.3, ""contribution"": 0.1453}, {""name"": ""away_p_last10_pitcher_nrfi"", ""value"": 0.3, ""contribution"": 0.137}, {""name"": ""home_top3c_iso"", ""value"": 0.1569, ""contribution"": -0.1045}]",503490,0.5467,4.274,4.973,40.0,44.0,0.7197,0.7136,5.93,4.93,0.7363,0.7377,R,R,YRFI,PASS,1,0,1,2026-06-11T20:48:00+00:00,+110,-145,DraftKings,2026-06-11T20:30:26+00:00,0.4762,0.5918,0.0012,-0.0692,,N,,,+110,-145,2026-06-11T18:06:23+00:00,,0.4434,PASS,NO EDGE,,,,,,,
2026-06-11,2026,823371,1,N,LAD,PIT,6:40 PM ET,Justin Wrobleski,Mitch Keller,680736,656605,live,live,live,live,0.96,0.4653,0.4277,0.893,0.4082,0.4123,0.8205,0.4305,0.5695,0.225,0.775,,,PASS,LOW LAMBDA,PASS - Low lambda,4,2026-06-11T22:34:57Z,3.224,4.591,1.09,1.241,3.37,3.696,2.12,2.75,0.7,0.78,7.22,7.09,0.34,0.332,0.437,0.403,5.211,4.97,25.2,13.8,82.0,0.0,1.0,0.8,0.8,0.7,0.3604,0.3695,0.4399,0.5108,0.1683,0.2231,lineup,lineup,"[{""id"": 693304, ""name"": ""Nick Gonzales"", ""bats"": ""R"", ""obp"": 0.352, ""slg"": 0.3739130434782609, ""iso"": 0.07391304347826089, ""ab"": 230}, {""id"": 664040, ""name"": ""Brandon Lowe"", ""bats"": ""L"", ""obp"": 0.3333333333333333, ""slg"": 0.5147679324894515, ""iso"": 0.2658227848101266, ""ab"": 237}, {""id"": 668804, ""name"": ""Bryan Reynolds"", ""bats"": ""S"", ""obp"": 0.3924914675767918, ""slg"": 0.42916666666666664, ""iso"": 0.16249999999999998, ""ab"": 240}]","[{""id"": 669289, ""name"": ""Santiago Espinal"", ""bats"": ""R"", ""obp"": 0.25, ""slg"": 0.36, ""iso"": 0.12, ""ab"": 50}, {""id"": 681624, ""name"": ""Andy Pages"", ""bats"": ""R"", ""obp"": 0.3274021352313167, ""slg"": 0.5234375, ""iso"": 0.2421875, ""ab"": 256}, {""id"": 518692, ""name"": ""Freddie Freeman"", ""bats"": ""L"", ""obp"": 0.36619718309859156, ""slg"": 0.4817813765182186, ""iso"": 0.19838056680161942, ""ab"": 247}]","[{""name"": ""away_top3c_slg"", ""value"": 0.5108, ""contribution"": -0.357}, {""name"": ""away_top3c_iso"", ""value"": 0.2231, ""contribution"": 0.3143}, {""name"": ""era_gap_t1"", ""value"": 1.3669, ""contribution"": 0.1486}, {""name"": ""away_top3_ops_vs_oppHand"", ""value"": 0.9, ""contribution"": 0.1353}, {""name"": ""fi_park_nrfi_rate"", ""value"": 0.5188, ""contribution"": -0.0724}]","[{""name"": ""away_whiff_pct_rank"", ""value"": 17.0, ""contribution"": 0.1419}, {""name"": ""home_obp"", ""value"": 0.3316, ""contribution"": 0.1244}, {""name"": ""home_plate_ump_nrfi_rate"", ""value"": 0.6177, ""contribution"": 0.1192}, {""name"": ""fi_park_nrfi_rate"", ""value"": 0.5188, ""contribution"": -0.1113}, {""name"": ""era_gap_b1"", ""value"": -1.3669, ""contribution"": -0.0934}]",482620,0.6177,4.372,3.401,18.0,17.0,0.664,0.7136,5.2,6.53,0.9,0.7087,L,R,NRFI,PASS,0,0,0,2026-06-11T23:00:58+00:00,+100,-130,DraftKings,2026-06-11T22:43:02+00:00,0.5,0.5652,-0.0695,0.0043,0.0284,N,1,,+100,-130,2026-06-11T22:37:48+00:00,0,0.4285,YRFI,STRONG,,,,,,,
2026-06-11,2026,824827,1,N,SEA,BAL,7:05 PM ET,Bryan Woo,Kyle Bradish,693433,680694,live,live,live,live,1.06,0.5539,0.4161,0.97,0.307,0.3858,0.6928,0.4795,0.5205,0.2532,0.7468,,,PASS,NO EDGE,PASS - No edge,4,2026-06-11T23:03:53Z,3.466,3.832,0.976,1.396,3.177,4.103,1.67,4.03,0.97,1.07,9.04,9.25,0.317,0.321,0.398,0.401,4.28,4.661,33.7,11.2,54.0,0.0,0.8,1.0,0.9,0.8,0.3446,0.3162,0.4126,0.3882,0.1664,0.135,lineup,lineup,"[{""id"": 621493, ""name"": ""Taylor Ward"", ""bats"": ""R"", ""obp"": 0.4057507987220447, ""slg"": 0.3614457831325301, ""iso"": 0.10040160642570278, ""ab"": 249}, {""id"": 683002, ""name"": ""Gunnar Henderson"", ""bats"": ""L"", ""obp"": 0.28434504792332266, ""slg"": 0.4090909090909091, ""iso"": 0.18881118881118883, ""ab"": 286}, {""id"": 668939, ""name"": ""Adley Rutschman"", ""bats"": ""S"", ""obp"": 0.3431372549019608, ""slg"": 0.4888888888888889, ""iso"": 0.2222222222222222, ""ab"": 180}]","[{""id"": 702284, ""name"": ""Cole Young"", ""bats"": ""L"", ""obp"": 0.31636363636363635, ""slg"": 0.34552845528455284, ""iso"": 0.0975609756097561, ""ab"": 246}, {""id"": 677594, ""name"": ""Julio Rodr\u00edguez"", ""bats"": ""R"", ""obp"": 0.3092105263157895, ""slg"": 0.44086021505376344, ""iso"": 0.1899641577060932, ""ab"": 279}, {""id"": 647304, ""name"": ""Josh Naylor"", ""bats"": ""L"", ""obp"": 0.3237410071942446, ""slg"": 0.3715415019762846, ""iso"": 0.11067193675889331, ""ab"": 253}]","[{""name"": ""away_top3c_iso"", ""value"": 0.135, ""contribution"": -0.3066}, {""name"": ""away_top3c_slg"", ""value"": 0.3882, ""contribution"": 0.2639}, {""name"": ""wx_temp_c"", ""value"": 33.7, ""contribution"": 0.0745}, {""name"": ""fi_park_nrfi_rate"", ""value"": 0.519, ""contribution"": -0.0733}, {""name"": ""away_top3_ops_vs_oppHand"", ""value"": 0.6957, ""contribution"": -0.0729}]","[{""name"": ""home_top3c_slg"", ""value"": 0.4126, ""contribution"": 0.1727}, {""name"": ""fi_park_nrfi_rate"", ""value"": 0.519, ""contribution"": -0.1127}, {""name"": ""wx_temp_c"", ""value"": 33.7, ""contribution"": 0.1039}, {""name"": ""away_fip"", ""value"": 3.1765, ""contribution"": -0.0867}, {""name"": ""home_top3c_iso"", ""value"": 0.1664, ""contribution"": -0.0594}]",621660,0.499,3.85,2.986,94.0,50.0,0.7272,0.7272,5.67,6.0,0.6957,0.7693,R,R,YRFI,PASS,1,0,1,2026-06-11T23:28:26+00:00,-125,-105,DraftKings,2026-06-11T23:17:04+00:00,0.5556,0.5122,-0.0761,0.0083,,N,,,-125,-105,2026-06-11T23:02:23+00:00,,0.5651,NRFI,STRONG,,,,,,,
2026-06-11,2026,824589,1,N,ATL,CWS,7:40 PM ET,Martín Pérez,Anthony Kay,527048,641743,live,ltd,live,live,0.98,0.5929,0.5088,1.1017,0.5388,0.745,1.2838,0.3219,0.6781,0.3016,0.6984,,,YRFI,STRONG,STRONG YRFI,4,2026-06-11T22:34:57Z,3.376,4.309,1.114,1.375,4.09,4.749,3.21,3.47,1.02,1.37,7.71,7.56,0.322,0.325,0.424,0.411,5.03,4.701,24.9,21.9,87.0,0.0,0.4,0.8,0.6,0.6,0.3495,0.3346,0.4563,0.4966,0.1958,0.2175,lineup,lineup,[],[],"[{""name"": ""home_xera"", ""value"": 7.5858, ""contribution"": 0.3556}, {""name"": ""away_top3c_slg"", ""value"": 0.4966, ""contribution"": -0.2852}, {""name"": ""away_top3c_iso"", ""value"": 0.2175, ""contribution"": 0.2748}, {""name"": ""era_gap_t1"", ""value"": 0.9331, ""contribution"": 0.1017}, {""name"": ""home_fip"", ""value"": 4.7493, ""contribution"": 0.0865}]","[{""name"": ""home_top3_ops_vs_oppHand"", ""value"": 1.0617, ""contribution"": 0.357}, {""name"": ""away_whiff_pct_rank"", ""value"": 6.0, ""contribution"": 0.1894}, {""name"": ""fi_park_nrfi_rate"", ""value"": 0.473, ""contribution"": 0.1321}, {""name"": ""wx_wind_kmh"", ""value"": 21.9, ""contribution"": 0.1095}, {""name"": ""home_top3c_slg"", ""value"": 0.4563, ""contribution"": -0.0988}]",665281,0.5305,7.586,5.497,50.0,6.0,0.7136,0.7075,5.27,5.27,0.772,1.0617,L,L,POSTPONED,POSTPONED,,,,2026-06-13T03:56:54+00:00,-115,-115,DraftKings,2026-06-11T22:43:02+00:00,0.5349,0.5349,-0.213,0.1432,0.1432,Y,1,,-115,-115,2026-06-11T22:37:48+00:00,0,0.3767,YRFI,STRONG,,,,,,,
2026-06-12,2026,822726,1,N,SEA,WSH,6:45 PM ET,Bryce Miller,Zack Littell,682243,641793,live,live,live,live,0.97,0.5496,0.5091,1.0588,0.4629,0.4568,0.9197,0.4064,0.5936,0.2858,0.7142,,,YRFI,STRONG,STRONG YRFI,4,2026-06-12T21:38:02Z,3.702,4.395,1.134,1.232,3.987,5.558,2.63,2.32,1.21,1.97,8.51,5.79,0.318,0.322,0.399,0.417,4.288,5.232,30.2,12.9,62.0,0.0,0.8,1.0,0.8,0.9,0.357,0.3188,0.4992,0.3919,0.2378,0.1365,lineup,lineup,"[{""id"": 695578, ""name"": ""James Wood"", ""bats"": ""L"", ""obp"": 0.40683229813664595, ""slg"": 0.5343511450381679, ""iso"": 0.2633587786259542, ""ab"": 262}, {""id"": 671277, ""name"": ""Luis Garc\u00eda Jr."", ""bats"": ""L"", ""obp"": 0.2903225806451613, ""slg"": 0.46634615384615385, ""iso"": 0.20192307692307693, ""ab"": 208}, {""id"": 678554, ""name"": ""Curtis Mead"", ""bats"": ""R"", ""obp"": 0.3489583333333333, ""slg"": 0.48484848484848486, ""iso"": 0.24242424242424243, ""ab"": 165}]","[{""id"": 702284, ""name"": ""Cole Young"", ""bats"": ""L"", ""obp"": 0.32142857142857145, ""slg"": 0.36254980079681276, ""iso"": 0.10756972111553786, ""ab"": 251}, {""id"": 621550, ""name"": ""Patrick Wisdom"", ""bats"": ""R"", ""obp"": 0.19047619047619047, ""slg"": 0.23076923076923078, ""iso"": 0.10256410256410259, ""ab"": 39}, {""id"": 647304, ""name"": ""Josh Naylor"", ""bats"": ""L"", ""obp"": 0.3215547703180212, ""slg"": 0.3657587548638132, ""iso"": 0.10894941634241245, ""ab"": 257}]","[{""name"": ""away_top3c_iso"", ""value"": 0.1365, ""contribution"": -0.2955}, {""name"": ""away_top3c_slg"", ""value"": 0.3919, ""contribution"": 0.245}, {""name"": ""home_fip"", ""value"": 5.5576, ""contribution"": 0.1773}, {""name"": ""home_xera"", ""value"": 4.871, ""contribution"": 0.0774}, {""name"": ""era_gap_t1"", ""value"": 0.693, ""contribution"": 0.0757}]","[{""name"": ""home_top3c_slg"", ""value"": 0.4992, ""contribution"": -0.3654}, {""name"": ""home_top3c_iso"", ""value"": 0.2378, ""contribution"": 0.2775}, {""name"": ""home_top3_ops_vs_oppHand"", ""value"": 0.864, ""contribution"": 0.1203}, {""name"": ""fi_park_nrfi_rate"", ""value"": 0.4761, ""contribution"": 0.1154}, {""name"": ""wx_temp_c"", ""value"": 30.2, ""contribution"": 0.0747}]",484183,0.5086,4.871,4.2,3.0,50.0,0.7396,0.7136,4.93,5.2,0.7057,0.864,R,R,NRFI,LOSS,0,0,0,2026-06-13T01:08:21+00:00,-105,-125,DraftKings,2026-06-12T21:47:14+00:00,0.5122,0.5556,-0.1058,0.038,0.038,Y,1,-1,-105,-125,2026-06-12T21:41:47+00:00,0,0.4589,PASS,NO EDGE,,,,,,,
2026-06-12,2026,824507,1,N,ARI,CIN,7:15 PM ET,Eduardo Rodriguez,Nick Lodolo,593958,666157,live,live,live,live,1.09,0.5796,0.5831,1.1627,0.4772,0.4705,0.9476,0.4019,0.5981,0.3239,0.6761,,,YRFI,STRONG,STRONG YRFI,4,2026-06-12T22:01:03Z,3.366,4.302,1.302,1.267,4.202,4.797,3.24,2.73,1.03,1.7,7.17,8.1,0.308,0.314,0.39,0.397,4.295,4.311,26.8,14.3,44.0,0.0,0.6,0.4,0.8,0.5,0.3559,0.337,0.4809,0.4774,0.2193,0.2146,lineup,lineup,"[{""id"": 667472, ""name"": ""Dane Myers"", ""bats"": ""R"", ""obp"": 0.35714285714285715, ""slg"": 0.4020618556701031, ""iso"": 0.13402061855670105, ""ab"": 97}, {""id"": 668709, ""name"": ""JJ Bleday"", ""bats"": ""L"", ""obp"": 0.36257309941520466, ""slg"": 0.5675675675675675, ""iso"": 0.29729729729729726, ""ab"": 148}, {""id"": 701398, ""name"": ""Sal Stewart"", ""bats"": ""R"", ""obp"": 0.3515358361774744, ""slg"": 0.4603174603174603, ""iso"": 0.20634920634920634, ""ab"": 252}]","[{""id"": 606466, ""name"": ""Ketel Marte"", ""bats"": ""S"", ""obp"": 0.298932384341637, ""slg"": 0.4418604651162791, ""iso"": 0.1937984496124031, ""ab"": 258}, {""id"": 682998, ""name"": ""Corbin Carroll"", ""bats"": ""L"", ""obp"": 0.37184115523465705, ""slg"": 0.5481171548117155, ""iso"": 0.2677824267782427, ""ab"": 239}, {""id"": 672515, ""name"": ""Gabriel Moreno"", ""bats"": ""R"", ""obp"": 0.3431952662721893, ""slg"": 0.4246575342465753, ""iso"": 0.1643835616438356, ""ab"": 146}]","[{""name"": ""away_top3c_iso"", ""value"": 0.2146, ""contribution"": 0.2545}, {""name"": ""away_top3c_slg"", ""value"": 0.4774, ""contribution"": -0.1883}, {""name"": ""away_top3_ops_vs_oppHand"", ""value"": 0.872, ""contribution"": 0.1068}, {""name"": ""era_gap_t1"", ""value"": 0.9362, ""contribution"": 0.102}, {""name"": ""home_fip"", ""value"": 4.7973, ""contribution"": 0.0919}]","[{""name"": ""home_top3c_slg"", ""value"": 0.4809, ""contribution"": -0.2515}, {""name"": ""home_top3c_iso"", ""value"": 0.2193, ""contribution"": 0.1903}, {""name"": ""away_whiff_pct_rank"", ""value"": 32.0, ""contribution"": 0.0772}, {""name"": ""away_p_last10_pitcher_nrfi"", ""value"": 0.5, ""contribution"": 0.0713}, {""name"": ""era_gap_b1"", ""value"": -0.9362, ""contribution"": -0.0641}]",623945,0.5123,4.2,4.546,50.0,32.0,0.7272,0.7396,5.47,6.13,0.872,0.8023,L,L,NRFI,LOSS,0,0,0,2026-06-12T23:44:59+00:00,+100,-130,DraftKings,2026-06-12T22:15:07+00:00,0.5,0.5652,-0.0969,0.0317,0.0317,Y,1,-1,+100,-130,2026-06-12T22:09:48+00:00,0,0.4589,PASS,NO EDGE,,,,,,,
2026-06-12,2026,824588,1,N,LAD,CWS,7:40 PM ET,Roki Sasaki,Anthony Kay,808963,641743,ltd,ltd,live,live,0.98,0.6207,0.5823,1.2031,0.5147,0.529,1.0438,0.3386,0.6614,0.3385,0.6615,,,YRFI,STRONG,STRONG YRFI,4,2026-06-12T22:39:29Z,4.123,4.309,1.281,1.375,4.542,4.749,3.44,3.47,1.45,1.37,8.86,7.56,0.341,0.325,0.437,0.411,5.244,4.701,26.3,18.5,44.0,0.0,0.4,0.8,0.6,0.9,0.3506,0.3542,0.4295,0.4772,0.1779,0.1963,lineup,lineup,"[{""id"": 803011, ""name"": ""Sam Antonacci"", ""bats"": ""L"", ""obp"": 0.3865979381443299, ""slg"": 0.37575757575757573, ""iso"": 0.09090909090909088, ""ab"": 165}, {""id"": 678246, ""name"": ""Miguel Vargas"", ""bats"": ""R"", ""obp"": 0.3689655172413793, ""slg"": 0.49372384937238495, ""iso"": 0.2510460251046025, ""ab"": 239}, {""id"": 643217, ""name"": ""Andrew Benintendi"", ""bats"": ""L"", ""obp"": 0.29245283018867924, ""slg"": 0.3958333333333333, ""iso"": 0.16145833333333331, ""ab"": 192}]","[{""id"": 669743, ""name"": ""Alex Call"", ""bats"": ""R"", ""obp"": 0.37894736842105264, ""slg"": 0.3291139240506329, ""iso"": 0.06329113924050633, ""ab"": 79}, {""id"": 681624, ""name"": ""Andy Pages"", ""bats"": ""R"", ""obp"": 0.32752613240418116, ""slg"": 0.5190839694656488, ""iso"": 0.23664122137404575, ""ab"": 262}, {""id"": 669899, ""name"": ""Ryan Ward"", ""bats"": ""L"", ""obp"": 0.2647058823529412, ""slg"": 0.5757575757575758, ""iso"": 0.33333333333333337, ""ab"": 33}]","[{""name"": ""home_xera"", ""value"": 7.5858, ""contribution"": 0.3556}, {""name"": ""away_top3c_slg"", ""value"": 0.4772, ""contribution"": -0.1868}, {""name"": ""away_top3c_iso"", ""value"": 0.1963, ""contribution"": 0.1253}, {""name"": ""home_fip"", ""value"": 4.7493, ""contribution"": 0.0865}, {""name"": ""fi_park_nrfi_rate"", ""value"": 0.473, ""contribution"": 0.0859}]","[{""name"": ""fi_park_nrfi_rate"", ""value"": 0.473, ""contribution"": 0.1321}, {""name"": ""home_obp"", ""value"": 0.325, ""contribution"": 0.0784}, {""name"": ""wx_wind_kmh"", ""value"": 18.5, ""contribution"": 0.0737}, {""name"": ""home_top3c_slg"", ""value"": 0.4295, ""contribution"": 0.0675}, {""name"": ""away_p_last10_pitcher_nrfi"", ""value"": 0.9, ""contribution"": -0.0601}]",484499,0.5451,7.586,5.909,50.0,53.0,0.7136,0.7136,5.27,5.87,0.8233,0.779,R,L,YRFI,WIN,0,1,1,2026-06-12T23:57:21+00:00,-110,-115,DraftKings,2026-06-12T22:42:55+00:00,0.5238,0.5349,-0.1852,0.1265,0.1265,Y,1,0.87,-110,-115,2026-06-12T22:35:51+00:00,0,0.3767,YRFI,STRONG,,,,,,,
2026-06-12,2026,824020,1,N,TB,LAA,9:38 PM ET,Shane McClanahan,Sam Aldegheri,663556,691951,ltd,sm,live,live,0.99,0.5072,0.4299,0.9371,0.3334,0.5756,0.9091,0.4064,0.5936,0.2411,0.7589,,,YRFI,STRONG,STRONG YRFI,4,2026-06-13T00:28:59Z,3.378,3.727,1.164,1.276,3.446,4.184,3.06,3.12,0.75,1.1,8.81,8.12,0.332,0.315,0.39,0.39,4.556,4.47,31.1,16.1,48.0,0.0,0.0,1.0,0.0,0.9,0.3385,0.3859,0.4256,0.4944,0.1945,0.2017,lineup,lineup,"[{""id"": 687263, ""name"": ""Zach Neto"", ""bats"": ""R"", ""obp"": 0.33774834437086093, ""slg"": 0.4418604651162791, ""iso"": 0.21317829457364343, ""ab"": 258}, {""id"": 545361, ""name"": ""Mike Trout"", ""bats"": ""R"", ""obp"": 0.39087947882736157, ""slg"": 0.45228215767634855, ""iso"": 0.22821576763485477, ""ab"": 241}, {""id"": 666176, ""name"": ""Jo Adell"", ""bats"": ""R"", ""obp"": 0.28321678321678323, ""slg"": 0.3857677902621723, ""iso"": 0.14606741573033707, ""ab"": 267}]","[{""id"": 650490, ""name"": ""Yandy D\u00edaz"", ""bats"": ""R"", ""obp"": 0.40441176470588236, ""slg"": 0.5355648535564853, ""iso"": 0.20502092050209203, ""ab"": 239}, {""id"": 666018, ""name"": ""Jonathan Aranda"", ""bats"": ""L"", ""obp"": 0.3763440860215054, ""slg"": 0.45217391304347826, ""iso"": 0.1826086956521739, ""ab"": 230}, {""id"": 691406, ""name"": ""Junior Caminero"", ""bats"": ""R"", ""obp"": 0.3776223776223776, ""slg"": 0.49387755102040815, ""iso"": 0.21632653061224488, ""ab"": 245}]","[{""name"": ""home_p_last10_pitcher_nrfi"", ""value"": 0.0, ""contribution"": -0.2798}, {""name"": ""away_top3c_slg"", ""value"": 0.4944, ""contribution"": -0.2742}, {""name"": ""away_top3c_iso"", ""value"": 0.2017, ""contribution"": 0.1633}, {""name"": ""fi_park_nrfi_rate"", ""value"": 0.4526, ""contribution"": 0.1563}, {""name"": ""away_top3_ops_vs_oppHand"", ""value"": 0.8657, ""contribution"": 0.1003}]","[{""name"": ""fi_park_nrfi_rate"", ""value"": 0.4526, ""contribution"": 0.2403}, {""name"": ""home_top3_ops_vs_oppHand"", ""value"": 0.864, ""contribution"": 0.1203}, {""name"": ""home_top3c_slg"", ""value"": 0.4256, ""contribution"": 0.092}, {""name"": ""wx_temp_c"", ""value"": 31.1, ""contribution"": 0.0822}, {""name"": ""home_top3c_iso"", ""value"": 0.1945, ""contribution"": 0.0732}]",427197,0.5268,4.2,4.746,50.0,50.0,0.7136,0.7272,4.44,5.07,0.8657,0.864,L,L,YRFI,WIN,0,2,2,2026-06-13T01:57:52+00:00,+100,-135,DraftKings,2026-06-13T00:41:27+00:00,0.5,0.5745,-0.0936,0.0191,0.0191,Y,1,0.741,+100,-135,2026-06-13T00:27:49+00:00,0,0.4117,YRFI,STRONG,,,,,,,
2026-06-12,2026,823778,1,N,PHI,MIL,7:40 PM ET,Tanner Banks,Jacob Misiorowski,621383,694819,ltd,live,live,live,1.03,0.3341,0.5453,0.8795,0.2023,0.2722,0.4746,0.6547,0.3453,0.22,0.78,,,NRFI,STRONG,STRONG NRFI,4,2026-06-12T22:39:29Z,4.482,2.441,1.406,0.959,3.529,2.472,2.95,2.91,0.91,0.69,9.18,12.39,0.301,0.336,0.392,0.392,4.139,5.179,,,,1.0,1.0,1.0,0.9,1.0,0.3707,0.3364,0.4702,0.4723,0.1881,0.2296,lineup,lineup,"[{""id"": 592885, ""name"": ""Christian Yelich"", ""bats"": ""L"", ""obp"": 0.3558282208588957, ""slg"": 0.43537414965986393, ""iso"": 0.14965986394557823, ""ab"": 147}, {""id"": 694192, ""name"": ""Jackson Chourio"", ""bats"": ""R"", ""obp"": 0.3576158940397351, ""slg"": 0.5144927536231884, ""iso"": 0.21014492753623182, ""ab"": 138}, {""id"": 668930, ""name"": ""Brice Turang"", ""bats"": ""L"", ""obp"": 0.38596491228070173, ""slg"": 0.4661016949152542, ""iso"": 0.19915254237288132, ""ab"": 236}]","[{""id"": 656941, ""name"": ""Kyle Schwarber"", ""bats"": ""L"", ""obp"": 0.3583617747440273, ""slg"": 0.5748987854251012, ""iso"": 0.33603238866396756, ""ab"": 247}, {""id"": 607208, ""name"": ""Trea Turner"", ""bats"": ""R"", ""obp"": 0.27702702702702703, ""slg"": 0.3418181818181818, ""iso"": 0.11636363636363634, ""ab"": 275}, {""id"": 547180, ""name"": ""Bryce Harper"", ""bats"": ""L"", ""obp"": 0.375886524822695, ""slg"": 0.5169491525423728, ""iso"": 0.24999999999999994, ""ab"": 236}]","[{""name"": ""away_top3c_iso"", ""value"": 0.2296, ""contribution"": 0.3596}, {""name"": ""fi_park_nrfi_rate"", ""value"": 0.5899, ""contribution"": -0.3182}, {""name"": ""era_gap_t1"", ""value"": -2.0413, ""contribution"": -0.2204}, {""name"": ""home_fip"", ""value"": 2.4723, ""contribution"": -0.1691}, {""name"": ""away_top3c_slg"", ""value"": 0.4723, ""contribution"": -0.1622}]","[{""name"": ""fi_park_nrfi_rate"", ""value"": 0.5899, ""contribution"": -0.4892}, {""name"": ""home_top3c_slg"", ""value"": 0.4702, ""contribution"": -0.1855}, {""name"": ""home_obp"", ""value"": 0.3356, ""contribution"": 0.1523}, {""name"": ""era_gap_b1"", ""value"": 2.0413, ""contribution"": 0.1385}, {""name"": ""away_whiff_pct_rank"", ""value"": 23.0, ""contribution"": 0.116}]",431232,0.4946,3.153,5.1,86.0,23.0,0.7272,0.7136,6.8,2.0,0.8517,0.759,L,R,YRFI,LOSS,0,1,1,2026-06-12T23:58:02+00:00,-115,-115,DraftKings,2026-06-12T22:42:55+00:00,0.5349,0.5349,0.1198,-0.1896,0.1198,Y,1,-1,-115,-115,2026-06-12T22:35:51+00:00,0,0.6370,NRFI,STRONG,,,,,,,
2026-06-12,2026,823211,1,N,CHC,SF,10:15 PM ET,Javier Assad,Landen Roupp,665871,694738,ltd,live,live,live,0.94,0.44,0.4619,0.9019,0.3015,0.4309,0.7324,0.4772,0.5228,0.2282,0.7718,,,PASS,NO EDGE,PASS - No edge,4,2026-06-13T02:08:41Z,4.33,3.942,1.173,1.35,4.252,3.386,2.62,3.83,1.09,0.68,6.69,9.52,0.329,0.31,0.393,0.417,4.577,4.244,20.4,24.8,71.0,0.0,0.6,0.8,0.8,0.8,0.3436,0.3478,0.4842,0.3982,0.1824,0.1469,lineup,lineup,"[{""id"": 650333, ""name"": ""Luis Arraez"", ""bats"": ""L"", ""obp"": 0.3611111111111111, ""slg"": 0.44106463878326996, ""iso"": 0.11406844106463876, ""ab"": 263}, {""id"": 805811, ""name"": ""Bryce Eldridge"", ""bats"": ""L"", ""obp"": 0.3853211009174312, ""slg"": 0.5212765957446809, ""iso"": 0.22340425531914898, ""ab"": 94}, {""id"": 669477, ""name"": ""Casey Schmitt"", ""bats"": ""R"", ""obp"": 0.3065134099616858, ""slg"": 0.516260162601626, ""iso"": 0.2398373983739837, ""ab"": 246}]","[{""id"": 691718, ""name"": ""Pete Crow-Armstrong"", ""bats"": ""L"", ""obp"": 0.33793103448275863, ""slg"": 0.44357976653696496, ""iso"": 0.1867704280155642, ""ab"": 257}, {""id"": 608324, ""name"": ""Alex Bregman"", ""bats"": ""R"", ""obp"": 0.33225806451612905, ""slg"": 0.35294117647058826, ""iso"": 0.10661764705882354, ""ab"": 272}, {""id"": 683737, ""name"": ""Michael Busch"", ""bats"": ""L"", ""obp"": 0.37333333333333335, ""slg"": 0.4008097165991903, ""iso"": 0.14979757085020245, ""ab"": 247}]","[{""name"": ""away_top3c_iso"", ""value"": 0.1469, ""contribution"": -0.2225}, {""name"": ""away_top3c_slg"", ""value"": 0.3982, ""contribution"": 0.2131}, {""name"": ""home_fip"", ""value"": 3.3856, ""contribution"": -0.0666}, {""name"": ""wx_wind_kmh"", ""value"": 24.8, ""contribution"": 0.0593}, {""name"": ""era_gap_t1"", ""value"": -0.388, ""contribution"": -0.0414}]","[{""name"": ""home_top3c_slg"", ""value"": 0.4842, ""contribution"": -0.2724}, {""name"": ""away_whiff_pct_rank"", ""value"": 3.0, ""contribution"": 0.2024}, {""name"": ""wx_wind_kmh"", ""value"": 24.8, ""contribution"": 0.1401}, {""name"": ""home_plate_ump_nrfi_rate"", ""value"": 0.5769, ""contribution"": 0.0772}, {""name"": ""home_top3_ops_vs_oppHand"", ""value"": 0.8063, ""contribution"": 0.0513}]",429805,0.5769,3.796,4.762,41.0,3.0,0.7272,0.7272,5.2,5.0,0.7597,0.8063,R,R,NRFI,PASS,0,0,0,2026-06-13T02:31:15+00:00,-135,+100,DraftKings,2026-06-13T02:54:38+00:00,0.5745,0.5,-0.0973,0.0228,,N,,,-135,+100,2026-06-13T02:11:59+00:00,,0.4144,YRFI,STRONG,,,,,,,
2026-06-12,2026,823370,1,N,MIA,PIT,6:40 PM ET,Sandy Alcantara,Braxton Ashcraft,645261,677952,live,live,live,live,0.96,0.3668,0.5029,0.8697,0.2147,0.5127,0.7273,0.4772,0.5228,0.2165,0.7835,,,PASS,NO EDGE,PASS - No edge,4,2026-06-12T22:39:29Z,4.649,3.296,1.263,1.138,4.064,3.134,2.45,2.3,1.05,0.85,6.73,9.52,0.322,0.332,0.386,0.405,4.327,4.982,27.2,12.7,54.0,0.0,0.8,0.8,0.9,0.8,0.3704,0.3437,0.4725,0.4529,0.2052,0.1687,lineup,lineup,"[{""id"": 687462, ""name"": ""Spencer Horwitz"", ""bats"": ""L"", ""obp"": 0.3877551020408163, ""slg"": 0.470873786407767, ""iso"": 0.17961165048543692, ""ab"": 206}, {""id"": 664040, ""name"": ""Brandon Lowe"", ""bats"": ""L"", ""obp"": 0.33454545454545453, ""slg"": 0.5228215767634855, ""iso"": 0.27385892116182575, ""ab"": 241}, {""id"": 668804, ""name"": ""Bryan Reynolds"", ""bats"": ""S"", ""obp"": 0.38926174496644295, ""slg"": 0.42448979591836733, ""iso"": 0.15918367346938772, ""ab"": 245}]","[{""id"": 689414, ""name"": ""Liam Hicks"", ""bats"": ""L"", ""obp"": 0.3464566929133858, ""slg"": 0.4657534246575342, ""iso"": 0.2009132420091324, ""ab"": 219}, {""id"": 672640, ""name"": ""Otto Lopez"", ""bats"": ""R"", ""obp"": 0.3715277777777778, ""slg"": 0.4888888888888889, ""iso"": 0.14444444444444443, ""ab"": 270}, {""id"": 669065, ""name"": ""Kyle Stowers"", ""bats"": ""L"", ""obp"": 0.29842931937172773, ""slg"": 0.378698224852071, ""iso"": 0.16568047337278105, ""ab"": 169}]","[{""name"": ""era_gap_t1"", ""value"": -1.353, ""contribution"": -0.1459}, {""name"": ""home_xera"", ""value"": 2.9598, ""contribution"": -0.1184}, {""name"": ""home_fip"", ""value"": 3.1342, ""contribution"": -0.0948}, {""name"": ""fi_park_nrfi_rate"", ""value"": 0.5188, ""contribution"": -0.0724}, {""name"": ""home_p_last10_pitcher_nrfi"", ""value"": 0.9, ""contribution"": 0.0716}]","[{""name"": ""home_top3c_slg"", ""value"": 0.4725, ""contribution"": -0.1997}, {""name"": ""home_obp"", ""value"": 0.3324, ""contribution"": 0.1304}, {""name"": ""home_top3c_iso"", ""value"": 0.2052, ""contribution"": 0.1236}, {""name"": ""home_top3_ops_vs_oppHand"", ""value"": 0.864, ""contribution"": 0.1203}, {""name"": ""fi_park_nrfi_rate"", ""value"": 0.5188, ""contribution"": -0.1113}]",608093,0.5118,2.96,4.417,76.0,28.0,0.7136,0.7136,6.2,6.33,0.7887,0.864,R,R,NRFI,PASS,0,0,0,2026-06-12T22:54:59+00:00,-120,-110,DraftKings,2026-06-12T22:35:51+00:00,0.5455,0.5238,-0.0683,-0.001,,N,,,-120,-110,2026-06-12T22:35:51+00:00,,0.4877,PASS,NO EDGE,,,,,,,
2026-06-12,2026,824826,1,N,SD,BAL,7:05 PM ET,Griffin Canning,Shane Baz,656288,669358,live,live,live,live,1.06,0.5132,0.6768,1.19,0.2453,0.4626,0.708,0.4785,0.5215,0.3338,0.6662,,,PASS,NO EDGE,PASS - No edge,4,2026-06-12T22:39:29Z,4.997,4.357,1.396,1.363,4.612,4.126,4.17,3.49,1.33,1.1,8.8,8.34,0.296,0.321,0.369,0.402,3.933,4.688,33.1,16.9,45.0,0.0,0.6,0.4,0.5,0.6,0.348,0.293,0.4136,0.3438,0.166,0.1228,lineup,lineup,"[{""id"": 621493, ""name"": ""Taylor Ward"", ""bats"": ""R"", ""obp"": 0.41009463722397477, ""slg"": 0.36254980079681276, ""iso"": 0.09960159362549803, ""ab"": 251}, {""id"": 683002, ""name"": ""Gunnar Henderson"", ""bats"": ""L"", ""obp"": 0.28391167192429023, ""slg"": 0.40484429065743943, ""iso"": 0.18685121107266434, ""ab"": 289}, {""id"": 668939, ""name"": ""Adley Rutschman"", ""bats"": ""S"", ""obp"": 0.35096153846153844, ""slg"": 0.4972677595628415, ""iso"": 0.2240437158469945, ""ab"": 183}]","[{""id"": 665487, ""name"": ""Fernando Tatis Jr."", ""bats"": ""R"", ""obp"": 0.3473684210526316, ""slg"": 0.34782608695652173, ""iso"": 0.06719367588932806, ""ab"": 253}, {""id"": 701538, ""name"": ""Jackson Merrill"", ""bats"": ""L"", ""obp"": 0.27547169811320754, ""slg"": 0.33884297520661155, ""iso"": 0.13223140495867766, ""ab"": 242}, {""id"": 592518, ""name"": ""Manny Machado"", ""bats"": ""R"", ""obp"": 0.2527881040892193, ""slg"": 0.3445378151260504, ""iso"": 0.1722689075630252, ""ab"": 238}]","[{""name"": ""away_top3c_slg"", ""value"": 0.3438, ""contribution"": 0.4887}, {""name"": ""away_top3c_iso"", ""value"": 0.1228, ""contribution"": -0.3924}, {""name"": ""away_top3_ops_vs_oppHand"", ""value"": 0.5853, ""contribution"": -0.1854}, {""name"": ""home_p_last10_pitcher_nrfi"", ""value"": 0.5, ""contribution"": -0.0846}, {""name"": ""fi_park_nrfi_rate"", ""value"": 0.519, ""contribution"": -0.0733}]","[{""name"": ""home_top3c_slg"", ""value"": 0.4136, ""contribution"": 0.1667}, {""name"": ""fi_park_nrfi_rate"", ""value"": 0.519, ""contribution"": -0.1127}, {""name"": ""wx_temp_c"", ""value"": 33.1, ""contribution"": 0.0989}, {""name"": ""away_whiff_pct_rank"", ""value"": 69.0, ""contribution"": -0.0825}, {""name"": ""away_fip"", ""value"": 4.6117, ""contribution"": 0.0666}]",521251,0.4391,3.874,4.668,59.0,69.0,0.7136,0.7136,6.53,4.67,0.5853,0.778,R,R,YRFI,PASS,1,3,4,2026-06-12T23:28:53+00:00,+100,-130,DraftKings,2026-06-12T23:09:42+00:00,0.5,0.5652,-0.0213,-0.0439,,N,,,+100,-130,2026-06-12T22:59:01+00:00,,0.4877,PASS,NO EDGE,,,,,,,
2026-06-12,2026,824102,1,N,HOU,KC,8:10 PM ET,Tatsuya Imai,Luinder Avila,837227,679883,ltd,ltd,live,live,0.96,0.521,0.5594,1.0804,0.3807,0.3154,0.6961,0.4795,0.5205,0.2938,0.7062,,,PASS,NO EDGE,PASS - No edge,4,2026-06-13T00:08:40Z,4.662,4.104,1.324,1.409,4.574,4.139,4.38,4.05,1.26,0.93,9.1,8.47,0.318,0.314,0.407,0.382,4.5,4.006,29.5,6.4,33.0,0.0,0.3333,1.0,0.3333,0.875,0.3183,0.3708,0.3972,0.5344,0.1559,0.2528,lineup,lineup,"[{""id"": 695600, ""name"": ""Carter Jensen"", ""bats"": ""L"", ""obp"": 0.28448275862068967, ""slg"": 0.3853658536585366, ""iso"": 0.17073170731707318, ""ab"": 205}, {""id"": 677951, ""name"": ""Bobby Witt Jr."", ""bats"": ""R"", ""obp"": 0.3517915309446254, ""slg"": 0.4468864468864469, ""iso"": 0.1684981684981685, ""ab"": 273}, {""id"": 686469, ""name"": ""Vinnie Pasquantino"", ""bats"": ""L"", ""obp"": 0.30985915492957744, ""slg"": 0.3522267206477733, ""iso"": 0.12955465587044535, ""ab"": 247}]","[{""id"": 665161, ""name"": ""Jeremy Pe\u00f1a"", ""bats"": ""R"", ""obp"": 0.34814814814814815, ""slg"": 0.4132231404958678, ""iso"": 0.1322314049586777, ""ab"": 121}, {""id"": 670541, ""name"": ""Yordan Alvarez"", ""bats"": ""L"", ""obp"": 0.43, ""slg"": 0.6356275303643725, ""iso"": 0.31983805668016196, ""ab"": 247}, {""id"": 572233, ""name"": ""Christian Walker"", ""bats"": ""R"", ""obp"": 0.3192982456140351, ""slg"": 0.49416342412451364, ""iso"": 0.24513618677042803, ""ab"": 257}]","[{""name"": ""away_top3c_iso"", ""value"": 0.2528, ""contribution"": 0.5234}, {""name"": ""away_top3c_slg"", ""value"": 0.5344, ""contribution"": -0.4768}, {""name"": ""home_xera"", ""value"": 7.9214, ""contribution"": 0.39}, {""name"": ""fi_park_nrfi_rate"", ""value"": 0.5614, ""contribution"": -0.2197}, {""name"": ""home_p_last10_pitcher_nrfi"", ""value"": 0.3333, ""contribution"": -0.1497}]","[{""name"": ""fi_park_nrfi_rate"", ""value"": 0.5614, ""contribution"": -0.3377}, {""name"": ""home_top3c_slg"", ""value"": 0.3972, ""contribution"": 0.2681}, {""name"": ""home_top3c_iso"", ""value"": 0.1559, ""contribution"": -0.1093}, {""name"": ""home_top3c_obp"", ""value"": 0.3183, ""contribution"": -0.077}, {""name"": ""wx_temp_c"", ""value"": 29.5, ""contribution"": 0.0689}]",427129,0.4611,7.921,0.926,50.0,50.0,0.7136,0.7136,4.33,5.13,0.878,0.7423,R,R,YRFI,PASS,9,5,14,2026-06-13T00:57:51+00:00,+105,-135,DraftKings,2026-06-13T00:09:25+00:00,0.4878,0.5745,-0.0083,-0.054,,N,,,+105,-135,2026-06-13T00:09:25+00:00,,0.3922,YRFI,STRONG,,,,,,,
2026-06-12,2026,824752,1,N,TEX,BOS,7:10 PM ET,Jack Leiter,Sonny Gray,683004,543243,live,live,live,live,1.05,0.4469,0.5766,1.0236,0.2541,0.3374,0.5916,0.5514,0.4486,0.2729,0.7271,,,NRFI,LEAN,LEAN NRFI,4,2026-06-12T22:01:03Z,4.391,3.65,1.338,1.236,4.318,3.711,3.95,2.29,1.28,1.08,9.34,8.3,0.318,0.313,0.388,0.382,4.127,4.019,27.8,7.7,65.0,0.0,0.4,0.8,0.6,0.8,0.3339,0.3474,0.4108,0.4401,0.1351,0.1692,lineup,lineup,"[{""id"": 681508, ""name"": ""Mickey Gasper"", ""bats"": ""S"", ""obp"": 0.32142857142857145, ""slg"": 0.33766233766233766, ""iso"": 0.06493506493506496, ""ab"": 77}, {""id"": 678882, ""name"": ""Ceddanne Rafaela"", ""bats"": ""R"", ""obp"": 0.33877551020408164, ""slg"": 0.4311111111111111, ""iso"": 0.15111111111111108, ""ab"": 225}, {""id"": 677800, ""name"": ""Wilyer Abreu"", ""bats"": ""L"", ""obp"": 0.3333333333333333, ""slg"": 0.4150197628458498, ""iso"": 0.1422924901185771, ""ab"": 253}]","[{""id"": 553869, ""name"": ""Elias D\u00edaz"", ""bats"": ""R"", ""obp"": 0.3125, ""slg"": 0.5806451612903226, ""iso"": 0.2903225806451613, ""ab"": 31}, {""id"": 673962, ""name"": ""Josh Jung"", ""bats"": ""R"", ""obp"": 0.36329588014981273, ""slg"": 0.4732510288065844, ""iso"": 0.16460905349794241, ""ab"": 243}, {""id"": 680737, ""name"": ""Michael Helman"", ""bats"": ""R"", ""obp"": 0.23333333333333334, ""slg"": 0.32142857142857145, ""iso"": 0.14285714285714288, ""ab"": 28}]","[{""name"": ""era_gap_t1"", ""value"": -0.7414, ""contribution"": -0.0797}, {""name"": ""away_top3c_iso"", ""value"": 0.1692, ""contribution"": -0.0657}, {""name"": ""fi_park_nrfi_rate"", ""value"": 0.5121, ""contribution"": -0.0494}, {""name"": ""home_p_last10_pitcher_nrfi"", ""value"": 0.6, ""contribution"": -0.0455}, {""name"": ""wx_temp_c"", ""value"": 27.8, ""contribution"": 0.0392}]","[{""name"": ""home_top3c_iso"", ""value"": 0.1351, ""contribution"": -0.2071}, {""name"": ""home_top3c_slg"", ""value"": 0.4108, ""contribution"": 0.1838}, {""name"": ""fi_park_nrfi_rate"", ""value"": 0.5121, ""contribution"": -0.076}, {""name"": ""home_top3_ops_vs_oppHand"", ""value"": 0.7163, ""contribution"": -0.0565}, {""name"": ""wx_temp_c"", ""value"": 27.8, ""contribution"": 0.0547}]",665281,0.5305,3.87,4.677,65.0,55.0,0.7613,0.7136,5.67,5.67,0.7807,0.7163,R,R,YRFI,LOSS,1,2,3,2026-06-12T23:35:59+00:00,-125,-105,DraftKings,2026-06-12T23:09:42+00:00,0.5556,0.5122,-0.0042,-0.0636,-0.0042,N,0.5,0,-125,-105,2026-06-12T21:58:04+00:00,0,0.4877,PASS,NO EDGE,,,,,,,
2026-06-12,2026,824425,1,N,DET,CLE,7:10 PM ET,Jack Flaherty,Tanner Bibee,656427,676440,live,live,live,live,0.96,0.4922,0.5271,1.0193,0.2357,0.3682,0.6039,0.55,0.45,0.2713,0.7287,,,NRFI,LEAN,LEAN NRFI,4,2026-06-12T22:01:03Z,5.048,4.141,1.463,1.23,3.953,4.568,4.2,2.76,1.21,1.46,10.89,7.58,0.317,0.317,0.395,0.377,4.196,4.124,23.9,11.8,55.0,0.0,0.6,0.8,0.6,0.7,0.3392,0.3921,0.4119,0.4295,0.1622,0.1395,lineup,lineup,"[{""id"": 683953, ""name"": ""Travis Bazzana"", ""bats"": ""L"", ""obp"": 0.3493975903614458, ""slg"": 0.4166666666666667, ""iso"": 0.15972222222222227, ""ab"": 144}, {""id"": 608070, ""name"": ""Jos\u00e9 Ram\u00edrez"", ""bats"": ""S"", ""obp"": 0.3431372549019608, ""slg"": 0.421455938697318, ""iso"": 0.18007662835249041, ""ab"": 261}, {""id"": 800050, ""name"": ""Chase DeLauter"", ""bats"": ""L"", ""obp"": 0.3283018867924528, ""slg"": 0.3983050847457627, ""iso"": 0.1440677966101695, ""ab"": 236}]","[{""id"": 805808, ""name"": ""Kevin McGonigle"", ""bats"": ""L"", ""obp"": 0.3917525773195876, ""slg"": 0.41700404858299595, ""iso"": 0.13360323886639675, ""ab"": 247}, {""id"": 650402, ""name"": ""Gleyber Torres"", ""bats"": ""R"", ""obp"": 0.39444444444444443, ""slg"": 0.3959731543624161, ""iso"": 0.11409395973154363, ""ab"": 149}, {""id"": 682985, ""name"": ""Riley Greene"", ""bats"": ""L"", ""obp"": 0.39100346020761245, ""slg"": 0.46184738955823296, ""iso"": 0.1606425702811245, ""ab"": 249}]","[{""name"": ""away_top3c_iso"", ""value"": 0.1395, ""contribution"": -0.2744}, {""name"": ""fi_park_nrfi_rate"", ""value"": 0.528, ""contribution"": -0.1042}, {""name"": ""era_gap_t1"", ""value"": -0.9065, ""contribution"": -0.0975}, {""name"": ""away_top3_ops_vs_oppHand"", ""value"": 0.8447, ""contribution"": 0.0789}, {""name"": ""home_fip"", ""value"": 4.5677, ""contribution"": 0.0661}]","[{""name"": ""home_top3c_slg"", ""value"": 0.4119, ""contribution"": 0.1773}, {""name"": ""fi_park_nrfi_rate"", ""value"": 0.528, ""contribution"": -0.1602}, {""name"": ""home_top3c_iso"", ""value"": 0.1622, ""contribution"": -0.0791}, {""name"": ""era_gap_b1"", ""value"": 0.9065, ""contribution"": 0.0613}, {""name"": ""away_whiff_pct_rank"", ""value"": 57.0, ""contribution"": -0.0307}]",573597,0.4761,3.633,3.908,47.0,57.0,0.7197,0.7396,6.33,5.0,0.8447,0.7457,R,R,NRFI,WIN,0,0,0,2026-06-12T23:29:34+00:00,-120,-110,DraftKings,2026-06-12T23:09:42+00:00,0.5455,0.5238,0.0045,-0.0738,0.0045,N,0.5,0,-120,-110,2026-06-12T21:58:04+00:00,0,0.6370,NRFI,STRONG,,,,,,,
2026-06-12,2026,823617,1,N,ATL,NYM,7:15 PM ET,Spencer Strider,Nolan McLean,675911,690997,live,live,live,live,0.96,0.4589,0.5458,1.0047,0.3075,0.3676,0.6751,0.5039,0.4961,0.266,0.734,,,NRFI,LEAN,LEAN NRFI,4,2026-06-12T23:09:14Z,4.237,3.747,1.343,1.132,4.51,3.577,4.18,3.22,1.47,1.01,10.05,9.98,0.322,0.296,0.424,0.374,5.03,4.09,32.9,19.1,48.0,0.0,0.8,0.6,0.7,0.7,0.3165,0.3346,0.408,0.4966,0.1566,0.2175,lineup,lineup,"[{""id"": 701807, ""name"": ""Carson Benge"", ""bats"": ""L"", ""obp"": 0.3176470588235294, ""slg"": 0.39574468085106385, ""iso"": 0.13617021276595748, ""ab"": 235}, {""id"": 666182, ""name"": ""Bo Bichette"", ""bats"": ""R"", ""obp"": 0.27702702702702703, ""slg"": 0.32967032967032966, ""iso"": 0.10256410256410256, ""ab"": 273}, {""id"": 665742, ""name"": ""Juan Soto"", ""bats"": ""L"", ""obp"": 0.3686635944700461, ""slg"": 0.5372340425531915, ""iso"": 0.26063829787234044, ""ab"": 188}]","[{""id"": 643289, ""name"": ""Mauricio Dub\u00f3n"", ""bats"": ""R"", ""obp"": 0.3188976377952756, ""slg"": 0.41025641025641024, ""iso"": 0.14957264957264954, ""ab"": 234}, {""id"": 671739, ""name"": ""Michael Harris II"", ""bats"": ""L"", ""obp"": 0.33877551020408164, ""slg"": 0.5129310344827587, ""iso"": 0.206896551724138, ""ab"": 232}, {""id"": 621566, ""name"": ""Matt Olson"", ""bats"": ""L"", ""obp"": 0.34448160535117056, ""slg"": 0.5584905660377358, ""iso"": 0.28679245283018867, ""ab"": 265}]","[{""name"": ""away_top3c_slg"", ""value"": 0.4966, ""contribution"": -0.2852}, {""name"": ""away_top3c_iso"", ""value"": 0.2175, ""contribution"": 0.2748}, {""name"": ""home_xera"", ""value"": 2.7225, ""contribution"": -0.1427}, {""name"": ""away_top3_ops_vs_oppHand"", ""value"": 0.8637, ""contribution"": 0.0983}, {""name"": ""wx_temp_c"", ""value"": 32.9, ""contribution"": 0.0697}]","[{""name"": ""away_whiff_pct_rank"", ""value"": 97.0, ""contribution"": -0.2033}, {""name"": ""home_top3c_slg"", ""value"": 0.408, ""contribution"": 0.2009}, {""name"": ""home_obp"", ""value"": 0.2955, ""contribution"": -0.1279}, {""name"": ""home_top3c_iso"", ""value"": 0.1566, ""contribution"": -0.1057}, {""name"": ""wx_temp_c"", ""value"": 32.9, ""contribution"": 0.0973}]",545402,0.5488,2.723,4.801,76.0,97.0,0.7272,0.7879,5.4,5.33,0.8637,0.722,R,R,YRFI,LOSS,0,2,2,2026-06-13T00:45:19+00:00,-120,-110,DraftKings,2026-06-13T00:22:32+00:00,0.5455,0.5238,-0.0416,-0.0277,-0.0416,N,0.5,0,-120,-110,2026-06-12T22:59:01+00:00,0,0.4491,PASS,NO EDGE,,,,,,,
2026-06-12,2026,823695,1,N,STL,MIN,8:10 PM ET,Kyle Leahy,Joe Ryan,681517,657746,live,live,live,live,0.97,0.3661,0.5224,0.8885,0.239,0.4177,0.6567,0.5408,0.4592,0.2233,0.7767,,,NRFI,LEAN,LEAN NRFI,4,2026-06-12T23:09:14Z,3.993,3.191,1.442,1.014,4.123,3.115,3.35,1.95,1.01,1.01,7.64,10.03,0.321,0.315,0.396,0.393,4.512,4.535,26.3,23.9,34.0,0.0,0.6,0.8,0.7,0.9,0.3298,0.3682,0.4817,0.4291,0.2292,0.1619,lineup,lineup,"[{""id"": 663616, ""name"": ""Trevor Larnach"", ""bats"": ""L"", ""obp"": 0.36548223350253806, ""slg"": 0.38095238095238093, ""iso"": 0.125, ""ab"": 168}, {""id"": 621439, ""name"": ""Byron Buxton"", ""bats"": ""R"", ""obp"": 0.31800766283524906, ""slg"": 0.5588235294117647, ""iso"": 0.3025210084033614, ""ab"": 238}, {""id"": 665019, ""name"": ""Kody Clemens"", ""bats"": ""L"", ""obp"": 0.3116279069767442, ""slg"": 0.4744897959183674, ""iso"": 0.2295918367346939, ""ab"": 196}]","[{""id"": 802139, ""name"": ""JJ Wetherholt"", ""bats"": ""L"", ""obp"": 0.3543859649122807, ""slg"": 0.3884297520661157, ""iso"": 0.14049586776859502, ""ab"": 242}, {""id"": 671056, ""name"": ""Iv\u00e1n Herrera"", ""bats"": ""R"", ""obp"": 0.3933333333333333, ""slg"": 0.4098360655737705, ""iso"": 0.14754098360655737, ""ab"": 244}, {""id"": 676475, ""name"": ""Alec Burleson"", ""bats"": ""L"", ""obp"": 0.35563380281690143, ""slg"": 0.48627450980392156, ""iso"": 0.196078431372549, ""ab"": 255}]","[{""name"": ""fi_park_nrfi_rate"", ""value"": 0.5348, ""contribution"": -0.1278}, {""name"": ""away_top3c_iso"", ""value"": 0.1619, ""contribution"": -0.1165}, {""name"": ""home_fip"", ""value"": 3.1152, ""contribution"": -0.0969}, {""name"": ""home_xera"", ""value"": 3.2616, ""contribution"": -0.0875}, {""name"": ""era_gap_t1"", ""value"": -0.8025, ""contribution"": -0.0863}]","[{""name"": ""home_top3c_slg"", ""value"": 0.4817, ""contribution"": -0.2568}, {""name"": ""home_top3c_iso"", ""value"": 0.2292, ""contribution"": 0.2371}, {""name"": ""fi_park_nrfi_rate"", ""value"": 0.5348, ""contribution"": -0.1964}, {""name"": ""wx_wind_kmh"", ""value"": 23.9, ""contribution"": 0.1306}, {""name"": ""home_top3_ops_vs_oppHand"", ""value"": 0.844, ""contribution"": 0.0964}]",427248,0.5131,3.262,4.459,62.0,32.0,0.6942,0.7136,6.33,4.87,0.835,0.844,R,R,YRFI,LOSS,1,1,2,2026-06-13T00:27:57+00:00,-110,-120,DraftKings,2026-06-13T00:09:25+00:00,0.5238,0.5455,0.017,-0.0863,0.017,N,0.5,0,-110,-120,2026-06-12T23:09:42+00:00,0,0.4658,PASS,NO EDGE,,,,,,,
2026-06-12,2026,824997,1,N,COL,OAK,10:05 PM ET,Sean Sullivan,Gage Jump,807743,695611,avg,sm,live,live,0.93,0.4056,0.4886,0.8941,0.304,0.6939,0.9978,0.3681,0.6319,0.2254,0.7746,,,PASS,NO DATA,PASS - No data,3,2026-06-13T01:37:26Z,4.17,3.634,1.26,1.207,4.17,3.688,2.93,2.79,1.21,0.83,8.75,8.04,0.318,0.324,0.398,0.409,4.339,4.404,23.9,19.7,70.0,0.0,0.6667,0.5,0.6667,0.5,0.3869,0.3409,0.5218,0.3809,0.24,0.1248,lineup,lineup,"[{""id"": 669127, ""name"": ""Shea Langeliers"", ""bats"": ""R"", ""obp"": 0.34507042253521125, ""slg"": 0.5348837209302325, ""iso"": 0.251937984496124, ""ab"": 258}, {""id"": 701762, ""name"": ""Nick Kurtz"", ""bats"": ""L"", ""obp"": 0.43790849673202614, ""slg"": 0.5291666666666667, ""iso"": 0.24583333333333335, ""ab"": 240}, {""id"": 687515, ""name"": ""Colby Thomas"", ""bats"": ""R"", ""obp"": 0.32142857142857145, ""slg"": 0.4230769230769231, ""iso"": 0.15384615384615385, ""ab"": 52}]","[{""id"": 650489, ""name"": ""Willi Castro"", ""bats"": ""S"", ""obp"": 0.3378995433789954, ""slg"": 0.37055837563451777, ""iso"": 0.10152284263959394, ""ab"": 197}, {""id"": 691720, ""name"": ""Kyle Karros"", ""bats"": ""R"", ""obp"": 0.32882882882882886, ""slg"": 0.33157894736842103, ""iso"": 0.10526315789473681, ""ab"": 190}, {""id"": 681198, ""name"": ""TJ Rumfield"", ""bats"": ""L"", ""obp"": 0.35361216730038025, ""slg"": 0.43043478260869567, ""iso"": 0.16086956521739132, ""ab"": 230}]","[{""name"": ""away_top3c_iso"", ""value"": 0.1248, ""contribution"": -0.3782}, {""name"": ""away_top3c_slg"", ""value"": 0.3809, ""contribution"": 0.3008}, {""name"": ""fi_park_nrfi_rate"", ""value"": 0.4422, ""contribution"": 0.1922}, {""name"": ""away_top3_ops_vs_oppHand"", ""value"": 0.66, ""contribution"": -0.1093}, {""name"": ""era_gap_t1"", ""value"": -0.5358, ""contribution"": -0.0574}]","[{""name"": ""home_top3c_slg"", ""value"": 0.5218, ""contribution"": -0.5058}, {""name"": ""fi_park_nrfi_rate"", ""value"": 0.4422, ""contribution"": 0.2954}, {""name"": ""home_top3c_iso"", ""value"": 0.24, ""contribution"": 0.2879}, {""name"": ""home_top3_ops_vs_oppHand"", ""value"": 0.9307, ""contribution"": 0.2002}, {""name"": ""home_top3c_obp"", ""value"": 0.3869, ""contribution"": 0.1634}]",482631,0.538,4.2,4.2,50.0,50.0,0.7136,0.7136,6.11,5.0,0.66,0.9307,L,L,NRFI,PASS,0,0,0,2026-06-13T02:23:29+00:00,+175,-235,DraftKings,2026-06-13T01:56:49+00:00,0.3636,0.7015,0.0045,-0.0696,,N,,,+175,-235,2026-06-13T01:56:49+00:00,,0.4012,YRFI,STRONG,,,,,,,
2026-06-12,2026,822803,1,N,NYY,TOR,7:37 PM ET,Ryan Weathers,Trey Yesavage,677960,702056,live,ltd,live,live,1.01,0.4987,0.5267,1.0254,0.3019,0.3275,0.6294,0.5479,0.4521,0.2736,0.7264,,,NRFI,LEAN,LEAN NRFI,4,2026-06-12T22:26:28Z,3.952,3.651,1.199,1.214,4.269,3.627,2.69,3.51,1.55,0.81,9.64,9.08,0.327,0.314,0.428,0.39,4.994,4.149,,,,1.0,0.6,0.8,0.7,0.7,0.334,0.3659,0.3971,0.5169,0.127,0.2475,lineup,lineup,"[{""id"": 543807, ""name"": ""George Springer"", ""bats"": ""R"", ""obp"": 0.29064039408866993, ""slg"": 0.3425414364640884, ""iso"": 0.13812154696132597, ""ab"": 181}, {""id"": 676391, ""name"": ""Ernie Clement"", ""bats"": ""R"", ""obp"": 0.3248175182481752, ""slg"": 0.46387832699619774, ""iso"": 0.15969581749049433, ""ab"": 263}, {""id"": 665489, ""name"": ""Vladimir Guerrero Jr."", ""bats"": ""R"", ""obp"": 0.3745583038869258, ""slg"": 0.3651452282157676, ""iso"": 0.0829875518672199, ""ab"": 241}]","[{""id"": 680474, ""name"": ""Max Schuemann"", ""bats"": ""R"", ""obp"": 0.4827586206896552, ""slg"": 0.4, ""iso"": 0.15000000000000002, ""ab"": 20}, {""id"": 700250, ""name"": ""Ben Rice"", ""bats"": ""L"", ""obp"": 0.3886792452830189, ""slg"": 0.6167400881057269, ""iso"": 0.32158590308370044, ""ab"": 227}, {""id"": 502671, ""name"": ""Paul Goldschmidt"", ""bats"": ""R"", ""obp"": 0.36645962732919257, ""slg"": 0.5244755244755245, ""iso"": 0.23776223776223776, ""ab"": 143}]","[{""name"": ""away_top3c_iso"", ""value"": 0.2475, ""contribution"": 0.4858}, {""name"": ""away_top3c_slg"", ""value"": 0.5169, ""contribution"": -0.3884}, {""name"": ""home_xera"", ""value"": 2.9395, ""contribution"": -0.1205}, {""name"": ""home_fip"", ""value"": 3.6266, ""contribution"": -0.0395}, {""name"": ""away_top3_ops_vs_oppHand"", ""value"": 0.8033, ""contribution"": 0.0368}]","[{""name"": ""home_top3c_slg"", ""value"": 0.3971, ""contribution"": 0.2691}, {""name"": ""home_top3c_iso"", ""value"": 0.127, ""contribution"": -0.2455}, {""name"": ""away_whiff_pct_rank"", ""value"": 88.0, ""contribution"": -0.1645}, {""name"": ""wx_is_dome"", ""value"": 1.0, ""contribution"": -0.0758}, {""name"": ""home_top3_ops_vs_oppHand"", ""value"": 0.8163, ""contribution"": 0.0633}]",483630,0.522,2.939,4.324,50.0,88.0,0.7136,0.7272,5.87,6.27,0.8033,0.8163,L,R,YRFI,LOSS,0,3,3,2026-06-12T23:54:18+00:00,-115,-110,DraftKings,2026-06-12T23:28:30+00:00,0.5349,0.5238,0.013,-0.0717,0.013,N,0.5,0,-115,-110,2026-06-12T22:30:29+00:00,0,0.6370,NRFI,STRONG,,,,,,,
2026-06-13,2026,824828,1,N,SD,BAL,4:05 PM ET,Randy Vásquez,Trey Gibson,681190,694346,live,sm,live,live,1.06,0.5225,0.6037,1.1262,0.3162,0.5455,0.8616,0.4064,0.5936,0.3105,0.6895,,,YRFI,STRONG,STRONG YRFI,4,2026-06-13T18:09:02Z,3.707,4.191,1.307,1.341,4.572,4.591,2.94,3.32,1.22,1.16,6.3,6.93,0.296,0.323,0.368,0.404,3.922,4.715,31.2,10.7,32.0,0.0,0.6667,0.4,0.6667,0.6,0.3442,0.2917,0.4142,0.344,0.1703,0.1232,lineup,lineup,"[{""id"": 621493, ""name"": ""Taylor Ward"", ""bats"": ""R"", ""obp"": 0.40993788819875776, ""slg"": 0.3607843137254902, ""iso"": 0.0980392156862745, ""ab"": 255}, {""id"": 683002, ""name"": ""Gunnar Henderson"", ""bats"": ""L"", ""obp"": 0.29283489096573206, ""slg"": 0.4212328767123288, ""iso"": 0.19520547945205483, ""ab"": 292}, {""id"": 624413, ""name"": ""Pete Alonso"", ""bats"": ""R"", ""obp"": 0.3289902280130293, ""slg"": 0.45724907063197023, ""iso"": 0.2118959107806691, ""ab"": 269}]","[{""id"": 665487, ""name"": ""Fernando Tatis Jr."", ""bats"": ""R"", ""obp"": 0.3448275862068966, ""slg"": 0.3449612403100775, ""iso"": 0.06589147286821706, ""ab"": 258}, {""id"": 701538, ""name"": ""Jackson Merrill"", ""bats"": ""L"", ""obp"": 0.27037037037037037, ""slg"": 0.3319838056680162, ""iso"": 0.12955465587044537, ""ab"": 247}, {""id"": 592518, ""name"": ""Manny Machado"", ""bats"": ""R"", ""obp"": 0.2564102564102564, ""slg"": 0.35537190082644626, ""iso"": 0.17768595041322313, ""ab"": 242}]","[{""name"": ""away_top3c_slg"", ""value"": 0.344, ""contribution"": 0.4874}, {""name"": ""away_top3c_iso"", ""value"": 0.1232, ""contribution"": -0.3897}, {""name"": ""away_top3_ops_vs_oppHand"", ""value"": 0.582, ""contribution"": -0.1888}, {""name"": ""fi_park_nrfi_rate"", ""value"": 0.519, ""contribution"": -0.0733}, {""name"": ""home_fip"", ""value"": 4.5914, ""contribution"": 0.0688}]","[{""name"": ""away_whiff_pct_rank"", ""value"": 7.0, ""contribution"": 0.1851}, {""name"": ""home_top3c_slg"", ""value"": 0.4142, ""contribution"": 0.1626}, {""name"": ""fi_park_nrfi_rate"", ""value"": 0.519, ""contribution"": -0.1127}, {""name"": ""wx_temp_c"", ""value"": 31.2, ""contribution"": 0.0831}, {""name"": ""away_fip"", ""value"": 4.5725, ""contribution"": 0.0625}]",639723,0.548,4.2,5.245,50.0,7.0,0.7136,0.7272,5.0,5.0,0.582,0.7627,R,R,YRFI,WIN,4,2,6,2026-06-13T20:31:25+00:00,+120,-155,DraftKings,2026-06-13T19:09:43+00:00,0.4545,0.6078,-0.0481,-0.0142,-0.0142,Y,1,0.645,+120,-155,2026-06-13T19:00:38+00:00,0,0.4589,PASS,NO EDGE,,,,,,,
2026-06-13,2026,824508,1,N,ARI,CIN,4:10 PM ET,Michael Soroka,Rhett Lowder,647336,695076,live,ltd,live,live,1.09,0.5695,0.476,1.0456,0.4059,0.4178,0.8237,0.4272,0.5728,0.281,0.719,,,PASS,LOW LAMBDA,PASS - Low lambda,4,2026-06-13T19:28:37Z,3.685,4.596,1.154,1.356,3.338,4.101,2.37,4.0,0.9,0.82,8.97,7.76,0.308,0.314,0.388,0.396,4.304,4.283,30.9,10.3,30.0,0.0,0.4,0.8,0.5556,0.7,0.3507,0.3369,0.4814,0.4756,0.2256,0.2134,lineup,lineup,"[{""id"": 695490, ""name"": ""Edwin Arroyo"", ""bats"": ""S"", ""obp"": 0.28, ""slg"": 0.22727272727272727, ""iso"": 0.0, ""ab"": 22}, {""id"": 668709, ""name"": ""JJ Bleday"", ""bats"": ""L"", ""obp"": 0.36363636363636365, ""slg"": 0.5657894736842105, ""iso"": 0.29605263157894735, ""ab"": 152}, {""id"": 701398, ""name"": ""Sal Stewart"", ""bats"": ""R"", ""obp"": 0.348993288590604, ""slg"": 0.453125, ""iso"": 0.203125, ""ab"": 256}]","[{""id"": 606466, ""name"": ""Ketel Marte"", ""bats"": ""S"", ""obp"": 0.2972027972027972, ""slg"": 0.44106463878326996, ""iso"": 0.19391634980988592, ""ab"": 263}, {""id"": 682998, ""name"": ""Corbin Carroll"", ""bats"": ""L"", ""obp"": 0.3723404255319149, ""slg"": 0.5432098765432098, ""iso"": 0.2633744855967078, ""ab"": 243}, {""id"": 672515, ""name"": ""Gabriel Moreno"", ""bats"": ""R"", ""obp"": 0.3448275862068966, ""slg"": 0.4266666666666667, ""iso"": 0.16666666666666669, ""ab"": 150}]","[{""name"": ""away_top3c_iso"", ""value"": 0.2134, ""contribution"": 0.246}, {""name"": ""away_top3c_slg"", ""value"": 0.4756, ""contribution"": -0.179}, {""name"": ""era_gap_t1"", ""value"": 0.9106, ""contribution"": 0.0992}, {""name"": ""home_p_last10_pitcher_nrfi"", ""value"": 0.5556, ""contribution"": -0.0629}, {""name"": ""wx_temp_c"", ""value"": 30.9, ""contribution"": 0.0577}]","[{""name"": ""home_top3c_slg"", ""value"": 0.4814, ""contribution"": -0.2547}, {""name"": ""home_top3c_iso"", ""value"": 0.2256, ""contribution"": 0.2198}, {""name"": ""away_whiff_pct_rank"", ""value"": 29.0, ""contribution"": 0.0902}, {""name"": ""wx_temp_c"", ""value"": 30.9, ""contribution"": 0.0806}, {""name"": ""away_fip"", ""value"": 3.338, ""contribution"": -0.0694}]",427013,0.504,4.513,3.598,50.0,29.0,0.7136,0.7396,3.67,6.13,0.7683,0.7933,R,R,YRFI,PASS,1,0,1,2026-06-13T20:27:10+00:00,-105,-125,DraftKings,2026-06-13T20:09:23+00:00,0.5122,0.5556,-0.0841,0.0163,0.038,N,1,,-105,-125,2026-06-13T20:09:23+00:00,0,0.4624,PASS,NO EDGE,,,,,,,
2026-06-13,2026,824019,1,N,TB,LAA,10:07 PM ET,Griffin Jax,José Soriano,643377,667755,live,live,live,live,0.99,0.5305,0.5456,1.0761,0.3094,0.5705,0.8799,0.4064,0.5936,0.2922,0.7078,,,YRFI,STRONG,STRONG YRFI,4,2026-06-14T00:36:14Z,4.176,3.386,1.341,1.292,4.183,3.913,3.52,4.31,1.34,0.87,9.85,9.07,0.332,0.317,0.388,0.391,4.537,4.465,27.5,11.6,54.0,0.0,0.4,0.6,0.5,0.8,0.3675,0.357,0.4504,0.4385,0.2145,0.1704,lineup,lineup,"[{""id"": 687263, ""name"": ""Zach Neto"", ""bats"": ""R"", ""obp"": 0.3355048859934853, ""slg"": 0.4372623574144487, ""iso"": 0.20912547528517111, ""ab"": 263}, {""id"": 545361, ""name"": ""Mike Trout"", ""bats"": ""R"", ""obp"": 0.3942307692307692, ""slg"": 0.45081967213114754, ""iso"": 0.22540983606557377, ""ab"": 244}, {""id"": 642350, ""name"": ""Jose Siri"", ""bats"": ""R"", ""obp"": 0.3695652173913043, ""slg"": 0.5348837209302325, ""iso"": 0.20930232558139528, ""ab"": 43}]","[{""id"": 650490, ""name"": ""Yandy D\u00edaz"", ""bats"": ""R"", ""obp"": 0.4043321299638989, ""slg"": 0.5308641975308642, ""iso"": 0.20164609053497945, ""ab"": 243}, {""id"": 666018, ""name"": ""Jonathan Aranda"", ""bats"": ""L"", ""obp"": 0.3767605633802817, ""slg"": 0.451063829787234, ""iso"": 0.17872340425531913, ""ab"": 235}, {""id"": 656775, ""name"": ""Cedric Mullins"", ""bats"": ""L"", ""obp"": 0.2747747747747748, ""slg"": 0.3096446700507614, ""iso"": 0.12182741116751267, ""ab"": 197}]","[{""name"": ""fi_park_nrfi_rate"", ""value"": 0.4526, ""contribution"": 0.1563}, {""name"": ""era_gap_t1"", ""value"": -0.7898, ""contribution"": -0.0849}, {""name"": ""home_p_last10_pitcher_nrfi"", ""value"": 0.5, ""contribution"": -0.0846}, {""name"": ""away_top3c_iso"", ""value"": 0.1704, ""contribution"": -0.0572}, {""name"": ""wx_temp_c"", ""value"": 27.5, ""contribution"": 0.0374}]","[{""name"": ""fi_park_nrfi_rate"", ""value"": 0.4526, ""contribution"": 0.2403}, {""name"": ""away_whiff_pct_rank"", ""value"": 100.0, ""contribution"": -0.2163}, {""name"": ""home_top3c_iso"", ""value"": 0.2145, ""contribution"": 0.1677}, {""name"": ""home_top3_ops_vs_oppHand"", ""value"": 0.8587, ""contribution"": 0.114}, {""name"": ""home_top3c_obp"", ""value"": 0.3675, ""contribution"": 0.0954}]",482663,0.5317,3.855,3.203,71.0,100.0,0.7075,0.7136,5.53,4.2,0.7967,0.8587,R,R,NRFI,LOSS,0,0,0,2026-06-14T02:23:05+00:00,-120,-110,DraftKings,2026-06-14T01:11:02+00:00,0.5455,0.5238,-0.1391,0.0698,0.0698,Y,1,-1,-125,-105,2026-06-14T01:01:09+00:00,0.0116,0.4278,YRFI,STRONG,,,,,,,
2026-06-13,2026,824587,1,N,LAD,CWS,4:10 PM ET,Yoshinobu Yamamoto,Sean Burke,808967,680732,live,live,live,live,0.98,0.5537,0.4155,0.9692,0.4901,0.4405,0.9306,0.4064,0.5936,0.2529,0.7471,,,YRFI,STRONG,STRONG YRFI,4,2026-06-13T19:06:35Z,2.615,4.005,0.944,1.275,3.282,4.074,2.2,3.44,0.94,1.14,9.18,8.79,0.34,0.327,0.433,0.412,5.206,4.741,27.5,18.4,59.0,0.0,0.6,0.6,0.7,0.5,0.3545,0.3712,0.4359,0.5092,0.1809,0.2218,lineup,lineup,"[{""id"": 677592, ""name"": ""Everson Pereira"", ""bats"": ""R"", ""obp"": 0.30985915492957744, ""slg"": 0.453125, ""iso"": 0.203125, ""ab"": 64}, {""id"": 678246, ""name"": ""Miguel Vargas"", ""bats"": ""R"", ""obp"": 0.376271186440678, ""slg"": 0.5020576131687243, ""iso"": 0.25102880658436216, ""ab"": 243}, {""id"": 643217, ""name"": ""Andrew Benintendi"", ""bats"": ""L"", ""obp"": 0.29493087557603687, ""slg"": 0.40816326530612246, ""iso"": 0.17346938775510204, ""ab"": 196}]","[{""id"": 660271, ""name"": ""Shohei Ohtani"", ""bats"": ""L"", ""obp"": 0.4208754208754209, ""slg"": 0.5432098765432098, ""iso"": 0.23868312757201643, ""ab"": 243}, {""id"": 681624, ""name"": ""Andy Pages"", ""bats"": ""R"", ""obp"": 0.3230240549828179, ""slg"": 0.5112781954887218, ""iso"": 0.23308270676691728, ""ab"": 266}, {""id"": 518692, ""name"": ""Freddie Freeman"", ""bats"": ""L"", ""obp"": 0.36860068259385664, ""slg"": 0.4743083003952569, ""iso"": 0.19367588932806323, ""ab"": 253}]","[{""name"": ""away_top3c_slg"", ""value"": 0.5092, ""contribution"": -0.3491}, {""name"": ""away_top3c_iso"", ""value"": 0.2218, ""contribution"": 0.3049}, {""name"": ""era_gap_t1"", ""value"": 1.3894, ""contribution"": 0.1511}, {""name"": ""away_top3_ops_vs_oppHand"", ""value"": 0.91, ""contribution"": 0.1455}, {""name"": ""fi_park_nrfi_rate"", ""value"": 0.473, ""contribution"": 0.0859}]","[{""name"": ""away_whiff_pct_rank"", ""value"": 86.0, ""contribution"": -0.1558}, {""name"": ""fi_park_nrfi_rate"", ""value"": 0.473, ""contribution"": 0.1321}, {""name"": ""era_gap_b1"", ""value"": -1.3894, ""contribution"": -0.0949}, {""name"": ""home_obp"", ""value"": 0.3267, ""contribution"": 0.09}, {""name"": ""away_fip"", ""value"": 3.2818, ""contribution"": -0.0755}]",665297,0.4839,4.644,2.53,35.0,86.0,0.7136,0.7136,5.13,6.73,0.91,0.7907,R,R,YRFI,WIN,3,0,3,2026-06-13T20:26:49+00:00,-120,-110,DraftKings,2026-06-13T19:15:08+00:00,0.5455,0.5238,-0.1391,0.0698,0.0698,Y,1,0.909,-120,-110,2026-06-13T19:09:43+00:00,0,0.4289,YRFI,STRONG,,,,,,,
2026-06-13,2026,823776,1,N,PHI,MIL,7:10 PM ET,Aaron Nola,Shane Drohan,605400,675660,live,ltd,live,live,1.03,0.4204,0.6129,1.0333,0.2312,0.2986,0.5299,0.5685,0.4315,0.2765,0.7235,,,NRFI,LEAN,LEAN NRFI,4,2026-06-13T22:01:06Z,5.767,3.659,1.405,1.193,4.385,3.523,2.9,2.8,1.54,0.86,9.23,8.85,0.3,0.336,0.389,0.393,4.089,5.189,,,,1.0,0.6667,1.0,0.6667,0.9,0.3671,0.3341,0.4644,0.4681,0.1854,0.2269,lineup,lineup,"[{""id"": 592885, ""name"": ""Christian Yelich"", ""bats"": ""L"", ""obp"": 0.35119047619047616, ""slg"": 0.423841059602649, ""iso"": 0.14569536423841062, ""ab"": 151}, {""id"": 694192, ""name"": ""Jackson Chourio"", ""bats"": ""R"", ""obp"": 0.3525641025641026, ""slg"": 0.5034965034965035, ""iso"": 0.20279720279720287, ""ab"": 143}, {""id"": 668930, ""name"": ""Brice Turang"", ""bats"": ""L"", ""obp"": 0.38408304498269896, ""slg"": 0.4666666666666667, ""iso"": 0.2, ""ab"": 240}]","[{""id"": 656941, ""name"": ""Kyle Schwarber"", ""bats"": ""L"", ""obp"": 0.3581081081081081, ""slg"": 0.572, ""iso"": 0.33199999999999996, ""ab"": 250}, {""id"": 607208, ""name"": ""Trea Turner"", ""bats"": ""R"", ""obp"": 0.27424749163879597, ""slg"": 0.3381294964028777, ""iso"": 0.11510791366906475, ""ab"": 278}, {""id"": 547180, ""name"": ""Bryce Harper"", ""bats"": ""L"", ""obp"": 0.3719298245614035, ""slg"": 0.5104602510460251, ""iso"": 0.24686192468619245, ""ab"": 239}]","[{""name"": ""away_top3c_iso"", ""value"": 0.2269, ""contribution"": 0.3407}, {""name"": ""fi_park_nrfi_rate"", ""value"": 0.5899, ""contribution"": -0.3182}, {""name"": ""era_gap_t1"", ""value"": -2.1075, ""contribution"": -0.2276}, {""name"": ""away_top3c_slg"", ""value"": 0.4681, ""contribution"": -0.1407}, {""name"": ""home_xera"", ""value"": 4.6604, ""contribution"": 0.0558}]","[{""name"": ""fi_park_nrfi_rate"", ""value"": 0.5899, ""contribution"": -0.4892}, {""name"": ""home_obp"", ""value"": 0.3356, ""contribution"": 0.1527}, {""name"": ""home_top3c_slg"", ""value"": 0.4644, ""contribution"": -0.1492}, {""name"": ""era_gap_b1"", ""value"": 2.1075, ""contribution"": 0.143}, {""name"": ""home_top3_ops_vs_oppHand"", ""value"": 0.8633, ""contribution"": 0.1195}]",676581,0.5084,4.66,4.083,50.0,59.0,0.7136,0.7508,4.33,4.8,0.7487,0.8633,R,L,NRFI,WIN,0,0,0,2026-06-13T23:24:00+00:00,-120,-110,DraftKings,2026-06-13T23:31:18+00:00,0.5455,0.5238,0.023,-0.0923,0.023,N,0.5,0,-120,-110,2026-06-13T22:09:46+00:00,0,0.6370,NRFI,STRONG,,,,,,,
2026-06-13,2026,822802,1,N,NYY,TOR,3:07 PM ET,Cam Schlittler,Kevin Gausman,693645,592332,live,live,live,live,1.01,0.4178,0.3371,0.7549,0.325,0.2427,0.5677,0.5546,0.4454,0.1751,0.8249,,,NRFI,LEAN,LEAN NRFI,4,2026-06-13T17:19:46Z,2.383,3.597,0.99,1.08,2.741,3.316,2.17,1.83,0.65,1.0,9.75,8.86,0.328,0.314,0.427,0.391,4.994,4.194,,,,1.0,0.4,1.0,0.6,1.0,0.3163,0.3716,0.3993,0.5298,0.1608,0.254,lineup,lineup,"[{""id"": 543807, ""name"": ""George Springer"", ""bats"": ""R"", ""obp"": 0.30288461538461536, ""slg"": 0.36065573770491804, ""iso"": 0.15300546448087432, ""ab"": 183}, {""id"": 664770, ""name"": ""Nathan Lukes"", ""bats"": ""L"", ""obp"": 0.35833333333333334, ""slg"": 0.39090909090909093, ""iso"": 0.08181818181818185, ""ab"": 110}, {""id"": 672960, ""name"": ""Kazuma Okamoto"", ""bats"": ""R"", ""obp"": 0.30824372759856633, ""slg"": 0.4314516129032258, ""iso"": 0.20161290322580647, ""ab"": 248}]","[{""id"": 700250, ""name"": ""Ben Rice"", ""bats"": ""L"", ""obp"": 0.3888888888888889, ""slg"": 0.6086956521739131, ""iso"": 0.31739130434782614, ""ab"": 230}, {""id"": 645305, ""name"": ""Ali S\u00e1nchez"", ""bats"": ""R"", ""obp"": 0.125, ""slg"": 0.0, ""iso"": 0.0, ""ab"": 7}, {""id"": 641355, ""name"": ""Cody Bellinger"", ""bats"": ""L"", ""obp"": 0.3689655172413793, ""slg"": 0.47540983606557374, ""iso"": 0.2049180327868852, ""ab"": 244}]","[{""name"": ""away_top3c_iso"", ""value"": 0.254, ""contribution"": 0.5316}, {""name"": ""away_top3c_slg"", ""value"": 0.5298, ""contribution"": -0.4533}, {""name"": ""era_gap_t1"", ""value"": 1.2139, ""contribution"": 0.1321}, {""name"": ""home_fip"", ""value"": 3.3161, ""contribution"": -0.0744}, {""name"": ""home_xera"", ""value"": 3.5212, ""contribution"": -0.0609}]","[{""name"": ""home_top3c_slg"", ""value"": 0.3993, ""contribution"": 0.2555}, {""name"": ""away_fip"", ""value"": 2.7414, ""contribution"": -0.1332}, {""name"": ""away_p_last10_pitcher_nrfi"", ""value"": 1.0, ""contribution"": -0.0929}, {""name"": ""home_top3c_iso"", ""value"": 0.1608, ""contribution"": -0.0859}, {""name"": ""home_top3c_obp"", ""value"": 0.3163, ""contribution"": -0.0841}]",594151,0.4534,3.521,3.568,81.0,56.0,0.6935,0.6487,5.73,5.73,0.7913,0.7087,R,R,NRFI,WIN,0,0,0,2026-06-13T19:21:47+00:00,-135,+105,DraftKings,2026-06-13T19:00:38+00:00,0.5745,0.4878,-0.0199,-0.0424,-0.0199,N,0.5,0,-130,+100,2026-06-13T18:00:41+00:00,0.0093,0.6370,NRFI,STRONG,,,,,,,
2026-06-13,2026,822725,1,N,SEA,WSH,4:05 PM ET,Luis Castillo,Cade Cavalli,622491,676917,live,live,live,live,0.97,0.4506,0.5249,0.9754,0.2924,0.5232,0.8156,0.4355,0.5645,0.2552,0.7448,,,PASS,LOW LAMBDA,PASS - Low lambda,4,2026-06-13T19:28:37Z,4.518,3.998,1.289,1.406,3.983,3.497,2.96,3.11,1.17,0.87,8.64,9.28,0.318,0.32,0.402,0.416,4.355,5.194,30.8,9.9,35.0,0.0,0.6,0.8,0.8,0.7,0.3544,0.3194,0.4985,0.3943,0.2384,0.1381,lineup,lineup,"[{""id"": 696285, ""name"": ""Jacob Young"", ""bats"": ""R"", ""obp"": 0.2826086956521739, ""slg"": 0.39069767441860465, ""iso"": 0.15813953488372093, ""ab"": 215}, {""id"": 665953, ""name"": ""Andr\u00e9s Chaparro"", ""bats"": ""R"", ""obp"": 0.34285714285714286, ""slg"": 0.2222222222222222, ""iso"": 0.07407407407407407, ""ab"": 27}, {""id"": 678554, ""name"": ""Curtis Mead"", ""bats"": ""R"", ""obp"": 0.3435897435897436, ""slg"": 0.47619047619047616, ""iso"": 0.23809523809523808, ""ab"": 168}]","[{""id"": 702284, ""name"": ""Cole Young"", ""bats"": ""L"", ""obp"": 0.32280701754385965, ""slg"": 0.36328125, ""iso"": 0.10546875, ""ab"": 256}, {""id"": 677594, ""name"": ""Julio Rodr\u00edguez"", ""bats"": ""R"", ""obp"": 0.31629392971246006, ""slg"": 0.4405594405594406, ""iso"": 0.1853146853146853, ""ab"": 286}, {""id"": 647304, ""name"": ""Josh Naylor"", ""bats"": ""L"", ""obp"": 0.3194444444444444, ""slg"": 0.37404580152671757, ""iso"": 0.11832061068702293, ""ab"": 262}]","[{""name"": ""away_top3c_iso"", ""value"": 0.1381, ""contribution"": -0.2848}, {""name"": ""away_top3c_slg"", ""value"": 0.3943, ""contribution"": 0.233}, {""name"": ""fi_park_nrfi_rate"", ""value"": 0.4761, ""contribution"": 0.0751}, {""name"": ""away_top3_ops_vs_oppHand"", ""value"": 0.71, ""contribution"": -0.0583}, {""name"": ""wx_temp_c"", ""value"": 30.8, ""contribution"": 0.0571}]","[{""name"": ""home_top3c_slg"", ""value"": 0.4985, ""contribution"": -0.3607}, {""name"": ""home_top3c_iso"", ""value"": 0.2384, ""contribution"": 0.2803}, {""name"": ""fi_park_nrfi_rate"", ""value"": 0.4761, ""contribution"": 0.1154}, {""name"": ""home_top3_ops_vs_oppHand"", ""value"": 0.8557, ""contribution"": 0.1104}, {""name"": ""wx_temp_c"", ""value"": 30.8, ""contribution"": 0.0797}]",596740,0.574,4.101,4.328,80.0,48.0,0.7136,0.6487,5.87,5.07,0.71,0.8557,R,R,YRFI,PASS,0,3,3,2026-06-13T20:19:31+00:00,-110,-115,DraftKings,2026-06-13T20:09:23+00:00,0.5238,0.5349,-0.0883,0.0296,0.0587,N,1,,-110,-115,2026-06-13T20:04:03+00:00,0,0.4469,PASS,NO EDGE,,,,,,,
2026-06-13,2026,824426,1,N,DET,CLE,4:10 PM ET,Tarik Skubal,Joey Cantillo,669373,676282,live,live,live,live,0.96,0.5463,0.2691,0.8153,0.3509,0.2863,0.6372,0.5479,0.4521,0.1967,0.8033,,,NRFI,LEAN,LEAN NRFI,4,2026-06-13T19:06:35Z,2.464,4.136,0.921,1.417,2.309,4.596,1.38,4.43,0.62,1.3,10.22,9.01,0.315,0.317,0.394,0.378,4.171,4.11,29.8,14.7,34.0,0.0,0.8,0.8,0.8,0.7,0.3193,0.3537,0.4211,0.385,0.1756,0.1289,lineup,lineup,"[{""id"": 680757, ""name"": ""Steven Kwan"", ""bats"": ""L"", ""obp"": 0.32575757575757575, ""slg"": 0.26666666666666666, ""iso"": 0.0488888888888889, ""ab"": 225}, {""id"": 700932, ""name"": ""Kyle Manzardo"", ""bats"": ""L"", ""obp"": 0.323943661971831, ""slg"": 0.39572192513368987, ""iso"": 0.16042780748663105, ""ab"": 187}, {""id"": 682177, ""name"": ""Daniel Schneemann"", ""bats"": ""L"", ""obp"": 0.29896907216494845, ""slg"": 0.3465909090909091, ""iso"": 0.11931818181818185, ""ab"": 176}]","[{""id"": 650402, ""name"": ""Gleyber Torres"", ""bats"": ""R"", ""obp"": 0.391304347826087, ""slg"": 0.3881578947368421, ""iso"": 0.11184210526315785, ""ab"": 152}, {""id"": 805808, ""name"": ""Kevin McGonigle"", ""bats"": ""L"", ""obp"": 0.3864406779661017, ""slg"": 0.4103585657370518, ""iso"": 0.13147410358565742, ""ab"": 251}, {""id"": 663837, ""name"": ""Matt Vierling"", ""bats"": ""R"", ""obp"": 0.2670157068062827, ""slg"": 0.34502923976608185, ""iso"": 0.14035087719298245, ""ab"": 171}]","[{""name"": ""away_top3c_iso"", ""value"": 0.1289, ""contribution"": -0.3491}, {""name"": ""away_top3c_slg"", ""value"": 0.385, ""contribution"": 0.2799}, {""name"": ""era_gap_t1"", ""value"": 1.6719, ""contribution"": 0.1816}, {""name"": ""fi_park_nrfi_rate"", ""value"": 0.528, ""contribution"": -0.1042}, {""name"": ""home_fip"", ""value"": 4.5958, ""contribution"": 0.0693}]","[{""name"": ""away_whiff_pct_rank"", ""value"": 100.0, ""contribution"": -0.2163}, {""name"": ""away_fip"", ""value"": 2.3088, ""contribution"": -0.1794}, {""name"": ""fi_park_nrfi_rate"", ""value"": 0.528, ""contribution"": -0.1602}, {""name"": ""home_top3c_slg"", ""value"": 0.4211, ""contribution"": 0.1197}, {""name"": ""era_gap_b1"", ""value"": -1.6719, ""contribution"": -0.1141}]",427139,0.5818,3.575,2.218,89.0,100.0,0.7272,0.751,4.33,6.07,0.7217,0.8273,L,L,YRFI,LOSS,1,0,1,2026-06-13T20:29:13+00:00,-145,+110,DraftKings,2026-06-13T20:09:23+00:00,0.5918,0.4762,-0.0439,-0.0241,-0.0439,N,0.5,0,-145,+110,2026-06-13T19:09:43+00:00,0,0.4877,PASS,NO EDGE,,,,,,,
2026-06-13,2026,823694,1,N,STL,MIN,2:10 PM ET,Matthew Liberatore,Connor Prielipp,669461,687570,live,ltd,live,live,0.97,0.4746,0.5624,1.037,0.2744,0.4725,0.7469,0.4772,0.5228,0.2779,0.7221,,,PASS,NO EDGE,PASS - No edge,4,2026-06-13T18:09:02Z,4.378,4.679,1.435,1.296,4.47,3.778,3.1,3.36,1.36,1.01,7.91,9.51,0.322,0.316,0.396,0.398,4.555,4.587,22.4,25.2,38.0,0.0,0.8,0.8,0.6667,0.6,0.3323,0.3558,0.4763,0.4332,0.2231,0.1662,lineup,lineup,"[{""id"": 605170, ""name"": ""Victor Caratini"", ""bats"": ""S"", ""obp"": 0.3089005235602094, ""slg"": 0.3018867924528302, ""iso"": 0.08805031446540879, ""ab"": 159}, {""id"": 621439, ""name"": ""Byron Buxton"", ""bats"": ""R"", ""obp"": 0.3283018867924528, ""slg"": 0.5850622406639004, ""iso"": 0.3195020746887967, ""ab"": 241}, {""id"": 665019, ""name"": ""Kody Clemens"", ""bats"": ""L"", ""obp"": 0.3150684931506849, ""slg"": 0.48743718592964824, ""iso"": 0.24120603015075376, ""ab"": 199}]","[{""id"": 691026, ""name"": ""Masyn Winn"", ""bats"": ""R"", ""obp"": 0.311284046692607, ""slg"": 0.31555555555555553, ""iso"": 0.08444444444444443, ""ab"": 225}, {""id"": 671056, ""name"": ""Iv\u00e1n Herrera"", ""bats"": ""R"", ""obp"": 0.39344262295081966, ""slg"": 0.40963855421686746, ""iso"": 0.14457831325301201, ""ab"": 249}, {""id"": 691023, ""name"": ""Jordan Walker"", ""bats"": ""R"", ""obp"": 0.35563380281690143, ""slg"": 0.5576923076923077, ""iso"": 0.2576923076923077, ""ab"": 260}]","[{""name"": ""home_xera"", ""value"": 1.9461, ""contribution"": -0.2223}, {""name"": ""fi_park_nrfi_rate"", ""value"": 0.5348, ""contribution"": -0.1278}, {""name"": ""away_top3_ops_vs_oppHand"", ""value"": 0.8877, ""contribution"": 0.1227}, {""name"": ""away_top3c_iso"", ""value"": 0.1662, ""contribution"": -0.0865}, {""name"": ""wx_wind_kmh"", ""value"": 25.2, ""contribution"": 0.061}]","[{""name"": ""home_top3c_slg"", ""value"": 0.4763, ""contribution"": -0.2228}, {""name"": ""home_top3c_iso"", ""value"": 0.2231, ""contribution"": 0.2081}, {""name"": ""fi_park_nrfi_rate"", ""value"": 0.5348, ""contribution"": -0.1964}, {""name"": ""away_whiff_pct_rank"", ""value"": 14.0, ""contribution"": 0.1549}, {""name"": ""wx_wind_kmh"", ""value"": 25.2, ""contribution"": 0.1443}]",644760,0.6254,1.946,4.999,50.0,14.0,0.7136,0.7272,4.93,4.87,0.8877,0.7637,L,L,YRFI,PASS,2,0,2,2026-06-13T18:21:38+00:00,+100,-130,DraftKings,2026-06-13T18:06:03+00:00,0.5,0.5652,-0.0228,-0.0424,0.0142,N,0.5,,+100,-130,2026-06-13T18:06:03+00:00,0,0.4589,PASS,NO EDGE,,,,,,,
2026-06-13,2026,823369,1,N,MIA,PIT,4:05 PM ET,Lake Bachar,Bubba Chandler,669199,696149,live,ltd,live,live,0.96,0.5444,0.5117,1.0561,0.3013,0.3425,0.6439,0.5479,0.4521,0.2849,0.7151,,,NRFI,LEAN,LEAN NRFI,4,2026-06-13T18:09:02Z,3.526,4.605,1.075,1.336,3.988,4.404,3.23,4.49,1.25,1.12,9.68,8.92,0.323,0.331,0.387,0.405,4.371,4.959,29.3,11.5,32.0,0.0,0.4,1.0,0.6,1.0,0.3675,0.3703,0.4716,0.4728,0.206,0.1642,lineup,lineup,"[{""id"": 687462, ""name"": ""Spencer Horwitz"", ""bats"": ""L"", ""obp"": 0.3815261044176707, ""slg"": 0.46190476190476193, ""iso"": 0.17619047619047623, ""ab"": 210}, {""id"": 664040, ""name"": ""Brandon Lowe"", ""bats"": ""L"", ""obp"": 0.3333333333333333, ""slg"": 0.5306122448979592, ""iso"": 0.28163265306122454, ""ab"": 245}, {""id"": 668804, ""name"": ""Bryan Reynolds"", ""bats"": ""S"", ""obp"": 0.38741721854304634, ""slg"": 0.42168674698795183, ""iso"": 0.1566265060240964, ""ab"": 249}]","[{""id"": 689414, ""name"": ""Liam Hicks"", ""bats"": ""L"", ""obp"": 0.3552123552123552, ""slg"": 0.48878923766816146, ""iso"": 0.21524663677130046, ""ab"": 223}, {""id"": 672640, ""name"": ""Otto Lopez"", ""bats"": ""R"", ""obp"": 0.36860068259385664, ""slg"": 0.48363636363636364, ""iso"": 0.14181818181818184, ""ab"": 275}, {""id"": 669364, ""name"": ""Xavier Edwards"", ""bats"": ""S"", ""obp"": 0.38513513513513514, ""slg"": 0.4474708171206226, ""iso"": 0.14396887159533078, ""ab"": 257}]","[{""name"": ""away_top3c_slg"", ""value"": 0.4728, ""contribution"": -0.165}, {""name"": ""era_gap_t1"", ""value"": 1.0787, ""contribution"": 0.1174}, {""name"": ""away_top3c_iso"", ""value"": 0.1642, ""contribution"": -0.1004}, {""name"": ""fi_park_nrfi_rate"", ""value"": 0.5188, ""contribution"": -0.0724}, {""name"": ""away_top3_ops_vs_oppHand"", ""value"": 0.8213, ""contribution"": 0.0551}]","[{""name"": ""away_whiff_pct_rank"", ""value"": 96.0, ""contribution"": -0.199}, {""name"": ""home_top3c_slg"", ""value"": 0.4716, ""contribution"": -0.1938}, {""name"": ""home_top3c_iso"", ""value"": 0.206, ""contribution"": 0.1272}, {""name"": ""home_obp"", ""value"": 0.3308, ""contribution"": 0.1192}, {""name"": ""home_top3_ops_vs_oppHand"", ""value"": 0.8577, ""contribution"": 0.1128}]",427128,0.4785,4.349,2.68,76.0,96.0,0.7136,0.7136,4.6,2.56,0.8213,0.8577,R,R,YRFI,LOSS,0,1,1,2026-06-13T20:26:49+00:00,,,,,,,,,,,,-0.5,,,,,0.5651,NRFI,STRONG,,,,,,,
2026-06-13,2026,824749,1,N,TEX,BOS,4:10 PM ET,Jacob deGrom,Ranger Suarez,594798,624133,live,live,live,live,1.05,0.3968,0.4658,0.8627,0.2798,0.3082,0.588,0.5514,0.4486,0.2139,0.7861,,,NRFI,LEAN,LEAN NRFI,4,2026-06-13T19:28:37Z,3.104,3.188,0.965,1.17,3.814,3.054,1.93,2.46,1.55,0.65,10.37,8.7,0.316,0.314,0.386,0.387,4.089,4.091,30.1,11.4,30.0,0.0,0.8,0.6,0.8,0.6,0.3387,0.3289,0.4331,0.4391,0.1514,0.1623,lineup,lineup,"[{""id"": 655316, ""name"": ""Andruw Monasterio"", ""bats"": ""R"", ""obp"": 0.28440366972477066, ""slg"": 0.39805825242718446, ""iso"": 0.1553398058252427, ""ab"": 103}, {""id"": 678882, ""name"": ""Ceddanne Rafaela"", ""bats"": ""R"", ""obp"": 0.344, ""slg"": 0.45652173913043476, ""iso"": 0.1695652173913043, ""ab"": 230}, {""id"": 677800, ""name"": ""Wilyer Abreu"", ""bats"": ""L"", ""obp"": 0.3380281690140845, ""slg"": 0.4396887159533074, ""iso"": 0.15953307392996108, ""ab"": 257}]","[{""id"": 694671, ""name"": ""Wyatt Langford"", ""bats"": ""R"", ""obp"": 0.26548672566371684, ""slg"": 0.3644859813084112, ""iso"": 0.14018691588785046, ""ab"": 107}, {""id"": 592626, ""name"": ""Joc Pederson"", ""bats"": ""L"", ""obp"": 0.34951456310679613, ""slg"": 0.44508670520231214, ""iso"": 0.2023121387283237, ""ab"": 173}, {""id"": 673962, ""name"": ""Josh Jung"", ""bats"": ""R"", ""obp"": 0.36162361623616235, ""slg"": 0.46963562753036436, ""iso"": 0.16194331983805665, ""ab"": 247}]","[{""name"": ""home_xera"", ""value"": 2.8963, ""contribution"": -0.1249}, {""name"": ""away_top3c_iso"", ""value"": 0.1623, ""contribution"": -0.1141}, {""name"": ""away_top3_ops_vs_oppHand"", ""value"": 0.8783, ""contribution"": 0.1132}, {""name"": ""home_fip"", ""value"": 3.0535, ""contribution"": -0.1039}, {""name"": ""wx_temp_c"", ""value"": 30.1, ""contribution"": 0.053}]","[{""name"": ""away_whiff_pct_rank"", ""value"": 82.0, ""contribution"": -0.1386}, {""name"": ""home_top3c_iso"", ""value"": 0.1514, ""contribution"": -0.1303}, {""name"": ""fi_park_nrfi_rate"", ""value"": 0.5121, ""contribution"": -0.076}, {""name"": ""wx_temp_c"", ""value"": 30.1, ""contribution"": 0.0739}, {""name"": ""home_top3c_slg"", ""value"": 0.4331, ""contribution"": 0.0453}]",427344,0.4727,2.896,3.231,31.0,82.0,0.6942,0.7272,5.2,5.2,0.8783,0.7487,R,L,NRFI,WIN,0,0,0,2026-06-13T20:22:04+00:00,-140,+110,DraftKings,2026-06-13T20:09:23+00:00,0.5833,0.4762,-0.0319,-0.0276,-0.0319,N,0.5,0,-140,+110,2026-06-13T19:15:08+00:00,0,0.6374,NRFI,STRONG,,,,,,,
2026-06-13,2026,823213,1,N,CHC,SF,10:05 PM ET,Ben Brown,Trevor McDonald,676962,686790,live,ltd,live,live,0.94,0.4298,0.3662,0.7959,0.3508,0.2919,0.6426,0.5479,0.4521,0.1898,0.8102,,,NRFI,LEAN,LEAN NRFI,4,2026-06-14T00:36:14Z,3.38,4.16,1.102,1.221,3.01,3.719,2.61,2.85,0.71,0.95,9.54,8.65,0.328,0.309,0.394,0.415,4.582,4.206,19.9,20.5,73.0,0.0,0.8,0.8,0.7778,0.7,0.3434,0.3476,0.4862,0.4028,0.1837,0.1512,lineup,lineup,"[{""id"": 650333, ""name"": ""Luis Arraez"", ""bats"": ""L"", ""obp"": 0.3595890410958904, ""slg"": 0.43820224719101125, ""iso"": 0.11235955056179775, ""ab"": 267}, {""id"": 805811, ""name"": ""Bryce Eldridge"", ""bats"": ""L"", ""obp"": 0.39823008849557523, ""slg"": 0.5612244897959183, ""iso"": 0.2448979591836734, ""ab"": 98}, {""id"": 669477, ""name"": ""Casey Schmitt"", ""bats"": ""R"", ""obp"": 0.3018867924528302, ""slg"": 0.508, ""iso"": 0.236, ""ab"": 250}]","[{""id"": 691718, ""name"": ""Pete Crow-Armstrong"", ""bats"": ""L"", ""obp"": 0.336734693877551, ""slg"": 0.4444444444444444, ""iso"": 0.18773946360153254, ""ab"": 261}, {""id"": 608324, ""name"": ""Alex Bregman"", ""bats"": ""R"", ""obp"": 0.33121019108280253, ""slg"": 0.35507246376811596, ""iso"": 0.10869565217391305, ""ab"": 276}, {""id"": 683737, ""name"": ""Michael Busch"", ""bats"": ""L"", ""obp"": 0.375, ""slg"": 0.412, ""iso"": 0.15999999999999998, ""ab"": 250}]","[{""name"": ""away_top3c_iso"", ""value"": 0.1512, ""contribution"": -0.1922}, {""name"": ""away_top3c_slg"", ""value"": 0.4028, ""contribution"": 0.1898}, {""name"": ""era_gap_t1"", ""value"": 0.78, ""contribution"": 0.0851}, {""name"": ""wx_wind_kmh"", ""value"": 20.5, ""contribution"": 0.0401}, {""name"": ""home_fip"", ""value"": 3.7186, ""contribution"": -0.0292}]","[{""name"": ""home_top3c_slg"", ""value"": 0.4862, ""contribution"": -0.2844}, {""name"": ""away_fip"", ""value"": 3.0103, ""contribution"": -0.1045}, {""name"": ""wx_wind_kmh"", ""value"": 20.5, ""contribution"": 0.0948}, {""name"": ""home_top3_ops_vs_oppHand"", ""value"": 0.8217, ""contribution"": 0.0697}, {""name"": ""era_gap_b1"", ""value"": -0.78, ""contribution"": -0.0535}]",658325,0.5084,4.2,2.77,50.0,43.0,0.7136,0.6796,5.33,5.47,0.76,0.8217,R,R,YRFI,LOSS,1,0,1,2026-06-14T02:18:31+00:00,-145,+110,DraftKings,2026-06-14T01:56:08+00:00,0.5918,0.4762,-0.0439,-0.0241,-0.0439,N,0.5,0,-145,+110,2026-06-14T01:01:09+00:00,0,0.4658,PASS,NO EDGE,,,,,,,
2026-06-13,2026,824100,1,N,HOU,KC,7:10 PM ET,Mike Burrows,Noah Cameron,681347,702070,live,live,live,live,0.96,0.4161,0.5893,1.0055,0.295,0.3989,0.6939,0.4795,0.5205,0.2662,0.7338,,,PASS,NO EDGE,PASS - No edge,4,2026-06-13T23:06:49Z,5.139,3.517,1.455,1.156,5.133,3.63,3.26,2.52,1.78,0.96,7.97,8.21,0.318,0.315,0.41,0.382,4.564,4.053,28.3,19.9,61.0,0.0,0.8,0.6,0.8,0.7,0.319,0.3728,0.3948,0.5455,0.1533,0.2618,lineup,lineup,"[{""id"": 695600, ""name"": ""Carter Jensen"", ""bats"": ""L"", ""obp"": 0.2869198312236287, ""slg"": 0.3827751196172249, ""iso"": 0.16746411483253587, ""ab"": 209}, {""id"": 677951, ""name"": ""Bobby Witt Jr."", ""bats"": ""R"", ""obp"": 0.3525641025641026, ""slg"": 0.44404332129963897, ""iso"": 0.16606498194945846, ""ab"": 277}, {""id"": 686555, ""name"": ""Isaac Collins"", ""bats"": ""S"", ""obp"": 0.3392070484581498, ""slg"": 0.30687830687830686, ""iso"": 0.08994708994708994, ""ab"": 189}]","[{""id"": 665161, ""name"": ""Jeremy Pe\u00f1a"", ""bats"": ""R"", ""obp"": 0.35714285714285715, ""slg"": 0.4112903225806452, ""iso"": 0.12903225806451613, ""ab"": 124}, {""id"": 670541, ""name"": ""Yordan Alvarez"", ""bats"": ""L"", ""obp"": 0.43278688524590164, ""slg"": 0.6587301587301587, ""iso"": 0.33730158730158727, ""ab"": 252}, {""id"": 572233, ""name"": ""Christian Walker"", ""bats"": ""R"", ""obp"": 0.31724137931034485, ""slg"": 0.5, ""iso"": 0.25190839694656486, ""ab"": 262}]","[{""name"": ""away_top3c_iso"", ""value"": 0.2618, ""contribution"": 0.5865}, {""name"": ""away_top3c_slg"", ""value"": 0.5455, ""contribution"": -0.5328}, {""name"": ""fi_park_nrfi_rate"", ""value"": 0.5614, ""contribution"": -0.2197}, {""name"": ""era_gap_t1"", ""value"": -1.6222, ""contribution"": -0.175}, {""name"": ""away_top3_ops_vs_oppHand"", ""value"": 0.9103, ""contribution"": 0.1458}]","[{""name"": ""fi_park_nrfi_rate"", ""value"": 0.5614, ""contribution"": -0.3377}, {""name"": ""home_top3c_slg"", ""value"": 0.3948, ""contribution"": 0.2829}, {""name"": ""away_fip"", ""value"": 5.1326, ""contribution"": 0.1223}, {""name"": ""home_top3c_iso"", ""value"": 0.1533, ""contribution"": -0.1213}, {""name"": ""era_gap_b1"", ""value"": 1.6222, ""contribution"": 0.11}]",608158,0.5142,4.444,4.153,76.0,61.0,0.7136,0.7136,6.0,5.73,0.9103,0.7403,R,L,NRFI,PASS,0,0,0,2026-06-13T23:20:27+00:00,+105,-135,DraftKings,2026-06-13T23:31:18+00:00,0.4878,0.5745,-0.0083,-0.054,,N,,,+105,-135,2026-06-13T23:10:01+00:00,,0.4622,PASS,NO EDGE,,,,,,,
2026-06-13,2026,824995,1,N,COL,OAK,10:05 PM ET,Kyle Freeland,Joey Estes,607536,683155,live,avg,live,live,0.93,0.4554,0.5924,1.0478,0.2303,0.7829,1.0133,0.358,0.642,0.2818,0.7182,,,PASS,NO DATA,PASS - No data,3,2026-06-14T01:36:55Z,6.593,4.17,1.58,1.26,4.999,4.17,2.46,2.93,1.78,1.21,7.31,8.75,0.318,0.325,0.397,0.41,4.335,4.423,22.8,20.0,68.0,0.0,0.0,0.6,0.0,0.7,0.3844,0.3412,0.5267,0.3779,0.2456,0.1187,lineup,lineup,"[{""id"": 687515, ""name"": ""Colby Thomas"", ""bats"": ""R"", ""obp"": 0.3103448275862069, ""slg"": 0.4074074074074074, ""iso"": 0.14814814814814814, ""ab"": 54}, {""id"": 701762, ""name"": ""Nick Kurtz"", ""bats"": ""L"", ""obp"": 0.43729903536977494, ""slg"": 0.5387755102040817, ""iso"": 0.25306122448979596, ""ab"": 245}, {""id"": 669127, ""name"": ""Shea Langeliers"", ""bats"": ""R"", ""obp"": 0.34256055363321797, ""slg"": 0.5399239543726235, ""iso"": 0.25855513307984784, ""ab"": 263}]","[{""id"": 666397, ""name"": ""Edouard Julien"", ""bats"": ""L"", ""obp"": 0.32085561497326204, ""slg"": 0.3048780487804878, ""iso"": 0.07926829268292682, ""ab"": 164}, {""id"": 650489, ""name"": ""Willi Castro"", ""bats"": ""S"", ""obp"": 0.336322869955157, ""slg"": 0.3681592039800995, ""iso"": 0.09950248756218905, ""ab"": 201}, {""id"": 681198, ""name"": ""TJ Rumfield"", ""bats"": ""L"", ""obp"": 0.3595505617977528, ""slg"": 0.43776824034334766, ""iso"": 0.16309012875536483, ""ab"": 233}]","[{""name"": ""away_top3c_iso"", ""value"": 0.1187, ""contribution"": -0.4209}, {""name"": ""away_top3c_slg"", ""value"": 0.3779, ""contribution"": 0.3158}, {""name"": ""home_p_last10_pitcher_nrfi"", ""value"": 0.0, ""contribution"": -0.2798}, {""name"": ""era_gap_t1"", ""value"": -2.4228, ""contribution"": -0.2617}, {""name"": ""fi_park_nrfi_rate"", ""value"": 0.4422, ""contribution"": 0.1922}]","[{""name"": ""home_top3c_slg"", ""value"": 0.5267, ""contribution"": -0.5361}, {""name"": ""home_top3c_iso"", ""value"": 0.2456, ""contribution"": 0.3141}, {""name"": ""fi_park_nrfi_rate"", ""value"": 0.4422, ""contribution"": 0.2954}, {""name"": ""home_top3_ops_vs_oppHand"", ""value"": 0.9067, ""contribution"": 0.1714}, {""name"": ""era_gap_b1"", ""value"": 2.4228, ""contribution"": 0.1645}]",483561,0.5039,4.2,4.924,50.0,24.0,0.7136,0.6796,3.5,4.6,0.741,0.9067,L,R,YRFI,PASS,0,2,2,2026-06-14T02:25:17+00:00,+190,-250,DraftKings,2026-06-14T01:56:08+00:00,0.3448,0.7143,0.0132,-0.0723,,N,,,+190,-250,2026-06-14T01:56:08+00:00,,0.4098,YRFI,STRONG,,,,,,,
2026-06-13,2026,823616,1,N,ATL,NYM,4:10 PM ET,Martín Pérez,Sean Manaea,527048,640455,live,live,live,live,0.96,0.5134,0.4488,0.9622,0.371,0.4334,0.8045,0.4384,0.5616,0.2503,0.7497,,,PASS,LOW LAMBDA,PASS - Low lambda,4,2026-06-13T19:28:37Z,3.376,4.966,1.114,1.344,4.09,3.99,3.21,2.98,1.02,1.3,7.71,9.69,0.322,0.296,0.423,0.377,5.03,4.125,30.6,8.0,29.0,0.0,0.6,0.8,0.6,0.6,0.3193,0.3312,0.4213,0.4527,0.1674,0.1703,lineup,lineup,"[{""id"": 683146, ""name"": ""Brett Baty"", ""bats"": ""L"", ""obp"": 0.28879310344827586, ""slg"": 0.319047619047619, ""iso"": 0.0952380952380952, ""ab"": 210}, {""id"": 666182, ""name"": ""Bo Bichette"", ""bats"": ""R"", ""obp"": 0.28, ""slg"": 0.35507246376811596, ""iso"": 0.12318840579710147, ""ab"": 276}, {""id"": 665742, ""name"": ""Juan Soto"", ""bats"": ""L"", ""obp"": 0.3755656108597285, ""slg"": 0.5549738219895288, ""iso"": 0.27225130890052357, ""ab"": 191}]","[{""id"": 643289, ""name"": ""Mauricio Dub\u00f3n"", ""bats"": ""R"", ""obp"": 0.3166023166023166, ""slg"": 0.40585774058577406, ""iso"": 0.14644351464435146, ""ab"": 239}, {""id"": 671739, ""name"": ""Michael Harris II"", ""bats"": ""L"", ""obp"": 0.336, ""slg"": 0.5063291139240507, ""iso"": 0.20253164556962028, ""ab"": 237}, {""id"": 645277, ""name"": ""Ozzie Albies"", ""bats"": ""S"", ""obp"": 0.3400673400673401, ""slg"": 0.44696969696969696, ""iso"": 0.16287878787878785, ""ab"": 264}]","[{""name"": ""era_gap_t1"", ""value"": 1.5898, ""contribution"": 0.1728}, {""name"": ""away_top3c_slg"", ""value"": 0.4527, ""contribution"": -0.063}, {""name"": ""away_top3c_iso"", ""value"": 0.1703, ""contribution"": -0.0579}, {""name"": ""home_xera"", ""value"": 4.68, ""contribution"": 0.0579}, {""name"": ""wx_temp_c"", ""value"": 30.6, ""contribution"": 0.056}]","[{""name"": ""away_whiff_pct_rank"", ""value"": 6.0, ""contribution"": 0.1894}, {""name"": ""home_obp"", ""value"": 0.2963, ""contribution"": -0.1226}, {""name"": ""home_top3c_slg"", ""value"": 0.4213, ""contribution"": 0.1188}, {""name"": ""era_gap_b1"", ""value"": -1.5898, ""contribution"": -0.1086}, {""name"": ""home_top3_ops_vs_oppHand"", ""value"": 0.849, ""contribution"": 0.1024}]",484198,0.5395,4.68,5.497,24.0,6.0,0.6796,0.7075,3.6,5.27,0.7633,0.849,L,L,NRFI,PASS,0,0,0,2026-06-13T20:27:11+00:00,-120,-110,DraftKings,2026-06-13T20:09:23+00:00,0.5455,0.5238,-0.1071,0.0378,,N,,,-120,-110,2026-06-13T20:09:23+00:00,,0.4521,PASS,NO EDGE,,,,,,,
2026-06-14,2026,823777,1,N,PHI,MIL,2:10 PM ET,Cristopher Sánchez,Kyle Harrison,650911,690986,live,ltd,live,live,1.03,0.4317,0.3422,0.7739,0.2981,0.1837,0.4818,0.6384,0.3616,0.1818,0.8182,,,NRFI,STRONG,STRONG NRFI,4,2026-06-14T17:05:48Z,1.829,3.288,1.06,1.214,2.126,3.468,1.81,2.89,0.43,1.1,10.48,10.63,0.301,0.336,0.392,0.395,4.147,5.223,,,,1.0,0.8,1.0,0.8,0.9,0.3716,0.3344,0.4768,0.4648,0.1636,0.2228,lineup,lineup,"[{""id"": 694192, ""name"": ""Jackson Chourio"", ""bats"": ""R"", ""obp"": 0.36645962732919257, ""slg"": 0.5540540540540541, ""iso"": 0.2364864864864865, ""ab"": 148}, {""id"": 683734, ""name"": ""Andrew Vaughn"", ""bats"": ""R"", ""obp"": 0.4380952380952381, ""slg"": 0.5483870967741935, ""iso"": 0.18279569892473113, ""ab"": 93}, {""id"": 661388, ""name"": ""William Contreras"", ""bats"": ""R"", ""obp"": 0.3498233215547703, ""slg"": 0.40551181102362205, ""iso"": 0.11417322834645671, ""ab"": 254}]","[{""id"": 656941, ""name"": ""Kyle Schwarber"", ""bats"": ""L"", ""obp"": 0.36423841059602646, ""slg"": 0.5725490196078431, ""iso"": 0.3254901960784313, ""ab"": 255}, {""id"": 607208, ""name"": ""Trea Turner"", ""bats"": ""R"", ""obp"": 0.2721311475409836, ""slg"": 0.3345070422535211, ""iso"": 0.11267605633802816, ""ab"": 284}, {""id"": 547180, ""name"": ""Bryce Harper"", ""bats"": ""L"", ""obp"": 0.3689655172413793, ""slg"": 0.5041322314049587, ""iso"": 0.24380165289256195, ""ab"": 242}]","[{""name"": ""fi_park_nrfi_rate"", ""value"": 0.5899, ""contribution"": -0.3182}, {""name"": ""away_top3c_iso"", ""value"": 0.2228, ""contribution"": 0.312}, {""name"": ""era_gap_t1"", ""value"": 1.4594, ""contribution"": 0.1586}, {""name"": ""away_top3c_slg"", ""value"": 0.4648, ""contribution"": -0.1242}, {""name"": ""home_fip"", ""value"": 3.4676, ""contribution"": -0.0574}]","[{""name"": ""fi_park_nrfi_rate"", ""value"": 0.5899, ""contribution"": -0.4892}, {""name"": ""home_top3_ops_vs_oppHand"", ""value"": 1.1077, ""contribution"": 0.4121}, {""name"": ""home_top3c_slg"", ""value"": 0.4768, ""contribution"": -0.226}, {""name"": ""away_fip"", ""value"": 2.1261, ""contribution"": -0.199}, {""name"": ""away_whiff_pct_rank"", ""value"": 95.0, ""contribution"": -0.1947}]",623938,0.4993,4.038,2.881,74.0,95.0,0.6487,0.7272,5.2,7.6,0.7423,1.1077,L,L,YRFI,LOSS,0,1,1,2026-06-14T18:24:49+00:00,-165,+125,DraftKings,2026-06-14T17:20:45+00:00,0.6226,0.4444,0.0158,-0.0828,0.0158,Y,1,-1,-165,+125,2026-06-14T17:09:01+00:00,0,0.6536,NRFI,STRONG,,,,,,,
2026-06-14,2026,822722,1,N,SEA,WSH,1:35 PM ET,Emerson Hancock,PJ Poulin,676106,676571,live,ltd,live,live,0.97,0.5647,0.4874,1.0522,0.5523,0.5012,1.0536,0.3325,0.6675,0.2834,0.7166,,,YRFI,STRONG,STRONG YRFI,4,2026-06-14T16:24:35Z,3.427,3.732,1.089,1.362,4.078,4.777,2.39,4.39,1.28,1.24,8.13,8.02,0.318,0.32,0.401,0.417,4.339,5.227,34.1,20.0,37.0,0.0,1.0,1.0,0.8571,0.9,0.3433,0.3178,0.4831,0.3905,0.2256,0.1359,lineup,lineup,"[{""id"": 695578, ""name"": ""James Wood"", ""bats"": ""L"", ""obp"": 0.4078549848942598, ""slg"": 0.5407407407407407, ""iso"": 0.26666666666666666, ""ab"": 270}, {""id"": 671277, ""name"": ""Luis Garc\u00eda Jr."", ""bats"": ""L"", ""obp"": 0.2857142857142857, ""slg"": 0.4697674418604651, ""iso"": 0.20930232558139533, ""ab"": 215}, {""id"": 686611, ""name"": ""Dylan Crews"", ""bats"": ""R"", ""obp"": 0.24096385542168675, ""slg"": 0.32051282051282054, ""iso"": 0.12820512820512822, ""ab"": 78}]","[{""id"": 702284, ""name"": ""Cole Young"", ""bats"": ""L"", ""obp"": 0.32413793103448274, ""slg"": 0.36398467432950193, ""iso"": 0.103448275862069, ""ab"": 261}, {""id"": 677594, ""name"": ""Julio Rodr\u00edguez"", ""bats"": ""R"", ""obp"": 0.31446540880503143, ""slg"": 0.43448275862068964, ""iso"": 0.18275862068965515, ""ab"": 290}, {""id"": 621550, ""name"": ""Patrick Wisdom"", ""bats"": ""R"", ""obp"": 0.18604651162790697, ""slg"": 0.225, ""iso"": 0.1, ""ab"": 40}]","[{""name"": ""away_top3c_iso"", ""value"": 0.1359, ""contribution"": -0.3002}, {""name"": ""away_top3c_slg"", ""value"": 0.3905, ""contribution"": 0.2523}, {""name"": ""home_xera"", ""value"": 6.4865, ""contribution"": 0.243}, {""name"": ""home_avg_ip_per_start"", ""value"": 1.4667, ""contribution"": 0.1193}, {""name"": ""home_fip"", ""value"": 4.7766, ""contribution"": 0.0896}]","[{""name"": ""home_top3c_slg"", ""value"": 0.4831, ""contribution"": -0.2654}, {""name"": ""home_top3c_iso"", ""value"": 0.2256, ""contribution"": 0.2198}, {""name"": ""away_whiff_pct_rank"", ""value"": 18.0, ""contribution"": 0.1376}, {""name"": ""fi_park_nrfi_rate"", ""value"": 0.4761, ""contribution"": 0.1154}, {""name"": ""wx_temp_c"", ""value"": 34.1, ""contribution"": 0.1073}]",605673,0.4897,6.487,5.231,50.0,18.0,0.7136,0.7272,1.47,5.6,0.732,0.764,R,L,YRFI,WIN,1,1,2,2026-06-14T17:50:31+00:00,+105,-135,DraftKings,2026-06-14T16:38:34+00:00,0.4878,0.5745,-0.1553,0.093,0.093,Y,1,0.741,+105,-135,2026-06-14T16:33:16+00:00,0,0.3767,YRFI,STRONG,,,,,,,
2026-06-14,2026,824994,1,N,COL,OAK,3:05 PM ET,Tomoyuki Sugano,Jeffrey Springs,608372,605488,live,live,live,live,0.93,0.5453,0.5728,1.1181,0.3175,0.7399,1.0574,0.3301,0.6699,0.3076,0.6924,,,YRFI,STRONG,STRONG YRFI,4,2026-06-14T17:17:37Z,4.287,4.482,1.305,1.262,5.273,5.052,2.43,2.79,1.7,1.76,5.5,7.46,0.318,0.326,0.399,0.412,4.343,4.453,21.1,19.4,67.0,0.0,0.4,0.8,0.4,0.6,0.358,0.3521,0.4402,0.3997,0.2012,0.1269,lineup,lineup,"[{""id"": 671732, ""name"": ""Lawrence Butler"", ""bats"": ""L"", ""obp"": 0.2620320855614973, ""slg"": 0.2694610778443114, ""iso"": 0.09580838323353294, ""ab"": 167}, {""id"": 687515, ""name"": ""Colby Thomas"", ""bats"": ""R"", ""obp"": 0.29508196721311475, ""slg"": 0.38596491228070173, ""iso"": 0.14035087719298245, ""ab"": 57}, {""id"": 703607, ""name"": ""Henry Bolte"", ""bats"": ""R"", ""obp"": 0.39, ""slg"": 0.39080459770114945, ""iso"": 0.08045977011494254, ""ab"": 87}]","[{""id"": 650489, ""name"": ""Willi Castro"", ""bats"": ""S"", ""obp"": 0.3392070484581498, ""slg"": 0.3645320197044335, ""iso"": 0.09852216748768472, ""ab"": 203}, {""id"": 694514, ""name"": ""Sterlin Thompson"", ""bats"": ""L"", ""obp"": 0.30158730158730157, ""slg"": 0.26785714285714285, ""iso"": 0.053571428571428575, ""ab"": 56}, {""id"": 681198, ""name"": ""TJ Rumfield"", ""bats"": ""L"", ""obp"": 0.36162361623616235, ""slg"": 0.4472573839662447, ""iso"": 0.16877637130801687, ""ab"": 237}]","[{""name"": ""away_top3c_iso"", ""value"": 0.1269, ""contribution"": -0.3632}, {""name"": ""away_top3c_slg"", ""value"": 0.3997, ""contribution"": 0.2057}, {""name"": ""fi_park_nrfi_rate"", ""value"": 0.4422, ""contribution"": 0.1922}, {""name"": ""home_p_last10_pitcher_nrfi"", ""value"": 0.4, ""contribution"": -0.1236}, {""name"": ""home_fip"", ""value"": 5.0516, ""contribution"": 0.1204}]","[{""name"": ""fi_park_nrfi_rate"", ""value"": 0.4422, ""contribution"": 0.2954}, {""name"": ""away_whiff_pct_rank"", ""value"": 12.0, ""contribution"": 0.1635}, {""name"": ""away_fip"", ""value"": 5.2726, ""contribution"": 0.1373}, {""name"": ""home_top3c_iso"", ""value"": 0.2012, ""contribution"": 0.1048}, {""name"": ""home_obp"", ""value"": 0.3259, ""contribution"": 0.0846}]",623946,0.4271,4.027,5.64,71.0,12.0,0.7136,0.6942,5.2,5.27,0.6923,0.7927,R,L,YRFI,WIN,2,4,6,2026-06-14T19:33:22+00:00,+170,-225,DraftKings,2026-06-14T18:14:28+00:00,0.3704,0.6923,-0.0403,-0.0224,-0.0224,Y,1,0.444,+170,-225,2026-06-14T18:03:45+00:00,0,0.4658,PASS,NO EDGE,,,,,,,
2026-06-14,2026,824021,1,N,TB,LAA,4:07 PM ET,Casey Legumina,Grayson Rodriguez,668984,680570,ltd,sm,live,live,0.99,0.5671,0.4926,1.0596,0.5294,0.6467,1.1761,0.3219,0.6781,0.2862,0.7138,,,YRFI,STRONG,STRONG YRFI,4,2026-06-14T19:06:21Z,4.057,5.609,1.306,1.458,3.827,4.539,2.9,3.71,0.99,1.34,8.33,8.83,0.332,0.318,0.386,0.393,4.482,4.506,29.9,14.4,44.0,0.0,1.0,1.0,1.0,1.0,0.364,0.3566,0.4444,0.435,0.2101,0.1679,lineup,lineup,"[{""id"": 687263, ""name"": ""Zach Neto"", ""bats"": ""R"", ""obp"": 0.3333333333333333, ""slg"": 0.43283582089552236, ""iso"": 0.2052238805970149, ""ab"": 268}, {""id"": 545361, ""name"": ""Mike Trout"", ""bats"": ""R"", ""obp"": 0.3911671924290221, ""slg"": 0.4457831325301205, ""iso"": 0.22088353413654618, ""ab"": 249}, {""id"": 642350, ""name"": ""Jose Siri"", ""bats"": ""R"", ""obp"": 0.3877551020408163, ""slg"": 0.6, ""iso"": 0.26666666666666666, ""ab"": 45}]","[{""id"": 650490, ""name"": ""Yandy D\u00edaz"", ""bats"": ""R"", ""obp"": 0.40213523131672596, ""slg"": 0.524390243902439, ""iso"": 0.19918699186991873, ""ab"": 246}, {""id"": 666018, ""name"": ""Jonathan Aranda"", ""bats"": ""L"", ""obp"": 0.375, ""slg"": 0.44537815126050423, ""iso"": 0.17647058823529416, ""ab"": 238}, {""id"": 656775, ""name"": ""Cedric Mullins"", ""bats"": ""L"", ""obp"": 0.27876106194690264, ""slg"": 0.31343283582089554, ""iso"": 0.11940298507462688, ""ab"": 201}]","[{""name"": ""era_gap_t1"", ""value"": 1.5513, ""contribution"": 0.1686}, {""name"": ""fi_park_nrfi_rate"", ""value"": 0.4526, ""contribution"": 0.1563}, {""name"": ""home_p_last10_pitcher_nrfi"", ""value"": 1.0, ""contribution"": 0.1107}, {""name"": ""away_top3c_iso"", ""value"": 0.1679, ""contribution"": -0.0747}, {""name"": ""home_fip"", ""value"": 4.539, ""contribution"": 0.0629}]","[{""name"": ""fi_park_nrfi_rate"", ""value"": 0.4526, ""contribution"": 0.2403}, {""name"": ""home_top3c_iso"", ""value"": 0.2101, ""contribution"": 0.1466}, {""name"": ""away_whiff_pct_rank"", ""value"": 17.0, ""contribution"": 0.1419}, {""name"": ""era_gap_b1"", ""value"": -1.5513, ""contribution"": -0.1059}, {""name"": ""home_top3_ops_vs_oppHand"", ""value"": 0.8433, ""contribution"": 0.0956}]",598411,0.5467,4.2,5.0,50.0,17.0,0.7075,0.7136,4.67,1.0,0.7927,0.8433,R,R,NRFI,LOSS,0,0,0,2026-06-14T20:19:52+00:00,+110,-145,DraftKings,2026-06-14T19:09:24+00:00,0.4762,0.5918,-0.1543,0.0863,0.0863,Y,1,-1,+110,-145,2026-06-14T19:05:17+00:00,0,0.3821,YRFI,STRONG,,,,,,,
2026-06-14,2026,824506,1,N,ARI,CIN,1:40 PM ET,Zac Gallen,Andrew Abbott,668678,671096,live,live,live,live,1.09,0.5843,0.636,1.2203,0.3341,0.6223,0.9564,0.3959,0.6041,0.3447,0.6553,,,YRFI,STRONG,STRONG YRFI,4,2026-06-14T16:24:35Z,5.21,3.669,1.444,1.319,4.753,4.472,2.86,3.42,1.44,1.15,6.8,7.0,0.308,0.313,0.387,0.395,4.265,4.256,20.9,24.5,73.0,0.0,0.6,0.6,0.6,0.4,0.3469,0.3408,0.47,0.4813,0.2108,0.2152,lineup,lineup,"[{""id"": 694362, ""name"": ""Blake Dunn"", ""bats"": ""R"", ""obp"": 0.3333333333333333, ""slg"": 0.39805825242718446, ""iso"": 0.11650485436893204, ""ab"": 103}, {""id"": 668709, ""name"": ""JJ Bleday"", ""bats"": ""L"", ""obp"": 0.3575418994413408, ""slg"": 0.5548387096774193, ""iso"": 0.29032258064516125, ""ab"": 155}, {""id"": 701398, ""name"": ""Sal Stewart"", ""bats"": ""R"", ""obp"": 0.34551495016611294, ""slg"": 0.44787644787644787, ""iso"": 0.20077220077220076, ""ab"": 259}]","[{""id"": 606466, ""name"": ""Ketel Marte"", ""bats"": ""S"", ""obp"": 0.3024054982817869, ""slg"": 0.4419475655430712, ""iso"": 0.1910112359550562, ""ab"": 267}, {""id"": 682998, ""name"": ""Corbin Carroll"", ""bats"": ""L"", ""obp"": 0.37282229965156793, ""slg"": 0.5524193548387096, ""iso"": 0.27016129032258057, ""ab"": 248}, {""id"": 672515, ""name"": ""Gabriel Moreno"", ""bats"": ""R"", ""obp"": 0.35195530726256985, ""slg"": 0.43506493506493504, ""iso"": 0.16883116883116883, ""ab"": 154}]","[{""name"": ""away_top3c_iso"", ""value"": 0.2152, ""contribution"": 0.2589}, {""name"": ""away_top3c_slg"", ""value"": 0.4813, ""contribution"": -0.2079}, {""name"": ""era_gap_t1"", ""value"": -1.541, ""contribution"": -0.1662}, {""name"": ""away_top3_ops_vs_oppHand"", ""value"": 0.8917, ""contribution"": 0.1268}, {""name"": ""wx_wind_kmh"", ""value"": 24.5, ""contribution"": 0.0579}]","[{""name"": ""home_top3c_slg"", ""value"": 0.47, ""contribution"": -0.184}, {""name"": ""home_top3c_iso"", ""value"": 0.2108, ""contribution"": 0.1502}, {""name"": ""wx_wind_kmh"", ""value"": 24.5, ""contribution"": 0.1369}, {""name"": ""era_gap_b1"", ""value"": 1.541, ""contribution"": 0.1045}, {""name"": ""away_p_last10_pitcher_nrfi"", ""value"": 0.4, ""contribution"": 0.1041}]",665298,0.5084,3.784,4.131,43.0,29.0,0.6796,0.751,5.67,5.33,0.8917,0.8353,R,L,YRFI,WIN,0,1,1,2026-06-14T17:58:39+00:00,+105,-140,DraftKings,2026-06-14T16:43:56+00:00,0.4878,0.5833,-0.0919,0.0208,0.0208,Y,1,0.714,+105,-140,2026-06-14T16:38:34+00:00,0,0.4589,PASS,NO EDGE,,,,,,,
2026-06-14,2026,824586,1,N,LAD,CWS,2:10 PM ET,Emmet Sheehan,Bryan Hudson,686218,663542,live,ltd,live,live,0.98,0.491,0.5008,0.9918,0.3569,0.4672,0.8241,0.4268,0.5732,0.2612,0.7388,,,PASS,LOW LAMBDA,PASS - Low lambda,4,2026-06-14T17:17:37Z,4.154,3.317,1.159,1.269,3.943,3.558,2.58,3.38,1.4,0.67,9.89,8.36,0.342,0.323,0.435,0.409,5.227,4.696,18.7,16.7,58.0,0.0,1.0,0.8,1.0,0.6,0.3496,0.3713,0.4288,0.5078,0.178,0.2222,lineup,lineup,"[{""id"": 803011, ""name"": ""Sam Antonacci"", ""bats"": ""L"", ""obp"": 0.3811881188118812, ""slg"": 0.36627906976744184, ""iso"": 0.08720930232558138, ""ab"": 172}, {""id"": 678246, ""name"": ""Miguel Vargas"", ""bats"": ""R"", ""obp"": 0.3712374581939799, ""slg"": 0.4939271255060729, ""iso"": 0.24696356275303644, ""ab"": 247}, {""id"": 643217, ""name"": ""Andrew Benintendi"", ""bats"": ""L"", ""obp"": 0.2909090909090909, ""slg"": 0.4020100502512563, ""iso"": 0.17085427135678394, ""ab"": 199}]","[{""id"": 660271, ""name"": ""Shohei Ohtani"", ""bats"": ""L"", ""obp"": 0.42574257425742573, ""slg"": 0.5528455284552846, ""iso"": 0.24796747967479676, ""ab"": 246}, {""id"": 681624, ""name"": ""Andy Pages"", ""bats"": ""R"", ""obp"": 0.32432432432432434, ""slg"": 0.5074074074074074, ""iso"": 0.22962962962962963, ""ab"": 270}, {""id"": 518692, ""name"": ""Freddie Freeman"", ""bats"": ""L"", ""obp"": 0.3624161073825503, ""slg"": 0.46511627906976744, ""iso"": 0.18992248062015504, ""ab"": 258}]","[{""name"": ""away_top3c_slg"", ""value"": 0.5078, ""contribution"": -0.3418}, {""name"": ""away_top3c_iso"", ""value"": 0.2222, ""contribution"": 0.308}, {""name"": ""home_xera"", ""value"": 2.8397, ""contribution"": -0.1307}, {""name"": ""home_avg_ip_per_start"", ""value"": 1.1111, ""contribution"": 0.1306}, {""name"": ""home_p_last10_pitcher_nrfi"", ""value"": 1.0, ""contribution"": 0.1107}]","[{""name"": ""away_whiff_pct_rank"", ""value"": 96.0, ""contribution"": -0.199}, {""name"": ""fi_park_nrfi_rate"", ""value"": 0.473, ""contribution"": 0.1321}, {""name"": ""home_top3c_slg"", ""value"": 0.4288, ""contribution"": 0.072}, {""name"": ""home_obp"", ""value"": 0.3234, ""contribution"": 0.0672}, {""name"": ""era_gap_b1"", ""value"": 0.8375, ""contribution"": 0.0566}]",665302,0.5084,2.84,2.975,50.0,96.0,0.7136,0.7136,1.11,4.73,0.798,0.777,R,L,YRFI,PASS,1,0,1,2026-06-14T18:21:56+00:00,-120,-110,DraftKings,2026-06-14T18:14:28+00:00,0.5455,0.5238,-0.1281,0.0588,0.0698,N,1,,-120,-110,2026-06-14T18:03:45+00:00,0,0.4598,PASS,NO EDGE,,,,,,,
2026-06-14,2026,823615,1,N,ATL,NYM,1:40 PM ET,Bryce Elder,Freddy Peralta,693821,642547,live,live,live,live,0.96,0.499,0.4245,0.9235,0.3665,0.4254,0.7918,0.4384,0.5616,0.2361,0.7639,,,PASS,LOW LAMBDA,PASS - Low lambda,4,2026-06-14T17:17:37Z,3.51,3.586,1.16,1.239,3.842,3.927,2.76,3.58,0.95,1.13,7.58,9.56,0.32,0.296,0.424,0.375,5.006,4.088,25.7,28.4,59.0,0.0,0.8,0.8,0.9,0.7,0.3208,0.3309,0.4232,0.4947,0.1676,0.2177,lineup,lineup,"[{""id"": 701807, ""name"": ""Carson Benge"", ""bats"": ""L"", ""obp"": 0.3155893536121673, ""slg"": 0.38589211618257263, ""iso"": 0.1327800829875519, ""ab"": 241}, {""id"": 666182, ""name"": ""Bo Bichette"", ""bats"": ""R"", ""obp"": 0.28289473684210525, ""slg"": 0.3607142857142857, ""iso"": 0.125, ""ab"": 280}, {""id"": 665742, ""name"": ""Juan Soto"", ""bats"": ""L"", ""obp"": 0.37777777777777777, ""slg"": 0.558974358974359, ""iso"": 0.27179487179487183, ""ab"": 195}]","[{""id"": 671739, ""name"": ""Michael Harris II"", ""bats"": ""L"", ""obp"": 0.3346456692913386, ""slg"": 0.5145228215767634, ""iso"": 0.21161825726141076, ""ab"": 241}, {""id"": 643289, ""name"": ""Mauricio Dub\u00f3n"", ""bats"": ""R"", ""obp"": 0.3155893536121673, ""slg"": 0.40329218106995884, ""iso"": 0.1440329218106996, ""ab"": 243}, {""id"": 621566, ""name"": ""Matt Olson"", ""bats"": ""L"", ""obp"": 0.3409090909090909, ""slg"": 0.5583941605839416, ""iso"": 0.2883211678832117, ""ab"": 274}]","[{""name"": ""away_top3c_iso"", ""value"": 0.2177, ""contribution"": 0.276}, {""name"": ""away_top3c_slg"", ""value"": 0.4947, ""contribution"": -0.2758}, {""name"": ""away_top3_ops_vs_oppHand"", ""value"": 0.8553, ""contribution"": 0.0898}, {""name"": ""home_xera"", ""value"": 3.3533, ""contribution"": -0.0781}, {""name"": ""wx_wind_kmh"", ""value"": 28.4, ""contribution"": 0.0753}]","[{""name"": ""wx_wind_kmh"", ""value"": 28.4, ""contribution"": 0.1779}, {""name"": ""home_obp"", ""value"": 0.2962, ""contribution"": -0.1229}, {""name"": ""away_whiff_pct_rank"", ""value"": 24.0, ""contribution"": 0.1117}, {""name"": ""home_top3c_slg"", ""value"": 0.4232, ""contribution"": 0.1069}, {""name"": ""home_top3c_obp"", ""value"": 0.3208, ""contribution"": -0.0685}]",577468,0.4946,3.353,4.332,90.0,24.0,0.6942,0.7613,5.73,6.0,0.8553,0.7483,R,R,YRFI,PASS,1,4,5,2026-06-14T18:09:59+00:00,-115,-115,DraftKings,2026-06-14T18:14:28+00:00,0.5349,0.5349,-0.0965,0.0267,,N,,,-115,-115,2026-06-14T17:36:47+00:00,,0.4589,PASS,NO EDGE,,,,,,,
2026-06-14,2026,824751,1,N,TEX,BOS,7:20 PM ET,Nathan Eovaldi,Connelly Early,543135,813349,live,ltd,live,live,1.05,0.54,0.484,1.024,0.2663,0.3324,0.5987,0.5509,0.4491,0.2731,0.7269,,,NRFI,LEAN,LEAN NRFI,4,2026-06-14T22:06:38Z,3.417,3.614,1.07,1.241,3.904,4.461,1.98,3.25,1.35,1.41,8.74,8.75,0.316,0.314,0.386,0.387,4.076,4.114,28.6,20.9,44.0,0.0,0.4,0.6,0.5,0.6,0.3386,0.3338,0.4208,0.4222,0.1456,0.1493,lineup,lineup,"[{""id"": 807799, ""name"": ""Masataka Yoshida"", ""bats"": ""L"", ""obp"": 0.3288590604026846, ""slg"": 0.3230769230769231, ""iso"": 0.08461538461538462, ""ab"": 130}, {""id"": 678882, ""name"": ""Ceddanne Rafaela"", ""bats"": ""R"", ""obp"": 0.3464566929133858, ""slg"": 0.45726495726495725, ""iso"": 0.16666666666666663, ""ab"": 234}, {""id"": 677800, ""name"": ""Wilyer Abreu"", ""bats"": ""L"", ""obp"": 0.3368055555555556, ""slg"": 0.4367816091954023, ""iso"": 0.15708812260536403, ""ab"": 261}]","[{""id"": 694671, ""name"": ""Wyatt Langford"", ""bats"": ""R"", ""obp"": 0.2796610169491525, ""slg"": 0.375, ""iso"": 0.13392857142857142, ""ab"": 112}, {""id"": 673962, ""name"": ""Josh Jung"", ""bats"": ""R"", ""obp"": 0.36231884057971014, ""slg"": 0.46613545816733065, ""iso"": 0.15936254980079678, ""ab"": 251}, {""id"": 607043, ""name"": ""Brandon Nimmo"", ""bats"": ""L"", ""obp"": 0.3287671232876712, ""slg"": 0.4, ""iso"": 0.1461538461538462, ""ab"": 260}]","[{""name"": ""away_top3c_iso"", ""value"": 0.1493, ""contribution"": -0.2058}, {""name"": ""away_top3c_slg"", ""value"": 0.4222, ""contribution"": 0.0918}, {""name"": ""home_p_last10_pitcher_nrfi"", ""value"": 0.5, ""contribution"": -0.0846}, {""name"": ""home_fip"", ""value"": 4.4606, ""contribution"": 0.0541}, {""name"": ""fi_park_nrfi_rate"", ""value"": 0.5121, ""contribution"": -0.0494}]","[{""name"": ""home_top3c_iso"", ""value"": 0.1456, ""contribution"": -0.1577}, {""name"": ""away_whiff_pct_rank"", ""value"": 84.0, ""contribution"": -0.1472}, {""name"": ""home_top3c_slg"", ""value"": 0.4208, ""contribution"": 0.1217}, {""name"": ""wx_wind_kmh"", ""value"": 20.9, ""contribution"": 0.099}, {""name"": ""fi_park_nrfi_rate"", ""value"": 0.5121, ""contribution"": -0.076}]",485856,0.5084,3.778,3.211,82.0,84.0,0.7136,0.7309,5.67,6.53,0.719,0.704,R,L,YRFI,LOSS,1,0,1,2026-06-14T23:36:55+00:00,-110,-120,DraftKings,2026-06-14T23:37:31+00:00,0.5238,0.5455,0.0271,-0.0964,0.0271,N,0.5,0,-115,-115,2026-06-14T22:15:32+00:00,-0.0111,0.5651,NRFI,STRONG,,,,,,,
2026-06-14,2026,824099,1,N,HOU,KC,2:10 PM ET,Spencer Arrighetti,Stephen Kolek,681293,663568,ltd,live,live,live,0.96,0.4133,0.4924,0.9057,0.3438,0.2642,0.6081,0.5492,0.4508,0.2296,0.7704,,,NRFI,LEAN,LEAN NRFI,4,2026-06-14T17:05:48Z,3.161,3.34,1.238,1.111,4.033,3.87,4.35,2.19,0.82,0.91,8.43,6.31,0.318,0.316,0.413,0.384,4.603,4.087,24.7,16.8,36.0,0.0,0.8,1.0,0.9,0.9,0.3329,0.372,0.4318,0.5452,0.1716,0.2603,lineup,lineup,"[{""id"": 695600, ""name"": ""Carter Jensen"", ""bats"": ""L"", ""obp"": 0.2892561983471074, ""slg"": 0.3925233644859813, ""iso"": 0.17289719626168223, ""ab"": 214}, {""id"": 677951, ""name"": ""Bobby Witt Jr."", ""bats"": ""R"", ""obp"": 0.35646687697160884, ""slg"": 0.45390070921985815, ""iso"": 0.17021276595744678, ""ab"": 282}, {""id"": 695506, ""name"": ""Jac Caglianone"", ""bats"": ""L"", ""obp"": 0.3458333333333333, ""slg"": 0.4418604651162791, ""iso"": 0.17209302325581394, ""ab"": 215}]","[{""id"": 665161, ""name"": ""Jeremy Pe\u00f1a"", ""bats"": ""R"", ""obp"": 0.35172413793103446, ""slg"": 0.40310077519379844, ""iso"": 0.12403100775193798, ""ab"": 129}, {""id"": 670541, ""name"": ""Yordan Alvarez"", ""bats"": ""L"", ""obp"": 0.43548387096774194, ""slg"": 0.6575875486381323, ""iso"": 0.33073929961089493, ""ab"": 257}, {""id"": 572233, ""name"": ""Christian Walker"", ""bats"": ""R"", ""obp"": 0.3152542372881356, ""slg"": 0.5056179775280899, ""iso"": 0.25842696629213485, ""ab"": 267}]","[{""name"": ""away_top3c_iso"", ""value"": 0.2603, ""contribution"": 0.5765}, {""name"": ""away_top3c_slg"", ""value"": 0.5452, ""contribution"": -0.5313}, {""name"": ""fi_park_nrfi_rate"", ""value"": 0.5614, ""contribution"": -0.2197}, {""name"": ""away_top3_ops_vs_oppHand"", ""value"": 0.8917, ""contribution"": 0.1268}, {""name"": ""home_p_last10_pitcher_nrfi"", ""value"": 0.9, ""contribution"": 0.0716}]","[{""name"": ""fi_park_nrfi_rate"", ""value"": 0.5614, ""contribution"": -0.3377}, {""name"": ""away_whiff_pct_rank"", ""value"": 68.0, ""contribution"": -0.0782}, {""name"": ""away_p_last10_pitcher_nrfi"", ""value"": 0.9, ""contribution"": -0.0601}, {""name"": ""wx_wind_kmh"", ""value"": 16.8, ""contribution"": 0.0558}, {""name"": ""home_top3c_slg"", ""value"": 0.4318, ""contribution"": 0.0535}]",658082,0.5146,4.2,5.475,50.0,68.0,0.7136,0.7272,6.47,5.67,0.8917,0.7563,R,R,YRFI,LOSS,0,1,1,2026-06-14T18:25:51+00:00,+100,-130,DraftKings,2026-06-14T18:14:28+00:00,0.5,0.5652,0.0492,-0.1144,0.0492,N,0.5,0,+100,-130,2026-06-14T17:09:01+00:00,0,0.4658,PASS,NO EDGE,,,,,,,
2026-06-14,2026,824424,1,N,DET,CLE,1:40 PM ET,Casey Mize,Gavin Williams,663554,668909,live,live,live,live,0.96,0.4692,0.3609,0.8301,0.257,0.3032,0.5602,0.5594,0.4406,0.2021,0.7979,,,NRFI,LEAN,LEAN NRFI,4,2026-06-14T16:24:35Z,3.004,3.238,1.108,1.154,3.134,4.049,2.24,3.41,0.79,1.32,8.91,10.01,0.315,0.317,0.393,0.378,4.134,4.098,18.0,9.4,92.0,0.0,0.8,1.0,0.7,1.0,0.3422,0.388,0.4004,0.4222,0.1441,0.1362,lineup,lineup,[],[],"[{""name"": ""away_top3c_iso"", ""value"": 0.1362, ""contribution"": -0.2977}, {""name"": ""fi_park_nrfi_rate"", ""value"": 0.528, ""contribution"": -0.1042}, {""name"": ""away_top3c_slg"", ""value"": 0.4222, ""contribution"": 0.0918}, {""name"": ""away_top3_ops_vs_oppHand"", ""value"": 0.831, ""contribution"": 0.065}, {""name"": ""home_avg_ip_per_start"", ""value"": 6.2667, ""contribution"": -0.0344}]","[{""name"": ""home_top3c_slg"", ""value"": 0.4004, ""contribution"": 0.2487}, {""name"": ""home_top3c_iso"", ""value"": 0.1441, ""contribution"": -0.1647}, {""name"": ""fi_park_nrfi_rate"", ""value"": 0.528, ""contribution"": -0.1602}, {""name"": ""away_p_last10_pitcher_nrfi"", ""value"": 1.0, ""contribution"": -0.0929}, {""name"": ""away_fip"", ""value"": 3.1343, ""contribution"": -0.0912}]",664263,0.565,4.171,3.428,88.0,53.0,0.7396,0.7272,6.27,5.0,0.831,0.762,R,R,POSTPONED,POSTPONED,,,,2026-06-16T03:57:53+00:00,-150,+115,DraftKings,2026-06-14T17:00:10+00:00,0.6,0.4651,-0.0406,-0.0245,-0.0406,N,0.5,,-150,+115,2026-06-14T16:38:34+00:00,0,0.4877,PASS,NO EDGE,,,,,,,
2026-06-14,2026,823368,1,N,MIA,PIT,12:15 PM ET,Max Meyer,Paul Skenes,676974,694973,live,live,live,live,0.96,0.2978,0.4973,0.7952,0.1867,0.3962,0.5828,0.5514,0.4486,0.1895,0.8105,,,NRFI,LEAN,LEAN NRFI,4,2026-06-14T15:05:53Z,3.394,2.54,1.176,0.937,3.651,2.456,3.16,1.86,1.02,0.65,9.59,10.49,0.322,0.332,0.386,0.404,4.343,4.936,19.0,18.3,85.0,0.0,0.8,0.6,0.8,0.7,0.3673,0.3482,0.4685,0.456,0.2042,0.1686,lineup,lineup,"[{""id"": 687462, ""name"": ""Spencer Horwitz"", ""bats"": ""L"", ""obp"": 0.3858267716535433, ""slg"": 0.460093896713615, ""iso"": 0.17370892018779338, ""ab"": 213}, {""id"": 664040, ""name"": ""Brandon Lowe"", ""bats"": ""L"", ""obp"": 0.33098591549295775, ""slg"": 0.5220883534136547, ""iso"": 0.2771084337349398, ""ab"": 249}, {""id"": 668804, ""name"": ""Bryan Reynolds"", ""bats"": ""S"", ""obp"": 0.38562091503267976, ""slg"": 0.42292490118577075, ""iso"": 0.15810276679841895, ""ab"": 253}]","[{""id"": 689414, ""name"": ""Liam Hicks"", ""bats"": ""L"", ""obp"": 0.3522727272727273, ""slg"": 0.4824561403508772, ""iso"": 0.21052631578947367, ""ab"": 228}, {""id"": 672640, ""name"": ""Otto Lopez"", ""bats"": ""R"", ""obp"": 0.37373737373737376, ""slg"": 0.4856115107913669, ""iso"": 0.14028776978417262, ""ab"": 278}, {""id"": 669065, ""name"": ""Kyle Stowers"", ""bats"": ""L"", ""obp"": 0.305, ""slg"": 0.375, ""iso"": 0.1590909090909091, ""ab"": 176}]","[{""name"": ""home_xera"", ""value"": 2.0935, ""contribution"": -0.2072}, {""name"": ""home_fip"", ""value"": 2.4556, ""contribution"": -0.171}, {""name"": ""era_gap_t1"", ""value"": -0.8544, ""contribution"": -0.0919}, {""name"": ""away_top3c_slg"", ""value"": 0.456, ""contribution"": -0.0797}, {""name"": ""fi_park_nrfi_rate"", ""value"": 0.5188, ""contribution"": -0.0724}]","[{""name"": ""home_top3c_slg"", ""value"": 0.4685, ""contribution"": -0.1748}, {""name"": ""away_whiff_pct_rank"", ""value"": 79.0, ""contribution"": -0.1256}, {""name"": ""home_obp"", ""value"": 0.3317, ""contribution"": 0.1252}, {""name"": ""home_top3c_iso"", ""value"": 0.2042, ""contribution"": 0.1189}, {""name"": ""fi_park_nrfi_rate"", ""value"": 0.5188, ""contribution"": -0.1113}]",521889,0.4806,2.094,4.824,86.0,79.0,0.7136,0.7396,5.2,6.27,0.801,0.8533,R,R,NRFI,WIN,0,0,0,2026-06-14T16:35:34+00:00,-155,+120,DraftKings,2026-06-14T16:18:13+00:00,0.6078,0.4545,-0.0564,-0.0059,-0.0564,N,0.5,0,-155,+120,2026-06-14T15:08:54+00:00,0,0.4877,PASS,NO EDGE,,,,,,,
2026-06-14,2026,824823,1,N,SD,BAL,1:35 PM ET,Walker Buehler,Trevor Rogers,621111,669432,live,live,live,live,1.06,0.4656,0.5992,1.0648,0.3391,0.5371,0.8762,0.4064,0.5936,0.2881,0.7119,,,YRFI,STRONG,STRONG YRFI,4,2026-06-14T16:24:35Z,4.571,4.499,1.416,1.261,4.239,4.017,3.66,2.78,0.97,1.03,7.26,7.36,0.297,0.323,0.372,0.405,3.982,4.695,31.7,20.3,42.0,0.0,0.6,0.8,0.7,0.8,0.3503,0.2924,0.4141,0.3513,0.1664,0.1303,lineup,lineup,"[{""id"": 621493, ""name"": ""Taylor Ward"", ""bats"": ""R"", ""obp"": 0.40672782874617736, ""slg"": 0.3552123552123552, ""iso"": 0.09652509652509655, ""ab"": 259}, {""id"": 683002, ""name"": ""Gunnar Henderson"", ""bats"": ""L"", ""obp"": 0.294478527607362, ""slg"": 0.41694915254237286, ""iso"": 0.19322033898305083, ""ab"": 295}, {""id"": 668939, ""name"": ""Adley Rutschman"", ""bats"": ""S"", ""obp"": 0.3490566037735849, ""slg"": 0.4918918918918919, ""iso"": 0.22162162162162163, ""ab"": 185}]","[{""id"": 665487, ""name"": ""Fernando Tatis Jr."", ""bats"": ""R"", ""obp"": 0.34576271186440677, ""slg"": 0.3473282442748092, ""iso"": 0.06870229007633588, ""ab"": 262}, {""id"": 701538, ""name"": ""Jackson Merrill"", ""bats"": ""L"", ""obp"": 0.2727272727272727, ""slg"": 0.3426294820717131, ""iso"": 0.13944223107569717, ""ab"": 251}, {""id"": 592518, ""name"": ""Manny Machado"", ""bats"": ""R"", ""obp"": 0.25539568345323743, ""slg"": 0.3643724696356275, ""iso"": 0.1862348178137652, ""ab"": 247}]","[{""name"": ""away_top3c_slg"", ""value"": 0.3513, ""contribution"": 0.4506}, {""name"": ""away_top3c_iso"", ""value"": 0.1303, ""contribution"": -0.3397}, {""name"": ""home_xera"", ""value"": 3.2577, ""contribution"": -0.0879}, {""name"": ""fi_park_nrfi_rate"", ""value"": 0.519, ""contribution"": -0.0733}, {""name"": ""wx_temp_c"", ""value"": 31.7, ""contribution"": 0.0625}]","[{""name"": ""home_top3c_slg"", ""value"": 0.4141, ""contribution"": 0.1635}, {""name"": ""away_whiff_pct_rank"", ""value"": 15.0, ""contribution"": 0.1506}, {""name"": ""fi_park_nrfi_rate"", ""value"": 0.519, ""contribution"": -0.1127}, {""name"": ""wx_wind_kmh"", ""value"": 20.3, ""contribution"": 0.0927}, {""name"": ""wx_temp_c"", ""value"": 31.7, ""contribution"": 0.0872}]",681849,0.5084,3.258,5.249,47.0,15.0,0.7272,0.751,5.13,5.2,0.8093,0.7793,R,L,NRFI,LOSS,0,0,0,2026-06-14T17:50:52+00:00,+110,-145,DraftKings,2026-06-14T16:38:34+00:00,0.4762,0.5918,-0.0698,0.0018,0.0018,Y,1,-1,+110,-145,2026-06-14T16:33:16+00:00,0,0.4658,PASS,NO EDGE,,,,,,,
2026-06-14,2026,822801,1,N,NYY,TOR,1:37 PM ET,Will Warren,Patrick Corbin,701542,571578,live,live,live,live,1.01,0.5741,0.4645,1.0387,0.5464,0.3506,0.897,0.4064,0.5936,0.2785,0.7215,,,YRFI,STRONG,STRONG YRFI,4,2026-06-14T16:24:35Z,3.791,4.488,1.269,1.413,3.584,4.397,3.08,3.07,1.03,1.15,9.75,6.84,0.327,0.314,0.427,0.39,4.97,4.157,,,,1.0,0.8,0.8,0.8,0.8,0.3213,0.3667,0.3704,0.5632,0.1296,0.2816,lineup,lineup,"[{""id"": 543807, ""name"": ""George Springer"", ""bats"": ""R"", ""obp"": 0.3004694835680751, ""slg"": 0.35294117647058826, ""iso"": 0.14973262032085563, ""ab"": 187}, {""id"": 664770, ""name"": ""Nathan Lukes"", ""bats"": ""L"", ""obp"": 0.352, ""slg"": 0.37719298245614036, ""iso"": 0.07894736842105265, ""ab"": 114}, {""id"": 672386, ""name"": ""Alejandro Kirk"", ""bats"": ""R"", ""obp"": 0.34615384615384615, ""slg"": 0.4782608695652174, ""iso"": 0.2173913043478261, ""ab"": 23}]","[{""id"": 641857, ""name"": ""Ryan McMahon"", ""bats"": ""L"", ""obp"": 0.27419354838709675, ""slg"": 0.3567251461988304, ""iso"": 0.14619883040935672, ""ab"": 171}, {""id"": 700250, ""name"": ""Ben Rice"", ""bats"": ""L"", ""obp"": 0.38686131386861317, ""slg"": 0.6025641025641025, ""iso"": 0.3119658119658119, ""ab"": 234}, {""id"": 691176, ""name"": ""Jasson Dom\u00ednguez"", ""bats"": ""S"", ""obp"": 0.25, ""slg"": 0.4411764705882353, ""iso"": 0.23529411764705882, ""ab"": 34}]","[{""name"": ""away_top3c_iso"", ""value"": 0.2816, ""contribution"": 0.7264}, {""name"": ""away_top3c_slg"", ""value"": 0.5632, ""contribution"": -0.6229}, {""name"": ""away_top3_ops_vs_oppHand"", ""value"": 1.0587, ""contribution"": 0.297}, {""name"": ""era_gap_t1"", ""value"": 0.6974, ""contribution"": 0.0761}, {""name"": ""home_xera"", ""value"": 4.7815, ""contribution"": 0.0683}]","[{""name"": ""home_top3c_slg"", ""value"": 0.3704, ""contribution"": 0.435}, {""name"": ""home_top3c_iso"", ""value"": 0.1296, ""contribution"": -0.2331}, {""name"": ""wx_is_dome"", ""value"": 1.0, ""contribution"": -0.0758}, {""name"": ""home_top3c_obp"", ""value"": 0.3213, ""contribution"": -0.0665}, {""name"": ""era_gap_b1"", ""value"": -0.6974, ""contribution"": -0.0478}]",676580,0.5084,4.782,4.345,54.0,39.0,0.678,0.6796,4.6,5.4,1.0587,0.7477,R,L,NRFI,LOSS,0,0,0,2026-06-14T17:58:29+00:00,-120,-110,DraftKings,2026-06-14T16:38:34+00:00,0.5455,0.5238,-0.1391,0.0698,0.0698,Y,1,-1,-120,-110,2026-06-14T16:33:16+00:00,0,0.4613,PASS,NO EDGE,,,,,,,
2026-06-14,2026,823693,1,N,STL,MIN,2:10 PM ET,Michael McGreevy,Taj Bradley,700241,671737,live,live,live,live,0.97,0.5505,0.4674,1.018,0.3054,0.408,0.7134,0.4779,0.5221,0.2709,0.7291,,,PASS,NO EDGE,PASS - No edge,4,2026-06-14T17:17:37Z,3.482,4.411,1.141,1.352,4.337,4.214,2.12,3.84,1.21,1.23,6.13,9.32,0.323,0.316,0.401,0.4,4.608,4.603,22.8,19.6,24.0,0.0,0.2,0.8,0.4,0.8,0.3338,0.3714,0.496,0.4396,0.2399,0.1693,lineup,lineup,"[{""id"": 668952, ""name"": ""Ryan Kreidler"", ""bats"": ""R"", ""obp"": 0.3194444444444444, ""slg"": 0.42857142857142855, ""iso"": 0.20634920634920634, ""ab"": 63}, {""id"": 621439, ""name"": ""Byron Buxton"", ""bats"": ""R"", ""obp"": 0.3308550185873606, ""slg"": 0.5959183673469388, ""iso"": 0.326530612244898, ""ab"": 245}, {""id"": 665019, ""name"": ""Kody Clemens"", ""bats"": ""L"", ""obp"": 0.31390134529147984, ""slg"": 0.4827586206896552, ""iso"": 0.23645320197044337, ""ab"": 203}]","[{""id"": 802139, ""name"": ""JJ Wetherholt"", ""bats"": ""L"", ""obp"": 0.3586206896551724, ""slg"": 0.3902439024390244, ""iso"": 0.13821138211382117, ""ab"": 246}, {""id"": 671056, ""name"": ""Iv\u00e1n Herrera"", ""bats"": ""R"", ""obp"": 0.4, ""slg"": 0.4365079365079365, ""iso"": 0.16666666666666669, ""ab"": 252}, {""id"": 676475, ""name"": ""Alec Burleson"", ""bats"": ""L"", ""obp"": 0.35374149659863946, ""slg"": 0.48863636363636365, ""iso"": 0.20075757575757575, ""ab"": 264}]","[{""name"": ""fi_park_nrfi_rate"", ""value"": 0.5348, ""contribution"": -0.1278}, {""name"": ""home_p_last10_pitcher_nrfi"", ""value"": 0.4, ""contribution"": -0.1236}, {""name"": ""era_gap_t1"", ""value"": 0.9296, ""contribution"": 0.1013}, {""name"": ""away_top3_ops_vs_oppHand"", ""value"": 0.8473, ""contribution"": 0.0816}, {""name"": ""away_top3c_iso"", ""value"": 0.1693, ""contribution"": -0.0648}]","[{""name"": ""home_top3c_slg"", ""value"": 0.496, ""contribution"": -0.3453}, {""name"": ""home_top3c_iso"", ""value"": 0.2399, ""contribution"": 0.2876}, {""name"": ""away_whiff_pct_rank"", ""value"": 3.0, ""contribution"": 0.2024}, {""name"": ""fi_park_nrfi_rate"", ""value"": 0.5348, ""contribution"": -0.1964}, {""name"": ""home_top3_ops_vs_oppHand"", ""value"": 0.8583, ""contribution"": 0.1136}]",668921,0.5084,4.08,4.913,52.0,3.0,0.6796,0.7136,4.8,5.4,0.8473,0.8583,R,R,NRFI,PASS,0,0,0,2026-06-14T18:28:13+00:00,-105,-125,DraftKings,2026-06-14T18:14:28+00:00,0.5122,0.5556,-0.034,-0.0338,,N,,,-105,-125,2026-06-14T18:03:45+00:00,,0.4877,PASS,NO EDGE,,,,,,,
2026-06-14,2026,823212,1,N,CHC,SF,3:10 PM ET,Ryan Rolison,Logan Webb,669020,657277,ltd,live,live,live,0.94,0.348,0.5637,0.9117,0.277,0.4595,0.7365,0.4772,0.5228,0.2318,0.7682,,,PASS,NO EDGE,PASS - No edge,4,2026-06-14T19:06:21Z,4.075,3.634,1.368,1.209,4.83,2.934,3.81,2.34,1.43,0.56,8.1,8.51,0.329,0.309,0.396,0.414,4.599,4.169,18.4,24.6,81.0,0.0,0.8,1.0,0.9,1.0,0.3587,0.3506,0.4437,0.4093,0.1474,0.1552,lineup,lineup,"[{""id"": 656305, ""name"": ""Matt Chapman"", ""bats"": ""R"", ""obp"": 0.3435374149659864, ""slg"": 0.40310077519379844, ""iso"": 0.14341085271317827, ""ab"": 258}, {""id"": 650333, ""name"": ""Luis Arraez"", ""bats"": ""L"", ""obp"": 0.3569023569023569, ""slg"": 0.4411764705882353, ""iso"": 0.11764705882352938, ""ab"": 272}, {""id"": 813841, ""name"": ""Jonah Cox"", ""bats"": ""R"", ""obp"": 0.4, ""slg"": 0.8, ""iso"": 0.4, ""ab"": 15}]","[{""id"": 691718, ""name"": ""Pete Crow-Armstrong"", ""bats"": ""L"", ""obp"": 0.3411371237458194, ""slg"": 0.462406015037594, ""iso"": 0.1992481203007519, ""ab"": 266}, {""id"": 608324, ""name"": ""Alex Bregman"", ""bats"": ""R"", ""obp"": 0.3322884012539185, ""slg"": 0.3535714285714286, ""iso"": 0.10714285714285715, ""ab"": 280}, {""id"": 683737, ""name"": ""Michael Busch"", ""bats"": ""L"", ""obp"": 0.3786407766990291, ""slg"": 0.4150197628458498, ""iso"": 0.16205533596837945, ""ab"": 253}]","[{""name"": ""away_top3c_iso"", ""value"": 0.1552, ""contribution"": -0.1641}, {""name"": ""away_top3c_slg"", ""value"": 0.4093, ""contribution"": 0.1571}, {""name"": ""home_fip"", ""value"": 2.9337, ""contribution"": -0.1173}, {""name"": ""home_p_last10_pitcher_nrfi"", ""value"": 0.9, ""contribution"": 0.0716}, {""name"": ""home_xera"", ""value"": 3.4815, ""contribution"": -0.0649}]","[{""name"": ""home_top3_ops_vs_oppHand"", ""value"": 0.9283, ""contribution"": 0.1974}, {""name"": ""home_top3c_iso"", ""value"": 0.1474, ""contribution"": -0.1493}, {""name"": ""wx_wind_kmh"", ""value"": 24.6, ""contribution"": 0.1379}, {""name"": ""away_p_last10_pitcher_nrfi"", ""value"": 1.0, ""contribution"": -0.0929}, {""name"": ""away_fip"", ""value"": 4.8301, ""contribution"": 0.09}]",623949,0.5484,3.482,4.2,48.0,50.0,0.6487,0.7136,6.07,1.0,0.7733,0.9283,L,R,NRFI,PASS,0,0,0,2026-06-14T19:22:02+00:00,-135,+105,DraftKings,2026-06-14T19:20:09+00:00,0.5745,0.4878,-0.0973,0.035,,N,,,-135,+105,2026-06-14T19:09:24+00:00,,0.4299,YRFI,STRONG,,,,,,,
2026-06-15,2026,825071,1,N,LAA,ARI,9:40 PM ET,Walbert Ureña,Ryne Nelson,700712,669194,ltd,live,live,live,1.0,0.5331,0.5249,1.0581,0.6337,0.4061,1.0398,0.3411,0.6589,0.2856,0.7144,,,YRFI,STRONG,STRONG YRFI,4,2026-06-16T00:35:10Z,3.168,4.57,1.318,1.175,4.056,4.899,4.36,2.53,0.89,1.66,8.89,7.08,0.318,0.308,0.392,0.389,4.489,4.273,,,,1.0,1.0,0.8,0.9,0.9,0.3422,0.3593,0.4505,0.4388,0.1915,0.2075,lineup,lineup,"[{""id"": 606466, ""name"": ""Ketel Marte"", ""bats"": ""S"", ""obp"": 0.30743243243243246, ""slg"": 0.44280442804428044, ""iso"": 0.1881918819188192, ""ab"": 271}, {""id"": 672695, ""name"": ""Geraldo Perdomo"", ""bats"": ""S"", ""obp"": 0.35, ""slg"": 0.358974358974359, ""iso"": 0.11538461538461539, ""ab"": 234}, {""id"": 682998, ""name"": ""Corbin Carroll"", ""bats"": ""L"", ""obp"": 0.3698630136986301, ""slg"": 0.5436507936507936, ""iso"": 0.2658730158730158, ""ab"": 252}]","[{""id"": 687263, ""name"": ""Zach Neto"", ""bats"": ""R"", ""obp"": 0.3280757097791798, ""slg"": 0.4249084249084249, ""iso"": 0.20146520146520144, ""ab"": 273}, {""id"": 545361, ""name"": ""Mike Trout"", ""bats"": ""R"", ""obp"": 0.38819875776397517, ""slg"": 0.4448818897637795, ""iso"": 0.2204724409448819, ""ab"": 254}, {""id"": 685133, ""name"": ""Wade Meckler"", ""bats"": ""L"", ""obp"": 0.36764705882352944, ""slg"": 0.47540983606557374, ""iso"": 0.180327868852459, ""ab"": 61}]","[{""name"": ""fi_park_nrfi_rate"", ""value"": 0.4239, ""contribution"": 0.2555}, {""name"": ""away_top3c_iso"", ""value"": 0.2075, ""contribution"": 0.2042}, {""name"": ""era_gap_t1"", ""value"": 1.4022, ""contribution"": 0.1524}, {""name"": ""home_fip"", ""value"": 4.8991, ""contribution"": 0.1033}, {""name"": ""home_p_last10_pitcher_nrfi"", ""value"": 0.9, ""contribution"": 0.0716}]","[{""name"": ""fi_park_nrfi_rate"", ""value"": 0.4239, ""contribution"": 0.3927}, {""name"": ""era_gap_b1"", ""value"": -1.4022, ""contribution"": -0.0958}, {""name"": ""wx_is_dome"", ""value"": 1.0, ""contribution"": -0.0758}, {""name"": ""home_top3c_slg"", ""value"": 0.4505, ""contribution"": -0.0625}, {""name"": ""away_p_last10_pitcher_nrfi"", ""value"": 0.9, ""contribution"": -0.0601}]",483569,0.5176,3.934,2.497,15.0,50.0,0.6942,0.7136,6.27,5.6,0.835,0.7537,R,R,YRFI,WIN,1,1,2,2026-06-16T01:57:31+00:00,-110,-120,DraftKings,2026-06-16T00:43:10+00:00,0.5238,0.5455,-0.1827,0.1134,0.1134,Y,1,0.833,-110,-120,2026-06-16T00:37:56+00:00,0,0.4877,PASS,NO EDGE,,,,,,,
2026-06-15,2026,824993,1,N,PIT,OAK,9:40 PM ET,Jared Jones,J.T. Ginn,683003,669372,sm,live,live,live,0.93,0.5145,0.5068,1.0213,0.4112,0.6293,1.0405,0.3406,0.6594,0.2721,0.7279,,,YRFI,STRONG,STRONG YRFI,4,2026-06-16T00:35:10Z,4.308,3.763,1.302,1.217,4.183,4.238,3.05,3.53,1.25,1.22,8.96,8.72,0.332,0.328,0.403,0.415,4.902,4.506,20.4,13.8,67.0,0.0,0.8,0.6667,0.8,0.6667,0.3744,0.3667,0.5182,0.4691,0.2487,0.2063,lineup,lineup,"[{""id"": 701762, ""name"": ""Nick Kurtz"", ""bats"": ""L"", ""obp"": 0.4375, ""slg"": 0.5357142857142857, ""iso"": 0.25, ""ab"": 252}, {""id"": 669127, ""name"": ""Shea Langeliers"", ""bats"": ""R"", ""obp"": 0.3435374149659864, ""slg"": 0.5393258426966292, ""iso"": 0.2584269662921348, ""ab"": 267}, {""id"": 691016, ""name"": ""Tyler Soderstrom"", ""bats"": ""L"", ""obp"": 0.3356643356643357, ""slg"": 0.4779116465863454, ""iso"": 0.23694779116465864, ""ab"": 249}]","[{""id"": 687462, ""name"": ""Spencer Horwitz"", ""bats"": ""L"", ""obp"": 0.38223938223938225, ""slg"": 0.45161290322580644, ""iso"": 0.1705069124423963, ""ab"": 217}, {""id"": 664040, ""name"": ""Brandon Lowe"", ""bats"": ""L"", ""obp"": 0.32525951557093424, ""slg"": 0.5118110236220472, ""iso"": 0.2716535433070866, ""ab"": 254}, {""id"": 668804, ""name"": ""Bryan Reynolds"", ""bats"": ""S"", ""obp"": 0.39228295819935693, ""slg"": 0.44140625, ""iso"": 0.171875, ""ab"": 256}]","[{""name"": ""away_top3c_iso"", ""value"": 0.2063, ""contribution"": 0.1961}, {""name"": ""fi_park_nrfi_rate"", ""value"": 0.4422, ""contribution"": 0.1922}, {""name"": ""away_top3c_slg"", ""value"": 0.4691, ""contribution"": -0.1458}, {""name"": ""away_top3_ops_vs_oppHand"", ""value"": 0.8527, ""contribution"": 0.0871}, {""name"": ""era_gap_t1"", ""value"": -0.5449, ""contribution"": -0.0584}]","[{""name"": ""home_top3c_slg"", ""value"": 0.5182, ""contribution"": -0.4835}, {""name"": ""home_top3c_iso"", ""value"": 0.2487, ""contribution"": 0.329}, {""name"": ""fi_park_nrfi_rate"", ""value"": 0.4422, ""contribution"": 0.2954}, {""name"": ""home_top3_ops_vs_oppHand"", ""value"": 0.8887, ""contribution"": 0.1499}, {""name"": ""home_top3c_obp"", ""value"": 0.3744, ""contribution"": 0.1198}]",605671,0.5497,3.667,4.2,82.0,50.0,0.7136,0.7136,5.6,4.44,0.8527,0.8887,R,R,NRFI,LOSS,0,0,0,2026-06-16T01:59:23+00:00,+120,-155,DraftKings,2026-06-16T00:43:10+00:00,0.4545,0.6078,-0.1139,0.0516,0.0516,Y,1,-1,+120,-155,2026-06-16T00:37:56+00:00,0,0.4136,YRFI,STRONG,,,,,,,
2026-06-15,2026,823938,1,N,TB,LAD,10:10 PM ET,Nick Martinez,Eric Lauer,607259,641778,live,live,live,live,0.97,0.5988,0.463,1.0618,0.4279,0.5349,0.9628,0.3915,0.6085,0.287,0.713,,,YRFI,STRONG,STRONG YRFI,4,2026-06-16T01:05:06Z,3.119,4.538,1.177,1.224,3.849,5.453,1.78,2.77,0.87,2.02,5.54,7.33,0.332,0.341,0.388,0.436,4.524,5.213,25.7,16.0,53.0,0.0,0.4,0.8,0.5,0.9,0.37,0.3811,0.5057,0.4847,0.2229,0.1971,lineup,lineup,"[{""id"": 660271, ""name"": ""Shohei Ohtani"", ""bats"": ""L"", ""obp"": 0.42671009771986973, ""slg"": 0.5483870967741935, ""iso"": 0.24596774193548382, ""ab"": 248}, {""id"": 681624, ""name"": ""Andy Pages"", ""bats"": ""R"", ""obp"": 0.31893687707641194, ""slg"": 0.49818181818181817, ""iso"": 0.22545454545454546, ""ab"": 275}, {""id"": 518692, ""name"": ""Freddie Freeman"", ""bats"": ""L"", ""obp"": 0.36303630363036304, ""slg"": 0.4732824427480916, ""iso"": 0.1984732824427481, ""ab"": 262}]","[{""id"": 650490, ""name"": ""Yandy D\u00edaz"", ""bats"": ""R"", ""obp"": 0.3986013986013986, ""slg"": 0.516, ""iso"": 0.196, ""ab"": 250}, {""id"": 666018, ""name"": ""Jonathan Aranda"", ""bats"": ""L"", ""obp"": 0.37542662116040953, ""slg"": 0.448559670781893, ""iso"": 0.1769547325102881, ""ab"": 243}, {""id"": 691406, ""name"": ""Junior Caminero"", ""bats"": ""R"", ""obp"": 0.37, ""slg"": 0.4883720930232558, ""iso"": 0.21705426356589147, ""ab"": 258}]","[{""name"": ""away_top3c_slg"", ""value"": 0.4847, ""contribution"": -0.225}, {""name"": ""home_fip"", ""value"": 5.4529, ""contribution"": 0.1655}, {""name"": ""era_gap_t1"", ""value"": 1.4181, ""contribution"": 0.1542}, {""name"": ""away_top3c_iso"", ""value"": 0.1971, ""contribution"": 0.1309}, {""name"": ""home_p_last10_pitcher_nrfi"", ""value"": 0.5, ""contribution"": -0.0846}]","[{""name"": ""home_top3c_slg"", ""value"": 0.5057, ""contribution"": -0.4059}, {""name"": ""home_top3c_iso"", ""value"": 0.2229, ""contribution"": 0.2073}, {""name"": ""home_obp"", ""value"": 0.3408, ""contribution"": 0.1892}, {""name"": ""home_top3_ops_vs_oppHand"", ""value"": 0.9053, ""contribution"": 0.1698}, {""name"": ""away_whiff_pct_rank"", ""value"": 18.0, ""contribution"": 0.1376}]",605670,0.5573,4.073,4.133,20.0,18.0,0.7075,0.7075,5.0,6.0,0.8237,0.9053,R,L,YRFI,WIN,2,0,2,2026-06-16T02:26:20+00:00,-105,-125,DraftKings,2026-06-16T01:12:58+00:00,0.5122,0.5556,-0.1207,0.0529,0.0529,Y,1,0.8,-105,-125,2026-06-16T01:07:40+00:00,0,0.4608,PASS,NO EDGE,,,,,,,
2026-06-15,2026,822724,1,N,KC,WSH,6:45 PM ET,Mitch Spence,Andrew Alvarez,687765,674841,ltd,ltd,live,live,0.97,0.457,0.682,1.139,0.3145,0.6009,0.9154,0.4064,0.5936,0.3152,0.6848,,,YRFI,STRONG,STRONG YRFI,4,2026-06-15T21:43:04Z,5.611,3.77,1.465,1.31,5.152,3.828,3.59,3.49,1.62,0.94,7.49,9.0,0.316,0.322,0.383,0.419,4.086,5.282,25.4,14.9,37.0,0.0,0.8,0.6,0.8571,0.625,0.356,0.3525,0.5038,0.421,0.2421,0.1534,lineup,lineup,"[{""id"": 695578, ""name"": ""James Wood"", ""bats"": ""L"", ""obp"": 0.41369047619047616, ""slg"": 0.5583941605839416, ""iso"": 0.2773722627737227, ""ab"": 274}, {""id"": 671277, ""name"": ""Luis Garc\u00eda Jr."", ""bats"": ""L"", ""obp"": 0.2838427947598253, ""slg"": 0.4636363636363636, ""iso"": 0.20454545454545453, ""ab"": 220}, {""id"": 678554, ""name"": ""Curtis Mead"", ""bats"": ""R"", ""obp"": 0.3417085427135678, ""slg"": 0.4678362573099415, ""iso"": 0.23391812865497075, ""ab"": 171}]","[{""id"": 657041, ""name"": ""Lane Thomas"", ""bats"": ""R"", ""obp"": 0.35365853658536583, ""slg"": 0.3208955223880597, ""iso"": 0.0970149253731343, ""ab"": 134}, {""id"": 677951, ""name"": ""Bobby Witt Jr."", ""bats"": ""R"", ""obp"": 0.3582554517133956, ""slg"": 0.45454545454545453, ""iso"": 0.1678321678321678, ""ab"": 286}, {""id"": 695506, ""name"": ""Jac Caglianone"", ""bats"": ""L"", ""obp"": 0.3442622950819672, ""slg"": 0.4383561643835616, ""iso"": 0.1689497716894977, ""ab"": 219}]","[{""name"": ""era_gap_t1"", ""value"": -1.8415, ""contribution"": -0.1988}, {""name"": ""away_top3c_iso"", ""value"": 0.1534, ""contribution"": -0.177}, {""name"": ""away_top3c_slg"", ""value"": 0.421, ""contribution"": 0.0978}, {""name"": ""fi_park_nrfi_rate"", ""value"": 0.4761, ""contribution"": 0.0751}, {""name"": ""home_p_last10_pitcher_nrfi"", ""value"": 0.8571, ""contribution"": 0.0549}]","[{""name"": ""home_top3c_slg"", ""value"": 0.5038, ""contribution"": -0.3936}, {""name"": ""home_top3c_iso"", ""value"": 0.2421, ""contribution"": 0.2978}, {""name"": ""era_gap_b1"", ""value"": 1.8415, ""contribution"": 0.1249}, {""name"": ""away_fip"", ""value"": 5.1516, ""contribution"": 0.1243}, {""name"": ""fi_park_nrfi_rate"", ""value"": 0.4761, ""contribution"": 0.1154}]",489985,0.4845,4.2,4.2,50.0,50.0,0.7136,0.7136,4.47,4.8,0.81,0.8597,R,L,NRFI,LOSS,0,0,0,2026-06-15T23:02:35+00:00,+100,-130,DraftKings,2026-06-15T21:46:16+00:00,0.5,0.5652,-0.0936,0.0284,0.0284,Y,1,-1,+100,-130,2026-06-15T21:43:07+00:00,0,0.4521,PASS,NO EDGE,,,,,,,
2026-06-15,2026,824505,1,N,NYM,CIN,7:10 PM ET,Tobias Myers,Chase Burns,668964,695505,ltd,live,live,live,1.09,0.4316,0.544,0.9757,0.2601,0.512,0.7721,0.4639,0.5361,0.2553,0.7447,,,PASS,NO EDGE,PASS - No edge,4,2026-06-15T23:05:01Z,3.974,2.895,1.201,1.091,4.327,3.465,2.41,2.87,1.33,1.1,7.55,10.57,0.298,0.313,0.377,0.395,4.134,4.241,22.8,4.0,39.0,0.0,0.8,0.8,0.9,0.75,0.3444,0.326,0.4688,0.4245,0.2117,0.1648,lineup,lineup,"[{""id"": 694362, ""name"": ""Blake Dunn"", ""bats"": ""R"", ""obp"": 0.31896551724137934, ""slg"": 0.37962962962962965, ""iso"": 0.1111111111111111, ""ab"": 108}, {""id"": 668709, ""name"": ""JJ Bleday"", ""bats"": ""L"", ""obp"": 0.36065573770491804, ""slg"": 0.569620253164557, ""iso"": 0.30379746835443044, ""ab"": 158}, {""id"": 701398, ""name"": ""Sal Stewart"", ""bats"": ""R"", ""obp"": 0.3442622950819672, ""slg"": 0.4448669201520912, ""iso"": 0.1977186311787072, ""ab"": 263}]","[{""id"": 701807, ""name"": ""Carson Benge"", ""bats"": ""L"", ""obp"": 0.3208955223880597, ""slg"": 0.3877551020408163, ""iso"": 0.1306122448979592, ""ab"": 245}, {""id"": 666182, ""name"": ""Bo Bichette"", ""bats"": ""R"", ""obp"": 0.284789644012945, ""slg"": 0.36140350877192984, ""iso"": 0.12280701754385967, ""ab"": 285}, {""id"": 660644, ""name"": ""Vidal Bruj\u00e1n"", ""bats"": ""S"", ""obp"": 0.18181818181818182, ""slg"": 0.1, ""iso"": 0.0, ""ab"": 10}]","[{""name"": ""era_gap_t1"", ""value"": -1.079, ""contribution"": -0.1162}, {""name"": ""away_top3c_iso"", ""value"": 0.1648, ""contribution"": -0.0962}, {""name"": ""away_top3c_slg"", ""value"": 0.4245, ""contribution"": 0.0801}, {""name"": ""home_p_last10_pitcher_nrfi"", ""value"": 0.9, ""contribution"": 0.0716}, {""name"": ""home_xera"", ""value"": 3.4465, ""contribution"": -0.0685}]","[{""name"": ""away_whiff_pct_rank"", ""value"": 6.0, ""contribution"": 0.1894}, {""name"": ""home_top3c_slg"", ""value"": 0.4688, ""contribution"": -0.1765}, {""name"": ""home_top3c_iso"", ""value"": 0.2117, ""contribution"": 0.1544}, {""name"": ""wx_wind_kmh"", ""value"": 4.0, ""contribution"": -0.0789}, {""name"": ""home_top3_ops_vs_oppHand"", ""value"": 0.8253, ""contribution"": 0.074}]",427533,0.5151,3.446,4.119,100.0,6.0,0.7136,0.7272,5.73,2.87,0.7583,0.8253,R,R,YRFI,PASS,0,3,3,2026-06-15T23:32:45+00:00,-120,-110,DraftKings,2026-06-15T23:33:45+00:00,0.5455,0.5238,-0.0816,0.0123,0.0936,N,1,,-120,-110,2026-06-15T23:07:41+00:00,0,0.4877,PASS,NO EDGE,,,,,,,
2026-06-15,2026,823452,1,N,MIA,PHI,6:40 PM ET,Ryan Gusto,Zack Wheeler,687473,554430,live,live,live,live,1.04,0.3774,0.5262,0.9036,0.1738,0.5231,0.6969,0.4795,0.5205,0.2288,0.7712,,,PASS,NO EDGE,PASS - No edge,4,2026-06-15T22:34:31Z,5.524,2.424,1.44,0.887,4.024,3.326,2.95,1.95,1.2,1.13,8.71,9.85,0.322,0.299,0.387,0.389,4.339,4.099,22.9,7.9,47.0,0.0,0.8,0.4,0.7,0.6,0.3311,0.3492,0.459,0.4532,0.2194,0.1655,lineup,lineup,"[{""id"": 656941, ""name"": ""Kyle Schwarber"", ""bats"": ""L"", ""obp"": 0.3627450980392157, ""slg"": 0.5675675675675675, ""iso"": 0.32046332046332043, ""ab"": 259}, {""id"": 664761, ""name"": ""Alec Bohm"", ""bats"": ""R"", ""obp"": 0.2740740740740741, ""slg"": 0.3522267206477733, ""iso"": 0.13360323886639675, ""ab"": 247}, {""id"": 547180, ""name"": ""Bryce Harper"", ""bats"": ""L"", ""obp"": 0.36394557823129253, ""slg"": 0.4959349593495935, ""iso"": 0.2398373983739837, ""ab"": 246}]","[{""id"": 689414, ""name"": ""Liam Hicks"", ""bats"": ""L"", ""obp"": 0.36059479553903345, ""slg"": 0.48484848484848486, ""iso"": 0.2077922077922078, ""ab"": 231}, {""id"": 672640, ""name"": ""Otto Lopez"", ""bats"": ""R"", ""obp"": 0.3708609271523179, ""slg"": 0.48056537102473496, ""iso"": 0.13780918727915192, ""ab"": 283}, {""id"": 669065, ""name"": ""Kyle Stowers"", ""bats"": ""L"", ""obp"": 0.3024390243902439, ""slg"": 0.3701657458563536, ""iso"": 0.15469613259668508, ""ab"": 181}]","[{""name"": ""era_gap_t1"", ""value"": -3.1002, ""contribution"": -0.3351}, {""name"": ""home_xera"", ""value"": 1.9492, ""contribution"": -0.222}, {""name"": ""away_top3c_iso"", ""value"": 0.1655, ""contribution"": -0.0917}, {""name"": ""fi_park_nrfi_rate"", ""value"": 0.473, ""contribution"": 0.0859}, {""name"": ""home_fip"", ""value"": 3.3257, ""contribution"": -0.0733}]","[{""name"": ""era_gap_b1"", ""value"": 3.1002, ""contribution"": 0.2105}, {""name"": ""home_top3c_iso"", ""value"": 0.2194, ""contribution"": 0.1908}, {""name"": ""fi_park_nrfi_rate"", ""value"": 0.473, ""contribution"": 0.1321}, {""name"": ""home_top3c_slg"", ""value"": 0.459, ""contribution"": -0.1157}, {""name"": ""home_obp"", ""value"": 0.2995, ""contribution"": -0.1001}]",503586,0.4946,1.949,4.2,93.0,50.0,0.8025,0.7136,6.4,4.33,0.7983,0.8407,R,R,NRFI,PASS,0,0,0,2026-06-15T22:59:42+00:00,-120,-110,DraftKings,2026-06-15T22:58:07+00:00,0.5455,0.5238,-0.066,-0.0033,,N,,,-120,-110,2026-06-15T22:36:57+00:00,,0.4688,PASS,NO EDGE,,,,,,,
2026-06-15,2026,824181,1,N,DET,HOU,8:10 PM ET,Drew Anderson,Kai-Wei Teng,623454,678906,ltd,ltd,live,live,0.99,0.5005,0.5246,1.0251,0.3071,0.3252,0.6322,0.5479,0.4521,0.2735,0.7265,,,NRFI,LEAN,LEAN NRFI,4,2026-06-15T23:05:01Z,4.04,4.148,1.27,1.297,3.958,4.11,3.25,3.91,1.23,1.06,9.94,9.04,0.315,0.318,0.393,0.41,4.134,4.551,,,,1.0,0.6,1.0,0.5,1.0,0.3688,0.3711,0.5383,0.4241,0.2556,0.1554,lineup,lineup,"[{""id"": 665161, ""name"": ""Jeremy Pe\u00f1a"", ""bats"": ""R"", ""obp"": 0.3422818791946309, ""slg"": 0.39097744360902253, ""iso"": 0.12030075187969924, ""ab"": 133}, {""id"": 670541, ""name"": ""Yordan Alvarez"", ""bats"": ""L"", ""obp"": 0.43312101910828027, ""slg"": 0.6513409961685823, ""iso"": 0.32567049808429116, ""ab"": 261}, {""id"": 572233, ""name"": ""Christian Walker"", ""bats"": ""R"", ""obp"": 0.31438127090301005, ""slg"": 0.5018450184501845, ""iso"": 0.25461254612546125, ""ab"": 271}]","[{""id"": 805808, ""name"": ""Kevin McGonigle"", ""bats"": ""L"", ""obp"": 0.38333333333333336, ""slg"": 0.40625, ""iso"": 0.12890625, ""ab"": 256}, {""id"": 701678, ""name"": ""Hao-Yu  Lee"", ""bats"": ""R"", ""obp"": 0.24719101123595505, ""slg"": 0.3411764705882353, ""iso"": 0.12941176470588237, ""ab"": 85}, {""id"": 663330, ""name"": ""Jahmai Jones"", ""bats"": ""R"", ""obp"": 0.2222222222222222, ""slg"": 0.2345679012345679, ""iso"": 0.09876543209876543, ""ab"": 81}]","[{""name"": ""away_top3c_iso"", ""value"": 0.1554, ""contribution"": -0.1627}, {""name"": ""home_p_last10_pitcher_nrfi"", ""value"": 0.5, ""contribution"": -0.0846}, {""name"": ""away_top3c_slg"", ""value"": 0.4241, ""contribution"": 0.0817}, {""name"": ""away_top3_ops_vs_oppHand"", ""value"": 0.8297, ""contribution"": 0.0636}, {""name"": ""fi_park_nrfi_rate"", ""value"": 0.482, ""contribution"": 0.0547}]","[{""name"": ""home_top3c_slg"", ""value"": 0.5383, ""contribution"": -0.6085}, {""name"": ""home_top3c_iso"", ""value"": 0.2556, ""contribution"": 0.3617}, {""name"": ""home_top3_ops_vs_oppHand"", ""value"": 0.8797, ""contribution"": 0.1391}, {""name"": ""home_top3c_obp"", ""value"": 0.3688, ""contribution"": 0.0999}, {""name"": ""away_p_last10_pitcher_nrfi"", ""value"": 1.0, ""contribution"": -0.0929}]",607884,0.5403,3.808,5.14,62.0,65.0,0.7136,0.7136,5.0,4.67,0.8297,0.8797,R,R,YRFI,LOSS,1,0,1,2026-06-16T00:35:54+00:00,-115,-115,DraftKings,2026-06-16T00:35:31+00:00,0.5349,0.5349,0.013,-0.0828,0.013,N,0.5,0,-115,-115,2026-06-15T23:07:41+00:00,0,0.4725,PASS,NO EDGE,,,,,,,
2026-06-15,2026,824666,1,N,COL,CHC,8:05 PM ET,Michael Lorenzen,Shota Imanaga,547179,684007,live,live,live,live,1.0,0.5232,0.6329,1.1561,0.2177,0.4722,0.6899,0.4795,0.5205,0.3215,0.6785,,,PASS,NO EDGE,PASS - No edge,4,2026-06-15T23:33:05Z,6.437,4.205,1.683,1.037,4.734,4.805,3.0,2.1,1.55,1.9,7.78,8.44,0.321,0.328,0.409,0.395,4.557,4.557,22.7,12.9,41.0,0.0,0.8,1.0,0.8,0.8,0.3514,0.3545,0.4094,0.4217,0.1529,0.145,lineup,lineup,"[{""id"": 691718, ""name"": ""Pete Crow-Armstrong"", ""bats"": ""L"", ""obp"": 0.3432343234323432, ""slg"": 0.46296296296296297, ""iso"": 0.1962962962962963, ""ab"": 270}, {""id"": 608324, ""name"": ""Alex Bregman"", ""bats"": ""R"", ""obp"": 0.33436532507739936, ""slg"": 0.35563380281690143, ""iso"": 0.10563380281690143, ""ab"": 284}, {""id"": 683737, ""name"": ""Michael Busch"", ""bats"": ""L"", ""obp"": 0.3769968051118211, ""slg"": 0.41245136186770426, ""iso"": 0.15953307392996108, ""ab"": 257}]","[{""id"": 650489, ""name"": ""Willi Castro"", ""bats"": ""S"", ""obp"": 0.3504273504273504, ""slg"": 0.4019138755980861, ""iso"": 0.12440191387559807, ""ab"": 209}, {""id"": 671289, ""name"": ""Tyler Freeman"", ""bats"": ""R"", ""obp"": 0.3493975903614458, ""slg"": 0.3783783783783784, ""iso"": 0.10810810810810811, ""ab"": 148}, {""id"": 681198, ""name"": ""TJ Rumfield"", ""bats"": ""L"", ""obp"": 0.36101083032490977, ""slg"": 0.46502057613168724, ""iso"": 0.18518518518518517, ""ab"": 243}]","[{""name"": ""era_gap_t1"", ""value"": -2.232, ""contribution"": -0.2411}, {""name"": ""away_top3c_iso"", ""value"": 0.145, ""contribution"": -0.2359}, {""name"": ""fi_park_nrfi_rate"", ""value"": 0.5429, ""contribution"": -0.1558}, {""name"": ""away_top3c_slg"", ""value"": 0.4217, ""contribution"": 0.0942}, {""name"": ""home_fip"", ""value"": 4.8045, ""contribution"": 0.0927}]","[{""name"": ""fi_park_nrfi_rate"", ""value"": 0.5429, ""contribution"": -0.2395}, {""name"": ""home_top3c_slg"", ""value"": 0.4094, ""contribution"": 0.1927}, {""name"": ""era_gap_b1"", ""value"": 2.232, ""contribution"": 0.1515}, {""name"": ""home_top3c_iso"", ""value"": 0.1529, ""contribution"": -0.1233}, {""name"": ""home_obp"", ""value"": 0.3276, ""contribution"": 0.0965}]",428442,0.5176,3.775,4.664,47.0,38.0,0.7272,0.7136,5.33,4.33,0.727,0.775,R,L,YRFI,PASS,0,1,1,2026-06-16T00:24:03+00:00,-110,-120,DraftKings,2026-06-16T00:07:19+00:00,0.5238,0.5455,-0.0443,-0.025,0.0133,N,0.5,,-110,-120,2026-06-16T00:01:48+00:00,0,0.5015,PASS,NO EDGE,,,,,,,
2026-06-15,2026,823046,1,N,SD,STL,7:45 PM ET,Wandy Peralta,Dustin May,593974,669160,live,live,live,live,0.97,0.4082,0.55,0.9581,0.3211,0.3353,0.6564,0.5411,0.4589,0.2488,0.7512,,,NRFI,LEAN,LEAN NRFI,4,2026-06-15T22:34:31Z,2.936,4.48,1.358,1.311,4.175,3.694,3.98,2.96,0.84,0.91,7.37,8.28,0.297,0.322,0.372,0.401,3.994,4.601,25.0,12.3,32.0,0.0,0.8,1.0,0.6,1.0,0.3705,0.2931,0.4444,0.3506,0.1744,0.1281,lineup,lineup,"[{""id"": 802139, ""name"": ""JJ Wetherholt"", ""bats"": ""L"", ""obp"": 0.3593220338983051, ""slg"": 0.40239043824701193, ""iso"": 0.14741035856573703, ""ab"": 251}, {""id"": 671056, ""name"": ""Iv\u00e1n Herrera"", ""bats"": ""R"", ""obp"": 0.3980891719745223, ""slg"": 0.43137254901960786, ""iso"": 0.1647058823529412, ""ab"": 255}, {""id"": 676475, ""name"": ""Alec Burleson"", ""bats"": ""L"", ""obp"": 0.3523489932885906, ""slg"": 0.4962686567164179, ""iso"": 0.208955223880597, ""ab"": 268}]","[{""id"": 665487, ""name"": ""Fernando Tatis Jr."", ""bats"": ""R"", ""obp"": 0.3466666666666667, ""slg"": 0.34962406015037595, ""iso"": 0.06766917293233082, ""ab"": 266}, {""id"": 701538, ""name"": ""Jackson Merrill"", ""bats"": ""L"", ""obp"": 0.275, ""slg"": 0.34375, ""iso"": 0.13671875, ""ab"": 256}, {""id"": 592518, ""name"": ""Manny Machado"", ""bats"": ""R"", ""obp"": 0.254416961130742, ""slg"": 0.35856573705179284, ""iso"": 0.18326693227091634, ""ab"": 251}]","[{""name"": ""away_top3c_slg"", ""value"": 0.3506, ""contribution"": 0.4543}, {""name"": ""away_top3c_iso"", ""value"": 0.1281, ""contribution"": -0.3551}, {""name"": ""away_top3_ops_vs_oppHand"", ""value"": 0.5947, ""contribution"": -0.1759}, {""name"": ""era_gap_t1"", ""value"": 1.5443, ""contribution"": 0.1678}, {""name"": ""fi_park_nrfi_rate"", ""value"": 0.527, ""contribution"": -0.1009}]","[{""name"": ""fi_park_nrfi_rate"", ""value"": 0.527, ""contribution"": -0.1552}, {""name"": ""home_top3c_obp"", ""value"": 0.3705, ""contribution"": 0.1058}, {""name"": ""era_gap_b1"", ""value"": -1.5443, ""contribution"": -0.1055}, {""name"": ""away_p_last10_pitcher_nrfi"", ""value"": 1.0, ""contribution"": -0.0929}, {""name"": ""away_avg_ip_per_start"", ""value"": 1.3333, ""contribution"": 0.0594}]",427113,0.5139,4.796,4.47,10.0,47.0,0.7309,0.7136,6.0,1.33,0.5947,0.7337,L,R,NRFI,WIN,0,0,0,2026-06-15T23:57:11+00:00,-105,-125,DraftKings,2026-06-16T00:07:19+00:00,0.5122,0.5556,0.0289,-0.0967,0.0289,N,0.5,0,-110,-120,2026-06-15T22:42:17+00:00,-0.0116,0.4658,PASS,NO EDGE,,,,,,,
2026-06-15,2026,822887,1,N,MIN,TEX,8:05 PM ET,Mike Paredes,MacKenzie Gore,702474,669022,sm,live,live,live,1.07,0.5433,0.5545,1.0978,0.3013,0.2552,0.5565,0.5619,0.4381,0.3002,0.6998,,,NRFI,LEAN,LEAN NRFI,4,2026-06-15T22:57:12Z,4.206,4.176,1.22,1.35,4.28,3.641,3.42,3.98,1.15,0.89,8.42,9.93,0.318,0.317,0.401,0.388,4.608,4.099,,,,1.0,0.6,1.0,0.6,1.0,0.3426,0.3342,0.4414,0.4786,0.1703,0.2217,lineup,lineup,"[{""id"": 592626, ""name"": ""Joc Pederson"", ""bats"": ""L"", ""obp"": 0.3444976076555024, ""slg"": 0.4375, ""iso"": 0.19886363636363635, ""ab"": 176}, {""id"": 673962, ""name"": ""Josh Jung"", ""bats"": ""R"", ""obp"": 0.3665480427046263, ""slg"": 0.4645669291338583, ""iso"": 0.15748031496062992, ""ab"": 254}, {""id"": 694671, ""name"": ""Wyatt Langford"", ""bats"": ""R"", ""obp"": 0.2845528455284553, ""slg"": 0.39655172413793105, ""iso"": 0.15517241379310345, ""ab"": 116}]","[{""id"": 668885, ""name"": ""Austin Martin"", ""bats"": ""R"", ""obp"": 0.34913793103448276, ""slg"": 0.3197969543147208, ""iso"": 0.08121827411167515, ""ab"": 197}, {""id"": 621439, ""name"": ""Byron Buxton"", ""bats"": ""R"", ""obp"": 0.3357664233576642, ""slg"": 0.6, ""iso"": 0.32399999999999995, ""ab"": 250}, {""id"": 665019, ""name"": ""Kody Clemens"", ""bats"": ""L"", ""obp"": 0.31718061674008813, ""slg"": 0.4830917874396135, ""iso"": 0.23188405797101447, ""ab"": 207}]","[{""name"": ""away_top3c_iso"", ""value"": 0.2217, ""contribution"": 0.3044}, {""name"": ""away_top3c_slg"", ""value"": 0.4786, ""contribution"": -0.1941}, {""name"": ""fi_park_nrfi_rate"", ""value"": 0.5398, ""contribution"": -0.1451}, {""name"": ""home_p_last10_pitcher_nrfi"", ""value"": 0.6, ""contribution"": -0.0455}, {""name"": ""home_xera"", ""value"": 4.5318, ""contribution"": 0.0427}]","[{""name"": ""fi_park_nrfi_rate"", ""value"": 0.5398, ""contribution"": -0.2231}, {""name"": ""away_p_last10_pitcher_nrfi"", ""value"": 1.0, ""contribution"": -0.0929}, {""name"": ""wx_is_dome"", ""value"": 1.0, ""contribution"": -0.0758}, {""name"": ""home_top3c_iso"", ""value"": 0.1703, ""contribution"": -0.041}, {""name"": ""away_avg_ip_per_start"", ""value"": 3.0, ""contribution"": 0.0338}]",658292,0.4848,4.532,4.2,75.0,50.0,0.7136,0.7136,4.6,3.0,0.7843,0.7423,R,L,YRFI,LOSS,3,0,3,2026-06-16T00:25:04+00:00,-120,-110,DraftKings,2026-06-16T00:07:19+00:00,0.5455,0.5238,0.0164,-0.0857,0.0164,N,0.5,0,-120,-110,2026-06-15T22:59:38+00:00,0,0.5587,PASS,NO EDGE,,,,,,,
2026-06-16,2026,822723,1,N,KC,WSH,6:45 PM ET,Michael Wacha,Foster Griffin,608379,656492,live,ltd,live,live,0.97,0.4724,0.4947,0.9671,0.3581,0.4583,0.8165,0.4346,0.5654,0.2521,0.7479,,,PASS,LOW LAMBDA,PASS - Low lambda,4,2026-06-16T22:36:45Z,3.667,3.701,1.179,1.148,3.942,4.481,2.63,2.59,0.95,1.55,6.91,8.61,0.316,0.322,0.382,0.419,4.074,5.301,25.9,5.8,32.0,0.0,0.8,0.6,0.7,0.7,0.3557,0.3518,0.5015,0.4194,0.2396,0.1521,lineup,lineup,"[{""id"": 695578, ""name"": ""James Wood"", ""bats"": ""L"", ""obp"": 0.4147058823529412, ""slg"": 0.5595667870036101, ""iso"": 0.27797833935018046, ""ab"": 277}, {""id"": 678391, ""name"": ""Jorbit Vivas"", ""bats"": ""L"", ""obp"": 0.32450331125827814, ""slg"": 0.3181818181818182, ""iso"": 0.07575757575757575, ""ab"": 132}, {""id"": 678554, ""name"": ""Curtis Mead"", ""bats"": ""R"", ""obp"": 0.3399014778325123, ""slg"": 0.46285714285714286, ""iso"": 0.22857142857142856, ""ab"": 175}]","[{""id"": 657041, ""name"": ""Lane Thomas"", ""bats"": ""R"", ""obp"": 0.34911242603550297, ""slg"": 0.31654676258992803, ""iso"": 0.09352517985611508, ""ab"": 139}, {""id"": 677951, ""name"": ""Bobby Witt Jr."", ""bats"": ""R"", ""obp"": 0.3569230769230769, ""slg"": 0.44982698961937717, ""iso"": 0.16608996539792387, ""ab"": 289}, {""id"": 695506, ""name"": ""Jac Caglianone"", ""bats"": ""L"", ""obp"": 0.3467741935483871, ""slg"": 0.4439461883408072, ""iso"": 0.17040358744394618, ""ab"": 223}]","[{""name"": ""away_top3c_iso"", ""value"": 0.1521, ""contribution"": -0.1861}, {""name"": ""away_top3c_slg"", ""value"": 0.4194, ""contribution"": 0.1059}, {""name"": ""fi_park_nrfi_rate"", ""value"": 0.4761, ""contribution"": 0.0751}, {""name"": ""home_fip"", ""value"": 4.4808, ""contribution"": 0.0564}, {""name"": ""away_top3_ops_vs_oppHand"", ""value"": 0.806, ""contribution"": 0.0395}]","[{""name"": ""home_top3c_slg"", ""value"": 0.5015, ""contribution"": -0.3795}, {""name"": ""home_top3c_iso"", ""value"": 0.2396, ""contribution"": 0.2862}, {""name"": ""fi_park_nrfi_rate"", ""value"": 0.4761, ""contribution"": 0.1154}, {""name"": ""home_top3_ops_vs_oppHand"", ""value"": 0.8553, ""contribution"": 0.11}, {""name"": ""wx_wind_kmh"", ""value"": 5.8, ""contribution"": -0.0599}]",431232,0.4946,4.362,4.274,59.0,40.0,0.7136,0.6942,5.4,6.13,0.806,0.8553,R,L,NRFI,PASS,0,0,0,2026-06-16T23:02:10+00:00,-105,-125,DraftKings,2026-06-16T22:45:01+00:00,0.5122,0.5556,-0.0774,0.0096,0.038,N,1,,-105,-125,2026-06-16T22:45:01+00:00,0,0.4658,PASS,NO EDGE,,,,,,,
2026-06-16,2026,823535,1,N,CWS,NYY,7:05 PM ET,Davis Martin,Gerrit Cole,663436,543037,live,sm,live,live,1.02,0.5096,0.4272,0.9368,0.4852,0.4845,0.9696,0.3869,0.6131,0.241,0.759,,,YRFI,STRONG,STRONG YRFI,4,2026-06-16T21:44:05Z,2.982,3.56,1.164,1.185,3.121,4.175,2.32,2.76,0.66,1.22,8.25,8.26,0.323,0.328,0.411,0.428,4.712,5.006,22.0,17.8,45.0,0.0,1.0,1.0,1.0,0.8,0.3718,0.3493,0.534,0.4333,0.2515,0.181,lineup,lineup,"[{""id"": 700250, ""name"": ""Ben Rice"", ""bats"": ""L"", ""obp"": 0.3870967741935484, ""slg"": 0.6108786610878661, ""iso"": 0.31799163179916323, ""ab"": 239}, {""id"": 680474, ""name"": ""Max Schuemann"", ""bats"": ""R"", ""obp"": 0.42857142857142855, ""slg"": 0.38461538461538464, ""iso"": 0.15384615384615385, ""ab"": 26}, {""id"": 502671, ""name"": ""Paul Goldschmidt"", ""bats"": ""R"", ""obp"": 0.3657142857142857, ""slg"": 0.532051282051282, ""iso"": 0.23717948717948717, ""ab"": 156}]","[{""id"": 803011, ""name"": ""Sam Antonacci"", ""bats"": ""L"", ""obp"": 0.3786407766990291, ""slg"": 0.3806818181818182, ""iso"": 0.10227272727272729, ""ab"": 176}, {""id"": 677592, ""name"": ""Everson Pereira"", ""bats"": ""R"", ""obp"": 0.3055555555555556, ""slg"": 0.4461538461538462, ""iso"": 0.2, ""ab"": 65}, {""id"": 700337, ""name"": ""Edgar Quero"", ""bats"": ""S"", ""obp"": 0.2549019607843137, ""slg"": 0.23308270676691728, ""iso"": 0.05263157894736842, ""ab"": 133}]","[{""name"": ""fi_park_nrfi_rate"", ""value"": 0.4526, ""contribution"": 0.1563}, {""name"": ""home_p_last10_pitcher_nrfi"", ""value"": 1.0, ""contribution"": 0.1107}, {""name"": ""era_gap_t1"", ""value"": 0.5773, ""contribution"": 0.0631}, {""name"": ""away_top3c_slg"", ""value"": 0.4333, ""contribution"": 0.0351}, {""name"": ""wx_wind_kmh"", ""value"": 17.8, ""contribution"": 0.0281}]","[{""name"": ""home_top3c_slg"", ""value"": 0.534, ""contribution"": -0.5812}, {""name"": ""home_top3c_iso"", ""value"": 0.2515, ""contribution"": 0.3424}, {""name"": ""fi_park_nrfi_rate"", ""value"": 0.4526, ""contribution"": 0.2403}, {""name"": ""home_top3c_obp"", ""value"": 0.3718, ""contribution"": 0.1107}, {""name"": ""home_obp"", ""value"": 0.3275, ""contribution"": 0.0961}]",483912,0.5511,4.2,4.871,50.0,29.0,0.7396,0.6487,5.5,5.67,0.7827,0.8393,R,R,YRFI,WIN,1,0,1,2026-06-16T23:19:08+00:00,-125,-105,DraftKings,2026-06-16T22:09:17+00:00,0.5556,0.5122,-0.1687,0.1009,0.1009,Y,1,0.952,-125,-105,2026-06-16T21:57:47+00:00,0,0.4105,YRFI,STRONG,,,,,,,
2026-06-16,2026,824504,1,N,NYM,CIN,7:10 PM ET,Kodai Senga,Brady Singer,673540,663903,live,live,live,live,1.09,0.6476,0.7173,1.3649,0.3496,0.4691,0.8187,0.4323,0.5677,0.396,0.604,,,PASS,LOW LAMBDA,PASS - Low lambda,4,2026-06-16T23:06:48Z,5.057,4.984,1.521,1.482,4.805,5.318,4.81,3.05,1.4,1.92,9.24,7.62,0.299,0.314,0.376,0.398,4.086,4.331,25.1,21.5,42.0,0.0,0.4,0.8,0.3,0.7,0.3457,0.3277,0.4723,0.4257,0.214,0.1649,lineup,lineup,"[{""id"": 694362, ""name"": ""Blake Dunn"", ""bats"": ""R"", ""obp"": 0.3140495867768595, ""slg"": 0.3805309734513274, ""iso"": 0.11504424778761058, ""ab"": 113}, {""id"": 668709, ""name"": ""JJ Bleday"", ""bats"": ""L"", ""obp"": 0.3670212765957447, ""slg"": 0.5864197530864198, ""iso"": 0.3148148148148149, ""ab"": 162}, {""id"": 701398, ""name"": ""Sal Stewart"", ""bats"": ""R"", ""obp"": 0.34516129032258064, ""slg"": 0.4419475655430712, ""iso"": 0.19475655430711614, ""ab"": 267}]","[{""id"": 701807, ""name"": ""Carson Benge"", ""bats"": ""L"", ""obp"": 0.31868131868131866, ""slg"": 0.384, ""iso"": 0.128, ""ab"": 250}, {""id"": 666182, ""name"": ""Bo Bichette"", ""bats"": ""R"", ""obp"": 0.2898089171974522, ""slg"": 0.3724137931034483, ""iso"": 0.12758620689655176, ""ab"": 290}, {""id"": 665742, ""name"": ""Juan Soto"", ""bats"": ""L"", ""obp"": 0.3888888888888889, ""slg"": 0.555, ""iso"": 0.26500000000000007, ""ab"": 200}]","[{""name"": ""home_p_last10_pitcher_nrfi"", ""value"": 0.3, ""contribution"": -0.1627}, {""name"": ""home_fip"", ""value"": 5.3179, ""contribution"": 0.1503}, {""name"": ""away_top3c_iso"", ""value"": 0.1649, ""contribution"": -0.096}, {""name"": ""away_top3c_slg"", ""value"": 0.4257, ""contribution"": 0.0739}, {""name"": ""wx_wind_kmh"", ""value"": 21.5, ""contribution"": 0.0446}]","[{""name"": ""home_top3c_slg"", ""value"": 0.4723, ""contribution"": -0.1984}, {""name"": ""home_top3c_iso"", ""value"": 0.214, ""contribution"": 0.1653}, {""name"": ""wx_wind_kmh"", ""value"": 21.5, ""contribution"": 0.1053}, {""name"": ""away_whiff_pct_rank"", ""value"": 74.0, ""contribution"": -0.1041}, {""name"": ""away_fip"", ""value"": 4.8049, ""contribution"": 0.0873}]",547380,0.5173,4.422,3.93,32.0,74.0,0.7396,0.6796,4.53,4.0,0.7593,0.8317,R,R,YRFI,PASS,0,4,4,2026-06-16T23:33:11+00:00,+100,-130,DraftKings,2026-06-16T23:15:08+00:00,0.5,0.5652,-0.0677,0.0025,0.0284,N,1,,+100,-130,2026-06-16T23:09:47+00:00,0,0.4877,PASS,NO EDGE,,,,,,,
2026-06-16,2026,824912,1,N,SF,ATL,7:15 PM ET,Adrian Houser,Grant Holmes,605288,656550,live,live,live,live,0.98,0.5715,0.6116,1.183,0.286,0.4749,0.7609,0.4772,0.5228,0.3312,0.6688,,,PASS,NO EDGE,PASS - No edge,4,2026-06-16T23:06:48Z,4.692,4.03,1.44,1.339,4.585,4.933,3.11,4.03,1.22,1.57,6.48,8.61,0.31,0.319,0.414,0.421,4.178,4.959,20.9,7.9,91.0,0.0,0.8,0.4,0.7,0.3,0.3524,0.3592,0.5366,0.4446,0.2465,0.1498,lineup,lineup,"[{""id"": 686948, ""name"": ""Drake Baldwin"", ""bats"": ""L"", ""obp"": 0.3888888888888889, ""slg"": 0.5425531914893617, ""iso"": 0.2393617021276595, ""ab"": 188}, {""id"": 642201, ""name"": ""Eli White"", ""bats"": ""R"", ""obp"": 0.28735632183908044, ""slg"": 0.425, ""iso"": 0.1875, ""ab"": 80}, {""id"": 621566, ""name"": ""Matt Olson"", ""bats"": ""L"", ""obp"": 0.33974358974358976, ""slg"": 0.5539568345323741, ""iso"": 0.2841726618705036, ""ab"": 278}]","[{""id"": 650333, ""name"": ""Luis Arraez"", ""bats"": ""L"", ""obp"": 0.3521594684385382, ""slg"": 0.43478260869565216, ""iso"": 0.11594202898550726, ""ab"": 276}, {""id"": 805811, ""name"": ""Bryce Eldridge"", ""bats"": ""L"", ""obp"": 0.4049586776859504, ""slg"": 0.5480769230769231, ""iso"": 0.23076923076923084, ""ab"": 104}, {""id"": 656305, ""name"": ""Matt Chapman"", ""bats"": ""R"", ""obp"": 0.34782608695652173, ""slg"": 0.41379310344827586, ""iso"": 0.15325670498084293, ""ab"": 261}]","[{""name"": ""away_top3c_iso"", ""value"": 0.1498, ""contribution"": -0.2023}, {""name"": ""home_fip"", ""value"": 4.9334, ""contribution"": 0.1072}, {""name"": ""era_gap_t1"", ""value"": -0.6618, ""contribution"": -0.071}, {""name"": ""home_xera"", ""value"": 4.7939, ""contribution"": 0.0695}, {""name"": ""away_top3_ops_vs_oppHand"", ""value"": 0.8073, ""contribution"": 0.0409}]","[{""name"": ""home_top3c_slg"", ""value"": 0.5366, ""contribution"": -0.5977}, {""name"": ""home_top3c_iso"", ""value"": 0.2465, ""contribution"": 0.3185}, {""name"": ""away_whiff_pct_rank"", ""value"": 10.0, ""contribution"": 0.1721}, {""name"": ""away_p_last10_pitcher_nrfi"", ""value"": 0.3, ""contribution"": 0.137}, {""name"": ""home_top3_ops_vs_oppHand"", ""value"": 0.8743, ""contribution"": 0.1327}]",490319,0.5366,4.794,4.301,50.0,10.0,0.6796,0.7197,5.07,4.6,0.8073,0.8743,R,R,YRFI,PASS,1,2,3,2026-06-16T23:42:08+00:00,-105,-120,DraftKings,2026-06-16T23:15:08+00:00,0.5122,0.5455,-0.035,-0.0227,0.0587,N,1,,-105,-120,2026-06-16T23:09:47+00:00,0,0.4658,PASS,NO EDGE,,,,,,,
2026-06-16,2026,825070,1,N,LAA,ARI,9:40 PM ET,Reid Detmers,Merrill Kelly,672282,518876,live,live,live,live,1.0,0.6002,0.4072,1.0074,0.5101,0.3929,0.903,0.4064,0.5936,0.2669,0.7331,,,YRFI,STRONG,STRONG YRFI,4,2026-06-17T00:36:03Z,4.02,4.716,1.126,1.322,3.102,5.13,2.86,3.24,0.86,1.56,10.57,6.44,0.318,0.309,0.393,0.389,4.472,4.27,,,,1.0,0.4,0.8,0.5,0.8,0.3432,0.3481,0.4498,0.4186,0.1904,0.1857,lineup,lineup,"[{""id"": 606466, ""name"": ""Ketel Marte"", ""bats"": ""S"", ""obp"": 0.30666666666666664, ""slg"": 0.44, ""iso"": 0.18545454545454548, ""ab"": 275}, {""id"": 672695, ""name"": ""Geraldo Perdomo"", ""bats"": ""S"", ""obp"": 0.35563380281690143, ""slg"": 0.3644067796610169, ""iso"": 0.11864406779661013, ""ab"": 236}, {""id"": 682998, ""name"": ""Corbin Carroll"", ""bats"": ""L"", ""obp"": 0.36824324324324326, ""slg"": 0.5390625, ""iso"": 0.26171875, ""ab"": 256}]","[{""id"": 687263, ""name"": ""Zach Neto"", ""bats"": ""R"", ""obp"": 0.32398753894080995, ""slg"": 0.4187725631768953, ""iso"": 0.19855595667870038, ""ab"": 277}, {""id"": 545361, ""name"": ""Mike Trout"", ""bats"": ""R"", ""obp"": 0.39263803680981596, ""slg"": 0.4591439688715953, ""iso"": 0.22957198443579765, ""ab"": 257}, {""id"": 694384, ""name"": ""Nolan Schanuel"", ""bats"": ""L"", ""obp"": 0.31896551724137934, ""slg"": 0.3684210526315789, ""iso"": 0.11483253588516745, ""ab"": 209}]","[{""name"": ""fi_park_nrfi_rate"", ""value"": 0.4239, ""contribution"": 0.2555}, {""name"": ""home_fip"", ""value"": 5.13, ""contribution"": 0.1292}, {""name"": ""away_top3c_slg"", ""value"": 0.4186, ""contribution"": 0.1099}, {""name"": ""home_p_last10_pitcher_nrfi"", ""value"": 0.5, ""contribution"": -0.0846}, {""name"": ""era_gap_t1"", ""value"": 0.6963, ""contribution"": 0.076}]","[{""name"": ""fi_park_nrfi_rate"", ""value"": 0.4239, ""contribution"": 0.3927}, {""name"": ""home_top3_ops_vs_oppHand"", ""value"": 0.868, ""contribution"": 0.1251}, {""name"": ""away_fip"", ""value"": 3.1016, ""contribution"": -0.0947}, {""name"": ""wx_is_dome"", ""value"": 1.0, ""contribution"": -0.0758}, {""name"": ""away_whiff_pct_rank"", ""value"": 65.0, ""contribution"": -0.0652}]",554242,0.4415,4.616,3.122,52.0,65.0,0.7272,0.7136,5.87,6.33,0.7793,0.868,L,R,NRFI,LOSS,0,0,0,2026-06-17T01:50:28+00:00,-105,-125,DraftKings,2026-06-17T00:45:06+00:00,0.5122,0.5556,-0.1058,0.038,0.038,Y,1,-1,-110,-120,2026-06-17T00:39:46+00:00,0.0101,0.4877,PASS,NO EDGE,,,,,,,
2026-06-16,2026,824991,1,N,PIT,OAK,9:40 PM ET,Mitch Keller,Jack Perkins,656605,678022,live,ltd,live,live,0.93,0.469,0.4688,0.9378,0.373,0.6002,0.9732,0.3845,0.6155,0.2414,0.7586,,,YRFI,STRONG,STRONG YRFI,4,2026-06-17T00:36:03Z,4.815,5.159,1.293,1.291,3.842,3.734,2.97,3.18,0.83,1.07,7.08,9.69,0.331,0.328,0.403,0.419,4.869,4.58,19.6,14.2,74.0,0.0,0.4,1.0,0.5,0.9,0.377,0.3666,0.525,0.4668,0.2522,0.2043,lineup,lineup,"[{""id"": 701762, ""name"": ""Nick Kurtz"", ""bats"": ""L"", ""obp"": 0.4430769230769231, ""slg"": 0.5625, ""iso"": 0.26953125, ""ab"": 256}, {""id"": 669127, ""name"": ""Shea Langeliers"", ""bats"": ""R"", ""obp"": 0.34448160535117056, ""slg"": 0.5350553505535055, ""iso"": 0.25461254612546125, ""ab"": 271}, {""id"": 691016, ""name"": ""Tyler Soderstrom"", ""bats"": ""L"", ""obp"": 0.33676975945017185, ""slg"": 0.4763779527559055, ""iso"": 0.2322834645669291, ""ab"": 254}]","[{""id"": 687462, ""name"": ""Spencer Horwitz"", ""bats"": ""L"", ""obp"": 0.38257575757575757, ""slg"": 0.45248868778280543, ""iso"": 0.17194570135746606, ""ab"": 221}, {""id"": 664040, ""name"": ""Brandon Lowe"", ""bats"": ""L"", ""obp"": 0.3231292517006803, ""slg"": 0.5057915057915058, ""iso"": 0.26640926640926643, ""ab"": 259}, {""id"": 668804, ""name"": ""Bryan Reynolds"", ""bats"": ""S"", ""obp"": 0.39365079365079364, ""slg"": 0.44015444015444016, ""iso"": 0.16988416988416988, ""ab"": 259}]","[{""name"": ""fi_park_nrfi_rate"", ""value"": 0.4422, ""contribution"": 0.1922}, {""name"": ""away_top3c_iso"", ""value"": 0.2043, ""contribution"": 0.182}, {""name"": ""away_top3c_slg"", ""value"": 0.4668, ""contribution"": -0.1346}, {""name"": ""home_p_last10_pitcher_nrfi"", ""value"": 0.5, ""contribution"": -0.0846}, {""name"": ""away_top3_ops_vs_oppHand"", ""value"": 0.849, ""contribution"": 0.0833}]","[{""name"": ""home_top3c_slg"", ""value"": 0.525, ""contribution"": -0.5254}, {""name"": ""home_top3c_iso"", ""value"": 0.2522, ""contribution"": 0.3457}, {""name"": ""fi_park_nrfi_rate"", ""value"": 0.4422, ""contribution"": 0.2954}, {""name"": ""home_top3_ops_vs_oppHand"", ""value"": 0.9033, ""contribution"": 0.1674}, {""name"": ""away_whiff_pct_rank"", ""value"": 18.0, ""contribution"": 0.1376}]",427197,0.5268,3.41,4.372,90.0,18.0,0.7136,0.751,4.8,4.87,0.849,0.9033,R,R,YRFI,WIN,0,4,4,2026-06-17T02:10:52+00:00,+130,-170,DraftKings,2026-06-17T00:45:06+00:00,0.4348,0.6296,-0.0503,-0.0141,-0.0141,Y,1,0.588,+130,-170,2026-06-17T00:39:46+00:00,0,0.4384,YRFI,STRONG,,,,,,,
2026-06-16,2026,823939,1,N,TB,LAD,10:10 PM ET,Drew Rasmussen,Justin Wrobleski,656876,680736,live,live,live,live,0.97,0.4196,0.4112,0.8308,0.3015,0.4953,0.7969,0.4384,0.5616,0.2023,0.7977,,,PASS,LOW LAMBDA,PASS - Low lambda,4,2026-06-17T02:06:42Z,2.728,3.411,0.93,1.118,3.347,3.63,1.82,2.19,1.02,0.83,8.83,6.98,0.332,0.34,0.388,0.436,4.506,5.199,24.7,16.5,55.0,0.0,0.8,0.8,0.8,0.7,0.3674,0.3775,0.5,0.4573,0.2198,0.169,lineup,lineup,"[{""id"": 660271, ""name"": ""Shohei Ohtani"", ""bats"": ""L"", ""obp"": 0.4212218649517685, ""slg"": 0.5396825396825397, ""iso"": 0.24206349206349204, ""ab"": 252}, {""id"": 681624, ""name"": ""Andy Pages"", ""bats"": ""R"", ""obp"": 0.31475409836065577, ""slg"": 0.4910394265232975, ""iso"": 0.22222222222222227, ""ab"": 279}, {""id"": 518692, ""name"": ""Freddie Freeman"", ""bats"": ""L"", ""obp"": 0.36482084690553745, ""slg"": 0.4716981132075472, ""iso"": 0.19622641509433963, ""ab"": 265}]","[{""id"": 650490, ""name"": ""Yandy D\u00edaz"", ""bats"": ""R"", ""obp"": 0.3917525773195876, ""slg"": 0.5058823529411764, ""iso"": 0.19215686274509802, ""ab"": 255}, {""id"": 596103, ""name"": ""Austin Slater"", ""bats"": ""R"", ""obp"": 0.30434782608695654, ""slg"": 0.2786885245901639, ""iso"": 0.04918032786885243, ""ab"": 61}, {""id"": 666018, ""name"": ""Jonathan Aranda"", ""bats"": ""L"", ""obp"": 0.38047138047138046, ""slg"": 0.45121951219512196, ""iso"": 0.17479674796747968, ""ab"": 246}]","[{""name"": ""away_top3c_slg"", ""value"": 0.4573, ""contribution"": -0.0862}, {""name"": ""era_gap_t1"", ""value"": 0.683, ""contribution"": 0.0746}, {""name"": ""home_xera"", ""value"": 3.4006, ""contribution"": -0.0732}, {""name"": ""away_top3c_iso"", ""value"": 0.169, ""contribution"": -0.0666}, {""name"": ""away_top3_ops_vs_oppHand"", ""value"": 0.705, ""contribution"": -0.0634}]","[{""name"": ""home_top3c_slg"", ""value"": 0.5, ""contribution"": -0.3703}, {""name"": ""home_top3c_iso"", ""value"": 0.2198, ""contribution"": 0.1928}, {""name"": ""home_obp"", ""value"": 0.3401, ""contribution"": 0.1838}, {""name"": ""home_top3_ops_vs_oppHand"", ""value"": 0.895, ""contribution"": 0.1575}, {""name"": ""home_top3c_obp"", ""value"": 0.3674, ""contribution"": 0.0951}]",483564,0.5037,3.401,3.299,17.0,44.0,0.7136,0.7272,5.73,6.07,0.705,0.895,R,L,NRFI,PASS,0,0,0,2026-06-17T02:24:34+00:00,-120,-110,DraftKings,2026-06-17T02:06:46+00:00,0.5455,0.5238,-0.1071,0.0378,0.0481,N,1,,-120,-110,2026-06-17T02:06:46+00:00,0,0.4877,PASS,NO EDGE,,,,,,,
2026-06-16,2026,823045,1,N,SD,STL,7:45 PM ET,Michael King,Andre Pallante,650633,669467,live,live,live,live,0.97,0.4842,0.5078,0.992,0.3062,0.383,0.6891,0.4795,0.5205,0.2613,0.7387,,,PASS,NO EDGE,PASS - No edge,4,2026-06-16T23:36:10Z,3.548,4.404,1.174,1.326,4.262,4.498,3.43,3.32,1.21,1.17,8.43,6.87,0.295,0.322,0.369,0.4,3.948,4.582,26.7,15.5,48.0,0.0,0.6,0.8,0.6,0.9,0.3678,0.2921,0.4408,0.3478,0.1732,0.1266,lineup,lineup,"[{""id"": 802139, ""name"": ""JJ Wetherholt"", ""bats"": ""L"", ""obp"": 0.35451505016722407, ""slg"": 0.396078431372549, ""iso"": 0.14509803921568626, ""ab"": 255}, {""id"": 671056, ""name"": ""Iv\u00e1n Herrera"", ""bats"": ""R"", ""obp"": 0.39622641509433965, ""slg"": 0.4263565891472868, ""iso"": 0.16279069767441856, ""ab"": 258}, {""id"": 676475, ""name"": ""Alec Burleson"", ""bats"": ""L"", ""obp"": 0.3509933774834437, ""slg"": 0.4963235294117647, ""iso"": 0.2095588235294118, ""ab"": 272}]","[{""id"": 665487, ""name"": ""Fernando Tatis Jr."", ""bats"": ""R"", ""obp"": 0.34539473684210525, ""slg"": 0.34572490706319703, ""iso"": 0.06691449814126393, ""ab"": 269}, {""id"": 701538, ""name"": ""Jackson Merrill"", ""bats"": ""L"", ""obp"": 0.27208480565371024, ""slg"": 0.33976833976833976, ""iso"": 0.13513513513513511, ""ab"": 259}, {""id"": 687749, ""name"": ""Jase Bowen"", ""bats"": ""R"", ""obp"": 0.15384615384615385, ""slg"": 0.12, ""iso"": 0.0, ""ab"": 25}]","[{""name"": ""away_top3c_slg"", ""value"": 0.3478, ""contribution"": 0.4682}, {""name"": ""away_top3c_iso"", ""value"": 0.1266, ""contribution"": -0.3655}, {""name"": ""away_top3_ops_vs_oppHand"", ""value"": 0.59, ""contribution"": -0.1806}, {""name"": ""fi_park_nrfi_rate"", ""value"": 0.527, ""contribution"": -0.1009}, {""name"": ""era_gap_t1"", ""value"": 0.8555, ""contribution"": 0.0933}]","[{""name"": ""fi_park_nrfi_rate"", ""value"": 0.527, ""contribution"": -0.1552}, {""name"": ""home_top3_ops_vs_oppHand"", ""value"": 0.8497, ""contribution"": 0.1032}, {""name"": ""home_top3c_obp"", ""value"": 0.3678, ""contribution"": 0.0964}, {""name"": ""away_p_last10_pitcher_nrfi"", ""value"": 0.9, ""contribution"": -0.0601}, {""name"": ""era_gap_b1"", ""value"": -0.8555, ""contribution"": -0.0586}]",544728,0.4859,4.364,3.885,56.0,56.0,0.6796,0.7272,5.47,5.87,0.59,0.8497,R,R,NRFI,PASS,0,0,0,2026-06-17T00:03:06+00:00,-120,-110,DraftKings,2026-06-17T00:00:54+00:00,0.5455,0.5238,-0.066,-0.0033,,N,,,-120,-110,2026-06-16T23:39:43+00:00,,0.5730,NRFI,STRONG,,,,,,,
2026-06-16,2026,824182,1,N,DET,HOU,8:10 PM ET,Framber Valdez,Hunter Brown,664285,686613,live,live,live,live,0.99,0.3738,0.5322,0.906,0.2509,0.3984,0.6492,0.5466,0.4534,0.2297,0.7703,,,NRFI,LEAN,LEAN NRFI,4,2026-06-16T23:06:48Z,4.147,2.107,1.306,1.03,3.974,2.825,3.31,3.28,0.93,0.66,7.68,11.03,0.316,0.318,0.398,0.411,4.19,4.534,,,,1.0,0.8,0.6,0.9,0.6,0.3677,0.3529,0.5347,0.4764,0.2526,0.2138,lineup,lineup,"[{""id"": 665161, ""name"": ""Jeremy Pe\u00f1a"", ""bats"": ""R"", ""obp"": 0.33766233766233766, ""slg"": 0.38405797101449274, ""iso"": 0.1159420289855072, ""ab"": 138}, {""id"": 666211, ""name"": ""Taylor Trammell"", ""bats"": ""L"", ""obp"": 0.34146341463414637, ""slg"": 0.37333333333333335, ""iso"": 0.09333333333333332, ""ab"": 75}, {""id"": 572233, ""name"": ""Christian Walker"", ""bats"": ""R"", ""obp"": 0.31353135313531355, ""slg"": 0.49635036496350365, ""iso"": 0.25182481751824815, ""ab"": 274}]","[{""id"": 805808, ""name"": ""Kevin McGonigle"", ""bats"": ""L"", ""obp"": 0.3901639344262295, ""slg"": 0.42084942084942084, ""iso"": 0.138996138996139, ""ab"": 259}, {""id"": 693307, ""name"": ""Dillon Dingler"", ""bats"": ""R"", ""obp"": 0.3345724907063197, ""slg"": 0.5333333333333333, ""iso"": 0.27499999999999997, ""ab"": 240}, {""id"": 663330, ""name"": ""Jahmai Jones"", ""bats"": ""R"", ""obp"": 0.21505376344086022, ""slg"": 0.2261904761904762, ""iso"": 0.09523809523809523, ""ab"": 84}]","[{""name"": ""away_top3c_iso"", ""value"": 0.2138, ""contribution"": 0.249}, {""name"": ""home_xera"", ""value"": 1.82, ""contribution"": -0.2352}, {""name"": ""era_gap_t1"", ""value"": -2.0405, ""contribution"": -0.2203}, {""name"": ""away_top3c_slg"", ""value"": 0.4764, ""contribution"": -0.1831}, {""name"": ""home_fip"", ""value"": 2.8252, ""contribution"": -0.1295}]","[{""name"": ""home_top3c_slg"", ""value"": 0.5347, ""contribution"": -0.5859}, {""name"": ""home_top3c_iso"", ""value"": 0.2526, ""contribution"": 0.3473}, {""name"": ""home_top3_ops_vs_oppHand"", ""value"": 0.8887, ""contribution"": 0.1499}, {""name"": ""era_gap_b1"", ""value"": 2.0405, ""contribution"": 0.1384}, {""name"": ""home_top3c_obp"", ""value"": 0.3677, ""contribution"": 0.0963}]",482641,0.4806,1.82,3.74,55.0,67.0,0.7613,0.7136,5.67,5.53,0.8693,0.8887,L,R,NRFI,WIN,0,0,0,2026-06-17T00:25:58+00:00,-120,-110,DraftKings,2026-06-17T00:20:16+00:00,0.5455,0.5238,0.0011,-0.0704,0.0011,N,0.5,0,-120,-110,2026-06-16T23:09:47+00:00,0,0.6370,NRFI,STRONG,,,,,,,
2026-06-16,2026,824667,1,N,COL,CHC,8:05 PM ET,Ryan Feltner,Edward Cabrera,663372,665795,ltd,live,live,live,1.0,0.5527,0.5704,1.1232,0.3002,0.4464,0.7465,0.4772,0.5228,0.3094,0.6906,,,PASS,NO EDGE,PASS - No edge,4,2026-06-16T23:36:10Z,4.735,4.343,1.265,1.34,4.621,4.598,3.16,3.23,1.34,1.57,7.51,8.89,0.321,0.329,0.408,0.396,4.551,4.562,21.6,27.1,43.0,0.0,0.8,0.8,0.9,0.8,0.3564,0.3472,0.419,0.4357,0.1583,0.1567,lineup,lineup,"[{""id"": 691718, ""name"": ""Pete Crow-Armstrong"", ""bats"": ""L"", ""obp"": 0.35064935064935066, ""slg"": 0.4927007299270073, ""iso"": 0.21532846715328469, ""ab"": 274}, {""id"": 608324, ""name"": ""Alex Bregman"", ""bats"": ""R"", ""obp"": 0.3384146341463415, ""slg"": 0.3576388888888889, ""iso"": 0.10416666666666669, ""ab"": 288}, {""id"": 683737, ""name"": ""Michael Busch"", ""bats"": ""L"", ""obp"": 0.3805031446540881, ""slg"": 0.4092664092664093, ""iso"": 0.15830115830115832, ""ab"": 259}]","[{""id"": 664983, ""name"": ""Jake McCarthy"", ""bats"": ""L"", ""obp"": 0.3247422680412371, ""slg"": 0.4438202247191011, ""iso"": 0.1629213483146067, ""ab"": 178}, {""id"": 650489, ""name"": ""Willi Castro"", ""bats"": ""S"", ""obp"": 0.35564853556485354, ""slg"": 0.40375586854460094, ""iso"": 0.1220657276995305, ""ab"": 213}, {""id"": 681198, ""name"": ""TJ Rumfield"", ""bats"": ""L"", ""obp"": 0.35587188612099646, ""slg"": 0.4574898785425101, ""iso"": 0.18218623481781376, ""ab"": 247}]","[{""name"": ""fi_park_nrfi_rate"", ""value"": 0.5429, ""contribution"": -0.1558}, {""name"": ""away_top3c_iso"", ""value"": 0.1567, ""contribution"": -0.1532}, {""name"": ""home_p_last10_pitcher_nrfi"", ""value"": 0.9, ""contribution"": 0.0716}, {""name"": ""home_fip"", ""value"": 4.5985, ""contribution"": 0.0696}, {""name"": ""wx_wind_kmh"", ""value"": 27.1, ""contribution"": 0.0695}]","[{""name"": ""fi_park_nrfi_rate"", ""value"": 0.5429, ""contribution"": -0.2395}, {""name"": ""wx_wind_kmh"", ""value"": 27.1, ""contribution"": 0.1643}, {""name"": ""home_top3c_slg"", ""value"": 0.419, ""contribution"": 0.1329}, {""name"": ""home_obp"", ""value"": 0.3293, ""contribution"": 0.1084}, {""name"": ""home_top3c_iso"", ""value"": 0.1583, ""contribution"": -0.0976}]",691042,0.5084,4.053,4.743,76.0,55.0,0.6942,0.7136,4.33,4.8,0.7833,0.7907,R,R,YRFI,PASS,0,1,1,2026-06-17T00:20:31+00:00,+100,-130,DraftKings,2026-06-17T00:00:54+00:00,0.5,0.5652,-0.0228,-0.0424,,N,,,+100,-130,2026-06-17T00:00:54+00:00,,0.4627,PASS,NO EDGE,,,,,,,
2026-06-16,2026,823775,1,N,CLE,MIL,7:40 PM ET,Slade Cecconi,Robert Gasser,677944,688107,live,sm,live,live,1.03,0.5909,0.6246,1.2155,0.2595,0.31,0.5694,0.5535,0.4465,0.343,0.657,,,NRFI,LEAN,LEAN NRFI,4,2026-06-16T22:36:45Z,4.641,4.858,1.351,1.36,4.429,5.03,2.62,3.41,1.39,1.76,7.54,8.97,0.317,0.337,0.378,0.397,4.098,5.208,,,,1.0,0.6,0.8,0.6667,0.6,0.3687,0.3435,0.4791,0.3917,0.196,0.1507,lineup,lineup,"[{""id"": 592885, ""name"": ""Christian Yelich"", ""bats"": ""L"", ""obp"": 0.35260115606936415, ""slg"": 0.42207792207792205, ""iso"": 0.14285714285714285, ""ab"": 154}, {""id"": 694192, ""name"": ""Jackson Chourio"", ""bats"": ""R"", ""obp"": 0.3696969696969697, ""slg"": 0.5723684210526315, ""iso"": 0.24999999999999994, ""ab"": 152}, {""id"": 668930, ""name"": ""Brice Turang"", ""bats"": ""L"", ""obp"": 0.37755102040816324, ""slg"": 0.45714285714285713, ""iso"": 0.19591836734693874, ""ab"": 245}]","[{""id"": 683953, ""name"": ""Travis Bazzana"", ""bats"": ""L"", ""obp"": 0.3448275862068966, ""slg"": 0.40397350993377484, ""iso"": 0.152317880794702, ""ab"": 151}, {""id"": 677587, ""name"": ""Brayan Rocchio"", ""bats"": ""S"", ""obp"": 0.35294117647058826, ""slg"": 0.3991031390134529, ""iso"": 0.1255605381165919, ""ab"": 223}, {""id"": 656555, ""name"": ""Rhys Hoskins"", ""bats"": ""R"", ""obp"": 0.3299492385786802, ""slg"": 0.36942675159235666, ""iso"": 0.18471337579617833, ""ab"": 157}]","[{""name"": ""fi_park_nrfi_rate"", ""value"": 0.5899, ""contribution"": -0.3182}, {""name"": ""away_top3c_slg"", ""value"": 0.3917, ""contribution"": 0.2459}, {""name"": ""away_top3c_iso"", ""value"": 0.1507, ""contribution"": -0.196}, {""name"": ""away_top3_ops_vs_oppHand"", ""value"": 0.6403, ""contribution"": -0.1293}, {""name"": ""home_fip"", ""value"": 5.0303, ""contribution"": 0.1181}]","[{""name"": ""fi_park_nrfi_rate"", ""value"": 0.5899, ""contribution"": -0.4892}, {""name"": ""home_top3c_slg"", ""value"": 0.4791, ""contribution"": -0.2406}, {""name"": ""home_obp"", ""value"": 0.3365, ""contribution"": 0.1592}, {""name"": ""home_top3_ops_vs_oppHand"", ""value"": 0.8723, ""contribution"": 0.1303}, {""name"": ""away_whiff_pct_rank"", ""value"": 24.0, ""contribution"": 0.1117}]",596809,0.5038,4.2,4.958,50.0,24.0,0.7136,0.7136,4.2,5.53,0.6403,0.8723,R,L,NRFI,WIN,0,0,0,2026-06-16T23:52:06+00:00,-110,-120,DraftKings,2026-06-17T00:00:54+00:00,0.5238,0.5455,0.0297,-0.099,0.0297,N,0.5,0,-110,-120,2026-06-16T22:39:43+00:00,0,0.6457,NRFI,STRONG,,,,,,,
2026-06-16,2026,822888,1,N,MIN,TEX,8:05 PM ET,Zebby Matthews,Kumar Rocker,805673,677958,live,live,live,live,1.07,0.586,0.5821,1.1681,0.2981,0.348,0.6461,0.5479,0.4521,0.3258,0.6742,,,NRFI,LEAN,LEAN NRFI,4,2026-06-16T22:50:54Z,5.14,4.111,1.302,1.35,4.559,4.265,2.54,3.57,1.64,1.04,8.58,7.6,0.316,0.316,0.4,0.387,4.601,4.075,,,,1.0,0.6,0.2,0.3,0.3,0.3408,0.3342,0.4417,0.4977,0.1724,0.2387,lineup,lineup,"[{""id"": 592626, ""name"": ""Joc Pederson"", ""bats"": ""L"", ""obp"": 0.352112676056338, ""slg"": 0.4581005586592179, ""iso"": 0.21229050279329612, ""ab"": 179}, {""id"": 679822, ""name"": ""Justin Foscue"", ""bats"": ""R"", ""obp"": 0.32051282051282054, ""slg"": 0.4507042253521127, ""iso"": 0.1830985915492958, ""ab"": 71}, {""id"": 683227, ""name"": ""Cody Freeman"", ""bats"": ""R"", ""obp"": 0.35714285714285715, ""slg"": 0.3076923076923077, ""iso"": 0.0, ""ab"": 13}]","[{""id"": 663616, ""name"": ""Trevor Larnach"", ""bats"": ""L"", ""obp"": 0.3592233009708738, ""slg"": 0.3693181818181818, ""iso"": 0.11931818181818182, ""ab"": 176}, {""id"": 693459, ""name"": ""Kyler Fedko"", ""bats"": ""R"", ""obp"": 0.0, ""slg"": 0.0, ""iso"": 0.0, ""ab"": 4}, {""id"": 668952, ""name"": ""Ryan Kreidler"", ""bats"": ""R"", ""obp"": 0.33766233766233766, ""slg"": 0.44776119402985076, ""iso"": 0.20895522388059704, ""ab"": 67}]","[{""name"": ""away_top3c_iso"", ""value"": 0.2387, ""contribution"": 0.424}, {""name"": ""away_top3c_slg"", ""value"": 0.4977, ""contribution"": -0.2907}, {""name"": ""home_p_last10_pitcher_nrfi"", ""value"": 0.3, ""contribution"": -0.1627}, {""name"": ""fi_park_nrfi_rate"", ""value"": 0.5398, ""contribution"": -0.1451}, {""name"": ""era_gap_t1"", ""value"": -1.0294, ""contribution"": -0.1108}]","[{""name"": ""fi_park_nrfi_rate"", ""value"": 0.5398, ""contribution"": -0.2231}, {""name"": ""away_p_last10_pitcher_nrfi"", ""value"": 0.3, ""contribution"": 0.137}, {""name"": ""wx_is_dome"", ""value"": 1.0, ""contribution"": -0.0758}, {""name"": ""era_gap_b1"", ""value"": 1.0294, ""contribution"": 0.0696}, {""name"": ""away_fip"", ""value"": 4.5592, ""contribution"": 0.061}]",427315,0.5564,4.973,4.2,44.0,50.0,0.7136,0.6796,5.13,5.87,0.855,0.7383,R,R,YRFI,LOSS,2,0,2,2026-06-17T00:23:56+00:00,-115,-110,DraftKings,2026-06-17T00:00:54+00:00,0.5349,0.5238,0.013,-0.0717,0.013,N,0.5,0,-115,-110,2026-06-16T22:59:23+00:00,0,0.4877,PASS,NO EDGE,,,,,,,
2026-06-16,2026,823128,1,N,BAL,SEA,9:40 PM ET,Brandon Young,Logan Gilbert,687064,669302,live,live,live,live,0.95,0.4409,0.5212,0.962,0.2587,0.4168,0.6754,0.5029,0.4971,0.2503,0.7497,,,NRFI,LEAN,LEAN NRFI,4,2026-06-17T00:36:03Z,3.921,3.56,1.304,1.063,4.409,3.768,3.1,2.15,1.2,1.44,7.31,10.18,0.323,0.316,0.405,0.399,4.665,4.301,,,,1.0,0.8,0.8,0.6,0.7,0.3084,0.3485,0.3951,0.4109,0.1744,0.1636,lineup,lineup,"[{""id"": 641487, ""name"": ""J.P. Crawford"", ""bats"": ""L"", ""obp"": 0.3562231759656652, ""slg"": 0.40932642487046633, ""iso"": 0.18134715025906736, ""ab"": 193}, {""id"": 663728, ""name"": ""Cal Raleigh"", ""bats"": ""S"", ""obp"": 0.2430939226519337, ""slg"": 0.3167701863354037, ""iso"": 0.15527950310559005, ""ab"": 161}, {""id"": 677594, ""name"": ""Julio Rodr\u00edguez"", ""bats"": ""R"", ""obp"": 0.3105590062111801, ""slg"": 0.42857142857142855, ""iso"": 0.1802721088435374, ""ab"": 294}]","[{""id"": 621493, ""name"": ""Taylor Ward"", ""bats"": ""R"", ""obp"": 0.4036144578313253, ""slg"": 0.3522727272727273, ""iso"": 0.09469696969696972, ""ab"": 264}, {""id"": 683002, ""name"": ""Gunnar Henderson"", ""bats"": ""L"", ""obp"": 0.296969696969697, ""slg"": 0.4180602006688963, ""iso"": 0.19063545150501673, ""ab"": 299}, {""id"": 668939, ""name"": ""Adley Rutschman"", ""bats"": ""S"", ""obp"": 0.3425925925925926, ""slg"": 0.48148148148148145, ""iso"": 0.21693121693121692, ""ab"": 189}]","[{""name"": ""away_top3c_slg"", ""value"": 0.4109, ""contribution"": 0.1487}, {""name"": ""away_top3c_iso"", ""value"": 0.1636, ""contribution"": -0.1051}, {""name"": ""home_xera"", ""value"": 3.1658, ""contribution"": -0.0973}, {""name"": ""fi_park_nrfi_rate"", ""value"": 0.5131, ""contribution"": -0.0529}, {""name"": ""home_p_last10_pitcher_nrfi"", ""value"": 0.6, ""contribution"": -0.0455}]","[{""name"": ""home_top3c_slg"", ""value"": 0.3951, ""contribution"": 0.2816}, {""name"": ""away_whiff_pct_rank"", ""value"": 14.0, ""contribution"": 0.1549}, {""name"": ""home_top3c_obp"", ""value"": 0.3084, ""contribution"": -0.1118}, {""name"": ""fi_park_nrfi_rate"", ""value"": 0.5131, ""contribution"": -0.0814}, {""name"": ""wx_is_dome"", ""value"": 1.0, ""contribution"": -0.0758}]",503077,0.5258,3.166,4.059,97.0,14.0,0.7396,0.7136,5.93,6.07,0.7717,0.709,R,R,YRFI,LOSS,1,0,1,2026-06-17T01:59:24+00:00,-120,-110,DraftKings,2026-06-17T02:06:46+00:00,0.5455,0.5238,-0.0426,-0.0267,-0.0426,N,0.5,0,-120,-110,2026-06-17T00:39:46+00:00,0,0.6387,NRFI,STRONG,,,,,,,
2026-06-16,2026,823451,1,N,MIA,PHI,6:40 PM ET,Tyler Phillips,Jesús Luzardo,663969,666200,live,live,live,live,1.04,0.4234,0.4939,0.9173,0.3245,0.3129,0.6374,0.5479,0.4521,0.2339,0.7661,,,NRFI,LEAN,LEAN NRFI,4,2026-06-16T21:36:23Z,2.503,4.204,1.25,1.293,3.836,3.157,3.74,2.85,0.67,0.88,7.38,10.29,0.321,0.3,0.385,0.39,4.29,4.132,23.7,9.4,38.0,0.0,1.0,1.0,0.9,1.0,0.3606,0.3709,0.5166,0.4645,0.243,0.1574,lineup,lineup,"[{""id"": 669016, ""name"": ""Brandon Marsh"", ""bats"": ""L"", ""obp"": 0.35658914728682173, ""slg"": 0.49377593360995853, ""iso"": 0.17012448132780084, ""ab"": 241}, {""id"": 656941, ""name"": ""Kyle Schwarber"", ""bats"": ""L"", ""obp"": 0.3633440514469453, ""slg"": 0.5627376425855514, ""iso"": 0.31558935361216733, ""ab"": 263}, {""id"": 547180, ""name"": ""Bryce Harper"", ""bats"": ""L"", ""obp"": 0.3612040133779264, ""slg"": 0.4899598393574297, ""iso"": 0.23694779116465864, ""ab"": 249}]","[{""id"": 669364, ""name"": ""Xavier Edwards"", ""bats"": ""S"", ""obp"": 0.37987012987012986, ""slg"": 0.4344569288389513, ""iso"": 0.13857677902621723, ""ab"": 267}, {""id"": 672640, ""name"": ""Otto Lopez"", ""bats"": ""R"", ""obp"": 0.369281045751634, ""slg"": 0.4755244755244755, ""iso"": 0.13636363636363635, ""ab"": 286}, {""id"": 689414, ""name"": ""Liam Hicks"", ""bats"": ""L"", ""obp"": 0.3626373626373626, ""slg"": 0.4851063829787234, ""iso"": 0.20425531914893613, ""ab"": 235}]","[{""name"": ""era_gap_t1"", ""value"": 1.7017, ""contribution"": 0.1849}, {""name"": ""away_top3c_iso"", ""value"": 0.1574, ""contribution"": -0.1488}, {""name"": ""away_top3c_slg"", ""value"": 0.4645, ""contribution"": -0.1226}, {""name"": ""away_top3_ops_vs_oppHand"", ""value"": 0.8707, ""contribution"": 0.1054}, {""name"": ""home_xera"", ""value"": 3.2004, ""contribution"": -0.0937}]","[{""name"": ""home_top3c_slg"", ""value"": 0.5166, ""contribution"": -0.4734}, {""name"": ""home_top3c_iso"", ""value"": 0.243, ""contribution"": 0.3022}, {""name"": ""home_top3_ops_vs_oppHand"", ""value"": 0.9183, ""contribution"": 0.1854}, {""name"": ""away_whiff_pct_rank"", ""value"": 85.0, ""contribution"": -0.1515}, {""name"": ""fi_park_nrfi_rate"", ""value"": 0.473, ""contribution"": 0.1321}]",503493,0.522,3.2,4.17,90.0,85.0,0.751,0.7272,5.8,4.08,0.8707,0.9183,R,L,YRFI,LOSS,0,3,3,2026-06-16T23:07:14+00:00,-120,-110,DraftKings,2026-06-16T22:45:01+00:00,0.5455,0.5238,0.0024,-0.0717,0.0024,N,0.5,0,-120,-110,2026-06-16T21:35:57+00:00,0,0.4877,PASS,NO EDGE,,,,,,,
2026-06-16,2026,824750,1,N,TOR,BOS,6:45 PM ET,Dylan Cease,Payton Tolle,656302,801139,live,ltd,live,live,1.05,0.4103,0.453,0.8633,0.2403,0.2688,0.5091,0.5787,0.4213,0.2141,0.7859,,,NRFI,LEAN,LEAN NRFI,4,2026-06-16T21:44:05Z,3.517,3.332,1.223,1.14,2.798,3.344,3.66,2.61,0.83,0.81,12.85,8.98,0.315,0.314,0.391,0.388,4.144,4.113,24.8,11.2,28.0,0.0,0.8,0.6,0.7,0.6,0.3371,0.3353,0.4192,0.3992,0.1444,0.1289,lineup,lineup,"[{""id"": 807799, ""name"": ""Masataka Yoshida"", ""bats"": ""L"", ""obp"": 0.3333333333333333, ""slg"": 0.3358208955223881, ""iso"": 0.08955223880597019, ""ab"": 134}, {""id"": 678882, ""name"": ""Ceddanne Rafaela"", ""bats"": ""R"", ""obp"": 0.34108527131782945, ""slg"": 0.4495798319327731, ""iso"": 0.16386554621848742, ""ab"": 238}, {""id"": 677800, ""name"": ""Wilyer Abreu"", ""bats"": ""L"", ""obp"": 0.3356164383561644, ""slg"": 0.4339622641509434, ""iso"": 0.1547169811320755, ""ab"": 265}]","[{""id"": 543807, ""name"": ""George Springer"", ""bats"": ""R"", ""obp"": 0.30275229357798167, ""slg"": 0.3541666666666667, ""iso"": 0.14583333333333334, ""ab"": 192}, {""id"": 676391, ""name"": ""Ernie Clement"", ""bats"": ""R"", ""obp"": 0.3240418118466899, ""slg"": 0.4601449275362319, ""iso"": 0.15579710144927533, ""ab"": 276}, {""id"": 665489, ""name"": ""Vladimir Guerrero Jr."", ""bats"": ""R"", ""obp"": 0.3715277777777778, ""slg"": 0.36585365853658536, ""iso"": 0.08536585365853655, ""ab"": 246}]","[{""name"": ""away_top3c_iso"", ""value"": 0.1289, ""contribution"": -0.3496}, {""name"": ""away_top3c_slg"", ""value"": 0.3992, ""contribution"": 0.2082}, {""name"": ""home_xera"", ""value"": 3.3267, ""contribution"": -0.0808}, {""name"": ""home_fip"", ""value"": 3.3439, ""contribution"": -0.0713}, {""name"": ""away_top3_ops_vs_oppHand"", ""value"": 0.831, ""contribution"": 0.065}]","[{""name"": ""away_whiff_pct_rank"", ""value"": 97.0, ""contribution"": -0.2033}, {""name"": ""home_top3c_iso"", ""value"": 0.1444, ""contribution"": -0.1633}, {""name"": ""home_top3c_slg"", ""value"": 0.4192, ""contribution"": 0.1319}, {""name"": ""away_fip"", ""value"": 2.7979, ""contribution"": -0.1272}, {""name"": ""fi_park_nrfi_rate"", ""value"": 0.5121, ""contribution"": -0.076}]",427292,0.5307,3.327,3.276,100.0,97.0,0.7136,0.7309,6.13,5.93,0.831,0.7037,R,L,NRFI,WIN,0,0,0,2026-06-16T23:09:30+00:00,-160,+125,DraftKings,2026-06-16T22:45:01+00:00,0.6154,0.4444,-0.0367,-0.0231,-0.0367,N,0.5,0,-160,+125,2026-06-16T21:44:55+00:00,0,0.5523,PASS,NO EDGE,,,,,,,
2026-06-17,2026,822721,1,N,KC,WSH,1:05 PM ET,Luinder Avila,Zack Littell,679883,641793,ltd,live,live,live,0.97,0.5615,0.6792,1.2407,0.4682,0.5806,1.0488,0.3354,0.6646,0.352,0.648,,,YRFI,STRONG,STRONG YRFI,4,2026-06-17T15:35:34Z,5.068,4.751,1.504,1.258,4.613,5.667,4.38,2.37,1.17,2.02,8.36,5.68,0.317,0.323,0.383,0.421,4.073,5.309,30.4,14.9,35.0,0.0,1.0,0.25,0.8,0.25,0.3566,0.3349,0.5044,0.4286,0.2405,0.1658,lineup,lineup,"[{""id"": 695578, ""name"": ""James Wood"", ""bats"": ""L"", ""obp"": 0.4115942028985507, ""slg"": 0.5551601423487544, ""iso"": 0.27402135231316727, ""ab"": 281}, {""id"": 671277, ""name"": ""Luis Garc\u00eda Jr."", ""bats"": ""L"", ""obp"": 0.288135593220339, ""slg"": 0.46255506607929514, ""iso"": 0.19823788546255505, ""ab"": 227}, {""id"": 678554, ""name"": ""Curtis Mead"", ""bats"": ""R"", ""obp"": 0.34299516908212563, ""slg"": 0.47752808988764045, ""iso"": 0.24157303370786518, ""ab"": 178}]","[{""id"": 695600, ""name"": ""Carter Jensen"", ""bats"": ""L"", ""obp"": 0.288, ""slg"": 0.38738738738738737, ""iso"": 0.16666666666666666, ""ab"": 222}, {""id"": 677951, ""name"": ""Bobby Witt Jr."", ""bats"": ""R"", ""obp"": 0.36363636363636365, ""slg"": 0.4539249146757679, ""iso"": 0.16382252559726962, ""ab"": 293}, {""id"": 695506, ""name"": ""Jac Caglianone"", ""bats"": ""L"", ""obp"": 0.3438735177865613, ""slg"": 0.43612334801762115, ""iso"": 0.16740088105726875, ""ab"": 227}]","[{""name"": ""home_fip"", ""value"": 5.6669, ""contribution"": 0.1895}, {""name"": ""away_top3c_iso"", ""value"": 0.1658, ""contribution"": -0.0896}, {""name"": ""home_xera"", ""value"": 4.871, ""contribution"": 0.0774}, {""name"": ""fi_park_nrfi_rate"", ""value"": 0.4761, ""contribution"": 0.0751}, {""name"": ""away_top3c_slg"", ""value"": 0.4286, ""contribution"": 0.0593}]","[{""name"": ""home_top3c_slg"", ""value"": 0.5044, ""contribution"": -0.3974}, {""name"": ""home_top3c_iso"", ""value"": 0.2405, ""contribution"": 0.2904}, {""name"": ""away_p_last10_pitcher_nrfi"", ""value"": 0.25, ""contribution"": 0.1534}, {""name"": ""fi_park_nrfi_rate"", ""value"": 0.4761, ""contribution"": 0.1154}, {""name"": ""home_top3_ops_vs_oppHand"", ""value"": 0.8523, ""contribution"": 0.1064}]",427344,0.4727,4.871,7.921,3.0,50.0,0.7272,0.7136,4.53,3.42,0.755,0.8523,R,R,YRFI,WIN,1,0,1,2026-06-17T17:21:29+00:00,+120,-155,DraftKings,2026-06-17T16:05:56+00:00,0.4545,0.6078,-0.1229,0.0606,0.0606,Y,1,0.645,+120,-155,2026-06-17T16:00:37+00:00,0,0.3767,YRFI,STRONG,,,,,,,
2026-06-17,2026,824746,1,N,TOR,BOS,6:45 PM ET,Max Scherzer,Jake Bennett,453286,687562,live,sm,live,live,1.05,0.501,0.7484,1.2495,0.3332,0.7152,1.0484,0.3357,0.6643,0.3552,0.6448,,,YRFI,STRONG,STRONG YRFI,4,2026-06-17T16:45:57Z,6.786,4.474,1.44,1.326,6.192,4.13,3.26,2.94,2.45,1.04,7.65,7.66,0.314,0.314,0.393,0.387,4.165,4.076,25.9,19.2,33.0,0.0,1.0,0.2,1.0,0.2,0.3144,0.3143,0.3872,0.3929,0.169,0.169,team_fallback,team_fallback,[],[],"[{""name"": ""era_gap_t1"", ""value"": -2.3123, ""contribution"": -0.2497}, {""name"": ""away_top3c_slg"", ""value"": 0.3929, ""contribution"": 0.2399}, {""name"": ""home_p_last10_pitcher_nrfi"", ""value"": 1.0, ""contribution"": 0.1107}, {""name"": ""away_top3c_iso"", ""value"": 0.169, ""contribution"": -0.0668}, {""name"": ""fi_park_nrfi_rate"", ""value"": 0.5121, ""contribution"": -0.0494}]","[{""name"": ""home_top3c_slg"", ""value"": 0.3872, ""contribution"": 0.3302}, {""name"": ""away_fip"", ""value"": 6.1918, ""contribution"": 0.2355}, {""name"": ""away_p_last10_pitcher_nrfi"", ""value"": 0.2, ""contribution"": 0.1698}, {""name"": ""era_gap_b1"", ""value"": 2.3123, ""contribution"": 0.1569}, {""name"": ""home_top3c_obp"", ""value"": 0.3144, ""contribution"": -0.091}]",,0.5084,4.2,4.629,50.0,39.0,0.7136,0.6487,5.11,3.2,0.72,0.72,R,L,NRFI,PASS,0,0,0,2026-06-17T23:16:48+00:00,+100,-135,DraftKings,2026-06-18T03:55:02+00:00,0.5,0.5745,-0.0228,-0.0517,0.038,N,1,,+100,-135,2026-06-17T22:42:35+00:00,0,,,,,,,,,,
2026-06-17,2026,825072,1,N,LAA,ARI,3:40 PM ET,Sam Aldegheri,Eduardo Rodriguez,691951,593958,sm,live,live,live,1.0,0.5479,0.5027,1.0506,0.4124,0.5798,0.9923,0.3718,0.6282,0.2829,0.7171,,,YRFI,STRONG,STRONG YRFI,4,2026-06-17T16:45:57Z,3.559,3.366,1.269,1.332,4.118,4.36,3.32,3.54,1.01,1.08,8.04,7.22,0.318,0.307,0.397,0.385,4.5,4.222,,,,1.0,0.6,0.25,0.5,0.25,0.3069,0.3185,0.3854,0.397,0.169,0.169,team_fallback,team_fallback,[],[],"[{""name"": ""fi_park_nrfi_rate"", ""value"": 0.4239, ""contribution"": 0.2555}, {""name"": ""away_top3c_slg"", ""value"": 0.397, ""contribution"": 0.2191}, {""name"": ""home_p_last10_pitcher_nrfi"", ""value"": 0.5, ""contribution"": -0.0846}, {""name"": ""away_top3c_iso"", ""value"": 0.169, ""contribution"": -0.0668}, {""name"": ""away_top3_ops_vs_oppHand"", ""value"": 0.72, ""contribution"": -0.0481}]","[{""name"": ""fi_park_nrfi_rate"", ""value"": 0.4239, ""contribution"": 0.3927}, {""name"": ""home_top3c_slg"", ""value"": 0.3854, ""contribution"": 0.3414}, {""name"": ""away_p_last10_pitcher_nrfi"", ""value"": 0.25, ""contribution"": 0.1534}, {""name"": ""home_top3c_obp"", ""value"": 0.3069, ""contribution"": -0.1172}, {""name"": ""wx_is_dome"", ""value"": 1.0, ""contribution"": -0.0758}]",,0.5084,4.546,4.2,32.0,50.0,0.664,0.7136,5.6,4.58,0.72,0.72,L,L,YRFI,WIN,1,0,1,2026-06-17T20:00:19+00:00,+100,-130,DraftKings,2026-06-17T18:44:47+00:00,0.5,0.5652,-0.1579,0.0927,0.0927,Y,1,0.769,+100,-130,2026-06-17T18:39:26+00:00,0,,,,,,,,,,
2026-06-17,2026,823450,1,N,MIA,PHI,1:05 PM ET,Sandy Alcantara,Andrew Painter,645261,691725,live,ltd,live,live,1.04,0.5907,0.4842,1.0749,0.4571,0.4772,0.9342,0.4064,0.5936,0.2918,0.7082,,,YRFI,STRONG,STRONG YRFI,4,2026-06-17T15:35:34Z,4.574,5.552,1.235,1.462,4.125,4.78,2.37,3.06,1.12,1.52,6.8,7.77,0.32,0.3,0.385,0.392,4.264,4.176,27.5,18.4,46.0,0.0,0.8,0.8,0.8,0.8,0.3319,0.3467,0.4567,0.4482,0.2191,0.1625,lineup,lineup,"[{""id"": 607208, ""name"": ""Trea Turner"", ""bats"": ""R"", ""obp"": 0.268370607028754, ""slg"": 0.32646048109965636, ""iso"": 0.10996563573883161, ""ab"": 291}, {""id"": 656941, ""name"": ""Kyle Schwarber"", ""bats"": ""L"", ""obp"": 0.3682539682539683, ""slg"": 0.5735849056603773, ""iso"": 0.32452830188679244, ""ab"": 265}, {""id"": 547180, ""name"": ""Bryce Harper"", ""bats"": ""L"", ""obp"": 0.35973597359735976, ""slg"": 0.48412698412698413, ""iso"": 0.23412698412698413, ""ab"": 252}]","[{""id"": 689414, ""name"": ""Liam Hicks"", ""bats"": ""L"", ""obp"": 0.36101083032490977, ""slg"": 0.4811715481171548, ""iso"": 0.20083682008368198, ""ab"": 239}, {""id"": 672640, ""name"": ""Otto Lopez"", ""bats"": ""R"", ""obp"": 0.36774193548387096, ""slg"": 0.47586206896551725, ""iso"": 0.13793103448275862, ""ab"": 290}, {""id"": 669065, ""name"": ""Kyle Stowers"", ""bats"": ""L"", ""obp"": 0.2966507177033493, ""slg"": 0.3621621621621622, ""iso"": 0.15135135135135136, ""ab"": 185}]","[{""name"": ""home_xera"", ""value"": 5.5256, ""contribution"": 0.1445}, {""name"": ""away_top3c_iso"", ""value"": 0.1625, ""contribution"": -0.1129}, {""name"": ""era_gap_t1"", ""value"": 0.9785, ""contribution"": 0.1066}, {""name"": ""home_fip"", ""value"": 4.7795, ""contribution"": 0.0899}, {""name"": ""fi_park_nrfi_rate"", ""value"": 0.473, ""contribution"": 0.0859}]","[{""name"": ""home_top3c_iso"", ""value"": 0.2191, ""contribution"": 0.1891}, {""name"": ""fi_park_nrfi_rate"", ""value"": 0.473, ""contribution"": 0.1321}, {""name"": ""home_top3c_slg"", ""value"": 0.4567, ""contribution"": -0.1012}, {""name"": ""home_obp"", ""value"": 0.3002, ""contribution"": -0.0949}, {""name"": ""away_whiff_pct_rank"", ""value"": 28.0, ""contribution"": 0.0945}]",665298,0.5084,5.526,4.417,50.0,28.0,0.7136,0.6862,5.07,6.73,0.79,0.8357,R,R,YRFI,WIN,2,2,4,2026-06-17T17:27:35+00:00,+105,-135,DraftKings,2026-06-17T16:05:56+00:00,0.4878,0.5745,-0.0814,0.0191,0.0191,Y,1,0.741,+105,-135,2026-06-17T16:00:37+00:00,0,0.4127,YRFI,STRONG,,,,,,,
2026-06-17,2026,824503,1,N,NYM,CIN,12:40 PM ET,Nolan McLean,Nick Lodolo,690997,666157,live,live,live,live,1.09,0.5359,0.5112,1.0471,0.395,0.3631,0.7581,0.4772,0.5228,0.2816,0.7184,,,PASS,LOW LAMBDA,PASS - Low lambda,4,2026-06-17T15:35:34Z,3.774,4.246,1.151,1.26,3.565,4.591,3.42,2.65,0.97,1.57,10.1,8.07,0.299,0.314,0.375,0.399,4.074,4.339,27.7,13.2,47.0,0.0,0.6,1.0,0.8,0.8,0.3523,0.3266,0.484,0.4218,0.2281,0.1618,lineup,lineup,"[{""id"": 695490, ""name"": ""Edwin Arroyo"", ""bats"": ""S"", ""obp"": 0.28205128205128205, ""slg"": 0.2571428571428571, ""iso"": 0.028571428571428553, ""ab"": 35}, {""id"": 668709, ""name"": ""JJ Bleday"", ""bats"": ""L"", ""obp"": 0.3697916666666667, ""slg"": 0.5792682926829268, ""iso"": 0.3109756097560975, ""ab"": 164}, {""id"": 701398, ""name"": ""Sal Stewart"", ""bats"": ""R"", ""obp"": 0.3503184713375796, ""slg"": 0.45555555555555555, ""iso"": 0.20370370370370372, ""ab"": 270}]","[{""id"": 701807, ""name"": ""Carson Benge"", ""bats"": ""L"", ""obp"": 0.3129496402877698, ""slg"": 0.3764705882352941, ""iso"": 0.12549019607843137, ""ab"": 255}, {""id"": 666182, ""name"": ""Bo Bichette"", ""bats"": ""R"", ""obp"": 0.29153605015673983, ""slg"": 0.3728813559322034, ""iso"": 0.12542372881355932, ""ab"": 295}, {""id"": 665742, ""name"": ""Juan Soto"", ""bats"": ""L"", ""obp"": 0.3891213389121339, ""slg"": 0.5490196078431373, ""iso"": 0.25980392156862747, ""ab"": 204}]","[{""name"": ""away_top3c_iso"", ""value"": 0.1618, ""contribution"": -0.1175}, {""name"": ""away_top3c_slg"", ""value"": 0.4218, ""contribution"": 0.0938}, {""name"": ""away_top3_ops_vs_oppHand"", ""value"": 0.8353, ""contribution"": 0.0694}, {""name"": ""home_fip"", ""value"": 4.591, ""contribution"": 0.0687}, {""name"": ""era_gap_t1"", ""value"": 0.4716, ""contribution"": 0.0517}]","[{""name"": ""home_top3c_slg"", ""value"": 0.484, ""contribution"": -0.2709}, {""name"": ""home_top3c_iso"", ""value"": 0.2281, ""contribution"": 0.2319}, {""name"": ""away_whiff_pct_rank"", ""value"": 76.0, ""contribution"": -0.1127}, {""name"": ""wx_temp_c"", ""value"": 27.7, ""contribution"": 0.0538}, {""name"": ""fi_park_nrfi_rate"", ""value"": 0.4892, ""contribution"": 0.0458}]",608158,0.5142,4.2,2.723,50.0,76.0,0.6942,0.7136,5.73,4.8,0.8353,0.7827,R,L,NRFI,PASS,0,0,0,2026-06-17T16:52:27+00:00,-120,-110,DraftKings,2026-06-17T16:38:18+00:00,0.5455,0.5238,-0.1071,0.0378,0.0698,N,1,,-120,-110,2026-06-17T16:38:18+00:00,0,0.5396,PASS,NO EDGE,,,,,,,
2026-06-17,2026,824912,1,N,SF,ATL,2:00 PM ET,Adrian Houser,Grant Holmes,605288,656550,live,live,live,live,0.98,0.5715,0.6116,1.183,0.3135,0.532,0.8455,0.4064,0.5936,0.3312,0.6688,,,PASS,LOW LAMBDA,PASS - Low lambda,4,2026-06-17T06:07:22Z,4.692,4.03,1.44,1.339,4.585,4.933,3.11,4.03,1.22,1.57,6.48,8.61,0.31,0.319,0.414,0.421,4.178,4.959,28.9,20.1,61.0,0.0,0.8,0.4,0.7,0.3,0.3496,0.3592,0.5311,0.4446,0.2546,0.1498,lineup,lineup,"[{""id"": 686948, ""name"": ""Drake Baldwin"", ""bats"": ""L"", ""obp"": 0.3888888888888889, ""slg"": 0.5425531914893617, ""iso"": 0.2393617021276595, ""ab"": 188}, {""id"": 642201, ""name"": ""Eli White"", ""bats"": ""R"", ""obp"": 0.28735632183908044, ""slg"": 0.425, ""iso"": 0.1875, ""ab"": 80}, {""id"": 621566, ""name"": ""Matt Olson"", ""bats"": ""L"", ""obp"": 0.33974358974358976, ""slg"": 0.5539568345323741, ""iso"": 0.2841726618705036, ""ab"": 278}]","[{""id"": 650333, ""name"": ""Luis Arraez"", ""bats"": ""L"", ""obp"": 0.3521594684385382, ""slg"": 0.43478260869565216, ""iso"": 0.11594202898550726, ""ab"": 276}, {""id"": 805811, ""name"": ""Bryce Eldridge"", ""bats"": ""L"", ""obp"": 0.4049586776859504, ""slg"": 0.5480769230769231, ""iso"": 0.23076923076923084, ""ab"": 104}, {""id"": 656305, ""name"": ""Matt Chapman"", ""bats"": ""R"", ""obp"": 0.34782608695652173, ""slg"": 0.41379310344827586, ""iso"": 0.15325670498084293, ""ab"": 261}]","[{""name"": ""away_top3c_iso"", ""value"": 0.1498, ""contribution"": -0.2023}, {""name"": ""home_fip"", ""value"": 4.9334, ""contribution"": 0.1072}, {""name"": ""era_gap_t1"", ""value"": -0.6618, ""contribution"": -0.071}, {""name"": ""home_xera"", ""value"": 4.7939, ""contribution"": 0.0695}, {""name"": ""wx_temp_c"", ""value"": 28.9, ""contribution"": 0.0458}]","[{""name"": ""home_top3c_slg"", ""value"": 0.5311, ""contribution"": -0.5637}, {""name"": ""home_top3c_iso"", ""value"": 0.2546, ""contribution"": 0.3567}, {""name"": ""away_whiff_pct_rank"", ""value"": 10.0, ""contribution"": 0.1721}, {""name"": ""away_p_last10_pitcher_nrfi"", ""value"": 0.3, ""contribution"": 0.137}, {""name"": ""wx_wind_kmh"", ""value"": 20.1, ""contribution"": 0.0906}]",490319,0.5366,4.794,4.301,50.0,10.0,0.6796,0.7197,5.07,4.6,0.8073,0.7703,R,R,YRFI,PASS,1,2,3,2026-06-17T04:11:41+00:00,,,,,,,,,,,,,,,,,0.4184,YRFI,STRONG,,,,,,,
2026-06-17,2026,823536,1,N,CWS,NYY,7:05 PM ET,Anthony Kay,Carlos Rodón,641743,607074,ltd,live,live,live,1.02,0.5129,0.6399,1.1527,0.3422,0.5433,0.8855,0.4064,0.5936,0.3202,0.6798,,,YRFI,STRONG,STRONG YRFI,4,2026-06-17T16:45:57Z,4.276,3.134,1.36,1.111,4.574,3.727,3.39,4.31,1.3,0.83,7.79,9.59,0.322,0.329,0.409,0.433,4.68,5.087,21.9,17.4,65.0,0.0,0.4,0.6,0.7,0.6,0.3292,0.3218,0.4326,0.4095,0.169,0.169,team_fallback,team_fallback,[],[],"[{""name"": ""fi_park_nrfi_rate"", ""value"": 0.4526, ""contribution"": 0.1563}, {""name"": ""away_top3c_slg"", ""value"": 0.4095, ""contribution"": 0.156}, {""name"": ""era_gap_t1"", ""value"": -1.1422, ""contribution"": -0.1231}, {""name"": ""away_top3c_iso"", ""value"": 0.169, ""contribution"": -0.0668}, {""name"": ""away_top3_ops_vs_oppHand"", ""value"": 0.72, ""contribution"": -0.0481}]","[{""name"": ""fi_park_nrfi_rate"", ""value"": 0.4526, ""contribution"": 0.2403}, {""name"": ""home_obp"", ""value"": 0.3292, ""contribution"": 0.1079}, {""name"": ""era_gap_b1"", ""value"": 1.1422, ""contribution"": 0.0773}, {""name"": ""away_fip"", ""value"": 4.574, ""contribution"": 0.0626}, {""name"": ""wx_wind_kmh"", ""value"": 17.4, ""contribution"": 0.0622}]",,0.5084,4.2,7.586,50.0,50.0,0.751,0.7136,5.33,5.07,0.72,0.72,L,L,YRFI,WIN,0,2,2,2026-06-17T23:30:59+00:00,-120,-110,DraftKings,2026-06-17T22:10:17+00:00,0.5455,0.5238,-0.1847,0.1154,0.1154,Y,1,0.909,-120,-110,2026-06-17T22:04:51+00:00,0,,,,,,,,,,
2026-06-17,2026,824992,1,N,PIT,OAK,9:40 PM ET,Braxton Ashcraft,Aaron Civale,677952,650644,live,live,live,live,0.93,0.587,0.3907,0.9777,0.51,0.4233,0.9333,0.4064,0.5936,0.2561,0.7439,,,YRFI,STRONG,STRONG YRFI,4,2026-06-17T16:45:57Z,3.309,4.431,1.15,1.383,3.122,5.103,2.36,2.83,0.82,1.71,9.43,7.01,0.332,0.328,0.405,0.418,4.882,4.585,20.8,20.0,75.0,0.0,0.8,0.8,0.7,0.9,0.3284,0.3318,0.4178,0.4045,0.169,0.169,team_fallback,team_fallback,[],[],"[{""name"": ""fi_park_nrfi_rate"", ""value"": 0.4422, ""contribution"": 0.1922}, {""name"": ""away_top3c_slg"", ""value"": 0.4045, ""contribution"": 0.1812}, {""name"": ""home_fip"", ""value"": 5.103, ""contribution"": 0.1262}, {""name"": ""era_gap_t1"", ""value"": 1.1217, ""contribution"": 0.1221}, {""name"": ""away_top3c_iso"", ""value"": 0.169, ""contribution"": -0.0668}]","[{""name"": ""fi_park_nrfi_rate"", ""value"": 0.4422, ""contribution"": 0.2954}, {""name"": ""home_top3c_slg"", ""value"": 0.4178, ""contribution"": 0.1404}, {""name"": ""away_whiff_pct_rank"", ""value"": 76.0, ""contribution"": -0.1127}, {""name"": ""home_obp"", ""value"": 0.3284, ""contribution"": 0.1025}, {""name"": ""away_fip"", ""value"": 3.122, ""contribution"": -0.0925}]",,0.5084,4.013,2.96,28.0,76.0,0.7075,0.7136,5.0,5.87,0.72,0.72,R,R,YRFI,WIN,3,0,3,2026-06-18T01:56:52+00:00,+115,-150,DraftKings,2026-06-18T00:41:27+00:00,0.4651,0.6,-0.1133,0.0482,0.0482,Y,1,0.667,+115,-150,2026-06-18T00:36:10+00:00,0,,,,,,,,,,
2026-06-17,2026,823127,1,N,BAL,SEA,9:40 PM ET,Kyle Bradish,George Kirby,680694,669923,live,live,live,live,0.95,0.4027,0.5551,0.9578,0.2817,0.301,0.5827,0.5514,0.4486,0.2487,0.7513,,,PASS,LINEUP PENDING,PASS - Lineup pending,4,2026-06-17T16:45:57Z,4.099,4.115,1.439,1.271,4.408,3.404,4.13,2.19,1.27,0.93,9.33,8.53,0.321,0.317,0.402,0.397,4.624,4.287,,,,1.0,0.4,0.6,0.7,0.8,0.3168,0.321,0.397,0.402,0.169,0.169,team_fallback,team_fallback,[],[],"[{""name"": ""away_top3c_slg"", ""value"": 0.402, ""contribution"": 0.1938}, {""name"": ""away_top3c_iso"", ""value"": 0.169, ""contribution"": -0.0668}, {""name"": ""home_fip"", ""value"": 3.4037, ""contribution"": -0.0646}, {""name"": ""home_xera"", ""value"": 3.551, ""contribution"": -0.0578}, {""name"": ""fi_park_nrfi_rate"", ""value"": 0.5131, ""contribution"": -0.0529}]","[{""name"": ""home_top3c_slg"", ""value"": 0.397, ""contribution"": 0.2694}, {""name"": ""away_whiff_pct_rank"", ""value"": 94.0, ""contribution"": -0.1904}, {""name"": ""home_top3c_obp"", ""value"": 0.3168, ""contribution"": -0.0823}, {""name"": ""fi_park_nrfi_rate"", ""value"": 0.5131, ""contribution"": -0.0814}, {""name"": ""wx_is_dome"", ""value"": 1.0, ""contribution"": -0.0758}]",,0.5084,3.551,3.85,72.0,94.0,0.7197,0.7272,5.4,5.27,0.72,0.72,R,R,NRFI,WIN,0,0,0,2026-06-18T01:52:59+00:00,-135,+105,DraftKings,2026-06-18T03:55:02+00:00,0.5745,0.4878,-0.0231,-0.0392,-0.0231,N,0.5,0,-135,+105,2026-06-18T00:36:10+00:00,0,,,,,,,,,,
2026-06-17,2026,823774,1,N,CLE,MIL,7:40 PM ET,Gavin Williams,Brandon Sproat,668909,687075,live,ltd,live,live,1.03,0.5924,0.5899,1.1822,0.3968,0.222,0.6189,0.5479,0.4521,0.3309,0.6691,,,PASS,LINEUP PENDING,PASS - Lineup pending,4,2026-06-17T16:45:57Z,3.238,5.13,1.154,1.389,4.049,4.819,3.41,3.88,1.32,1.48,10.01,8.55,0.316,0.335,0.375,0.396,4.062,5.171,,,,1.0,0.8,0.8,0.8,0.7,0.3349,0.316,0.3963,0.3755,0.169,0.169,team_fallback,team_fallback,[],[],"[{""name"": ""away_top3c_slg"", ""value"": 0.3755, ""contribution"": 0.3282}, {""name"": ""fi_park_nrfi_rate"", ""value"": 0.5899, ""contribution"": -0.3182}, {""name"": ""era_gap_t1"", ""value"": 1.8922, ""contribution"": 0.2055}, {""name"": ""home_fip"", ""value"": 4.8194, ""contribution"": 0.0944}, {""name"": ""away_top3c_iso"", ""value"": 0.169, ""contribution"": -0.0668}]","[{""name"": ""fi_park_nrfi_rate"", ""value"": 0.5899, ""contribution"": -0.4892}, {""name"": ""home_top3c_slg"", ""value"": 0.3963, ""contribution"": 0.2739}, {""name"": ""away_whiff_pct_rank"", ""value"": 88.0, ""contribution"": -0.1645}, {""name"": ""home_obp"", ""value"": 0.3349, ""contribution"": 0.148}, {""name"": ""era_gap_b1"", ""value"": -1.8922, ""contribution"": -0.1291}]",,0.5084,4.139,4.171,16.0,88.0,0.7136,0.7272,4.8,6.27,0.72,0.72,R,R,YRFI,LOSS,0,3,3,2026-06-17T23:57:50+00:00,-135,+105,DraftKings,2026-06-18T03:55:02+00:00,0.5745,0.4878,-0.006,-0.0563,-0.006,N,0.5,0,-135,+105,2026-06-17T22:37:16+00:00,0,,,,,,,,,,
2026-06-17,2026,824178,1,N,DET,HOU,2:10 PM ET,Casey Mize,Peter Lambert,663554,663567,live,ltd,live,live,0.99,0.4729,0.3917,0.8646,0.3252,0.3116,0.6368,0.5479,0.4521,0.2146,0.7854,,,NRFI,LEAN,LEAN NRFI,4,2026-06-17T16:45:57Z,3.004,3.759,1.108,1.231,3.134,3.968,2.24,3.53,0.79,0.96,8.91,8.53,0.316,0.318,0.395,0.409,4.165,4.528,,,,1.0,0.6,1.0,0.7,1.0,0.3676,0.3715,0.5319,0.4642,0.2493,0.1847,lineup,lineup,"[{""id"": 665161, ""name"": ""Jeremy Pe\u00f1a"", ""bats"": ""R"", ""obp"": 0.33962264150943394, ""slg"": 0.3916083916083916, ""iso"": 0.11888111888111891, ""ab"": 143}, {""id"": 670541, ""name"": ""Yordan Alvarez"", ""bats"": ""L"", ""obp"": 0.43034055727554177, ""slg"": 0.6444444444444445, ""iso"": 0.31851851851851853, ""ab"": 270}, {""id"": 572233, ""name"": ""Christian Walker"", ""bats"": ""R"", ""obp"": 0.31596091205211724, ""slg"": 0.49458483754512633, ""iso"": 0.2490974729241877, ""ab"": 277}]","[{""id"": 805808, ""name"": ""Kevin McGonigle"", ""bats"": ""L"", ""obp"": 0.39158576051779936, ""slg"": 0.4198473282442748, ""iso"": 0.1374045801526717, ""ab"": 262}, {""id"": 693307, ""name"": ""Dillon Dingler"", ""bats"": ""R"", ""obp"": 0.32967032967032966, ""slg"": 0.5267489711934157, ""iso"": 0.271604938271605, ""ab"": 243}, {""id"": 682985, ""name"": ""Riley Greene"", ""bats"": ""L"", ""obp"": 0.3888888888888889, ""slg"": 0.45075757575757575, ""iso"": 0.1515151515151515, ""ab"": 264}]","[{""name"": ""home_xera"", ""value"": 2.829, ""contribution"": -0.1318}, {""name"": ""away_top3c_slg"", ""value"": 0.4642, ""contribution"": -0.1214}, {""name"": ""away_top3_ops_vs_oppHand"", ""value"": 0.869, ""contribution"": 0.1037}, {""name"": ""era_gap_t1"", ""value"": 0.7547, ""contribution"": 0.0823}, {""name"": ""fi_park_nrfi_rate"", ""value"": 0.482, ""contribution"": 0.0547}]","[{""name"": ""home_top3c_slg"", ""value"": 0.5319, ""contribution"": -0.5683}, {""name"": ""home_top3c_iso"", ""value"": 0.2493, ""contribution"": 0.3317}, {""name"": ""home_top3_ops_vs_oppHand"", ""value"": 0.873, ""contribution"": 0.1311}, {""name"": ""home_top3c_obp"", ""value"": 0.3676, ""contribution"": 0.0956}, {""name"": ""away_p_last10_pitcher_nrfi"", ""value"": 1.0, ""contribution"": -0.0929}]",511890,0.5521,2.829,3.428,50.0,53.0,0.7136,0.7136,5.53,5.0,0.869,0.873,R,R,NRFI,WIN,0,0,0,2026-06-17T18:20:38+00:00,-115,-115,DraftKings,2026-06-18T03:55:02+00:00,0.5349,0.5349,0.013,-0.0828,0.013,N,0.5,0,-115,-115,2026-06-17T17:07:30+00:00,0,,,,,,,,,,
2026-06-17,2026,823940,1,N,TB,LAD,3:10 PM ET,Shane McClanahan,Shohei Ohtani,663556,660271,ltd,live,live,live,0.97,0.3482,0.4674,0.8156,0.2691,0.4244,0.6935,0.4795,0.5205,0.1968,0.8032,,,PASS,LINEUP PENDING,PASS - Lineup pending,4,2026-06-17T16:45:57Z,3.592,2.03,1.205,0.965,3.332,2.853,3.03,2.68,0.72,0.61,9.08,9.85,0.33,0.339,0.386,0.435,4.453,5.152,23.9,15.5,62.0,0.0,1.0,0.8,1.0,0.8,0.3409,0.33,0.4809,0.3856,0.2069,0.169,lineup,team_fallback,"[{""id"": 669242, ""name"": ""Tommy Edman"", ""bats"": ""S"", ""obp"": null, ""slg"": null, ""iso"": null, ""ab"": null}, {""id"": 681624, ""name"": ""Andy Pages"", ""bats"": ""R"", ""obp"": 0.313915857605178, ""slg"": 0.4876325088339223, ""iso"": 0.21908127208480566, ""ab"": 283}, {""id"": 518692, ""name"": ""Freddie Freeman"", ""bats"": ""L"", ""obp"": 0.36774193548387096, ""slg"": 0.47388059701492535, ""iso"": 0.19402985074626866, ""ab"": 268}]",[],"[{""name"": ""away_top3c_slg"", ""value"": 0.3856, ""contribution"": 0.277}, {""name"": ""home_xera"", ""value"": 1.7145, ""contribution"": -0.246}, {""name"": ""era_gap_t1"", ""value"": -1.5611, ""contribution"": -0.1684}, {""name"": ""home_fip"", ""value"": 2.8526, ""contribution"": -0.1264}, {""name"": ""home_p_last10_pitcher_nrfi"", ""value"": 1.0, ""contribution"": 0.1107}]","[{""name"": ""home_top3c_slg"", ""value"": 0.4809, ""contribution"": -0.2519}, {""name"": ""home_obp"", ""value"": 0.3393, ""contribution"": 0.1784}, {""name"": ""home_top3c_iso"", ""value"": 0.2069, ""contribution"": 0.1316}, {""name"": ""era_gap_b1"", ""value"": 1.5611, ""contribution"": 0.1058}, {""name"": ""fi_park_nrfi_rate"", ""value"": 0.4823, ""contribution"": 0.0827}]",483919,0.4901,1.714,4.746,85.0,50.0,0.7136,0.7136,6.13,4.87,0.72,0.7257,L,R,NRFI,WIN,0,0,0,2026-06-17T19:22:12+00:00,-140,+110,DraftKings,2026-06-18T03:55:02+00:00,0.5833,0.4762,-0.0418,-0.0177,-0.0418,N,0.5,0,-140,+110,2026-06-17T18:07:01+00:00,0,,,,,,,,,,
2026-06-17,2026,824668,1,N,COL,CHC,8:05 PM ET,Sean Sullivan,Javier Assad,807743,665871,sm,ltd,live,live,1.0,0.4637,0.5055,0.9691,0.3457,0.3421,0.6878,0.4795,0.5205,0.2529,0.7471,,,PASS,LINEUP PENDING,PASS - Lineup pending,4,2026-06-17T16:45:57Z,3.879,4.0,1.219,1.137,4.011,4.084,2.73,2.54,1.13,1.0,8.56,6.75,0.321,0.329,0.407,0.396,4.556,4.534,17.5,11.3,97.0,0.0,0.8,1.0,0.9,1.0,0.3293,0.321,0.3962,0.407,0.169,0.169,team_fallback,team_fallback,[],[],"[{""name"": ""away_top3c_slg"", ""value"": 0.407, ""contribution"": 0.1685}, {""name"": ""fi_park_nrfi_rate"", ""value"": 0.5429, ""contribution"": -0.1558}, {""name"": ""home_p_last10_pitcher_nrfi"", ""value"": 0.9, ""contribution"": 0.0716}, {""name"": ""away_top3c_iso"", ""value"": 0.169, ""contribution"": -0.0668}, {""name"": ""home_xera"", ""value"": 4.7623, ""contribution"": 0.0663}]","[{""name"": ""home_top3c_slg"", ""value"": 0.3962, ""contribution"": 0.2746}, {""name"": ""fi_park_nrfi_rate"", ""value"": 0.5429, ""contribution"": -0.2395}, {""name"": ""home_obp"", ""value"": 0.3293, ""contribution"": 0.1086}, {""name"": ""away_p_last10_pitcher_nrfi"", ""value"": 1.0, ""contribution"": -0.0929}, {""name"": ""home_top3_ops_vs_oppHand"", ""value"": 0.72, ""contribution"": -0.0521}]",,0.5084,4.762,4.2,3.0,50.0,0.7613,0.7136,5.4,3.0,0.72,0.72,L,R,NRFI,WIN,0,0,0,2026-06-18T00:18:28+00:00,+110,-140,DraftKings,2026-06-18T03:55:02+00:00,0.4762,0.5833,0.0717,-0.1312,0.0717,N,0.5,0,+110,-140,2026-06-17T23:04:15+00:00,0,,,,,,,,,,
2026-06-17,2026,823044,1,N,SD,STL,2:15 PM ET,Bradgley Rodriguez,Kyle Leahy,699134,681517,ltd,live,live,live,0.97,0.4516,0.4619,0.9135,0.3396,0.399,0.7386,0.4772,0.5228,0.2325,0.7675,,,PASS,NO EDGE,PASS - No edge,4,2026-06-17T16:45:57Z,3.26,4.149,1.233,1.455,3.567,4.137,3.08,3.27,0.79,1.05,8.6,7.71,0.294,0.323,0.366,0.399,3.925,4.564,31.0,26.9,50.0,0.0,0.6,1.0,0.8,1.0,0.3694,0.3148,0.4391,0.351,0.1706,0.1023,lineup,lineup,"[{""id"": 802139, ""name"": ""JJ Wetherholt"", ""bats"": ""L"", ""obp"": 0.3618421052631579, ""slg"": 0.4015444015444015, ""iso"": 0.14285714285714285, ""ab"": 259}, {""id"": 671056, ""name"": ""Iv\u00e1n Herrera"", ""bats"": ""R"", ""obp"": 0.39628482972136225, ""slg"": 0.421455938697318, ""iso"": 0.16091954022988508, ""ab"": 261}, {""id"": 676475, ""name"": ""Alec Burleson"", ""bats"": ""L"", ""obp"": 0.3485342019543974, ""slg"": 0.49097472924187724, ""iso"": 0.20577617328519854, ""ab"": 277}]","[{""id"": 665487, ""name"": ""Fernando Tatis Jr."", ""bats"": ""R"", ""obp"": 0.34415584415584416, ""slg"": 0.3443223443223443, ""iso"": 0.06593406593406592, ""ab"": 273}, {""id"": 669392, ""name"": ""Samad Taylor"", ""bats"": ""R"", ""obp"": 0.4117647058823529, ""slg"": 0.4838709677419355, ""iso"": 0.12903225806451613, ""ab"": 31}, {""id"": 701538, ""name"": ""Jackson Merrill"", ""bats"": ""L"", ""obp"": 0.27177700348432055, ""slg"": 0.34220532319391633, ""iso"": 0.13688212927756652, ""ab"": 263}]","[{""name"": ""away_top3c_iso"", ""value"": 0.1023, ""contribution"": -0.5367}, {""name"": ""away_top3c_slg"", ""value"": 0.351, ""contribution"": 0.4523}, {""name"": ""fi_park_nrfi_rate"", ""value"": 0.527, ""contribution"": -0.1009}, {""name"": ""era_gap_t1"", ""value"": 0.8891, ""contribution"": 0.0969}, {""name"": ""wx_wind_kmh"", ""value"": 26.9, ""contribution"": 0.0686}]","[{""name"": ""wx_wind_kmh"", ""value"": 26.9, ""contribution"": 0.1622}, {""name"": ""fi_park_nrfi_rate"", ""value"": 0.527, ""contribution"": -0.1552}, {""name"": ""away_whiff_pct_rank"", ""value"": 85.0, ""contribution"": -0.1515}, {""name"": ""home_top3c_obp"", ""value"": 0.3694, ""contribution"": 0.102}, {""name"": ""home_top3_ops_vs_oppHand"", ""value"": 0.8473, ""contribution"": 0.1004}]",676581,0.5084,4.459,1.65,32.0,85.0,0.7136,0.7136,4.87,1.0,0.7093,0.8473,R,R,YRFI,PASS,1,0,1,2026-06-17T18:34:50+00:00,+130,-170,DraftKings,2026-06-18T03:55:02+00:00,0.4348,0.6296,0.0424,-0.1068,,N,,,+130,-170,2026-06-17T18:12:23+00:00,,,,,,,,,,,
2026-06-17,2026,824913,1,N,SF,ATL,7:15 PM ET,Carson Whisenhunt,JR Ritchie,687931,702275,ltd,ltd,live,live,0.98,0.5259,0.5957,1.1216,0.3849,0.4666,0.8515,0.4064,0.5936,0.3089,0.6911,,,PASS,LINEUP PENDING,PASS - Lineup pending,4,2026-06-17T16:45:57Z,4.332,4.019,1.298,1.294,4.672,4.535,3.27,3.98,1.43,1.2,8.27,8.32,0.31,0.319,0.414,0.421,4.178,4.959,29.5,16.5,53.0,0.0,0.8,0.4,0.8,0.4,0.3193,0.3102,0.421,0.4144,0.169,0.169,team_fallback,team_fallback,[],[],"[{""name"": ""away_top3c_slg"", ""value"": 0.4144, ""contribution"": 0.1308}, {""name"": ""home_xera"", ""value"": 5.1495, ""contribution"": 0.106}, {""name"": ""away_top3c_iso"", ""value"": 0.169, ""contribution"": -0.0668}, {""name"": ""home_fip"", ""value"": 4.5348, ""contribution"": 0.0624}, {""name"": ""wx_temp_c"", ""value"": 29.5, ""contribution"": 0.0494}]","[{""name"": ""home_top3c_slg"", ""value"": 0.421, ""contribution"": 0.1203}, {""name"": ""away_p_last10_pitcher_nrfi"", ""value"": 0.4, ""contribution"": 0.1041}, {""name"": ""home_top3c_obp"", ""value"": 0.3193, ""contribution"": -0.0736}, {""name"": ""away_fip"", ""value"": 4.6724, ""contribution"": 0.0731}, {""name"": ""wx_temp_c"", ""value"": 29.5, ""contribution"": 0.0689}]",,0.5084,5.149,4.2,50.0,50.0,0.7136,0.7136,5.13,4.67,0.72,0.72,L,R,YRFI,PASS,1,0,1,2026-06-17T23:38:05+00:00,-115,-115,DraftKings,2026-06-18T03:55:02+00:00,0.5349,0.5349,-0.1285,0.0587,0.0587,N,1,,-115,-115,2026-06-17T23:14:53+00:00,0,,,,,,,,,,
2026-06-18,2026,823448,1,N,NYM,PHI,6:40 PM ET,Sean Manaea,Aaron Nola,640455,605400,live,live,live,live,1.04,0.5311,0.5085,1.0396,0.4507,0.5094,0.9601,0.3933,0.6067,0.2788,0.7212,,,YRFI,STRONG,STRONG YRFI,4,2026-06-18T21:34:20Z,4.837,5.77,1.301,1.419,3.95,4.577,2.78,2.95,1.32,1.65,9.65,9.12,0.301,0.3,0.376,0.391,4.129,4.174,29.8,26.8,40.0,0.0,1.0,0.6,0.9,0.7,0.3326,0.3303,0.4561,0.4271,0.2171,0.1628,lineup,lineup,"[{""id"": 702222, ""name"": ""Justin Crawford"", ""bats"": ""L"", ""obp"": 0.2927927927927928, ""slg"": 0.3300970873786408, ""iso"": 0.09223300970873788, ""ab"": 206}, {""id"": 656941, ""name"": ""Kyle Schwarber"", ""bats"": ""L"", ""obp"": 0.36363636363636365, ""slg"": 0.5650557620817844, ""iso"": 0.3197026022304833, ""ab"": 269}, {""id"": 547180, ""name"": ""Bryce Harper"", ""bats"": ""L"", ""obp"": 0.36156351791530944, ""slg"": 0.4823529411764706, ""iso"": 0.23137254901960785, ""ab"": 255}]","[{""id"": 701807, ""name"": ""Carson Benge"", ""bats"": ""L"", ""obp"": 0.31095406360424027, ""slg"": 0.38076923076923075, ""iso"": 0.13076923076923075, ""ab"": 260}, {""id"": 666182, ""name"": ""Bo Bichette"", ""bats"": ""R"", ""obp"": 0.2993827160493827, ""slg"": 0.3779264214046823, ""iso"": 0.12374581939799334, ""ab"": 299}, {""id"": 665742, ""name"": ""Juan Soto"", ""bats"": ""L"", ""obp"": 0.39344262295081966, ""slg"": 0.5550239234449761, ""iso"": 0.2583732057416268, ""ab"": 209}]","[{""name"": ""away_top3c_iso"", ""value"": 0.1628, ""contribution"": -0.1108}, {""name"": ""era_gap_t1"", ""value"": 0.933, ""contribution"": 0.1016}, {""name"": ""fi_park_nrfi_rate"", ""value"": 0.473, ""contribution"": 0.0859}, {""name"": ""home_p_last10_pitcher_nrfi"", ""value"": 0.9, ""contribution"": 0.0716}, {""name"": ""wx_wind_kmh"", ""value"": 26.8, ""contribution"": 0.0682}]","[{""name"": ""home_top3c_iso"", ""value"": 0.2171, ""contribution"": 0.1797}, {""name"": ""wx_wind_kmh"", ""value"": 26.8, ""contribution"": 0.1611}, {""name"": ""fi_park_nrfi_rate"", ""value"": 0.473, ""contribution"": 0.1321}, {""name"": ""away_whiff_pct_rank"", ""value"": 24.0, ""contribution"": 0.1117}, {""name"": ""home_top3c_slg"", ""value"": 0.4561, ""contribution"": -0.0976}]",665281,0.5305,4.083,4.68,59.0,24.0,0.7091,0.6909,5.0,3.87,0.764,0.7293,L,R,YRFI,WIN,2,1,3,2026-06-18T23:02:10+00:00,+105,-140,DraftKings,2026-06-18T21:42:39+00:00,0.4878,0.5833,-0.0945,0.0234,0.0234,Y,1,0.714,+105,-140,2026-06-18T21:37:25+00:00,0,0.4079,YRFI,STRONG,,,,,,,
2026-06-18,2026,823533,1,N,CWS,NYY,7:05 PM ET,Bryan Hudson,Ryan Weathers,663542,677960,ltd,live,live,live,1.02,0.5595,0.5405,1.1,0.572,0.6597,1.2317,0.3219,0.6781,0.301,0.699,,,YRFI,STRONG,STRONG YRFI,4,2026-06-18T22:04:03Z,3.392,4.273,1.265,1.204,3.731,4.451,3.33,2.67,0.79,1.66,8.25,9.46,0.322,0.33,0.412,0.436,4.684,5.144,30.5,30.0,31.0,0.0,0.6,0.75,0.6,0.75,0.378,0.3485,0.5504,0.4544,0.2611,0.1922,lineup,lineup,"[{""id"": 700250, ""name"": ""Ben Rice"", ""bats"": ""L"", ""obp"": 0.3896551724137931, ""slg"": 0.611336032388664, ""iso"": 0.31983805668016196, ""ab"": 247}, {""id"": 502671, ""name"": ""Paul Goldschmidt"", ""bats"": ""R"", ""obp"": 0.3675675675675676, ""slg"": 0.5602409638554217, ""iso"": 0.2590361445783132, ""ab"": 166}, {""id"": 641355, ""name"": ""Cody Bellinger"", ""bats"": ""L"", ""obp"": 0.37337662337662336, ""slg"": 0.48659003831417624, ""iso"": 0.20689655172413796, ""ab"": 261}]","[{""id"": 805367, ""name"": ""Chase Meidroth"", ""bats"": ""R"", ""obp"": 0.3469387755102041, ""slg"": 0.39923954372623577, ""iso"": 0.12167300380228141, ""ab"": 263}, {""id"": 643217, ""name"": ""Andrew Benintendi"", ""bats"": ""L"", ""obp"": 0.2982456140350877, ""slg"": 0.4223300970873786, ""iso"": 0.1844660194174757, ""ab"": 206}, {""id"": 678246, ""name"": ""Miguel Vargas"", ""bats"": ""R"", ""obp"": 0.36451612903225805, ""slg"": 0.4844961240310077, ""iso"": 0.24031007751937983, ""ab"": 258}]","[{""name"": ""away_top3_ops_vs_oppHand"", ""value"": 1.0617, ""contribution"": 0.3001}, {""name"": ""fi_park_nrfi_rate"", ""value"": 0.4526, ""contribution"": 0.1563}, {""name"": ""away_top3c_iso"", ""value"": 0.1922, ""contribution"": 0.0964}, {""name"": ""era_gap_t1"", ""value"": 0.8809, ""contribution"": 0.096}, {""name"": ""wx_wind_kmh"", ""value"": 30.0, ""contribution"": 0.0824}]","[{""name"": ""home_top3c_slg"", ""value"": 0.5504, ""contribution"": -0.6836}, {""name"": ""home_top3c_iso"", ""value"": 0.2611, ""contribution"": 0.3876}, {""name"": ""home_top3_ops_vs_oppHand"", ""value"": 1.006, ""contribution"": 0.2903}, {""name"": ""fi_park_nrfi_rate"", ""value"": 0.4526, ""contribution"": 0.2403}, {""name"": ""wx_wind_kmh"", ""value"": 30.0, ""contribution"": 0.1948}]",573597,0.4761,4.324,2.84,88.0,50.0,0.7136,0.7136,5.87,1.08,1.0617,1.006,L,L,NRFI,LOSS,0,0,0,2026-06-18T23:22:32+00:00,+120,-160,DraftKings,2026-06-18T22:06:30+00:00,0.4545,0.6154,-0.1326,0.0627,0.0627,Y,1,-1,+120,-160,2026-06-18T22:03:30+00:00,0,0.4123,YRFI,STRONG,,,,,,,
2026-06-18,2026,823772,1,N,CLE,MIL,2:10 PM ET,Parker Messick,Shane Drohan,800048,675660,live,ltd,live,live,1.03,0.4208,0.4903,0.9111,0.229,0.1932,0.4221,0.6918,0.3082,0.2316,0.7684,,,NRFI,LEAN,LEAN NRFI,4,2026-06-18T17:03:34Z,3.018,3.872,1.152,1.214,3.549,3.493,2.68,2.63,0.97,0.92,9.05,9.08,0.314,0.336,0.375,0.399,4.062,5.215,,,,1.0,0.75,1.0,0.75,1.0,0.3669,0.3446,0.4878,0.3856,0.2056,0.134,lineup,lineup,"[{""id"": 592885, ""name"": ""Christian Yelich"", ""bats"": ""L"", ""obp"": 0.34615384615384615, ""slg"": 0.4294478527607362, ""iso"": 0.15337423312883436, ""ab"": 163}, {""id"": 694192, ""name"": ""Jackson Chourio"", ""bats"": ""R"", ""obp"": 0.36416184971098264, ""slg"": 0.5723270440251572, ""iso"": 0.2578616352201258, ""ab"": 159}, {""id"": 668930, ""name"": ""Brice Turang"", ""bats"": ""L"", ""obp"": 0.38079470198675497, ""slg"": 0.4722222222222222, ""iso"": 0.20634920634920634, ""ab"": 252}]","[{""id"": 683953, ""name"": ""Travis Bazzana"", ""bats"": ""L"", ""obp"": 0.34615384615384615, ""slg"": 0.4012738853503185, ""iso"": 0.15286624203821658, ""ab"": 157}, {""id"": 682177, ""name"": ""Daniel Schneemann"", ""bats"": ""L"", ""obp"": 0.30049261083743845, ""slg"": 0.375, ""iso"": 0.14673913043478262, ""ab"": 184}, {""id"": 677587, ""name"": ""Brayan Rocchio"", ""bats"": ""S"", ""obp"": 0.34600760456273766, ""slg"": 0.3869565217391304, ""iso"": 0.12173913043478257, ""ab"": 230}]","[{""name"": ""fi_park_nrfi_rate"", ""value"": 0.5899, ""contribution"": -0.3182}, {""name"": ""away_top3c_iso"", ""value"": 0.134, ""contribution"": -0.3132}, {""name"": ""away_top3c_slg"", ""value"": 0.3856, ""contribution"": 0.2771}, {""name"": ""away_top3_ops_vs_oppHand"", ""value"": 0.612, ""contribution"": -0.1582}, {""name"": ""era_gap_t1"", ""value"": 0.854, ""contribution"": 0.0931}]","[{""name"": ""fi_park_nrfi_rate"", ""value"": 0.5899, ""contribution"": -0.4892}, {""name"": ""home_top3c_slg"", ""value"": 0.4878, ""contribution"": -0.2945}, {""name"": ""home_obp"", ""value"": 0.3358, ""contribution"": 0.1541}, {""name"": ""home_top3c_iso"", ""value"": 0.2056, ""contribution"": 0.1254}, {""name"": ""home_top3c_obp"", ""value"": 0.3669, ""contribution"": 0.0932}]",427013,0.504,4.66,2.618,50.0,66.0,0.7136,0.7136,4.5,5.4,0.612,0.7923,L,L,NRFI,WIN,0,0,0,2026-06-18T18:22:42+00:00,-150,+115,DraftKings,2026-06-18T18:20:01+00:00,0.6,0.4651,0.0918,-0.1569,0.0918,N,0.5,0,-150,+115,2026-06-18T17:05:54+00:00,0,0.6434,NRFI,STRONG,,,,,,,
2026-06-18,2026,824748,1,N,TOR,BOS,1:35 PM ET,Trey Yesavage,Sonny Gray,702056,543243,ltd,live,live,live,1.05,0.4313,0.5234,0.9546,0.2151,0.3175,0.5327,0.5685,0.4315,0.2476,0.7524,,,NRFI,LEAN,LEAN NRFI,4,2026-06-18T15:27:33Z,3.959,3.52,1.26,1.212,3.891,3.546,3.92,2.15,0.86,1.02,8.86,8.43,0.314,0.314,0.392,0.386,4.152,4.029,22.5,3.3,85.0,0.0,0.2,0.6,0.5,0.7,0.3353,0.3373,0.423,0.3954,0.1443,0.1338,lineup,lineup,"[{""id"": 681987, ""name"": ""Nate Eaton"", ""bats"": ""R"", ""obp"": 0.0, ""slg"": 0.0, ""iso"": 0.0, ""ab"": 3}, {""id"": 678882, ""name"": ""Ceddanne Rafaela"", ""bats"": ""R"", ""obp"": 0.33955223880597013, ""slg"": 0.4475806451612903, ""iso"": 0.16129032258064513, ""ab"": 248}, {""id"": 677800, ""name"": ""Wilyer Abreu"", ""bats"": ""L"", ""obp"": 0.33774834437086093, ""slg"": 0.43223443223443225, ""iso"": 0.15384615384615385, ""ab"": 273}]","[{""id"": 543807, ""name"": ""George Springer"", ""bats"": ""R"", ""obp"": 0.30837004405286345, ""slg"": 0.3686868686868687, ""iso"": 0.15656565656565655, ""ab"": 198}, {""id"": 665489, ""name"": ""Vladimir Guerrero Jr."", ""bats"": ""R"", ""obp"": 0.36824324324324326, ""slg"": 0.36220472440944884, ""iso"": 0.08267716535433073, ""ab"": 254}, {""id"": 676914, ""name"": ""Davis Schneider"", ""bats"": ""R"", ""obp"": 0.3137254901960784, ""slg"": 0.3333333333333333, ""iso"": 0.16666666666666666, ""ab"": 84}]","[{""name"": ""away_top3c_iso"", ""value"": 0.1338, ""contribution"": -0.3144}, {""name"": ""away_top3c_slg"", ""value"": 0.3954, ""contribution"": 0.2274}, {""name"": ""home_p_last10_pitcher_nrfi"", ""value"": 0.5, ""contribution"": -0.0846}, {""name"": ""fi_park_nrfi_rate"", ""value"": 0.5121, ""contribution"": -0.0494}, {""name"": ""home_fip"", ""value"": 3.5455, ""contribution"": -0.0486}]","[{""name"": ""home_top3c_iso"", ""value"": 0.1443, ""contribution"": -0.164}, {""name"": ""home_top3c_slg"", ""value"": 0.423, ""contribution"": 0.1084}, {""name"": ""wx_wind_kmh"", ""value"": 3.3, ""contribution"": -0.0863}, {""name"": ""fi_park_nrfi_rate"", ""value"": 0.5121, ""contribution"": -0.076}, {""name"": ""home_top3_ops_vs_oppHand"", ""value"": 0.7237, ""contribution"": -0.0477}]",484499,0.5451,3.87,2.939,65.0,50.0,0.7396,0.7136,5.67,5.67,0.724,0.7237,R,R,YRFI,LOSS,1,0,1,2026-06-18T17:52:04+00:00,-110,-120,DraftKings,2026-06-18T17:53:23+00:00,0.5238,0.5455,0.0447,-0.114,0.0447,N,0.5,0,-105,-125,2026-06-18T16:32:56+00:00,0.0116,0.6370,NRFI,STRONG,,,,,,,
2026-06-18,2026,822889,1,N,MIN,TEX,2:35 PM ET,Joe Ryan,Jack Leiter,657746,683004,live,live,live,live,1.07,0.6106,0.4004,1.0111,0.4148,0.2302,0.645,0.5479,0.4521,0.2683,0.7317,,,NRFI,LEAN,LEAN NRFI,4,2026-06-18T17:03:34Z,3.252,4.515,1.013,1.352,3.096,4.383,1.85,3.94,1.04,1.3,10.13,9.17,0.318,0.315,0.405,0.385,4.683,4.051,,,,1.0,0.6,0.6,0.7,0.6,0.3386,0.3392,0.4374,0.5084,0.1693,0.2443,lineup,lineup,"[{""id"": 679822, ""name"": ""Justin Foscue"", ""bats"": ""R"", ""obp"": 0.31645569620253167, ""slg"": 0.4444444444444444, ""iso"": 0.18055555555555552, ""ab"": 72}, {""id"": 673962, ""name"": ""Josh Jung"", ""bats"": ""R"", ""obp"": 0.3576388888888889, ""slg"": 0.4521072796934866, ""iso"": 0.15325670498084287, ""ab"": 261}, {""id"": 694671, ""name"": ""Wyatt Langford"", ""bats"": ""R"", ""obp"": 0.27692307692307694, ""slg"": 0.3821138211382114, ""iso"": 0.14634146341463417, ""ab"": 123}]","[{""id"": 693459, ""name"": ""Kyler Fedko"", ""bats"": ""R"", ""obp"": 0.0, ""slg"": 0.0, ""iso"": 0.0, ""ab"": 4}, {""id"": 621439, ""name"": ""Byron Buxton"", ""bats"": ""R"", ""obp"": 0.33568904593639576, ""slg"": 0.6007751937984496, ""iso"": 0.3255813953488372, ""ab"": 258}, {""id"": 665019, ""name"": ""Kody Clemens"", ""bats"": ""L"", ""obp"": 0.3177966101694915, ""slg"": 0.4930232558139535, ""iso"": 0.24186046511627907, ""ab"": 215}]","[{""name"": ""away_top3c_iso"", ""value"": 0.2443, ""contribution"": 0.4633}, {""name"": ""away_top3c_slg"", ""value"": 0.5084, ""contribution"": -0.3451}, {""name"": ""fi_park_nrfi_rate"", ""value"": 0.5398, ""contribution"": -0.1451}, {""name"": ""era_gap_t1"", ""value"": 1.2633, ""contribution"": 0.1374}, {""name"": ""away_top3_ops_vs_oppHand"", ""value"": 0.8773, ""contribution"": 0.1122}]","[{""name"": ""fi_park_nrfi_rate"", ""value"": 0.5398, ""contribution"": -0.2231}, {""name"": ""away_fip"", ""value"": 3.0963, ""contribution"": -0.0953}, {""name"": ""era_gap_b1"", ""value"": -1.2633, ""contribution"": -0.0863}, {""name"": ""wx_is_dome"", ""value"": 1.0, ""contribution"": -0.0758}, {""name"": ""away_whiff_pct_rank"", ""value"": 62.0, ""contribution"": -0.0523}]",482631,0.538,4.677,3.262,55.0,62.0,0.7272,0.7396,5.27,6.33,0.8773,0.7333,R,R,YRFI,LOSS,4,0,4,2026-06-18T19:01:46+00:00,-120,-110,DraftKings,2026-06-18T19:06:19+00:00,0.5455,0.5238,0.0024,-0.0717,0.0024,N,0.5,0,-120,-110,2026-06-18T17:32:12+00:00,0,0.5651,NRFI,STRONG,,,,,,,
2026-06-18,2026,823125,1,N,BAL,SEA,4:10 PM ET,Shane Baz,Bryan Woo,669358,693433,live,live,live,live,0.95,0.3682,0.5214,0.8896,0.2673,0.3852,0.6525,0.5441,0.4559,0.2237,0.7763,,,NRFI,LEAN,LEAN NRFI,4,2026-06-18T19:04:58Z,4.326,3.841,1.37,1.004,4.122,3.351,3.5,1.68,1.05,1.08,8.07,8.97,0.321,0.317,0.403,0.398,4.628,4.272,,,,1.0,1.0,0.4,0.8,0.5,0.3131,0.3433,0.3669,0.408,0.1449,0.1634,lineup,lineup,"[{""id"": 641487, ""name"": ""J.P. Crawford"", ""bats"": ""L"", ""obp"": 0.35684647302904565, ""slg"": 0.4020100502512563, ""iso"": 0.17587939698492464, ""ab"": 199}, {""id"": 663728, ""name"": ""Cal Raleigh"", ""bats"": ""S"", ""obp"": 0.25396825396825395, ""slg"": 0.31736526946107785, ""iso"": 0.14970059880239522, ""ab"": 167}, {""id"": 647304, ""name"": ""Josh Naylor"", ""bats"": ""L"", ""obp"": 0.3152542372881356, ""slg"": 0.37174721189591076, ""iso"": 0.11895910780669144, ""ab"": 269}]","[{""id"": 621493, ""name"": ""Taylor Ward"", ""bats"": ""R"", ""obp"": 0.39882697947214074, ""slg"": 0.3516483516483517, ""iso"": 0.09523809523809529, ""ab"": 273}, {""id"": 683002, ""name"": ""Gunnar Henderson"", ""bats"": ""L"", ""obp"": 0.29289940828402367, ""slg"": 0.4201954397394137, ""iso"": 0.1954397394136808, ""ab"": 307}, {""id"": 669236, ""name"": ""Jeremiah Jackson"", ""bats"": ""R"", ""obp"": 0.27472527472527475, ""slg"": 0.41714285714285715, ""iso"": 0.16000000000000003, ""ab"": 175}]","[{""name"": ""away_top3c_slg"", ""value"": 0.408, ""contribution"": 0.1636}, {""name"": ""home_xera"", ""value"": 2.9856, ""contribution"": -0.1158}, {""name"": ""away_top3c_iso"", ""value"": 0.1634, ""contribution"": -0.1059}, {""name"": ""home_fip"", ""value"": 3.3508, ""contribution"": -0.0705}, {""name"": ""fi_park_nrfi_rate"", ""value"": 0.5131, ""contribution"": -0.0529}]","[{""name"": ""home_top3c_slg"", ""value"": 0.3669, ""contribution"": 0.4564}, {""name"": ""home_top3c_iso"", ""value"": 0.1449, ""contribution"": -0.1611}, {""name"": ""home_top3c_obp"", ""value"": 0.3131, ""contribution"": -0.0954}, {""name"": ""fi_park_nrfi_rate"", ""value"": 0.5131, ""contribution"": -0.0814}, {""name"": ""wx_is_dome"", ""value"": 1.0, ""contribution"": -0.0758}]",658325,0.5084,2.986,3.874,50.0,59.0,0.7272,0.7272,5.8,6.13,0.756,0.709,R,R,YRFI,LOSS,0,3,3,2026-06-18T20:29:25+00:00,-120,-105,DraftKings,2026-06-18T20:23:09+00:00,0.5455,0.5122,-0.0014,-0.0563,-0.0014,N,0.5,0,-120,-105,2026-06-18T19:08:04+00:00,0,0.6370,NRFI,STRONG,,,,,,,
2026-06-18,2026,824098,1,N,STL,KC,7:40 PM ET,Matthew Liberatore,Noah Cameron,669461,702070,live,live,live,live,0.96,0.4254,0.5521,0.9775,0.2857,0.3986,0.6843,0.4795,0.5205,0.256,0.744,,,PASS,NO EDGE,PASS - No edge,4,2026-06-18T23:30:37Z,4.529,3.703,1.431,1.17,4.732,3.831,3.07,2.41,1.55,1.08,7.94,7.94,0.323,0.318,0.397,0.387,4.523,4.094,24.2,10.7,54.0,0.0,1.0,0.8,0.8,0.7,0.3549,0.367,0.4237,0.4542,0.1556,0.1844,lineup,lineup,"[{""id"": 657041, ""name"": ""Lane Thomas"", ""bats"": ""R"", ""obp"": 0.3575418994413408, ""slg"": 0.3561643835616438, ""iso"": 0.13013698630136986, ""ab"": 146}, {""id"": 686475, ""name"": ""Tyler Tolbert"", ""bats"": ""R"", ""obp"": 0.3157894736842105, ""slg"": 0.23529411764705882, ""iso"": 0.0, ""ab"": 17}, {""id"": 695506, ""name"": ""Jac Caglianone"", ""bats"": ""L"", ""obp"": 0.34108527131782945, ""slg"": 0.43103448275862066, ""iso"": 0.16379310344827586, ""ab"": 232}]","[{""id"": 802139, ""name"": ""JJ Wetherholt"", ""bats"": ""L"", ""obp"": 0.36038961038961037, ""slg"": 0.39923954372623577, ""iso"": 0.14068441064638787, ""ab"": 263}, {""id"": 671056, ""name"": ""Iv\u00e1n Herrera"", ""bats"": ""R"", ""obp"": 0.39755351681957185, ""slg"": 0.42045454545454547, ""iso"": 0.15909090909090912, ""ab"": 264}, {""id"": 699625, ""name"": ""Jimmy Crooks"", ""bats"": ""L"", ""obp"": 0.2972972972972973, ""slg"": 0.34375, ""iso"": 0.15625, ""ab"": 32}]","[{""name"": ""fi_park_nrfi_rate"", ""value"": 0.5614, ""contribution"": -0.2197}, {""name"": ""away_top3_ops_vs_oppHand"", ""value"": 0.88, ""contribution"": 0.1149}, {""name"": ""era_gap_t1"", ""value"": -0.8258, ""contribution"": -0.0888}, {""name"": ""away_top3c_slg"", ""value"": 0.4542, ""contribution"": -0.0706}, {""name"": ""away_top3c_iso"", ""value"": 0.1844, ""contribution"": 0.0417}]","[{""name"": ""fi_park_nrfi_rate"", ""value"": 0.5614, ""contribution"": -0.3377}, {""name"": ""away_whiff_pct_rank"", ""value"": 14.0, ""contribution"": 0.1549}, {""name"": ""home_top3c_iso"", ""value"": 0.1556, ""contribution"": -0.1107}, {""name"": ""home_top3c_slg"", ""value"": 0.4237, ""contribution"": 0.1037}, {""name"": ""away_fip"", ""value"": 4.7322, ""contribution"": 0.0795}]",503502,0.4948,4.444,4.999,76.0,14.0,0.7396,0.6942,5.67,4.73,0.88,0.8027,L,L,YRFI,PASS,2,1,3,2026-06-18T23:58:58+00:00,-110,-120,DraftKings,2026-06-18T23:59:08+00:00,0.5238,0.5455,-0.0443,-0.025,-0.0119,N,0.5,,-110,-120,2026-06-18T23:38:19+00:00,0,0.4877,PASS,NO EDGE,,,,,,,
2026-06-18,2026,824911,1,N,SF,ATL,7:15 PM ET,Landen Roupp,Martín Pérez,694738,527048,live,live,live,live,0.98,0.4471,0.487,0.9341,0.3336,0.3647,0.6983,0.4795,0.5205,0.24,0.76,,,PASS,LINEUP PENDING,PASS - Lineup pending,4,2026-06-18T18:26:50Z,4.101,3.283,1.348,1.105,3.344,3.992,3.83,3.11,0.65,0.96,9.5,7.62,0.31,0.319,0.419,0.42,4.242,4.926,23.5,13.0,86.0,0.0,0.8,0.8,0.7,0.8,0.3193,0.3102,0.4203,0.4186,0.169,0.169,team_fallback,team_fallback,[],[],"[{""name"": ""home_xera"", ""value"": 5.4973, ""contribution"": 0.1416}, {""name"": ""away_top3c_slg"", ""value"": 0.4186, ""contribution"": 0.1096}, {""name"": ""era_gap_t1"", ""value"": -0.8179, ""contribution"": -0.0879}, {""name"": ""away_top3c_iso"", ""value"": 0.169, ""contribution"": -0.0668}, {""name"": ""away_top3_ops_vs_oppHand"", ""value"": 0.72, ""contribution"": -0.0481}]","[{""name"": ""home_top3c_slg"", ""value"": 0.4203, ""contribution"": 0.125}, {""name"": ""home_top3c_obp"", ""value"": 0.3193, ""contribution"": -0.0736}, {""name"": ""away_fip"", ""value"": 3.3439, ""contribution"": -0.0688}, {""name"": ""fi_park_nrfi_rate"", ""value"": 0.5093, ""contribution"": -0.0612}, {""name"": ""era_gap_b1"", ""value"": 0.8179, ""contribution"": 0.0553}]",,0.5084,5.497,3.796,6.0,41.0,0.7075,0.7272,5.2,5.07,0.72,0.72,R,L,POSTPONED,POSTPONED,,,,2026-06-20T03:57:51+00:00,-130,+100,DraftKings,2026-06-18T18:25:15+00:00,0.5652,0.5,-0.0857,0.0205,,N,,,-130,+100,2026-06-18T18:25:15+00:00,,0.4435,PASS,NO EDGE,,,,,,,
2026-06-18,2026,824989,1,N,LAA,OAK,9:40 PM ET,Ryan Johnson,Gage Jump,696270,695611,sm,sm,live,live,0.93,0.3965,0.6192,1.0156,0.3299,0.8066,1.1365,0.3219,0.6781,0.27,0.73,,,YRFI,STRONG,STRONG YRFI,4,2026-06-19T00:34:37Z,6.014,3.775,1.492,1.205,4.983,3.509,3.75,2.71,1.57,0.77,8.21,8.26,0.319,0.327,0.396,0.417,4.461,4.579,20.5,17.5,71.0,0.0,0.75,0.0,0.75,0.0,0.3778,0.3185,0.5304,0.3962,0.2463,0.169,lineup,team_fallback,"[{""id"": 680869, ""name"": ""Zack Gelof"", ""bats"": ""R"", ""obp"": 0.3333333333333333, ""slg"": 0.5102040816326531, ""iso"": 0.22448979591836737, ""ab"": 196}, {""id"": 701762, ""name"": ""Nick Kurtz"", ""bats"": ""L"", ""obp"": 0.44011976047904194, ""slg"": 0.553030303030303, ""iso"": 0.2613636363636363, ""ab"": 264}, {""id"": 669127, ""name"": ""Shea Langeliers"", ""bats"": ""R"", ""obp"": 0.3409090909090909, ""slg"": 0.5232974910394266, ""iso"": 0.2473118279569893, ""ab"": 279}]","[{""id"": 687263, ""name"": ""Zach Neto"", ""bats"": ""R"", ""obp"": 0.3303030303030303, ""slg"": 0.44912280701754387, ""iso"": 0.2210526315789474, ""ab"": 285}, {""id"": 663611, ""name"": ""Nick Madrigal"", ""bats"": ""R"", ""obp"": 0.3958333333333333, ""slg"": 0.3170731707317073, ""iso"": 0.024390243902439046, ""ab"": 41}, {""id"": 666176, ""name"": ""Jo Adell"", ""bats"": ""R"", ""obp"": 0.2961783439490446, ""slg"": 0.39590443686006827, ""iso"": 0.14334470989761094, ""ab"": 293}]","[{""name"": ""era_gap_t1"", ""value"": -2.2393, ""contribution"": -0.2418}, {""name"": ""away_top3c_slg"", ""value"": 0.3962, ""contribution"": 0.2234}, {""name"": ""fi_park_nrfi_rate"", ""value"": 0.4422, ""contribution"": 0.1922}, {""name"": ""away_top3c_iso"", ""value"": 0.169, ""contribution"": -0.0668}, {""name"": ""home_fip"", ""value"": 3.5089, ""contribution"": -0.0527}]","[{""name"": ""home_top3c_slg"", ""value"": 0.5304, ""contribution"": -0.5594}, {""name"": ""home_top3c_iso"", ""value"": 0.2463, ""contribution"": 0.3175}, {""name"": ""fi_park_nrfi_rate"", ""value"": 0.4422, ""contribution"": 0.2954}, {""name"": ""away_p_last10_pitcher_nrfi"", ""value"": 0.0, ""contribution"": 0.2355}, {""name"": ""home_top3_ops_vs_oppHand"", ""value"": 0.898, ""contribution"": 0.161}]",575629,0.4774,4.2,4.2,50.0,50.0,0.7136,0.7136,5.83,3.33,0.72,0.898,R,L,YRFI,WIN,0,5,5,2026-06-19T02:03:43+00:00,+120,-155,DraftKings,2026-06-19T00:42:32+00:00,0.4545,0.6078,-0.1326,0.0703,0.0703,Y,1,0.645,+120,-155,2026-06-19T00:37:17+00:00,0,0.3993,YRFI,STRONG,,,,,,,
2026-06-19,2026,824345,1,N,PIT,COL,8:40 PM ET,Bubba Chandler,Kyle Freeland,696149,607536,ltd,live,live,live,1.22,0.7772,0.7162,1.4933,0.5062,0.4698,0.976,0.3826,0.6174,0.4399,0.5601,,,YRFI,STRONG,STRONG YRFI,4,2026-06-19T23:36:31Z,4.527,6.758,1.304,1.586,4.256,4.956,4.33,2.33,1.05,1.78,8.93,7.29,0.334,0.321,0.408,0.409,4.961,4.572,28.3,8.9,23.0,0.0,0.6,0.4,0.6,0.6,0.3365,0.3784,0.4678,0.4286,0.1964,0.1429,lineup,lineup,"[{""id"": 664983, ""name"": ""Jake McCarthy"", ""bats"": ""L"", ""obp"": 0.3333333333333333, ""slg"": 0.44385026737967914, ""iso"": 0.15508021390374332, ""ab"": 187}, {""id"": 650489, ""name"": ""Willi Castro"", ""bats"": ""S"", ""obp"": 0.35655737704918034, ""slg"": 0.4055299539170507, ""iso"": 0.12442396313364057, ""ab"": 217}, {""id"": 696100, ""name"": ""Hunter Goodman"", ""bats"": ""R"", ""obp"": 0.3219178082191781, ""slg"": 0.5361216730038023, ""iso"": 0.285171102661597, ""ab"": 263}]","[{""id"": 687462, ""name"": ""Spencer Horwitz"", ""bats"": ""L"", ""obp"": 0.3890909090909091, ""slg"": 0.45614035087719296, ""iso"": 0.17543859649122806, ""ab"": 228}, {""id"": 693304, ""name"": ""Nick Gonzales"", ""bats"": ""R"", ""obp"": 0.34285714285714286, ""slg"": 0.3590733590733591, ""iso"": 0.06563706563706562, ""ab"": 259}, {""id"": 656811, ""name"": ""Ryan O'Hearn"", ""bats"": ""L"", ""obp"": 0.3510204081632653, ""slg"": 0.4751131221719457, ""iso"": 0.18552036199095018, ""ab"": 221}]","[{""name"": ""fi_park_nrfi_rate"", ""value"": 0.4241, ""contribution"": 0.2547}, {""name"": ""away_top3c_iso"", ""value"": 0.1429, ""contribution"": -0.251}, {""name"": ""era_gap_t1"", ""value"": 2.2309, ""contribution"": 0.2422}, {""name"": ""home_fip"", ""value"": 4.9559, ""contribution"": 0.1097}, {""name"": ""home_xera"", ""value"": 4.9244, ""contribution"": 0.0829}]","[{""name"": ""fi_park_nrfi_rate"", ""value"": 0.4241, ""contribution"": 0.3916}, {""name"": ""home_top3c_slg"", ""value"": 0.4678, ""contribution"": -0.17}, {""name"": ""era_gap_b1"", ""value"": -2.2309, ""contribution"": -0.1522}, {""name"": ""away_whiff_pct_rank"", ""value"": 76.0, ""contribution"": -0.1127}, {""name"": ""home_top3c_iso"", ""value"": 0.1964, ""contribution"": 0.0821}]",623949,0.5484,4.924,4.349,24.0,76.0,0.7197,0.7136,5.0,4.73,0.7723,0.7873,R,L,NRFI,LOSS,0,0,0,2026-06-20T00:48:35+00:00,+130,-170,DraftKings,2026-06-19T23:44:54+00:00,0.4348,0.6296,-0.0522,-0.0122,-0.0122,Y,1,-1,+130,-170,2026-06-19T23:39:35+00:00,0,0.4061,YRFI,STRONG,,,,,,,
2026-06-19,2026,823936,1,N,BAL,LAD,10:10 PM ET,Trey Gibson,Roki Sasaki,694346,808963,sm,ltd,live,live,0.97,0.5499,0.6762,1.2261,0.4516,0.6058,1.0574,0.3301,0.6699,0.3468,0.6532,,,YRFI,STRONG,STRONG YRFI,4,2026-06-20T01:06:40Z,4.771,4.563,1.374,1.323,4.942,4.627,3.83,3.56,1.38,1.48,7.5,8.86,0.32,0.34,0.4,0.435,4.577,5.15,22.8,16.0,60.0,0.0,0.6,0.5,0.8,0.5,0.3419,0.3399,0.4549,0.4085,0.1902,0.1682,lineup,lineup,"[{""id"": 663656, ""name"": ""Kyle Tucker"", ""bats"": ""L"", ""obp"": 0.33881578947368424, ""slg"": 0.38697318007662834, ""iso"": 0.14559386973180075, ""ab"": 261}, {""id"": 681624, ""name"": ""Andy Pages"", ""bats"": ""R"", ""obp"": 0.3184713375796178, ""slg"": 0.4912891986062718, ""iso"": 0.21951219512195125, ""ab"": 287}, {""id"": 518692, ""name"": ""Freddie Freeman"", ""bats"": ""L"", ""obp"": 0.3682539682539683, ""slg"": 0.48161764705882354, ""iso"": 0.20220588235294118, ""ab"": 272}]","[{""id"": 621493, ""name"": ""Taylor Ward"", ""bats"": ""R"", ""obp"": 0.39420289855072466, ""slg"": 0.34657039711191334, ""iso"": 0.09386281588447654, ""ab"": 277}, {""id"": 683002, ""name"": ""Gunnar Henderson"", ""bats"": ""L"", ""obp"": 0.29239766081871343, ""slg"": 0.4161290322580645, ""iso"": 0.1935483870967742, ""ab"": 310}, {""id"": 624413, ""name"": ""Pete Alonso"", ""bats"": ""R"", ""obp"": 0.3323170731707317, ""slg"": 0.45993031358885017, ""iso"": 0.21254355400696864, ""ab"": 287}]","[{""name"": ""home_xera"", ""value"": 5.9092, ""contribution"": 0.1838}, {""name"": ""away_top3c_slg"", ""value"": 0.4085, ""contribution"": 0.1611}, {""name"": ""home_fip"", ""value"": 4.6269, ""contribution"": 0.0728}, {""name"": ""away_top3c_iso"", ""value"": 0.1682, ""contribution"": -0.0725}, {""name"": ""fi_park_nrfi_rate"", ""value"": 0.4823, ""contribution"": 0.0538}]","[{""name"": ""home_obp"", ""value"": 0.3402, ""contribution"": 0.1846}, {""name"": ""away_fip"", ""value"": 4.9419, ""contribution"": 0.1019}, {""name"": ""home_top3c_slg"", ""value"": 0.4549, ""contribution"": -0.09}, {""name"": ""fi_park_nrfi_rate"", ""value"": 0.4823, ""contribution"": 0.0827}, {""name"": ""away_p_last10_pitcher_nrfi"", ""value"": 0.5, ""contribution"": 0.0713}]",598411,0.5467,5.909,4.2,53.0,50.0,0.7136,0.7136,5.73,4.83,0.752,0.8187,R,R,YRFI,WIN,0,2,2,2026-06-20T02:26:54+00:00,-105,-125,DraftKings,2026-06-20T01:14:59+00:00,0.5122,0.5556,-0.1821,0.1143,0.1143,Y,1,0.8,-105,-125,2026-06-20T01:09:42+00:00,0,0.3951,YRFI,STRONG,,,,,,,
2026-06-19,2026,824990,1,N,LAA,OAK,9:40 PM ET,José Soriano,Jeffrey Springs,667755,605488,live,live,live,live,0.93,0.5616,0.522,1.0836,0.445,0.5153,0.9604,0.3932,0.6068,0.295,0.705,,,YRFI,STRONG,STRONG YRFI,4,2026-06-20T00:36:23Z,3.253,4.787,1.284,1.283,3.855,5.234,4.28,2.69,0.84,1.93,9.07,7.58,0.318,0.327,0.394,0.418,4.412,4.583,21.0,16.6,66.0,0.0,0.2,0.6,0.4,0.5,0.3772,0.3127,0.532,0.403,0.248,0.1615,lineup,lineup,"[{""id"": 680869, ""name"": ""Zack Gelof"", ""bats"": ""R"", ""obp"": 0.3364485981308411, ""slg"": 0.507537688442211, ""iso"": 0.2211055276381909, ""ab"": 199}, {""id"": 701762, ""name"": ""Nick Kurtz"", ""bats"": ""L"", ""obp"": 0.4378698224852071, ""slg"": 0.5522388059701493, ""iso"": 0.2611940298507463, ""ab"": 268}, {""id"": 669127, ""name"": ""Shea Langeliers"", ""bats"": ""R"", ""obp"": 0.33974358974358976, ""slg"": 0.5300353356890459, ""iso"": 0.254416961130742, ""ab"": 283}]","[{""id"": 687263, ""name"": ""Zach Neto"", ""bats"": ""R"", ""obp"": 0.3263473053892216, ""slg"": 0.4429065743944637, ""iso"": 0.2179930795847751, ""ab"": 289}, {""id"": 694384, ""name"": ""Nolan Schanuel"", ""bats"": ""L"", ""obp"": 0.3206751054852321, ""slg"": 0.36619718309859156, ""iso"": 0.11267605633802819, ""ab"": 213}, {""id"": 666176, ""name"": ""Jo Adell"", ""bats"": ""R"", ""obp"": 0.29245283018867924, ""slg"": 0.39057239057239057, ""iso"": 0.1414141414141414, ""ab"": 297}]","[{""name"": ""fi_park_nrfi_rate"", ""value"": 0.4422, ""contribution"": 0.1922}, {""name"": ""away_top3c_slg"", ""value"": 0.403, ""contribution"": 0.1888}, {""name"": ""era_gap_t1"", ""value"": 1.5342, ""contribution"": 0.1667}, {""name"": ""home_fip"", ""value"": 5.234, ""contribution"": 0.1409}, {""name"": ""home_p_last10_pitcher_nrfi"", ""value"": 0.4, ""contribution"": -0.1236}]","[{""name"": ""home_top3c_slg"", ""value"": 0.532, ""contribution"": -0.569}, {""name"": ""home_top3c_iso"", ""value"": 0.248, ""contribution"": 0.3257}, {""name"": ""fi_park_nrfi_rate"", ""value"": 0.4422, ""contribution"": 0.2954}, {""name"": ""home_top3_ops_vs_oppHand"", ""value"": 0.9043, ""contribution"": 0.1686}, {""name"": ""home_top3c_obp"", ""value"": 0.3772, ""contribution"": 0.1295}]",605670,0.5573,4.027,3.855,71.0,71.0,0.7075,0.6487,4.8,5.47,0.7403,0.9043,R,L,NRFI,LOSS,0,0,0,2026-06-20T01:58:04+00:00,+110,-140,DraftKings,2026-06-20T00:44:40+00:00,0.4762,0.5833,-0.083,0.0235,0.0235,Y,1,-1,+110,-140,2026-06-20T00:39:23+00:00,0,0.4589,PASS,NO EDGE,,,,,,,
2026-06-19,2026,823534,1,N,CIN,NYY,7:05 PM ET,Rhett Lowder,Cam Schlittler,695076,693645,ltd,live,live,live,1.02,0.3393,0.6304,0.9697,0.3461,0.6619,1.008,0.3615,0.6385,0.2531,0.7469,,,YRFI,STRONG,STRONG YRFI,4,2026-06-19T22:01:47Z,4.402,2.32,1.352,1.011,4.122,2.853,3.93,2.33,0.87,0.68,7.85,9.71,0.313,0.329,0.397,0.436,4.301,5.097,27.0,18.7,30.0,0.0,1.0,0.4,1.0,0.5,0.3674,0.349,0.5293,0.4748,0.254,0.2158,lineup,lineup,"[{""id"": 700250, ""name"": ""Ben Rice"", ""bats"": ""L"", ""obp"": 0.3877551020408163, ""slg"": 0.6055776892430279, ""iso"": 0.3147410358565737, ""ab"": 251}, {""id"": 691176, ""name"": ""Jasson Dom\u00ednguez"", ""bats"": ""S"", ""obp"": 0.24, ""slg"": 0.40425531914893614, ""iso"": 0.21276595744680848, ""ab"": 47}, {""id"": 641355, ""name"": ""Cody Bellinger"", ""bats"": ""L"", ""obp"": 0.3685897435897436, ""slg"": 0.47924528301886793, ""iso"": 0.2037735849056604, ""ab"": 265}]","[{""id"": 694362, ""name"": ""Blake Dunn"", ""bats"": ""R"", ""obp"": 0.32, ""slg"": 0.3793103448275862, ""iso"": 0.11206896551724138, ""ab"": 116}, {""id"": 668709, ""name"": ""JJ Bleday"", ""bats"": ""L"", ""obp"": 0.3673469387755102, ""slg"": 0.572289156626506, ""iso"": 0.3072289156626506, ""ab"": 166}, {""id"": 701398, ""name"": ""Sal Stewart"", ""bats"": ""R"", ""obp"": 0.3490566037735849, ""slg"": 0.4562043795620438, ""iso"": 0.2043795620437956, ""ab"": 274}]","[{""name"": ""away_top3c_iso"", ""value"": 0.2158, ""contribution"": 0.263}, {""name"": ""era_gap_t1"", ""value"": -2.0819, ""contribution"": -0.2248}, {""name"": ""away_top3c_slg"", ""value"": 0.4748, ""contribution"": -0.175}, {""name"": ""fi_park_nrfi_rate"", ""value"": 0.4526, ""contribution"": 0.1563}, {""name"": ""home_fip"", ""value"": 2.8532, ""contribution"": -0.1264}]","[{""name"": ""home_top3c_slg"", ""value"": 0.5293, ""contribution"": -0.5523}, {""name"": ""home_top3c_iso"", ""value"": 0.254, ""contribution"": 0.354}, {""name"": ""fi_park_nrfi_rate"", ""value"": 0.4526, ""contribution"": 0.2403}, {""name"": ""era_gap_b1"", ""value"": 2.0819, ""contribution"": 0.1413}, {""name"": ""home_obp"", ""value"": 0.3293, ""contribution"": 0.1084}]",503490,0.5467,3.568,4.513,56.0,50.0,0.7136,0.7136,5.8,3.6,0.8303,0.801,R,R,NRFI,LOSS,0,0,0,2026-06-19T23:20:51+00:00,-110,-120,DraftKings,2026-06-19T22:09:56+00:00,0.5238,0.5455,-0.1623,0.093,0.093,Y,1,-1,-110,-120,2026-06-19T22:00:35+00:00,0,0.3805,YRFI,STRONG,,,,,,,
2026-06-19,2026,825069,1,N,MIN,ARI,9:45 PM ET,Connor Prielipp,Michael Soroka,687570,647336,ltd,live,live,live,1.0,0.4134,0.5023,0.9157,0.3733,0.5713,0.9446,0.404,0.596,0.2333,0.7667,,,YRFI,STRONG,STRONG YRFI,4,2026-06-20T00:36:23Z,4.771,3.548,1.31,1.1,3.909,3.216,3.33,2.23,1.05,0.85,9.07,8.97,0.319,0.309,0.406,0.388,4.731,4.264,,,,1.0,0.8,0.6,0.7,0.6,0.3429,0.3377,0.4495,0.5075,0.1894,0.2433,lineup,lineup,"[{""id"": 606466, ""name"": ""Ketel Marte"", ""bats"": ""S"", ""obp"": 0.3106796116504854, ""slg"": 0.4416961130742049, ""iso"": 0.18374558303886923, ""ab"": 283}, {""id"": 672695, ""name"": ""Geraldo Perdomo"", ""bats"": ""S"", ""obp"": 0.35494880546075086, ""slg"": 0.36065573770491804, ""iso"": 0.11475409836065575, ""ab"": 244}, {""id"": 682998, ""name"": ""Corbin Carroll"", ""bats"": ""L"", ""obp"": 0.3639344262295082, ""slg"": 0.539622641509434, ""iso"": 0.2641509433962264, ""ab"": 265}]","[{""id"": 663616, ""name"": ""Trevor Larnach"", ""bats"": ""L"", ""obp"": 0.37327188940092165, ""slg"": 0.41711229946524064, ""iso"": 0.14438502673796794, ""ab"": 187}, {""id"": 621439, ""name"": ""Byron Buxton"", ""bats"": ""R"", ""obp"": 0.3298611111111111, ""slg"": 0.5893536121673004, ""iso"": 0.31939163498098866, ""ab"": 263}, {""id"": 665019, ""name"": ""Kody Clemens"", ""bats"": ""L"", ""obp"": 0.3153526970954357, ""slg"": 0.4863636363636364, ""iso"": 0.2363636363636364, ""ab"": 220}]","[{""name"": ""away_top3c_iso"", ""value"": 0.2433, ""contribution"": 0.4564}, {""name"": ""away_top3c_slg"", ""value"": 0.5075, ""contribution"": -0.3403}, {""name"": ""fi_park_nrfi_rate"", ""value"": 0.4239, ""contribution"": 0.2555}, {""name"": ""era_gap_t1"", ""value"": -1.2234, ""contribution"": -0.1318}, {""name"": ""away_top3_ops_vs_oppHand"", ""value"": 0.8743, ""contribution"": 0.1091}]","[{""name"": ""fi_park_nrfi_rate"", ""value"": 0.4239, ""contribution"": 0.3927}, {""name"": ""home_top3_ops_vs_oppHand"", ""value"": 0.8683, ""contribution"": 0.1255}, {""name"": ""era_gap_b1"", ""value"": 1.2234, ""contribution"": 0.0828}, {""name"": ""wx_is_dome"", ""value"": 1.0, ""contribution"": -0.0758}, {""name"": ""home_top3c_slg"", ""value"": 0.4495, ""contribution"": -0.0565}]",482666,0.522,3.598,1.946,29.0,50.0,0.7136,0.7136,6.4,4.93,0.8743,0.8683,L,R,NRFI,LOSS,0,0,0,2026-06-20T01:59:25+00:00,-110,-115,DraftKings,2026-06-20T00:49:55+00:00,0.5238,0.5349,-0.1198,0.0611,0.0611,Y,1,-1,-110,-115,2026-06-20T00:44:40+00:00,0,0.4877,PASS,NO EDGE,,,,,,,
2026-06-19,2026,822966,1,N,WSH,TB,7:10 PM ET,PJ Poulin,Griffin Jax,676571,643377,ltd,live,live,live,0.93,0.5056,0.5813,1.0869,0.4016,0.4642,0.8657,0.4064,0.5936,0.2962,0.7038,,,YRFI,STRONG,STRONG YRFI,4,2026-06-19T22:01:47Z,3.752,3.928,1.381,1.319,4.775,4.007,4.39,3.31,1.2,1.26,7.79,9.8,0.322,0.33,0.419,0.384,5.272,4.448,,,,1.0,0.6,0.8,0.8,0.75,0.3725,0.3406,0.463,0.4753,0.1717,0.216,lineup,lineup,"[{""id"": 650490, ""name"": ""Yandy D\u00edaz"", ""bats"": ""R"", ""obp"": 0.39666666666666667, ""slg"": 0.5038167938931297, ""iso"": 0.18702290076335876, ""ab"": 262}, {""id"": 666018, ""name"": ""Jonathan Aranda"", ""bats"": ""L"", ""obp"": 0.3790849673202614, ""slg"": 0.4448818897637795, ""iso"": 0.16929133858267714, ""ab"": 254}, {""id"": 676356, ""name"": ""Jonny DeLuca"", ""bats"": ""R"", ""obp"": 0.29838709677419356, ""slg"": 0.4117647058823529, ""iso"": 0.14285714285714285, ""ab"": 119}]","[{""id"": 695578, ""name"": ""James Wood"", ""bats"": ""L"", ""obp"": 0.4068767908309456, ""slg"": 0.5473684210526316, ""iso"": 0.2701754385964913, ""ab"": 285}, {""id"": 678554, ""name"": ""Curtis Mead"", ""bats"": ""R"", ""obp"": 0.3459715639810427, ""slg"": 0.4722222222222222, ""iso"": 0.23888888888888887, ""ab"": 180}, {""id"": 686611, ""name"": ""Dylan Crews"", ""bats"": ""R"", ""obp"": 0.23, ""slg"": 0.3368421052631579, ""iso"": 0.14736842105263157, ""ab"": 95}]","[{""name"": ""away_top3c_iso"", ""value"": 0.216, ""contribution"": 0.2645}, {""name"": ""fi_park_nrfi_rate"", ""value"": 0.4376, ""contribution"": 0.2081}, {""name"": ""away_top3c_slg"", ""value"": 0.4753, ""contribution"": -0.1775}, {""name"": ""home_xera"", ""value"": 3.2026, ""contribution"": -0.0935}, {""name"": ""home_whiff_pct_rank"", ""value"": 100.0, ""contribution"": -0.0351}]","[{""name"": ""fi_park_nrfi_rate"", ""value"": 0.4376, ""contribution"": 0.3199}, {""name"": ""home_top3c_slg"", ""value"": 0.463, ""contribution"": -0.1404}, {""name"": ""home_obp"", ""value"": 0.33, ""contribution"": 0.1137}, {""name"": ""home_top3c_obp"", ""value"": 0.3725, ""contribution"": 0.113}, {""name"": ""away_fip"", ""value"": 4.7752, ""contribution"": 0.0841}]",504381,0.4205,3.203,6.487,100.0,50.0,0.7136,0.7136,4.2,1.53,0.7873,0.7827,L,R,NRFI,LOSS,0,0,0,2026-06-19T23:21:02+00:00,-115,-115,DraftKings,2026-06-19T22:15:16+00:00,0.5349,0.5349,-0.1285,0.0587,0.0587,Y,1,-1,-115,-115,2026-06-19T22:09:56+00:00,0,0.4637,PASS,NO EDGE,,,,,,,
2026-06-19,2026,824663,1,N,TOR,CHC,2:20 PM ET,Kevin Gausman,Ben Brown,592332,676962,live,live,live,live,1.0,0.3767,0.4151,0.7918,0.2051,0.3331,0.5382,0.5685,0.4315,0.1883,0.8117,,,NRFI,LEAN,LEAN NRFI,4,2026-06-19T17:06:47Z,3.467,3.3,1.039,1.146,3.351,3.05,1.87,2.75,1.02,0.67,8.87,9.34,0.314,0.33,0.395,0.4,4.15,4.572,21.2,10.4,50.0,0.0,0.8,0.4,0.8,0.6,0.3558,0.3372,0.4197,0.4003,0.1617,0.1375,lineup,lineup,"[{""id"": 681909, ""name"": ""Justin Dean"", ""bats"": ""R"", ""obp"": null, ""slg"": null, ""iso"": null, ""ab"": null}, {""id"": 699393, ""name"": ""Pedro Ram\u00edrez"", ""bats"": ""S"", ""obp"": 0.3157894736842105, ""slg"": 0.4, ""iso"": 0.1428571428571429, ""ab"": 35}, {""id"": 683737, ""name"": ""Michael Busch"", ""bats"": ""L"", ""obp"": 0.3773006134969325, ""slg"": 0.40225563909774437, ""iso"": 0.15413533834586468, ""ab"": 266}]","[{""id"": 543807, ""name"": ""George Springer"", ""bats"": ""R"", ""obp"": 0.3116883116883117, ""slg"": 0.37623762376237624, ""iso"": 0.15841584158415842, ""ab"": 202}, {""id"": 807727, ""name"": ""Charles McAdoo"", ""bats"": ""R"", ""obp"": 0.16666666666666666, ""slg"": 0.2916666666666667, ""iso"": 0.12500000000000003, ""ab"": 24}, {""id"": 660821, ""name"": ""Jes\u00fas S\u00e1nchez"", ""bats"": ""L"", ""obp"": 0.3242009132420091, ""slg"": 0.4603960396039604, ""iso"": 0.1732673267326733, ""ab"": 202}]","[{""name"": ""away_top3c_iso"", ""value"": 0.1375, ""contribution"": -0.289}, {""name"": ""away_top3c_slg"", ""value"": 0.4003, ""contribution"": 0.2024}, {""name"": ""fi_park_nrfi_rate"", ""value"": 0.5429, ""contribution"": -0.1558}, {""name"": ""home_xera"", ""value"": 2.77, ""contribution"": -0.1379}, {""name"": ""home_fip"", ""value"": 3.0505, ""contribution"": -0.1042}]","[{""name"": ""fi_park_nrfi_rate"", ""value"": 0.5429, ""contribution"": -0.2395}, {""name"": ""away_whiff_pct_rank"", ""value"": 81.0, ""contribution"": -0.1343}, {""name"": ""home_top3c_slg"", ""value"": 0.4197, ""contribution"": 0.1283}, {""name"": ""home_obp"", ""value"": 0.3302, ""contribution"": 0.1146}, {""name"": ""home_top3c_iso"", ""value"": 0.1617, ""contribution"": -0.0817}]",483561,0.5039,2.77,3.521,43.0,81.0,0.7136,0.7396,5.67,5.93,0.7303,0.7887,R,R,YRFI,LOSS,0,7,7,2026-06-19T18:48:41+00:00,-145,+110,DraftKings,2026-06-19T18:35:13+00:00,0.5918,0.4762,-0.0233,-0.0447,-0.0233,N,0.5,0,-145,+110,2026-06-19T17:14:40+00:00,0,0.6370,NRFI,STRONG,,,,,,,
2026-06-19,2026,824264,1,N,CWS,DET,6:40 PM ET,Brandon Eisert,Tarik Skubal,685126,669373,ltd,live,live,live,0.98,0.293,0.538,0.8311,0.2326,0.447,0.6795,0.4902,0.5098,0.2024,0.7976,,,PASS,NO EDGE,PASS - No edge,4,2026-06-19T22:36:20Z,4.459,2.537,1.368,0.939,4.344,2.451,3.18,1.41,1.49,0.68,9.63,10.06,0.321,0.314,0.412,0.395,4.688,4.14,23.5,16.6,34.0,0.0,0.8,0.6,0.8,0.5,0.3354,0.3446,0.4372,0.448,0.1861,0.1888,lineup,lineup,"[{""id"": 805808, ""name"": ""Kevin McGonigle"", ""bats"": ""L"", ""obp"": 0.38977635782747605, ""slg"": 0.42857142857142855, ""iso"": 0.14661654135338342, ""ab"": 266}, {""id"": 693307, ""name"": ""Dillon Dingler"", ""bats"": ""R"", ""obp"": 0.3285198555956679, ""slg"": 0.5222672064777328, ""iso"": 0.26720647773279355, ""ab"": 247}, {""id"": 663837, ""name"": ""Matt Vierling"", ""bats"": ""R"", ""obp"": 0.26, ""slg"": 0.3333333333333333, ""iso"": 0.1333333333333333, ""ab"": 180}]","[{""id"": 678246, ""name"": ""Miguel Vargas"", ""bats"": ""R"", ""obp"": 0.35987261146496813, ""slg"": 0.4770992366412214, ""iso"": 0.2366412213740458, ""ab"": 262}, {""id"": 545341, ""name"": ""Randal Grichuk"", ""bats"": ""R"", ""obp"": 0.29411764705882354, ""slg"": 0.5104166666666666, ""iso"": 0.24999999999999994, ""ab"": 96}, {""id"": 805367, ""name"": ""Chase Meidroth"", ""bats"": ""R"", ""obp"": 0.34563758389261745, ""slg"": 0.3970037453183521, ""iso"": 0.11985018726591762, ""ab"": 267}]","[{""name"": ""away_top3_ops_vs_oppHand"", ""value"": 1.0237, ""contribution"": 0.2613}, {""name"": ""era_gap_t1"", ""value"": -1.9219, ""contribution"": -0.2075}, {""name"": ""home_xera"", ""value"": 2.2179, ""contribution"": -0.1944}, {""name"": ""home_fip"", ""value"": 2.451, ""contribution"": -0.1715}, {""name"": ""fi_park_nrfi_rate"", ""value"": 0.5322, ""contribution"": -0.1188}]","[{""name"": ""fi_park_nrfi_rate"", ""value"": 0.5322, ""contribution"": -0.1826}, {""name"": ""era_gap_b1"", ""value"": 1.9219, ""contribution"": 0.1304}, {""name"": ""away_p_last10_pitcher_nrfi"", ""value"": 0.5, ""contribution"": 0.0713}, {""name"": ""away_avg_ip_per_start"", ""value"": 1.0667, ""contribution"": 0.0635}, {""name"": ""wx_wind_kmh"", ""value"": 16.6, ""contribution"": 0.0537}]",427128,0.4785,2.218,4.2,100.0,50.0,0.7075,0.7136,6.07,1.07,1.0237,0.7637,L,L,YRFI,PASS,1,2,3,2026-06-19T22:57:48+00:00,-140,+110,DraftKings,2026-06-19T22:39:11+00:00,0.5833,0.4762,-0.0931,0.0336,,N,,,-140,+110,2026-06-19T22:39:11+00:00,,0.4877,PASS,NO EDGE,,,,,,,
2026-06-19,2026,824179,1,N,CLE,HOU,8:10 PM ET,Tanner Bibee,Tatsuya Imai,676440,837227,live,ltd,live,live,0.99,0.5657,0.5571,1.1228,0.3153,0.3709,0.6863,0.4795,0.5205,0.3093,0.6907,,,PASS,NO EDGE,PASS - No edge,4,2026-06-20T00:07:10Z,4.05,5.225,1.196,1.377,4.621,4.571,2.75,4.44,1.52,1.25,7.74,9.11,0.315,0.318,0.376,0.411,4.061,4.522,,,,1.0,0.8,0.6,0.7778,0.6,0.367,0.3446,0.5356,0.4037,0.2521,0.1503,lineup,lineup,"[{""id"": 665161, ""name"": ""Jeremy Pe\u00f1a"", ""bats"": ""R"", ""obp"": 0.34355828220858897, ""slg"": 0.41496598639455784, ""iso"": 0.13605442176870752, ""ab"": 147}, {""id"": 670541, ""name"": ""Yordan Alvarez"", ""bats"": ""L"", ""obp"": 0.42813455657492355, ""slg"": 0.6423357664233577, ""iso"": 0.3175182481751825, ""ab"": 274}, {""id"": 572233, ""name"": ""Christian Walker"", ""bats"": ""R"", ""obp"": 0.31511254019292606, ""slg"": 0.49466192170818507, ""iso"": 0.24911032028469754, ""ab"": 281}]","[{""id"": 683953, ""name"": ""Travis Bazzana"", ""bats"": ""L"", ""obp"": 0.35294117647058826, ""slg"": 0.41875, ""iso"": 0.16875, ""ab"": 160}, {""id"": 700932, ""name"": ""Kyle Manzardo"", ""bats"": ""L"", ""obp"": 0.3303964757709251, ""slg"": 0.40404040404040403, ""iso"": 0.16666666666666666, ""ab"": 198}, {""id"": 677587, ""name"": ""Brayan Rocchio"", ""bats"": ""S"", ""obp"": 0.35074626865671643, ""slg"": 0.39316239316239315, ""iso"": 0.12393162393162394, ""ab"": 234}]","[{""name"": ""home_xera"", ""value"": 0.9264, ""contribution"": -0.3268}, {""name"": ""away_top3c_iso"", ""value"": 0.1503, ""contribution"": -0.1983}, {""name"": ""away_top3c_slg"", ""value"": 0.4037, ""contribution"": 0.1852}, {""name"": ""era_gap_t1"", ""value"": 1.1743, ""contribution"": 0.1278}, {""name"": ""home_fip"", ""value"": 4.5713, ""contribution"": 0.0665}]","[{""name"": ""home_top3c_slg"", ""value"": 0.5356, ""contribution"": -0.5915}, {""name"": ""home_top3c_iso"", ""value"": 0.2521, ""contribution"": 0.3452}, {""name"": ""home_top3_ops_vs_oppHand"", ""value"": 0.884, ""contribution"": 0.1443}, {""name"": ""home_top3c_obp"", ""value"": 0.367, ""contribution"": 0.0938}, {""name"": ""fi_park_nrfi_rate"", ""value"": 0.482, ""contribution"": 0.084}]",427537,0.4944,0.926,3.633,50.0,47.0,0.7136,0.6796,4.47,6.4,0.7893,0.884,R,R,YRFI,PASS,0,1,1,2026-06-20T00:34:24+00:00,-110,-115,DraftKings,2026-06-20T00:10:31+00:00,0.5238,0.5349,-0.0443,-0.0144,,N,,,-110,-115,2026-06-20T00:06:08+00:00,,0.6536,NRFI,STRONG,,,,,,,
2026-06-19,2026,823124,1,N,BOS,SEA,10:10 PM ET,Ranger Suarez,Bryce Miller,624133,682243,live,live,live,live,0.95,0.414,0.3804,0.7944,0.2858,0.3,0.5858,0.5514,0.4486,0.1892,0.8108,,,NRFI,LEAN,LEAN NRFI,4,2026-06-20T01:06:40Z,3.206,3.547,1.188,1.063,2.989,4.066,2.51,2.35,0.62,1.32,8.87,8.44,0.314,0.316,0.386,0.396,4.017,4.258,,,,1.0,1.0,0.8,0.9,0.8,0.2751,0.3343,0.3623,0.4235,0.1563,0.1449,lineup,lineup,"[{""id"": 608701, ""name"": ""Rob Refsnyder"", ""bats"": ""R"", ""obp"": 0.21359223300970873, ""slg"": 0.24175824175824176, ""iso"": 0.09890109890109891, ""ab"": 91}, {""id"": 663728, ""name"": ""Cal Raleigh"", ""bats"": ""S"", ""obp"": 0.24870466321243523, ""slg"": 0.30994152046783624, ""iso"": 0.14619883040935672, ""ab"": 171}, {""id"": 677594, ""name"": ""Julio Rodr\u00edguez"", ""bats"": ""R"", ""obp"": 0.3100303951367781, ""slg"": 0.42857142857142855, ""iso"": 0.1794019933554817, ""ab"": 301}]","[{""id"": 681508, ""name"": ""Mickey Gasper"", ""bats"": ""S"", ""obp"": 0.3235294117647059, ""slg"": 0.34408602150537637, ""iso"": 0.07526881720430112, ""ab"": 93}, {""id"": 678882, ""name"": ""Ceddanne Rafaela"", ""bats"": ""R"", ""obp"": 0.33948339483394835, ""slg"": 0.450199203187251, ""iso"": 0.1633466135458167, ""ab"": 251}, {""id"": 677800, ""name"": ""Wilyer Abreu"", ""bats"": ""L"", ""obp"": 0.3333333333333333, ""slg"": 0.4259927797833935, ""iso"": 0.15162454873646208, ""ab"": 277}]","[{""name"": ""away_top3c_iso"", ""value"": 0.1449, ""contribution"": -0.2364}, {""name"": ""away_top3c_slg"", ""value"": 0.4235, ""contribution"": 0.0849}, {""name"": ""home_p_last10_pitcher_nrfi"", ""value"": 0.9, ""contribution"": 0.0716}, {""name"": ""fi_park_nrfi_rate"", ""value"": 0.5131, ""contribution"": -0.0529}, {""name"": ""away_top3_ops_vs_oppHand"", ""value"": 0.7303, ""contribution"": -0.0376}]","[{""name"": ""home_top3c_slg"", ""value"": 0.3623, ""contribution"": 0.4848}, {""name"": ""home_top3c_obp"", ""value"": 0.2751, ""contribution"": -0.2287}, {""name"": ""home_top3_ops_vs_oppHand"", ""value"": 0.6197, ""contribution"": -0.1722}, {""name"": ""home_top3c_iso"", ""value"": 0.1563, ""contribution"": -0.1072}, {""name"": ""away_fip"", ""value"": 2.9888, ""contribution"": -0.1068}]",676580,0.5084,4.2,2.896,50.0,31.0,0.7136,0.7396,6.0,5.13,0.7303,0.6197,L,R,NRFI,WIN,0,0,0,2026-06-20T02:22:20+00:00,-155,+120,DraftKings,2026-06-20T02:53:47+00:00,0.6078,0.4545,-0.0564,-0.0059,-0.0564,N,0.5,0,-150,+115,2026-06-20T01:09:42+00:00,0.0078,0.6370,NRFI,STRONG,,,,,,,
2026-06-19,2026,822886,1,N,SD,TEX,8:05 PM ET,Randy Vásquez,Jacob deGrom,681190,594798,live,live,live,live,1.07,0.4169,0.5772,0.9941,0.1902,0.3922,0.5824,0.5514,0.4486,0.2621,0.7379,,,NRFI,LEAN,LEAN NRFI,4,2026-06-19T22:46:17Z,3.704,3.101,1.32,0.966,4.593,3.698,2.97,1.83,1.25,1.47,6.42,10.22,0.295,0.316,0.369,0.388,3.949,4.039,,,,1.0,0.8,0.2,0.6,0.5,0.3395,0.3199,0.4404,0.3614,0.171,0.1067,lineup,lineup,"[{""id"": 592626, ""name"": ""Joc Pederson"", ""bats"": ""L"", ""obp"": 0.34545454545454546, ""slg"": 0.44623655913978494, ""iso"": 0.2043010752688172, ""ab"": 186}, {""id"": 673962, ""name"": ""Josh Jung"", ""bats"": ""R"", ""obp"": 0.3583617747440273, ""slg"": 0.45112781954887216, ""iso"": 0.15037593984962405, ""ab"": 266}, {""id"": 694671, ""name"": ""Wyatt Langford"", ""bats"": ""R"", ""obp"": 0.28888888888888886, ""slg"": 0.4094488188976378, ""iso"": 0.1653543307086614, ""ab"": 127}]","[{""id"": 665487, ""name"": ""Fernando Tatis Jr."", ""bats"": ""R"", ""obp"": 0.34824281150159747, ""slg"": 0.35251798561151076, ""iso"": 0.06834532374100716, ""ab"": 278}, {""id"": 669392, ""name"": ""Samad Taylor"", ""bats"": ""R"", ""obp"": 0.41025641025641024, ""slg"": 0.45714285714285713, ""iso"": 0.11428571428571427, ""ab"": 35}, {""id"": 701538, ""name"": ""Jackson Merrill"", ""bats"": ""L"", ""obp"": 0.2773972602739726, ""slg"": 0.3582089552238806, ""iso"": 0.14552238805970147, ""ab"": 268}]","[{""name"": ""away_top3c_iso"", ""value"": 0.1067, ""contribution"": -0.5056}, {""name"": ""away_top3c_slg"", ""value"": 0.3614, ""contribution"": 0.3993}, {""name"": ""fi_park_nrfi_rate"", ""value"": 0.5398, ""contribution"": -0.1451}, {""name"": ""home_xera"", ""value"": 3.231, ""contribution"": -0.0906}, {""name"": ""era_gap_t1"", ""value"": -0.6025, ""contribution"": -0.0646}]","[{""name"": ""fi_park_nrfi_rate"", ""value"": 0.5398, ""contribution"": -0.2231}, {""name"": ""away_whiff_pct_rank"", ""value"": 7.0, ""contribution"": 0.1851}, {""name"": ""home_plate_ump_nrfi_rate"", ""value"": 0.5818, ""contribution"": 0.0822}, {""name"": ""wx_is_dome"", ""value"": 1.0, ""contribution"": -0.0758}, {""name"": ""away_p_last10_pitcher_nrfi"", ""value"": 0.5, ""contribution"": 0.0713}]",427139,0.5818,3.231,5.245,82.0,7.0,0.7136,0.7272,5.2,4.8,0.7087,0.748,R,R,YRFI,LOSS,5,6,11,2026-06-20T00:44:26+00:00,-130,+100,DraftKings,2026-06-20T00:00:50+00:00,0.5652,0.5,-0.0138,-0.0514,-0.0138,N,0.5,0,-130,+100,2026-06-19T22:59:49+00:00,0,0.4877,PASS,NO EDGE,,,,,,,
2026-06-19,2026,824910,1,N,MIL,ATL,7:15 PM ET,Jacob Misiorowski,Martín Pérez,694819,527048,live,live,live,live,0.98,0.4923,0.3428,0.8352,0.4038,0.2291,0.6329,0.5479,0.4521,0.2039,0.7961,,,NRFI,LEAN,LEAN NRFI,4,2026-06-19T22:01:47Z,2.264,3.283,0.9,1.105,2.29,3.992,2.71,3.11,0.64,0.96,12.58,7.62,0.336,0.319,0.397,0.42,5.178,4.926,27.1,11.5,72.0,0.0,0.8,1.0,0.7,0.9,0.3496,0.3646,0.5046,0.4812,0.2222,0.2031,lineup,lineup,"[{""id"": 686948, ""name"": ""Drake Baldwin"", ""bats"": ""L"", ""obp"": 0.3805309734513274, ""slg"": 0.5404040404040404, ""iso"": 0.2424242424242425, ""ab"": 198}, {""id"": 645277, ""name"": ""Ozzie Albies"", ""bats"": ""S"", ""obp"": 0.33121019108280253, ""slg"": 0.4306049822064057, ""iso"": 0.15302491103202848, ""ab"": 281}, {""id"": 621566, ""name"": ""Matt Olson"", ""bats"": ""L"", ""obp"": 0.34579439252336447, ""slg"": 0.5524475524475524, ""iso"": 0.2762237762237762, ""ab"": 286}]","[{""id"": 592885, ""name"": ""Christian Yelich"", ""bats"": ""L"", ""obp"": 0.34759358288770054, ""slg"": 0.4311377245508982, ""iso"": 0.15568862275449102, ""ab"": 167}, {""id"": 694192, ""name"": ""Jackson Chourio"", ""bats"": ""R"", ""obp"": 0.3595505617977528, ""slg"": 0.558282208588957, ""iso"": 0.25153374233128833, ""ab"": 163}, {""id"": 668930, ""name"": ""Brice Turang"", ""bats"": ""L"", ""obp"": 0.3778501628664495, ""slg"": 0.46484375, ""iso"": 0.203125, ""ab"": 256}]","[{""name"": ""away_top3c_slg"", ""value"": 0.4812, ""contribution"": -0.2074}, {""name"": ""away_top3c_iso"", ""value"": 0.2031, ""contribution"": 0.1731}, {""name"": ""home_xera"", ""value"": 5.4973, ""contribution"": 0.1416}, {""name"": ""era_gap_t1"", ""value"": 1.0185, ""contribution"": 0.1109}, {""name"": ""fi_park_nrfi_rate"", ""value"": 0.5093, ""contribution"": -0.0398}]","[{""name"": ""home_top3c_slg"", ""value"": 0.5046, ""contribution"": -0.3987}, {""name"": ""home_top3c_iso"", ""value"": 0.2222, ""contribution"": 0.204}, {""name"": ""away_fip"", ""value"": 2.2897, ""contribution"": -0.1815}, {""name"": ""away_whiff_pct_rank"", ""value"": 86.0, ""contribution"": -0.1558}, {""name"": ""home_top3_ops_vs_oppHand"", ""value"": 0.8307, ""contribution"": 0.0804}]",665297,0.4839,5.497,3.153,6.0,86.0,0.6942,0.7136,5.2,7.2,0.7693,0.8307,R,L,NRFI,WIN,0,0,0,2026-06-19T23:26:39+00:00,-155,+120,DraftKings,2026-06-19T23:30:48+00:00,0.6078,0.4545,-0.0599,-0.0024,-0.0599,N,0.5,0,-155,+120,2026-06-19T22:09:56+00:00,0,0.4144,PASS,NO EDGE,,,,,,,
2026-06-19,2026,824097,1,N,STL,KC,8:15 PM ET,Michael McGreevy,Seth Lugo,700241,607625,live,live,live,live,0.96,0.4912,0.4587,0.9499,0.291,0.3425,0.6335,0.5479,0.4521,0.2458,0.7542,,,NRFI,LEAN,LEAN NRFI,4,2026-06-19T23:06:30Z,3.457,3.957,1.158,1.33,4.408,4.131,2.16,3.03,1.23,1.09,5.97,7.59,0.323,0.319,0.398,0.393,4.54,4.203,28.7,6.8,41.0,0.0,0.4,1.0,0.4,0.9,0.331,0.3707,0.4152,0.4359,0.168,0.1673,lineup,lineup,"[{""id"": 695600, ""name"": ""Carter Jensen"", ""bats"": ""L"", ""obp"": 0.3038461538461538, ""slg"": 0.42424242424242425, ""iso"": 0.18614718614718617, ""ab"": 231}, {""id"": 657041, ""name"": ""Lane Thomas"", ""bats"": ""R"", ""obp"": 0.358695652173913, ""slg"": 0.36423841059602646, ""iso"": 0.1324503311258278, ""ab"": 151}, {""id"": 695506, ""name"": ""Jac Caglianone"", ""bats"": ""L"", ""obp"": 0.33840304182509506, ""slg"": 0.4388185654008439, ""iso"": 0.17299578059071735, ""ab"": 237}]","[{""id"": 802139, ""name"": ""JJ Wetherholt"", ""bats"": ""L"", ""obp"": 0.36942675159235666, ""slg"": 0.40823970037453183, ""iso"": 0.14232209737827717, ""ab"": 267}, {""id"": 671056, ""name"": ""Iv\u00e1n Herrera"", ""bats"": ""R"", ""obp"": 0.3963963963963964, ""slg"": 0.4141791044776119, ""iso"": 0.15671641791044771, ""ab"": 268}, {""id"": 676475, ""name"": ""Alec Burleson"", ""bats"": ""L"", ""obp"": 0.3449367088607595, ""slg"": 0.4823943661971831, ""iso"": 0.2007042253521127, ""ab"": 284}]","[{""name"": ""fi_park_nrfi_rate"", ""value"": 0.5614, ""contribution"": -0.2197}, {""name"": ""home_p_last10_pitcher_nrfi"", ""value"": 0.4, ""contribution"": -0.1236}, {""name"": ""away_top3c_iso"", ""value"": 0.1673, ""contribution"": -0.079}, {""name"": ""away_top3_ops_vs_oppHand"", ""value"": 0.844, ""contribution"": 0.0782}, {""name"": ""home_xera"", ""value"": 4.7928, ""contribution"": 0.0694}]","[{""name"": ""fi_park_nrfi_rate"", ""value"": 0.5614, ""contribution"": -0.3377}, {""name"": ""away_whiff_pct_rank"", ""value"": 3.0, ""contribution"": 0.2024}, {""name"": ""home_top3c_slg"", ""value"": 0.4152, ""contribution"": 0.1566}, {""name"": ""wx_temp_c"", ""value"": 28.7, ""contribution"": 0.0622}, {""name"": ""away_p_last10_pitcher_nrfi"", ""value"": 0.9, ""contribution"": -0.0601}]",503586,0.4946,4.793,4.913,12.0,3.0,0.7272,0.7136,5.33,5.4,0.844,0.7437,R,R,YRFI,LOSS,1,0,1,2026-06-20T00:28:18+00:00,+100,-130,DraftKings,2026-06-20T00:10:31+00:00,0.5,0.5652,0.0479,-0.1131,0.0479,N,0.5,0,+100,-130,2026-06-19T23:14:51+00:00,0,0.4877,PASS,NO EDGE,,,,,,,
2026-06-19,2026,823853,1,N,SF,MIA,7:10 PM ET,Landen Roupp,Lake Bachar,694738,669199,live,live,live,live,0.95,0.4346,0.4461,0.8808,0.2787,0.4277,0.7064,0.4787,0.5213,0.2205,0.7795,,,PASS,NO EDGE,PASS - No edge,4,2026-06-19T23:06:30Z,4.101,3.505,1.348,1.059,3.344,3.896,3.83,3.22,0.65,1.2,9.5,9.77,0.31,0.321,0.419,0.39,4.242,4.35,,,,1.0,0.75,0.8,0.75,0.8,0.3171,0.3582,0.424,0.4491,0.1789,0.1542,lineup,lineup,"[{""id"": 689414, ""name"": ""Liam Hicks"", ""bats"": ""L"", ""obp"": 0.3617021276595745, ""slg"": 0.4773662551440329, ""iso"": 0.19753086419753085, ""ab"": 243}, {""id"": 683357, ""name"": ""Owen Caissie"", ""bats"": ""L"", ""obp"": 0.2676767676767677, ""slg"": 0.384180790960452, ""iso"": 0.17514124293785313, ""ab"": 177}, {""id"": 681715, ""name"": ""Heriberto Hern\u00e1ndez"", ""bats"": ""R"", ""obp"": 0.2987012987012987, ""slg"": 0.381294964028777, ""iso"": 0.1510791366906475, ""ab"": 139}]","[{""id"": 650333, ""name"": ""Luis Arraez"", ""bats"": ""L"", ""obp"": 0.36012861736334406, ""slg"": 0.45263157894736844, ""iso"": 0.12631578947368421, ""ab"": 285}, {""id"": 805811, ""name"": ""Bryce Eldridge"", ""bats"": ""L"", ""obp"": 0.40458015267175573, ""slg"": 0.5575221238938053, ""iso"": 0.23893805309734512, ""ab"": 113}, {""id"": 656305, ""name"": ""Matt Chapman"", ""bats"": ""R"", ""obp"": 0.3365695792880259, ""slg"": 0.4, ""iso"": 0.1481481481481482, ""ab"": 270}]","[{""name"": ""away_top3c_iso"", ""value"": 0.1542, ""contribution"": -0.1711}, {""name"": ""fi_park_nrfi_rate"", ""value"": 0.455, ""contribution"": 0.1479}, {""name"": ""home_xera"", ""value"": 2.68, ""contribution"": -0.1471}, {""name"": ""home_avg_ip_per_start"", ""value"": 2.4167, ""contribution"": 0.0888}, {""name"": ""era_gap_t1"", ""value"": -0.5956, ""contribution"": -0.0639}]","[{""name"": ""fi_park_nrfi_rate"", ""value"": 0.455, ""contribution"": 0.2273}, {""name"": ""home_top3c_slg"", ""value"": 0.424, ""contribution"": 0.102}, {""name"": ""home_top3c_obp"", ""value"": 0.3171, ""contribution"": -0.0814}, {""name"": ""wx_is_dome"", ""value"": 1.0, ""contribution"": -0.0758}, {""name"": ""away_fip"", ""value"": 3.3439, ""contribution"": -0.0688}]",658082,0.5146,2.68,3.796,96.0,41.0,0.7136,0.7136,2.42,5.07,0.8197,0.7553,R,R,YRFI,PASS,0,1,1,2026-06-19T23:25:57+00:00,-135,+105,DraftKings,2026-06-19T23:30:48+00:00,0.5745,0.4878,-0.0958,0.0335,,N,,,-135,+105,2026-06-19T23:09:32+00:00,,0.5651,NRFI,STRONG,,,,,,,
2026-06-20,2026,824342,1,N,PIT,COL,9:10 PM ET,Paul Skenes,Tomoyuki Sugano,694973,608372,live,live,live,live,1.22,0.765,0.4235,1.1885,0.7136,0.415,1.1287,0.3219,0.6781,0.3332,0.6668,,,YRFI,STRONG,STRONG YRFI,4,2026-06-21T00:08:04Z,2.561,4.575,0.937,1.336,2.567,5.315,1.84,2.48,0.76,1.7,10.71,5.41,0.333,0.321,0.408,0.41,4.94,4.566,30.1,15.0,30.0,0.0,0.6,0.8,0.6,0.8,0.3497,0.3713,0.4448,0.4799,0.1627,0.2127,lineup,lineup,"[{""id"": 664983, ""name"": ""Jake McCarthy"", ""bats"": ""L"", ""obp"": 0.3317307692307692, ""slg"": 0.44502617801047123, ""iso"": 0.15706806282722513, ""ab"": 191}, {""id"": 650489, ""name"": ""Willi Castro"", ""bats"": ""S"", ""obp"": 0.3588709677419355, ""slg"": 0.4090909090909091, ""iso"": 0.12727272727272732, ""ab"": 220}, {""id"": 681198, ""name"": ""TJ Rumfield"", ""bats"": ""L"", ""obp"": 0.35494880546075086, ""slg"": 0.4749034749034749, ""iso"": 0.1969111969111969, ""ab"": 259}]","[{""id"": 687462, ""name"": ""Spencer Horwitz"", ""bats"": ""L"", ""obp"": 0.3870967741935484, ""slg"": 0.45021645021645024, ""iso"": 0.17316017316017318, ""ab"": 231}, {""id"": 664040, ""name"": ""Brandon Lowe"", ""bats"": ""L"", ""obp"": 0.3246753246753247, ""slg"": 0.5111111111111111, ""iso"": 0.27037037037037037, ""ab"": 270}, {""id"": 695257, ""name"": ""Billy Cook"", ""bats"": ""R"", ""obp"": 0.16666666666666666, ""slg"": 0.16666666666666666, ""iso"": 0.0, ""ab"": 24}]","[{""name"": ""fi_park_nrfi_rate"", ""value"": 0.4241, ""contribution"": 0.2547}, {""name"": ""away_top3c_iso"", ""value"": 0.2127, ""contribution"": 0.241}, {""name"": ""era_gap_t1"", ""value"": 2.0139, ""contribution"": 0.2187}, {""name"": ""away_top3c_slg"", ""value"": 0.4799, ""contribution"": -0.2007}, {""name"": ""home_xera"", ""value"": 5.6402, ""contribution"": 0.1562}]","[{""name"": ""fi_park_nrfi_rate"", ""value"": 0.4241, ""contribution"": 0.3916}, {""name"": ""away_whiff_pct_rank"", ""value"": 86.0, ""contribution"": -0.1558}, {""name"": ""away_fip"", ""value"": 2.5675, ""contribution"": -0.1518}, {""name"": ""era_gap_b1"", ""value"": -2.0139, ""contribution"": -0.1374}, {""name"": ""home_top3c_iso"", ""value"": 0.1627, ""contribution"": -0.0771}]",503077,0.5258,5.64,2.094,12.0,86.0,0.7136,0.7396,5.27,5.4,0.8753,0.8013,R,R,YRFI,WIN,1,1,2,2026-06-21T01:30:14+00:00,+105,-135,DraftKings,2026-06-21T00:11:08+00:00,0.4878,0.5745,-0.1659,0.1036,0.1036,Y,1,0.741,+105,-135,2026-06-21T00:06:52+00:00,0,0.3957,YRFI,STRONG,,,,,,,
2026-06-20,2026,823532,1,N,CIN,NYY,1:35 PM ET,Andrew Abbott,Will Warren,671096,701542,live,live,live,live,1.02,0.4595,0.6542,1.1137,0.472,0.598,1.07,0.3224,0.6776,0.306,0.694,,,YRFI,STRONG,STRONG YRFI,4,2026-06-20T16:19:27Z,3.588,3.816,1.323,1.319,4.52,3.634,3.5,3.21,1.18,1.0,7.09,9.48,0.311,0.33,0.395,0.436,4.253,5.096,27.1,20.6,28.0,0.0,0.8,0.6,0.8,0.7,0.3602,0.3487,0.5634,0.4717,0.278,0.2138,lineup,lineup,"[{""id"": 700250, ""name"": ""Ben Rice"", ""bats"": ""L"", ""obp"": 0.38926174496644295, ""slg"": 0.615686274509804, ""iso"": 0.3215686274509804, ""ab"": 255}, {""id"": 641555, ""name"": ""J.C. Escarra"", ""bats"": ""L"", ""obp"": 0.23076923076923078, ""slg"": 0.2619047619047619, ""iso"": 0.08333333333333334, ""ab"": 84}, {""id"": 502671, ""name"": ""Paul Goldschmidt"", ""bats"": ""R"", ""obp"": 0.35751295336787564, ""slg"": 0.5402298850574713, ""iso"": 0.24712643678160923, ""ab"": 174}]","[{""id"": 694362, ""name"": ""Blake Dunn"", ""bats"": ""R"", ""obp"": 0.3333333333333333, ""slg"": 0.3949579831932773, ""iso"": 0.11764705882352938, ""ab"": 119}, {""id"": 668709, ""name"": ""JJ Bleday"", ""bats"": ""L"", ""obp"": 0.365, ""slg"": 0.5621301775147929, ""iso"": 0.30177514792899407, ""ab"": 169}, {""id"": 701398, ""name"": ""Sal Stewart"", ""bats"": ""R"", ""obp"": 0.3447204968944099, ""slg"": 0.44964028776978415, ""iso"": 0.20143884892086328, ""ab"": 278}]","[{""name"": ""away_top3c_iso"", ""value"": 0.2138, ""contribution"": 0.2486}, {""name"": ""away_top3c_slg"", ""value"": 0.4717, ""contribution"": -0.1593}, {""name"": ""fi_park_nrfi_rate"", ""value"": 0.4526, ""contribution"": 0.1563}, {""name"": ""away_top3_ops_vs_oppHand"", ""value"": 0.8353, ""contribution"": 0.0694}, {""name"": ""wx_wind_kmh"", ""value"": 20.6, ""contribution"": 0.0406}]","[{""name"": ""home_top3c_slg"", ""value"": 0.5634, ""contribution"": -0.7643}, {""name"": ""home_top3c_iso"", ""value"": 0.278, ""contribution"": 0.4672}, {""name"": ""fi_park_nrfi_rate"", ""value"": 0.4526, ""contribution"": 0.2403}, {""name"": ""home_top3_ops_vs_oppHand"", ""value"": 0.939, ""contribution"": 0.2101}, {""name"": ""home_obp"", ""value"": 0.3301, ""contribution"": 0.1144}]",427113,0.5139,4.345,3.784,39.0,43.0,0.7136,0.7272,5.07,5.67,0.8353,0.939,L,R,YRFI,WIN,0,1,1,2026-06-20T17:51:19+00:00,+105,-135,DraftKings,2026-06-20T16:38:39+00:00,0.4878,0.5745,-0.1654,0.1031,0.1031,Y,1,0.741,+105,-135,2026-06-20T16:33:17+00:00,0,0.4144,YRFI,STRONG,,,,,,,
2026-06-20,2026,825068,1,N,MIN,ARI,10:10 PM ET,Taj Bradley,Zac Gallen,671737,668678,live,live,live,live,1.0,0.5979,0.5677,1.1656,0.4902,0.4871,0.9773,0.3817,0.6183,0.3249,0.6751,,,YRFI,STRONG,STRONG YRFI,4,2026-06-21T01:06:56Z,4.466,5.169,1.328,1.436,4.294,4.882,3.7,2.87,1.32,1.52,9.37,6.75,0.319,0.309,0.408,0.39,4.734,4.317,,,,1.0,0.4,0.4,0.4,0.4,0.346,0.3385,0.4558,0.5044,0.1943,0.239,lineup,lineup,"[{""id"": 606466, ""name"": ""Ketel Marte"", ""bats"": ""S"", ""obp"": 0.31210191082802546, ""slg"": 0.44947735191637633, ""iso"": 0.19163763066202094, ""ab"": 287}, {""id"": 672695, ""name"": ""Geraldo Perdomo"", ""bats"": ""S"", ""obp"": 0.35570469798657717, ""slg"": 0.3562753036437247, ""iso"": 0.11336032388663966, ""ab"": 247}, {""id"": 682998, ""name"": ""Corbin Carroll"", ""bats"": ""L"", ""obp"": 0.3709677419354839, ""slg"": 0.5539033457249071, ""iso"": 0.27137546468401486, ""ab"": 269}]","[{""id"": 663616, ""name"": ""Trevor Larnach"", ""bats"": ""L"", ""obp"": 0.37272727272727274, ""slg"": 0.41578947368421054, ""iso"": 0.14210526315789473, ""ab"": 190}, {""id"": 621439, ""name"": ""Byron Buxton"", ""bats"": ""R"", ""obp"": 0.33447098976109213, ""slg"": 0.5880149812734082, ""iso"": 0.3146067415730337, ""ab"": 267}, {""id"": 665019, ""name"": ""Kody Clemens"", ""bats"": ""L"", ""obp"": 0.3130081300813008, ""slg"": 0.48, ""iso"": 0.2311111111111111, ""ab"": 225}]","[{""name"": ""away_top3c_iso"", ""value"": 0.239, ""contribution"": 0.4262}, {""name"": ""away_top3c_slg"", ""value"": 0.5044, ""contribution"": -0.3248}, {""name"": ""fi_park_nrfi_rate"", ""value"": 0.4239, ""contribution"": 0.2555}, {""name"": ""home_p_last10_pitcher_nrfi"", ""value"": 0.4, ""contribution"": -0.1236}, {""name"": ""away_top3_ops_vs_oppHand"", ""value"": 0.8737, ""contribution"": 0.1085}]","[{""name"": ""fi_park_nrfi_rate"", ""value"": 0.4239, ""contribution"": 0.3927}, {""name"": ""away_p_last10_pitcher_nrfi"", ""value"": 0.4, ""contribution"": 0.1041}, {""name"": ""home_top3c_slg"", ""value"": 0.4558, ""contribution"": -0.0956}, {""name"": ""wx_is_dome"", ""value"": 1.0, ""contribution"": -0.0758}, {""name"": ""home_top3c_iso"", ""value"": 0.1943, ""contribution"": 0.072}]",428442,0.5176,4.131,4.08,29.0,52.0,0.7272,0.6796,5.33,4.93,0.8737,0.7583,R,R,YRFI,WIN,2,0,2,2026-06-21T02:35:40+00:00,+110,-140,DraftKings,2026-06-21T01:15:10+00:00,0.4762,0.5833,-0.0945,0.035,0.035,Y,1,0.714,+110,-140,2026-06-21T01:09:53+00:00,0,0.4658,PASS,NO EDGE,,,,,,,
2026-06-20,2026,822967,1,N,WSH,TB,4:10 PM ET,Cade Cavalli,Ian Seymour,676917,693855,live,ltd,live,live,0.93,0.5199,0.4544,0.9743,0.493,0.4315,0.9245,0.4064,0.5936,0.2548,0.7452,,,YRFI,STRONG,STRONG YRFI,4,2026-06-20T19:06:40Z,4.058,4.409,1.375,1.25,3.512,4.136,2.98,3.71,0.91,1.21,9.27,9.54,0.32,0.33,0.419,0.385,5.236,4.454,,,,1.0,0.6,0.6,0.7143,0.8,0.3585,0.3798,0.4297,0.499,0.1608,0.2465,lineup,lineup,"[{""id"": 676356, ""name"": ""Jonny DeLuca"", ""bats"": ""R"", ""obp"": 0.296875, ""slg"": 0.43089430894308944, ""iso"": 0.16260162601626016, ""ab"": 123}, {""id"": 666018, ""name"": ""Jonathan Aranda"", ""bats"": ""L"", ""obp"": 0.3774193548387097, ""slg"": 0.45348837209302323, ""iso"": 0.17829457364341084, ""ab"": 258}, {""id"": 656775, ""name"": ""Cedric Mullins"", ""bats"": ""L"", ""obp"": 0.28688524590163933, ""slg"": 0.3101851851851852, ""iso"": 0.1111111111111111, ""ab"": 216}]","[{""id"": 695578, ""name"": ""James Wood"", ""bats"": ""L"", ""obp"": 0.40226628895184136, ""slg"": 0.5397923875432526, ""iso"": 0.2664359861591696, ""ab"": 289}, {""id"": 678554, ""name"": ""Curtis Mead"", ""bats"": ""R"", ""obp"": 0.3443396226415094, ""slg"": 0.4696132596685083, ""iso"": 0.2375690607734807, ""ab"": 181}, {""id"": 671277, ""name"": ""Luis Garc\u00eda Jr."", ""bats"": ""L"", ""obp"": 0.2880658436213992, ""slg"": 0.4700854700854701, ""iso"": 0.20512820512820512, ""ab"": 234}]","[{""name"": ""away_top3c_iso"", ""value"": 0.2465, ""contribution"": 0.479}, {""name"": ""away_top3c_slg"", ""value"": 0.499, ""contribution"": -0.2975}, {""name"": ""fi_park_nrfi_rate"", ""value"": 0.4376, ""contribution"": 0.2081}, {""name"": ""home_xera"", ""value"": 4.59, ""contribution"": 0.0486}, {""name"": ""era_gap_t1"", ""value"": 0.3516, ""contribution"": 0.0387}]","[{""name"": ""fi_park_nrfi_rate"", ""value"": 0.4376, ""contribution"": 0.3199}, {""name"": ""away_whiff_pct_rank"", ""value"": 80.0, ""contribution"": -0.1299}, {""name"": ""home_obp"", ""value"": 0.3301, ""contribution"": 0.1139}, {""name"": ""home_top3c_iso"", ""value"": 0.1608, ""contribution"": -0.0859}, {""name"": ""wx_is_dome"", ""value"": 1.0, ""contribution"": -0.0758}]",596809,0.5038,4.59,4.101,87.0,80.0,0.7136,0.7136,4.33,5.6,0.782,0.8093,R,L,YRFI,WIN,0,1,1,2026-06-20T20:26:28+00:00,-125,-105,DraftKings,2026-06-20T19:15:06+00:00,0.5556,0.5122,-0.1492,0.0814,0.0814,Y,1,0.952,-125,-105,2026-06-20T19:09:42+00:00,0,0.4144,YRFI,STRONG,,,,,,,
2026-06-20,2026,823854,1,N,SF,MIA,4:10 PM ET,Trevor McDonald,Max Meyer,686790,676974,ltd,live,live,live,0.95,0.4291,0.4721,0.9012,0.2773,0.4565,0.7339,0.4772,0.5228,0.228,0.772,,,PASS,NO EDGE,PASS - No edge,4,2026-06-20T19:28:22Z,4.411,3.3,1.275,1.192,3.87,3.559,3.07,3.22,1.03,0.97,8.75,9.77,0.31,0.322,0.418,0.391,4.228,4.346,,,,1.0,0.6,0.6,0.7,0.7,0.3372,0.3534,0.3973,0.4412,0.1369,0.1515,lineup,lineup,"[{""id"": 805300, ""name"": ""Jakob Marsee"", ""bats"": ""L"", ""obp"": 0.32786885245901637, ""slg"": 0.30859375, ""iso"": 0.10546875, ""ab"": 256}, {""id"": 672640, ""name"": ""Otto Lopez"", ""bats"": ""R"", ""obp"": 0.3667711598746082, ""slg"": 0.46959459459459457, ""iso"": 0.1351351351351351, ""ab"": 296}, {""id"": 669065, ""name"": ""Kyle Stowers"", ""bats"": ""L"", ""obp"": 0.3073394495412844, ""slg"": 0.40414507772020725, ""iso"": 0.18134715025906736, ""ab"": 193}]","[{""id"": 650333, ""name"": ""Luis Arraez"", ""bats"": ""L"", ""obp"": 0.35443037974683544, ""slg"": 0.44482758620689655, ""iso"": 0.12413793103448278, ""ab"": 290}, {""id"": 805811, ""name"": ""Bryce Eldridge"", ""bats"": ""L"", ""obp"": 0.3925925925925926, ""slg"": 0.5384615384615384, ""iso"": 0.23076923076923073, ""ab"": 117}, {""id"": 656305, ""name"": ""Matt Chapman"", ""bats"": ""R"", ""obp"": 0.3354632587859425, ""slg"": 0.3956043956043956, ""iso"": 0.1465201465201465, ""ab"": 273}]","[{""name"": ""away_top3c_iso"", ""value"": 0.1515, ""contribution"": -0.1903}, {""name"": ""fi_park_nrfi_rate"", ""value"": 0.455, ""contribution"": 0.1479}, {""name"": ""era_gap_t1"", ""value"": -1.111, ""contribution"": -0.1197}, {""name"": ""home_xera"", ""value"": 4.8244, ""contribution"": 0.0727}, {""name"": ""home_fip"", ""value"": 3.5592, ""contribution"": -0.0471}]","[{""name"": ""home_top3c_slg"", ""value"": 0.3973, ""contribution"": 0.2676}, {""name"": ""fi_park_nrfi_rate"", ""value"": 0.455, ""contribution"": 0.2273}, {""name"": ""home_top3c_iso"", ""value"": 0.1369, ""contribution"": -0.1987}, {""name"": ""wx_is_dome"", ""value"": 1.0, ""contribution"": -0.0758}, {""name"": ""era_gap_b1"", ""value"": 1.111, ""contribution"": 0.0752}]",427533,0.5151,4.824,4.2,79.0,50.0,0.7136,0.7136,6.27,4.73,0.8093,0.711,R,R,YRFI,PASS,0,1,1,2026-06-20T20:35:35+00:00,-135,+105,DraftKings,2026-06-20T20:09:46+00:00,0.5745,0.4878,-0.0973,0.035,,N,,,-135,+105,2026-06-20T20:09:46+00:00,,0.4570,PASS,NO EDGE,,,,,,,
2026-06-20,2026,824909,1,N,MIL,ATL,4:10 PM ET,Kyle Harrison,Chris Sale,690986,519242,live,live,live,live,0.98,0.374,0.4564,0.8303,0.2212,0.343,0.5642,0.5568,0.4432,0.2022,0.7978,,,NRFI,LEAN,LEAN NRFI,4,2026-06-20T19:06:40Z,3.101,2.395,1.174,1.057,3.397,2.594,2.73,2.3,1.04,0.73,10.28,11.03,0.337,0.318,0.397,0.419,5.142,4.904,29.5,10.9,48.0,0.0,0.8,0.8,0.9,0.8,0.3425,0.3631,0.4933,0.4605,0.22,0.1779,lineup,lineup,"[{""id"": 643289, ""name"": ""Mauricio Dub\u00f3n"", ""bats"": ""R"", ""obp"": 0.3142857142857143, ""slg"": 0.40540540540540543, ""iso"": 0.14671814671814676, ""ab"": 259}, {""id"": 686948, ""name"": ""Drake Baldwin"", ""bats"": ""L"", ""obp"": 0.3739130434782609, ""slg"": 0.5297029702970297, ""iso"": 0.23762376237623767, ""ab"": 202}, {""id"": 621566, ""name"": ""Matt Olson"", ""bats"": ""L"", ""obp"": 0.3446153846153846, ""slg"": 0.5467128027681661, ""iso"": 0.27335640138408307, ""ab"": 289}]","[{""id"": 694192, ""name"": ""Jackson Chourio"", ""bats"": ""R"", ""obp"": 0.36065573770491804, ""slg"": 0.5568862275449101, ""iso"": 0.2514970059880239, ""ab"": 167}, {""id"": 668930, ""name"": ""Brice Turang"", ""bats"": ""L"", ""obp"": 0.3782051282051282, ""slg"": 0.46360153256704983, ""iso"": 0.1992337164750958, ""ab"": 261}, {""id"": 661388, ""name"": ""William Contreras"", ""bats"": ""R"", ""obp"": 0.3488372093023256, ""slg"": 0.39776951672862454, ""iso"": 0.11152416356877326, ""ab"": 269}]","[{""name"": ""home_xera"", ""value"": 2.5201, ""contribution"": -0.1635}, {""name"": ""home_fip"", ""value"": 2.5943, ""contribution"": -0.1554}, {""name"": ""away_top3c_slg"", ""value"": 0.4605, ""contribution"": -0.1027}, {""name"": ""era_gap_t1"", ""value"": -0.7057, ""contribution"": -0.0758}, {""name"": ""home_p_last10_pitcher_nrfi"", ""value"": 0.9, ""contribution"": 0.0716}]","[{""name"": ""home_top3c_slg"", ""value"": 0.4933, ""contribution"": -0.3289}, {""name"": ""home_top3c_iso"", ""value"": 0.22, ""contribution"": 0.1935}, {""name"": ""away_whiff_pct_rank"", ""value"": 74.0, ""contribution"": -0.1041}, {""name"": ""home_top3_ops_vs_oppHand"", ""value"": 0.8473, ""contribution"": 0.1004}, {""name"": ""wx_temp_c"", ""value"": 29.5, ""contribution"": 0.0689}]",427292,0.5307,2.52,4.038,85.0,74.0,0.7075,0.7272,5.87,5.4,0.7713,0.8473,L,L,NRFI,WIN,0,0,0,2026-06-20T20:22:03+00:00,-175,+135,DraftKings,2026-06-20T20:09:46+00:00,0.6364,0.4255,-0.0796,0.0177,-0.0796,N,0.5,0,-175,+135,2026-06-20T19:09:42+00:00,0,0.4830,PASS,NO EDGE,,,,,,,
2026-06-20,2026,822885,1,N,SD,TEX,4:05 PM ET,Walker Buehler,MacKenzie Gore,621111,669022,live,live,live,live,1.07,0.4999,0.5581,1.058,0.2713,0.3293,0.6006,0.5506,0.4494,0.2856,0.7144,,,NRFI,LEAN,LEAN NRFI,4,2026-06-20T18:12:02Z,4.441,4.236,1.407,1.324,4.22,3.718,3.49,3.9,1.01,0.99,7.34,10.1,0.296,0.317,0.371,0.39,3.983,4.094,,,,1.0,0.6,0.8,0.6,0.8,0.3424,0.3098,0.4459,0.3578,0.174,0.1193,lineup,lineup,"[{""id"": 592626, ""name"": ""Joc Pederson"", ""bats"": ""L"", ""obp"": 0.3422222222222222, ""slg"": 0.4368421052631579, ""iso"": 0.20000000000000004, ""ab"": 190}, {""id"": 673962, ""name"": ""Josh Jung"", ""bats"": ""R"", ""obp"": 0.3624161073825503, ""slg"": 0.45185185185185184, ""iso"": 0.14814814814814814, ""ab"": 270}, {""id"": 694671, ""name"": ""Wyatt Langford"", ""bats"": ""R"", ""obp"": 0.3, ""slg"": 0.44696969696969696, ""iso"": 0.1893939393939394, ""ab"": 132}]","[{""id"": 665487, ""name"": ""Fernando Tatis Jr."", ""bats"": ""R"", ""obp"": 0.34591194968553457, ""slg"": 0.3475177304964539, ""iso"": 0.06737588652482268, ""ab"": 282}, {""id"": 669392, ""name"": ""Samad Taylor"", ""bats"": ""R"", ""obp"": 0.4318181818181818, ""slg"": 0.475, ""iso"": 0.09999999999999998, ""ab"": 40}, {""id"": 592518, ""name"": ""Manny Machado"", ""bats"": ""R"", ""obp"": 0.25333333333333335, ""slg"": 0.35094339622641507, ""iso"": 0.17735849056603772, ""ab"": 265}]","[{""name"": ""away_top3c_slg"", ""value"": 0.3578, ""contribution"": 0.418}, {""name"": ""away_top3c_iso"", ""value"": 0.1193, ""contribution"": -0.4172}, {""name"": ""fi_park_nrfi_rate"", ""value"": 0.5398, ""contribution"": -0.1451}, {""name"": ""away_top3_ops_vs_oppHand"", ""value"": 0.862, ""contribution"": 0.0966}, {""name"": ""home_p_last10_pitcher_nrfi"", ""value"": 0.6, ""contribution"": -0.0455}]","[{""name"": ""fi_park_nrfi_rate"", ""value"": 0.5398, ""contribution"": -0.2231}, {""name"": ""away_whiff_pct_rank"", ""value"": 15.0, ""contribution"": 0.1506}, {""name"": ""home_plate_ump_nrfi_rate"", ""value"": 0.5818, ""contribution"": 0.0822}, {""name"": ""wx_is_dome"", ""value"": 1.0, ""contribution"": -0.0758}, {""name"": ""home_top3c_slg"", ""value"": 0.4459, ""contribution"": -0.0345}]",427139,0.5818,4.532,5.249,75.0,15.0,0.678,0.6942,5.8,5.2,0.862,0.77,R,L,NRFI,WIN,0,0,0,2026-06-20T20:23:35+00:00,-125,-105,DraftKings,2026-06-20T20:09:46+00:00,0.5556,0.5122,-0.005,-0.0628,-0.005,N,0.5,0,-130,+100,2026-06-20T18:57:21+00:00,-0.0097,0.4877,PASS,NO EDGE,,,,,,,
2026-06-20,2026,824180,1,N,CLE,HOU,7:15 PM ET,Joey Cantillo,Spencer Arrighetti,676282,681293,live,ltd,live,live,0.99,0.4662,0.6064,1.0727,0.3543,0.3601,0.7145,0.4777,0.5223,0.2909,0.7091,,,PASS,NO EDGE,PASS - No edge,4,2026-06-20T23:01:05Z,4.033,3.325,1.408,1.254,4.463,3.88,4.23,4.18,1.24,0.77,8.93,8.55,0.314,0.319,0.376,0.415,4.049,4.571,,,,1.0,0.8,0.6,0.8,0.7,0.3676,0.3444,0.5399,0.4056,0.2559,0.1507,lineup,lineup,"[{""id"": 669384, ""name"": ""Raynel Delgado"", ""bats"": ""L"", ""obp"": 0.42857142857142855, ""slg"": 0.42857142857142855, ""iso"": 0.0, ""ab"": 7}, {""id"": 666211, ""name"": ""Taylor Trammell"", ""bats"": ""L"", ""obp"": 0.34146341463414637, ""slg"": 0.37333333333333335, ""iso"": 0.09333333333333332, ""ab"": 75}, {""id"": 694388, ""name"": ""Joey Loperfido"", ""bats"": ""L"", ""obp"": 0.34831460674157305, ""slg"": 0.3333333333333333, ""iso"": 0.09333333333333332, ""ab"": 75}]","[{""id"": 683953, ""name"": ""Travis Bazzana"", ""bats"": ""L"", ""obp"": 0.35602094240837695, ""slg"": 0.4268292682926829, ""iso"": 0.17073170731707316, ""ab"": 164}, {""id"": 700932, ""name"": ""Kyle Manzardo"", ""bats"": ""L"", ""obp"": 0.3246753246753247, ""slg"": 0.39603960396039606, ""iso"": 0.16336633663366337, ""ab"": 202}, {""id"": 677587, ""name"": ""Brayan Rocchio"", ""bats"": ""S"", ""obp"": 0.35294117647058826, ""slg"": 0.39915966386554624, ""iso"": 0.12605042016806728, ""ab"": 238}]","[{""name"": ""away_top3c_iso"", ""value"": 0.1507, ""contribution"": -0.196}, {""name"": ""away_top3c_slg"", ""value"": 0.4056, ""contribution"": 0.1755}, {""name"": ""home_xera"", ""value"": 5.4751, ""contribution"": 0.1393}, {""name"": ""era_gap_t1"", ""value"": -0.7079, ""contribution"": -0.076}, {""name"": ""fi_park_nrfi_rate"", ""value"": 0.482, ""contribution"": 0.0547}]","[{""name"": ""home_top3c_slg"", ""value"": 0.5399, ""contribution"": -0.6179}, {""name"": ""home_top3c_iso"", ""value"": 0.2559, ""contribution"": 0.3632}, {""name"": ""away_whiff_pct_rank"", ""value"": 89.0, ""contribution"": -0.1688}, {""name"": ""home_top3_ops_vs_oppHand"", ""value"": 0.8857, ""contribution"": 0.1463}, {""name"": ""home_top3c_obp"", ""value"": 0.3676, ""contribution"": 0.0959}]",483569,0.5176,5.475,3.575,68.0,89.0,0.6796,0.7136,5.4,4.33,0.797,0.8857,L,R,YRFI,PASS,1,0,1,2026-06-20T23:27:44+00:00,-105,-120,DraftKings,2026-06-20T23:38:12+00:00,0.5122,0.5455,-0.0345,-0.0232,,N,,,-105,-120,2026-06-20T23:11:41+00:00,,0.4521,PASS,NO EDGE,,,,,,,
2026-06-20,2026,823937,1,N,BAL,LAD,10:10 PM ET,Trevor Rogers,Yoshinobu Yamamoto,669432,808967,live,live,live,live,0.97,0.3687,0.5087,0.8774,0.2186,0.5501,0.7687,0.4696,0.5304,0.2192,0.7808,,,PASS,NO EDGE,PASS - No edge,4,2026-06-21T02:07:23Z,4.412,2.51,1.255,0.888,3.954,3.27,2.79,2.06,0.98,0.95,7.29,9.09,0.319,0.341,0.4,0.435,4.582,5.159,22.7,16.3,58.0,0.0,0.6,0.8,0.5,0.7,0.3666,0.3389,0.5018,0.4131,0.2218,0.1727,lineup,lineup,"[{""id"": 660271, ""name"": ""Shohei Ohtani"", ""bats"": ""L"", ""obp"": 0.4177215189873418, ""slg"": 0.5447470817120622, ""iso"": 0.24902723735408555, ""ab"": 257}, {""id"": 681624, ""name"": ""Andy Pages"", ""bats"": ""R"", ""obp"": 0.3166144200626959, ""slg"": 0.4897260273972603, ""iso"": 0.2191780821917808, ""ab"": 292}, {""id"": 518692, ""name"": ""Freddie Freeman"", ""bats"": ""L"", ""obp"": 0.365625, ""slg"": 0.4746376811594203, ""iso"": 0.19927536231884058, ""ab"": 276}]","[{""id"": 621493, ""name"": ""Taylor Ward"", ""bats"": ""R"", ""obp"": 0.39255014326647564, ""slg"": 0.34519572953736655, ""iso"": 0.09252669039145905, ""ab"": 281}, {""id"": 683002, ""name"": ""Gunnar Henderson"", ""bats"": ""L"", ""obp"": 0.29190751445086704, ""slg"": 0.42356687898089174, ""iso"": 0.20063694267515925, ""ab"": 314}, {""id"": 624413, ""name"": ""Pete Alonso"", ""bats"": ""R"", ""obp"": 0.3313253012048193, ""slg"": 0.46735395189003437, ""iso"": 0.21993127147766323, ""ab"": 291}]","[{""name"": ""era_gap_t1"", ""value"": -1.9014, ""contribution"": -0.2053}, {""name"": ""home_xera"", ""value"": 2.5295, ""contribution"": -0.1625}, {""name"": ""away_top3c_slg"", ""value"": 0.4131, ""contribution"": 0.1377}, {""name"": ""home_p_last10_pitcher_nrfi"", ""value"": 0.5, ""contribution"": -0.0846}, {""name"": ""home_fip"", ""value"": 3.2705, ""contribution"": -0.0795}]","[{""name"": ""home_top3c_slg"", ""value"": 0.5018, ""contribution"": -0.3816}, {""name"": ""home_top3c_iso"", ""value"": 0.2218, ""contribution"": 0.2021}, {""name"": ""home_obp"", ""value"": 0.3411, ""contribution"": 0.1908}, {""name"": ""era_gap_b1"", ""value"": 1.9014, ""contribution"": 0.129}, {""name"": ""home_top3c_obp"", ""value"": 0.3666, ""contribution"": 0.0923}]",605671,0.5497,2.53,3.258,86.0,47.0,0.7272,0.7272,7.13,5.6,0.7567,0.786,L,R,NRFI,PASS,0,0,0,2026-06-21T02:21:48+00:00,-120,-105,DraftKings,2026-06-21T02:05:50+00:00,0.5455,0.5122,-0.0759,0.0182,,N,,,-120,-105,2026-06-21T02:05:50+00:00,,0.4877,PASS,NO EDGE,,,,,,,
2026-06-20,2026,823126,1,N,BOS,SEA,10:10 PM ET,Connelly Early,Emerson Hancock,813349,676106,ltd,live,live,live,0.95,0.4107,0.5435,0.9542,0.2963,0.3423,0.6386,0.5479,0.4521,0.2474,0.7526,,,NRFI,LEAN,LEAN NRFI,4,2026-06-21T01:06:56Z,3.935,3.762,1.299,1.131,4.641,4.125,3.28,2.31,1.51,1.31,8.66,8.01,0.313,0.314,0.387,0.394,4.04,4.234,,,,1.0,0.8,0.4,0.8,0.5,0.3093,0.3319,0.3906,0.3934,0.1718,0.128,lineup,lineup,"[{""id"": 641487, ""name"": ""J.P. Crawford"", ""bats"": ""L"", ""obp"": 0.34959349593495936, ""slg"": 0.39215686274509803, ""iso"": 0.1715686274509804, ""ab"": 204}, {""id"": 663728, ""name"": ""Cal Raleigh"", ""bats"": ""S"", ""obp"": 0.25888324873096447, ""slg"": 0.3081395348837209, ""iso"": 0.1453488372093023, ""ab"": 172}, {""id"": 677594, ""name"": ""Julio Rodr\u00edguez"", ""bats"": ""R"", ""obp"": 0.30930930930930933, ""slg"": 0.4360655737704918, ""iso"": 0.18688524590163935, ""ab"": 305}]","[{""id"": 678011, ""name"": ""Anthony Seigler"", ""bats"": ""S"", ""obp"": 0.5, ""slg"": 0.6666666666666666, ""iso"": 0.3333333333333333, ""ab"": 3}, {""id"": 807799, ""name"": ""Masataka Yoshida"", ""bats"": ""L"", ""obp"": 0.33125, ""slg"": 0.3333333333333333, ""iso"": 0.08510638297872339, ""ab"": 141}, {""id"": 677800, ""name"": ""Wilyer Abreu"", ""bats"": ""L"", ""obp"": 0.33225806451612905, ""slg"": 0.4234875444839858, ""iso"": 0.14946619217081852, ""ab"": 281}]","[{""name"": ""away_top3c_iso"", ""value"": 0.128, ""contribution"": -0.3559}, {""name"": ""away_top3c_slg"", ""value"": 0.3934, ""contribution"": 0.2376}, {""name"": ""home_xera"", ""value"": 5.2305, ""contribution"": 0.1143}, {""name"": ""away_top3_ops_vs_oppHand"", ""value"": 0.6877, ""contribution"": -0.0811}, {""name"": ""fi_park_nrfi_rate"", ""value"": 0.5131, ""contribution"": -0.0529}]","[{""name"": ""home_top3c_slg"", ""value"": 0.3906, ""contribution"": 0.3093}, {""name"": ""away_whiff_pct_rank"", ""value"": 82.0, ""contribution"": -0.1386}, {""name"": ""home_top3_ops_vs_oppHand"", ""value"": 0.656, ""contribution"": -0.1287}, {""name"": ""home_top3c_obp"", ""value"": 0.3093, ""contribution"": -0.1088}, {""name"": ""fi_park_nrfi_rate"", ""value"": 0.5131, ""contribution"": -0.0814}]",607884,0.5403,5.231,3.778,18.0,82.0,0.7136,0.7136,5.2,5.6,0.6877,0.656,L,R,YRFI,LOSS,0,1,1,2026-06-21T02:28:34+00:00,-130,+100,DraftKings,2026-06-21T03:50:21+00:00,0.5652,0.5,-0.0173,-0.0479,-0.0173,N,0.5,0,-130,+100,2026-06-21T01:09:53+00:00,0,0.4746,PASS,NO EDGE,,,,,,,
2026-06-20,2026,824665,1,N,TOR,CHC,2:20 PM ET,Patrick Corbin,Colin Rea,571578,607067,live,live,live,live,1.0,0.533,0.5738,1.1067,0.2699,0.3475,0.6174,0.5479,0.4521,0.3034,0.6966,,,NRFI,LEAN,LEAN NRFI,4,2026-06-20T17:07:28Z,4.503,4.859,1.432,1.386,4.292,4.657,2.95,3.08,1.11,1.34,6.84,6.94,0.313,0.333,0.394,0.402,4.126,4.698,22.1,13.0,51.0,0.0,0.4,1.0,0.6,0.8,0.3421,0.3455,0.4275,0.388,0.1648,0.1221,lineup,lineup,"[{""id"": 691718, ""name"": ""Pete Crow-Armstrong"", ""bats"": ""L"", ""obp"": 0.3591331269349845, ""slg"": 0.5104895104895105, ""iso"": 0.2272727272727273, ""ab"": 286}, {""id"": 663538, ""name"": ""Nico Hoerner"", ""bats"": ""R"", ""obp"": 0.314540059347181, ""slg"": 0.33221476510067116, ""iso"": 0.09395973154362419, ""ab"": 298}, {""id"": 673548, ""name"": ""Seiya Suzuki"", ""bats"": ""R"", ""obp"": 0.3568627450980392, ""slg"": 0.4484304932735426, ""iso"": 0.17937219730941706, ""ab"": 223}]","[{""id"": 543807, ""name"": ""George Springer"", ""bats"": ""R"", ""obp"": 0.3148936170212766, ""slg"": 0.3932038834951456, ""iso"": 0.1699029126213592, ""ab"": 206}, {""id"": 682818, ""name"": ""Yohendrick Pi\u00f1ango"", ""bats"": ""L"", ""obp"": 0.33088235294117646, ""slg"": 0.4330708661417323, ""iso"": 0.14960629921259844, ""ab"": 127}, {""id"": 665489, ""name"": ""Vladimir Guerrero Jr."", ""bats"": ""R"", ""obp"": 0.36303630363036304, ""slg"": 0.367816091954023, ""iso"": 0.09195402298850575, ""ab"": 261}]","[{""name"": ""away_top3c_iso"", ""value"": 0.1221, ""contribution"": -0.3974}, {""name"": ""away_top3c_slg"", ""value"": 0.388, ""contribution"": 0.265}, {""name"": ""fi_park_nrfi_rate"", ""value"": 0.5429, ""contribution"": -0.1558}, {""name"": ""home_fip"", ""value"": 4.6572, ""contribution"": 0.0762}, {""name"": ""home_p_last10_pitcher_nrfi"", ""value"": 0.6, ""contribution"": -0.0455}]","[{""name"": ""fi_park_nrfi_rate"", ""value"": 0.5429, ""contribution"": -0.2395}, {""name"": ""home_obp"", ""value"": 0.3327, ""contribution"": 0.1324}, {""name"": ""home_top3_ops_vs_oppHand"", ""value"": 0.8363, ""contribution"": 0.0872}, {""name"": ""home_top3c_slg"", ""value"": 0.4275, ""contribution"": 0.08}, {""name"": ""home_plate_ump_nrfi_rate"", ""value"": 0.4271, ""contribution"": -0.0772}]",623946,0.4271,4.334,4.782,21.0,54.0,0.7272,0.7309,5.4,4.53,0.7377,0.8363,L,R,NRFI,WIN,0,0,0,2026-06-20T18:33:55+00:00,-105,-125,DraftKings,2026-06-20T19:07:52+00:00,0.5122,0.5556,0.0357,-0.1035,0.0357,N,0.5,0,-105,-125,2026-06-20T17:15:49+00:00,0,0.6370,NRFI,STRONG,,,,,,,
2026-06-20,2026,823447,1,N,NYM,PHI,7:15 PM ET,Freddy Peralta,Cristopher Sánchez,642547,650911,live,live,live,live,1.04,0.3046,0.5065,0.8111,0.2359,0.4326,0.6685,0.5245,0.4755,0.1952,0.8048,,,NRFI,LEAN,LEAN NRFI,4,2026-06-20T22:03:41Z,3.51,2.016,1.228,1.081,3.891,2.338,3.51,1.79,1.08,0.54,9.32,10.23,0.301,0.301,0.379,0.39,4.15,4.172,27.6,17.1,33.0,0.0,0.8,0.6,0.8,0.8,0.3323,0.3315,0.4529,0.4335,0.215,0.1675,lineup,lineup,"[{""id"": 607208, ""name"": ""Trea Turner"", ""bats"": ""R"", ""obp"": 0.27586206896551724, ""slg"": 0.3344594594594595, ""iso"": 0.11148648648648651, ""ab"": 296}, {""id"": 656941, ""name"": ""Kyle Schwarber"", ""bats"": ""L"", ""obp"": 0.3611111111111111, ""slg"": 0.5583941605839416, ""iso"": 0.3138686131386862, ""ab"": 274}, {""id"": 596117, ""name"": ""Garrett Stubbs"", ""bats"": ""L"", ""obp"": 0.25, ""slg"": 0.16666666666666666, ""iso"": 0.0, ""ab"": 24}]","[{""id"": 701807, ""name"": ""Carson Benge"", ""bats"": ""L"", ""obp"": 0.3159722222222222, ""slg"": 0.3849056603773585, ""iso"": 0.12830188679245286, ""ab"": 265}, {""id"": 683146, ""name"": ""Brett Baty"", ""bats"": ""L"", ""obp"": 0.29838709677419356, ""slg"": 0.31221719457013575, ""iso"": 0.0904977375565611, ""ab"": 221}, {""id"": 669004, ""name"": ""MJ Melendez"", ""bats"": ""L"", ""obp"": 0.3153846153846154, ""slg"": 0.3669724770642202, ""iso"": 0.1743119266055046, ""ab"": 109}]","[{""name"": ""home_fip"", ""value"": 2.3384, ""contribution"": -0.1842}, {""name"": ""era_gap_t1"", ""value"": -1.4941, ""contribution"": -0.1612}, {""name"": ""home_xera"", ""value"": 2.8811, ""contribution"": -0.1265}, {""name"": ""fi_park_nrfi_rate"", ""value"": 0.473, ""contribution"": 0.0859}, {""name"": ""away_top3c_iso"", ""value"": 0.1675, ""contribution"": -0.0773}]","[{""name"": ""away_whiff_pct_rank"", ""value"": 90.0, ""contribution"": -0.1731}, {""name"": ""home_top3c_iso"", ""value"": 0.215, ""contribution"": 0.1698}, {""name"": ""fi_park_nrfi_rate"", ""value"": 0.473, ""contribution"": 0.1321}, {""name"": ""era_gap_b1"", ""value"": 1.4941, ""contribution"": 0.1013}, {""name"": ""home_obp"", ""value"": 0.301, ""contribution"": -0.0896}]",489985,0.4845,2.881,3.353,95.0,90.0,0.6909,0.678,6.93,5.73,0.837,0.8273,R,L,YRFI,LOSS,0,1,1,2026-06-20T23:30:37+00:00,-135,+105,DraftKings,2026-06-20T23:38:12+00:00,0.5745,0.4878,-0.05,-0.0123,-0.05,N,0.5,0,-135,+105,2026-06-20T22:12:03+00:00,0,0.4877,PASS,NO EDGE,,,,,,,
2026-06-20,2026,824988,1,N,LAA,OAK,10:05 PM ET,Walbert Ureña,J.T. Ginn,700712,669372,ltd,live,live,live,0.93,0.4813,0.5295,1.0108,0.4528,0.5904,1.0431,0.339,0.661,0.2682,0.7318,,,YRFI,STRONG,STRONG YRFI,4,2026-06-21T00:36:56Z,3.215,3.574,1.315,1.22,4.127,4.187,4.23,3.5,0.91,1.15,8.54,8.51,0.318,0.329,0.399,0.421,4.484,4.665,21.3,17.1,58.0,0.0,0.8,0.6,0.9,0.8,0.3742,0.3244,0.5175,0.4147,0.2491,0.1767,lineup,lineup,"[{""id"": 701762, ""name"": ""Nick Kurtz"", ""bats"": ""L"", ""obp"": 0.436046511627907, ""slg"": 0.5441176470588235, ""iso"": 0.25735294117647056, ""ab"": 272}, {""id"": 669127, ""name"": ""Shea Langeliers"", ""bats"": ""R"", ""obp"": 0.33753943217665616, ""slg"": 0.5277777777777778, ""iso"": 0.2534722222222222, ""ab"": 288}, {""id"": 691016, ""name"": ""Tyler Soderstrom"", ""bats"": ""L"", ""obp"": 0.343042071197411, ""slg"": 0.4794007490636704, ""iso"": 0.23595505617977527, ""ab"": 267}]","[{""id"": 687263, ""name"": ""Zach Neto"", ""bats"": ""R"", ""obp"": 0.3274336283185841, ""slg"": 0.45051194539249145, ""iso"": 0.22525597269624573, ""ab"": 293}, {""id"": 694384, ""name"": ""Nolan Schanuel"", ""bats"": ""L"", ""obp"": 0.32231404958677684, ""slg"": 0.3778801843317972, ""iso"": 0.12442396313364051, ""ab"": 217}, {""id"": 687093, ""name"": ""Vaughn Grissom"", ""bats"": ""R"", ""obp"": 0.32098765432098764, ""slg"": 0.3971631205673759, ""iso"": 0.15602836879432627, ""ab"": 141}]","[{""name"": ""fi_park_nrfi_rate"", ""value"": 0.4422, ""contribution"": 0.1922}, {""name"": ""away_top3c_slg"", ""value"": 0.4147, ""contribution"": 0.1293}, {""name"": ""home_p_last10_pitcher_nrfi"", ""value"": 0.9, ""contribution"": 0.0716}, {""name"": ""home_xera"", ""value"": 3.6671, ""contribution"": -0.0459}, {""name"": ""era_gap_t1"", ""value"": 0.3587, ""contribution"": 0.0395}]","[{""name"": ""home_top3c_slg"", ""value"": 0.5175, ""contribution"": -0.4792}, {""name"": ""home_top3c_iso"", ""value"": 0.2491, ""contribution"": 0.3308}, {""name"": ""fi_park_nrfi_rate"", ""value"": 0.4422, ""contribution"": 0.2954}, {""name"": ""home_top3_ops_vs_oppHand"", ""value"": 0.8963, ""contribution"": 0.1591}, {""name"": ""home_top3c_obp"", ""value"": 0.3742, ""contribution"": 0.119}]",483564,0.5037,3.667,2.497,82.0,50.0,0.7272,0.7136,5.2,5.8,0.7667,0.8963,R,R,NRFI,LOSS,0,0,0,2026-06-21T02:22:59+00:00,+100,-130,DraftKings,2026-06-21T01:09:53+00:00,0.5,0.5652,-0.161,0.0958,0.0958,Y,1,-1,+100,-130,2026-06-21T01:01:07+00:00,0,0.4658,PASS,NO EDGE,,,,,,,
2026-06-20,2026,824263,1,N,CWS,DET,1:10 PM ET,Sean Newcomb,Troy Melton,656794,675512,live,ltd,live,live,0.98,0.5198,0.37,0.8897,0.358,0.3622,0.7202,0.4772,0.5228,0.2238,0.7762,,,PASS,NO EDGE,PASS - No edge,4,2026-06-20T17:07:28Z,2.908,3.319,1.183,1.106,2.825,4.76,2.67,2.64,0.43,1.47,8.7,6.94,0.321,0.314,0.413,0.395,4.669,4.139,24.1,19.1,41.0,0.0,0.6,0.6,0.625,0.6,0.3367,0.3477,0.4426,0.4434,0.1887,0.19,lineup,lineup,"[{""id"": 805808, ""name"": ""Kevin McGonigle"", ""bats"": ""L"", ""obp"": 0.38801261829652994, ""slg"": 0.42962962962962964, ""iso"": 0.14814814814814814, ""ab"": 270}, {""id"": 693307, ""name"": ""Dillon Dingler"", ""bats"": ""R"", ""obp"": 0.33451957295373663, ""slg"": 0.5258964143426295, ""iso"": 0.26294820717131473, ""ab"": 251}, {""id"": 663837, ""name"": ""Matt Vierling"", ""bats"": ""R"", ""obp"": 0.25980392156862747, ""slg"": 0.34782608695652173, ""iso"": 0.1467391304347826, ""ab"": 184}]","[{""id"": 803011, ""name"": ""Sam Antonacci"", ""bats"": ""L"", ""obp"": 0.38181818181818183, ""slg"": 0.4074074074074074, ""iso"": 0.12169312169312169, ""ab"": 189}, {""id"": 678246, ""name"": ""Miguel Vargas"", ""bats"": ""R"", ""obp"": 0.3584905660377358, ""slg"": 0.47368421052631576, ""iso"": 0.23308270676691728, ""ab"": 266}, {""id"": 700337, ""name"": ""Edgar Quero"", ""bats"": ""S"", ""obp"": 0.2545454545454545, ""slg"": 0.23448275862068965, ""iso"": 0.0482758620689655, ""ab"": 145}]","[{""name"": ""fi_park_nrfi_rate"", ""value"": 0.5322, ""contribution"": -0.1188}, {""name"": ""home_fip"", ""value"": 4.7602, ""contribution"": 0.0877}, {""name"": ""away_top3c_iso"", ""value"": 0.19, ""contribution"": 0.0814}, {""name"": ""era_gap_t1"", ""value"": 0.4103, ""contribution"": 0.045}, {""name"": ""home_p_last10_pitcher_nrfi"", ""value"": 0.625, ""contribution"": -0.0358}]","[{""name"": ""fi_park_nrfi_rate"", ""value"": 0.5322, ""contribution"": -0.1826}, {""name"": ""away_fip"", ""value"": 2.8249, ""contribution"": -0.1243}, {""name"": ""away_whiff_pct_rank"", ""value"": 26.0, ""contribution"": 0.1031}, {""name"": ""wx_wind_kmh"", ""value"": 19.1, ""contribution"": 0.0801}, {""name"": ""home_top3c_iso"", ""value"": 0.1887, ""contribution"": 0.0455}]",521889,0.4806,4.2,3.61,50.0,26.0,0.7272,0.7136,5.87,4.47,0.794,0.784,L,R,YRFI,PASS,1,0,1,2026-06-20T17:22:12+00:00,-120,-110,DraftKings,2026-06-20T17:15:49+00:00,0.5455,0.5238,-0.0683,-0.001,,N,,,-120,-110,2026-06-20T17:05:57+00:00,,0.4868,PASS,NO EDGE,,,,,,,
2026-06-21,2026,824343,1,N,PIT,COL,3:10 PM ET,Jared Jones,Michael Lorenzen,683003,547179,sm,live,live,live,1.22,0.7574,0.7058,1.4633,0.6218,0.6829,1.3047,0.3219,0.6781,0.4298,0.5702,,,YRFI,STRONG,STRONG YRFI,4,2026-06-21T13:06:18Z,4.787,6.226,1.368,1.661,4.484,4.721,3.0,2.94,1.48,1.56,8.97,7.84,0.331,0.321,0.407,0.41,4.897,4.538,32.2,32.4,7.0,0.0,0.8,0.75,0.7,0.75,0.321,0.3311,0.4095,0.407,0.169,0.169,team_fallback,team_fallback,[],[],"[{""name"": ""fi_park_nrfi_rate"", ""value"": 0.4241, ""contribution"": 0.2547}, {""name"": ""away_top3c_slg"", ""value"": 0.407, ""contribution"": 0.1685}, {""name"": ""era_gap_t1"", ""value"": 1.4393, ""contribution"": 0.1565}, {""name"": ""wx_wind_kmh"", ""value"": 32.4, ""contribution"": 0.0931}, {""name"": ""home_fip"", ""value"": 4.7205, ""contribution"": 0.0833}]","[{""name"": ""fi_park_nrfi_rate"", ""value"": 0.4241, ""contribution"": 0.3916}, {""name"": ""wx_wind_kmh"", ""value"": 32.4, ""contribution"": 0.22}, {""name"": ""home_top3c_slg"", ""value"": 0.4095, ""contribution"": 0.1918}, {""name"": ""era_gap_b1"", ""value"": -1.4393, ""contribution"": -0.0983}, {""name"": ""wx_temp_c"", ""value"": 32.2, ""contribution"": 0.0914}]",,0.5084,4.664,4.2,38.0,50.0,0.7272,0.7396,4.4,4.33,0.72,0.72,R,R,NRFI,LOSS,0,0,0,2026-06-21T19:19:18+00:00,+125,-160,DraftKings,2026-06-21T18:12:55+00:00,0.4444,0.6154,-0.1225,0.0627,0.0627,Y,1,-1,+125,-160,2026-06-21T18:07:35+00:00,0,,,,,,,,,,
2026-06-21,2026,822968,1,N,WSH,TB,1:40 PM ET,Andrew Alvarez,Nick Martinez,674841,607259,ltd,live,live,live,0.93,0.4069,0.4697,0.8766,0.3826,0.5588,0.9414,0.4062,0.5938,0.219,0.781,,,YRFI,STRONG,STRONG YRFI,4,2026-06-21T13:06:18Z,3.679,3.202,1.321,1.176,3.691,3.853,3.42,1.77,0.88,0.9,9.13,5.71,0.32,0.332,0.42,0.385,5.223,4.438,,,,1.0,0.8,0.8,0.9,0.875,0.3318,0.3202,0.3854,0.4196,0.169,0.169,team_fallback,team_fallback,[],[],"[{""name"": ""fi_park_nrfi_rate"", ""value"": 0.4376, ""contribution"": 0.2081}, {""name"": ""away_top3c_slg"", ""value"": 0.4196, ""contribution"": 0.1049}, {""name"": ""home_p_last10_pitcher_nrfi"", ""value"": 0.9, ""contribution"": 0.0716}, {""name"": ""away_top3c_iso"", ""value"": 0.169, ""contribution"": -0.0668}, {""name"": ""era_gap_t1"", ""value"": -0.4775, ""contribution"": -0.0511}]","[{""name"": ""home_top3c_slg"", ""value"": 0.3854, ""contribution"": 0.3414}, {""name"": ""fi_park_nrfi_rate"", ""value"": 0.4376, ""contribution"": 0.3199}, {""name"": ""home_obp"", ""value"": 0.3318, ""contribution"": 0.1258}, {""name"": ""wx_is_dome"", ""value"": 1.0, ""contribution"": -0.0758}, {""name"": ""home_top3_ops_vs_oppHand"", ""value"": 0.72, ""contribution"": -0.0521}]",,0.5084,4.133,4.2,18.0,50.0,0.7396,0.7136,5.87,4.07,0.72,0.72,L,R,NRFI,LOSS,0,0,0,2026-06-21T17:50:26+00:00,-115,-115,DraftKings,2026-06-21T16:40:37+00:00,0.5349,0.5349,-0.1285,0.0587,0.0587,Y,1,-1,-115,-115,2026-06-21T16:35:15+00:00,0,,,,,,,,,,
2026-06-21,2026,823934,1,N,BAL,LAD,4:10 PM ET,Brandon Young,Emmet Sheehan,687064,686218,live,live,live,live,0.97,0.456,0.5951,1.0511,0.3419,0.5386,0.8805,0.4064,0.5936,0.283,0.717,,,YRFI,STRONG,STRONG YRFI,4,2026-06-21T13:06:18Z,3.954,4.217,1.306,1.155,4.418,3.909,3.27,2.54,1.13,1.42,7.05,10.1,0.319,0.34,0.399,0.433,4.565,5.125,23.0,15.8,54.0,0.0,0.8,0.8,0.7,0.7,0.3403,0.3185,0.4329,0.3986,0.169,0.169,team_fallback,team_fallback,[],[],"[{""name"": ""away_top3c_slg"", ""value"": 0.3986, ""contribution"": 0.211}, {""name"": ""home_xera"", ""value"": 2.9748, ""contribution"": -0.1169}, {""name"": ""away_top3c_iso"", ""value"": 0.169, ""contribution"": -0.0668}, {""name"": ""fi_park_nrfi_rate"", ""value"": 0.4823, ""contribution"": 0.0538}, {""name"": ""away_top3_ops_vs_oppHand"", ""value"": 0.72, ""contribution"": -0.0481}]","[{""name"": ""home_obp"", ""value"": 0.3403, ""contribution"": 0.1853}, {""name"": ""away_whiff_pct_rank"", ""value"": 14.0, ""contribution"": 0.1549}, {""name"": ""fi_park_nrfi_rate"", ""value"": 0.4823, ""contribution"": 0.0827}, {""name"": ""home_top3_ops_vs_oppHand"", ""value"": 0.72, ""contribution"": -0.0521}, {""name"": ""home_top3c_iso"", ""value"": 0.169, ""contribution"": -0.0473}]",,0.5084,2.975,4.059,96.0,14.0,0.7136,0.7136,4.53,6.53,0.72,0.72,R,R,YRFI,WIN,2,1,3,2026-06-21T20:37:26+00:00,-110,-120,DraftKings,2026-06-21T19:12:25+00:00,0.5238,0.5455,-0.1174,0.0481,0.0481,Y,1,0.833,-110,-120,2026-06-21T19:07:02+00:00,0,,,,,,,,,,
2026-06-21,2026,824987,1,N,LAA,OAK,4:05 PM ET,Reid Detmers,Jack Perkins,672282,678022,live,ltd,live,live,0.93,0.4603,0.3903,0.8505,0.4094,0.4229,0.8323,0.4186,0.5814,0.2095,0.7905,,,PASS,LINEUP PENDING,PASS - Lineup pending,4,2026-06-21T13:06:18Z,3.799,5.175,1.088,1.31,3.062,3.789,2.71,3.21,0.81,1.11,10.2,9.76,0.319,0.328,0.4,0.419,4.511,4.614,20.5,17.0,66.0,0.0,0.6,0.8,0.5714,0.8,0.3277,0.3185,0.4187,0.4003,0.169,0.169,team_fallback,team_fallback,[],[],"[{""name"": ""away_top3c_slg"", ""value"": 0.4003, ""contribution"": 0.2025}, {""name"": ""fi_park_nrfi_rate"", ""value"": 0.4422, ""contribution"": 0.1922}, {""name"": ""era_gap_t1"", ""value"": 1.3768, ""contribution"": 0.1497}, {""name"": ""home_xera"", ""value"": 3.41, ""contribution"": -0.0723}, {""name"": ""away_top3c_iso"", ""value"": 0.169, ""contribution"": -0.0668}]","[{""name"": ""fi_park_nrfi_rate"", ""value"": 0.4422, ""contribution"": 0.2954}, {""name"": ""home_top3c_slg"", ""value"": 0.4187, ""contribution"": 0.1347}, {""name"": ""away_fip"", ""value"": 3.0617, ""contribution"": -0.099}, {""name"": ""home_obp"", ""value"": 0.3277, ""contribution"": 0.0975}, {""name"": ""era_gap_b1"", ""value"": -1.3768, ""contribution"": -0.0941}]",,0.5084,3.41,3.122,90.0,65.0,0.7272,0.7136,4.6,6.6,0.72,0.72,L,R,YRFI,PASS,0,4,4,2026-06-21T20:25:57+00:00,-110,-120,DraftKings,2026-06-22T03:56:37+00:00,0.5238,0.5455,-0.0954,0.0261,,N,,,-110,-120,2026-06-21T20:01:04+00:00,,,,,,,,,,,
2026-06-21,2026,823852,1,N,SF,MIA,1:40 PM ET,Logan Webb,Ryan Gusto,657277,687473,live,live,live,live,0.95,0.5412,0.3452,0.8864,0.4611,0.3645,0.8256,0.4253,0.5747,0.2225,0.7775,,,PASS,LINEUP PENDING,PASS - Lineup pending,4,2026-06-21T13:06:18Z,3.377,5.869,1.181,1.519,2.833,4.581,2.18,3.22,0.52,1.44,8.47,8.19,0.311,0.323,0.419,0.39,4.214,4.364,,,,1.0,0.4,1.0,0.6,0.9,0.3227,0.311,0.3903,0.4187,0.169,0.169,team_fallback,team_fallback,[],[],"[{""name"": ""era_gap_t1"", ""value"": 2.4926, ""contribution"": 0.2705}, {""name"": ""fi_park_nrfi_rate"", ""value"": 0.455, ""contribution"": 0.1479}, {""name"": ""away_top3c_slg"", ""value"": 0.4187, ""contribution"": 0.1093}, {""name"": ""home_fip"", ""value"": 4.5813, ""contribution"": 0.0677}, {""name"": ""away_top3c_iso"", ""value"": 0.169, ""contribution"": -0.0668}]","[{""name"": ""home_top3c_slg"", ""value"": 0.3903, ""contribution"": 0.3114}, {""name"": ""fi_park_nrfi_rate"", ""value"": 0.455, ""contribution"": 0.2273}, {""name"": ""era_gap_b1"", ""value"": -2.4926, ""contribution"": -0.17}, {""name"": ""away_fip"", ""value"": 2.8327, ""contribution"": -0.1235}, {""name"": ""wx_is_dome"", ""value"": 1.0, ""contribution"": -0.0758}]",,0.5084,4.2,3.482,50.0,48.0,0.7136,0.7396,4.07,6.27,0.72,0.72,R,R,NRFI,LOSS,0,0,0,2026-06-21T17:50:46+00:00,-125,-105,DraftKings,2026-06-21T17:23:51+00:00,0.5556,0.5122,-0.1475,0.0797,0.0797,Y,1,-1,-125,-105,2026-06-21T17:23:51+00:00,0,,,,,,,,,,
2026-06-21,2026,823531,1,N,CIN,NYY,1:35 PM ET,Chase Burns,Elmer Rodríguez,695505,695684,live,sm,live,live,1.02,0.5373,0.4908,1.0281,0.484,0.3505,0.8345,0.4163,0.5837,0.2746,0.7254,,,PASS,LINEUP PENDING,PASS - Lineup pending,4,2026-06-21T13:06:18Z,2.777,4.165,1.107,1.405,3.414,4.222,2.97,3.74,1.06,0.91,10.65,7.62,0.313,0.329,0.397,0.434,4.317,5.061,26.4,14.8,25.0,0.0,0.6667,0.8,0.6667,0.9,0.3293,0.3127,0.4345,0.397,0.169,0.169,team_fallback,team_fallback,[],[],"[{""name"": ""away_top3c_slg"", ""value"": 0.397, ""contribution"": 0.2192}, {""name"": ""fi_park_nrfi_rate"", ""value"": 0.4526, ""contribution"": 0.1563}, {""name"": ""era_gap_t1"", ""value"": 1.3885, ""contribution"": 0.151}, {""name"": ""away_top3c_iso"", ""value"": 0.169, ""contribution"": -0.0668}, {""name"": ""away_top3_ops_vs_oppHand"", ""value"": 0.72, ""contribution"": -0.0481}]","[{""name"": ""fi_park_nrfi_rate"", ""value"": 0.4526, ""contribution"": 0.2403}, {""name"": ""away_whiff_pct_rank"", ""value"": 100.0, ""contribution"": -0.2163}, {""name"": ""home_obp"", ""value"": 0.3293, ""contribution"": 0.1088}, {""name"": ""era_gap_b1"", ""value"": -1.3885, ""contribution"": -0.0949}, {""name"": ""away_fip"", ""value"": 3.4138, ""contribution"": -0.0614}]",,0.5084,4.2,3.446,50.0,100.0,0.7136,0.7272,4.33,5.53,0.72,0.72,R,R,NRFI,LOSS,0,0,0,2026-06-21T17:58:43+00:00,-115,-115,DraftKings,2026-06-21T16:35:15+00:00,0.5349,0.5349,-0.1285,0.0587,0.0587,Y,1,-1,-115,-115,2026-06-21T16:29:51+00:00,0,,,,,,,,,,
2026-06-21,2026,823123,1,N,BOS,SEA,4:10 PM ET,Payton Tolle,Logan Gilbert,801139,669302,ltd,live,live,live,0.95,0.3991,0.4093,0.8084,0.2775,0.2699,0.5474,0.5679,0.4321,0.1942,0.8058,,,PASS,LINEUP PENDING,PASS - Lineup pending,4,2026-06-21T13:06:18Z,3.436,3.433,1.142,1.03,3.542,3.604,2.66,2.1,0.95,1.36,9.07,10.33,0.313,0.313,0.386,0.391,4.051,4.199,,,,1.0,0.6,1.0,0.6,0.8,0.3135,0.3127,0.3911,0.3862,0.169,0.169,team_fallback,team_fallback,[],[],"[{""name"": ""away_top3c_slg"", ""value"": 0.3862, ""contribution"": 0.2738}, {""name"": ""home_xera"", ""value"": 3.1658, ""contribution"": -0.0973}, {""name"": ""away_top3c_iso"", ""value"": 0.169, ""contribution"": -0.0668}, {""name"": ""fi_park_nrfi_rate"", ""value"": 0.5131, ""contribution"": -0.0529}, {""name"": ""away_top3_ops_vs_oppHand"", ""value"": 0.72, ""contribution"": -0.0481}]","[{""name"": ""home_top3c_slg"", ""value"": 0.3911, ""contribution"": 0.3064}, {""name"": ""away_whiff_pct_rank"", ""value"": 100.0, ""contribution"": -0.2163}, {""name"": ""home_top3c_obp"", ""value"": 0.3135, ""contribution"": -0.0941}, {""name"": ""fi_park_nrfi_rate"", ""value"": 0.5131, ""contribution"": -0.0814}, {""name"": ""wx_is_dome"", ""value"": 1.0, ""contribution"": -0.0758}]",,0.5084,3.166,3.327,97.0,100.0,0.7075,0.7136,6.0,5.53,0.72,0.72,L,R,NRFI,WIN,0,0,0,2026-06-21T20:23:03+00:00,-180,+135,DraftKings,2026-06-22T03:56:37+00:00,0.6429,0.4255,0.0486,-0.117,0.0486,N,0.5,0,-180,+135,2026-06-21T19:07:02+00:00,0,,,,,,,,,,
2026-06-21,2026,824095,1,N,STL,KC,2:10 PM ET,Dustin May,Stephen Kolek,669160,663568,live,live,live,live,0.96,0.3947,0.4264,0.8211,0.278,0.3948,0.6727,0.5113,0.4887,0.1988,0.8012,,,PASS,LINEUP PENDING,PASS - Lineup pending,4,2026-06-21T13:06:18Z,4.152,3.069,1.233,1.086,3.536,3.764,2.82,2.12,0.84,0.83,8.33,6.21,0.323,0.319,0.398,0.394,4.545,4.223,25.3,16.0,68.0,0.0,0.8,0.8,0.9,0.7,0.3193,0.3235,0.3944,0.3979,0.169,0.169,team_fallback,team_fallback,[],[],"[{""name"": ""fi_park_nrfi_rate"", ""value"": 0.5614, ""contribution"": -0.2197}, {""name"": ""away_top3c_slg"", ""value"": 0.3979, ""contribution"": 0.2148}, {""name"": ""era_gap_t1"", ""value"": -1.0831, ""contribution"": -0.1167}, {""name"": ""home_p_last10_pitcher_nrfi"", ""value"": 0.9, ""contribution"": 0.0716}, {""name"": ""away_top3c_iso"", ""value"": 0.169, ""contribution"": -0.0668}]","[{""name"": ""fi_park_nrfi_rate"", ""value"": 0.5614, ""contribution"": -0.3377}, {""name"": ""home_top3c_slg"", ""value"": 0.3944, ""contribution"": 0.2854}, {""name"": ""away_whiff_pct_rank"", ""value"": 10.0, ""contribution"": 0.1721}, {""name"": ""home_top3c_obp"", ""value"": 0.3193, ""contribution"": -0.0735}, {""name"": ""era_gap_b1"", ""value"": 1.0831, ""contribution"": 0.0733}]",,0.5084,4.2,4.796,50.0,10.0,0.7272,0.6942,6.67,6.6,0.72,0.72,R,R,YRFI,LOSS,5,2,7,2026-06-21T18:33:00+00:00,-115,-110,DraftKings,2026-06-22T03:56:37+00:00,0.5349,0.5238,0.013,-0.0717,0.013,N,0.5,0,-115,-110,2026-06-21T17:07:47+00:00,0,,,,,,,,,,
2026-06-21,2026,824177,1,N,CLE,HOU,2:10 PM ET,Slade Cecconi,Kai-Wei Teng,677944,678906,live,ltd,live,live,0.99,0.5251,0.5606,1.0857,0.3534,0.4163,0.7698,0.4677,0.5323,0.2957,0.7043,,,PASS,LINEUP PENDING,PASS - Lineup pending,4,2026-06-21T13:06:18Z,4.498,4.478,1.329,1.336,4.463,4.368,2.64,3.97,1.39,1.31,7.47,9.61,0.314,0.318,0.378,0.412,4.092,4.532,,,,1.0,0.4,1.0,0.4,0.7,0.3177,0.3143,0.412,0.3777,0.169,0.169,team_fallback,team_fallback,[],[],"[{""name"": ""away_top3c_slg"", ""value"": 0.3777, ""contribution"": 0.3169}, {""name"": ""home_p_last10_pitcher_nrfi"", ""value"": 0.4, ""contribution"": -0.1236}, {""name"": ""away_top3c_iso"", ""value"": 0.169, ""contribution"": -0.0668}, {""name"": ""fi_park_nrfi_rate"", ""value"": 0.482, ""contribution"": 0.0547}, {""name"": ""away_top3_ops_vs_oppHand"", ""value"": 0.72, ""contribution"": -0.0481}]","[{""name"": ""home_top3c_slg"", ""value"": 0.412, ""contribution"": 0.1762}, {""name"": ""away_whiff_pct_rank"", ""value"": 24.0, ""contribution"": 0.1117}, {""name"": ""fi_park_nrfi_rate"", ""value"": 0.482, ""contribution"": 0.084}, {""name"": ""home_top3c_obp"", ""value"": 0.3177, ""contribution"": -0.0793}, {""name"": ""wx_is_dome"", ""value"": 1.0, ""contribution"": -0.0758}]",,0.5084,3.808,4.958,62.0,24.0,0.7136,0.6796,4.67,5.2,0.72,0.72,R,R,YRFI,PASS,0,1,1,2026-06-21T18:29:16+00:00,-110,-115,DraftKings,2026-06-22T03:56:37+00:00,0.5238,0.5349,-0.0459,-0.0128,,N,,,-110,-115,2026-06-21T18:07:35+00:00,,,,,,,,,,,
2026-06-21,2026,824908,1,N,MIL,ATL,1:35 PM ET,Robert Gasser,Bryce Elder,688107,693821,sm,live,live,live,0.98,0.5112,0.6109,1.1221,0.3549,0.4211,0.776,0.4573,0.5427,0.3091,0.6909,,,PASS,LINEUP PENDING,PASS - Lineup pending,4,2026-06-21T13:06:18Z,4.436,3.821,1.305,1.218,4.802,4.041,3.38,2.81,1.6,1.06,8.84,7.48,0.335,0.318,0.395,0.419,5.118,4.894,29.5,12.5,57.0,0.0,0.6,0.6,0.7,0.7143,0.3177,0.3351,0.4195,0.3954,0.169,0.169,team_fallback,team_fallback,[],[],"[{""name"": ""away_top3c_slg"", ""value"": 0.3954, ""contribution"": 0.2275}, {""name"": ""away_top3c_iso"", ""value"": 0.169, ""contribution"": -0.0668}, {""name"": ""era_gap_t1"", ""value"": -0.6154, ""contribution"": -0.066}, {""name"": ""wx_temp_c"", ""value"": 29.5, ""contribution"": 0.0494}, {""name"": ""away_top3_ops_vs_oppHand"", ""value"": 0.72, ""contribution"": -0.0481}]","[{""name"": ""home_top3c_slg"", ""value"": 0.4195, ""contribution"": 0.1298}, {""name"": ""away_fip"", ""value"": 4.8019, ""contribution"": 0.087}, {""name"": ""home_top3c_obp"", ""value"": 0.3177, ""contribution"": -0.0794}, {""name"": ""wx_temp_c"", ""value"": 29.5, ""contribution"": 0.0689}, {""name"": ""fi_park_nrfi_rate"", ""value"": 0.5093, ""contribution"": -0.0612}]",,0.5084,4.332,4.2,24.0,50.0,0.7197,0.7136,5.2,4.8,0.72,0.72,L,R,YRFI,PASS,0,1,1,2026-06-21T17:52:18+00:00,-120,-110,DraftKings,2026-06-22T03:56:37+00:00,0.5455,0.5238,-0.0683,-0.001,,N,,,-120,-110,2026-06-21T17:34:53+00:00,,,,,,,,,,,
2026-06-21,2026,823449,1,N,NYM,PHI,7:20 PM ET,David Peterson,Zack Wheeler,656849,554430,live,live,live,live,1.04,0.3579,0.5528,0.9107,0.2397,0.5176,0.7572,0.4772,0.5228,0.2315,0.7685,,,PASS,LINEUP PENDING,PASS - Lineup pending,4,2026-06-21T13:06:18Z,5.26,2.284,1.53,0.885,3.634,3.232,3.76,2.1,0.66,1.07,8.11,10.06,0.301,0.303,0.379,0.397,4.137,4.291,29.1,10.0,26.0,0.0,0.8,0.2,0.8,0.3,0.3026,0.301,0.397,0.3786,0.169,0.169,team_fallback,team_fallback,[],[],"[{""name"": ""era_gap_t1"", ""value"": -2.976, ""contribution"": -0.3216}, {""name"": ""away_top3c_slg"", ""value"": 0.3786, ""contribution"": 0.3123}, {""name"": ""home_xera"", ""value"": 1.9492, ""contribution"": -0.222}, {""name"": ""fi_park_nrfi_rate"", ""value"": 0.473, ""contribution"": 0.0859}, {""name"": ""home_fip"", ""value"": 3.232, ""contribution"": -0.0838}]","[{""name"": ""home_top3c_slg"", ""value"": 0.397, ""contribution"": 0.2697}, {""name"": ""era_gap_b1"", ""value"": 2.976, ""contribution"": 0.2021}, {""name"": ""away_p_last10_pitcher_nrfi"", ""value"": 0.3, ""contribution"": 0.137}, {""name"": ""home_top3c_obp"", ""value"": 0.3026, ""contribution"": -0.1321}, {""name"": ""fi_park_nrfi_rate"", ""value"": 0.473, ""contribution"": 0.1321}]",,0.5084,1.949,4.593,93.0,68.0,0.7335,0.7197,6.2,4.73,0.72,0.72,L,R,YRFI,PASS,0,2,2,2026-06-21T23:46:53+00:00,-120,-110,DraftKings,2026-06-22T03:56:37+00:00,0.5455,0.5238,-0.0666,-0.0027,,N,,,-120,-110,2026-06-21T23:15:34+00:00,,,,,,,,,,,
2026-06-21,2026,824260,1,N,CWS,DET,1:40 PM ET,Davis Martin,Keider Montero,663436,672456,live,live,live,live,0.98,0.4751,0.4057,0.8808,0.3635,0.3439,0.7074,0.4786,0.5214,0.2205,0.7795,,,PASS,LINEUP PENDING,PASS - Lineup pending,4,2026-06-21T13:06:18Z,3.571,3.9,1.223,1.139,3.454,4.261,2.49,2.43,0.86,1.17,8.34,6.65,0.32,0.313,0.411,0.394,4.628,4.137,24.3,12.0,38.0,0.0,1.0,1.0,1.0,0.8,0.3135,0.3202,0.3945,0.4112,0.169,0.169,team_fallback,team_fallback,[],[],"[{""name"": ""away_top3c_slg"", ""value"": 0.4112, ""contribution"": 0.1474}, {""name"": ""fi_park_nrfi_rate"", ""value"": 0.5322, ""contribution"": -0.1188}, {""name"": ""home_p_last10_pitcher_nrfi"", ""value"": 1.0, ""contribution"": 0.1107}, {""name"": ""away_top3c_iso"", ""value"": 0.169, ""contribution"": -0.0668}, {""name"": ""away_top3_ops_vs_oppHand"", ""value"": 0.72, ""contribution"": -0.0481}]","[{""name"": ""home_top3c_slg"", ""value"": 0.3945, ""contribution"": 0.2853}, {""name"": ""fi_park_nrfi_rate"", ""value"": 0.5322, ""contribution"": -0.1826}, {""name"": ""home_top3c_obp"", ""value"": 0.3135, ""contribution"": -0.094}, {""name"": ""away_whiff_pct_rank"", ""value"": 29.0, ""contribution"": 0.0902}, {""name"": ""away_fip"", ""value"": 3.4539, ""contribution"": -0.0571}]",,0.5084,4.024,4.871,9.0,29.0,0.7272,0.6363,5.6,5.13,0.72,0.72,R,R,NRFI,PASS,0,0,0,2026-06-21T17:52:39+00:00,-120,-110,DraftKings,2026-06-22T03:56:37+00:00,0.5455,0.5238,-0.0707,0.0014,,N,,,-120,-110,2026-06-21T17:34:53+00:00,,,,,,,,,,,
2026-06-21,2026,824664,1,N,TOR,CHC,2:20 PM ET,Dylan Cease,Shota Imanaga,656302,684007,live,live,live,live,1.0,0.4884,0.4775,0.9659,0.3478,0.2819,0.6297,0.5479,0.4521,0.2517,0.7483,,,PASS,LINEUP PENDING,PASS - Lineup pending,4,2026-06-21T13:06:18Z,3.361,4.092,1.24,1.038,2.799,4.716,3.82,2.08,0.8,1.83,12.84,8.31,0.312,0.334,0.394,0.402,4.168,4.712,16.8,12.6,83.0,0.0,0.8,0.6,0.8,0.6,0.3336,0.3118,0.402,0.3936,0.169,0.169,team_fallback,team_fallback,[],[],"[{""name"": ""away_top3c_slg"", ""value"": 0.3936, ""contribution"": 0.2363}, {""name"": ""fi_park_nrfi_rate"", ""value"": 0.5429, ""contribution"": -0.1558}, {""name"": ""home_fip"", ""value"": 4.7159, ""contribution"": 0.0828}, {""name"": ""era_gap_t1"", ""value"": 0.7307, ""contribution"": 0.0797}, {""name"": ""away_top3c_iso"", ""value"": 0.169, ""contribution"": -0.0668}]","[{""name"": ""fi_park_nrfi_rate"", ""value"": 0.5429, ""contribution"": -0.2395}, {""name"": ""home_top3c_slg"", ""value"": 0.402, ""contribution"": 0.2386}, {""name"": ""away_whiff_pct_rank"", ""value"": 97.0, ""contribution"": -0.2033}, {""name"": ""home_obp"", ""value"": 0.3336, ""contribution"": 0.1385}, {""name"": ""away_fip"", ""value"": 2.7993, ""contribution"": -0.127}]",,0.5084,3.775,3.276,47.0,97.0,0.7272,0.751,5.6,5.53,0.72,0.72,R,L,POSTPONED,POSTPONED,,,,2026-06-23T03:58:58+00:00,-160,+125,DraftKings,2026-06-22T03:56:37+00:00,0.6154,0.4444,-0.0893,0.0295,-0.0893,N,0.5,,-160,+125,2026-06-21T16:13:28+00:00,0,,,,,,,,,,
2026-06-21,2026,825067,1,N,MIN,ARI,3:15 PM ET,Mike Paredes,Jose Cabrera,702474,703615,sm,avg,live,live,1.0,0.5162,0.5173,1.0335,0.3848,0.4844,0.8692,0.4064,0.5936,0.2765,0.7235,,,PASS,NO DATA,PASS - No data,3,2026-06-21T13:06:18Z,4.178,4.17,1.189,1.26,4.35,4.17,3.11,2.93,1.21,1.21,8.0,8.75,0.322,0.31,0.411,0.389,4.855,4.357,,,,1.0,0.5,1.0,0.5,1.0,0.3102,0.3219,0.3895,0.4112,0.169,0.169,team_fallback,team_fallback,[],[],"[{""name"": ""fi_park_nrfi_rate"", ""value"": 0.4239, ""contribution"": 0.2555}, {""name"": ""away_top3c_slg"", ""value"": 0.4112, ""contribution"": 0.1473}, {""name"": ""home_p_last10_pitcher_nrfi"", ""value"": 0.5, ""contribution"": -0.0846}, {""name"": ""away_top3c_iso"", ""value"": 0.169, ""contribution"": -0.0668}, {""name"": ""away_top3_ops_vs_oppHand"", ""value"": 0.72, ""contribution"": -0.0481}]","[{""name"": ""fi_park_nrfi_rate"", ""value"": 0.4239, ""contribution"": 0.3927}, {""name"": ""home_top3c_slg"", ""value"": 0.3895, ""contribution"": 0.3164}, {""name"": ""home_top3c_obp"", ""value"": 0.3102, ""contribution"": -0.1057}, {""name"": ""away_p_last10_pitcher_nrfi"", ""value"": 1.0, ""contribution"": -0.0929}, {""name"": ""wx_is_dome"", ""value"": 1.0, ""contribution"": -0.0758}]",,0.5084,4.2,4.2,50.0,50.0,0.7136,0.7136,5.0,3.83,0.72,0.72,R,R,NRFI,PASS,0,0,0,2026-06-21T19:28:46+00:00,+100,-130,DraftKings,2026-06-22T03:56:37+00:00,0.5,0.5652,-0.0936,0.0284,,N,,,+100,-130,2026-06-21T19:12:25+00:00,,,,,,,,,,,
2026-06-21,2026,822883,1,N,SD,TEX,2:35 PM ET,TBD,Nathan Eovaldi,,543135,avg,live,live,live,1.07,0.4527,0.5377,0.9904,0.2621,0.3603,0.6224,0.5479,0.4521,0.2607,0.7393,,,PASS,LINEUP PENDING,PASS - Lineup pending + Starter pending,3,2026-06-21T13:06:18Z,4.17,3.443,1.26,1.069,4.17,4.001,2.93,1.94,1.21,1.42,8.75,8.69,0.296,0.317,0.371,0.39,4.006,4.093,,,,1.0,0.6,0.5,0.6,0.5,0.3168,0.296,0.3903,0.3712,0.169,0.169,team_fallback,team_fallback,[],[],"[{""name"": ""away_top3c_slg"", ""value"": 0.3712, ""contribution"": 0.35}, {""name"": ""fi_park_nrfi_rate"", ""value"": 0.5398, ""contribution"": -0.1451}, {""name"": ""home_xera"", ""value"": 3.2112, ""contribution"": -0.0926}, {""name"": ""era_gap_t1"", ""value"": -0.7268, ""contribution"": -0.0781}, {""name"": ""away_top3c_iso"", ""value"": 0.169, ""contribution"": -0.0668}]","[{""name"": ""home_top3c_slg"", ""value"": 0.3903, ""contribution"": 0.3112}, {""name"": ""fi_park_nrfi_rate"", ""value"": 0.5398, ""contribution"": -0.2231}, {""name"": ""home_top3c_obp"", ""value"": 0.3168, ""contribution"": -0.0823}, {""name"": ""wx_is_dome"", ""value"": 1.0, ""contribution"": -0.0758}, {""name"": ""away_p_last10_pitcher_nrfi"", ""value"": 0.5, ""contribution"": 0.0713}]",,0.5084,3.211,4.2,84.0,50.0,0.7272,0.7136,6.53,5.0,0.72,0.72,,,NRFI,WIN,0,0,0,2026-06-21T18:52:55+00:00,-120,-110,DraftKings,2026-06-22T03:56:37+00:00,0.5455,0.5238,0.023,-0.0923,0.023,N,0.5,0,-120,-110,2026-06-21T17:34:53+00:00,0,,,,,,,,,,
2026-06-22,2026,824344,1,N,BOS,COL,8:40 PM ET,Jake Bennett,Ryan Feltner,687562,663372,sm,ltd,live,live,1.22,0.6317,0.5952,1.2269,0.4081,0.5004,0.9086,0.4064,0.5936,0.3471,0.6529,,,YRFI,STRONG,STRONG YRFI,4,2026-06-22T23:38:16Z,4.378,4.687,1.26,1.302,3.888,4.635,2.69,3.31,0.95,1.37,7.76,7.83,0.312,0.321,0.385,0.41,4.017,4.554,32.2,1.5,16.0,0.0,0.8,1.0,0.7,1.0,0.354,0.3328,0.424,0.423,0.1489,0.1462,lineup,lineup,"[{""id"": 650489, ""name"": ""Willi Castro"", ""bats"": ""S"", ""obp"": 0.35019455252918286, ""slg"": 0.39737991266375544, ""iso"": 0.12227074235807861, ""ab"": 229}, {""id"": 671289, ""name"": ""Tyler Freeman"", ""bats"": ""R"", ""obp"": 0.35135135135135137, ""slg"": 0.36585365853658536, ""iso"": 0.09756097560975607, ""ab"": 164}, {""id"": 681198, ""name"": ""TJ Rumfield"", ""bats"": ""L"", ""obp"": 0.3588039867109635, ""slg"": 0.4830188679245283, ""iso"": 0.2037735849056604, ""ab"": 265}]","[{""id"": 657136, ""name"": ""Connor Wong"", ""bats"": ""R"", ""obp"": 0.34782608695652173, ""slg"": 0.35802469135802467, ""iso"": 0.09876543209876543, ""ab"": 81}, {""id"": 678882, ""name"": ""Ceddanne Rafaela"", ""bats"": ""R"", ""obp"": 0.33691756272401435, ""slg"": 0.44787644787644787, ""iso"": 0.16216216216216217, ""ab"": 259}, {""id"": 677800, ""name"": ""Wilyer Abreu"", ""bats"": ""L"", ""obp"": 0.3343949044585987, ""slg"": 0.43309859154929575, ""iso"": 0.15845070422535207, ""ab"": 284}]","[{""name"": ""fi_park_nrfi_rate"", ""value"": 0.4241, ""contribution"": 0.2547}, {""name"": ""away_top3c_iso"", ""value"": 0.1462, ""contribution"": -0.2275}, {""name"": ""away_top3c_slg"", ""value"": 0.423, ""contribution"": 0.0874}, {""name"": ""home_fip"", ""value"": 4.6354, ""contribution"": 0.0737}, {""name"": ""wx_temp_c"", ""value"": 32.2, ""contribution"": 0.0655}]","[{""name"": ""fi_park_nrfi_rate"", ""value"": 0.4241, ""contribution"": 0.3916}, {""name"": ""home_top3c_iso"", ""value"": 0.1489, ""contribution"": -0.142}, {""name"": ""home_plate_ump_nrfi_rate"", ""value"": 0.6177, ""contribution"": 0.1192}, {""name"": ""wx_wind_kmh"", ""value"": 1.5, ""contribution"": -0.1052}, {""name"": ""home_top3c_slg"", ""value"": 0.424, ""contribution"": 0.1018}]",482620,0.6177,4.743,4.2,55.0,50.0,0.7136,0.7136,4.6,5.17,0.7233,0.6943,L,R,NRFI,LOSS,0,0,0,2026-06-23T00:53:39+00:00,+115,-145,DraftKings,2026-06-22T23:41:31+00:00,0.4651,0.5918,-0.0587,0.0018,0.0018,Y,1,-1,+115,-145,2026-06-22T23:35:03+00:00,0,0.4144,YRFI,STRONG,,,,,,,
2026-06-22,2026,823851,1,N,TEX,MIA,6:40 PM ET,Tyler Alexander,Tyler Phillips,641302,663969,live,live,live,live,0.95,0.486,0.4648,0.9508,0.348,0.5422,0.8902,0.4064,0.5936,0.2461,0.7539,,,YRFI,STRONG,STRONG YRFI,4,2026-06-22T21:36:01Z,4.028,3.176,1.42,1.297,3.679,4.244,2.89,3.87,0.77,0.94,7.41,7.45,0.318,0.322,0.39,0.39,4.092,4.339,,,,1.0,0.8,0.6,0.8,0.6667,0.3356,0.3449,0.4374,0.4497,0.1607,0.1753,lineup,lineup,"[{""id"": 681715, ""name"": ""Heriberto Hern\u00e1ndez"", ""bats"": ""R"", ""obp"": 0.30246913580246915, ""slg"": 0.4041095890410959, ""iso"": 0.17123287671232879, ""ab"": 146}, {""id"": 672640, ""name"": ""Otto Lopez"", ""bats"": ""R"", ""obp"": 0.363914373088685, ""slg"": 0.46710526315789475, ""iso"": 0.13486842105263158, ""ab"": 304}, {""id"": 669065, ""name"": ""Kyle Stowers"", ""bats"": ""L"", ""obp"": 0.3185840707964602, ""slg"": 0.41624365482233505, ""iso"": 0.19289340101522845, ""ab"": 197}]","[{""id"": 679822, ""name"": ""Justin Foscue"", ""bats"": ""R"", ""obp"": 0.3333333333333333, ""slg"": 0.48, ""iso"": 0.21333333333333332, ""ab"": 75}, {""id"": 694671, ""name"": ""Wyatt Langford"", ""bats"": ""R"", ""obp"": 0.31543624161073824, ""slg"": 0.4785714285714286, ""iso"": 0.20714285714285718, ""ab"": 140}, {""id"": 673962, ""name"": ""Josh Jung"", ""bats"": ""R"", ""obp"": 0.36807817589576547, ""slg"": 0.4568345323741007, ""iso"": 0.14748201438848918, ""ab"": 278}]","[{""name"": ""fi_park_nrfi_rate"", ""value"": 0.455, ""contribution"": 0.1479}, {""name"": ""era_gap_t1"", ""value"": -0.8513, ""contribution"": -0.0916}, {""name"": ""away_top3c_slg"", ""value"": 0.4497, ""contribution"": -0.0476}, {""name"": ""home_avg_ip_per_start"", ""value"": 4.0667, ""contribution"": 0.036}, {""name"": ""home_p_last10_pitcher_nrfi"", ""value"": 0.8, ""contribution"": 0.0326}]","[{""name"": ""fi_park_nrfi_rate"", ""value"": 0.455, ""contribution"": 0.2273}, {""name"": ""away_whiff_pct_rank"", ""value"": 2.0, ""contribution"": 0.2067}, {""name"": ""home_top3c_iso"", ""value"": 0.1607, ""contribution"": -0.0862}, {""name"": ""wx_is_dome"", ""value"": 1.0, ""contribution"": -0.0758}, {""name"": ""home_top3_ops_vs_oppHand"", ""value"": 0.816, ""contribution"": 0.0629}]",484183,0.5086,4.17,2.36,85.0,2.0,0.7136,0.7136,4.07,2.53,0.7933,0.816,L,R,NRFI,LOSS,0,0,0,2026-06-22T22:51:00+00:00,-120,-110,DraftKings,2026-06-22T21:44:26+00:00,0.5455,0.5238,-0.1391,0.0698,0.0698,Y,1,-1,-120,-110,2026-06-22T21:39:06+00:00,0,0.4877,PASS,NO EDGE,,,,,,,
2026-06-22,2026,824585,1,N,CLE,CWS,7:40 PM ET,Gavin Williams,Anthony Kay,668909,641743,live,ltd,live,live,0.98,0.5201,0.5516,1.0717,0.433,0.4059,0.8389,0.4118,0.5882,0.2906,0.7094,,,YRFI,STRONG,STRONG YRFI,4,2026-06-22T22:37:45Z,3.595,4.45,1.173,1.375,4.2,4.634,3.42,3.35,1.41,1.34,9.9,7.67,0.313,0.319,0.376,0.41,4.059,4.621,17.8,19.8,82.0,0.0,0.6,0.6,0.5,0.6,0.3444,0.3516,0.4397,0.4146,0.1897,0.1536,lineup,lineup,"[{""id"": 803011, ""name"": ""Sam Antonacci"", ""bats"": ""L"", ""obp"": 0.38596491228070173, ""slg"": 0.4205128205128205, ""iso"": 0.13333333333333336, ""ab"": 195}, {""id"": 678246, ""name"": ""Miguel Vargas"", ""bats"": ""R"", ""obp"": 0.35294117647058826, ""slg"": 0.46494464944649444, ""iso"": 0.2287822878228782, ""ab"": 271}, {""id"": 545341, ""name"": ""Randal Grichuk"", ""bats"": ""R"", ""obp"": 0.2972972972972973, ""slg"": 0.5288461538461539, ""iso"": 0.2692307692307692, ""ab"": 104}]","[{""id"": 683953, ""name"": ""Travis Bazzana"", ""bats"": ""L"", ""obp"": 0.36683417085427134, ""slg"": 0.47093023255813954, ""iso"": 0.19767441860465118, ""ab"": 172}, {""id"": 672275, ""name"": ""Patrick Bailey"", ""bats"": ""S"", ""obp"": 0.23717948717948717, ""slg"": 0.2569444444444444, ""iso"": 0.07638888888888887, ""ab"": 144}, {""id"": 677587, ""name"": ""Brayan Rocchio"", ""bats"": ""S"", ""obp"": 0.3464285714285714, ""slg"": 0.3902439024390244, ""iso"": 0.12195121951219512, ""ab"": 246}]","[{""name"": ""home_xera"", ""value"": 7.5858, ""contribution"": 0.3556}, {""name"": ""away_top3c_iso"", ""value"": 0.1536, ""contribution"": -0.1757}, {""name"": ""away_top3_ops_vs_oppHand"", ""value"": 0.6157, ""contribution"": -0.1545}, {""name"": ""away_top3c_slg"", ""value"": 0.4146, ""contribution"": 0.1301}, {""name"": ""era_gap_t1"", ""value"": 0.8549, ""contribution"": 0.0932}]","[{""name"": ""away_whiff_pct_rank"", ""value"": 88.0, ""contribution"": -0.1645}, {""name"": ""fi_park_nrfi_rate"", ""value"": 0.473, ""contribution"": 0.1321}, {""name"": ""wx_wind_kmh"", ""value"": 19.8, ""contribution"": 0.0874}, {""name"": ""era_gap_b1"", ""value"": -0.8549, ""contribution"": -0.0586}, {""name"": ""home_top3c_iso"", ""value"": 0.1897, ""contribution"": 0.0505}]",521051,0.4691,7.586,4.171,50.0,88.0,0.7136,0.6796,4.8,6.07,0.6157,0.787,R,L,NRFI,LOSS,0,0,0,2026-06-23T00:01:37+00:00,-150,+115,DraftKings,2026-06-22T22:51:35+00:00,0.6,0.4651,-0.1882,0.1231,0.1231,Y,1,-1,-150,+115,2026-06-22T22:37:36+00:00,0,0.3767,YRFI,STRONG,,,,,,,
2026-06-22,2026,822964,1,N,KC,TB,6:40 PM ET,Michael Wacha,Drew Rasmussen,608379,656876,live,live,live,live,0.93,0.3335,0.4366,0.77,0.2977,0.5021,0.7998,0.4384,0.5616,0.1805,0.8195,,,PASS,LOW LAMBDA,PASS - Low lambda,4,2026-06-22T22:37:45Z,3.706,2.647,1.185,0.927,3.888,3.332,2.58,1.71,0.91,1.03,6.8,8.84,0.32,0.331,0.397,0.387,4.285,4.433,,,,1.0,0.8,0.6,0.8,0.8,0.3769,0.3273,0.4767,0.4276,0.1805,0.1676,lineup,lineup,"[{""id"": 650490, ""name"": ""Yandy D\u00edaz"", ""bats"": ""R"", ""obp"": 0.4057507987220447, ""slg"": 0.5091575091575091, ""iso"": 0.1831501831501831, ""ab"": 273}, {""id"": 656775, ""name"": ""Cedric Mullins"", ""bats"": ""L"", ""obp"": 0.285140562248996, ""slg"": 0.3076923076923077, ""iso"": 0.10859728506787333, ""ab"": 221}, {""id"": 683748, ""name"": ""Victor Mesa Jr."", ""bats"": ""L"", ""obp"": 0.2962962962962963, ""slg"": 0.30434782608695654, ""iso"": 0.13043478260869568, ""ab"": 46}]","[{""id"": 695600, ""name"": ""Carter Jensen"", ""bats"": ""L"", ""obp"": 0.31226765799256506, ""slg"": 0.4369747899159664, ""iso"": 0.19327731092436976, ""ab"": 238}, {""id"": 672580, ""name"": ""Maikel Garcia"", ""bats"": ""R"", ""obp"": 0.32068965517241377, ""slg"": 0.3712121212121212, ""iso"": 0.10984848484848486, ""ab"": 264}, {""id"": 695506, ""name"": ""Jac Caglianone"", ""bats"": ""L"", ""obp"": 0.3492647058823529, ""slg"": 0.47950819672131145, ""iso"": 0.2049180327868852, ""ab"": 244}]","[{""name"": ""fi_park_nrfi_rate"", ""value"": 0.4376, ""contribution"": 0.2081}, {""name"": ""era_gap_t1"", ""value"": -1.059, ""contribution"": -0.114}, {""name"": ""home_xera"", ""value"": 3.2993, ""contribution"": -0.0836}, {""name"": ""away_top3c_iso"", ""value"": 0.1676, ""contribution"": -0.077}, {""name"": ""home_fip"", ""value"": 3.3322, ""contribution"": -0.0726}]","[{""name"": ""fi_park_nrfi_rate"", ""value"": 0.4376, ""contribution"": 0.3199}, {""name"": ""home_top3c_slg"", ""value"": 0.4767, ""contribution"": -0.2255}, {""name"": ""home_top3c_obp"", ""value"": 0.3769, ""contribution"": 0.1283}, {""name"": ""home_top3_ops_vs_oppHand"", ""value"": 0.87, ""contribution"": 0.1275}, {""name"": ""home_obp"", ""value"": 0.331, ""contribution"": 0.1202}]",573597,0.4761,3.299,4.274,44.0,40.0,0.7396,0.6258,6.4,6.13,0.7517,0.87,R,R,NRFI,PASS,0,0,0,2026-06-22T22:57:14+00:00,-135,+105,DraftKings,2026-06-22T22:37:36+00:00,0.5745,0.4878,-0.1361,0.0738,0.0936,N,1,,-135,+105,2026-06-22T22:37:36+00:00,0,0.5192,PASS,NO EDGE,,,,,,,
2026-06-22,2026,823613,1,N,CHC,NYM,7:10 PM ET,Shota Imanaga,Kodai Senga,684007,673540,live,live,live,live,0.96,0.6796,0.4782,1.1578,0.4282,0.3944,0.8226,0.4284,0.5716,0.3221,0.6779,,,PASS,LINEUP PENDING,PASS - Lineup pending,4,2026-06-22T22:37:45Z,4.092,5.304,1.038,1.522,4.716,5.144,2.08,5.07,1.83,1.59,8.31,9.36,0.334,0.3,0.402,0.378,4.712,4.114,22.1,15.1,93.0,0.0,0.6,0.8,0.6,0.8,0.3001,0.3336,0.3777,0.402,0.169,0.169,team_fallback,team_fallback,[],[],"[{""name"": ""away_top3c_slg"", ""value"": 0.402, ""contribution"": 0.194}, {""name"": ""era_gap_t1"", ""value"": 1.2118, ""contribution"": 0.1318}, {""name"": ""home_fip"", ""value"": 5.144, ""contribution"": 0.1308}, {""name"": ""away_top3c_iso"", ""value"": 0.169, ""contribution"": -0.0668}, {""name"": ""home_avg_ip_per_start"", ""value"": 3.6, ""contribution"": 0.0509}]","[{""name"": ""home_top3c_slg"", ""value"": 0.3777, ""contribution"": 0.3894}, {""name"": ""home_top3c_obp"", ""value"": 0.3001, ""contribution"": -0.141}, {""name"": ""home_obp"", ""value"": 0.3001, ""contribution"": -0.0959}, {""name"": ""era_gap_b1"", ""value"": -1.2118, ""contribution"": -0.0828}, {""name"": ""away_fip"", ""value"": 4.7159, ""contribution"": 0.0778}]",,0.5084,3.93,3.775,74.0,47.0,0.7075,0.6487,3.6,5.6,0.72,0.72,L,R,POSTPONED,POSTPONED,,,,2026-06-24T03:54:45+00:00,-110,-115,DraftKings,2026-06-22T22:32:18+00:00,0.5238,0.5349,-0.0466,-0.0121,0.0568,N,1,,-110,-115,2026-06-22T22:32:18+00:00,0,0.4877,PASS,NO EDGE,,,,,,,
2026-06-22,2026,824016,1,N,BAL,LAA,9:38 PM ET,Kyle Bradish,Sam Aldegheri,680694,691951,live,sm,live,live,0.99,0.5568,0.5693,1.1261,0.3967,0.3899,0.7866,0.4397,0.5603,0.3105,0.6895,,,PASS,LOW LAMBDA,PASS - Low lambda,4,2026-06-23T01:09:25Z,3.912,4.28,1.407,1.357,4.182,4.407,4.01,3.6,1.19,1.11,9.61,7.78,0.32,0.319,0.404,0.402,4.644,4.559,26.3,10.8,50.0,0.0,0.4,0.8,0.4,0.8,0.314,0.3415,0.4117,0.4176,0.1695,0.1758,lineup,lineup,"[{""id"": 687263, ""name"": ""Zach Neto"", ""bats"": ""R"", ""obp"": 0.32664756446991405, ""slg"": 0.45695364238410596, ""iso"": 0.23178807947019867, ""ab"": 302}, {""id"": 694384, ""name"": ""Nolan Schanuel"", ""bats"": ""L"", ""obp"": 0.32669322709163345, ""slg"": 0.38222222222222224, ""iso"": 0.12444444444444447, ""ab"": 225}, {""id"": 666176, ""name"": ""Jo Adell"", ""bats"": ""R"", ""obp"": 0.2912912912912913, ""slg"": 0.3890675241157556, ""iso"": 0.1414790996784566, ""ab"": 311}]","[{""id"": 621493, ""name"": ""Taylor Ward"", ""bats"": ""R"", ""obp"": 0.39275766016713093, ""slg"": 0.35517241379310344, ""iso"": 0.09999999999999998, ""ab"": 290}, {""id"": 683002, ""name"": ""Gunnar Henderson"", ""bats"": ""L"", ""obp"": 0.29411764705882354, ""slg"": 0.42105263157894735, ""iso"": 0.1981424148606811, ""ab"": 323}, {""id"": 624413, ""name"": ""Pete Alonso"", ""bats"": ""R"", ""obp"": 0.33724340175953077, ""slg"": 0.47474747474747475, ""iso"": 0.2255892255892256, ""ab"": 297}]","[{""name"": ""fi_park_nrfi_rate"", ""value"": 0.4526, ""contribution"": 0.1563}, {""name"": ""home_p_last10_pitcher_nrfi"", ""value"": 0.4, ""contribution"": -0.1236}, {""name"": ""away_top3c_slg"", ""value"": 0.4176, ""contribution"": 0.1149}, {""name"": ""home_fip"", ""value"": 4.4067, ""contribution"": 0.048}, {""name"": ""era_gap_t1"", ""value"": 0.3684, ""contribution"": 0.0405}]","[{""name"": ""fi_park_nrfi_rate"", ""value"": 0.4526, ""contribution"": 0.2403}, {""name"": ""away_whiff_pct_rank"", ""value"": 94.0, ""contribution"": -0.1904}, {""name"": ""home_top3c_slg"", ""value"": 0.4117, ""contribution"": 0.1783}, {""name"": ""home_top3c_obp"", ""value"": 0.314, ""contribution"": -0.0921}, {""name"": ""home_top3_ops_vs_oppHand"", ""value"": 0.7113, ""contribution"": -0.0624}]",596805,0.4819,4.2,3.85,50.0,94.0,0.7136,0.7136,4.27,5.73,0.739,0.7113,R,L,YRFI,PASS,1,0,1,2026-06-23T01:57:20+00:00,-110,-115,DraftKings,2026-06-23T01:28:13+00:00,0.5238,0.5349,-0.0841,0.0254,,N,,,-110,-115,2026-06-23T01:28:13+00:00,,0.4658,PASS,NO EDGE,,,,,,,
2026-06-22,2026,824261,1,N,NYY,DET,6:10 PM ET,Gerrit Cole,Framber Valdez,543037,664285,sm,live,live,live,0.98,0.5327,0.475,1.0077,0.3598,0.3446,0.7044,0.479,0.521,0.2671,0.7329,,,PASS,NO EDGE,PASS - No edge,4,2026-06-22T22:07:49Z,3.511,3.95,1.153,1.314,4.195,3.914,2.78,3.37,1.24,0.89,8.32,7.74,0.329,0.315,0.434,0.395,5.016,4.147,21.5,14.0,61.0,0.0,0.6,0.8,0.7,0.8,0.3528,0.3577,0.4833,0.5622,0.2183,0.2793,lineup,lineup,"[{""id"": 805808, ""name"": ""Kevin McGonigle"", ""bats"": ""L"", ""obp"": 0.39263803680981596, ""slg"": 0.427536231884058, ""iso"": 0.1449275362318841, ""ab"": 276}, {""id"": 693307, ""name"": ""Dillon Dingler"", ""bats"": ""R"", ""obp"": 0.33793103448275863, ""slg"": 0.5461538461538461, ""iso"": 0.2769230769230769, ""ab"": 260}, {""id"": 663837, ""name"": ""Matt Vierling"", ""bats"": ""R"", ""obp"": 0.26066350710900477, ""slg"": 0.34210526315789475, ""iso"": 0.14210526315789473, ""ab"": 190}]","[{""id"": 642708, ""name"": ""Amed Rosario"", ""bats"": ""R"", ""obp"": 0.2926829268292683, ""slg"": 0.4642857142857143, ""iso"": 0.2142857142857143, ""ab"": 112}, {""id"": 700250, ""name"": ""Ben Rice"", ""bats"": ""L"", ""obp"": 0.38762214983713356, ""slg"": 0.6159695817490495, ""iso"": 0.32319391634980993, ""ab"": 263}, {""id"": 502671, ""name"": ""Paul Goldschmidt"", ""bats"": ""R"", ""obp"": 0.35175879396984927, ""slg"": 0.5444444444444444, ""iso"": 0.25555555555555554, ""ab"": 180}]","[{""name"": ""away_top3c_iso"", ""value"": 0.2793, ""contribution"": 0.7099}, {""name"": ""away_top3c_slg"", ""value"": 0.5622, ""contribution"": -0.6174}, {""name"": ""away_top3_ops_vs_oppHand"", ""value"": 0.937, ""contribution"": 0.173}, {""name"": ""fi_park_nrfi_rate"", ""value"": 0.5322, ""contribution"": -0.1188}, {""name"": ""era_gap_t1"", ""value"": 0.4392, ""contribution"": 0.0482}]","[{""name"": ""home_top3c_slg"", ""value"": 0.4833, ""contribution"": -0.2663}, {""name"": ""home_top3c_iso"", ""value"": 0.2183, ""contribution"": 0.1857}, {""name"": ""fi_park_nrfi_rate"", ""value"": 0.5322, ""contribution"": -0.1826}, {""name"": ""home_top3_ops_vs_oppHand"", ""value"": 0.872, ""contribution"": 0.1299}, {""name"": ""home_top3c_obp"", ""value"": 0.3528, ""contribution"": 0.0437}]",427554,0.4835,3.74,4.2,67.0,50.0,0.678,0.7709,5.73,5.6,0.937,0.872,R,L,NRFI,PASS,0,0,0,2026-06-22T22:28:55+00:00,-115,-115,DraftKings,2026-06-22T22:27:02+00:00,0.5349,0.5349,-0.0559,-0.0139,,N,,,-115,-115,2026-06-22T22:05:47+00:00,,0.4877,PASS,NO EDGE,,,,,,,
2026-06-22,2026,823692,1,N,LAD,MIN,7:40 PM ET,Eric Lauer,Zebby Matthews,641778,805673,live,live,live,live,0.97,0.5429,0.6474,1.1903,0.3097,0.3591,0.6688,0.5236,0.4764,0.3339,0.6661,,,NRFI,LEAN,LEAN NRFI,4,2026-06-22T22:37:45Z,4.532,4.927,1.24,1.291,5.46,4.351,2.88,2.32,1.99,1.5,7.25,8.29,0.339,0.322,0.43,0.411,5.081,4.846,24.9,9.5,31.0,0.0,0.4,0.4,0.3,0.5,0.3375,0.3665,0.5028,0.5006,0.2366,0.2218,lineup,lineup,"[{""id"": 668885, ""name"": ""Austin Martin"", ""bats"": ""R"", ""obp"": 0.3458333333333333, ""slg"": 0.31862745098039214, ""iso"": 0.08333333333333331, ""ab"": 204}, {""id"": 621439, ""name"": ""Byron Buxton"", ""bats"": ""R"", ""obp"": 0.3344370860927152, ""slg"": 0.5905797101449275, ""iso"": 0.3152173913043478, ""ab"": 276}, {""id"": 665019, ""name"": ""Kody Clemens"", ""bats"": ""L"", ""obp"": 0.3046875, ""slg"": 0.46382978723404256, ""iso"": 0.22127659574468087, ""ab"": 235}]","[{""id"": 660271, ""name"": ""Shohei Ohtani"", ""bats"": ""L"", ""obp"": 0.4179566563467492, ""slg"": 0.5513307984790875, ""iso"": 0.2547528517110267, ""ab"": 263}, {""id"": 681624, ""name"": ""Andy Pages"", ""bats"": ""R"", ""obp"": 0.3180428134556575, ""slg"": 0.4865771812080537, ""iso"": 0.21812080536912754, ""ab"": 298}, {""id"": 518692, ""name"": ""Freddie Freeman"", ""bats"": ""L"", ""obp"": 0.363914373088685, ""slg"": 0.46808510638297873, ""iso"": 0.1950354609929078, ""ab"": 282}]","[{""name"": ""away_top3c_slg"", ""value"": 0.5006, ""contribution"": -0.3055}, {""name"": ""away_top3c_iso"", ""value"": 0.2218, ""contribution"": 0.3052}, {""name"": ""home_p_last10_pitcher_nrfi"", ""value"": 0.3, ""contribution"": -0.1627}, {""name"": ""away_top3_ops_vs_oppHand"", ""value"": 0.9097, ""contribution"": 0.1452}, {""name"": ""fi_park_nrfi_rate"", ""value"": 0.5348, ""contribution"": -0.1278}]","[{""name"": ""home_top3c_slg"", ""value"": 0.5028, ""contribution"": -0.3878}, {""name"": ""home_top3c_iso"", ""value"": 0.2366, ""contribution"": 0.272}, {""name"": ""fi_park_nrfi_rate"", ""value"": 0.5348, ""contribution"": -0.1964}, {""name"": ""away_fip"", ""value"": 5.4596, ""contribution"": 0.1573}, {""name"": ""home_top3_ops_vs_oppHand"", ""value"": 0.6467, ""contribution"": -0.1399}]",427013,0.504,4.2,4.073,50.0,20.0,0.7136,0.6942,6.07,5.33,0.9097,0.6467,L,R,YRFI,LOSS,1,1,2,2026-06-23T00:01:37+00:00,+100,-130,DraftKings,2026-06-22T23:29:45+00:00,0.5,0.5652,0.0236,-0.0888,0.0236,N,0.5,0,+100,-130,2026-06-22T22:37:36+00:00,0,0.5651,NRFI,STRONG,,,,,,,
2026-06-22,2026,823040,1,N,ARI,STL,7:45 PM ET,Merrill Kelly,Andre Pallante,518876,669467,live,live,live,live,0.97,0.4904,0.6388,1.1292,0.292,0.4731,0.7651,0.4756,0.5244,0.3116,0.6884,,,PASS,NO EDGE,PASS - No edge,4,2026-06-22T23:38:16Z,4.972,4.294,1.366,1.283,5.234,4.318,3.17,3.12,1.65,1.1,6.47,6.92,0.31,0.326,0.388,0.403,4.332,4.628,20.9,9.2,77.0,0.0,0.8,0.6,0.7,0.6,0.3756,0.3475,0.4502,0.4524,0.1765,0.1915,lineup,lineup,"[{""id"": 802139, ""name"": ""JJ Wetherholt"", ""bats"": ""L"", ""obp"": 0.37037037037037035, ""slg"": 0.427536231884058, ""iso"": 0.15942028985507245, ""ab"": 276}, {""id"": 671056, ""name"": ""Iv\u00e1n Herrera"", ""bats"": ""R"", ""obp"": 0.40524781341107874, ""slg"": 0.4290909090909091, ""iso"": 0.16363636363636364, ""ab"": 275}, {""id"": 676475, ""name"": ""Alec Burleson"", ""bats"": ""L"", ""obp"": 0.3496932515337423, ""slg"": 0.49146757679180886, ""iso"": 0.20477815699658702, ""ab"": 293}]","[{""id"": 606466, ""name"": ""Ketel Marte"", ""bats"": ""S"", ""obp"": 0.3146417445482866, ""slg"": 0.45051194539249145, ""iso"": 0.19112627986348124, ""ab"": 293}, {""id"": 672695, ""name"": ""Geraldo Perdomo"", ""bats"": ""S"", ""obp"": 0.3583061889250814, ""slg"": 0.35177865612648224, ""iso"": 0.11067193675889331, ""ab"": 253}, {""id"": 682998, ""name"": ""Corbin Carroll"", ""bats"": ""L"", ""obp"": 0.370253164556962, ""slg"": 0.5474452554744526, ""iso"": 0.2664233576642336, ""ab"": 274}]","[{""name"": ""fi_park_nrfi_rate"", ""value"": 0.527, ""contribution"": -0.1009}, {""name"": ""away_top3c_iso"", ""value"": 0.1915, ""contribution"": 0.0914}, {""name"": ""era_gap_t1"", ""value"": -0.6789, ""contribution"": -0.0729}, {""name"": ""away_top3c_slg"", ""value"": 0.4524, ""contribution"": -0.0616}, {""name"": ""home_fip"", ""value"": 4.3182, ""contribution"": 0.0381}]","[{""name"": ""fi_park_nrfi_rate"", ""value"": 0.527, ""contribution"": -0.1552}, {""name"": ""away_fip"", ""value"": 5.2335, ""contribution"": 0.1331}, {""name"": ""home_top3_ops_vs_oppHand"", ""value"": 0.874, ""contribution"": 0.1323}, {""name"": ""home_top3c_obp"", ""value"": 0.3756, ""contribution"": 0.1239}, {""name"": ""home_obp"", ""value"": 0.326, ""contribution"": 0.0854}]",608158,0.5142,4.364,4.616,56.0,52.0,0.7136,0.7028,5.53,5.73,0.758,0.874,R,R,NRFI,PASS,0,0,0,2026-06-23T00:00:45+00:00,-110,-120,DraftKings,2026-06-22T23:57:33+00:00,0.5238,0.5455,-0.0482,-0.0211,,N,,,-110,-120,2026-06-22T23:41:31+00:00,,0.4877,PASS,NO EDGE,,,,,,,
2026-06-22,2026,823288,1,N,ATL,SD,10:10 PM ET,Grant Holmes,Michael King,656550,650633,live,live,live,live,0.95,0.4885,0.5613,1.0499,0.3152,0.3144,0.6295,0.5479,0.4521,0.2826,0.7174,,,NRFI,LEAN,LEAN NRFI,4,2026-06-23T01:09:25Z,4.207,3.64,1.377,1.201,4.948,4.278,4.2,3.51,1.54,1.16,8.62,8.17,0.317,0.297,0.419,0.371,4.885,3.995,22.8,14.5,69.0,0.0,0.8,0.6,0.9,0.6,0.296,0.3391,0.3606,0.4858,0.1329,0.215,lineup,lineup,"[{""id"": 665487, ""name"": ""Fernando Tatis Jr."", ""bats"": ""R"", ""obp"": 0.3487654320987654, ""slg"": 0.3576388888888889, ""iso"": 0.07291666666666669, ""ab"": 288}, {""id"": 701538, ""name"": ""Jackson Merrill"", ""bats"": ""L"", ""obp"": 0.2777777777777778, ""slg"": 0.35815602836879434, ""iso"": 0.14184397163120568, ""ab"": 282}, {""id"": 592518, ""name"": ""Manny Machado"", ""bats"": ""R"", ""obp"": 0.2588996763754045, ""slg"": 0.3663003663003663, ""iso"": 0.1868131868131868, ""ab"": 273}]","[{""id"": 643289, ""name"": ""Mauricio Dub\u00f3n"", ""bats"": ""R"", ""obp"": 0.3159722222222222, ""slg"": 0.40823970037453183, ""iso"": 0.1460674157303371, ""ab"": 267}, {""id"": 686948, ""name"": ""Drake Baldwin"", ""bats"": ""L"", ""obp"": 0.36134453781512604, ""slg"": 0.5095238095238095, ""iso"": 0.22857142857142854, ""ab"": 210}, {""id"": 621566, ""name"": ""Matt Olson"", ""bats"": ""L"", ""obp"": 0.3433734939759036, ""slg"": 0.5389830508474577, ""iso"": 0.2677966101694916, ""ab"": 295}]","[{""name"": ""away_top3c_iso"", ""value"": 0.215, ""contribution"": 0.2573}, {""name"": ""away_top3c_slg"", ""value"": 0.4858, ""contribution"": -0.2304}, {""name"": ""fi_park_nrfi_rate"", ""value"": 0.5409, ""contribution"": -0.149}, {""name"": ""home_p_last10_pitcher_nrfi"", ""value"": 0.9, ""contribution"": 0.0716}, {""name"": ""away_top3_ops_vs_oppHand"", ""value"": 0.83, ""contribution"": 0.064}]","[{""name"": ""home_top3c_slg"", ""value"": 0.3606, ""contribution"": 0.4956}, {""name"": ""fi_park_nrfi_rate"", ""value"": 0.5409, ""contribution"": -0.229}, {""name"": ""home_top3c_iso"", ""value"": 0.1329, ""contribution"": -0.2179}, {""name"": ""home_top3_ops_vs_oppHand"", ""value"": 0.6097, ""contribution"": -0.1842}, {""name"": ""home_top3c_obp"", ""value"": 0.296, ""contribution"": -0.1553}]",575629,0.4774,3.885,4.794,56.0,50.0,0.6796,0.7136,5.33,4.27,0.83,0.6097,R,R,NRFI,WIN,0,0,0,2026-06-23T02:27:49+00:00,-130,+100,DraftKings,2026-06-23T01:57:59+00:00,0.5652,0.5,-0.0173,-0.0479,-0.0173,N,0.5,0,-130,+100,2026-06-23T01:08:39+00:00,0,0.4877,PASS,NO EDGE,,,,,,,
2026-06-22,2026,822720,1,N,PHI,WSH,6:45 PM ET,Tim Mayza,Foster Griffin,641835,656492,ltd,ltd,live,live,0.97,0.4707,0.4866,0.9574,0.4243,0.5006,0.9249,0.4064,0.5936,0.2486,0.7514,,,YRFI,STRONG,STRONG YRFI,4,2026-06-22T21:36:01Z,3.627,3.594,1.138,1.158,3.84,4.372,2.47,2.61,1.15,1.48,8.85,8.63,0.303,0.319,0.398,0.419,4.31,5.199,23.7,12.2,91.0,0.0,1.0,1.0,0.7,1.0,0.3526,0.3405,0.4797,0.483,0.2356,0.2345,lineup,lineup,"[{""id"": 695578, ""name"": ""James Wood"", ""bats"": ""L"", ""obp"": 0.39779005524861877, ""slg"": 0.5337837837837838, ""iso"": 0.2635135135135135, ""ab"": 296}, {""id"": 678554, ""name"": ""Curtis Mead"", ""bats"": ""R"", ""obp"": 0.33636363636363636, ""slg"": 0.455026455026455, ""iso"": 0.2275132275132275, ""ab"": 189}, {""id"": 686611, ""name"": ""Dylan Crews"", ""bats"": ""R"", ""obp"": 0.23636363636363636, ""slg"": 0.37142857142857144, ""iso"": 0.17142857142857143, ""ab"": 105}]","[{""id"": 607208, ""name"": ""Trea Turner"", ""bats"": ""R"", ""obp"": 0.2804878048780488, ""slg"": 0.3355263157894737, ""iso"": 0.10855263157894735, ""ab"": 304}, {""id"": 656941, ""name"": ""Kyle Schwarber"", ""bats"": ""L"", ""obp"": 0.36936936936936937, ""slg"": 0.6028368794326241, ""iso"": 0.3475177304964539, ""ab"": 282}, {""id"": 547180, ""name"": ""Bryce Harper"", ""bats"": ""L"", ""obp"": 0.371875, ""slg"": 0.5243445692883895, ""iso"": 0.2584269662921348, ""ab"": 267}]","[{""name"": ""away_top3c_iso"", ""value"": 0.2345, ""contribution"": 0.3943}, {""name"": ""away_top3c_slg"", ""value"": 0.483, ""contribution"": -0.2164}, {""name"": ""fi_park_nrfi_rate"", ""value"": 0.4761, ""contribution"": 0.0751}, {""name"": ""home_fip"", ""value"": 4.3719, ""contribution"": 0.0441}, {""name"": ""home_xera"", ""value"": 4.3622, ""contribution"": 0.0253}]","[{""name"": ""home_top3c_iso"", ""value"": 0.2356, ""contribution"": 0.2671}, {""name"": ""home_top3c_slg"", ""value"": 0.4797, ""contribution"": -0.2439}, {""name"": ""fi_park_nrfi_rate"", ""value"": 0.4761, ""contribution"": 0.1154}, {""name"": ""away_p_last10_pitcher_nrfi"", ""value"": 1.0, ""contribution"": -0.0929}, {""name"": ""away_whiff_pct_rank"", ""value"": 32.0, ""contribution"": 0.0772}]",605672,0.5283,4.362,2.72,59.0,32.0,0.7272,0.7136,5.6,2.0,0.7693,0.813,L,L,YRFI,WIN,0,1,1,2026-06-23T00:37:02+00:00,-105,-125,DraftKings,2026-06-22T21:49:45+00:00,0.5122,0.5556,-0.1058,0.038,0.038,Y,1,0.8,-105,-125,2026-06-22T21:44:26+00:00,0,0.4589,PASS,NO EDGE,,,,,,,
2026-06-22,2026,824502,1,N,MIL,CIN,7:10 PM ET,Brandon Woodruff,Brady Singer,605540,663903,ltd,live,live,live,1.09,0.737,0.4796,1.2166,0.4089,0.3933,0.8022,0.4384,0.5616,0.3434,0.6566,,,PASS,LOW LAMBDA,PASS - Low lambda,4,2026-06-22T22:37:45Z,3.629,4.833,1.054,1.47,3.775,5.21,2.28,3.16,1.22,1.82,9.1,7.69,0.336,0.312,0.396,0.397,5.161,4.313,20.7,17.3,86.0,0.0,0.4,0.8,0.3,0.7,0.3491,0.3592,0.4704,0.467,0.2098,0.1932,lineup,lineup,"[{""id"": 694362, ""name"": ""Blake Dunn"", ""bats"": ""R"", ""obp"": 0.35, ""slg"": 0.3984375, ""iso"": 0.109375, ""ab"": 128}, {""id"": 668709, ""name"": ""JJ Bleday"", ""bats"": ""L"", ""obp"": 0.3557692307692308, ""slg"": 0.5480225988700564, ""iso"": 0.29378531073446323, ""ab"": 177}, {""id"": 701398, ""name"": ""Sal Stewart"", ""bats"": ""R"", ""obp"": 0.34441087613293053, ""slg"": 0.45454545454545453, ""iso"": 0.20279720279720276, ""ab"": 286}]","[{""id"": 592885, ""name"": ""Christian Yelich"", ""bats"": ""L"", ""obp"": 0.34517766497461927, ""slg"": 0.41714285714285715, ""iso"": 0.14857142857142858, ""ab"": 175}, {""id"": 694192, ""name"": ""Jackson Chourio"", ""bats"": ""R"", ""obp"": 0.3541666666666667, ""slg"": 0.5397727272727273, ""iso"": 0.23863636363636365, ""ab"": 176}, {""id"": 668930, ""name"": ""Brice Turang"", ""bats"": ""L"", ""obp"": 0.3707165109034268, ""slg"": 0.45185185185185184, ""iso"": 0.1925925925925926, ""ab"": 270}]","[{""name"": ""home_p_last10_pitcher_nrfi"", ""value"": 0.3, ""contribution"": -0.1627}, {""name"": ""home_fip"", ""value"": 5.21, ""contribution"": 0.1382}, {""name"": ""away_top3c_slg"", ""value"": 0.467, ""contribution"": -0.1353}, {""name"": ""era_gap_t1"", ""value"": 1.204, ""contribution"": 0.131}, {""name"": ""away_top3c_iso"", ""value"": 0.1932, ""contribution"": 0.1039}]","[{""name"": ""home_top3c_slg"", ""value"": 0.4704, ""contribution"": -0.1863}, {""name"": ""home_top3c_iso"", ""value"": 0.2098, ""contribution"": 0.1454}, {""name"": ""home_top3_ops_vs_oppHand"", ""value"": 0.8363, ""contribution"": 0.0872}, {""name"": ""era_gap_b1"", ""value"": -1.204, ""contribution"": -0.0823}, {""name"": ""wx_wind_kmh"", ""value"": 17.3, ""contribution"": 0.0611}]",658325,0.5084,4.422,1.925,32.0,62.0,0.7075,0.7613,4.8,5.0,0.8603,0.8363,R,R,NRFI,PASS,0,0,0,2026-06-22T23:22:47+00:00,-105,-125,DraftKings,2026-06-22T22:56:53+00:00,0.5122,0.5556,-0.0738,0.006,,N,,,-105,-125,2026-06-22T22:56:53+00:00,,0.4877,PASS,NO EDGE,,,,,,,
2026-06-22,2026,822800,1,N,HOU,TOR,7:07 PM ET,Hunter Brown,Dylan Cease,686613,656302,live,live,live,live,1.01,0.4433,0.3982,0.8416,0.3325,0.2676,0.6,0.5507,0.4493,0.2062,0.7938,,,NRFI,LEAN,LEAN NRFI,4,2026-06-22T21:36:01Z,2.048,3.361,1.033,1.24,2.779,2.799,3.42,3.82,0.59,0.8,10.99,12.84,0.317,0.312,0.412,0.394,4.505,4.168,,,,1.0,0.6,0.8,0.6,0.9,0.3438,0.3656,0.3852,0.5362,0.1197,0.2551,lineup,lineup,"[{""id"": 543807, ""name"": ""George Springer"", ""bats"": ""R"", ""obp"": 0.3125, ""slg"": 0.3886255924170616, ""iso"": 0.16587677725118485, ""ab"": 211}, {""id"": 664770, ""name"": ""Nathan Lukes"", ""bats"": ""L"", ""obp"": 0.35172413793103446, ""slg"": 0.41044776119402987, ""iso"": 0.10447761194029853, ""ab"": 134}, {""id"": 665489, ""name"": ""Vladimir Guerrero Jr."", ""bats"": ""R"", ""obp"": 0.36482084690553745, ""slg"": 0.36981132075471695, ""iso"": 0.09056603773584904, ""ab"": 265}]","[{""id"": 694728, ""name"": ""Brice Matthews"", ""bats"": ""R"", ""obp"": 0.2553191489361702, ""slg"": 0.3485714285714286, ""iso"": 0.14285714285714288, ""ab"": 175}, {""id"": 670541, ""name"": ""Yordan Alvarez"", ""bats"": ""L"", ""obp"": 0.4277286135693215, ""slg"": 0.6395759717314488, ""iso"": 0.31802120141342755, ""ab"": 283}, {""id"": 572233, ""name"": ""Christian Walker"", ""bats"": ""R"", ""obp"": 0.3126934984520124, ""slg"": 0.48109965635738833, ""iso"": 0.24054982817869416, ""ab"": 291}]","[{""name"": ""away_top3c_iso"", ""value"": 0.2551, ""contribution"": 0.5397}, {""name"": ""away_top3c_slg"", ""value"": 0.5362, ""contribution"": -0.4856}, {""name"": ""era_gap_t1"", ""value"": 1.313, ""contribution"": 0.1428}, {""name"": ""away_top3_ops_vs_oppHand"", ""value"": 0.903, ""contribution"": 0.1384}, {""name"": ""home_fip"", ""value"": 2.7993, ""contribution"": -0.1324}]","[{""name"": ""home_top3c_slg"", ""value"": 0.3852, ""contribution"": 0.3426}, {""name"": ""home_top3c_iso"", ""value"": 0.1197, ""contribution"": -0.2801}, {""name"": ""away_fip"", ""value"": 2.7786, ""contribution"": -0.1292}, {""name"": ""era_gap_b1"", ""value"": -1.313, ""contribution"": -0.0897}, {""name"": ""wx_is_dome"", ""value"": 1.0, ""contribution"": -0.0758}]",427344,0.4727,3.276,1.82,97.0,55.0,0.7272,0.7396,5.53,5.47,0.903,0.729,R,R,YRFI,LOSS,1,0,1,2026-06-22T23:35:28+00:00,-145,+110,DraftKings,2026-06-22T22:56:53+00:00,0.5918,0.4762,-0.0411,-0.0269,-0.0411,N,0.5,0,-135,+105,2026-06-22T22:00:31+00:00,0.0174,0.6455,NRFI,STRONG,,,,,,,
2026-06-23,2026,824340,1,N,BOS,COL,8:40 PM ET,Sonny Gray,Sean Sullivan,543243,807743,live,sm,live,live,1.22,0.6176,0.5712,1.1888,0.56,0.4771,1.0371,0.3428,0.6572,0.3333,0.6667,,,YRFI,STRONG,STRONG YRFI,4,2026-06-23T23:38:24Z,3.545,5.081,1.198,1.349,3.718,4.541,2.1,2.88,1.12,1.41,8.22,8.21,0.312,0.322,0.384,0.41,3.995,4.537,28.6,11.0,36.0,0.0,1.0,0.0,1.0,0.4,0.3257,0.3361,0.523,0.4372,0.2536,0.1585,lineup,lineup,"[{""id"": 664983, ""name"": ""Jake McCarthy"", ""bats"": ""L"", ""obp"": 0.334841628959276, ""slg"": 0.47058823529411764, ""iso"": 0.1764705882352941, ""ab"": 204}, {""id"": 666160, ""name"": ""Mickey Moniak"", ""bats"": ""L"", ""obp"": 0.3393939393939394, ""slg"": 0.609271523178808, ""iso"": 0.32450331125827814, ""ab"": 151}, {""id"": 696100, ""name"": ""Hunter Goodman"", ""bats"": ""R"", ""obp"": 0.3114754098360656, ""slg"": 0.5144927536231884, ""iso"": 0.2717391304347826, ""ab"": 276}]","[{""id"": 681987, ""name"": ""Nate Eaton"", ""bats"": ""R"", ""obp"": 0.3, ""slg"": 0.5, ""iso"": 0.375, ""ab"": 8}, {""id"": 678882, ""name"": ""Ceddanne Rafaela"", ""bats"": ""R"", ""obp"": 0.3321554770318021, ""slg"": 0.44106463878326996, ""iso"": 0.15969581749049427, ""ab"": 263}, {""id"": 677800, ""name"": ""Wilyer Abreu"", ""bats"": ""L"", ""obp"": 0.33962264150943394, ""slg"": 0.43356643356643354, ""iso"": 0.15734265734265734, ""ab"": 286}]","[{""name"": ""fi_park_nrfi_rate"", ""value"": 0.4241, ""contribution"": 0.2547}, {""name"": ""era_gap_t1"", ""value"": 1.5362, ""contribution"": 0.167}, {""name"": ""away_top3c_iso"", ""value"": 0.1585, ""contribution"": -0.141}, {""name"": ""home_p_last10_pitcher_nrfi"", ""value"": 1.0, ""contribution"": 0.1107}, {""name"": ""away_top3_ops_vs_oppHand"", ""value"": 0.849, ""contribution"": 0.0833}]","[{""name"": ""home_top3c_slg"", ""value"": 0.523, ""contribution"": -0.513}, {""name"": ""fi_park_nrfi_rate"", ""value"": 0.4241, ""contribution"": 0.3916}, {""name"": ""home_top3c_iso"", ""value"": 0.2536, ""contribution"": 0.3519}, {""name"": ""home_top3_ops_vs_oppHand"", ""value"": 0.88, ""contribution"": 0.1395}, {""name"": ""era_gap_b1"", ""value"": -1.5362, ""contribution"": -0.1049}]",521251,0.4391,4.2,3.87,50.0,65.0,0.7136,0.7272,3.5,5.87,0.849,0.88,R,L,YRFI,WIN,1,0,1,2026-06-24T00:58:24+00:00,+110,-140,DraftKings,2026-06-23T23:41:32+00:00,0.4762,0.5833,-0.1334,0.0739,0.0739,Y,1,0.714,+110,-140,2026-06-23T23:39:37+00:00,0,0.4521,PASS,NO EDGE,,,,,,,
2026-06-23,2026,822963,1,N,KC,TB,6:40 PM ET,Luinder Avila,Shane McClanahan,679883,663556,ltd,ltd,live,live,0.93,0.3943,0.5756,0.9699,0.3763,0.6477,1.024,0.3511,0.6489,0.2532,0.7468,,,YRFI,STRONG,STRONG YRFI,4,2026-06-23T21:38:56Z,4.811,3.643,1.448,1.241,4.429,3.413,4.2,3.36,1.09,0.7,8.38,9.06,0.319,0.33,0.395,0.386,4.261,4.394,,,,1.0,0.8,0.4,0.9,0.4,0.3624,0.3458,0.4295,0.4248,0.158,0.1729,lineup,lineup,"[{""id"": 683748, ""name"": ""Victor Mesa Jr."", ""bats"": ""L"", ""obp"": 0.2962962962962963, ""slg"": 0.30434782608695654, ""iso"": 0.13043478260869568, ""ab"": 46}, {""id"": 666018, ""name"": ""Jonathan Aranda"", ""bats"": ""L"", ""obp"": 0.38080495356037153, ""slg"": 0.44776119402985076, ""iso"": 0.17164179104477612, ""ab"": 268}, {""id"": 656775, ""name"": ""Cedric Mullins"", ""bats"": ""L"", ""obp"": 0.284, ""slg"": 0.3063063063063063, ""iso"": 0.10810810810810809, ""ab"": 222}]","[{""id"": 670231, ""name"": ""John Rave"", ""bats"": ""L"", ""obp"": 0.46153846153846156, ""slg"": 0.9, ""iso"": 0.6000000000000001, ""ab"": 10}, {""id"": 679845, ""name"": ""Nick Loftin"", ""bats"": ""R"", ""obp"": 0.34265734265734266, ""slg"": 0.4083333333333333, ""iso"": 0.16666666666666666, ""ab"": 120}, {""id"": 695506, ""name"": ""Jac Caglianone"", ""bats"": ""L"", ""obp"": 0.3442028985507246, ""slg"": 0.4717741935483871, ""iso"": 0.2016129032258065, ""ab"": 248}]","[{""name"": ""fi_park_nrfi_rate"", ""value"": 0.4376, ""contribution"": 0.2081}, {""name"": ""era_gap_t1"", ""value"": -1.1674, ""contribution"": -0.1258}, {""name"": ""away_top3c_slg"", ""value"": 0.4248, ""contribution"": 0.0783}, {""name"": ""home_p_last10_pitcher_nrfi"", ""value"": 0.9, ""contribution"": 0.0716}, {""name"": ""home_xera"", ""value"": 4.7456, ""contribution"": 0.0646}]","[{""name"": ""fi_park_nrfi_rate"", ""value"": 0.4376, ""contribution"": 0.3199}, {""name"": ""home_obp"", ""value"": 0.3302, ""contribution"": 0.1146}, {""name"": ""away_p_last10_pitcher_nrfi"", ""value"": 0.4, ""contribution"": 0.1041}, {""name"": ""home_top3c_iso"", ""value"": 0.158, ""contribution"": -0.0994}, {""name"": ""home_plate_ump_nrfi_rate"", ""value"": 0.5818, ""contribution"": 0.0822}]",427139,0.5818,4.746,7.921,50.0,50.0,0.7272,0.7136,4.6,3.87,0.7343,0.813,R,L,YRFI,WIN,2,1,3,2026-06-23T22:56:56+00:00,-120,-110,DraftKings,2026-06-23T21:42:07+00:00,0.5455,0.5238,-0.1944,0.1251,0.1251,Y,1,0.909,-120,-110,2026-06-23T21:37:20+00:00,0,0.3767,YRFI,STRONG,,,,,,,
2026-06-23,2026,823849,1,N,TEX,MIA,6:40 PM ET,Cal Quantrill,Sandy Alcantara,615698,645261,live,live,live,live,0.95,0.4273,0.5444,0.9718,0.3542,0.5223,0.8766,0.4064,0.5936,0.2539,0.7461,,,YRFI,STRONG,STRONG YRFI,4,2026-06-23T21:38:56Z,5.024,4.51,1.372,1.248,4.757,4.025,2.86,2.33,1.36,1.07,6.28,6.89,0.318,0.321,0.39,0.389,4.091,4.324,,,,1.0,0.8,0.4,0.7,0.6,0.3386,0.331,0.4013,0.4297,0.1406,0.1734,lineup,lineup,"[{""id"": 805300, ""name"": ""Jakob Marsee"", ""bats"": ""L"", ""obp"": 0.3227848101265823, ""slg"": 0.30711610486891383, ""iso"": 0.10486891385767788, ""ab"": 267}, {""id"": 672640, ""name"": ""Otto Lopez"", ""bats"": ""R"", ""obp"": 0.3685800604229607, ""slg"": 0.4723127035830619, ""iso"": 0.13680781758957655, ""ab"": 307}, {""id"": 669065, ""name"": ""Kyle Stowers"", ""bats"": ""L"", ""obp"": 0.3173913043478261, ""slg"": 0.417910447761194, ""iso"": 0.19402985074626863, ""ab"": 201}]","[{""id"": 592626, ""name"": ""Joc Pederson"", ""bats"": ""L"", ""obp"": 0.33613445378151263, ""slg"": 0.4207920792079208, ""iso"": 0.1881188118811881, ""ab"": 202}, {""id"": 694671, ""name"": ""Wyatt Langford"", ""bats"": ""R"", ""obp"": 0.3116883116883117, ""slg"": 0.4652777777777778, ""iso"": 0.2013888888888889, ""ab"": 144}, {""id"": 607043, ""name"": ""Brandon Nimmo"", ""bats"": ""L"", ""obp"": 0.3363914373088685, ""slg"": 0.41836734693877553, ""iso"": 0.14965986394557823, ""ab"": 294}]","[{""name"": ""fi_park_nrfi_rate"", ""value"": 0.455, ""contribution"": 0.1479}, {""name"": ""era_gap_t1"", ""value"": -0.5145, ""contribution"": -0.0551}, {""name"": ""away_top3c_slg"", ""value"": 0.4297, ""contribution"": 0.0536}, {""name"": ""home_avg_ip_per_start"", ""value"": 6.7333, ""contribution"": -0.0494}, {""name"": ""away_top3c_iso"", ""value"": 0.1734, ""contribution"": -0.0356}]","[{""name"": ""home_top3c_slg"", ""value"": 0.4013, ""contribution"": 0.2429}, {""name"": ""fi_park_nrfi_rate"", ""value"": 0.455, ""contribution"": 0.2273}, {""name"": ""home_top3c_iso"", ""value"": 0.1406, ""contribution"": -0.1811}, {""name"": ""away_fip"", ""value"": 4.7574, ""contribution"": 0.0822}, {""name"": ""wx_is_dome"", ""value"": 1.0, ""contribution"": -0.0758}]",596740,0.574,4.417,4.2,28.0,50.0,0.7272,0.7272,6.73,4.0,0.777,0.7197,R,R,NRFI,LOSS,0,0,0,2026-06-23T22:59:54+00:00,-115,-115,DraftKings,2026-06-23T21:42:07+00:00,0.5349,0.5349,-0.1285,0.0587,0.0587,Y,1,-1,-115,-115,2026-06-23T21:37:20+00:00,0,0.4521,PASS,NO EDGE,,,,,,,
2026-06-23,2026,824501,1,N,MIL,CIN,7:10 PM ET,Brandon Sproat,Nick Lodolo,687075,666157,ltd,live,live,live,1.09,0.6221,0.6711,1.2932,0.3279,0.503,0.8309,0.4199,0.5801,0.3708,0.6292,,,PASS,LOW LAMBDA,PASS - Low lambda,4,2026-06-23T23:04:16Z,5.294,4.762,1.379,1.342,4.838,4.546,3.94,2.73,1.52,1.49,8.81,7.88,0.334,0.31,0.393,0.394,5.126,4.277,25.7,11.2,44.0,0.0,0.8,0.8,0.8,0.8,0.3458,0.3605,0.4881,0.4571,0.2183,0.1741,lineup,lineup,"[{""id"": 694362, ""name"": ""Blake Dunn"", ""bats"": ""R"", ""obp"": 0.3402777777777778, ""slg"": 0.38636363636363635, ""iso"": 0.10606060606060608, ""ab"": 132}, {""id"": 682829, ""name"": ""Elly De La Cruz"", ""bats"": ""S"", ""obp"": 0.3463035019455253, ""slg"": 0.5086206896551724, ""iso"": 0.22844827586206895, ""ab"": 232}, {""id"": 668709, ""name"": ""JJ Bleday"", ""bats"": ""L"", ""obp"": 0.3490566037735849, ""slg"": 0.5359116022099447, ""iso"": 0.28729281767955794, ""ab"": 181}]","[{""id"": 694192, ""name"": ""Jackson Chourio"", ""bats"": ""R"", ""obp"": 0.3469387755102041, ""slg"": 0.5277777777777778, ""iso"": 0.23333333333333334, ""ab"": 180}, {""id"": 668930, ""name"": ""Brice Turang"", ""bats"": ""L"", ""obp"": 0.3723076923076923, ""slg"": 0.4562043795620438, ""iso"": 0.19343065693430656, ""ab"": 274}, {""id"": 661388, ""name"": ""William Contreras"", ""bats"": ""R"", ""obp"": 0.35668789808917195, ""slg"": 0.4128113879003559, ""iso"": 0.11743772241992884, ""ab"": 281}]","[{""name"": ""away_top3c_slg"", ""value"": 0.4571, ""contribution"": -0.0855}, {""name"": ""home_fip"", ""value"": 4.5458, ""contribution"": 0.0637}, {""name"": ""era_gap_t1"", ""value"": -0.5321, ""contribution"": -0.057}, {""name"": ""home_p_last10_pitcher_nrfi"", ""value"": 0.8, ""contribution"": 0.0326}, {""name"": ""away_top3c_iso"", ""value"": 0.1741, ""contribution"": -0.0306}]","[{""name"": ""home_top3c_slg"", ""value"": 0.4881, ""contribution"": -0.2962}, {""name"": ""home_top3c_iso"", ""value"": 0.2183, ""contribution"": 0.1857}, {""name"": ""away_whiff_pct_rank"", ""value"": 16.0, ""contribution"": 0.1463}, {""name"": ""away_fip"", ""value"": 4.8379, ""contribution"": 0.0908}, {""name"": ""home_top3_ops_vs_oppHand"", ""value"": 0.838, ""contribution"": 0.0892}]",623949,0.5484,4.2,4.139,50.0,16.0,0.7396,0.7272,5.53,4.6,0.7657,0.838,R,L,NRFI,PASS,0,0,0,2026-06-23T23:20:58+00:00,-110,-120,DraftKings,2026-06-23T23:39:37+00:00,0.5238,0.5455,-0.0854,0.0161,0.0455,N,1,,-110,-120,2026-06-23T23:02:38+00:00,0,0.4589,PASS,NO EDGE,,,,,,,
2026-06-23,2026,824017,1,N,BAL,LAA,9:38 PM ET,Shane Baz,Ryan Johnson,669358,696270,live,sm,live,live,0.99,0.6478,0.5484,1.1961,0.4387,0.4941,0.9329,0.4064,0.5936,0.336,0.664,,,YRFI,STRONG,STRONG YRFI,4,2026-06-24T00:08:14Z,4.297,6.306,1.351,1.524,3.981,5.351,3.45,3.56,0.99,1.76,8.26,7.78,0.32,0.319,0.405,0.401,4.658,4.521,25.6,11.2,56.0,0.0,0.0,0.2,0.0,0.4,0.3243,0.3433,0.415,0.4236,0.176,0.1788,lineup,lineup,"[{""id"": 687263, ""name"": ""Zach Neto"", ""bats"": ""R"", ""obp"": 0.32577903682719545, ""slg"": 0.4542483660130719, ""iso"": 0.22875816993464052, ""ab"": 306}, {""id"": 687093, ""name"": ""Vaughn Grissom"", ""bats"": ""R"", ""obp"": 0.3136094674556213, ""slg"": 0.38095238095238093, ""iso"": 0.1496598639455782, ""ab"": 147}, {""id"": 694384, ""name"": ""Nolan Schanuel"", ""bats"": ""L"", ""obp"": 0.32941176470588235, ""slg"": 0.38427947598253276, ""iso"": 0.12227074235807861, ""ab"": 229}]","[{""id"": 621493, ""name"": ""Taylor Ward"", ""bats"": ""R"", ""obp"": 0.39285714285714285, ""slg"": 0.36610169491525424, ""iso"": 0.10847457627118645, ""ab"": 295}, {""id"": 683002, ""name"": ""Gunnar Henderson"", ""bats"": ""L"", ""obp"": 0.3011049723756906, ""slg"": 0.43119266055045874, ""iso"": 0.2018348623853211, ""ab"": 327}, {""id"": 624413, ""name"": ""Pete Alonso"", ""bats"": ""R"", ""obp"": 0.3352601156069364, ""slg"": 0.4717607973421927, ""iso"": 0.22259136212624583, ""ab"": 301}]","[{""name"": ""home_p_last10_pitcher_nrfi"", ""value"": 0.0, ""contribution"": -0.2798}, {""name"": ""era_gap_t1"", ""value"": 2.0091, ""contribution"": 0.2182}, {""name"": ""fi_park_nrfi_rate"", ""value"": 0.4526, ""contribution"": 0.1563}, {""name"": ""home_fip"", ""value"": 5.3505, ""contribution"": 0.154}, {""name"": ""away_top3c_slg"", ""value"": 0.4236, ""contribution"": 0.0843}]","[{""name"": ""fi_park_nrfi_rate"", ""value"": 0.4526, ""contribution"": 0.2403}, {""name"": ""home_top3c_slg"", ""value"": 0.415, ""contribution"": 0.158}, {""name"": ""era_gap_b1"", ""value"": -2.0091, ""contribution"": -0.1371}, {""name"": ""away_p_last10_pitcher_nrfi"", ""value"": 0.4, ""contribution"": 0.1041}, {""name"": ""home_top3c_obp"", ""value"": 0.3243, ""contribution"": -0.0561}]",482666,0.522,4.2,3.874,50.0,59.0,0.7136,0.7396,4.17,6.33,0.7667,0.7557,R,R,YRFI,WIN,0,2,2,2026-06-24T01:58:18+00:00,-105,-125,DraftKings,2026-06-24T00:42:00+00:00,0.5122,0.5556,-0.1058,0.038,0.038,Y,1,0.8,-105,-125,2026-06-24T00:30:39+00:00,0,0.4647,PASS,NO EDGE,,,,,,,
2026-06-23,2026,823043,1,N,ARI,STL,7:45 PM ET,Eduardo Rodriguez,Kyle Leahy,593958,681517,live,live,live,live,0.97,0.4706,0.5749,1.0455,0.3431,0.4579,0.801,0.4384,0.5616,0.281,0.719,,,PASS,LOW LAMBDA,PASS - Low lambda,4,2026-06-23T23:38:24Z,3.252,4.169,1.327,1.449,4.392,3.988,3.55,3.18,1.09,0.99,7.17,7.86,0.31,0.326,0.388,0.401,4.306,4.61,27.3,7.4,41.0,0.0,0.4,0.4,0.7,0.5,0.3737,0.3473,0.4614,0.4519,0.1862,0.1899,lineup,lineup,"[{""id"": 802139, ""name"": ""JJ Wetherholt"", ""bats"": ""L"", ""obp"": 0.3719512195121951, ""slg"": 0.42857142857142855, ""iso"": 0.15714285714285714, ""ab"": 280}, {""id"": 671056, ""name"": ""Iv\u00e1n Herrera"", ""bats"": ""R"", ""obp"": 0.40634005763688763, ""slg"": 0.42805755395683454, ""iso"": 0.1618705035971223, ""ab"": 278}, {""id"": 691023, ""name"": ""Jordan Walker"", ""bats"": ""R"", ""obp"": 0.34055727554179566, ""slg"": 0.5236486486486487, ""iso"": 0.2364864864864865, ""ab"": 296}]","[{""id"": 606466, ""name"": ""Ketel Marte"", ""bats"": ""S"", ""obp"": 0.3169230769230769, ""slg"": 0.4511784511784512, ""iso"": 0.18855218855218853, ""ab"": 297}, {""id"": 672695, ""name"": ""Geraldo Perdomo"", ""bats"": ""S"", ""obp"": 0.3536977491961415, ""slg"": 0.3463035019455253, ""iso"": 0.10894941634241245, ""ab"": 257}, {""id"": 682998, ""name"": ""Corbin Carroll"", ""bats"": ""L"", ""obp"": 0.371875, ""slg"": 0.5503597122302158, ""iso"": 0.26618705035971224, ""ab"": 278}]","[{""name"": ""fi_park_nrfi_rate"", ""value"": 0.527, ""contribution"": -0.1009}, {""name"": ""era_gap_t1"", ""value"": 0.9169, ""contribution"": 0.0999}, {""name"": ""away_top3c_iso"", ""value"": 0.1899, ""contribution"": 0.0804}, {""name"": ""away_top3c_slg"", ""value"": 0.4519, ""contribution"": -0.059}, {""name"": ""wx_temp_c"", ""value"": 27.3, ""contribution"": 0.0362}]","[{""name"": ""fi_park_nrfi_rate"", ""value"": 0.527, ""contribution"": -0.1552}, {""name"": ""home_top3_ops_vs_oppHand"", ""value"": 0.8813, ""contribution"": 0.1411}, {""name"": ""home_top3c_slg"", ""value"": 0.4614, ""contribution"": -0.1302}, {""name"": ""home_top3c_obp"", ""value"": 0.3737, ""contribution"": 0.1173}, {""name"": ""home_obp"", ""value"": 0.326, ""contribution"": 0.0856}]",658082,0.5146,4.459,4.546,32.0,32.0,0.7136,0.7136,4.87,5.6,0.7597,0.8813,L,R,NRFI,PASS,0,0,0,2026-06-23T23:59:49+00:00,-115,-115,DraftKings,2026-06-23T23:57:29+00:00,0.5349,0.5349,-0.0965,0.0267,0.0481,N,1,,-115,-115,2026-06-23T23:41:32+00:00,0,0.4658,PASS,NO EDGE,,,,,,,
2026-06-23,2026,822718,1,N,PHI,WSH,6:45 PM ET,Jesús Luzardo,PJ Poulin,666200,676571,live,ltd,live,live,0.97,0.5343,0.4511,0.9854,0.5458,0.3668,0.9125,0.4064,0.5936,0.2589,0.7411,,,YRFI,STRONG,STRONG YRFI,4,2026-06-23T21:38:56Z,4.111,3.646,1.281,1.355,3.17,4.702,2.84,4.26,0.9,1.17,10.36,7.69,0.301,0.32,0.397,0.42,4.274,5.186,21.1,10.5,79.0,0.0,0.8,1.0,0.7778,0.9,0.3744,0.3384,0.4943,0.4786,0.2433,0.2312,lineup,lineup,"[{""id"": 695578, ""name"": ""James Wood"", ""bats"": ""L"", ""obp"": 0.40054495912806537, ""slg"": 0.5366666666666666, ""iso"": 0.2633333333333333, ""ab"": 300}, {""id"": 678554, ""name"": ""Curtis Mead"", ""bats"": ""R"", ""obp"": 0.3333333333333333, ""slg"": 0.4639175257731959, ""iso"": 0.2371134020618557, ""ab"": 194}, {""id"": 671277, ""name"": ""Luis Garc\u00eda Jr."", ""bats"": ""L"", ""obp"": 0.28174603174603174, ""slg"": 0.4691358024691358, ""iso"": 0.20987654320987653, ""ab"": 243}]","[{""id"": 607208, ""name"": ""Trea Turner"", ""bats"": ""R"", ""obp"": 0.27710843373493976, ""slg"": 0.33116883116883117, ""iso"": 0.10714285714285715, ""ab"": 308}, {""id"": 669016, ""name"": ""Brandon Marsh"", ""bats"": ""L"", ""obp"": 0.34397163120567376, ""slg"": 0.48863636363636365, ""iso"": 0.17803030303030304, ""ab"": 264}, {""id"": 547180, ""name"": ""Bryce Harper"", ""bats"": ""L"", ""obp"": 0.3734567901234568, ""slg"": 0.5239852398523985, ""iso"": 0.25461254612546125, ""ab"": 271}]","[{""name"": ""away_top3c_iso"", ""value"": 0.2312, ""contribution"": 0.3713}, {""name"": ""home_xera"", ""value"": 6.4865, ""contribution"": 0.243}, {""name"": ""away_top3c_slg"", ""value"": 0.4786, ""contribution"": -0.1942}, {""name"": ""home_avg_ip_per_start"", ""value"": 1.6, ""contribution"": 0.115}, {""name"": ""home_fip"", ""value"": 4.7015, ""contribution"": 0.0812}]","[{""name"": ""home_top3c_slg"", ""value"": 0.4943, ""contribution"": -0.3348}, {""name"": ""home_top3c_iso"", ""value"": 0.2433, ""contribution"": 0.3037}, {""name"": ""away_whiff_pct_rank"", ""value"": 90.0, ""contribution"": -0.1731}, {""name"": ""home_top3c_obp"", ""value"": 0.3744, ""contribution"": 0.1196}, {""name"": ""fi_park_nrfi_rate"", ""value"": 0.4761, ""contribution"": 0.1154}]",427248,0.5131,6.487,3.2,50.0,90.0,0.7272,0.7396,1.6,6.0,0.7503,0.7803,L,L,NRFI,LOSS,0,0,0,2026-06-23T22:54:59+00:00,-130,+100,DraftKings,2026-06-23T21:52:50+00:00,0.5652,0.5,-0.1588,0.0936,0.0936,Y,1,-1,-125,-105,2026-06-23T21:42:07+00:00,-0.0122,0.3807,YRFI,STRONG,,,,,,,
2026-06-23,2026,823210,1,N,OAK,SF,9:45 PM ET,Aaron Civale,Robbie Ray,650644,592662,live,live,live,live,0.94,0.5662,0.5881,1.1544,0.3879,0.4492,0.8371,0.4137,0.5863,0.3208,0.6792,,,PASS,LOW LAMBDA,PASS - Low lambda,4,2026-06-24T01:08:10Z,4.845,3.929,1.456,1.29,5.066,4.717,2.93,4.08,1.66,1.42,6.98,8.67,0.327,0.31,0.418,0.417,4.64,4.179,18.1,19.4,77.0,0.0,0.6,0.6,0.8,0.6,0.3504,0.3759,0.4914,0.5276,0.1848,0.2465,lineup,lineup,"[{""id"": 650333, ""name"": ""Luis Arraez"", ""bats"": ""L"", ""obp"": 0.3569230769230769, ""slg"": 0.4444444444444444, ""iso"": 0.12457912457912457, ""ab"": 297}, {""id"": 805811, ""name"": ""Bryce Eldridge"", ""bats"": ""L"", ""obp"": 0.3888888888888889, ""slg"": 0.5161290322580645, ""iso"": 0.21774193548387094, ""ab"": 124}, {""id"": 669477, ""name"": ""Casey Schmitt"", ""bats"": ""R"", ""obp"": 0.3242320819112628, ""slg"": 0.5306859205776173, ""iso"": 0.23465703971119134, ""ab"": 277}]","[{""id"": 643446, ""name"": ""Jeff McNeil"", ""bats"": ""L"", ""obp"": 0.3064516129032258, ""slg"": 0.31981981981981983, ""iso"": 0.0855855855855856, ""ab"": 222}, {""id"": 701762, ""name"": ""Nick Kurtz"", ""bats"": ""L"", ""obp"": 0.43909348441926344, ""slg"": 0.5555555555555556, ""iso"": 0.26523297491039427, ""ab"": 279}, {""id"": 669127, ""name"": ""Shea Langeliers"", ""bats"": ""R"", ""obp"": 0.3333333333333333, ""slg"": 0.5205479452054794, ""iso"": 0.24999999999999994, ""ab"": 292}]","[{""name"": ""away_top3c_iso"", ""value"": 0.2465, ""contribution"": 0.4788}, {""name"": ""away_top3c_slg"", ""value"": 0.5276, ""contribution"": -0.4423}, {""name"": ""away_top3_ops_vs_oppHand"", ""value"": 0.94, ""contribution"": 0.1761}, {""name"": ""era_gap_t1"", ""value"": -0.9155, ""contribution"": -0.0985}, {""name"": ""home_fip"", ""value"": 4.7167, ""contribution"": 0.0829}]","[{""name"": ""home_top3c_slg"", ""value"": 0.4914, ""contribution"": -0.3169}, {""name"": ""away_fip"", ""value"": 5.0661, ""contribution"": 0.1152}, {""name"": ""home_top3_ops_vs_oppHand"", ""value"": 0.8503, ""contribution"": 0.104}, {""name"": ""away_whiff_pct_rank"", ""value"": 28.0, ""contribution"": 0.0945}, {""name"": ""wx_wind_kmh"", ""value"": 19.4, ""contribution"": 0.0832}]",511890,0.5521,3.719,4.013,64.0,28.0,0.7412,0.751,4.6,4.4,0.94,0.8503,R,L,NRFI,PASS,0,0,0,2026-06-24T02:01:00+00:00,-105,-120,DraftKings,2026-06-24T01:57:51+00:00,0.5122,0.5455,-0.0985,0.0408,0.0424,N,1,,-105,-120,2026-06-24T01:11:23+00:00,0,0.4589,PASS,NO EDGE,,,,,,,
2026-06-23,2026,824262,1,N,NYY,DET,6:40 PM ET,Carlos Rodón,Casey Mize,607074,663554,live,live,live,live,0.98,0.3988,0.4897,0.8885,0.3251,0.3359,0.661,0.5375,0.4625,0.2233,0.7767,,,NRFI,LEAN,LEAN NRFI,4,2026-06-23T21:38:56Z,3.284,3.14,1.145,1.123,3.721,3.248,4.14,2.21,0.89,0.84,9.78,8.73,0.329,0.315,0.432,0.397,4.995,4.156,23.5,12.5,41.0,0.0,1.0,0.4,1.0,0.7,0.3381,0.3649,0.4457,0.5222,0.1902,0.2471,lineup,lineup,"[{""id"": 805808, ""name"": ""Kevin McGonigle"", ""bats"": ""L"", ""obp"": 0.39274924471299094, ""slg"": 0.4306049822064057, ""iso"": 0.14590747330960852, ""ab"": 281}, {""id"": 693307, ""name"": ""Dillon Dingler"", ""bats"": ""R"", ""obp"": 0.3333333333333333, ""slg"": 0.5378787878787878, ""iso"": 0.2727272727272727, ""ab"": 264}, {""id"": 663837, ""name"": ""Matt Vierling"", ""bats"": ""R"", ""obp"": 0.25943396226415094, ""slg"": 0.3403141361256545, ""iso"": 0.14136125654450266, ""ab"": 191}]","[{""id"": 700250, ""name"": ""Ben Rice"", ""bats"": ""L"", ""obp"": 0.38263665594855306, ""slg"": 0.6067415730337079, ""iso"": 0.3183520599250937, ""ab"": 267}, {""id"": 691176, ""name"": ""Jasson Dom\u00ednguez"", ""bats"": ""S"", ""obp"": 0.26153846153846155, ""slg"": 0.4032258064516129, ""iso"": 0.17741935483870966, ""ab"": 62}, {""id"": 641355, ""name"": ""Cody Bellinger"", ""bats"": ""L"", ""obp"": 0.36890243902439024, ""slg"": 0.4676258992805755, ""iso"": 0.19424460431654672, ""ab"": 278}]","[{""name"": ""away_top3c_iso"", ""value"": 0.2471, ""contribution"": 0.4834}, {""name"": ""away_top3c_slg"", ""value"": 0.5222, ""contribution"": -0.4152}, {""name"": ""fi_park_nrfi_rate"", ""value"": 0.5322, ""contribution"": -0.1188}, {""name"": ""home_p_last10_pitcher_nrfi"", ""value"": 1.0, ""contribution"": 0.1107}, {""name"": ""home_fip"", ""value"": 3.2479, ""contribution"": -0.082}]","[{""name"": ""fi_park_nrfi_rate"", ""value"": 0.5322, ""contribution"": -0.1826}, {""name"": ""home_top3c_iso"", ""value"": 0.1902, ""contribution"": 0.0529}, {""name"": ""home_top3c_slg"", ""value"": 0.4457, ""contribution"": -0.0327}, {""name"": ""away_fip"", ""value"": 3.7208, ""contribution"": -0.0286}, {""name"": ""wx_is_dome"", ""value"": 0.0, ""contribution"": 0.0264}]",623945,0.5123,3.428,4.2,53.0,50.0,0.6942,0.7028,4.73,5.6,0.815,0.763,L,R,NRFI,WIN,0,0,0,2026-06-23T22:54:58+00:00,-125,-105,DraftKings,2026-06-23T22:27:24+00:00,0.5556,0.5122,-0.0181,-0.0497,-0.0181,N,0.5,0,-125,-105,2026-06-23T21:37:20+00:00,0,0.4655,PASS,NO EDGE,,,,,,,
2026-06-23,2026,824584,1,N,CLE,CWS,7:40 PM ET,Parker Messick,Sean Burke,800048,680732,live,live,live,live,0.98,0.4973,0.4326,0.9299,0.3997,0.4401,0.8398,0.4109,0.5891,0.2385,0.7615,,,YRFI,STRONG,STRONG YRFI,4,2026-06-23T22:38:03Z,3.016,3.999,1.156,1.293,3.462,4.232,2.76,3.55,0.92,1.25,9.26,8.98,0.313,0.319,0.375,0.41,4.069,4.636,18.9,12.9,68.0,0.0,0.4,1.0,0.7,1.0,0.3378,0.3479,0.4441,0.4194,0.1888,0.1581,lineup,lineup,"[{""id"": 678246, ""name"": ""Miguel Vargas"", ""bats"": ""R"", ""obp"": 0.3516819571865443, ""slg"": 0.4618181818181818, ""iso"": 0.22545454545454544, ""ab"": 275}, {""id"": 545341, ""name"": ""Randal Grichuk"", ""bats"": ""R"", ""obp"": 0.3008849557522124, ""slg"": 0.5566037735849056, ""iso"": 0.29245283018867924, ""ab"": 106}, {""id"": 805367, ""name"": ""Chase Meidroth"", ""bats"": ""R"", ""obp"": 0.33653846153846156, ""slg"": 0.38434163701067614, ""iso"": 0.11387900355871883, ""ab"": 281}]","[{""id"": 683953, ""name"": ""Travis Bazzana"", ""bats"": ""L"", ""obp"": 0.37254901960784315, ""slg"": 0.4685714285714286, ""iso"": 0.19428571428571428, ""ab"": 175}, {""id"": 700932, ""name"": ""Kyle Manzardo"", ""bats"": ""L"", ""obp"": 0.3237704918032787, ""slg"": 0.40375586854460094, ""iso"": 0.16901408450704225, ""ab"": 213}, {""id"": 677587, ""name"": ""Brayan Rocchio"", ""bats"": ""S"", ""obp"": 0.3508771929824561, ""slg"": 0.398406374501992, ""iso"": 0.12350597609561753, ""ab"": 251}]","[{""name"": ""away_top3c_iso"", ""value"": 0.1581, ""contribution"": -0.1439}, {""name"": ""era_gap_t1"", ""value"": 0.9833, ""contribution"": 0.1071}, {""name"": ""away_top3c_slg"", ""value"": 0.4194, ""contribution"": 0.1057}, {""name"": ""fi_park_nrfi_rate"", ""value"": 0.473, ""contribution"": 0.0859}, {""name"": ""away_top3_ops_vs_oppHand"", ""value"": 0.832, ""contribution"": 0.066}]","[{""name"": ""home_top3_ops_vs_oppHand"", ""value"": 1.0283, ""contribution"": 0.3171}, {""name"": ""fi_park_nrfi_rate"", ""value"": 0.473, ""contribution"": 0.1321}, {""name"": ""away_p_last10_pitcher_nrfi"", ""value"": 1.0, ""contribution"": -0.0929}, {""name"": ""away_whiff_pct_rank"", ""value"": 66.0, ""contribution"": -0.0695}, {""name"": ""era_gap_b1"", ""value"": -0.9833, ""contribution"": -0.0673}]",503502,0.4948,4.644,2.618,35.0,66.0,0.6205,0.6796,5.07,5.6,0.832,1.0283,L,R,NRFI,LOSS,0,0,0,2026-06-23T23:49:38+00:00,-160,+125,DraftKings,2026-06-23T22:41:19+00:00,0.6154,0.4444,-0.2045,0.1447,0.1447,Y,1,-1,-155,+120,2026-06-23T22:37:59+00:00,-0.0101,0.4877,PASS,NO EDGE,,,,,,,
2026-06-23,2026,822799,1,N,HOU,TOR,4:07 PM ET,Peter Lambert,Shane Bieber,663567,669456,ltd,ltd,live,live,1.01,0.494,0.4881,0.9821,0.4287,0.3351,0.7638,0.4772,0.5228,0.2577,0.7423,,,PASS,NO EDGE,PASS - No edge,4,2026-06-23T19:08:21Z,3.592,3.97,1.168,1.18,3.947,4.281,3.29,2.48,0.98,1.41,8.38,8.6,0.317,0.313,0.41,0.395,4.479,4.167,,,,1.0,0.8,0.6,0.8571,0.8,0.3384,0.3567,0.4009,0.5132,0.136,0.2453,lineup,lineup,"[{""id"": 543807, ""name"": ""George Springer"", ""bats"": ""R"", ""obp"": 0.3183673469387755, ""slg"": 0.39069767441860465, ""iso"": 0.1627906976744186, ""ab"": 215}, {""id"": 665489, ""name"": ""Vladimir Guerrero Jr."", ""bats"": ""R"", ""obp"": 0.36538461538461536, ""slg"": 0.37174721189591076, ""iso"": 0.08921933085501854, ""ab"": 269}, {""id"": 676914, ""name"": ""Davis Schneider"", ""bats"": ""R"", ""obp"": 0.30275229357798167, ""slg"": 0.31868131868131866, ""iso"": 0.15384615384615383, ""ab"": 91}]","[{""id"": 514888, ""name"": ""Jose Altuve"", ""bats"": ""R"", ""obp"": 0.3112033195020747, ""slg"": 0.39814814814814814, ""iso"": 0.16203703703703703, ""ab"": 216}, {""id"": 670541, ""name"": ""Yordan Alvarez"", ""bats"": ""L"", ""obp"": 0.4314868804664723, ""slg"": 0.6385964912280702, ""iso"": 0.3157894736842105, ""ab"": 285}, {""id"": 572233, ""name"": ""Christian Walker"", ""bats"": ""R"", ""obp"": 0.3119266055045872, ""slg"": 0.47619047619047616, ""iso"": 0.23809523809523808, ""ab"": 294}]","[{""name"": ""away_top3c_iso"", ""value"": 0.2453, ""contribution"": 0.4704}, {""name"": ""away_top3c_slg"", ""value"": 0.5132, ""contribution"": -0.3694}, {""name"": ""away_top3_ops_vs_oppHand"", ""value"": 0.8767, ""contribution"": 0.1115}, {""name"": ""home_p_last10_pitcher_nrfi"", ""value"": 0.8571, ""contribution"": 0.0549}, {""name"": ""era_gap_t1"", ""value"": 0.378, ""contribution"": 0.0415}]","[{""name"": ""home_top3c_slg"", ""value"": 0.4009, ""contribution"": 0.2455}, {""name"": ""home_top3c_iso"", ""value"": 0.136, ""contribution"": -0.2029}, {""name"": ""wx_is_dome"", ""value"": 1.0, ""contribution"": -0.0758}, {""name"": ""home_top3_ops_vs_oppHand"", ""value"": 0.7347, ""contribution"": -0.0345}, {""name"": ""home_plate_ump_nrfi_rate"", ""value"": 0.5305, ""contribution"": 0.0294}]",665281,0.5305,4.2,2.829,50.0,50.0,0.7136,0.7136,5.8,5.73,0.8767,0.7347,R,R,YRFI,PASS,1,0,1,2026-06-23T20:30:15+00:00,+100,-130,DraftKings,2026-06-23T20:01:39+00:00,0.5,0.5652,-0.0228,-0.0424,,N,,,+100,-130,2026-06-23T20:01:39+00:00,,0.5651,NRFI,STRONG,,,,,,,
2026-06-23,2026,823365,1,N,SEA,PIT,6:40 PM ET,George Kirby,Mitch Keller,669923,656605,live,live,live,live,0.96,0.448,0.4414,0.8894,0.382,0.3669,0.7489,0.4772,0.5228,0.2236,0.7764,,,PASS,NO EDGE,PASS - No edge,4,2026-06-23T22:38:03Z,4.134,4.681,1.273,1.3,3.419,3.907,2.09,3.14,0.95,0.87,8.48,7.3,0.313,0.332,0.39,0.409,4.186,4.93,22.1,11.7,52.0,0.0,0.8,0.6,0.8,0.7,0.3713,0.31,0.4862,0.3843,0.2155,0.1671,lineup,lineup,"[{""id"": 687462, ""name"": ""Spencer Horwitz"", ""bats"": ""L"", ""obp"": 0.3888888888888889, ""slg"": 0.4625, ""iso"": 0.1791666666666667, ""ab"": 240}, {""id"": 664040, ""name"": ""Brandon Lowe"", ""bats"": ""L"", ""obp"": 0.3249211356466877, ""slg"": 0.5089605734767025, ""iso"": 0.2652329749103943, ""ab"": 279}, {""id"": 668804, ""name"": ""Bryan Reynolds"", ""bats"": ""S"", ""obp"": 0.4, ""slg"": 0.4838709677419355, ""iso"": 0.19713261648745523, ""ab"": 279}]","[{""id"": 641487, ""name"": ""J.P. Crawford"", ""bats"": ""L"", ""obp"": 0.35039370078740156, ""slg"": 0.38571428571428573, ""iso"": 0.16666666666666669, ""ab"": 210}, {""id"": 663728, ""name"": ""Cal Raleigh"", ""bats"": ""S"", ""obp"": 0.25853658536585367, ""slg"": 0.3016759776536313, ""iso"": 0.13966480446927376, ""ab"": 179}, {""id"": 677594, ""name"": ""Julio Rodr\u00edguez"", ""bats"": ""R"", ""obp"": 0.31085043988269795, ""slg"": 0.43086816720257237, ""iso"": 0.18327974276527334, ""ab"": 311}]","[{""name"": ""away_top3c_slg"", ""value"": 0.3843, ""contribution"": 0.2836}, {""name"": ""away_top3c_iso"", ""value"": 0.1671, ""contribution"": -0.0799}, {""name"": ""away_top3_ops_vs_oppHand"", ""value"": 0.6923, ""contribution"": -0.0763}, {""name"": ""fi_park_nrfi_rate"", ""value"": 0.5188, ""contribution"": -0.0724}, {""name"": ""era_gap_t1"", ""value"": 0.547, ""contribution"": 0.0598}]","[{""name"": ""home_top3c_slg"", ""value"": 0.4862, ""contribution"": -0.2846}, {""name"": ""home_top3c_iso"", ""value"": 0.2155, ""contribution"": 0.1724}, {""name"": ""home_top3_ops_vs_oppHand"", ""value"": 0.8793, ""contribution"": 0.1387}, {""name"": ""home_obp"", ""value"": 0.3319, ""contribution"": 0.127}, {""name"": ""fi_park_nrfi_rate"", ""value"": 0.5188, ""contribution"": -0.1113}]",427537,0.4944,4.372,3.551,18.0,72.0,0.7136,0.7136,4.8,5.47,0.6923,0.8793,R,R,NRFI,PASS,0,0,0,2026-06-23T22:58:12+00:00,-105,-125,DraftKings,2026-06-23T22:52:00+00:00,0.5122,0.5556,-0.035,-0.0328,,N,,,-110,-120,2026-06-23T22:37:59+00:00,,0.4658,PASS,NO EDGE,,,,,,,
2026-06-23,2026,823614,1,N,CHC,NYM,7:10 PM ET,Edward Cabrera,Kodai Senga,665795,673540,live,live,live,live,0.96,0.6796,0.5174,1.197,0.3769,0.2982,0.6751,0.5038,0.4962,0.3363,0.6637,,,NRFI,LEAN,LEAN NRFI,4,2026-06-23T22:08:15Z,4.583,5.304,1.337,1.522,4.667,5.144,3.28,5.07,1.59,1.59,8.8,9.36,0.334,0.3,0.402,0.378,4.712,4.114,20.6,8.7,83.0,0.0,0.6,0.8,0.6,0.9,0.3312,0.3607,0.4364,0.422,0.1708,0.1607,lineup,lineup,"[{""id"": 701807, ""name"": ""Carson Benge"", ""bats"": ""L"", ""obp"": 0.31756756756756754, ""slg"": 0.40441176470588236, ""iso"": 0.1470588235294118, ""ab"": 272}, {""id"": 666182, ""name"": ""Bo Bichette"", ""bats"": ""R"", ""obp"": 0.2916666666666667, ""slg"": 0.3665594855305466, ""iso"": 0.1189710610932476, ""ab"": 311}, {""id"": 668901, ""name"": ""Mark Vientos"", ""bats"": ""R"", ""obp"": 0.2556053811659193, ""slg"": 0.3933649289099526, ""iso"": 0.17061611374407584, ""ab"": 211}]","[{""id"": 691718, ""name"": ""Pete Crow-Armstrong"", ""bats"": ""L"", ""obp"": 0.3628048780487805, ""slg"": 0.5206896551724138, ""iso"": 0.23448275862068968, ""ab"": 290}, {""id"": 608324, ""name"": ""Alex Bregman"", ""bats"": ""R"", ""obp"": 0.34293948126801155, ""slg"": 0.35, ""iso"": 0.09999999999999998, ""ab"": 300}, {""id"": 683737, ""name"": ""Michael Busch"", ""bats"": ""L"", ""obp"": 0.3768545994065282, ""slg"": 0.39636363636363636, ""iso"": 0.14909090909090908, ""ab"": 275}]","[{""name"": ""home_fip"", ""value"": 5.144, ""contribution"": 0.1308}, {""name"": ""away_top3c_iso"", ""value"": 0.1607, ""contribution"": -0.1253}, {""name"": ""away_top3c_slg"", ""value"": 0.422, ""contribution"": 0.0927}, {""name"": ""era_gap_t1"", ""value"": 0.7213, ""contribution"": 0.0787}, {""name"": ""home_avg_ip_per_start"", ""value"": 3.6, ""contribution"": 0.0509}]","[{""name"": ""away_whiff_pct_rank"", ""value"": 76.0, ""contribution"": -0.1127}, {""name"": ""home_obp"", ""value"": 0.3001, ""contribution"": -0.0959}, {""name"": ""away_fip"", ""value"": 4.6674, ""contribution"": 0.0726}, {""name"": ""away_p_last10_pitcher_nrfi"", ""value"": 0.9, ""contribution"": -0.0601}, {""name"": ""era_gap_b1"", ""value"": -0.7213, ""contribution"": -0.0495}]",608093,0.5118,3.93,4.053,74.0,76.0,0.7075,0.7197,3.6,4.2,0.799,0.7883,R,R,NRFI,WIN,0,0,0,2026-06-23T23:32:39+00:00,-115,-110,DraftKings,2026-06-23T23:39:37+00:00,0.5349,0.5238,-0.0311,-0.0276,-0.0311,N,0.5,0,-120,-110,2026-06-23T22:06:54+00:00,-0.0106,0.4877,PASS,NO EDGE,,,,,,,
2026-06-23,2026,823690,1,N,LAD,MIN,7:40 PM ET,Justin Wrobleski,Kendry Rojas,680736,696070,live,sm,live,live,0.97,0.5372,0.4305,0.9676,0.3496,0.3083,0.6579,0.54,0.46,0.2523,0.7477,,,NRFI,LEAN,LEAN NRFI,4,2026-06-23T22:38:03Z,3.235,3.412,1.088,1.315,3.525,3.962,2.08,3.83,0.79,0.89,7.01,8.8,0.339,0.321,0.431,0.409,5.048,4.805,19.4,12.6,92.0,0.0,1.0,0.8,1.0,0.8,0.329,0.3644,0.4503,0.5023,0.195,0.2255,lineup,lineup,"[{""id"": 668885, ""name"": ""Austin Martin"", ""bats"": ""R"", ""obp"": 0.3497942386831276, ""slg"": 0.32038834951456313, ""iso"": 0.08252427184466021, ""ab"": 206}, {""id"": 621439, ""name"": ""Byron Buxton"", ""bats"": ""R"", ""obp"": 0.3333333333333333, ""slg"": 0.5964285714285714, ""iso"": 0.3214285714285714, ""ab"": 280}, {""id"": 605137, ""name"": ""Josh Bell"", ""bats"": ""S"", ""obp"": 0.3081967213114754, ""slg"": 0.39928057553956836, ""iso"": 0.1510791366906475, ""ab"": 278}]","[{""id"": 500743, ""name"": ""Miguel Rojas"", ""bats"": ""R"", ""obp"": 0.3228346456692913, ""slg"": 0.36283185840707965, ""iso"": 0.09734513274336282, ""ab"": 113}, {""id"": 681624, ""name"": ""Andy Pages"", ""bats"": ""R"", ""obp"": 0.3132530120481928, ""slg"": 0.47854785478547857, ""iso"": 0.21452145214521456, ""ab"": 303}, {""id"": 518692, ""name"": ""Freddie Freeman"", ""bats"": ""L"", ""obp"": 0.36253776435045315, ""slg"": 0.4755244755244755, ""iso"": 0.2027972027972028, ""ab"": 286}]","[{""name"": ""away_top3c_iso"", ""value"": 0.2255, ""contribution"": 0.3309}, {""name"": ""away_top3c_slg"", ""value"": 0.5023, ""contribution"": -0.3144}, {""name"": ""fi_park_nrfi_rate"", ""value"": 0.5348, ""contribution"": -0.1278}, {""name"": ""home_p_last10_pitcher_nrfi"", ""value"": 1.0, ""contribution"": 0.1107}, {""name"": ""home_avg_ip_per_start"", ""value"": 4.0, ""contribution"": 0.0381}]","[{""name"": ""fi_park_nrfi_rate"", ""value"": 0.5348, ""contribution"": -0.1964}, {""name"": ""away_whiff_pct_rank"", ""value"": 17.0, ""contribution"": 0.1419}, {""name"": ""home_plate_ump_nrfi_rate"", ""value"": 0.4205, ""contribution"": -0.084}, {""name"": ""home_top3c_iso"", ""value"": 0.195, ""contribution"": 0.0756}, {""name"": ""home_top3c_slg"", ""value"": 0.4503, ""contribution"": -0.0613}]",504381,0.4205,4.2,3.401,50.0,17.0,0.7136,0.7136,4.0,5.73,0.7583,0.7523,L,L,YRFI,LOSS,1,0,1,2026-06-24T00:26:23+00:00,+100,-130,DraftKings,2026-06-23T23:57:29+00:00,0.5,0.5652,0.04,-0.1052,0.04,N,0.5,0,-105,-125,2026-06-23T22:37:59+00:00,-0.0122,0.4776,PASS,NO EDGE,,,,,,,
2026-06-23,2026,823286,1,N,ATL,SD,9:40 PM ET,JR Ritchie,Wandy Peralta,702275,593974,ltd,live,live,live,0.95,0.5089,0.5445,1.0534,0.3344,0.3501,0.6845,0.4795,0.5205,0.2839,0.7161,,,PASS,NO EDGE,PASS - No edge,4,2026-06-24T01:38:34Z,4.343,2.764,1.311,1.318,4.98,4.136,4.07,3.88,1.48,0.8,8.24,7.09,0.316,0.297,0.416,0.37,4.832,3.962,23.0,12.1,68.0,0.0,1.0,0.8,1.0,0.6667,0.3205,0.3365,0.3604,0.4971,0.1037,0.2127,lineup,lineup,"[{""id"": 665487, ""name"": ""Fernando Tatis Jr."", ""bats"": ""R"", ""obp"": 0.3475609756097561, ""slg"": 0.3561643835616438, ""iso"": 0.07191780821917804, ""ab"": 292}, {""id"": 669392, ""name"": ""Samad Taylor"", ""bats"": ""R"", ""obp"": 0.4, ""slg"": 0.42, ""iso"": 0.07999999999999996, ""ab"": 50}, {""id"": 701538, ""name"": ""Jackson Merrill"", ""bats"": ""L"", ""obp"": 0.27741935483870966, ""slg"": 0.3543859649122807, ""iso"": 0.14035087719298245, ""ab"": 285}]","[{""id"": 671739, ""name"": ""Michael Harris II"", ""bats"": ""L"", ""obp"": 0.337037037037037, ""slg"": 0.51171875, ""iso"": 0.20703125, ""ab"": 256}, {""id"": 645277, ""name"": ""Ozzie Albies"", ""bats"": ""S"", ""obp"": 0.3303030303030303, ""slg"": 0.44594594594594594, ""iso"": 0.16554054054054052, ""ab"": 296}, {""id"": 621566, ""name"": ""Matt Olson"", ""bats"": ""L"", ""obp"": 0.34226190476190477, ""slg"": 0.5351170568561873, ""iso"": 0.26421404682274247, ""ab"": 299}]","[{""name"": ""away_top3c_slg"", ""value"": 0.4971, ""contribution"": -0.2876}, {""name"": ""away_top3c_iso"", ""value"": 0.2127, ""contribution"": 0.2409}, {""name"": ""era_gap_t1"", ""value"": -1.5789, ""contribution"": -0.1703}, {""name"": ""fi_park_nrfi_rate"", ""value"": 0.5409, ""contribution"": -0.149}, {""name"": ""home_avg_ip_per_start"", ""value"": 1.1111, ""contribution"": 0.1306}]","[{""name"": ""home_top3c_slg"", ""value"": 0.3604, ""contribution"": 0.4966}, {""name"": ""home_top3c_iso"", ""value"": 0.1037, ""contribution"": -0.3557}, {""name"": ""fi_park_nrfi_rate"", ""value"": 0.5409, ""contribution"": -0.229}, {""name"": ""home_obp"", ""value"": 0.2968, ""contribution"": -0.1193}, {""name"": ""era_gap_b1"", ""value"": 1.5789, ""contribution"": 0.107}]",605670,0.5573,4.47,5.149,47.0,50.0,0.7136,0.7136,1.11,4.73,0.8447,0.6813,R,L,NRFI,PASS,0,0,0,2026-06-24T01:53:44+00:00,-135,+105,DraftKings,2026-06-24T01:37:55+00:00,0.5745,0.4878,-0.095,0.0327,-0.0394,N,0.5,,-135,+105,2026-06-24T01:37:55+00:00,0,0.4521,PASS,NO EDGE,,,,,,,
2026-06-24,2026,824583,1,N,CLE,CWS,2:10 PM ET,Tanner Bibee,Erick Fedde,676440,607200,live,live,live,live,0.98,0.5927,0.5565,1.1492,0.4833,0.4729,0.9562,0.396,0.604,0.3189,0.6811,,,YRFI,STRONG,STRONG YRFI,4,2026-06-24T17:06:50Z,4.095,4.832,1.195,1.435,4.605,5.475,2.78,3.77,1.53,1.59,7.92,5.85,0.313,0.317,0.375,0.409,4.037,4.608,21.9,9.7,88.0,0.0,0.4,0.4,0.6,0.6,0.3441,0.3505,0.4405,0.4093,0.1894,0.15,lineup,lineup,"[{""id"": 803011, ""name"": ""Sam Antonacci"", ""bats"": ""L"", ""obp"": 0.3855932203389831, ""slg"": 0.4158415841584158, ""iso"": 0.12871287128712872, ""ab"": 202}, {""id"": 678246, ""name"": ""Miguel Vargas"", ""bats"": ""R"", ""obp"": 0.3504531722054381, ""slg"": 0.46953405017921146, ""iso"": 0.2329749103942652, ""ab"": 279}, {""id"": 682668, ""name"": ""Luisangel Acu\u00f1a"", ""bats"": ""R"", ""obp"": 0.2517482517482518, ""slg"": 0.24812030075187969, ""iso"": 0.03759398496240601, ""ab"": 133}]","[{""id"": 683953, ""name"": ""Travis Bazzana"", ""bats"": ""L"", ""obp"": 0.36538461538461536, ""slg"": 0.4581005586592179, ""iso"": 0.1899441340782123, ""ab"": 179}, {""id"": 677587, ""name"": ""Brayan Rocchio"", ""bats"": ""S"", ""obp"": 0.3460207612456747, ""slg"": 0.39215686274509803, ""iso"": 0.1215686274509804, ""ab"": 255}, {""id"": 690984, ""name"": ""Petey Halpin"", ""bats"": ""L"", ""obp"": 0.19148936170212766, ""slg"": 0.2391304347826087, ""iso"": 0.06521739130434784, ""ab"": 46}]","[{""name"": ""away_top3c_iso"", ""value"": 0.15, ""contribution"": -0.2007}, {""name"": ""home_fip"", ""value"": 5.475, ""contribution"": 0.168}, {""name"": ""away_top3c_slg"", ""value"": 0.4093, ""contribution"": 0.1571}, {""name"": ""home_xera"", ""value"": 5.1853, ""contribution"": 0.1096}, {""name"": ""away_top3_ops_vs_oppHand"", ""value"": 0.8613, ""contribution"": 0.0959}]","[{""name"": ""fi_park_nrfi_rate"", ""value"": 0.473, ""contribution"": 0.1321}, {""name"": ""away_fip"", ""value"": 4.605, ""contribution"": 0.0659}, {""name"": ""era_gap_b1"", ""value"": -0.7367, ""contribution"": -0.0505}, {""name"": ""home_top3c_iso"", ""value"": 0.1894, ""contribution"": 0.049}, {""name"": ""away_p_last10_pitcher_nrfi"", ""value"": 0.6, ""contribution"": 0.0384}]",503586,0.4946,5.185,3.633,8.0,47.0,0.7613,0.7197,4.93,5.87,0.8613,0.787,R,R,NRFI,LOSS,0,0,0,2026-06-24T21:05:29+00:00,-125,-105,DraftKings,2026-06-24T17:15:49+00:00,0.5556,0.5122,-0.1596,0.0918,0.0918,Y,1,-1,-125,-105,2026-06-24T17:03:01+00:00,0,0.4645,PASS,NO EDGE,,,,,,,
2026-06-24,2026,824341,1,N,BOS,COL,3:10 PM ET,Ranger Suarez,Kyle Freeland,624133,607536,live,live,live,live,1.22,0.6495,0.5008,1.1503,0.6108,0.4395,1.0503,0.3345,0.6655,0.3193,0.6807,,,YRFI,STRONG,STRONG YRFI,4,2026-06-24T17:54:29Z,3.023,6.462,1.154,1.52,2.993,4.678,2.61,2.15,0.59,1.65,8.79,7.44,0.313,0.322,0.385,0.41,4.005,4.511,33.0,6.4,18.0,0.0,0.6,1.0,0.6,0.8,0.3546,0.3402,0.4258,0.4509,0.1483,0.1702,lineup,lineup,"[{""id"": 650489, ""name"": ""Willi Castro"", ""bats"": ""S"", ""obp"": 0.35094339622641507, ""slg"": 0.4067796610169492, ""iso"": 0.13135593220338987, ""ab"": 236}, {""id"": 671289, ""name"": ""Tyler Freeman"", ""bats"": ""R"", ""obp"": 0.35233160621761656, ""slg"": 0.36627906976744184, ""iso"": 0.09302325581395349, ""ab"": 172}, {""id"": 681198, ""name"": ""TJ Rumfield"", ""bats"": ""L"", ""obp"": 0.3592233009708738, ""slg"": 0.47985347985347987, ""iso"": 0.19780219780219782, ""ab"": 273}]","[{""id"": 681987, ""name"": ""Nate Eaton"", ""bats"": ""R"", ""obp"": 0.4666666666666667, ""slg"": 0.75, ""iso"": 0.4166666666666667, ""ab"": 12}, {""id"": 678882, ""name"": ""Ceddanne Rafaela"", ""bats"": ""R"", ""obp"": 0.3298611111111111, ""slg"": 0.43656716417910446, ""iso"": 0.15671641791044777, ""ab"": 268}, {""id"": 677800, ""name"": ""Wilyer Abreu"", ""bats"": ""L"", ""obp"": 0.34365325077399383, ""slg"": 0.4517241379310345, ""iso"": 0.1724137931034483, ""ab"": 290}]","[{""name"": ""era_gap_t1"", ""value"": 3.4389, ""contribution"": 0.373}, {""name"": ""fi_park_nrfi_rate"", ""value"": 0.4241, ""contribution"": 0.2547}, {""name"": ""away_top3_ops_vs_oppHand"", ""value"": 0.866, ""contribution"": 0.1007}, {""name"": ""home_xera"", ""value"": 4.9244, ""contribution"": 0.0829}, {""name"": ""home_fip"", ""value"": 4.678, ""contribution"": 0.0785}]","[{""name"": ""fi_park_nrfi_rate"", ""value"": 0.4241, ""contribution"": 0.3916}, {""name"": ""era_gap_b1"", ""value"": -3.4389, ""contribution"": -0.2344}, {""name"": ""home_top3c_iso"", ""value"": 0.1483, ""contribution"": -0.1449}, {""name"": ""away_fip"", ""value"": 2.9931, ""contribution"": -0.1063}, {""name"": ""wx_temp_c"", ""value"": 33.0, ""contribution"": 0.0981}]",639723,0.548,4.924,2.896,24.0,31.0,0.7272,0.7309,5.53,5.6,0.866,0.695,L,L,YRFI,WIN,1,0,1,2026-06-24T19:26:44+00:00,-105,-125,DraftKings,2026-06-24T18:13:46+00:00,0.5122,0.5556,-0.1903,0.1225,0.1225,Y,1,0.8,-105,-125,2026-06-24T18:08:23+00:00,0,0.4589,PASS,NO EDGE,,,,,,,
2026-06-24,2026,824259,1,N,NYY,DET,6:40 PM ET,Ryan Weathers,Tarik Skubal,677960,669373,live,live,live,live,0.98,0.3266,0.5214,0.848,0.2328,0.3332,0.566,0.5556,0.4444,0.2086,0.7914,,,NRFI,LEAN,LEAN NRFI,4,2026-06-24T21:33:00Z,4.124,2.672,1.175,0.964,4.389,2.634,2.61,1.43,1.65,0.84,9.57,10.28,0.328,0.315,0.432,0.396,4.984,4.144,23.4,10.9,45.0,0.0,0.6,0.6,0.7,0.7,0.338,0.3546,0.4465,0.5513,0.1898,0.2719,lineup,lineup,"[{""id"": 805808, ""name"": ""Kevin McGonigle"", ""bats"": ""L"", ""obp"": 0.3880597014925373, ""slg"": 0.4245614035087719, ""iso"": 0.14385964912280702, ""ab"": 285}, {""id"": 693307, ""name"": ""Dillon Dingler"", ""bats"": ""R"", ""obp"": 0.3389261744966443, ""slg"": 0.5447761194029851, ""iso"": 0.27238805970149255, ""ab"": 268}, {""id"": 681481, ""name"": ""Kerry Carpenter"", ""bats"": ""L"", ""obp"": 0.3050847457627119, ""slg"": 0.47096774193548385, ""iso"": 0.24516129032258063, ""ab"": 155}]","[{""id"": 502671, ""name"": ""Paul Goldschmidt"", ""bats"": ""R"", ""obp"": 0.3526570048309179, ""slg"": 0.5372340425531915, ""iso"": 0.2446808510638298, ""ab"": 188}, {""id"": 700250, ""name"": ""Ben Rice"", ""bats"": ""L"", ""obp"": 0.37658227848101267, ""slg"": 0.5955882352941176, ""iso"": 0.3125, ""ab"": 272}, {""id"": 691176, ""name"": ""Jasson Dom\u00ednguez"", ""bats"": ""S"", ""obp"": 0.2608695652173913, ""slg"": 0.4090909090909091, ""iso"": 0.18181818181818185, ""ab"": 66}]","[{""name"": ""away_top3c_iso"", ""value"": 0.2719, ""contribution"": 0.6577}, {""name"": ""away_top3c_slg"", ""value"": 0.5513, ""contribution"": -0.5625}, {""name"": ""home_xera"", ""value"": 2.2179, ""contribution"": -0.1944}, {""name"": ""away_top3_ops_vs_oppHand"", ""value"": 0.9557, ""contribution"": 0.192}, {""name"": ""era_gap_t1"", ""value"": -1.4519, ""contribution"": -0.1566}]","[{""name"": ""fi_park_nrfi_rate"", ""value"": 0.5322, ""contribution"": -0.1826}, {""name"": ""away_whiff_pct_rank"", ""value"": 88.0, ""contribution"": -0.1645}, {""name"": ""era_gap_b1"", ""value"": 1.4519, ""contribution"": 0.0984}, {""name"": ""home_top3c_iso"", ""value"": 0.1898, ""contribution"": 0.0511}, {""name"": ""away_fip"", ""value"": 4.3891, ""contribution"": 0.0429}]",484198,0.5395,2.218,4.324,100.0,88.0,0.7075,0.7136,5.87,6.07,0.9557,0.766,L,L,YRFI,LOSS,1,0,1,2026-06-24T22:51:27+00:00,-160,+125,DraftKings,2026-06-24T22:56:27+00:00,0.6154,0.4444,-0.0598,0,-0.0598,N,0.5,0,-165,+130,2026-06-24T21:36:39+00:00,-0.0073,0.5419,PASS,NO EDGE,,,,,,,
2026-06-24,2026,824018,1,N,BAL,LAA,4:07 PM ET,Trey Gibson,José Soriano,694346,667755,sm,live,live,live,0.99,0.5341,0.6359,1.17,0.2933,0.625,0.9182,0.4064,0.5936,0.3265,0.6735,,,YRFI,STRONG,STRONG YRFI,4,2026-06-24T18:34:31Z,4.818,3.403,1.438,1.309,4.752,3.93,4.09,4.4,1.28,0.88,8.02,9.13,0.319,0.319,0.403,0.401,4.62,4.526,24.6,14.4,61.0,0.0,0.6,0.4,0.5,0.4,0.3358,0.3418,0.4135,0.3929,0.1459,0.1467,lineup,lineup,"[{""id"": 694384, ""name"": ""Nolan Schanuel"", ""bats"": ""L"", ""obp"": 0.33204633204633205, ""slg"": 0.39914163090128757, ""iso"": 0.1330472103004292, ""ab"": 233}, {""id"": 681351, ""name"": ""Logan O'Hoppe"", ""bats"": ""R"", ""obp"": 0.30319148936170215, ""slg"": 0.35294117647058826, ""iso"": 0.11764705882352944, ""ab"": 170}, {""id"": 685133, ""name"": ""Wade Meckler"", ""bats"": ""L"", ""obp"": 0.3541666666666667, ""slg"": 0.4186046511627907, ""iso"": 0.13953488372093026, ""ab"": 86}]","[{""id"": 621493, ""name"": ""Taylor Ward"", ""bats"": ""R"", ""obp"": 0.38858695652173914, ""slg"": 0.3612040133779264, ""iso"": 0.10702341137123744, ""ab"": 299}, {""id"": 683002, ""name"": ""Gunnar Henderson"", ""bats"": ""L"", ""obp"": 0.3005464480874317, ""slg"": 0.42900302114803623, ""iso"": 0.19939577039274922, ""ab"": 331}, {""id"": 665750, ""name"": ""Leody Taveras"", ""bats"": ""S"", ""obp"": 0.3333333333333333, ""slg"": 0.3813953488372093, ""iso"": 0.12093023255813956, ""ab"": 215}]","[{""name"": ""away_top3c_slg"", ""value"": 0.3929, ""contribution"": 0.2399}, {""name"": ""away_top3c_iso"", ""value"": 0.1467, ""contribution"": -0.2236}, {""name"": ""fi_park_nrfi_rate"", ""value"": 0.4526, ""contribution"": 0.1563}, {""name"": ""era_gap_t1"", ""value"": -1.4148, ""contribution"": -0.1526}, {""name"": ""home_p_last10_pitcher_nrfi"", ""value"": 0.5, ""contribution"": -0.0846}]","[{""name"": ""fi_park_nrfi_rate"", ""value"": 0.4526, ""contribution"": 0.2403}, {""name"": ""home_top3c_slg"", ""value"": 0.4135, ""contribution"": 0.167}, {""name"": ""home_top3c_iso"", ""value"": 0.1459, ""contribution"": -0.1561}, {""name"": ""away_p_last10_pitcher_nrfi"", ""value"": 0.4, ""contribution"": 0.1041}, {""name"": ""era_gap_b1"", ""value"": 1.4148, ""contribution"": 0.0959}]",428442,0.5176,3.855,4.2,71.0,50.0,0.7136,0.7136,5.13,4.87,0.732,0.7727,R,R,YRFI,WIN,0,2,2,2026-06-24T20:22:48+00:00,-125,-105,DraftKings,2026-06-24T19:12:09+00:00,0.5556,0.5122,-0.1492,0.0814,0.0814,Y,1,0.952,-125,-105,2026-06-24T18:59:30+00:00,0,0.4492,PASS,NO EDGE,,,,,,,
2026-06-24,2026,822965,1,N,KC,TB,6:40 PM ET,Noah Cameron,Griffin Jax,702070,643377,live,live,live,live,0.93,0.4668,0.4352,0.9021,0.3943,0.4356,0.8298,0.421,0.579,0.2283,0.7717,,,PASS,LOW LAMBDA,PASS - Low lambda,4,2026-06-24T22:36:14Z,3.779,3.909,1.211,1.294,3.753,4.143,2.46,3.12,1.03,1.39,8.06,9.76,0.319,0.331,0.399,0.386,4.342,4.401,,,,1.0,0.8,0.8,0.8,0.7,0.3744,0.3367,0.4893,0.4615,0.1931,0.2003,lineup,lineup,"[{""id"": 650490, ""name"": ""Yandy D\u00edaz"", ""bats"": ""R"", ""obp"": 0.40809968847352024, ""slg"": 0.5071942446043165, ""iso"": 0.1834532374100719, ""ab"": 278}, {""id"": 676356, ""name"": ""Jonny DeLuca"", ""bats"": ""R"", ""obp"": 0.302158273381295, ""slg"": 0.45112781954887216, ""iso"": 0.18045112781954886, ""ab"": 133}, {""id"": 691406, ""name"": ""Junior Caminero"", ""bats"": ""R"", ""obp"": 0.37237237237237236, ""slg"": 0.4895833333333333, ""iso"": 0.20833333333333331, ""ab"": 288}]","[{""id"": 695600, ""name"": ""Carter Jensen"", ""bats"": ""L"", ""obp"": 0.3129496402877698, ""slg"": 0.43089430894308944, ""iso"": 0.1869918699186992, ""ab"": 246}, {""id"": 679845, ""name"": ""Nick Loftin"", ""bats"": ""R"", ""obp"": 0.3581081081081081, ""slg"": 0.448, ""iso"": 0.184, ""ab"": 125}, {""id"": 695506, ""name"": ""Jac Caglianone"", ""bats"": ""L"", ""obp"": 0.3487544483985765, ""slg"": 0.4980237154150198, ""iso"": 0.22134387351778656, ""ab"": 253}]","[{""name"": ""fi_park_nrfi_rate"", ""value"": 0.4376, ""contribution"": 0.2081}, {""name"": ""away_top3c_iso"", ""value"": 0.2003, ""contribution"": 0.1538}, {""name"": ""away_top3c_slg"", ""value"": 0.4615, ""contribution"": -0.1077}, {""name"": ""home_xera"", ""value"": 3.2026, ""contribution"": -0.0935}, {""name"": ""home_whiff_pct_rank"", ""value"": 100.0, ""contribution"": -0.0351}]","[{""name"": ""fi_park_nrfi_rate"", ""value"": 0.4376, ""contribution"": 0.3199}, {""name"": ""home_top3c_slg"", ""value"": 0.4893, ""contribution"": -0.3036}, {""name"": ""home_obp"", ""value"": 0.331, ""contribution"": 0.1207}, {""name"": ""home_top3c_obp"", ""value"": 0.3744, ""contribution"": 0.1197}, {""name"": ""away_whiff_pct_rank"", ""value"": 76.0, ""contribution"": -0.1127}]",483912,0.5511,3.203,4.444,100.0,76.0,0.7136,0.7136,4.2,5.47,0.789,0.838,L,R,NRFI,PASS,0,0,0,2026-06-24T22:52:29+00:00,-135,+105,DraftKings,2026-06-24T22:56:27+00:00,0.5745,0.4878,-0.1535,0.0912,0.0814,N,1,,-135,+105,2026-06-24T22:39:53+00:00,0,0.4658,PASS,NO EDGE,,,,,,,
2026-06-24,2026,822719,1,N,PHI,WSH,6:45 PM ET,Aaron Nola,Carson Palmquist,605400,687223,live,ltd,live,live,0.97,0.5964,0.6057,1.2022,0.3043,0.4873,0.7916,0.4384,0.5616,0.3382,0.6618,,,PASS,LOW LAMBDA,PASS - Low lambda,4,2026-06-24T22:36:14Z,5.676,5.517,1.428,1.482,4.666,5.161,2.9,3.97,1.73,1.62,9.2,8.29,0.303,0.32,0.401,0.421,4.378,5.226,27.5,5.8,36.0,0.0,0.4,0.8,0.4286,0.8,0.338,0.3309,0.4775,0.4453,0.2206,0.1779,lineup,lineup,"[{""id"": 695578, ""name"": ""James Wood"", ""bats"": ""L"", ""obp"": 0.3951612903225806, ""slg"": 0.5278688524590164, ""iso"": 0.25901639344262295, ""ab"": 305}, {""id"": 671277, ""name"": ""Luis Garc\u00eda Jr."", ""bats"": ""L"", ""obp"": 0.2874015748031496, ""slg"": 0.48360655737704916, ""iso"": 0.22131147540983603, ""ab"": 244}, {""id"": 677588, ""name"": ""Jos\u00e9 Tena"", ""bats"": ""L"", ""obp"": 0.28289473684210525, ""slg"": 0.35714285714285715, ""iso"": 0.13571428571428573, ""ab"": 140}]","[{""id"": 607208, ""name"": ""Trea Turner"", ""bats"": ""R"", ""obp"": 0.2781065088757396, ""slg"": 0.33121019108280253, ""iso"": 0.10509554140127386, ""ab"": 314}, {""id"": 669016, ""name"": ""Brandon Marsh"", ""bats"": ""L"", ""obp"": 0.3472222222222222, ""slg"": 0.5037037037037037, ""iso"": 0.18888888888888883, ""ab"": 270}, {""id"": 547180, ""name"": ""Bryce Harper"", ""bats"": ""L"", ""obp"": 0.3708206686930091, ""slg"": 0.5181159420289855, ""iso"": 0.24999999999999994, ""ab"": 276}]","[{""name"": ""home_fip"", ""value"": 5.1612, ""contribution"": 0.1328}, {""name"": ""away_top3_ops_vs_oppHand"", ""value"": 0.6457, ""contribution"": -0.1239}, {""name"": ""home_p_last10_pitcher_nrfi"", ""value"": 0.4286, ""contribution"": -0.1125}, {""name"": ""fi_park_nrfi_rate"", ""value"": 0.4761, ""contribution"": 0.0751}, {""name"": ""wx_temp_c"", ""value"": 27.5, ""contribution"": 0.0374}]","[{""name"": ""home_top3c_slg"", ""value"": 0.4775, ""contribution"": -0.2305}, {""name"": ""home_top3c_iso"", ""value"": 0.2206, ""contribution"": 0.1964}, {""name"": ""home_plate_ump_nrfi_rate"", ""value"": 0.6254, ""contribution"": 0.1272}, {""name"": ""fi_park_nrfi_rate"", ""value"": 0.4761, ""contribution"": 0.1154}, {""name"": ""away_fip"", ""value"": 4.6662, ""contribution"": 0.0725}]",644760,0.6254,4.2,4.083,50.0,59.0,0.6796,0.7897,4.47,5.0,0.6457,0.794,R,L,YRFI,PASS,0,1,1,2026-06-24T23:04:00+00:00,-105,-125,DraftKings,2026-06-24T22:56:27+00:00,0.5122,0.5556,-0.0738,0.006,0.058,N,1,,-105,-125,2026-06-24T22:39:53+00:00,0,0.4544,PASS,NO EDGE,,,,,,,
2026-06-24,2026,823850,1,N,TEX,MIA,12:10 PM ET,Jacob deGrom,Eury Pérez,594798,691587,live,live,live,live,0.95,0.4811,0.4512,0.9322,0.3532,0.3512,0.7045,0.479,0.521,0.2393,0.7607,,,PASS,NO EDGE,PASS - No edge,4,2026-06-24T15:41:23Z,3.387,4.457,0.994,1.195,3.814,4.255,1.96,3.64,1.55,1.42,10.38,10.13,0.319,0.322,0.392,0.393,4.09,4.342,,,,1.0,0.4,0.8,0.6,0.5,0.3573,0.3435,0.4418,0.4455,0.1498,0.1729,lineup,lineup,"[{""id"": 669364, ""name"": ""Xavier Edwards"", ""bats"": ""S"", ""obp"": 0.37537537537537535, ""slg"": 0.42758620689655175, ""iso"": 0.1344827586206897, ""ab"": 290}, {""id"": 672640, ""name"": ""Otto Lopez"", ""bats"": ""R"", ""obp"": 0.36904761904761907, ""slg"": 0.47115384615384615, ""iso"": 0.13461538461538458, ""ab"": 312}, {""id"": 669065, ""name"": ""Kyle Stowers"", ""bats"": ""L"", ""obp"": 0.3148936170212766, ""slg"": 0.4174757281553398, ""iso"": 0.19417475728155337, ""ab"": 206}]","[{""id"": 592626, ""name"": ""Joc Pederson"", ""bats"": ""L"", ""obp"": 0.34156378600823045, ""slg"": 0.4396135265700483, ""iso"": 0.19806763285024157, ""ab"": 207}, {""id"": 694671, ""name"": ""Wyatt Langford"", ""bats"": ""R"", ""obp"": 0.31446540880503143, ""slg"": 0.4594594594594595, ""iso"": 0.195945945945946, ""ab"": 148}, {""id"": 673962, ""name"": ""Josh Jung"", ""bats"": ""R"", ""obp"": 0.35962145110410093, ""slg"": 0.4425087108013937, ""iso"": 0.14285714285714285, ""ab"": 287}]","[{""name"": ""fi_park_nrfi_rate"", ""value"": 0.455, ""contribution"": 0.1479}, {""name"": ""era_gap_t1"", ""value"": 1.0695, ""contribution"": 0.1164}, {""name"": ""home_xera"", ""value"": 3.5113, ""contribution"": -0.0619}, {""name"": ""home_p_last10_pitcher_nrfi"", ""value"": 0.6, ""contribution"": -0.0455}, {""name"": ""away_top3c_iso"", ""value"": 0.1729, ""contribution"": -0.0394}]","[{""name"": ""fi_park_nrfi_rate"", ""value"": 0.455, ""contribution"": 0.2273}, {""name"": ""away_whiff_pct_rank"", ""value"": 82.0, ""contribution"": -0.1386}, {""name"": ""home_top3c_iso"", ""value"": 0.1498, ""contribution"": -0.1381}, {""name"": ""wx_is_dome"", ""value"": 1.0, ""contribution"": -0.0758}, {""name"": ""era_gap_b1"", ""value"": -1.0695, ""contribution"": -0.0732}]",676581,0.5084,3.511,3.231,68.0,82.0,0.7272,0.7136,5.27,5.8,0.788,0.7673,R,R,NRFI,PASS,0,0,0,2026-06-24T16:26:08+00:00,-165,+125,DraftKings,2026-06-24T16:17:36+00:00,0.6226,0.4444,-0.1436,0.0766,,N,,,-165,+125,2026-06-24T16:06:28+00:00,,0.6387,NRFI,STRONG,,,,,,,
2026-06-24,2026,823691,1,N,LAD,MIN,7:40 PM ET,Shohei Ohtani,Joe Ryan,660271,657746,live,live,live,live,0.97,0.3915,0.3682,0.7597,0.3097,0.257,0.5668,0.5552,0.4448,0.1768,0.8232,,,NRFI,LEAN,LEAN NRFI,4,2026-06-24T22:36:14Z,2.244,3.125,0.984,1.013,2.811,3.039,2.62,1.92,0.58,1.0,9.73,10.22,0.34,0.321,0.433,0.41,5.121,4.786,23.3,20.2,51.0,0.0,0.6,1.0,0.7,1.0,0.3371,0.3672,0.5055,0.504,0.2396,0.2244,lineup,lineup,"[{""id"": 807712, ""name"": ""Luke Keaschall"", ""bats"": ""R"", ""obp"": 0.33222591362126247, ""slg"": 0.32575757575757575, ""iso"": 0.07575757575757575, ""ab"": 264}, {""id"": 621439, ""name"": ""Byron Buxton"", ""bats"": ""R"", ""obp"": 0.33225806451612905, ""slg"": 0.5950704225352113, ""iso"": 0.32042253521126757, ""ab"": 284}, {""id"": 665019, ""name"": ""Kody Clemens"", ""bats"": ""L"", ""obp"": 0.3076923076923077, ""slg"": 0.46638655462184875, ""iso"": 0.22268907563025211, ""ab"": 238}]","[{""id"": 660271, ""name"": ""Shohei Ohtani"", ""bats"": ""L"", ""obp"": 0.4144144144144144, ""slg"": 0.5518518518518518, ""iso"": 0.25925925925925924, ""ab"": 270}, {""id"": 681624, ""name"": ""Andy Pages"", ""bats"": ""R"", ""obp"": 0.31952662721893493, ""slg"": 0.4805194805194805, ""iso"": 0.21103896103896103, ""ab"": 308}, {""id"": 518692, ""name"": ""Freddie Freeman"", ""bats"": ""L"", ""obp"": 0.36795252225519287, ""slg"": 0.4845360824742268, ""iso"": 0.20618556701030927, ""ab"": 291}]","[{""name"": ""away_top3c_iso"", ""value"": 0.2244, ""contribution"": 0.3233}, {""name"": ""away_top3c_slg"", ""value"": 0.504, ""contribution"": -0.3229}, {""name"": ""away_top3_ops_vs_oppHand"", ""value"": 0.919, ""contribution"": 0.1547}, {""name"": ""fi_park_nrfi_rate"", ""value"": 0.5348, ""contribution"": -0.1278}, {""name"": ""home_fip"", ""value"": 3.0386, ""contribution"": -0.1055}]","[{""name"": ""home_top3c_slg"", ""value"": 0.5055, ""contribution"": -0.4047}, {""name"": ""home_top3c_iso"", ""value"": 0.2396, ""contribution"": 0.2861}, {""name"": ""fi_park_nrfi_rate"", ""value"": 0.5348, ""contribution"": -0.1964}, {""name"": ""away_whiff_pct_rank"", ""value"": 85.0, ""contribution"": -0.1515}, {""name"": ""home_top3_ops_vs_oppHand"", ""value"": 0.8807, ""contribution"": 0.1403}]",596809,0.5038,3.262,1.714,62.0,85.0,0.6796,0.6942,6.13,5.93,0.919,0.8807,R,R,NRFI,WIN,0,0,0,2026-06-24T23:54:14+00:00,-120,-105,DraftKings,2026-06-25T00:01:58+00:00,0.5455,0.5122,0.0097,-0.0674,0.0097,N,0.5,0,-120,-105,2026-06-24T22:39:53+00:00,0,0.6290,NRFI,STRONG,,,,,,,
2026-06-24,2026,824500,1,N,MIL,CIN,7:10 PM ET,Shane Drohan,Rhett Lowder,675660,695076,ltd,ltd,live,live,1.09,0.6571,0.4923,1.1495,0.3945,0.3542,0.7487,0.4772,0.5228,0.319,0.681,,,PASS,NO EDGE,PASS - No edge,4,2026-06-24T23:03:14Z,3.753,4.538,1.211,1.367,3.661,4.344,2.79,4.01,0.97,1.01,8.86,7.9,0.334,0.308,0.391,0.391,5.092,4.231,26.6,7.8,35.0,0.0,0.6,0.8,0.5,0.8,0.3446,0.3562,0.4433,0.4618,0.1702,0.1888,lineup,lineup,"[{""id"": 695490, ""name"": ""Edwin Arroyo"", ""bats"": ""S"", ""obp"": 0.288135593220339, ""slg"": 0.2641509433962264, ""iso"": 0.037735849056603765, ""ab"": 53}, {""id"": 682829, ""name"": ""Elly De La Cruz"", ""bats"": ""S"", ""obp"": 0.3423076923076923, ""slg"": 0.502127659574468, ""iso"": 0.22553191489361696, ""ab"": 235}, {""id"": 667472, ""name"": ""Dane Myers"", ""bats"": ""R"", ""obp"": 0.36585365853658536, ""slg"": 0.4, ""iso"": 0.13333333333333336, ""ab"": 105}]","[{""id"": 592885, ""name"": ""Christian Yelich"", ""bats"": ""L"", ""obp"": 0.3383084577114428, ""slg"": 0.40782122905027934, ""iso"": 0.1452513966480447, ""ab"": 179}, {""id"": 694192, ""name"": ""Jackson Chourio"", ""bats"": ""R"", ""obp"": 0.345, ""slg"": 0.5217391304347826, ""iso"": 0.22826086956521735, ""ab"": 184}, {""id"": 668930, ""name"": ""Brice Turang"", ""bats"": ""L"", ""obp"": 0.3738601823708207, ""slg"": 0.4568345323741007, ""iso"": 0.19064748201438847, ""ab"": 278}]","[{""name"": ""away_top3c_slg"", ""value"": 0.4618, ""contribution"": -0.1089}, {""name"": ""era_gap_t1"", ""value"": 0.7845, ""contribution"": 0.0856}, {""name"": ""home_p_last10_pitcher_nrfi"", ""value"": 0.5, ""contribution"": -0.0846}, {""name"": ""away_top3_ops_vs_oppHand"", ""value"": 0.8433, ""contribution"": 0.0776}, {""name"": ""away_top3c_iso"", ""value"": 0.1888, ""contribution"": 0.0724}]","[{""name"": ""era_gap_b1"", ""value"": -0.7845, ""contribution"": -0.0538}, {""name"": ""fi_park_nrfi_rate"", ""value"": 0.4892, ""contribution"": 0.0458}, {""name"": ""home_top3_ops_vs_oppHand"", ""value"": 0.8017, ""contribution"": 0.0457}, {""name"": ""wx_temp_c"", ""value"": 26.6, ""contribution"": 0.0446}, {""name"": ""home_top3c_iso"", ""value"": 0.1702, ""contribution"": -0.0417}]",503077,0.5258,4.513,4.66,50.0,50.0,0.7136,0.7136,3.67,4.6,0.8433,0.8017,L,R,NRFI,PASS,0,0,0,2026-06-24T23:27:29+00:00,+105,-135,DraftKings,2026-06-24T23:27:47+00:00,0.4878,0.5745,-0.0106,-0.0517,,N,,,+105,-135,2026-06-24T23:06:34+00:00,,0.4518,PASS,NO EDGE,,,,,,,
2026-06-24,2026,822798,1,N,HOU,TOR,7:07 PM ET,Mike Burrows,Trey Yesavage,681347,702056,live,ltd,live,live,1.01,0.4987,0.6254,1.1241,0.2719,0.3788,0.6507,0.5454,0.4546,0.3098,0.6902,,,NRFI,LEAN,LEAN NRFI,4,2026-06-24T21:33:00Z,5.184,3.933,1.467,1.202,5.096,3.984,3.24,3.6,1.77,0.98,8.02,8.71,0.318,0.314,0.413,0.396,4.526,4.197,,,,1.0,0.6,0.8,0.7,0.8,0.343,0.3767,0.3811,0.5171,0.115,0.2288,lineup,lineup,"[{""id"": 543807, ""name"": ""George Springer"", ""bats"": ""R"", ""obp"": 0.3187250996015936, ""slg"": 0.38636363636363635, ""iso"": 0.1590909090909091, ""ab"": 220}, {""id"": 664702, ""name"": ""Myles Straw"", ""bats"": ""R"", ""obp"": 0.3115942028985507, ""slg"": 0.3333333333333333, ""iso"": 0.08943089430894308, ""ab"": 123}, {""id"": 665489, ""name"": ""Vladimir Guerrero Jr."", ""bats"": ""R"", ""obp"": 0.36163522012578614, ""slg"": 0.36727272727272725, ""iso"": 0.08727272727272722, ""ab"": 275}]","[{""id"": 514888, ""name"": ""Jose Altuve"", ""bats"": ""R"", ""obp"": 0.3157894736842105, ""slg"": 0.40540540540540543, ""iso"": 0.16216216216216217, ""ab"": 222}, {""id"": 670541, ""name"": ""Yordan Alvarez"", ""bats"": ""L"", ""obp"": 0.4355300859598854, ""slg"": 0.6401384083044983, ""iso"": 0.31487889273356406, ""ab"": 289}, {""id"": 665161, ""name"": ""Jeremy Pe\u00f1a"", ""bats"": ""R"", ""obp"": 0.3463687150837989, ""slg"": 0.4506172839506173, ""iso"": 0.16666666666666669, ""ab"": 162}]","[{""name"": ""away_top3c_slg"", ""value"": 0.5171, ""contribution"": -0.3891}, {""name"": ""away_top3c_iso"", ""value"": 0.2288, ""contribution"": 0.3545}, {""name"": ""era_gap_t1"", ""value"": -1.2515, ""contribution"": -0.1349}, {""name"": ""home_xera"", ""value"": 2.9395, ""contribution"": -0.1205}, {""name"": ""away_top3_ops_vs_oppHand"", ""value"": 0.879, ""contribution"": 0.1139}]","[{""name"": ""home_top3c_slg"", ""value"": 0.3811, ""contribution"": 0.3683}, {""name"": ""home_top3c_iso"", ""value"": 0.115, ""contribution"": -0.3024}, {""name"": ""away_fip"", ""value"": 5.0955, ""contribution"": 0.1184}, {""name"": ""era_gap_b1"", ""value"": 1.2515, ""contribution"": 0.0848}, {""name"": ""wx_is_dome"", ""value"": 1.0, ""contribution"": -0.0758}]",489985,0.4845,2.939,4.153,50.0,61.0,0.7136,0.7136,5.93,5.6,0.879,0.7217,R,R,YRFI,LOSS,1,1,2,2026-06-24T23:25:15+00:00,-110,-120,DraftKings,2026-06-24T23:27:47+00:00,0.5238,0.5455,0.0216,-0.0909,0.0216,N,0.5,0,-110,-120,2026-06-24T21:58:23+00:00,0,0.6473,NRFI,STRONG,,,,,,,
2026-06-24,2026,823367,1,N,SEA,PIT,6:40 PM ET,Bryan Woo,Braxton Ashcraft,693433,677952,live,live,live,live,0.96,0.3556,0.3907,0.7462,0.2807,0.401,0.6817,0.4836,0.5164,0.172,0.828,,,PASS,NO EDGE,PASS - No edge,4,2026-06-24T22:36:14Z,3.63,3.225,0.978,1.147,3.228,3.089,1.66,2.45,1.02,0.78,9.11,9.48,0.313,0.331,0.391,0.408,4.174,4.899,25.3,7.8,35.0,0.0,0.8,1.0,0.9,0.8,0.3711,0.3087,0.4846,0.3857,0.2133,0.1683,lineup,lineup,"[{""id"": 699013, ""name"": ""Esmerlyn Valdez"", ""bats"": ""R"", ""obp"": 0.1724137931034483, ""slg"": 0.37037037037037035, ""iso"": 0.25925925925925924, ""ab"": 27}, {""id"": 664040, ""name"": ""Brandon Lowe"", ""bats"": ""L"", ""obp"": 0.32608695652173914, ""slg"": 0.5105633802816901, ""iso"": 0.2640845070422535, ""ab"": 284}, {""id"": 695257, ""name"": ""Billy Cook"", ""bats"": ""R"", ""obp"": 0.16, ""slg"": 0.16, ""iso"": 0.0, ""ab"": 25}]","[{""id"": 641487, ""name"": ""J.P. Crawford"", ""bats"": ""L"", ""obp"": 0.35135135135135137, ""slg"": 0.386046511627907, ""iso"": 0.16279069767441862, ""ab"": 215}, {""id"": 663728, ""name"": ""Cal Raleigh"", ""bats"": ""S"", ""obp"": 0.2583732057416268, ""slg"": 0.31693989071038253, ""iso"": 0.15300546448087435, ""ab"": 183}, {""id"": 677594, ""name"": ""Julio Rodr\u00edguez"", ""bats"": ""R"", ""obp"": 0.3072463768115942, ""slg"": 0.4253968253968254, ""iso"": 0.18095238095238095, ""ab"": 315}]","[{""name"": ""away_top3c_slg"", ""value"": 0.3857, ""contribution"": 0.2764}, {""name"": ""home_xera"", ""value"": 2.9598, ""contribution"": -0.1184}, {""name"": ""home_fip"", ""value"": 3.0886, ""contribution"": -0.0999}, {""name"": ""away_top3_ops_vs_oppHand"", ""value"": 0.6953, ""contribution"": -0.0733}, {""name"": ""fi_park_nrfi_rate"", ""value"": 0.5188, ""contribution"": -0.0724}]","[{""name"": ""home_top3c_slg"", ""value"": 0.4846, ""contribution"": -0.2745}, {""name"": ""home_top3c_iso"", ""value"": 0.2133, ""contribution"": 0.1619}, {""name"": ""home_top3_ops_vs_oppHand"", ""value"": 0.88, ""contribution"": 0.1395}, {""name"": ""home_obp"", ""value"": 0.3311, ""contribution"": 0.1213}, {""name"": ""fi_park_nrfi_rate"", ""value"": 0.5188, ""contribution"": -0.1113}]",483569,0.5176,2.96,2.986,76.0,50.0,0.7136,0.7136,5.67,6.0,0.6953,0.88,R,R,YRFI,PASS,1,0,1,2026-06-24T23:00:37+00:00,-155,+115,DraftKings,2026-06-24T22:56:27+00:00,0.6078,0.4651,-0.1242,0.0513,,N,,,-155,+115,2026-06-24T22:39:53+00:00,,0.6370,NRFI,STRONG,,,,,,,
2026-06-24,2026,823284,1,N,ATL,SD,8:40 PM ET,Martín Pérez,JP Sears,527048,676664,live,ltd,live,live,0.95,0.55,0.4187,0.9688,0.3306,0.3346,0.6652,0.5343,0.4657,0.2528,0.7472,,,NRFI,LEAN,LEAN NRFI,4,2026-06-24T23:37:11Z,3.186,4.825,1.114,1.304,3.913,4.929,3.11,2.53,0.91,1.8,7.62,8.03,0.316,0.297,0.416,0.371,4.844,3.995,22.0,12.9,75.0,0.0,0.4,1.0,0.7,0.8,0.3182,0.3307,0.3813,0.4605,0.1329,0.1758,lineup,lineup,"[{""id"": 665487, ""name"": ""Fernando Tatis Jr."", ""bats"": ""R"", ""obp"": 0.3483483483483483, ""slg"": 0.37037037037037035, ""iso"": 0.08417508417508418, ""ab"": 297}, {""id"": 669392, ""name"": ""Samad Taylor"", ""bats"": ""R"", ""obp"": 0.43333333333333335, ""slg"": 0.4444444444444444, ""iso"": 0.07407407407407407, ""ab"": 54}, {""id"": 592518, ""name"": ""Manny Machado"", ""bats"": ""R"", ""obp"": 0.2641509433962264, ""slg"": 0.3807829181494662, ""iso"": 0.19572953736654805, ""ab"": 281}]","[{""id"": 643289, ""name"": ""Mauricio Dub\u00f3n"", ""bats"": ""R"", ""obp"": 0.3164983164983165, ""slg"": 0.4166666666666667, ""iso"": 0.15217391304347827, ""ab"": 276}, {""id"": 671739, ""name"": ""Michael Harris II"", ""bats"": ""L"", ""obp"": 0.3418181818181818, ""slg"": 0.5210727969348659, ""iso"": 0.21072796934865895, ""ab"": 261}, {""id"": 645277, ""name"": ""Ozzie Albies"", ""bats"": ""S"", ""obp"": 0.33432835820895523, ""slg"": 0.44816053511705684, ""iso"": 0.16722408026755853, ""ab"": 299}]","[{""name"": ""era_gap_t1"", ""value"": 1.6389, ""contribution"": 0.1781}, {""name"": ""fi_park_nrfi_rate"", ""value"": 0.5409, ""contribution"": -0.149}, {""name"": ""home_fip"", ""value"": 4.9295, ""contribution"": 0.1067}, {""name"": ""away_top3c_slg"", ""value"": 0.4605, ""contribution"": -0.1026}, {""name"": ""away_top3_ops_vs_oppHand"", ""value"": 0.7927, ""contribution"": 0.0259}]","[{""name"": ""home_top3c_slg"", ""value"": 0.3813, ""contribution"": 0.3669}, {""name"": ""fi_park_nrfi_rate"", ""value"": 0.5409, ""contribution"": -0.229}, {""name"": ""home_top3c_iso"", ""value"": 0.1329, ""contribution"": -0.2176}, {""name"": ""away_whiff_pct_rank"", ""value"": 6.0, ""contribution"": 0.1894}, {""name"": ""home_obp"", ""value"": 0.2967, ""contribution"": -0.1196}]",483564,0.5037,4.2,5.497,50.0,6.0,0.6796,0.7272,4.93,5.4,0.7927,0.855,L,L,NRFI,WIN,0,0,0,2026-06-25T00:52:15+00:00,-130,+100,DraftKings,2026-06-25T00:56:57+00:00,0.5652,0.5,-0.0309,-0.0343,-0.0309,N,0.5,0,-125,-105,2026-06-24T23:33:04+00:00,0.0097,0.5568,PASS,NO EDGE,,,,,,,
2026-06-24,2026,823208,1,N,OAK,SF,9:45 PM ET,Gage Jump,Tyler Mahle,695611,641816,ltd,live,live,live,0.94,0.5545,0.3978,0.9523,0.4018,0.3158,0.7176,0.4774,0.5226,0.2467,0.7533,,,PASS,NO EDGE,PASS - No edge,4,2026-06-25T01:37:44Z,3.397,4.668,1.144,1.385,3.41,4.459,2.83,3.49,0.69,1.33,8.33,8.42,0.326,0.311,0.415,0.417,4.601,4.167,18.5,21.6,76.0,0.0,0.6,0.8,0.6,0.8,0.339,0.386,0.4653,0.5094,0.1908,0.228,lineup,lineup,"[{""id"": 656305, ""name"": ""Matt Chapman"", ""bats"": ""R"", ""obp"": 0.3292307692307692, ""slg"": 0.38380281690140844, ""iso"": 0.1408450704225352, ""ab"": 284}, {""id"": 805811, ""name"": ""Bryce Eldridge"", ""bats"": ""L"", ""obp"": 0.38513513513513514, ""slg"": 0.5039370078740157, ""iso"": 0.2125984251968504, ""ab"": 127}, {""id"": 669477, ""name"": ""Casey Schmitt"", ""bats"": ""R"", ""obp"": 0.3265993265993266, ""slg"": 0.5302491103202847, ""iso"": 0.23131672597864766, ""ab"": 281}]","[{""id"": 703607, ""name"": ""Henry Bolte"", ""bats"": ""R"", ""obp"": 0.3880597014925373, ""slg"": 0.4, ""iso"": 0.09565217391304348, ""ab"": 115}, {""id"": 701762, ""name"": ""Nick Kurtz"", ""bats"": ""L"", ""obp"": 0.4341736694677871, ""slg"": 0.5477031802120141, ""iso"": 0.26148409893992935, ""ab"": 283}, {""id"": 669127, ""name"": ""Shea Langeliers"", ""bats"": ""R"", ""obp"": 0.3323076923076923, ""slg"": 0.5152542372881356, ""iso"": 0.24745762711864405, ""ab"": 295}]","[{""name"": ""away_top3c_slg"", ""value"": 0.5094, ""contribution"": -0.35}, {""name"": ""away_top3c_iso"", ""value"": 0.228, ""contribution"": 0.3487}, {""name"": ""era_gap_t1"", ""value"": 1.271, ""contribution"": 0.1382}, {""name"": ""away_top3_ops_vs_oppHand"", ""value"": 0.8383, ""contribution"": 0.0725}, {""name"": ""home_fip"", ""value"": 4.4593, ""contribution"": 0.054}]","[{""name"": ""home_top3c_slg"", ""value"": 0.4653, ""contribution"": -0.1548}, {""name"": ""home_top3_ops_vs_oppHand"", ""value"": 0.872, ""contribution"": 0.1299}, {""name"": ""wx_wind_kmh"", ""value"": 21.6, ""contribution"": 0.1064}, {""name"": ""era_gap_b1"", ""value"": -1.271, ""contribution"": -0.0869}, {""name"": ""away_fip"", ""value"": 3.4097, ""contribution"": -0.0618}]",594151,0.4534,4.327,4.2,38.0,50.0,0.6796,0.7136,5.2,6.07,0.8383,0.872,L,R,NRFI,PASS,0,0,0,2026-06-25T02:01:19+00:00,-125,-105,DraftKings,2026-06-25T01:57:20+00:00,0.5556,0.5122,-0.0782,0.0104,,N,,,-125,-105,2026-06-25T01:41:18+00:00,,0.4649,PASS,NO EDGE,,,,,,,
2026-06-24,2026,823611,2,S,CHC,NYM,7:10 PM ET,Shota Imanaga,Sean Manaea,684007,640455,live,live,live,live,0.96,0.4849,0.4793,0.9642,0.404,0.349,0.753,0.4772,0.5228,0.2511,0.7489,,,PASS,NO EDGE,PASS - No edge,4,2026-06-24T23:03:14Z,4.092,4.754,1.038,1.297,4.716,3.836,2.08,2.72,1.83,1.24,8.31,9.6,0.334,0.301,0.406,0.378,4.814,4.122,27.5,10.0,33.0,0.0,0.6,0.8,0.6,0.8,0.3079,0.3551,0.3845,0.4806,0.1345,0.2062,lineup,lineup,"[{""id"": 701807, ""name"": ""Carson Benge"", ""bats"": ""L"", ""obp"": 0.31893687707641194, ""slg"": 0.40217391304347827, ""iso"": 0.1449275362318841, ""ab"": 276}, {""id"": 596019, ""name"": ""Francisco Lindor"", ""bats"": ""S"", ""obp"": 0.3142857142857143, ""slg"": 0.3548387096774194, ""iso"": 0.12903225806451615, ""ab"": 93}, {""id"": 666182, ""name"": ""Bo Bichette"", ""bats"": ""R"", ""obp"": 0.2961876832844575, ""slg"": 0.37777777777777777, ""iso"": 0.12698412698412698, ""ab"": 315}]","[{""id"": 691718, ""name"": ""Pete Crow-Armstrong"", ""bats"": ""L"", ""obp"": 0.3663663663663664, ""slg"": 0.5290102389078498, ""iso"": 0.24232081911262798, ""ab"": 293}, {""id"": 807713, ""name"": ""Matt Shaw"", ""bats"": ""R"", ""obp"": 0.31343283582089554, ""slg"": 0.4344262295081967, ""iso"": 0.180327868852459, ""ab"": 122}, {""id"": 664023, ""name"": ""Ian Happ"", ""bats"": ""S"", ""obp"": 0.3353658536585366, ""slg"": 0.4626334519572954, ""iso"": 0.23487544483985767, ""ab"": 281}]","[{""name"": ""away_top3c_slg"", ""value"": 0.4806, ""contribution"": -0.2044}, {""name"": ""away_top3c_iso"", ""value"": 0.2062, ""contribution"": 0.1952}, {""name"": ""away_top3_ops_vs_oppHand"", ""value"": 0.8727, ""contribution"": 0.1074}, {""name"": ""era_gap_t1"", ""value"": 0.6617, ""contribution"": 0.0723}, {""name"": ""home_xera"", ""value"": 4.68, ""contribution"": 0.0579}]","[{""name"": ""home_top3c_slg"", ""value"": 0.3845, ""contribution"": 0.3472}, {""name"": ""home_top3c_iso"", ""value"": 0.1345, ""contribution"": -0.2101}, {""name"": ""home_top3c_obp"", ""value"": 0.3079, ""contribution"": -0.1136}, {""name"": ""home_obp"", ""value"": 0.3009, ""contribution"": -0.0904}, {""name"": ""away_fip"", ""value"": 4.7159, ""contribution"": 0.0778}]",521889,0.4806,4.68,3.775,24.0,47.0,0.6942,0.6487,4.2,5.6,0.8727,0.7223,L,L,NRFI,PASS,0,0,0,2026-06-24T23:25:56+00:00,-125,-105,DraftKings,2026-06-24T23:27:47+00:00,0.5556,0.5122,-0.0784,0.0106,,N,,,-125,-105,2026-06-24T23:06:34+00:00,,0.4658,PASS,NO EDGE,,,,,,,
2026-06-24,2026,823041,1,N,ARI,STL,7:45 PM ET,Mitch Bratt,Matthew Liberatore,683352,669461,avg,live,live,live,0.97,0.5392,0.5163,1.0555,0.434,0.427,0.861,0.4064,0.5936,0.2846,0.7154,,,PASS,NO DATA,PASS - No data,3,2026-06-24T23:37:11Z,4.17,4.866,1.26,1.471,4.17,4.787,2.93,3.02,1.21,1.61,8.75,7.97,0.31,0.326,0.387,0.4,4.303,4.592,28.6,11.5,55.0,0.0,0.6,0.5,0.6,0.5,0.3719,0.3454,0.4573,0.4479,0.1836,0.1884,lineup,lineup,"[{""id"": 802139, ""name"": ""JJ Wetherholt"", ""bats"": ""L"", ""obp"": 0.3663663663663664, ""slg"": 0.42105263157894735, ""iso"": 0.15438596491228068, ""ab"": 285}, {""id"": 663494, ""name"": ""Bryan Torres"", ""bats"": ""L"", ""obp"": 0.3191489361702128, ""slg"": 0.42857142857142855, ""iso"": 0.19047619047619047, ""ab"": 42}, {""id"": 701675, ""name"": ""Nathan Church"", ""bats"": ""L"", ""obp"": 0.31313131313131315, ""slg"": 0.4098360655737705, ""iso"": 0.14207650273224043, ""ab"": 183}]","[{""id"": 606466, ""name"": ""Ketel Marte"", ""bats"": ""S"", ""obp"": 0.3181818181818182, ""slg"": 0.45182724252491696, ""iso"": 0.18936877076411962, ""ab"": 301}, {""id"": 672695, ""name"": ""Geraldo Perdomo"", ""bats"": ""S"", ""obp"": 0.3512658227848101, ""slg"": 0.34099616858237547, ""iso"": 0.10727969348659003, ""ab"": 261}, {""id"": 682998, ""name"": ""Corbin Carroll"", ""bats"": ""L"", ""obp"": 0.36728395061728397, ""slg"": 0.5425531914893617, ""iso"": 0.26241134751773043, ""ab"": 282}]","[{""name"": ""away_top3_ops_vs_oppHand"", ""value"": 0.8723, ""contribution"": 0.1071}, {""name"": ""fi_park_nrfi_rate"", ""value"": 0.527, ""contribution"": -0.1009}, {""name"": ""home_fip"", ""value"": 4.787, ""contribution"": 0.0907}, {""name"": ""home_xera"", ""value"": 4.9991, ""contribution"": 0.0906}, {""name"": ""era_gap_t1"", ""value"": 0.696, ""contribution"": 0.076}]","[{""name"": ""fi_park_nrfi_rate"", ""value"": 0.527, ""contribution"": -0.1552}, {""name"": ""home_top3_ops_vs_oppHand"", ""value"": 0.871, ""contribution"": 0.1287}, {""name"": ""home_top3c_obp"", ""value"": 0.3719, ""contribution"": 0.1109}, {""name"": ""home_top3c_slg"", ""value"": 0.4573, ""contribution"": -0.1049}, {""name"": ""home_obp"", ""value"": 0.326, ""contribution"": 0.0857}]",427129,0.4611,4.999,4.2,14.0,50.0,0.7272,0.7136,4.13,5.0,0.8723,0.871,L,L,NRFI,PASS,0,0,0,2026-06-25T00:07:01+00:00,+100,-130,DraftKings,2026-06-25T00:01:58+00:00,0.5,0.5652,-0.0936,0.0284,,N,,,+100,-130,2026-06-24T23:40:37+00:00,,0.4658,PASS,NO EDGE,,,,,,,
2026-06-24,2026,823613,1,S,CHC,NYM,1:10 PM ET,Javier Assad,Nolan McLean,665871,690997,ltd,live,live,live,0.96,0.4368,0.4437,0.8805,0.3204,0.427,0.7474,0.4772,0.5228,0.2204,0.7796,,,PASS,NO EDGE,PASS - No edge,4,2026-06-24T17:06:50Z,3.947,3.558,1.118,1.117,4.309,3.424,2.36,3.3,1.15,0.92,6.38,10.19,0.334,0.301,0.404,0.378,4.758,4.134,27.5,14.2,29.0,0.0,1.0,0.8,0.8,0.9,0.313,0.3641,0.3858,0.4575,0.1309,0.1982,lineup,lineup,"[{""id"": 701807, ""name"": ""Carson Benge"", ""bats"": ""L"", ""obp"": 0.31893687707641194, ""slg"": 0.40217391304347827, ""iso"": 0.1449275362318841, ""ab"": 276}, {""id"": 805999, ""name"": ""A.J. Ewing"", ""bats"": ""L"", ""obp"": 0.3402777777777778, ""slg"": 0.3700787401574803, ""iso"": 0.11023622047244097, ""ab"": 127}, {""id"": 666182, ""name"": ""Bo Bichette"", ""bats"": ""R"", ""obp"": 0.2961876832844575, ""slg"": 0.37777777777777777, ""iso"": 0.12698412698412698, ""ab"": 315}]","[{""id"": 691718, ""name"": ""Pete Crow-Armstrong"", ""bats"": ""L"", ""obp"": 0.3663663663663664, ""slg"": 0.5290102389078498, ""iso"": 0.24232081911262798, ""ab"": 293}, {""id"": 681909, ""name"": ""Justin Dean"", ""bats"": ""R"", ""obp"": 0.5, ""slg"": 1.5, ""iso"": 1.0, ""ab"": 2}, {""id"": 683737, ""name"": ""Michael Busch"", ""bats"": ""L"", ""obp"": 0.3742690058479532, ""slg"": 0.3906810035842294, ""iso"": 0.14695340501792117, ""ab"": 279}]","[{""name"": ""home_xera"", ""value"": 2.7225, ""contribution"": -0.1427}, {""name"": ""away_top3c_iso"", ""value"": 0.1982, ""contribution"": 0.1389}, {""name"": ""away_top3c_slg"", ""value"": 0.4575, ""contribution"": -0.0874}, {""name"": ""home_fip"", ""value"": 3.4241, ""contribution"": -0.0623}, {""name"": ""away_top3_ops_vs_oppHand"", ""value"": 0.8233, ""contribution"": 0.0572}]","[{""name"": ""home_top3c_slg"", ""value"": 0.3858, ""contribution"": 0.3392}, {""name"": ""home_top3c_iso"", ""value"": 0.1309, ""contribution"": -0.227}, {""name"": ""away_whiff_pct_rank"", ""value"": 3.0, ""contribution"": 0.2024}, {""name"": ""home_top3c_obp"", ""value"": 0.313, ""contribution"": -0.0956}, {""name"": ""home_obp"", ""value"": 0.3009, ""contribution"": -0.0902}]",658536,0.5084,2.723,4.762,76.0,3.0,0.7272,0.7075,5.07,5.47,0.8233,0.7113,R,R,NRFI,PASS,0,0,0,2026-06-24T17:25:42+00:00,-135,+105,DraftKings,2026-06-24T17:48:35+00:00,0.5745,0.4878,-0.0973,0.035,,N,,,-135,+105,2026-06-24T17:03:01+00:00,,0.4776,PASS,NO EDGE,,,,,,,
2026-06-25,2026,822961,1,N,KC,TB,12:10 PM ET,Seth Lugo,Casey Legumina,607625,668984,live,ltd,live,live,0.93,0.44,0.5015,0.9415,0.544,0.6472,1.1911,0.3219,0.6781,0.2427,0.7573,,,YRFI,STRONG,STRONG YRFI,4,2026-06-25T15:05:25Z,3.837,4.194,1.331,1.338,4.16,3.824,3.11,2.94,1.04,0.96,7.23,8.22,0.319,0.332,0.399,0.386,4.328,4.408,,,,1.0,1.0,0.2,1.0,0.3,0.3899,0.3343,0.4835,0.4544,0.1859,0.1965,lineup,lineup,"[{""id"": 663743, ""name"": ""Nick Fortes"", ""bats"": ""R"", ""obp"": 0.2931937172774869, ""slg"": 0.3202247191011236, ""iso"": 0.07303370786516855, ""ab"": 178}, {""id"": 666018, ""name"": ""Jonathan Aranda"", ""bats"": ""L"", ""obp"": 0.3825301204819277, ""slg"": 0.45126353790613716, ""iso"": 0.16967509025270755, ""ab"": 277}, {""id"": 691406, ""name"": ""Junior Caminero"", ""bats"": ""R"", ""obp"": 0.37388724035608306, ""slg"": 0.4862068965517241, ""iso"": 0.2068965517241379, ""ab"": 290}]","[{""id"": 695600, ""name"": ""Carter Jensen"", ""bats"": ""L"", ""obp"": 0.31448763250883394, ""slg"": 0.428, ""iso"": 0.184, ""ab"": 250}, {""id"": 679845, ""name"": ""Nick Loftin"", ""bats"": ""R"", ""obp"": 0.35294117647058826, ""slg"": 0.43410852713178294, ""iso"": 0.17829457364341084, ""ab"": 129}, {""id"": 695506, ""name"": ""Jac Caglianone"", ""bats"": ""L"", ""obp"": 0.34385964912280703, ""slg"": 0.490272373540856, ""iso"": 0.2178988326848249, ""ab"": 257}]","[{""name"": ""fi_park_nrfi_rate"", ""value"": 0.4376, ""contribution"": 0.2081}, {""name"": ""away_top3c_iso"", ""value"": 0.1965, ""contribution"": 0.1271}, {""name"": ""home_avg_ip_per_start"", ""value"": 1.3333, ""contribution"": 0.1235}, {""name"": ""home_p_last10_pitcher_nrfi"", ""value"": 1.0, ""contribution"": 0.1107}, {""name"": ""home_xera"", ""value"": 5.0, ""contribution"": 0.0906}]","[{""name"": ""fi_park_nrfi_rate"", ""value"": 0.4376, ""contribution"": 0.3199}, {""name"": ""home_top3c_slg"", ""value"": 0.4835, ""contribution"": -0.268}, {""name"": ""home_top3c_obp"", ""value"": 0.3899, ""contribution"": 0.1742}, {""name"": ""away_whiff_pct_rank"", ""value"": 12.0, ""contribution"": 0.1635}, {""name"": ""home_top3_ops_vs_oppHand"", ""value"": 0.8997, ""contribution"": 0.163}]",621660,0.499,5.0,4.793,17.0,12.0,0.7136,0.6487,1.33,5.33,0.7713,0.8997,R,R,YRFI,WIN,0,2,2,2026-06-25T16:22:03+00:00,-110,-120,DraftKings,2026-06-25T15:13:20+00:00,0.5238,0.5455,-0.2019,0.1326,0.1326,Y,1,0.833,-110,-120,2026-06-25T15:08:02+00:00,0,0.3983,YRFI,STRONG,,,,,,,
2026-06-25,2026,823042,1,N,ARI,STL,7:45 PM ET,Zac Gallen,Michael McGreevy,668678,700241,live,live,live,live,0.97,0.4448,0.6152,1.06,0.3184,0.6264,0.9448,0.4039,0.5961,0.2863,0.7137,,,YRFI,STRONG,STRONG YRFI,4,2026-06-25T22:35:25Z,5.674,3.681,1.506,1.183,4.843,4.457,2.93,2.15,1.47,1.25,6.68,5.88,0.311,0.325,0.389,0.4,4.353,4.586,29.7,8.1,56.0,0.0,1.0,0.2,0.9,0.3,0.3732,0.3442,0.4423,0.4482,0.1714,0.1886,lineup,lineup,[],[],"[{""name"": ""era_gap_t1"", ""value"": -1.9929, ""contribution"": -0.2152}, {""name"": ""fi_park_nrfi_rate"", ""value"": 0.527, ""contribution"": -0.1009}, {""name"": ""home_xera"", ""value"": 4.9135, ""contribution"": 0.0818}, {""name"": ""home_p_last10_pitcher_nrfi"", ""value"": 0.9, ""contribution"": 0.0716}, {""name"": ""away_top3c_iso"", ""value"": 0.1886, ""contribution"": 0.0711}]","[{""name"": ""fi_park_nrfi_rate"", ""value"": 0.527, ""contribution"": -0.1552}, {""name"": ""away_p_last10_pitcher_nrfi"", ""value"": 0.3, ""contribution"": 0.137}, {""name"": ""era_gap_b1"", ""value"": 1.9929, ""contribution"": 0.1352}, {""name"": ""home_top3_ops_vs_oppHand"", ""value"": 0.8713, ""contribution"": 0.1291}, {""name"": ""home_top3c_obp"", ""value"": 0.3732, ""contribution"": 0.1153}]",547380,0.5173,4.913,4.131,3.0,29.0,0.7136,0.7396,5.4,5.07,0.748,0.8713,R,R,POSTPONED,POSTPONED,,,,2026-06-27T03:54:51+00:00,-105,-125,DraftKings,2026-06-25T22:48:23+00:00,0.5122,0.5556,-0.1083,0.0405,0.0405,Y,1,,-105,-125,2026-06-25T22:43:11+00:00,0,0.4521,PASS,NO EDGE,,,,,,,
2026-06-25,2026,824747,1,N,NYY,BOS,7:10 PM ET,Cam Schlittler,Connelly Early,693645,813349,live,ltd,live,live,1.05,0.6155,0.339,0.9546,0.409,0.2384,0.6474,0.5479,0.4521,0.2475,0.7525,,,NRFI,LEAN,LEAN NRFI,4,2026-06-25T22:05:59Z,2.221,3.815,0.992,1.267,2.677,4.506,2.23,3.27,0.65,1.44,10.15,8.75,0.327,0.313,0.432,0.389,4.973,4.027,27.4,4.7,44.0,0.0,0.4,1.0,0.4,1.0,0.3346,0.3536,0.4218,0.5624,0.1494,0.2803,lineup,lineup,"[{""id"": 681987, ""name"": ""Nate Eaton"", ""bats"": ""R"", ""obp"": 0.4, ""slg"": 0.5625, ""iso"": 0.3125, ""ab"": 16}, {""id"": 678882, ""name"": ""Ceddanne Rafaela"", ""bats"": ""R"", ""obp"": 0.33447098976109213, ""slg"": 0.45054945054945056, ""iso"": 0.16483516483516486, ""ab"": 273}, {""id"": 677800, ""name"": ""Wilyer Abreu"", ""bats"": ""L"", ""obp"": 0.3394495412844037, ""slg"": 0.445578231292517, ""iso"": 0.17006802721088438, ""ab"": 294}]","[{""id"": 682987, ""name"": ""Spencer Jones"", ""bats"": ""L"", ""obp"": 0.3235294117647059, ""slg"": 0.3559322033898305, ""iso"": 0.13559322033898305, ""ab"": 59}, {""id"": 700250, ""name"": ""Ben Rice"", ""bats"": ""L"", ""obp"": 0.378125, ""slg"": 0.5942028985507246, ""iso"": 0.3079710144927536, ""ab"": 276}, {""id"": 642708, ""name"": ""Amed Rosario"", ""bats"": ""R"", ""obp"": 0.2890625, ""slg"": 0.47863247863247865, ""iso"": 0.23076923076923078, ""ab"": 117}]","[{""name"": ""away_top3c_iso"", ""value"": 0.2803, ""contribution"": 0.7174}, {""name"": ""away_top3c_slg"", ""value"": 0.5624, ""contribution"": -0.6186}, {""name"": ""away_top3_ops_vs_oppHand"", ""value"": 0.942, ""contribution"": 0.1781}, {""name"": ""era_gap_t1"", ""value"": 1.5941, ""contribution"": 0.1732}, {""name"": ""home_p_last10_pitcher_nrfi"", ""value"": 0.4, ""contribution"": -0.1236}]","[{""name"": ""away_fip"", ""value"": 2.6774, ""contribution"": -0.14}, {""name"": ""home_top3c_iso"", ""value"": 0.1494, ""contribution"": -0.1396}, {""name"": ""home_top3c_slg"", ""value"": 0.4218, ""contribution"": 0.1156}, {""name"": ""era_gap_b1"", ""value"": -1.5941, ""contribution"": -0.1089}, {""name"": ""away_p_last10_pitcher_nrfi"", ""value"": 1.0, ""contribution"": -0.0929}]",429805,0.5769,3.778,3.568,82.0,56.0,0.7272,0.7272,5.53,5.8,0.942,0.6907,R,L,YRFI,LOSS,1,0,1,2026-06-25T23:34:08+00:00,-130,+100,DraftKings,2026-06-25T23:29:43+00:00,0.5652,0.5,-0.0173,-0.0479,-0.0173,N,0.5,0,-130,+100,2026-06-25T22:08:55+00:00,0,0.5127,PASS,NO EDGE,,,,,,,
2026-06-25,2026,822797,1,N,TEX,TOR,7:07 PM ET,MacKenzie Gore,Kevin Gausman,669022,592332,live,live,live,live,1.01,0.4165,0.5136,0.9301,0.3019,0.3205,0.6224,0.5479,0.4521,0.2385,0.7615,,,NRFI,LEAN,LEAN NRFI,4,2026-06-25T22:05:59Z,4.102,3.9,1.316,1.108,3.646,3.496,3.85,2.12,0.95,1.07,10.05,8.94,0.317,0.313,0.392,0.394,4.068,4.163,,,,1.0,0.4,0.6,0.5,0.6,0.3303,0.316,0.3952,0.4333,0.128,0.2019,lineup,lineup,"[{""id"": 543807, ""name"": ""George Springer"", ""bats"": ""R"", ""obp"": 0.3137254901960784, ""slg"": 0.3794642857142857, ""iso"": 0.15624999999999997, ""ab"": 224}, {""id"": 676391, ""name"": ""Ernie Clement"", ""bats"": ""R"", ""obp"": 0.3127035830618892, ""slg"": 0.43728813559322033, ""iso"": 0.14576271186440676, ""ab"": 295}, {""id"": 665489, ""name"": ""Vladimir Guerrero Jr."", ""bats"": ""R"", ""obp"": 0.36024844720496896, ""slg"": 0.36330935251798563, ""iso"": 0.08633093525179858, ""ab"": 278}]","[{""id"": 592626, ""name"": ""Joc Pederson"", ""bats"": ""L"", ""obp"": 0.340080971659919, ""slg"": 0.45023696682464454, ""iso"": 0.20853080568720378, ""ab"": 211}, {""id"": 694671, ""name"": ""Wyatt Langford"", ""bats"": ""R"", ""obp"": 0.31901840490797545, ""slg"": 0.48026315789473684, ""iso"": 0.21052631578947367, ""ab"": 152}, {""id"": 608369, ""name"": ""Corey Seager"", ""bats"": ""L"", ""obp"": 0.28431372549019607, ""slg"": 0.3728813559322034, ""iso"": 0.1864406779661017, ""ab"": 177}]","[{""name"": ""away_top3c_iso"", ""value"": 0.2019, ""contribution"": 0.1645}, {""name"": ""home_p_last10_pitcher_nrfi"", ""value"": 0.5, ""contribution"": -0.0846}, {""name"": ""home_xera"", ""value"": 3.5212, ""contribution"": -0.0609}, {""name"": ""home_fip"", ""value"": 3.4961, ""contribution"": -0.0542}, {""name"": ""away_top3c_slg"", ""value"": 0.4333, ""contribution"": 0.0351}]","[{""name"": ""home_top3c_slg"", ""value"": 0.3952, ""contribution"": 0.2805}, {""name"": ""home_top3c_iso"", ""value"": 0.128, ""contribution"": -0.2409}, {""name"": ""away_whiff_pct_rank"", ""value"": 75.0, ""contribution"": -0.1084}, {""name"": ""wx_is_dome"", ""value"": 1.0, ""contribution"": -0.0758}, {""name"": ""home_top3_ops_vs_oppHand"", ""value"": 0.809, ""contribution"": 0.0545}]",577468,0.4946,3.521,4.532,81.0,75.0,0.6767,0.6942,5.0,5.8,0.776,0.809,L,R,YRFI,LOSS,1,0,1,2026-06-25T23:23:09+00:00,-115,-110,DraftKings,2026-06-25T22:58:48+00:00,0.5349,0.5238,0.013,-0.0717,0.013,N,0.5,0,-115,-110,2026-06-25T22:04:07+00:00,0,0.5651,NRFI,STRONG,,,,,,,
2026-06-25,2026,823612,1,N,CHC,NYM,7:10 PM ET,Matthew Boyd,Freddy Peralta,571510,642547,live,live,live,live,0.96,0.5171,0.3733,0.8904,0.3418,0.3921,0.7339,0.4772,0.5228,0.224,0.776,,,PASS,NO EDGE,PASS - No edge,4,2026-06-25T23:06:17Z,4.256,4.149,1.165,1.291,3.175,4.079,2.16,3.52,0.88,1.21,9.19,9.3,0.335,0.301,0.406,0.381,4.868,4.132,23.8,19.2,65.0,0.0,0.4,0.8,0.7,0.6,0.3327,0.3627,0.442,0.4552,0.1751,0.198,lineup,lineup,"[{""id"": 701807, ""name"": ""Carson Benge"", ""bats"": ""L"", ""obp"": 0.3193548387096774, ""slg"": 0.4014084507042254, ""iso"": 0.14436619718309862, ""ab"": 284}, {""id"": 666182, ""name"": ""Bo Bichette"", ""bats"": ""R"", ""obp"": 0.2979942693409742, ""slg"": 0.39009287925696595, ""iso"": 0.13622291021671828, ""ab"": 323}, {""id"": 665742, ""name"": ""Juan Soto"", ""bats"": ""L"", ""obp"": 0.3953488372093023, ""slg"": 0.5701357466063348, ""iso"": 0.27149321266968324, ""ab"": 221}]","[{""id"": 691718, ""name"": ""Pete Crow-Armstrong"", ""bats"": ""L"", ""obp"": 0.36627906976744184, ""slg"": 0.5198675496688742, ""iso"": 0.23509933774834435, ""ab"": 302}, {""id"": 608348, ""name"": ""Carson Kelly"", ""bats"": ""R"", ""obp"": 0.36538461538461536, ""slg"": 0.3967391304347826, ""iso"": 0.1141304347826087, ""ab"": 184}, {""id"": 683737, ""name"": ""Michael Busch"", ""bats"": ""L"", ""obp"": 0.3721590909090909, ""slg"": 0.39372822299651566, ""iso"": 0.15331010452961671, ""ab"": 287}]","[{""name"": ""away_top3c_iso"", ""value"": 0.198, ""contribution"": 0.1372}, {""name"": ""home_xera"", ""value"": 3.3533, ""contribution"": -0.0781}, {""name"": ""away_top3c_slg"", ""value"": 0.4552, ""contribution"": -0.0756}, {""name"": ""away_top3_ops_vs_oppHand"", ""value"": 0.8227, ""contribution"": 0.0565}, {""name"": ""wx_wind_kmh"", ""value"": 19.2, ""contribution"": 0.0343}]","[{""name"": ""home_obp"", ""value"": 0.3008, ""contribution"": -0.0907}, {""name"": ""away_fip"", ""value"": 3.1755, ""contribution"": -0.0868}, {""name"": ""wx_wind_kmh"", ""value"": 19.2, ""contribution"": 0.0811}, {""name"": ""away_p_last10_pitcher_nrfi"", ""value"": 0.6, ""contribution"": 0.0384}, {""name"": ""away_whiff_pct_rank"", ""value"": 41.0, ""contribution"": 0.0384}]",490319,0.5366,3.353,3.564,90.0,41.0,0.6767,0.7396,4.87,4.8,0.8227,0.7947,L,R,NRFI,PASS,0,0,0,2026-06-25T23:27:03+00:00,-115,-115,DraftKings,2026-06-25T23:29:43+00:00,0.5349,0.5349,-0.0577,-0.0121,,N,,,-115,-115,2026-06-25T23:04:01+00:00,,0.4555,PASS,NO EDGE,,,,,,,
2026-06-25,2026,823366,1,N,SEA,PIT,12:35 PM ET,Bryce Miller,Bubba Chandler,682243,696149,live,live,live,live,0.96,0.5074,0.482,0.9894,0.3761,0.3709,0.747,0.4772,0.5228,0.2604,0.7396,,,PASS,NO EDGE,PASS - No edge,4,2026-06-25T16:20:58Z,3.442,4.448,1.036,1.308,4.001,4.352,2.2,4.26,1.35,1.08,8.7,8.54,0.312,0.333,0.389,0.41,4.141,4.963,20.6,24.6,82.0,0.0,0.6,1.0,0.6,0.9,0.3603,0.3091,0.4643,0.3848,0.1898,0.1655,lineup,lineup,"[{""id"": 663968, ""name"": ""Jake Mangum"", ""bats"": ""S"", ""obp"": 0.3425414364640884, ""slg"": 0.35714285714285715, ""iso"": 0.059523809523809534, ""ab"": 168}, {""id"": 664040, ""name"": ""Brandon Lowe"", ""bats"": ""L"", ""obp"": 0.3241590214067278, ""slg"": 0.5051903114186851, ""iso"": 0.25951557093425603, ""ab"": 289}, {""id"": 668804, ""name"": ""Bryan Reynolds"", ""bats"": ""S"", ""obp"": 0.40406976744186046, ""slg"": 0.486013986013986, ""iso"": 0.19580419580419578, ""ab"": 286}]","[{""id"": 641487, ""name"": ""J.P. Crawford"", ""bats"": ""L"", ""obp"": 0.34980988593155893, ""slg"": 0.3835616438356164, ""iso"": 0.1598173515981735, ""ab"": 219}, {""id"": 663728, ""name"": ""Cal Raleigh"", ""bats"": ""S"", ""obp"": 0.25821596244131456, ""slg"": 0.3155080213903743, ""iso"": 0.1497326203208556, ""ab"": 187}, {""id"": 677594, ""name"": ""Julio Rodr\u00edguez"", ""bats"": ""R"", ""obp"": 0.30945558739255014, ""slg"": 0.4263322884012539, ""iso"": 0.17868338557993732, ""ab"": 319}]","[{""name"": ""away_top3c_slg"", ""value"": 0.3848, ""contribution"": 0.2808}, {""name"": ""era_gap_t1"", ""value"": 1.0066, ""contribution"": 0.1096}, {""name"": ""away_top3c_iso"", ""value"": 0.1655, ""contribution"": -0.0914}, {""name"": ""away_top3_ops_vs_oppHand"", ""value"": 0.6937, ""contribution"": -0.075}, {""name"": ""fi_park_nrfi_rate"", ""value"": 0.5188, ""contribution"": -0.0724}]","[{""name"": ""home_top3c_slg"", ""value"": 0.4643, ""contribution"": -0.1487}, {""name"": ""wx_wind_kmh"", ""value"": 24.6, ""contribution"": 0.1379}, {""name"": ""home_obp"", ""value"": 0.3328, ""contribution"": 0.1333}, {""name"": ""fi_park_nrfi_rate"", ""value"": 0.5188, ""contribution"": -0.1113}, {""name"": ""home_top3_ops_vs_oppHand"", ""value"": 0.8293, ""contribution"": 0.0788}]",554242,0.4415,4.349,4.2,76.0,50.0,0.7136,0.7136,5.33,5.93,0.6937,0.8293,R,R,YRFI,PASS,0,1,1,2026-06-25T16:50:03+00:00,-125,-105,DraftKings,2026-06-25T17:06:25+00:00,0.5556,0.5122,-0.0784,0.0106,,N,,,-125,-105,2026-06-25T16:34:27+00:00,,0.4877,PASS,NO EDGE,,,,,,,
2026-06-25,2026,823209,1,N,OAK,SF,3:45 PM ET,Jeffrey Springs,Landen Roupp,605488,694738,live,live,live,live,0.94,0.4321,0.607,1.0391,0.3051,0.5072,0.8123,0.4384,0.5616,0.2786,0.7214,,,PASS,LOW LAMBDA,PASS - Low lambda,4,2026-06-25T19:05:23Z,5.079,4.048,1.304,1.345,5.427,3.355,2.92,3.71,2.03,0.7,7.68,9.55,0.325,0.31,0.414,0.417,4.563,4.144,17.1,27.6,78.0,0.0,0.8,0.4,0.7,0.4,0.3363,0.3853,0.4587,0.5057,0.188,0.2265,lineup,lineup,"[{""id"": 656305, ""name"": ""Matt Chapman"", ""bats"": ""R"", ""obp"": 0.3282674772036474, ""slg"": 0.3797909407665505, ""iso"": 0.13937282229965156, ""ab"": 287}, {""id"": 805811, ""name"": ""Bryce Eldridge"", ""bats"": ""L"", ""obp"": 0.3815789473684211, ""slg"": 0.49230769230769234, ""iso"": 0.20769230769230773, ""ab"": 130}, {""id"": 669477, ""name"": ""Casey Schmitt"", ""bats"": ""R"", ""obp"": 0.3222591362126246, ""slg"": 0.5228070175438596, ""iso"": 0.22807017543859648, ""ab"": 285}]","[{""id"": 703607, ""name"": ""Henry Bolte"", ""bats"": ""R"", ""obp"": 0.39855072463768115, ""slg"": 0.41025641025641024, ""iso"": 0.10256410256410253, ""ab"": 117}, {""id"": 701762, ""name"": ""Nick Kurtz"", ""bats"": ""L"", ""obp"": 0.4293628808864266, ""slg"": 0.5400696864111498, ""iso"": 0.2578397212543554, ""ab"": 287}, {""id"": 669127, ""name"": ""Shea Langeliers"", ""bats"": ""R"", ""obp"": 0.331306990881459, ""slg"": 0.5100671140939598, ""iso"": 0.24496644295302017, ""ab"": 298}]","[{""name"": ""away_top3c_iso"", ""value"": 0.2265, ""contribution"": 0.3381}, {""name"": ""away_top3c_slg"", ""value"": 0.5057, ""contribution"": -0.3314}, {""name"": ""era_gap_t1"", ""value"": -1.031, ""contribution"": -0.111}, {""name"": ""away_top3_ops_vs_oppHand"", ""value"": 0.843, ""contribution"": 0.0772}, {""name"": ""wx_wind_kmh"", ""value"": 27.6, ""contribution"": 0.0717}]","[{""name"": ""wx_wind_kmh"", ""value"": 27.6, ""contribution"": 0.1695}, {""name"": ""away_fip"", ""value"": 5.4271, ""contribution"": 0.1538}, {""name"": ""home_top3c_slg"", ""value"": 0.4587, ""contribution"": -0.1137}, {""name"": ""home_top3_ops_vs_oppHand"", ""value"": 0.8547, ""contribution"": 0.1092}, {""name"": ""away_p_last10_pitcher_nrfi"", ""value"": 0.4, ""contribution"": 0.1041}]",607884,0.5403,3.796,4.027,41.0,71.0,0.7272,0.6796,5.07,4.27,0.843,0.8547,L,R,NRFI,PASS,0,0,0,2026-06-25T20:00:13+00:00,-135,+105,DraftKings,2026-06-25T19:55:11+00:00,0.5745,0.4878,-0.1361,0.0738,,N,,,-135,+105,2026-06-25T19:44:41+00:00,,0.4339,YRFI,STRONG,,,,,,,
2026-06-25,2026,824258,1,N,HOU,DET,6:40 PM ET,Tatsuya Imai,Troy Melton,837227,675512,ltd,ltd,live,live,0.98,0.5146,0.5738,1.0883,0.2614,0.4057,0.6671,0.529,0.471,0.2967,0.7033,,,NRFI,LEAN,LEAN NRFI,4,2026-06-25T21:55:23Z,5.172,3.166,1.351,1.071,4.361,4.8,4.11,2.8,1.26,1.48,9.65,6.98,0.318,0.315,0.411,0.394,4.51,4.121,20.0,10.0,60.0,0.0,0.4,0.8,0.5556,0.8,0.3495,0.385,0.4771,0.5103,0.2128,0.2242,lineup,lineup,"[{""id"": 805808, ""name"": ""Kevin McGonigle"", ""bats"": ""L"", ""obp"": 0.38823529411764707, ""slg"": 0.42758620689655175, ""iso"": 0.14482758620689656, ""ab"": 290}, {""id"": 681481, ""name"": ""Kerry Carpenter"", ""bats"": ""L"", ""obp"": 0.30337078651685395, ""slg"": 0.46794871794871795, ""iso"": 0.24358974358974358, ""ab"": 156}, {""id"": 693307, ""name"": ""Dillon Dingler"", ""bats"": ""R"", ""obp"": 0.3333333333333333, ""slg"": 0.5347985347985348, ""iso"": 0.2673992673992674, ""ab"": 273}]","[{""id"": 665161, ""name"": ""Jeremy Pe\u00f1a"", ""bats"": ""R"", ""obp"": 0.3532608695652174, ""slg"": 0.4484848484848485, ""iso"": 0.16363636363636364, ""ab"": 165}, {""id"": 670541, ""name"": ""Yordan Alvarez"", ""bats"": ""L"", ""obp"": 0.4350282485875706, ""slg"": 0.6335616438356164, ""iso"": 0.3116438356164383, ""ab"": 292}, {""id"": 670623, ""name"": ""Isaac Paredes"", ""bats"": ""R"", ""obp"": 0.3471337579617834, ""slg"": 0.4148148148148148, ""iso"": 0.16666666666666666, ""ab"": 270}]","[{""name"": ""away_top3c_slg"", ""value"": 0.5103, ""contribution"": -0.3548}, {""name"": ""away_top3c_iso"", ""value"": 0.2242, ""contribution"": 0.322}, {""name"": ""era_gap_t1"", ""value"": -2.0061, ""contribution"": -0.2166}, {""name"": ""away_top3_ops_vs_oppHand"", ""value"": 0.892, ""contribution"": 0.1272}, {""name"": ""fi_park_nrfi_rate"", ""value"": 0.5322, ""contribution"": -0.1188}]","[{""name"": ""home_top3c_slg"", ""value"": 0.4771, ""contribution"": -0.2277}, {""name"": ""fi_park_nrfi_rate"", ""value"": 0.5322, ""contribution"": -0.1826}, {""name"": ""home_top3c_iso"", ""value"": 0.2128, ""contribution"": 0.1595}, {""name"": ""era_gap_b1"", ""value"": 2.0061, ""contribution"": 0.1361}, {""name"": ""home_top3_ops_vs_oppHand"", ""value"": 0.8623, ""contribution"": 0.1183}]",605674,0.5127,4.2,0.926,50.0,50.0,0.7136,0.7136,6.33,4.73,0.892,0.8623,R,R,NRFI,WIN,0,0,0,2026-06-25T22:55:41+00:00,+100,-130,DraftKings,2026-06-25T22:58:48+00:00,0.5,0.5652,0.029,-0.0942,0.029,N,0.5,0,+100,-130,2026-06-25T21:52:22+00:00,0,0.6480,NRFI,STRONG,,,,,,,
2026-06-25,2026,822717,1,N,PHI,WSH,6:45 PM ET,Cristopher Sánchez,Cade Cavalli,650911,676917,live,live,live,live,0.97,0.448,0.3436,0.7916,0.5078,0.3217,0.8295,0.4213,0.5787,0.1882,0.8118,,,PASS,LOW LAMBDA,PASS - Low lambda,4,2026-06-25T22:35:25Z,1.993,4.115,1.082,1.422,2.417,3.564,1.78,3.14,0.58,0.89,10.12,9.12,0.303,0.32,0.4,0.422,4.384,5.214,29.9,12.5,40.0,0.0,0.4,0.8,0.7,0.8,0.366,0.3373,0.4853,0.4746,0.2399,0.2271,lineup,lineup,"[{""id"": 695578, ""name"": ""James Wood"", ""bats"": ""L"", ""obp"": 0.38992042440318303, ""slg"": 0.5193548387096775, ""iso"": 0.2548387096774194, ""ab"": 310}, {""id"": 678554, ""name"": ""Curtis Mead"", ""bats"": ""R"", ""obp"": 0.3275862068965517, ""slg"": 0.46766169154228854, ""iso"": 0.24378109452736316, ""ab"": 201}, {""id"": 665953, ""name"": ""Andr\u00e9s Chaparro"", ""bats"": ""R"", ""obp"": 0.36363636363636365, ""slg"": 0.2857142857142857, ""iso"": 0.08571428571428569, ""ab"": 35}]","[{""id"": 607208, ""name"": ""Trea Turner"", ""bats"": ""R"", ""obp"": 0.27988338192419826, ""slg"": 0.335423197492163, ""iso"": 0.10658307210031345, ""ab"": 319}, {""id"": 596117, ""name"": ""Garrett Stubbs"", ""bats"": ""L"", ""obp"": 0.25, ""slg"": 0.16666666666666666, ""iso"": 0.0, ""ab"": 24}, {""id"": 547180, ""name"": ""Bryce Harper"", ""bats"": ""L"", ""obp"": 0.3663663663663664, ""slg"": 0.5107142857142857, ""iso"": 0.24642857142857139, ""ab"": 280}]","[{""name"": ""away_top3c_iso"", ""value"": 0.2271, ""contribution"": 0.3425}, {""name"": ""era_gap_t1"", ""value"": 2.122, ""contribution"": 0.2304}, {""name"": ""away_top3c_slg"", ""value"": 0.4746, ""contribution"": -0.1738}, {""name"": ""away_top3_ops_vs_oppHand"", ""value"": 0.871, ""contribution"": 0.1058}, {""name"": ""fi_park_nrfi_rate"", ""value"": 0.4761, ""contribution"": 0.0751}]","[{""name"": ""home_top3c_iso"", ""value"": 0.2399, ""contribution"": 0.2876}, {""name"": ""home_top3c_slg"", ""value"": 0.4853, ""contribution"": -0.2793}, {""name"": ""away_whiff_pct_rank"", ""value"": 95.0, ""contribution"": -0.1947}, {""name"": ""away_fip"", ""value"": 2.4167, ""contribution"": -0.1679}, {""name"": ""era_gap_b1"", ""value"": -2.122, ""contribution"": -0.1448}]",665299,0.5084,4.101,2.881,80.0,95.0,0.7075,0.7396,4.73,6.53,0.871,0.7587,L,R,YRFI,PASS,0,4,4,2026-06-25T23:13:41+00:00,-120,-105,DraftKings,2026-06-25T22:58:48+00:00,0.5455,0.5122,-0.1242,0.0665,,N,,,-120,-105,2026-06-25T22:43:11+00:00,,0.4589,PASS,NO EDGE,,,,,,,
2026-06-26,2026,822962,1,N,ARI,TB,7:10 PM ET,Zac Gallen,Nick Martinez,668678,607259,live,live,live,live,0.93,0.3784,0.5895,0.968,0.3291,0.7509,1.08,0.3219,0.6781,0.2525,0.7475,,,YRFI,STRONG,STRONG YRFI,4,2026-06-26T22:07:45Z,5.674,3.263,1.506,1.176,4.843,3.917,2.93,1.9,1.47,0.93,6.68,5.8,0.311,0.333,0.389,0.391,4.353,4.5,,,,1.0,0.8,0.2,0.9,0.3,0.3915,0.3442,0.4965,0.4482,0.1956,0.1886,lineup,lineup,"[{""id"": 650490, ""name"": ""Yandy D\u00edaz"", ""bats"": ""R"", ""obp"": 0.4121212121212121, ""slg"": 0.5121951219512195, ""iso"": 0.18118466898954705, ""ab"": 287}, {""id"": 666018, ""name"": ""Jonathan Aranda"", ""bats"": ""L"", ""obp"": 0.3857566765578635, ""slg"": 0.4574468085106383, ""iso"": 0.17021276595744678, ""ab"": 282}, {""id"": 691406, ""name"": ""Junior Caminero"", ""bats"": ""R"", ""obp"": 0.37719298245614036, ""slg"": 0.5186440677966102, ""iso"": 0.2338983050847458, ""ab"": 295}]","[{""id"": 606466, ""name"": ""Ketel Marte"", ""bats"": ""S"", ""obp"": 0.3194029850746269, ""slg"": 0.46078431372549017, ""iso"": 0.196078431372549, ""ab"": 306}, {""id"": 672695, ""name"": ""Geraldo Perdomo"", ""bats"": ""S"", ""obp"": 0.34890965732087226, ""slg"": 0.3383458646616541, ""iso"": 0.10526315789473684, ""ab"": 266}, {""id"": 682998, ""name"": ""Corbin Carroll"", ""bats"": ""L"", ""obp"": 0.364741641337386, ""slg"": 0.5365853658536586, ""iso"": 0.25783972125435545, ""ab"": 287}]","[{""name"": ""era_gap_t1"", ""value"": -2.4105, ""contribution"": -0.2604}, {""name"": ""fi_park_nrfi_rate"", ""value"": 0.4376, ""contribution"": 0.2081}, {""name"": ""home_p_last10_pitcher_nrfi"", ""value"": 0.9, ""contribution"": 0.0716}, {""name"": ""away_top3c_iso"", ""value"": 0.1886, ""contribution"": 0.0711}, {""name"": ""away_top3c_slg"", ""value"": 0.4482, ""contribution"": -0.0401}]","[{""name"": ""home_top3c_slg"", ""value"": 0.4965, ""contribution"": -0.3487}, {""name"": ""fi_park_nrfi_rate"", ""value"": 0.4376, ""contribution"": 0.3199}, {""name"": ""home_top3_ops_vs_oppHand"", ""value"": 0.9197, ""contribution"": 0.187}, {""name"": ""home_top3c_obp"", ""value"": 0.3915, ""contribution"": 0.1795}, {""name"": ""era_gap_b1"", ""value"": 2.4105, ""contribution"": 0.1636}]",431232,0.4946,4.133,4.131,18.0,29.0,0.7272,0.6796,5.87,5.07,0.748,0.9197,R,R,YRFI,WIN,1,3,4,2026-06-26T23:28:06+00:00,-110,-115,DraftKings,2026-06-26T22:16:10+00:00,0.5238,0.5349,-0.2019,0.1432,0.1432,Y,1,0.87,-115,-110,2026-06-26T22:04:54+00:00,0.0111,0.4589,PASS,NO EDGE,,,,,,,
2026-06-26,2026,824014,1,N,OAK,LAA,9:38 PM ET,J.T. Ginn,Walbert Ureña,669372,700712,live,ltd,live,live,0.99,0.513,0.5387,1.0517,0.3435,0.4294,0.7729,0.4625,0.5375,0.2833,0.7167,,,PASS,NO EDGE,PASS - No edge,4,2026-06-27T01:07:30Z,3.64,3.067,1.244,1.291,4.139,3.973,3.58,4.04,1.11,0.87,8.52,8.65,0.327,0.318,0.414,0.399,4.609,4.552,25.0,13.5,55.0,0.0,0.6,0.8,0.8,0.9,0.3154,0.3843,0.4129,0.5014,0.1684,0.2221,lineup,lineup,"[{""id"": 687263, ""name"": ""Zach Neto"", ""bats"": ""R"", ""obp"": 0.3268156424581006, ""slg"": 0.4565916398713826, ""iso"": 0.2282958199356913, ""ab"": 311}, {""id"": 694384, ""name"": ""Nolan Schanuel"", ""bats"": ""L"", ""obp"": 0.3320754716981132, ""slg"": 0.3924050632911392, ""iso"": 0.13080168776371304, ""ab"": 237}, {""id"": 666176, ""name"": ""Jo Adell"", ""bats"": ""R"", ""obp"": 0.2903225806451613, ""slg"": 0.38557993730407525, ""iso"": 0.13793103448275865, ""ab"": 319}]","[{""id"": 703607, ""name"": ""Henry Bolte"", ""bats"": ""R"", ""obp"": 0.40559440559440557, ""slg"": 0.4180327868852459, ""iso"": 0.09836065573770492, ""ab"": 122}, {""id"": 701762, ""name"": ""Nick Kurtz"", ""bats"": ""L"", ""obp"": 0.4262295081967213, ""slg"": 0.5326460481099656, ""iso"": 0.2542955326460481, ""ab"": 291}, {""id"": 669127, ""name"": ""Shea Langeliers"", ""bats"": ""R"", ""obp"": 0.32934131736526945, ""slg"": 0.504950495049505, ""iso"": 0.24092409240924095, ""ab"": 303}]","[{""name"": ""away_top3c_slg"", ""value"": 0.5014, ""contribution"": -0.3096}, {""name"": ""away_top3c_iso"", ""value"": 0.2221, ""contribution"": 0.3069}, {""name"": ""home_xera"", ""value"": 2.4971, ""contribution"": -0.1658}, {""name"": ""fi_park_nrfi_rate"", ""value"": 0.4526, ""contribution"": 0.1563}, {""name"": ""away_top3_ops_vs_oppHand"", ""value"": 0.8403, ""contribution"": 0.0745}]","[{""name"": ""fi_park_nrfi_rate"", ""value"": 0.4526, ""contribution"": 0.2403}, {""name"": ""home_top3c_slg"", ""value"": 0.4129, ""contribution"": 0.1707}, {""name"": ""away_whiff_pct_rank"", ""value"": 82.0, ""contribution"": -0.1386}, {""name"": ""home_top3c_obp"", ""value"": 0.3154, ""contribution"": -0.0875}, {""name"": ""away_p_last10_pitcher_nrfi"", ""value"": 0.9, ""contribution"": -0.0601}]",665302,0.5084,2.497,3.667,50.0,82.0,0.7136,0.7272,5.8,5.8,0.8403,0.72,R,R,NRFI,PASS,0,0,0,2026-06-27T01:52:28+00:00,-120,-105,DraftKings,2026-06-27T01:27:12+00:00,0.5455,0.5122,-0.083,0.0253,,N,,,-120,-105,2026-06-27T01:27:12+00:00,,0.4877,PASS,NO EDGE,,,,,,,
2026-06-26,2026,823773,1,N,CHC,MIL,7:45 PM ET,Colin Rea,Jacob Misiorowski,607067,694819,live,live,live,live,1.03,0.3373,0.6181,0.9554,0.1569,0.3618,0.5187,0.5685,0.4315,0.2479,0.7521,,,NRFI,LEAN,LEAN NRFI,4,2026-06-26T22:39:46Z,4.641,2.299,1.35,0.9,4.546,2.249,2.95,2.65,1.29,0.61,6.87,12.48,0.334,0.334,0.404,0.394,4.859,5.102,,,,1.0,1.0,0.4,1.0,0.6,0.3544,0.358,0.4611,0.4182,0.1893,0.1614,lineup,lineup,"[{""id"": 592885, ""name"": ""Christian Yelich"", ""bats"": ""L"", ""obp"": 0.33495145631067963, ""slg"": 0.3989071038251366, ""iso"": 0.14207650273224043, ""ab"": 183}, {""id"": 694192, ""name"": ""Jackson Chourio"", ""bats"": ""R"", ""obp"": 0.3463414634146341, ""slg"": 0.5238095238095238, ""iso"": 0.22751322751322756, ""ab"": 189}, {""id"": 668930, ""name"": ""Brice Turang"", ""bats"": ""L"", ""obp"": 0.36826347305389223, ""slg"": 0.4558303886925795, ""iso"": 0.19434628975265017, ""ab"": 283}]","[{""id"": 691718, ""name"": ""Pete Crow-Armstrong"", ""bats"": ""L"", ""obp"": 0.3667621776504298, ""slg"": 0.5211726384364821, ""iso"": 0.23452768729641693, ""ab"": 307}, {""id"": 608324, ""name"": ""Alex Bregman"", ""bats"": ""R"", ""obp"": 0.3379501385041551, ""slg"": 0.34294871794871795, ""iso"": 0.09935897435897437, ""ab"": 312}, {""id"": 683737, ""name"": ""Michael Busch"", ""bats"": ""L"", ""obp"": 0.3697478991596639, ""slg"": 0.3904109589041096, ""iso"": 0.15068493150684933, ""ab"": 292}]","[{""name"": ""fi_park_nrfi_rate"", ""value"": 0.5899, ""contribution"": -0.3182}, {""name"": ""era_gap_t1"", ""value"": -2.3412, ""contribution"": -0.2529}, {""name"": ""home_fip"", ""value"": 2.2494, ""contribution"": -0.1941}, {""name"": ""away_top3c_iso"", ""value"": 0.1614, ""contribution"": -0.1206}, {""name"": ""away_top3c_slg"", ""value"": 0.4182, ""contribution"": 0.1117}]","[{""name"": ""fi_park_nrfi_rate"", ""value"": 0.5899, ""contribution"": -0.4892}, {""name"": ""era_gap_b1"", ""value"": 2.3412, ""contribution"": 0.1589}, {""name"": ""home_obp"", ""value"": 0.3345, ""contribution"": 0.1446}, {""name"": ""home_top3c_slg"", ""value"": 0.4611, ""contribution"": -0.1284}, {""name"": ""away_whiff_pct_rank"", ""value"": 21.0, ""contribution"": 0.1247}]",544728,0.4859,3.153,4.334,86.0,21.0,0.6942,0.7396,7.2,5.53,0.7937,0.8377,R,R,NRFI,WIN,0,0,0,2026-06-27T00:03:04+00:00,-140,+110,DraftKings,2026-06-26T23:56:55+00:00,0.5833,0.4762,-0.0148,-0.0447,-0.0148,N,0.5,0,-140,+110,2026-06-26T22:42:58+00:00,0,0.6370,NRFI,STRONG,,,,,,,
2026-06-26,2026,824824,1,N,WSH,BAL,7:05 PM ET,Andrew Alvarez,Trevor Rogers,674841,669432,ltd,live,live,live,1.06,0.4972,0.5193,1.0165,0.3485,0.3563,0.7047,0.4789,0.5211,0.2703,0.7297,,,PASS,NO EDGE,PASS - No edge,4,2026-06-26T23:04:33Z,3.602,4.14,1.302,1.209,3.499,3.856,3.23,2.77,0.83,0.91,9.37,7.31,0.319,0.319,0.421,0.403,5.211,4.634,28.8,7.3,58.0,0.0,1.0,1.0,0.7,0.8889,0.343,0.3613,0.4213,0.4812,0.1763,0.2397,lineup,lineup,"[{""id"": 621493, ""name"": ""Taylor Ward"", ""bats"": ""R"", ""obp"": 0.38873994638069703, ""slg"": 0.3651315789473684, ""iso"": 0.10855263157894735, ""ab"": 304}, {""id"": 683002, ""name"": ""Gunnar Henderson"", ""bats"": ""L"", ""obp"": 0.2991913746630728, ""slg"": 0.42388059701492536, ""iso"": 0.1970149253731343, ""ab"": 335}, {""id"": 624413, ""name"": ""Pete Alonso"", ""bats"": ""R"", ""obp"": 0.3408450704225352, ""slg"": 0.474025974025974, ""iso"": 0.2207792207792208, ""ab"": 308}]","[{""id"": 695578, ""name"": ""James Wood"", ""bats"": ""L"", ""obp"": 0.38481675392670156, ""slg"": 0.5111111111111111, ""iso"": 0.25079365079365074, ""ab"": 315}, {""id"": 678554, ""name"": ""Curtis Mead"", ""bats"": ""R"", ""obp"": 0.32489451476793246, ""slg"": 0.47572815533980584, ""iso"": 0.2524271844660194, ""ab"": 206}, {""id"": 678391, ""name"": ""Jorbit Vivas"", ""bats"": ""L"", ""obp"": 0.3333333333333333, ""slg"": 0.36551724137931035, ""iso"": 0.1103448275862069, ""ab"": 145}]","[{""name"": ""away_top3c_iso"", ""value"": 0.2397, ""contribution"": 0.4312}, {""name"": ""away_top3c_slg"", ""value"": 0.4812, ""contribution"": -0.2074}, {""name"": ""home_xera"", ""value"": 3.2577, ""contribution"": -0.0879}, {""name"": ""fi_park_nrfi_rate"", ""value"": 0.519, ""contribution"": -0.0733}, {""name"": ""era_gap_t1"", ""value"": 0.538, ""contribution"": 0.0589}]","[{""name"": ""home_top3c_slg"", ""value"": 0.4213, ""contribution"": 0.1184}, {""name"": ""fi_park_nrfi_rate"", ""value"": 0.519, ""contribution"": -0.1127}, {""name"": ""wx_temp_c"", ""value"": 28.8, ""contribution"": 0.063}, {""name"": ""away_p_last10_pitcher_nrfi"", ""value"": 0.8889, ""contribution"": -0.0564}, {""name"": ""away_fip"", ""value"": 3.4985, ""contribution"": -0.0523}]",605673,0.4897,3.258,4.2,47.0,50.0,0.664,0.7136,6.07,4.2,0.741,0.788,L,L,NRFI,PASS,0,0,0,2026-06-26T23:17:45+00:00,-115,-115,DraftKings,2026-06-26T23:02:26+00:00,0.5349,0.5349,-0.056,-0.0138,,N,,,-115,-115,2026-06-26T23:02:26+00:00,,0.4877,PASS,NO EDGE,,,,,,,
2026-06-26,2026,823285,1,N,LAD,SD,9:45 PM ET,Roki Sasaki,Walker Buehler,808963,621111,live,live,live,live,0.95,0.5208,0.5164,1.0372,0.3889,0.2904,0.6793,0.4908,0.5092,0.2779,0.7221,,,PASS,NO EDGE,PASS - No edge,4,2026-06-27T01:39:10Z,4.574,4.311,1.298,1.391,4.708,4.077,3.45,3.41,1.56,0.96,8.88,7.57,0.34,0.298,0.433,0.371,5.109,4.005,22.5,14.0,66.0,0.0,1.0,0.6,0.8,0.8,0.3228,0.368,0.3671,0.5017,0.1075,0.2213,lineup,lineup,"[{""id"": 665487, ""name"": ""Fernando Tatis Jr."", ""bats"": ""R"", ""obp"": 0.34718100890207715, ""slg"": 0.36666666666666664, ""iso"": 0.08333333333333331, ""ab"": 300}, {""id"": 669392, ""name"": ""Samad Taylor"", ""bats"": ""R"", ""obp"": 0.4375, ""slg"": 0.4482758620689655, ""iso"": 0.06896551724137934, ""ab"": 58}, {""id"": 701538, ""name"": ""Jackson Merrill"", ""bats"": ""L"", ""obp"": 0.27358490566037735, ""slg"": 0.3515358361774744, ""iso"": 0.13993174061433447, ""ab"": 293}]","[{""id"": 660271, ""name"": ""Shohei Ohtani"", ""bats"": ""L"", ""obp"": 0.41420118343195267, ""slg"": 0.5490909090909091, ""iso"": 0.2545454545454545, ""ab"": 275}, {""id"": 681624, ""name"": ""Andy Pages"", ""bats"": ""R"", ""obp"": 0.3177842565597668, ""slg"": 0.47435897435897434, ""iso"": 0.20833333333333331, ""ab"": 312}, {""id"": 518692, ""name"": ""Freddie Freeman"", ""bats"": ""L"", ""obp"": 0.3724340175953079, ""slg"": 0.48639455782312924, ""iso"": 0.20408163265306123, ""ab"": 294}]","[{""name"": ""away_top3c_slg"", ""value"": 0.5017, ""contribution"": -0.3112}, {""name"": ""away_top3c_iso"", ""value"": 0.2213, ""contribution"": 0.3018}, {""name"": ""away_top3_ops_vs_oppHand"", ""value"": 0.9157, ""contribution"": 0.1513}, {""name"": ""fi_park_nrfi_rate"", ""value"": 0.5409, ""contribution"": -0.149}, {""name"": ""home_xera"", ""value"": 5.2493, ""contribution"": 0.1162}]","[{""name"": ""home_top3c_slg"", ""value"": 0.3671, ""contribution"": 0.4551}, {""name"": ""home_top3c_iso"", ""value"": 0.1075, ""contribution"": -0.3374}, {""name"": ""fi_park_nrfi_rate"", ""value"": 0.5409, ""contribution"": -0.229}, {""name"": ""home_obp"", ""value"": 0.2975, ""contribution"": -0.114}, {""name"": ""away_fip"", ""value"": 4.708, ""contribution"": 0.0769}]",482641,0.4806,5.249,5.909,15.0,53.0,0.7272,0.7136,5.27,5.47,0.9157,0.7203,R,R,NRFI,PASS,0,0,0,2026-06-27T01:58:15+00:00,-115,-110,DraftKings,2026-06-27T02:09:09+00:00,0.5349,0.5238,-0.0441,-0.0146,-0.0273,N,0.5,,-115,-110,2026-06-27T01:42:31+00:00,0,0.4137,YRFI,STRONG,,,,,,,
2026-06-26,2026,823039,1,N,MIA,STL,8:15 PM ET,Max Meyer,Michael McGreevy,676974,700241,live,live,live,live,0.97,0.4522,0.4849,0.9371,0.3809,0.3582,0.7392,0.4772,0.5228,0.2411,0.7589,,,PASS,NO EDGE,PASS - No edge,4,2026-06-27T00:08:08Z,3.314,3.681,1.217,1.183,3.585,4.457,3.23,2.15,1.0,1.25,9.88,5.88,0.322,0.325,0.393,0.4,4.339,4.586,24.5,11.3,92.0,0.0,1.0,0.6,0.9,0.7,0.3732,0.3443,0.4423,0.37,0.1714,0.125,lineup,lineup,"[{""id"": 802139, ""name"": ""JJ Wetherholt"", ""bats"": ""L"", ""obp"": 0.3609467455621302, ""slg"": 0.41379310344827586, ""iso"": 0.15172413793103445, ""ab"": 290}, {""id"": 671056, ""name"": ""Iv\u00e1n Herrera"", ""bats"": ""R"", ""obp"": 0.403954802259887, ""slg"": 0.4204946996466431, ""iso"": 0.15901060070671375, ""ab"": 283}, {""id"": 676475, ""name"": ""Alec Burleson"", ""bats"": ""L"", ""obp"": 0.35311572700296734, ""slg"": 0.4900662251655629, ""iso"": 0.20198675496688745, ""ab"": 302}]","[{""id"": 805300, ""name"": ""Jakob Marsee"", ""bats"": ""L"", ""obp"": 0.32098765432098764, ""slg"": 0.30036630036630035, ""iso"": 0.10256410256410256, ""ab"": 273}, {""id"": 665052, ""name"": ""Griffin Conine"", ""bats"": ""L"", ""obp"": 0.2777777777777778, ""slg"": 0.45454545454545453, ""iso"": 0.2424242424242424, ""ab"": 33}, {""id"": 669364, ""name"": ""Xavier Edwards"", ""bats"": ""S"", ""obp"": 0.37388724035608306, ""slg"": 0.42517006802721086, ""iso"": 0.13265306122448978, ""ab"": 294}]","[{""name"": ""away_top3c_iso"", ""value"": 0.125, ""contribution"": -0.3768}, {""name"": ""away_top3c_slg"", ""value"": 0.37, ""contribution"": 0.3559}, {""name"": ""fi_park_nrfi_rate"", ""value"": 0.527, ""contribution"": -0.1009}, {""name"": ""home_xera"", ""value"": 4.9135, ""contribution"": 0.0818}, {""name"": ""home_p_last10_pitcher_nrfi"", ""value"": 0.9, ""contribution"": 0.0716}]","[{""name"": ""fi_park_nrfi_rate"", ""value"": 0.527, ""contribution"": -0.1552}, {""name"": ""home_top3_ops_vs_oppHand"", ""value"": 0.8713, ""contribution"": 0.1291}, {""name"": ""away_whiff_pct_rank"", ""value"": 79.0, ""contribution"": -0.1256}, {""name"": ""home_top3c_obp"", ""value"": 0.3732, ""contribution"": 0.1153}, {""name"": ""home_obp"", ""value"": 0.3252, ""contribution"": 0.08}]",608093,0.5118,4.913,4.824,3.0,79.0,0.7396,0.7396,5.4,5.87,0.7603,0.8713,R,R,NRFI,PASS,0,0,0,2026-06-27T00:32:46+00:00,-130,+100,DraftKings,2026-06-27T00:07:31+00:00,0.5652,0.5,-0.088,0.0228,,N,,,-130,+100,2026-06-27T00:07:31+00:00,,0.4331,YRFI,STRONG,,,,,,,
2026-06-26,2026,822796,1,N,TEX,TOR,7:07 PM ET,Nathan Eovaldi,Patrick Corbin,543135,571578,live,live,live,live,1.01,0.5285,0.4608,0.9893,0.3764,0.2762,0.6526,0.544,0.456,0.2603,0.7397,,,NRFI,LEAN,LEAN NRFI,4,2026-06-26T21:31:43Z,3.486,4.603,1.081,1.465,3.854,4.394,1.92,3.12,1.36,1.16,8.9,6.98,0.319,0.312,0.394,0.394,4.089,4.172,,,,1.0,1.0,0.8,0.8,0.7,0.3368,0.3378,0.3756,0.443,0.116,0.1658,lineup,lineup,"[{""id"": 543807, ""name"": ""George Springer"", ""bats"": ""R"", ""obp"": 0.3088803088803089, ""slg"": 0.37280701754385964, ""iso"": 0.15350877192982457, ""ab"": 228}, {""id"": 664702, ""name"": ""Myles Straw"", ""bats"": ""R"", ""obp"": 0.3120567375886525, ""slg"": 0.3412698412698413, ""iso"": 0.09523809523809526, ""ab"": 126}, {""id"": 665489, ""name"": ""Vladimir Guerrero Jr."", ""bats"": ""R"", ""obp"": 0.3558282208588957, ""slg"": 0.35815602836879434, ""iso"": 0.08510638297872342, ""ab"": 282}]","[{""id"": 694671, ""name"": ""Wyatt Langford"", ""bats"": ""R"", ""obp"": 0.31547619047619047, ""slg"": 0.49044585987261147, ""iso"": 0.2229299363057325, ""ab"": 157}, {""id"": 673962, ""name"": ""Josh Jung"", ""bats"": ""R"", ""obp"": 0.35514018691588783, ""slg"": 0.436426116838488, ""iso"": 0.140893470790378, ""ab"": 291}, {""id"": 672284, ""name"": ""Jarred Kelenic"", ""bats"": ""L"", ""obp"": 0.29850746268656714, ""slg"": 0.3, ""iso"": 0.08333333333333331, ""ab"": 60}]","[{""name"": ""era_gap_t1"", ""value"": 1.1176, ""contribution"": 0.1216}, {""name"": ""away_top3c_iso"", ""value"": 0.1658, ""contribution"": -0.0895}, {""name"": ""home_xera"", ""value"": 4.7815, ""contribution"": 0.0683}, {""name"": ""home_fip"", ""value"": 4.3941, ""contribution"": 0.0466}, {""name"": ""home_avg_ip_per_start"", ""value"": 4.0667, ""contribution"": 0.036}]","[{""name"": ""home_top3c_slg"", ""value"": 0.3756, ""contribution"": 0.4027}, {""name"": ""home_top3c_iso"", ""value"": 0.116, ""contribution"": -0.2973}, {""name"": ""away_whiff_pct_rank"", ""value"": 84.0, ""contribution"": -0.1472}, {""name"": ""era_gap_b1"", ""value"": -1.1176, ""contribution"": -0.0764}, {""name"": ""wx_is_dome"", ""value"": 1.0, ""contribution"": -0.0758}]",427554,0.4835,4.782,3.211,54.0,84.0,0.7272,0.6767,4.07,6.33,0.734,0.7207,R,L,YRFI,LOSS,3,0,3,2026-06-26T23:29:37+00:00,-115,-115,DraftKings,2026-06-26T22:57:07+00:00,0.5349,0.5349,0.0091,-0.0789,0.0091,N,0.5,0,-115,-115,2026-06-26T21:59:37+00:00,0,0.5651,NRFI,STRONG,,,,,,,
2026-06-26,2026,823688,1,N,COL,MIN,8:10 PM ET,Tomoyuki Sugano,Taj Bradley,608372,671737,live,live,live,live,0.97,0.5508,0.6101,1.161,0.3358,0.4458,0.7816,0.448,0.552,0.3232,0.6768,,,PASS,NO EDGE,PASS - No edge,4,2026-06-27T00:08:08Z,4.421,4.433,1.303,1.315,5.235,4.343,2.36,3.7,1.69,1.34,5.52,9.27,0.323,0.321,0.41,0.408,4.547,4.768,25.6,10.3,47.0,0.0,0.4,0.4,0.5,0.6,0.3341,0.3245,0.498,0.513,0.236,0.245,lineup,lineup,"[{""id"": 668952, ""name"": ""Ryan Kreidler"", ""bats"": ""R"", ""obp"": 0.36, ""slg"": 0.4943820224719101, ""iso"": 0.2134831460674157, ""ab"": 89}, {""id"": 621439, ""name"": ""Byron Buxton"", ""bats"": ""R"", ""obp"": 0.326984126984127, ""slg"": 0.5847750865051903, ""iso"": 0.31487889273356395, ""ab"": 289}, {""id"": 665019, ""name"": ""Kody Clemens"", ""bats"": ""L"", ""obp"": 0.3068181818181818, ""slg"": 0.4605809128630705, ""iso"": 0.21991701244813275, ""ab"": 241}]","[{""id"": 664983, ""name"": ""Jake McCarthy"", ""bats"": ""L"", ""obp"": 0.33766233766233766, ""slg"": 0.4647887323943662, ""iso"": 0.16901408450704225, ""ab"": 213}, {""id"": 690924, ""name"": ""Braxton Fulford"", ""bats"": ""R"", ""obp"": 0.3191489361702128, ""slg"": 0.38461538461538464, ""iso"": 0.15384615384615385, ""ab"": 39}, {""id"": 696100, ""name"": ""Hunter Goodman"", ""bats"": ""R"", ""obp"": 0.3089171974522293, ""slg"": 0.5035211267605634, ""iso"": 0.2640845070422535, ""ab"": 284}]","[{""name"": ""away_top3c_iso"", ""value"": 0.245, ""contribution"": 0.4686}, {""name"": ""away_top3c_slg"", ""value"": 0.513, ""contribution"": -0.3685}, {""name"": ""fi_park_nrfi_rate"", ""value"": 0.5348, ""contribution"": -0.1278}, {""name"": ""away_top3_ops_vs_oppHand"", ""value"": 0.867, ""contribution"": 0.1017}, {""name"": ""home_p_last10_pitcher_nrfi"", ""value"": 0.5, ""contribution"": -0.0846}]","[{""name"": ""home_top3c_slg"", ""value"": 0.498, ""contribution"": -0.3576}, {""name"": ""home_top3c_iso"", ""value"": 0.236, ""contribution"": 0.2691}, {""name"": ""fi_park_nrfi_rate"", ""value"": 0.5348, ""contribution"": -0.1964}, {""name"": ""away_whiff_pct_rank"", ""value"": 12.0, ""contribution"": 0.1635}, {""name"": ""away_fip"", ""value"": 5.2351, ""contribution"": 0.1333}]",483919,0.4901,4.08,5.64,52.0,12.0,0.7272,0.7272,4.93,5.13,0.867,0.869,R,R,YRFI,PASS,0,2,2,2026-06-27T00:22:33+00:00,+105,-135,DraftKings,2026-06-27T00:07:31+00:00,0.4878,0.5745,-0.0398,-0.0225,,N,,,+105,-135,2026-06-27T00:07:31+00:00,,0.4877,PASS,NO EDGE,,,,,,,
2026-06-26,2026,824423,1,N,SEA,CLE,7:10 PM ET,Luis Castillo,Joey Cantillo,622491,676282,live,live,live,live,0.96,0.4994,0.4616,0.9611,0.2553,0.386,0.6413,0.5479,0.4521,0.2499,0.7501,,,NRFI,LEAN,LEAN NRFI,4,2026-06-26T22:07:45Z,4.61,3.836,1.32,1.353,3.948,4.256,2.88,4.03,1.15,1.16,8.57,9.01,0.312,0.313,0.388,0.372,4.108,4.036,20.4,9.1,73.0,0.0,0.6,0.6,0.7,0.7,0.3421,0.3186,0.4072,0.402,0.1523,0.1616,lineup,lineup,"[{""id"": 683953, ""name"": ""Travis Bazzana"", ""bats"": ""L"", ""obp"": 0.3568075117370892, ""slg"": 0.44565217391304346, ""iso"": 0.18478260869565216, ""ab"": 184}, {""id"": 700932, ""name"": ""Kyle Manzardo"", ""bats"": ""L"", ""obp"": 0.32806324110671936, ""slg"": 0.3972602739726027, ""iso"": 0.1643835616438356, ""ab"": 219}, {""id"": 677587, ""name"": ""Brayan Rocchio"", ""bats"": ""S"", ""obp"": 0.3435374149659864, ""slg"": 0.38846153846153847, ""iso"": 0.11923076923076925, ""ab"": 260}]","[{""id"": 668227, ""name"": ""Randy Arozarena"", ""bats"": ""R"", ""obp"": 0.3706070287539936, ""slg"": 0.4354243542435424, ""iso"": 0.15129151291512916, ""ab"": 271}, {""id"": 677594, ""name"": ""Julio Rodr\u00edguez"", ""bats"": ""R"", ""obp"": 0.307909604519774, ""slg"": 0.4228395061728395, ""iso"": 0.17592592592592593, ""ab"": 324}, {""id"": 663728, ""name"": ""Cal Raleigh"", ""bats"": ""S"", ""obp"": 0.26146788990825687, ""slg"": 0.3193717277486911, ""iso"": 0.1518324607329843, ""ab"": 191}]","[{""name"": ""away_top3c_slg"", ""value"": 0.402, ""contribution"": 0.1937}, {""name"": ""away_top3c_iso"", ""value"": 0.1616, ""contribution"": -0.1191}, {""name"": ""fi_park_nrfi_rate"", ""value"": 0.528, ""contribution"": -0.1042}, {""name"": ""away_top3_ops_vs_oppHand"", ""value"": 0.6847, ""contribution"": -0.0842}, {""name"": ""era_gap_t1"", ""value"": -0.7738, ""contribution"": -0.0832}]","[{""name"": ""home_top3c_slg"", ""value"": 0.4072, ""contribution"": 0.2059}, {""name"": ""fi_park_nrfi_rate"", ""value"": 0.528, ""contribution"": -0.1602}, {""name"": ""home_top3c_iso"", ""value"": 0.1523, ""contribution"": -0.1259}, {""name"": ""home_top3_ops_vs_oppHand"", ""value"": 0.816, ""contribution"": 0.0629}, {""name"": ""era_gap_b1"", ""value"": 0.7738, ""contribution"": 0.0523}]",427533,0.5151,3.575,4.328,89.0,48.0,0.7272,0.7412,4.8,5.0,0.6847,0.816,R,L,YRFI,LOSS,0,1,1,2026-06-26T23:26:54+00:00,-125,-105,DraftKings,2026-06-26T23:29:11+00:00,0.5556,0.5122,-0.0077,-0.0601,-0.0077,N,0.5,0,-125,-105,2026-06-26T22:04:54+00:00,0,0.4877,PASS,NO EDGE,,,,,,,
2026-06-26,2026,823363,1,N,CIN,PIT,6:40 PM ET,Andrew Abbott,Paul Skenes,671096,694973,live,live,live,live,0.96,0.3075,0.6099,0.9175,0.2173,0.4373,0.6545,0.5425,0.4575,0.2339,0.7661,,,NRFI,LEAN,LEAN NRFI,4,2026-06-26T21:31:43Z,3.521,2.582,1.333,0.936,4.549,2.622,3.58,1.9,1.2,0.8,7.24,10.77,0.31,0.332,0.392,0.41,4.239,4.964,24.3,6.3,64.0,0.0,0.8,0.6,0.7,0.6,0.3574,0.3443,0.476,0.4787,0.2062,0.2128,lineup,lineup,"[{""id"": 804606, ""name"": ""Konnor Griffin"", ""bats"": ""R"", ""obp"": 0.3269230769230769, ""slg"": 0.4021164021164021, ""iso"": 0.13227513227513227, ""ab"": 189}, {""id"": 664040, ""name"": ""Brandon Lowe"", ""bats"": ""L"", ""obp"": 0.32628398791540786, ""slg"": 0.515358361774744, ""iso"": 0.26621160409556316, ""ab"": 293}, {""id"": 668804, ""name"": ""Bryan Reynolds"", ""bats"": ""S"", ""obp"": 0.4051724137931034, ""slg"": 0.4844290657439446, ""iso"": 0.19377162629757783, ""ab"": 289}]","[{""id"": 667472, ""name"": ""Dane Myers"", ""bats"": ""R"", ""obp"": 0.35658914728682173, ""slg"": 0.38181818181818183, ""iso"": 0.12727272727272732, ""ab"": 110}, {""id"": 682829, ""name"": ""Elly De La Cruz"", ""bats"": ""S"", ""obp"": 0.3458646616541353, ""slg"": 0.497907949790795, ""iso"": 0.22175732217573224, ""ab"": 239}, {""id"": 668709, ""name"": ""JJ Bleday"", ""bats"": ""L"", ""obp"": 0.3486238532110092, ""slg"": 0.5243243243243243, ""iso"": 0.28108108108108104, ""ab"": 185}]","[{""name"": ""away_top3c_iso"", ""value"": 0.2128, ""contribution"": 0.2414}, {""name"": ""home_xera"", ""value"": 2.0935, ""contribution"": -0.2072}, {""name"": ""away_top3c_slg"", ""value"": 0.4787, ""contribution"": -0.1948}, {""name"": ""home_fip"", ""value"": 2.622, ""contribution"": -0.1523}, {""name"": ""era_gap_t1"", ""value"": -0.9389, ""contribution"": -0.101}]","[{""name"": ""home_top3c_slg"", ""value"": 0.476, ""contribution"": -0.2212}, {""name"": ""home_top3c_iso"", ""value"": 0.2062, ""contribution"": 0.1285}, {""name"": ""home_obp"", ""value"": 0.332, ""contribution"": 0.1277}, {""name"": ""fi_park_nrfi_rate"", ""value"": 0.5188, ""contribution"": -0.1113}, {""name"": ""era_gap_b1"", ""value"": 0.9389, ""contribution"": 0.0635}]",605672,0.5283,2.094,3.784,86.0,43.0,0.751,0.6942,5.6,5.6,0.8287,0.7797,L,R,YRFI,LOSS,0,1,1,2026-06-26T22:57:48+00:00,-135,+100,DraftKings,2026-06-26T22:53:35+00:00,0.5745,0.5,-0.032,-0.0425,-0.032,N,0.5,0,-135,+100,2026-06-26T21:34:54+00:00,0,0.6403,NRFI,STRONG,,,,,,,
2026-06-26,2026,824255,1,N,HOU,DET,6:40 PM ET,Spencer Arrighetti,Keider Montero,681293,672456,live,live,live,live,0.98,0.4607,0.4997,0.9604,0.3726,0.3017,0.6743,0.5065,0.4935,0.2497,0.7503,,,NRFI,LEAN,LEAN NRFI,4,2026-06-26T21:31:43Z,3.638,3.893,1.239,1.119,4.055,4.259,3.95,2.29,0.97,1.17,8.74,6.49,0.316,0.313,0.41,0.394,4.485,4.089,22.1,9.4,63.0,0.0,1.0,0.6,1.0,0.8,0.3481,0.3819,0.4767,0.5054,0.2137,0.2209,lineup,lineup,"[{""id"": 701678, ""name"": ""Hao-Yu Lee"", ""bats"": ""R"", ""obp"": 0.2833333333333333, ""slg"": 0.3652173913043478, ""iso"": 0.11304347826086958, ""ab"": 115}, {""id"": 693307, ""name"": ""Dillon Dingler"", ""bats"": ""R"", ""obp"": 0.3355048859934853, ""slg"": 0.5434782608695652, ""iso"": 0.27536231884057966, ""ab"": 276}, {""id"": 701162, ""name"": ""Ben Malgeri"", ""bats"": ""R"", ""obp"": 0.2857142857142857, ""slg"": 0.3333333333333333, ""iso"": 0.0, ""ab"": 6}]","[{""id"": 665161, ""name"": ""Jeremy Pe\u00f1a"", ""bats"": ""R"", ""obp"": 0.35638297872340424, ""slg"": 0.44970414201183434, ""iso"": 0.1597633136094675, ""ab"": 169}, {""id"": 676694, ""name"": ""Jake Meyers"", ""bats"": ""R"", ""obp"": 0.26119402985074625, ""slg"": 0.3170731707317073, ""iso"": 0.11382113821138212, ""ab"": 123}, {""id"": 669384, ""name"": ""Raynel Delgado"", ""bats"": ""L"", ""obp"": 0.2857142857142857, ""slg"": 0.2857142857142857, ""iso"": 0.0, ""ab"": 21}]","[{""name"": ""away_top3c_slg"", ""value"": 0.5054, ""contribution"": -0.33}, {""name"": ""away_top3c_iso"", ""value"": 0.2209, ""contribution"": 0.2985}, {""name"": ""fi_park_nrfi_rate"", ""value"": 0.5322, ""contribution"": -0.1188}, {""name"": ""away_top3_ops_vs_oppHand"", ""value"": 0.8837, ""contribution"": 0.1187}, {""name"": ""home_p_last10_pitcher_nrfi"", ""value"": 1.0, ""contribution"": 0.1107}]","[{""name"": ""home_top3c_slg"", ""value"": 0.4767, ""contribution"": -0.2256}, {""name"": ""fi_park_nrfi_rate"", ""value"": 0.5322, ""contribution"": -0.1826}, {""name"": ""home_top3c_iso"", ""value"": 0.2137, ""contribution"": 0.1638}, {""name"": ""home_top3_ops_vs_oppHand"", ""value"": 0.858, ""contribution"": 0.1132}, {""name"": ""away_whiff_pct_rank"", ""value"": 68.0, ""contribution"": -0.0782}]",427013,0.504,4.024,5.475,9.0,68.0,0.7136,0.7272,6.0,5.6,0.8837,0.858,R,R,NRFI,WIN,0,0,0,2026-06-26T22:53:20+00:00,-105,-125,DraftKings,2026-06-26T22:53:35+00:00,0.5122,0.5556,-0.0057,-0.0621,-0.0057,N,0.5,0,-105,-125,2026-06-26T21:34:54+00:00,0,0.4658,PASS,NO EDGE,,,,,,,
2026-06-26,2026,824743,1,N,NYY,BOS,7:10 PM ET,Will Warren,Payton Tolle,701542,801139,live,ltd,live,live,1.05,0.4823,0.4894,0.9717,0.3414,0.3253,0.6667,0.53,0.47,0.2538,0.7462,,,NRFI,LEAN,LEAN NRFI,4,2026-06-26T22:07:45Z,3.785,3.499,1.344,1.155,3.639,3.668,3.2,2.68,1.02,0.98,9.62,8.72,0.327,0.313,0.431,0.388,4.953,4.048,25.6,11.7,65.0,0.0,1.0,0.8,0.8,0.8,0.3324,0.3488,0.4248,0.4975,0.1504,0.2231,lineup,lineup,"[{""id"": 681508, ""name"": ""Mickey Gasper"", ""bats"": ""S"", ""obp"": 0.3157894736842105, ""slg"": 0.32038834951456313, ""iso"": 0.06796116504854371, ""ab"": 103}, {""id"": 678882, ""name"": ""Ceddanne Rafaela"", ""bats"": ""R"", ""obp"": 0.33557046979865773, ""slg"": 0.44765342960288806, ""iso"": 0.16245487364620936, ""ab"": 277}, {""id"": 677800, ""name"": ""Wilyer Abreu"", ""bats"": ""L"", ""obp"": 0.33534743202416917, ""slg"": 0.4395973154362416, ""iso"": 0.16778523489932884, ""ab"": 298}]","[{""id"": 502671, ""name"": ""Paul Goldschmidt"", ""bats"": ""R"", ""obp"": 0.3611111111111111, ""slg"": 0.5714285714285714, ""iso"": 0.2704081632653061, ""ab"": 196}, {""id"": 700250, ""name"": ""Ben Rice"", ""bats"": ""L"", ""obp"": 0.3723076923076923, ""slg"": 0.5836298932384342, ""iso"": 0.302491103202847, ""ab"": 281}, {""id"": 641355, ""name"": ""Cody Bellinger"", ""bats"": ""L"", ""obp"": 0.36470588235294116, ""slg"": 0.4583333333333333, ""iso"": 0.1909722222222222, ""ab"": 288}]","[{""name"": ""away_top3c_iso"", ""value"": 0.2231, ""contribution"": 0.3145}, {""name"": ""away_top3c_slg"", ""value"": 0.4975, ""contribution"": -0.29}, {""name"": ""away_top3_ops_vs_oppHand"", ""value"": 0.9493, ""contribution"": 0.1856}, {""name"": ""home_xera"", ""value"": 3.3267, ""contribution"": -0.0808}, {""name"": ""fi_park_nrfi_rate"", ""value"": 0.5121, ""contribution"": -0.0494}]","[{""name"": ""home_top3c_iso"", ""value"": 0.1504, ""contribution"": -0.1349}, {""name"": ""home_top3c_slg"", ""value"": 0.4248, ""contribution"": 0.097}, {""name"": ""fi_park_nrfi_rate"", ""value"": 0.5121, ""contribution"": -0.076}, {""name"": ""home_top3_ops_vs_oppHand"", ""value"": 0.7117, ""contribution"": -0.062}, {""name"": ""away_whiff_pct_rank"", ""value"": 39.0, ""contribution"": 0.047}]",658325,0.5084,3.327,4.345,100.0,39.0,0.7272,0.7075,5.53,5.2,0.9493,0.7117,R,L,YRFI,LOSS,0,1,1,2026-06-26T23:24:42+00:00,-110,-120,DraftKings,2026-06-26T23:29:11+00:00,0.5238,0.5455,0.0062,-0.0755,0.0062,N,0.5,0,-110,-120,2026-06-26T22:04:54+00:00,0,0.4877,PASS,NO EDGE,,,,,,,
2026-06-26,2026,823206,1,N,ATL,SF,10:15 PM ET,Reynaldo López,Trevor McDonald,625643,686790,ltd,ltd,live,live,0.94,0.4759,0.533,1.0089,0.3471,0.3824,0.7296,0.4772,0.5228,0.2675,0.7325,,,PASS,NO EDGE,PASS - No edge,4,2026-06-27T02:08:42Z,3.822,4.573,1.317,1.302,4.439,3.93,3.68,3.28,1.23,0.99,8.43,8.54,0.314,0.31,0.415,0.417,4.814,4.163,18.3,22.5,87.0,0.0,0.4,0.4,0.6,0.3333,0.3478,0.3319,0.4813,0.4871,0.1789,0.2077,lineup,lineup,"[{""id"": 650333, ""name"": ""Luis Arraez"", ""bats"": ""L"", ""obp"": 0.3577981651376147, ""slg"": 0.44481605351170567, ""iso"": 0.12374581939799328, ""ab"": 299}, {""id"": 805811, ""name"": ""Bryce Eldridge"", ""bats"": ""L"", ""obp"": 0.3782051282051282, ""slg"": 0.48120300751879697, ""iso"": 0.20300751879699247, ""ab"": 133}, {""id"": 669477, ""name"": ""Casey Schmitt"", ""bats"": ""R"", ""obp"": 0.32131147540983607, ""slg"": 0.5190311418685121, ""iso"": 0.22491349480968853, ""ab"": 289}]","[{""id"": 671739, ""name"": ""Michael Harris II"", ""bats"": ""L"", ""obp"": 0.33691756272401435, ""slg"": 0.5132075471698113, ""iso"": 0.20754716981132076, ""ab"": 265}, {""id"": 643289, ""name"": ""Mauricio Dub\u00f3n"", ""bats"": ""R"", ""obp"": 0.31561461794019935, ""slg"": 0.41785714285714287, ""iso"": 0.15357142857142858, ""ab"": 280}, {""id"": 621566, ""name"": ""Matt Olson"", ""bats"": ""L"", ""obp"": 0.34202898550724636, ""slg"": 0.5276872964169381, ""iso"": 0.25732899022801303, ""ab"": 307}]","[{""name"": ""away_top3c_slg"", ""value"": 0.4871, ""contribution"": -0.2371}, {""name"": ""away_top3c_iso"", ""value"": 0.2077, ""contribution"": 0.2061}, {""name"": ""era_gap_t1"", ""value"": 0.7511, ""contribution"": 0.0819}, {""name"": ""away_top3_ops_vs_oppHand"", ""value"": 0.843, ""contribution"": 0.0772}, {""name"": ""wx_wind_kmh"", ""value"": 22.5, ""contribution"": 0.049}]","[{""name"": ""home_top3c_slg"", ""value"": 0.4813, ""contribution"": -0.254}, {""name"": ""away_p_last10_pitcher_nrfi"", ""value"": 0.3333, ""contribution"": 0.126}, {""name"": ""wx_wind_kmh"", ""value"": 22.5, ""contribution"": 0.1158}, {""name"": ""home_top3_ops_vs_oppHand"", ""value"": 0.8337, ""contribution"": 0.084}, {""name"": ""era_gap_b1"", ""value"": -0.7511, ""contribution"": -0.0515}]",483630,0.522,4.2,4.898,50.0,50.0,0.7136,0.7272,4.6,4.33,0.843,0.8337,R,R,YRFI,PASS,0,1,1,2026-06-27T02:31:59+00:00,-120,-110,DraftKings,2026-06-27T02:44:01+00:00,0.5455,0.5238,-0.0683,-0.001,,N,,,-120,-110,2026-06-27T02:11:53+00:00,,0.4521,PASS,NO EDGE,,,,,,,
2026-06-26,2026,823610,1,N,PHI,NYM,7:10 PM ET,Zack Wheeler,Zach Thornton,554430,804267,live,sm,live,live,0.96,0.4869,0.3565,0.8434,0.3729,0.2539,0.6268,0.5479,0.4521,0.2069,0.7931,,,NRFI,LEAN,LEAN NRFI,4,2026-06-26T22:07:45Z,2.332,4.555,0.902,1.271,3.306,4.377,2.24,3.07,1.09,1.3,10.1,8.55,0.304,0.302,0.403,0.382,4.443,4.12,26.1,14.4,67.0,0.0,0.0,0.8,0.0,0.8,0.3345,0.3411,0.4393,0.4783,0.1726,0.2274,lineup,lineup,"[{""id"": 701807, ""name"": ""Carson Benge"", ""bats"": ""L"", ""obp"": 0.31962025316455694, ""slg"": 0.39792387543252594, ""iso"": 0.14186851211072665, ""ab"": 289}, {""id"": 665742, ""name"": ""Juan Soto"", ""bats"": ""L"", ""obp"": 0.39923954372623577, ""slg"": 0.5669642857142857, ""iso"": 0.26785714285714285, ""ab"": 224}, {""id"": 666182, ""name"": ""Bo Bichette"", ""bats"": ""R"", ""obp"": 0.2994350282485876, ""slg"": 0.38837920489296635, ""iso"": 0.1345565749235474, ""ab"": 327}]","[{""id"": 607208, ""name"": ""Trea Turner"", ""bats"": ""R"", ""obp"": 0.28160919540229884, ""slg"": 0.33641975308641975, ""iso"": 0.10493827160493827, ""ab"": 324}, {""id"": 656941, ""name"": ""Kyle Schwarber"", ""bats"": ""L"", ""obp"": 0.37026239067055394, ""slg"": 0.593103448275862, ""iso"": 0.3379310344827586, ""ab"": 290}, {""id"": 547180, ""name"": ""Bryce Harper"", ""bats"": ""L"", ""obp"": 0.3727810650887574, ""slg"": 0.5229681978798587, ""iso"": 0.2544169611307421, ""ab"": 283}]","[{""name"": ""away_top3c_iso"", ""value"": 0.2274, ""contribution"": 0.3447}, {""name"": ""home_p_last10_pitcher_nrfi"", ""value"": 0.0, ""contribution"": -0.2798}, {""name"": ""era_gap_t1"", ""value"": 2.2229, ""contribution"": 0.2413}, {""name"": ""away_top3c_slg"", ""value"": 0.4783, ""contribution"": -0.1924}, {""name"": ""home_fip"", ""value"": 4.3774, ""contribution"": 0.0448}]","[{""name"": ""away_whiff_pct_rank"", ""value"": 93.0, ""contribution"": -0.1861}, {""name"": ""era_gap_b1"", ""value"": -2.2229, ""contribution"": -0.1516}, {""name"": ""home_obp"", ""value"": 0.3017, ""contribution"": -0.085}, {""name"": ""away_fip"", ""value"": 3.3059, ""contribution"": -0.0729}, {""name"": ""wx_temp_c"", ""value"": 26.1, ""contribution"": 0.0405}]",573597,0.4761,4.2,1.949,50.0,93.0,0.7136,0.7335,4.33,6.13,0.74,0.797,R,L,YRFI,LOSS,1,0,1,2026-06-26T23:30:39+00:00,-115,-115,DraftKings,2026-06-26T23:29:11+00:00,0.5349,0.5349,0.013,-0.0828,0.013,N,0.5,0,-115,-115,2026-06-26T22:04:54+00:00,0,0.6370,NRFI,STRONG,,,,,,,
2026-06-26,2026,824582,1,N,KC,CWS,7:40 PM ET,Steven Cruz,David Sandlin,674444,689818,ltd,sm,live,live,0.98,0.5484,0.6506,1.199,0.2973,0.5463,0.8436,0.4071,0.5929,0.337,0.663,,,YRFI,STRONG,STRONG YRFI,4,2026-06-26T22:39:46Z,4.83,5.14,1.354,1.302,5.147,4.786,3.87,3.39,1.86,1.59,9.56,8.96,0.318,0.318,0.396,0.41,4.304,4.59,18.1,14.8,85.0,0.0,0.0,0.5,0.0,0.5,0.3675,0.3417,0.4458,0.4619,0.1861,0.1916,lineup,lineup,"[{""id"": 803011, ""name"": ""Sam Antonacci"", ""bats"": ""L"", ""obp"": 0.38589211618257263, ""slg"": 0.41262135922330095, ""iso"": 0.1262135922330097, ""ab"": 206}, {""id"": 670950, ""name"": ""Trevor Richards"", ""bats"": ""R"", ""obp"": null, ""slg"": null, ""iso"": null, ""ab"": null}, {""id"": 691019, ""name"": ""Kyle Teel"", ""bats"": ""L"", ""obp"": 0.3333333333333333, ""slg"": 0.14285714285714285, ""iso"": 0.0, ""ab"": 7}]","[{""id"": 695600, ""name"": ""Carter Jensen"", ""bats"": ""L"", ""obp"": 0.313588850174216, ""slg"": 0.43700787401574803, ""iso"": 0.19291338582677164, ""ab"": 254}, {""id"": 677951, ""name"": ""Bobby Witt Jr."", ""bats"": ""R"", ""obp"": 0.36795252225519287, ""slg"": 0.46488294314381273, ""iso"": 0.1705685618729097, ""ab"": 299}, {""id"": 695506, ""name"": ""Jac Caglianone"", ""bats"": ""L"", ""obp"": 0.3391003460207612, ""slg"": 0.4827586206896552, ""iso"": 0.2145593869731801, ""ab"": 261}]","[{""name"": ""home_p_last10_pitcher_nrfi"", ""value"": 0.0, ""contribution"": -0.2798}, {""name"": ""away_top3c_slg"", ""value"": 0.4619, ""contribution"": -0.1096}, {""name"": ""away_top3c_iso"", ""value"": 0.1916, ""contribution"": 0.0927}, {""name"": ""home_fip"", ""value"": 4.7856, ""contribution"": 0.0906}, {""name"": ""fi_park_nrfi_rate"", ""value"": 0.473, ""contribution"": 0.0859}]","[{""name"": ""fi_park_nrfi_rate"", ""value"": 0.473, ""contribution"": 0.1321}, {""name"": ""away_fip"", ""value"": 5.147, ""contribution"": 0.1239}, {""name"": ""home_top3c_obp"", ""value"": 0.3675, ""contribution"": 0.0953}, {""name"": ""away_p_last10_pitcher_nrfi"", ""value"": 0.5, ""contribution"": 0.0713}, {""name"": ""wx_wind_kmh"", ""value"": 14.8, ""contribution"": 0.0348}]",503493,0.522,4.2,4.2,50.0,50.0,0.7136,0.7272,5.0,5.0,0.785,0.7723,R,R,NRFI,LOSS,0,0,0,2026-06-26T23:56:06+00:00,-135,+100,DraftKings,2026-06-26T22:42:58+00:00,0.5745,0.5,-0.1674,0.0929,0.0929,Y,1,-1,-135,+100,2026-06-26T22:37:23+00:00,0,0.4658,PASS,NO EDGE,,,,,,,
2026-06-27,2026,822960,1,N,ARI,TB,6:10 PM ET,Jose Cabrera,Cole Sulser,703615,642121,sm,ltd,live,live,0.93,0.4527,0.4564,0.9091,0.541,0.4555,0.9965,0.369,0.631,0.2308,0.7692,,,YRFI,STRONG,STRONG YRFI,4,2026-06-27T21:05:59Z,3.707,4.482,1.187,1.38,3.932,3.923,2.6,3.15,1.08,1.1,8.38,9.1,0.31,0.333,0.389,0.392,4.318,4.516,,,,1.0,1.0,1.0,1.0,1.0,0.3937,0.3441,0.5017,0.4524,0.1993,0.1917,lineup,lineup,"[{""id"": 650490, ""name"": ""Yandy D\u00edaz"", ""bats"": ""R"", ""obp"": 0.4161676646706587, ""slg"": 0.5172413793103449, ""iso"": 0.1827586206896552, ""ab"": 290}, {""id"": 666018, ""name"": ""Jonathan Aranda"", ""bats"": ""L"", ""obp"": 0.3870967741935484, ""slg"": 0.45964912280701753, ""iso"": 0.1719298245614035, ""ab"": 285}, {""id"": 691406, ""name"": ""Junior Caminero"", ""bats"": ""R"", ""obp"": 0.3786127167630058, ""slg"": 0.5268456375838926, ""iso"": 0.24161073825503354, ""ab"": 298}]","[{""id"": 606466, ""name"": ""Ketel Marte"", ""bats"": ""S"", ""obp"": 0.31563421828908556, ""slg"": 0.45483870967741935, ""iso"": 0.1935483870967742, ""ab"": 310}, {""id"": 672695, ""name"": ""Geraldo Perdomo"", ""bats"": ""S"", ""obp"": 0.3507692307692308, ""slg"": 0.35185185185185186, ""iso"": 0.11481481481481481, ""ab"": 270}, {""id"": 682998, ""name"": ""Corbin Carroll"", ""bats"": ""L"", ""obp"": 0.3663663663663664, ""slg"": 0.5429553264604811, ""iso"": 0.26116838487972505, ""ab"": 291}]","[{""name"": ""fi_park_nrfi_rate"", ""value"": 0.4376, ""contribution"": 0.2081}, {""name"": ""home_p_last10_pitcher_nrfi"", ""value"": 1.0, ""contribution"": 0.1107}, {""name"": ""home_avg_ip_per_start"", ""value"": 2.0, ""contribution"": 0.1022}, {""name"": ""home_xera"", ""value"": 5.1, ""contribution"": 0.1009}, {""name"": ""away_top3c_iso"", ""value"": 0.1917, ""contribution"": 0.0933}]","[{""name"": ""home_top3c_slg"", ""value"": 0.5017, ""contribution"": -0.3809}, {""name"": ""fi_park_nrfi_rate"", ""value"": 0.4376, ""contribution"": 0.3199}, {""name"": ""home_top3_ops_vs_oppHand"", ""value"": 0.9293, ""contribution"": 0.1986}, {""name"": ""home_top3c_obp"", ""value"": 0.3937, ""contribution"": 0.1874}, {""name"": ""home_obp"", ""value"": 0.3328, ""contribution"": 0.1331}]",427344,0.4727,5.1,4.2,33.0,50.0,0.7136,0.7136,2.0,5.0,0.7547,0.9293,R,R,YRFI,WIN,1,1,2,2026-06-27T22:28:09+00:00,-110,-120,DraftKings,2026-06-27T21:19:49+00:00,0.5238,0.5455,-0.1548,0.0855,0.0855,Y,1,0.833,-110,-120,2026-06-27T21:09:06+00:00,0,0.4144,YRFI,STRONG,,,,,,,
2026-06-27,2026,824581,1,N,KC,CWS,4:10 PM ET,Michael Wacha,Davis Martin,608379,663436,live,live,live,live,0.98,0.3931,0.464,0.8571,0.3925,0.4694,0.8619,0.4064,0.5936,0.2119,0.7881,,,YRFI,STRONG,STRONG YRFI,4,2026-06-27T19:06:16Z,3.588,3.469,1.177,1.228,3.805,3.451,2.52,2.58,0.86,0.82,6.78,8.23,0.317,0.321,0.395,0.416,4.27,4.774,20.7,15.0,84.0,0.0,1.0,0.6,0.9,0.8,0.3486,0.3416,0.4503,0.4612,0.1934,0.1917,lineup,lineup,"[{""id"": 803011, ""name"": ""Sam Antonacci"", ""bats"": ""L"", ""obp"": 0.39271255060728744, ""slg"": 0.41706161137440756, ""iso"": 0.12322274881516587, ""ab"": 211}, {""id"": 678246, ""name"": ""Miguel Vargas"", ""bats"": ""R"", ""obp"": 0.3567251461988304, ""slg"": 0.4844290657439446, ""iso"": 0.23875432525951557, ""ab"": 289}, {""id"": 545341, ""name"": ""Randal Grichuk"", ""bats"": ""R"", ""obp"": 0.3050847457627119, ""slg"": 0.5855855855855856, ""iso"": 0.3153153153153153, ""ab"": 111}]","[{""id"": 695600, ""name"": ""Carter Jensen"", ""bats"": ""L"", ""obp"": 0.3127147766323024, ""slg"": 0.43410852713178294, ""iso"": 0.18992248062015504, ""ab"": 258}, {""id"": 677951, ""name"": ""Bobby Witt Jr."", ""bats"": ""R"", ""obp"": 0.36656891495601174, ""slg"": 0.4602649006622517, ""iso"": 0.1688741721854305, ""ab"": 302}, {""id"": 695506, ""name"": ""Jac Caglianone"", ""bats"": ""L"", ""obp"": 0.3412969283276451, ""slg"": 0.48863636363636365, ""iso"": 0.21969696969696972, ""ab"": 264}]","[{""name"": ""away_top3c_slg"", ""value"": 0.4612, ""contribution"": -0.1058}, {""name"": ""away_top3c_iso"", ""value"": 0.1917, ""contribution"": 0.0934}, {""name"": ""fi_park_nrfi_rate"", ""value"": 0.473, ""contribution"": 0.0859}, {""name"": ""home_xera"", ""value"": 4.8709, ""contribution"": 0.0774}, {""name"": ""home_p_last10_pitcher_nrfi"", ""value"": 0.9, ""contribution"": 0.0716}]","[{""name"": ""fi_park_nrfi_rate"", ""value"": 0.473, ""contribution"": 0.1321}, {""name"": ""home_top3c_iso"", ""value"": 0.1934, ""contribution"": 0.0678}, {""name"": ""home_top3c_slg"", ""value"": 0.4503, ""contribution"": -0.0614}, {""name"": ""home_obp"", ""value"": 0.3211, ""contribution"": 0.0508}, {""name"": ""home_top3_ops_vs_oppHand"", ""value"": 0.805, ""contribution"": 0.0497}]",596805,0.4819,4.871,4.274,29.0,40.0,0.751,0.768,5.2,6.13,0.7873,0.805,R,R,NRFI,LOSS,0,0,0,2026-06-27T20:21:22+00:00,-125,-105,DraftKings,2026-06-27T19:11:13+00:00,0.5556,0.5122,-0.1492,0.0814,0.0814,Y,1,-1,-125,-105,2026-06-27T19:03:04+00:00,0,0.4132,YRFI,STRONG,,,,,,,
2026-06-27,2026,823770,1,N,CHC,MIL,7:10 PM ET,David Peterson,Kyle Harrison,656849,690986,live,live,live,live,1.03,0.4474,0.6269,1.0744,0.2031,0.2907,0.4938,0.612,0.388,0.2916,0.7084,,,NRFI,LEAN,LEAN NRFI,4,2026-06-27T22:08:11Z,5.397,3.082,1.546,1.144,3.703,3.378,3.79,2.56,0.72,1.06,8.22,10.22,0.333,0.334,0.403,0.396,4.83,5.112,,,,1.0,0.8,0.2,0.8,0.2,0.3623,0.3506,0.465,0.4698,0.1788,0.2018,lineup,lineup,"[{""id"": 694192, ""name"": ""Jackson Chourio"", ""bats"": ""R"", ""obp"": 0.3476190476190476, ""slg"": 0.5257731958762887, ""iso"": 0.22680412371134023, ""ab"": 194}, {""id"": 668930, ""name"": ""Brice Turang"", ""bats"": ""L"", ""obp"": 0.363905325443787, ""slg"": 0.44947735191637633, ""iso"": 0.19163763066202094, ""ab"": 287}, {""id"": 661388, ""name"": ""William Contreras"", ""bats"": ""R"", ""obp"": 0.37003058103975534, ""slg"": 0.43986254295532645, ""iso"": 0.134020618556701, ""ab"": 291}]","[{""id"": 691718, ""name"": ""Pete Crow-Armstrong"", ""bats"": ""L"", ""obp"": 0.3654390934844193, ""slg"": 0.5161290322580645, ""iso"": 0.23225806451612901, ""ab"": 310}, {""id"": 681909, ""name"": ""Justin Dean"", ""bats"": ""R"", ""obp"": 0.6666666666666666, ""slg"": 1.3333333333333333, ""iso"": 0.6666666666666666, ""ab"": 3}, {""id"": 673548, ""name"": ""Seiya Suzuki"", ""bats"": ""R"", ""obp"": 0.35125448028673834, ""slg"": 0.4380165289256198, ""iso"": 0.1776859504132231, ""ab"": 242}]","[{""name"": ""fi_park_nrfi_rate"", ""value"": 0.5899, ""contribution"": -0.3182}, {""name"": ""era_gap_t1"", ""value"": -2.3158, ""contribution"": -0.2501}, {""name"": ""away_top3c_iso"", ""value"": 0.2018, ""contribution"": 0.1639}, {""name"": ""away_top3c_slg"", ""value"": 0.4698, ""contribution"": -0.1496}, {""name"": ""away_top3_ops_vs_oppHand"", ""value"": 0.847, ""contribution"": 0.0813}]","[{""name"": ""fi_park_nrfi_rate"", ""value"": 0.5899, ""contribution"": -0.4892}, {""name"": ""away_p_last10_pitcher_nrfi"", ""value"": 0.2, ""contribution"": 0.1698}, {""name"": ""era_gap_b1"", ""value"": 2.3158, ""contribution"": 0.1572}, {""name"": ""home_top3c_slg"", ""value"": 0.465, ""contribution"": -0.153}, {""name"": ""home_obp"", ""value"": 0.3345, ""contribution"": 0.1449}]",427537,0.4944,4.038,4.593,74.0,68.0,0.7136,0.751,5.27,4.53,0.847,0.7753,L,L,YRFI,LOSS,0,1,1,2026-06-27T23:21:47+00:00,-150,+115,DraftKings,2026-06-27T23:30:57+00:00,0.6,0.4651,0.012,-0.0771,0.012,N,0.5,0,-145,+110,2026-06-27T22:06:42+00:00,0.0082,0.4877,PASS,NO EDGE,,,,,,,
2026-06-27,2026,824015,1,N,OAK,LAA,9:38 PM ET,Jack Perkins,Reid Detmers,678022,672282,ltd,live,live,live,0.99,0.4144,0.5148,0.9291,0.329,0.4814,0.8105,0.4384,0.5616,0.2382,0.7618,,,PASS,LOW LAMBDA,PASS - Low lambda,4,2026-06-28T01:07:43Z,5.291,3.969,1.304,1.119,3.792,3.099,3.23,2.85,1.15,0.78,10.03,10.01,0.327,0.319,0.413,0.399,4.655,4.536,24.2,17.2,61.0,0.0,0.6,0.6,0.7,0.625,0.3281,0.3839,0.4286,0.4986,0.1851,0.2178,lineup,lineup,"[{""id"": 687263, ""name"": ""Zach Neto"", ""bats"": ""R"", ""obp"": 0.325068870523416, ""slg"": 0.4525316455696203, ""iso"": 0.2246835443037975, ""ab"": 316}, {""id"": 694203, ""name"": ""Denzer Guzman"", ""bats"": ""R"", ""obp"": 0.3230769230769231, ""slg"": 0.4406779661016949, ""iso"": 0.1864406779661017, ""ab"": 59}, {""id"": 694384, ""name"": ""Nolan Schanuel"", ""bats"": ""L"", ""obp"": 0.3333333333333333, ""slg"": 0.3941908713692946, ""iso"": 0.13278008298755184, ""ab"": 241}]","[{""id"": 703607, ""name"": ""Henry Bolte"", ""bats"": ""R"", ""obp"": 0.4013605442176871, ""slg"": 0.4126984126984127, ""iso"": 0.09523809523809523, ""ab"": 126}, {""id"": 701762, ""name"": ""Nick Kurtz"", ""bats"": ""L"", ""obp"": 0.42587601078167114, ""slg"": 0.5304054054054054, ""iso"": 0.24999999999999994, ""ab"": 296}, {""id"": 669127, ""name"": ""Shea Langeliers"", ""bats"": ""R"", ""obp"": 0.3303834808259587, ""slg"": 0.5032467532467533, ""iso"": 0.23701298701298706, ""ab"": 308}]","[{""name"": ""away_top3c_slg"", ""value"": 0.4986, ""contribution"": -0.2956}, {""name"": ""away_top3c_iso"", ""value"": 0.2178, ""contribution"": 0.2769}, {""name"": ""away_top3_ops_vs_oppHand"", ""value"": 0.9697, ""contribution"": 0.2063}, {""name"": ""fi_park_nrfi_rate"", ""value"": 0.4526, ""contribution"": 0.1563}, {""name"": ""era_gap_t1"", ""value"": -1.3222, ""contribution"": -0.1425}]","[{""name"": ""fi_park_nrfi_rate"", ""value"": 0.4526, ""contribution"": 0.2403}, {""name"": ""away_whiff_pct_rank"", ""value"": 90.0, ""contribution"": -0.1731}, {""name"": ""era_gap_b1"", ""value"": 1.3222, ""contribution"": 0.0896}, {""name"": ""home_top3c_slg"", ""value"": 0.4286, ""contribution"": 0.0734}, {""name"": ""wx_wind_kmh"", ""value"": 17.2, ""contribution"": 0.0601}]",521051,0.4691,3.122,3.41,65.0,90.0,0.7136,0.7272,6.2,4.6,0.9697,0.74,R,L,NRFI,PASS,0,0,0,2026-06-28T01:52:36+00:00,-140,+105,DraftKings,2026-06-28T01:26:50+00:00,0.5833,0.4878,-0.1449,0.0738,,N,,,-140,+105,2026-06-28T01:26:50+00:00,,0.4589,PASS,NO EDGE,,,,,,,
2026-06-27,2026,823689,1,N,COL,MIN,7:10 PM ET,Michael Lorenzen,Mike Paredes,547179,702474,live,sm,live,live,0.97,0.5055,0.6133,1.1188,0.3607,0.4572,0.8179,0.4331,0.5669,0.3079,0.6921,,,PASS,LOW LAMBDA,PASS - Low lambda,4,2026-06-27T23:06:35Z,6.258,4.13,1.658,1.24,4.698,4.373,2.87,3.3,1.56,1.11,7.83,7.48,0.323,0.321,0.411,0.41,4.582,4.811,27.1,18.6,39.0,0.0,1.0,0.8,1.0,0.7,0.3369,0.3238,0.504,0.5195,0.2386,0.2508,lineup,lineup,"[{""id"": 663616, ""name"": ""Trevor Larnach"", ""bats"": ""L"", ""obp"": 0.37656903765690375, ""slg"": 0.4251207729468599, ""iso"": 0.14492753623188404, ""ab"": 207}, {""id"": 621439, ""name"": ""Byron Buxton"", ""bats"": ""R"", ""obp"": 0.33125, ""slg"": 0.5884353741496599, ""iso"": 0.3129251700680272, ""ab"": 294}, {""id"": 668885, ""name"": ""Austin Martin"", ""bats"": ""R"", ""obp"": 0.3534136546184739, ""slg"": 0.32547169811320753, ""iso"": 0.080188679245283, ""ab"": 212}]","[{""id"": 664983, ""name"": ""Jake McCarthy"", ""bats"": ""L"", ""obp"": 0.3432203389830508, ""slg"": 0.48623853211009177, ""iso"": 0.1834862385321101, ""ab"": 218}, {""id"": 678662, ""name"": ""Ezequiel Tovar"", ""bats"": ""R"", ""obp"": 0.25259515570934254, ""slg"": 0.3308550185873606, ""iso"": 0.12267657992565056, ""ab"": 269}, {""id"": 696100, ""name"": ""Hunter Goodman"", ""bats"": ""R"", ""obp"": 0.3072100313479624, ""slg"": 0.5104166666666666, ""iso"": 0.27083333333333326, ""ab"": 288}]","[{""name"": ""away_top3c_iso"", ""value"": 0.2508, ""contribution"": 0.509}, {""name"": ""away_top3c_slg"", ""value"": 0.5195, ""contribution"": -0.4014}, {""name"": ""era_gap_t1"", ""value"": -2.1283, ""contribution"": -0.2298}, {""name"": ""fi_park_nrfi_rate"", ""value"": 0.5348, ""contribution"": -0.1278}, {""name"": ""home_p_last10_pitcher_nrfi"", ""value"": 1.0, ""contribution"": 0.1107}]","[{""name"": ""home_top3c_slg"", ""value"": 0.504, ""contribution"": -0.3952}, {""name"": ""home_top3c_iso"", ""value"": 0.2386, ""contribution"": 0.2813}, {""name"": ""fi_park_nrfi_rate"", ""value"": 0.5348, ""contribution"": -0.1964}, {""name"": ""era_gap_b1"", ""value"": 2.1283, ""contribution"": 0.1444}, {""name"": ""home_top3_ops_vs_oppHand"", ""value"": 0.8797, ""contribution"": 0.1391}]",575629,0.4774,4.2,4.664,50.0,38.0,0.7136,0.678,4.22,4.47,0.865,0.8797,R,R,YRFI,PASS,1,1,2,2026-06-27T23:31:58+00:00,+110,-140,DraftKings,2026-06-27T23:30:57+00:00,0.4762,0.5833,-0.0431,-0.0164,,N,,,+110,-140,2026-06-27T23:09:44+00:00,,0.4640,PASS,NO EDGE,,,,,,,
2026-06-27,2026,823283,1,N,LAD,SD,8:40 PM ET,Yoshinobu Yamamoto,Kyle Hart,808967,606996,live,ltd,live,live,0.95,0.4585,0.3462,0.8047,0.337,0.2246,0.5616,0.5586,0.4414,0.1929,0.8071,,,NRFI,LEAN,LEAN NRFI,4,2026-06-27T23:37:34Z,2.601,4.533,0.907,1.117,3.223,3.8,2.1,2.77,0.91,0.91,9.08,7.77,0.34,0.299,0.432,0.372,5.067,4.037,21.7,14.5,72.0,0.0,0.6,0.8,0.5,0.6,0.3221,0.3695,0.365,0.5017,0.1071,0.22,lineup,lineup,"[{""id"": 665487, ""name"": ""Fernando Tatis Jr."", ""bats"": ""R"", ""obp"": 0.347953216374269, ""slg"": 0.3704918032786885, ""iso"": 0.08524590163934426, ""ab"": 305}, {""id"": 669392, ""name"": ""Samad Taylor"", ""bats"": ""R"", ""obp"": 0.43478260869565216, ""slg"": 0.4262295081967213, ""iso"": 0.06557377049180324, ""ab"": 61}, {""id"": 701538, ""name"": ""Jackson Merrill"", ""bats"": ""L"", ""obp"": 0.2701863354037267, ""slg"": 0.3468013468013468, ""iso"": 0.13804713804713803, ""ab"": 297}]","[{""id"": 660271, ""name"": ""Shohei Ohtani"", ""bats"": ""L"", ""obp"": 0.41228070175438597, ""slg"": 0.5448028673835126, ""iso"": 0.2508960573476703, ""ab"": 279}, {""id"": 681624, ""name"": ""Andy Pages"", ""bats"": ""R"", ""obp"": 0.31988472622478387, ""slg"": 0.473015873015873, ""iso"": 0.20634920634920634, ""ab"": 315}, {""id"": 669899, ""name"": ""Ryan Ward"", ""bats"": ""L"", ""obp"": 0.2711864406779661, ""slg"": 0.4444444444444444, ""iso"": 0.24074074074074073, ""ab"": 54}]","[{""name"": ""away_top3c_slg"", ""value"": 0.5017, ""contribution"": -0.3111}, {""name"": ""away_top3c_iso"", ""value"": 0.22, ""contribution"": 0.2922}, {""name"": ""era_gap_t1"", ""value"": 1.9323, ""contribution"": 0.2098}, {""name"": ""fi_park_nrfi_rate"", ""value"": 0.5409, ""contribution"": -0.149}, {""name"": ""home_p_last10_pitcher_nrfi"", ""value"": 0.5, ""contribution"": -0.0846}]","[{""name"": ""home_top3c_slg"", ""value"": 0.365, ""contribution"": 0.4683}, {""name"": ""home_top3c_iso"", ""value"": 0.1071, ""contribution"": -0.3395}, {""name"": ""fi_park_nrfi_rate"", ""value"": 0.5409, ""contribution"": -0.229}, {""name"": ""away_whiff_pct_rank"", ""value"": 86.0, ""contribution"": -0.1558}, {""name"": ""era_gap_b1"", ""value"": -1.9323, ""contribution"": -0.1319}]",511890,0.5521,4.06,2.53,6.0,86.0,0.7136,0.6942,4.13,6.93,0.779,0.7083,R,L,NRFI,WIN,0,0,0,2026-06-28T00:52:37+00:00,-125,-105,DraftKings,2026-06-28T01:07:53+00:00,0.5556,0.5122,0.003,-0.0708,0.003,N,0.5,0,-125,-105,2026-06-27T23:36:14+00:00,0,0.4877,PASS,NO EDGE,,,,,,,
2026-06-27,2026,824825,1,N,WSH,BAL,7:05 PM ET,Foster Griffin,Brandon Young,656492,687064,ltd,live,live,live,1.06,0.5954,0.5529,1.1483,0.3525,0.3802,0.7326,0.4772,0.5228,0.3186,0.6814,,,PASS,NO EDGE,PASS - No edge,4,2026-06-27T22:55:53Z,3.461,3.849,1.121,1.31,4.272,4.326,2.47,3.29,1.47,1.08,8.78,7.14,0.318,0.319,0.419,0.403,5.168,4.617,24.5,9.7,94.0,0.0,0.6,1.0,0.6,0.7,0.3432,0.3333,0.4192,0.4741,0.1741,0.2216,lineup,lineup,"[{""id"": 621493, ""name"": ""Taylor Ward"", ""bats"": ""R"", ""obp"": 0.3915343915343915, ""slg"": 0.36893203883495146, ""iso"": 0.10679611650485438, ""ab"": 309}, {""id"": 683002, ""name"": ""Gunnar Henderson"", ""bats"": ""L"", ""obp"": 0.29521276595744683, ""slg"": 0.4176470588235294, ""iso"": 0.19411764705882353, ""ab"": 340}, {""id"": 624413, ""name"": ""Pete Alonso"", ""bats"": ""R"", ""obp"": 0.3426183844011142, ""slg"": 0.47096774193548385, ""iso"": 0.21935483870967742, ""ab"": 310}]","[{""id"": 696285, ""name"": ""Jacob Young"", ""bats"": ""R"", ""obp"": 0.27586206896551724, ""slg"": 0.3795918367346939, ""iso"": 0.1510204081632653, ""ab"": 245}, {""id"": 671277, ""name"": ""Luis Garc\u00eda Jr."", ""bats"": ""L"", ""obp"": 0.2923076923076923, ""slg"": 0.49193548387096775, ""iso"": 0.22983870967741937, ""ab"": 248}, {""id"": 678554, ""name"": ""Curtis Mead"", ""bats"": ""R"", ""obp"": 0.3236514522821577, ""slg"": 0.4714285714285714, ""iso"": 0.2476190476190476, ""ab"": 210}]","[{""name"": ""away_top3c_iso"", ""value"": 0.2216, ""contribution"": 0.3036}, {""name"": ""away_top3c_slg"", ""value"": 0.4741, ""contribution"": -0.1711}, {""name"": ""fi_park_nrfi_rate"", ""value"": 0.519, ""contribution"": -0.0733}, {""name"": ""home_p_last10_pitcher_nrfi"", ""value"": 0.6, ""contribution"": -0.0455}, {""name"": ""era_gap_t1"", ""value"": 0.3881, ""contribution"": 0.0426}]","[{""name"": ""home_top3c_slg"", ""value"": 0.4192, ""contribution"": 0.1317}, {""name"": ""fi_park_nrfi_rate"", ""value"": 0.519, ""contribution"": -0.1127}, {""name"": ""away_whiff_pct_rank"", ""value"": 59.0, ""contribution"": -0.0393}, {""name"": ""home_obp"", ""value"": 0.3194, ""contribution"": 0.0392}, {""name"": ""away_fip"", ""value"": 4.272, ""contribution"": 0.0303}]",484183,0.5086,4.059,4.362,14.0,59.0,0.7136,0.7136,6.2,5.87,0.7857,0.7803,L,R,NRFI,PASS,0,0,0,2026-06-27T23:24:10+00:00,-105,-125,DraftKings,2026-06-27T22:59:33+00:00,0.5122,0.5556,-0.035,-0.0328,,N,,,-105,-125,2026-06-27T22:59:33+00:00,,0.5473,PASS,NO EDGE,,,,,,,
2026-06-27,2026,824421,1,N,SEA,CLE,7:10 PM ET,Logan Gilbert,Slade Cecconi,669302,677944,live,live,live,live,0.96,0.4936,0.4182,0.9118,0.4179,0.3019,0.7198,0.4772,0.5228,0.2318,0.7682,,,PASS,NO EDGE,PASS - No edge,4,2026-06-27T23:06:35Z,3.335,4.422,1.016,1.332,3.607,4.54,2.13,2.66,1.36,1.4,10.34,7.18,0.312,0.312,0.388,0.371,4.097,4.005,23.7,10.4,60.0,0.0,0.8,0.6,0.7,0.7,0.337,0.3302,0.3541,0.4378,0.1091,0.1919,lineup,lineup,"[{""id"": 680757, ""name"": ""Steven Kwan"", ""bats"": ""L"", ""obp"": 0.3221476510067114, ""slg"": 0.25984251968503935, ""iso"": 0.04724409448818895, ""ab"": 254}, {""id"": 683953, ""name"": ""Travis Bazzana"", ""bats"": ""L"", ""obp"": 0.35023041474654376, ""slg"": 0.43617021276595747, ""iso"": 0.18085106382978727, ""ab"": 188}, {""id"": 677587, ""name"": ""Brayan Rocchio"", ""bats"": ""S"", ""obp"": 0.3422818791946309, ""slg"": 0.38636363636363635, ""iso"": 0.11742424242424243, ""ab"": 264}]","[{""id"": 641487, ""name"": ""J.P. Crawford"", ""bats"": ""L"", ""obp"": 0.34558823529411764, ""slg"": 0.37719298245614036, ""iso"": 0.15350877192982457, ""ab"": 228}, {""id"": 677594, ""name"": ""Julio Rodr\u00edguez"", ""bats"": ""R"", ""obp"": 0.30726256983240224, ""slg"": 0.42073170731707316, ""iso"": 0.17378048780487804, ""ab"": 328}, {""id"": 686527, ""name"": ""Dominic Canzone"", ""bats"": ""L"", ""obp"": 0.3492822966507177, ""slg"": 0.5434782608695652, ""iso"": 0.2717391304347826, ""ab"": 184}]","[{""name"": ""era_gap_t1"", ""value"": 1.0869, ""contribution"": 0.1183}, {""name"": ""fi_park_nrfi_rate"", ""value"": 0.528, ""contribution"": -0.1042}, {""name"": ""away_top3c_iso"", ""value"": 0.1919, ""contribution"": 0.0944}, {""name"": ""home_xera"", ""value"": 4.9578, ""contribution"": 0.0863}, {""name"": ""home_fip"", ""value"": 4.54, ""contribution"": 0.063}]","[{""name"": ""home_top3c_slg"", ""value"": 0.3541, ""contribution"": 0.536}, {""name"": ""home_top3c_iso"", ""value"": 0.1091, ""contribution"": -0.3302}, {""name"": ""away_whiff_pct_rank"", ""value"": 97.0, ""contribution"": -0.2033}, {""name"": ""fi_park_nrfi_rate"", ""value"": 0.528, ""contribution"": -0.1602}, {""name"": ""era_gap_b1"", ""value"": -1.0869, ""contribution"": -0.0743}]",547380,0.5173,4.958,3.166,24.0,97.0,0.7272,0.6942,5.4,6.13,0.784,0.7767,R,R,NRFI,PASS,0,0,0,2026-06-27T23:25:02+00:00,-145,+110,DraftKings,2026-06-27T23:30:57+00:00,0.5918,0.4762,-0.1146,0.0466,,N,,,-145,+110,2026-06-27T23:09:44+00:00,,0.4877,PASS,NO EDGE,,,,,,,
2026-06-27,2026,823038,1,N,MIA,STL,7:15 PM ET,Ryan Gusto,Andre Pallante,687473,669467,live,live,live,live,0.97,0.4864,0.5771,1.0635,0.2304,0.4814,0.7119,0.4781,0.5219,0.2876,0.7124,,,PASS,NO EDGE,PASS - No edge,4,2026-06-27T23:06:35Z,5.598,4.153,1.493,1.272,4.366,4.232,3.26,2.97,1.32,1.04,8.45,6.73,0.322,0.324,0.392,0.398,4.335,4.537,25.7,7.6,75.0,0.0,0.8,0.6,0.7,0.6,0.3708,0.3567,0.4373,0.4434,0.1695,0.1518,lineup,lineup,"[{""id"": 802139, ""name"": ""JJ Wetherholt"", ""bats"": ""L"", ""obp"": 0.3567251461988304, ""slg"": 0.40816326530612246, ""iso"": 0.14965986394557823, ""ab"": 294}, {""id"": 671056, ""name"": ""Iv\u00e1n Herrera"", ""bats"": ""R"", ""obp"": 0.4022346368715084, ""slg"": 0.4160839160839161, ""iso"": 0.15734265734265734, ""ab"": 286}, {""id"": 676475, ""name"": ""Alec Burleson"", ""bats"": ""L"", ""obp"": 0.3519061583577713, ""slg"": 0.4852459016393443, ""iso"": 0.2, ""ab"": 305}]","[{""id"": 669364, ""name"": ""Xavier Edwards"", ""bats"": ""S"", ""obp"": 0.375366568914956, ""slg"": 0.42424242424242425, ""iso"": 0.13131313131313133, ""ab"": 297}, {""id"": 672640, ""name"": ""Otto Lopez"", ""bats"": ""R"", ""obp"": 0.3691860465116279, ""slg"": 0.47648902821316613, ""iso"": 0.14106583072100315, ""ab"": 319}, {""id"": 669065, ""name"": ""Kyle Stowers"", ""bats"": ""L"", ""obp"": 0.31275720164609055, ""slg"": 0.4205607476635514, ""iso"": 0.19626168224299065, ""ab"": 214}]","[{""name"": ""away_top3c_iso"", ""value"": 0.1518, ""contribution"": -0.1879}, {""name"": ""era_gap_t1"", ""value"": -1.4448, ""contribution"": -0.1558}, {""name"": ""fi_park_nrfi_rate"", ""value"": 0.527, ""contribution"": -0.1009}, {""name"": ""home_fip"", ""value"": 4.232, ""contribution"": 0.0284}, {""name"": ""wx_temp_c"", ""value"": 25.7, ""contribution"": 0.0266}]","[{""name"": ""fi_park_nrfi_rate"", ""value"": 0.527, ""contribution"": -0.1552}, {""name"": ""home_top3_ops_vs_oppHand"", ""value"": 0.8597, ""contribution"": 0.1152}, {""name"": ""home_top3c_obp"", ""value"": 0.3708, ""contribution"": 0.107}, {""name"": ""era_gap_b1"", ""value"": 1.4448, ""contribution"": 0.0979}, {""name"": ""home_obp"", ""value"": 0.3236, ""contribution"": 0.0684}]",658536,0.5084,4.364,4.2,56.0,50.0,0.7396,0.7136,5.53,3.73,0.7703,0.8597,R,R,YRFI,PASS,1,0,1,2026-06-27T23:29:26+00:00,-110,-120,DraftKings,2026-06-27T23:30:57+00:00,0.5238,0.5455,-0.0457,-0.0236,,N,,,-110,-120,2026-06-27T23:09:44+00:00,,0.4658,PASS,NO EDGE,,,,,,,
2026-06-27,2026,823207,1,N,ATL,SF,9:05 PM ET,Bryce Elder,Logan Webb,693821,657277,live,live,live,live,0.94,0.3341,0.4691,0.8032,0.2693,0.428,0.6974,0.4795,0.5205,0.1923,0.8077,,,PASS,NO EDGE,PASS - No edge,4,2026-06-28T00:37:49Z,4.184,3.308,1.264,1.159,4.057,2.907,2.82,2.11,1.08,0.56,7.55,8.28,0.314,0.31,0.413,0.416,4.795,4.13,17.6,30.6,65.0,0.0,1.0,0.6,0.9,0.8,0.3459,0.3371,0.4765,0.4938,0.1638,0.2086,lineup,lineup,"[{""id"": 650333, ""name"": ""Luis Arraez"", ""bats"": ""L"", ""obp"": 0.3595166163141994, ""slg"": 0.4470198675496689, ""iso"": 0.12582781456953646, ""ab"": 302}, {""id"": 669477, ""name"": ""Casey Schmitt"", ""bats"": ""R"", ""obp"": 0.31715210355987056, ""slg"": 0.5119453924914675, ""iso"": 0.22184300341296925, ""ab"": 293}, {""id"": 808982, ""name"": ""Jung Hoo Lee"", ""bats"": ""L"", ""obp"": 0.3602693602693603, ""slg"": 0.4712230215827338, ""iso"": 0.14388489208633093, ""ab"": 278}]","[{""id"": 671739, ""name"": ""Michael Harris II"", ""bats"": ""L"", ""obp"": 0.3345070422535211, ""slg"": 0.5074074074074074, ""iso"": 0.20370370370370372, ""ab"": 270}, {""id"": 645277, ""name"": ""Ozzie Albies"", ""bats"": ""S"", ""obp"": 0.3323615160349854, ""slg"": 0.4444444444444444, ""iso"": 0.1633986928104575, ""ab"": 306}, {""id"": 621566, ""name"": ""Matt Olson"", ""bats"": ""L"", ""obp"": 0.3438395415472779, ""slg"": 0.5305466237942122, ""iso"": 0.25723472668810293, ""ab"": 311}]","[{""name"": ""away_top3c_slg"", ""value"": 0.4938, ""contribution"": -0.2711}, {""name"": ""away_top3c_iso"", ""value"": 0.2086, ""contribution"": 0.2118}, {""name"": ""home_fip"", ""value"": 2.9072, ""contribution"": -0.1203}, {""name"": ""era_gap_t1"", ""value"": -0.8762, ""contribution"": -0.0942}, {""name"": ""wx_wind_kmh"", ""value"": 30.6, ""contribution"": 0.0851}]","[{""name"": ""home_top3c_slg"", ""value"": 0.4765, ""contribution"": -0.2244}, {""name"": ""wx_wind_kmh"", ""value"": 30.6, ""contribution"": 0.2011}, {""name"": ""home_plate_ump_nrfi_rate"", ""value"": 0.6177, ""contribution"": 0.1192}, {""name"": ""away_whiff_pct_rank"", ""value"": 24.0, ""contribution"": 0.1117}, {""name"": ""home_top3_ops_vs_oppHand"", ""value"": 0.8247, ""contribution"": 0.0733}]",482620,0.6177,3.482,4.332,48.0,24.0,0.7309,0.6942,7.07,5.2,0.824,0.8247,R,R,NRFI,PASS,0,0,0,2026-06-28T01:16:26+00:00,-135,+105,DraftKings,2026-06-28T01:07:53+00:00,0.5745,0.4878,-0.095,0.0327,,N,,,-135,+105,2026-06-28T01:02:35+00:00,,0.4142,PASS,NO EDGE,,,,,,,
2026-06-27,2026,824745,1,N,NYY,BOS,1:10 PM ET,Gerrit Cole,Jake Bennett,543037,687562,ltd,sm,live,live,1.05,0.4651,0.5136,0.9788,0.4097,0.3116,0.7212,0.4772,0.5228,0.2564,0.7436,,,PASS,NO EDGE,PASS - No edge,4,2026-06-27T17:06:29Z,3.925,3.988,1.224,1.209,4.223,3.556,2.75,2.45,1.3,0.87,8.47,8.28,0.325,0.313,0.429,0.389,4.911,4.068,19.9,8.6,85.0,0.0,1.0,0.8,1.0,0.8333,0.3321,0.348,0.4169,0.5495,0.1485,0.2723,lineup,lineup,"[{""id"": 681987, ""name"": ""Nate Eaton"", ""bats"": ""R"", ""obp"": 0.42857142857142855, ""slg"": 0.5625, ""iso"": 0.3125, ""ab"": 16}, {""id"": 678882, ""name"": ""Ceddanne Rafaela"", ""bats"": ""R"", ""obp"": 0.33112582781456956, ""slg"": 0.4412811387900356, ""iso"": 0.16014234875444844, ""ab"": 281}, {""id"": 677800, ""name"": ""Wilyer Abreu"", ""bats"": ""L"", ""obp"": 0.3373134328358209, ""slg"": 0.44518272425249167, ""iso"": 0.17275747508305644, ""ab"": 301}]","[{""id"": 502671, ""name"": ""Paul Goldschmidt"", ""bats"": ""R"", ""obp"": 0.35454545454545455, ""slg"": 0.56, ""iso"": 0.26500000000000007, ""ab"": 200}, {""id"": 700250, ""name"": ""Ben Rice"", ""bats"": ""L"", ""obp"": 0.37116564417177916, ""slg"": 0.5815602836879432, ""iso"": 0.301418439716312, ""ab"": 282}, {""id"": 642708, ""name"": ""Amed Rosario"", ""bats"": ""R"", ""obp"": 0.2814814814814815, ""slg"": 0.4596774193548387, ""iso"": 0.21774193548387094, ""ab"": 124}]","[{""name"": ""away_top3c_iso"", ""value"": 0.2723, ""contribution"": 0.6606}, {""name"": ""away_top3c_slg"", ""value"": 0.5495, ""contribution"": -0.5533}, {""name"": ""away_top3_ops_vs_oppHand"", ""value"": 0.9097, ""contribution"": 0.1452}, {""name"": ""home_p_last10_pitcher_nrfi"", ""value"": 1.0, ""contribution"": 0.1107}, {""name"": ""fi_park_nrfi_rate"", ""value"": 0.5121, ""contribution"": -0.0494}]","[{""name"": ""home_top3c_slg"", ""value"": 0.4169, ""contribution"": 0.146}, {""name"": ""home_top3c_iso"", ""value"": 0.1485, ""contribution"": -0.144}, {""name"": ""home_top3_ops_vs_oppHand"", ""value"": 0.6857, ""contribution"": -0.0932}, {""name"": ""fi_park_nrfi_rate"", ""value"": 0.5121, ""contribution"": -0.076}, {""name"": ""home_plate_ump_nrfi_rate"", ""value"": 0.5484, ""contribution"": 0.0478}]",623949,0.5484,4.2,4.2,50.0,50.0,0.7136,0.7335,5.33,5.27,0.9097,0.6857,R,L,YRFI,PASS,0,1,1,2026-06-27T17:21:58+00:00,-125,-105,DraftKings,2026-06-27T17:52:59+00:00,0.5556,0.5122,-0.0784,0.0106,,N,,,-125,-105,2026-06-27T17:04:14+00:00,,0.4589,PASS,NO EDGE,,,,,,,
2026-06-27,2026,823364,1,N,CIN,PIT,4:05 PM ET,Chase Burns,Jared Jones,695505,683003,live,sm,live,live,0.96,0.4975,0.4671,0.9646,0.4534,0.2464,0.6999,0.4795,0.5205,0.2512,0.7488,,,PASS,NO EDGE,PASS - No edge,4,2026-06-27T19:23:21Z,2.739,4.698,1.124,1.347,3.47,4.421,3.07,3.15,1.09,1.4,10.73,8.97,0.31,0.332,0.391,0.412,4.258,4.954,22.7,0.7,90.0,0.0,0.8,0.8,0.8,0.9,0.3587,0.3421,0.4628,0.4788,0.1877,0.2244,lineup,lineup,"[{""id"": 663968, ""name"": ""Jake Mangum"", ""bats"": ""S"", ""obp"": 0.3439153439153439, ""slg"": 0.35795454545454547, ""iso"": 0.05681818181818182, ""ab"": 176}, {""id"": 664040, ""name"": ""Brandon Lowe"", ""bats"": ""L"", ""obp"": 0.32142857142857145, ""slg"": 0.5084175084175084, ""iso"": 0.26262626262626265, ""ab"": 297}, {""id"": 668804, ""name"": ""Bryan Reynolds"", ""bats"": ""S"", ""obp"": 0.40226628895184136, ""slg"": 0.47959183673469385, ""iso"": 0.19047619047619047, ""ab"": 294}]","[{""id"": 682829, ""name"": ""Elly De La Cruz"", ""bats"": ""S"", ""obp"": 0.34074074074074073, ""slg"": 0.49173553719008267, ""iso"": 0.21900826446280997, ""ab"": 242}, {""id"": 701398, ""name"": ""Sal Stewart"", ""bats"": ""R"", ""obp"": 0.3400576368876081, ""slg"": 0.44518272425249167, ""iso"": 0.19601328903654483, ""ab"": 301}, {""id"": 668709, ""name"": ""JJ Bleday"", ""bats"": ""L"", ""obp"": 0.34684684684684686, ""slg"": 0.5159574468085106, ""iso"": 0.276595744680851, ""ab"": 188}]","[{""name"": ""away_top3c_iso"", ""value"": 0.2244, ""contribution"": 0.323}, {""name"": ""era_gap_t1"", ""value"": 1.9592, ""contribution"": 0.2128}, {""name"": ""away_top3c_slg"", ""value"": 0.4788, ""contribution"": -0.1951}, {""name"": ""fi_park_nrfi_rate"", ""value"": 0.5188, ""contribution"": -0.0724}, {""name"": ""away_top3_ops_vs_oppHand"", ""value"": 0.817, ""contribution"": 0.0507}]","[{""name"": ""away_whiff_pct_rank"", ""value"": 100.0, ""contribution"": -0.2163}, {""name"": ""home_top3c_slg"", ""value"": 0.4628, ""contribution"": -0.1394}, {""name"": ""era_gap_b1"", ""value"": -1.9592, ""contribution"": -0.1337}, {""name"": ""home_obp"", ""value"": 0.3321, ""contribution"": 0.1279}, {""name"": ""wx_wind_kmh"", ""value"": 0.7, ""contribution"": -0.1136}]",427248,0.5131,4.2,3.446,50.0,100.0,0.7136,0.7396,4.07,5.33,0.817,0.8333,R,R,YRFI,PASS,1,0,1,2026-06-27T20:56:08+00:00,-130,+100,DraftKings,2026-06-27T21:06:25+00:00,0.5652,0.5,-0.0857,0.0205,,N,,,-130,+100,2026-06-27T20:04:40+00:00,,0.5651,NRFI,STRONG,,,,,,,
2026-06-27,2026,824257,1,N,HOU,DET,1:10 PM ET,Kai-Wei Teng,Framber Valdez,678906,664285,ltd,live,live,live,0.98,0.4862,0.5368,1.023,0.2605,0.3666,0.627,0.5479,0.4521,0.2727,0.7273,,,NRFI,LEAN,LEAN NRFI,4,2026-06-27T16:07:24Z,4.3,3.833,1.306,1.302,4.25,3.804,3.82,3.36,1.23,0.84,9.39,7.94,0.315,0.314,0.408,0.394,4.439,4.129,26.2,11.6,41.0,0.0,0.6,0.4,0.7,0.5,0.3643,0.3355,0.4153,0.4135,0.1384,0.1584,lineup,lineup,"[{""id"": 805808, ""name"": ""Kevin McGonigle"", ""bats"": ""L"", ""obp"": 0.39080459770114945, ""slg"": 0.42567567567567566, ""iso"": 0.14189189189189189, ""ab"": 296}, {""id"": 693307, ""name"": ""Dillon Dingler"", ""bats"": ""R"", ""obp"": 0.33440514469453375, ""slg"": 0.5392857142857143, ""iso"": 0.2714285714285714, ""ab"": 280}, {""id"": 682985, ""name"": ""Riley Greene"", ""bats"": ""L"", ""obp"": 0.3819241982507289, ""slg"": 0.43389830508474575, ""iso"": 0.14576271186440676, ""ab"": 295}]","[{""id"": 665161, ""name"": ""Jeremy Pe\u00f1a"", ""bats"": ""R"", ""obp"": 0.3541666666666667, ""slg"": 0.44508670520231214, ""iso"": 0.1560693641618497, ""ab"": 173}, {""id"": 670623, ""name"": ""Isaac Paredes"", ""bats"": ""R"", ""obp"": 0.3426791277258567, ""slg"": 0.40942028985507245, ""iso"": 0.16304347826086954, ""ab"": 276}, {""id"": 669384, ""name"": ""Raynel Delgado"", ""bats"": ""L"", ""obp"": 0.3181818181818182, ""slg"": 0.2857142857142857, ""iso"": 0.0, ""ab"": 21}]","[{""name"": ""away_top3c_iso"", ""value"": 0.1584, ""contribution"": -0.1418}, {""name"": ""away_top3c_slg"", ""value"": 0.4135, ""contribution"": 0.1356}, {""name"": ""fi_park_nrfi_rate"", ""value"": 0.5322, ""contribution"": -0.1188}, {""name"": ""era_gap_t1"", ""value"": -0.4673, ""contribution"": -0.05}, {""name"": ""home_xera"", ""value"": 3.7403, ""contribution"": -0.0384}]","[{""name"": ""home_top3c_iso"", ""value"": 0.1384, ""contribution"": -0.1915}, {""name"": ""fi_park_nrfi_rate"", ""value"": 0.5322, ""contribution"": -0.1826}, {""name"": ""home_top3c_slg"", ""value"": 0.4153, ""contribution"": 0.1557}, {""name"": ""home_top3c_obp"", ""value"": 0.3643, ""contribution"": 0.0843}, {""name"": ""home_plate_ump_nrfi_rate"", ""value"": 0.4205, ""contribution"": -0.084}]",504381,0.4205,3.74,3.808,67.0,62.0,0.7136,0.7136,5.73,4.67,0.7603,0.796,R,L,NRFI,WIN,0,0,0,2026-06-27T17:23:39+00:00,-115,-110,DraftKings,2026-06-27T17:52:59+00:00,0.5349,0.5238,0.013,-0.0717,0.013,N,0.5,0,-115,-110,2026-06-27T16:05:12+00:00,0,0.6370,NRFI,STRONG,,,,,,,
2026-06-27,2026,822794,1,N,TEX,TOR,3:07 PM ET,Cal Quantrill,Dylan Cease,615698,656302,live,live,live,live,1.01,0.4343,0.5738,1.008,0.2351,0.4319,0.667,0.5292,0.4708,0.2672,0.7328,,,NRFI,LEAN,LEAN NRFI,4,2026-06-27T18:00:44Z,5.008,3.359,1.377,1.237,4.869,2.784,2.78,3.95,1.45,0.76,6.23,12.88,0.319,0.312,0.393,0.393,4.098,4.17,,,,1.0,0.4,0.6,0.5,0.6,0.3471,0.3218,0.3979,0.4442,0.1216,0.2086,lineup,lineup,"[{""id"": 649966, ""name"": ""Luis Ur\u00edas"", ""bats"": ""R"", ""obp"": 0.4, ""slg"": 0.6666666666666666, ""iso"": 0.3333333333333333, ""ab"": 9}, {""id"": 665489, ""name"": ""Vladimir Guerrero Jr."", ""bats"": ""R"", ""obp"": 0.3575757575757576, ""slg"": 0.36013986013986016, ""iso"": 0.08391608391608396, ""ab"": 286}, {""id"": 662139, ""name"": ""Daulton Varsho"", ""bats"": ""L"", ""obp"": 0.3359073359073359, ""slg"": 0.4353448275862069, ""iso"": 0.1724137931034483, ""ab"": 232}]","[{""id"": 592626, ""name"": ""Joc Pederson"", ""bats"": ""L"", ""obp"": 0.3492063492063492, ""slg"": 0.4672897196261682, ""iso"": 0.21962616822429906, ""ab"": 214}, {""id"": 673962, ""name"": ""Josh Jung"", ""bats"": ""R"", ""obp"": 0.35276073619631904, ""slg"": 0.43050847457627117, ""iso"": 0.1389830508474576, ""ab"": 295}, {""id"": 608369, ""name"": ""Corey Seager"", ""bats"": ""L"", ""obp"": 0.28708133971291866, ""slg"": 0.36666666666666664, ""iso"": 0.18333333333333332, ""ab"": 180}]","[{""name"": ""away_top3c_iso"", ""value"": 0.2086, ""contribution"": 0.2123}, {""name"": ""era_gap_t1"", ""value"": -1.6492, ""contribution"": -0.178}, {""name"": ""home_fip"", ""value"": 2.7844, ""contribution"": -0.1341}, {""name"": ""home_xera"", ""value"": 3.2756, ""contribution"": -0.086}, {""name"": ""home_p_last10_pitcher_nrfi"", ""value"": 0.5, ""contribution"": -0.0846}]","[{""name"": ""home_top3c_iso"", ""value"": 0.1216, ""contribution"": -0.2709}, {""name"": ""home_top3c_slg"", ""value"": 0.3979, ""contribution"": 0.264}, {""name"": ""era_gap_b1"", ""value"": 1.6492, ""contribution"": 0.1118}, {""name"": ""away_fip"", ""value"": 4.8692, ""contribution"": 0.0942}, {""name"": ""wx_is_dome"", ""value"": 1.0, ""contribution"": -0.0758}]",623945,0.5123,3.276,4.2,97.0,50.0,0.664,0.7272,5.27,3.53,0.781,0.7643,R,R,YRFI,LOSS,1,0,1,2026-06-27T19:28:46+00:00,-130,+100,DraftKings,2026-06-27T18:57:43+00:00,0.5652,0.5,-0.036,-0.0292,-0.036,N,0.5,0,-130,+100,2026-06-27T18:03:49+00:00,0,0.4877,PASS,NO EDGE,,,,,,,
2026-06-27,2026,823609,1,N,PHI,NYM,4:10 PM ET,Tim Mayza,Christian Scott,641835,681035,ltd,ltd,live,live,0.96,0.4739,0.414,0.8879,0.5107,0.4176,0.9283,0.4064,0.5936,0.2231,0.7769,,,YRFI,STRONG,STRONG YRFI,4,2026-06-27T19:06:16Z,3.651,3.634,1.134,1.305,3.771,3.886,2.4,3.59,1.12,1.05,8.85,9.64,0.304,0.3,0.402,0.38,4.418,4.088,21.7,5.1,86.0,0.0,0.8,0.5,0.5556,0.5,0.3323,0.3439,0.4366,0.4802,0.1714,0.2258,lineup,lineup,"[{""id"": 701807, ""name"": ""Carson Benge"", ""bats"": ""L"", ""obp"": 0.31875, ""slg"": 0.39590443686006827, ""iso"": 0.1399317406143345, ""ab"": 293}, {""id"": 665742, ""name"": ""Juan Soto"", ""bats"": ""L"", ""obp"": 0.39325842696629215, ""slg"": 0.5570175438596491, ""iso"": 0.26315789473684204, ""ab"": 228}, {""id"": 666182, ""name"": ""Bo Bichette"", ""bats"": ""R"", ""obp"": 0.2988826815642458, ""slg"": 0.38972809667673713, ""iso"": 0.13595166163141992, ""ab"": 331}]","[{""id"": 607208, ""name"": ""Trea Turner"", ""bats"": ""R"", ""obp"": 0.2840909090909091, ""slg"": 0.34146341463414637, ""iso"": 0.10670731707317077, ""ab"": 328}, {""id"": 656941, ""name"": ""Kyle Schwarber"", ""bats"": ""L"", ""obp"": 0.37175792507204614, ""slg"": 0.590443686006826, ""iso"": 0.3344709897610922, ""ab"": 293}, {""id"": 547180, ""name"": ""Bryce Harper"", ""bats"": ""L"", ""obp"": 0.37719298245614036, ""slg"": 0.5261324041811847, ""iso"": 0.2508710801393728, ""ab"": 287}]","[{""name"": ""home_xera"", ""value"": 8.0432, ""contribution"": 0.4025}, {""name"": ""away_top3c_iso"", ""value"": 0.2258, ""contribution"": 0.333}, {""name"": ""away_top3c_slg"", ""value"": 0.4802, ""contribution"": -0.2021}, {""name"": ""away_top3_ops_vs_oppHand"", ""value"": 0.879, ""contribution"": 0.1139}, {""name"": ""home_p_last10_pitcher_nrfi"", ""value"": 0.5556, ""contribution"": -0.0629}]","[{""name"": ""home_obp"", ""value"": 0.2999, ""contribution"": -0.097}, {""name"": ""home_plate_ump_nrfi_rate"", ""value"": 0.5818, ""contribution"": 0.0822}, {""name"": ""away_whiff_pct_rank"", ""value"": 32.0, ""contribution"": 0.0772}, {""name"": ""away_p_last10_pitcher_nrfi"", ""value"": 0.5, ""contribution"": 0.0713}, {""name"": ""wx_wind_kmh"", ""value"": 5.1, ""contribution"": -0.0673}]",427139,0.5818,8.043,2.72,50.0,32.0,0.7136,0.7136,5.0,1.5,0.879,0.7973,L,R,NRFI,LOSS,0,0,0,2026-06-27T21:35:59+00:00,-120,-110,DraftKings,2026-06-27T19:11:13+00:00,0.5455,0.5238,-0.1391,0.0698,0.0698,Y,1,-1,-120,-110,2026-06-27T19:03:04+00:00,0,0.3767,YRFI,STRONG,,,,,,,
2026-06-28,2026,824011,1,N,OAK,LAA,3:15 PM ET,Aaron Civale,Sam Aldegheri,650644,691951,live,sm,live,live,0.99,0.5839,0.63,1.2139,0.3643,0.595,0.9593,0.3939,0.6061,0.3424,0.6576,,,YRFI,STRONG,STRONG YRFI,4,2026-06-28T18:08:27Z,4.829,4.66,1.455,1.35,5.024,4.688,2.81,3.51,1.69,1.31,7.15,7.69,0.326,0.319,0.411,0.399,4.628,4.54,22.7,14.8,58.0,0.0,0.4,0.6,0.3333,0.6,0.3282,0.3496,0.4274,0.4706,0.1834,0.1923,lineup,lineup,"[{""id"": 687263, ""name"": ""Zach Neto"", ""bats"": ""R"", ""obp"": 0.3215258855585831, ""slg"": 0.446875, ""iso"": 0.22187500000000002, ""ab"": 320}, {""id"": 694203, ""name"": ""Denzer Guzman"", ""bats"": ""R"", ""obp"": 0.3333333333333333, ""slg"": 0.4603174603174603, ""iso"": 0.19047619047619047, ""ab"": 63}, {""id"": 694384, ""name"": ""Nolan Schanuel"", ""bats"": ""L"", ""obp"": 0.3357664233576642, ""slg"": 0.39344262295081966, ""iso"": 0.13114754098360654, ""ab"": 244}]","[{""id"": 703607, ""name"": ""Henry Bolte"", ""bats"": ""R"", ""obp"": 0.3881578947368421, ""slg"": 0.3969465648854962, ""iso"": 0.09160305343511449, ""ab"": 131}, {""id"": 608841, ""name"": ""Joey Meneses"", ""bats"": ""R"", ""obp"": 0.3, ""slg"": 0.125, ""iso"": 0.0, ""ab"": 8}, {""id"": 669127, ""name"": ""Shea Langeliers"", ""bats"": ""R"", ""obp"": 0.3323615160349854, ""slg"": 0.5016077170418006, ""iso"": 0.23472668810289388, ""ab"": 311}]","[{""name"": ""fi_park_nrfi_rate"", ""value"": 0.4526, ""contribution"": 0.1563}, {""name"": ""away_top3c_slg"", ""value"": 0.4706, ""contribution"": -0.1536}, {""name"": ""home_p_last10_pitcher_nrfi"", ""value"": 0.3333, ""contribution"": -0.1497}, {""name"": ""away_top3c_iso"", ""value"": 0.1923, ""contribution"": 0.0973}, {""name"": ""home_fip"", ""value"": 4.6879, ""contribution"": 0.0796}]","[{""name"": ""fi_park_nrfi_rate"", ""value"": 0.4526, ""contribution"": 0.2403}, {""name"": ""away_fip"", ""value"": 5.0236, ""contribution"": 0.1107}, {""name"": ""away_whiff_pct_rank"", ""value"": 28.0, ""contribution"": 0.0945}, {""name"": ""home_top3c_slg"", ""value"": 0.4274, ""contribution"": 0.0805}, {""name"": ""home_plate_ump_nrfi_rate"", ""value"": 0.4391, ""contribution"": -0.0648}]",521251,0.4391,4.2,4.013,50.0,28.0,0.7136,0.7272,4.27,4.2,0.836,0.753,R,L,NRFI,LOSS,0,0,0,2026-06-28T19:28:37+00:00,+110,-145,DraftKings,2026-06-28T18:17:17+00:00,0.4762,0.5918,-0.0823,0.0143,0.0143,Y,1,-1,+110,-145,2026-06-28T18:11:55+00:00,0,0.4658,PASS,NO EDGE,,,,,,,
2026-06-28,2026,824580,1,N,KC,CWS,2:10 PM ET,Luinder Avila,Anthony Kay,679883,641743,ltd,ltd,live,live,0.98,0.5214,0.624,1.1454,0.5003,0.5919,1.0921,0.3219,0.6781,0.3176,0.6824,,,YRFI,STRONG,STRONG YRFI,4,2026-06-28T17:08:41Z,4.627,4.216,1.445,1.345,4.357,4.475,4.38,3.34,1.03,1.27,8.53,7.9,0.316,0.321,0.393,0.415,4.237,4.745,25.3,17.8,80.0,0.0,0.8,0.4,0.6,0.3333,0.372,0.3372,0.4538,0.4198,0.1885,0.1644,lineup,lineup,"[{""id"": 803011, ""name"": ""Sam Antonacci"", ""bats"": ""L"", ""obp"": 0.3904382470119522, ""slg"": 0.413953488372093, ""iso"": 0.1209302325581395, ""ab"": 215}, {""id"": 678246, ""name"": ""Miguel Vargas"", ""bats"": ""R"", ""obp"": 0.3583815028901734, ""slg"": 0.4828767123287671, ""iso"": 0.2363013698630137, ""ab"": 292}, {""id"": 691019, ""name"": ""Kyle Teel"", ""bats"": ""L"", ""obp"": 0.375, ""slg"": 0.46153846153846156, ""iso"": 0.23076923076923078, ""ab"": 13}]","[{""id"": 657041, ""name"": ""Lane Thomas"", ""bats"": ""R"", ""obp"": 0.32710280373831774, ""slg"": 0.3333333333333333, ""iso"": 0.1222222222222222, ""ab"": 180}, {""id"": 677951, ""name"": ""Bobby Witt Jr."", ""bats"": ""R"", ""obp"": 0.3652173913043478, ""slg"": 0.46078431372549017, ""iso"": 0.16993464052287577, ""ab"": 306}, {""id"": 695600, ""name"": ""Carter Jensen"", ""bats"": ""L"", ""obp"": 0.31186440677966104, ""slg"": 0.4312977099236641, ""iso"": 0.18702290076335878, ""ab"": 262}]","[{""name"": ""home_xera"", ""value"": 7.5858, ""contribution"": 0.3556}, {""name"": ""away_top3c_slg"", ""value"": 0.4198, ""contribution"": 0.1038}, {""name"": ""away_top3c_iso"", ""value"": 0.1644, ""contribution"": -0.099}, {""name"": ""fi_park_nrfi_rate"", ""value"": 0.473, ""contribution"": 0.0859}, {""name"": ""home_fip"", ""value"": 4.4755, ""contribution"": 0.0558}]","[{""name"": ""fi_park_nrfi_rate"", ""value"": 0.473, ""contribution"": 0.1321}, {""name"": ""away_p_last10_pitcher_nrfi"", ""value"": 0.3333, ""contribution"": 0.126}, {""name"": ""home_top3c_obp"", ""value"": 0.372, ""contribution"": 0.1111}, {""name"": ""home_top3c_slg"", ""value"": 0.4538, ""contribution"": -0.0836}, {""name"": ""wx_wind_kmh"", ""value"": 17.8, ""contribution"": 0.0664}]",482666,0.522,7.586,7.921,50.0,50.0,0.7272,0.7136,4.8,4.27,0.811,0.8033,R,L,YRFI,WIN,1,2,3,2026-06-28T18:37:44+00:00,-110,-115,DraftKings,2026-06-28T17:22:40+00:00,0.5238,0.5349,-0.2019,0.1432,0.1432,Y,1,0.87,-110,-115,2026-06-28T17:07:32+00:00,0,0.3767,YRFI,STRONG,,,,,,,
2026-06-28,2026,822959,1,N,ARI,TB,1:40 PM ET,Merrill Kelly,Drew Rasmussen,518876,656876,live,live,live,live,0.93,0.3251,0.6105,0.9356,0.2766,0.6825,0.9591,0.394,0.606,0.2406,0.7594,,,YRFI,STRONG,STRONG YRFI,4,2026-06-28T16:16:01Z,4.951,2.664,1.38,0.924,5.173,3.296,3.24,1.78,1.56,0.99,6.28,8.78,0.309,0.333,0.389,0.394,4.294,4.511,,,,1.0,0.8,0.6,0.8,0.6,0.395,0.3449,0.5068,0.4564,0.2041,0.1937,lineup,lineup,"[{""id"": 680700, ""name"": ""Richie Palacios"", ""bats"": ""L"", ""obp"": 0.3333333333333333, ""slg"": 0.30952380952380953, ""iso"": 0.07738095238095238, ""ab"": 168}, {""id"": 666018, ""name"": ""Jonathan Aranda"", ""bats"": ""L"", ""obp"": 0.391304347826087, ""slg"": 0.47038327526132406, ""iso"": 0.18118466898954705, ""ab"": 287}, {""id"": 691406, ""name"": ""Junior Caminero"", ""bats"": ""R"", ""obp"": 0.37714285714285717, ""slg"": 0.5331125827814569, ""iso"": 0.2483443708609271, ""ab"": 302}]","[{""id"": 606466, ""name"": ""Ketel Marte"", ""bats"": ""S"", ""obp"": 0.31486880466472306, ""slg"": 0.46178343949044587, ""iso"": 0.20063694267515925, ""ab"": 314}, {""id"": 672695, ""name"": ""Geraldo Perdomo"", ""bats"": ""S"", ""obp"": 0.3556231003039514, ""slg"": 0.3613138686131387, ""iso"": 0.11678832116788321, ""ab"": 274}, {""id"": 682998, ""name"": ""Corbin Carroll"", ""bats"": ""L"", ""obp"": 0.3649851632047478, ""slg"": 0.5389830508474577, ""iso"": 0.25762711864406784, ""ab"": 295}]","[{""name"": ""era_gap_t1"", ""value"": -2.2864, ""contribution"": -0.2469}, {""name"": ""fi_park_nrfi_rate"", ""value"": 0.4376, ""contribution"": 0.2081}, {""name"": ""away_top3c_iso"", ""value"": 0.1937, ""contribution"": 0.1068}, {""name"": ""home_xera"", ""value"": 3.2993, ""contribution"": -0.0836}, {""name"": ""away_top3c_slg"", ""value"": 0.4564, ""contribution"": -0.0817}]","[{""name"": ""home_top3c_slg"", ""value"": 0.5068, ""contribution"": -0.4125}, {""name"": ""fi_park_nrfi_rate"", ""value"": 0.4376, ""contribution"": 0.3199}, {""name"": ""home_top3_ops_vs_oppHand"", ""value"": 0.9383, ""contribution"": 0.2093}, {""name"": ""home_top3c_obp"", ""value"": 0.395, ""contribution"": 0.1918}, {""name"": ""era_gap_b1"", ""value"": 2.2864, ""contribution"": 0.1552}]",665281,0.5305,3.299,4.616,44.0,52.0,0.7272,0.7272,6.2,5.53,0.7627,0.9383,R,R,YRFI,WIN,0,1,1,2026-06-28T17:54:29+00:00,-110,-120,DraftKings,2026-06-28T16:40:33+00:00,0.5238,0.5455,-0.1298,0.0605,0.0605,Y,1,0.833,-110,-120,2026-06-28T16:35:11+00:00,0,0.4632,PASS,NO EDGE,,,,,,,
2026-06-28,2026,823769,1,N,CHC,MIL,2:10 PM ET,Ryan Rolison,Brandon Woodruff,669020,605540,ltd,live,live,live,1.03,0.4257,0.6444,1.0701,0.1853,0.2546,0.4399,0.6918,0.3082,0.29,0.71,,,NRFI,LEAN,LEAN NRFI,4,2026-06-28T17:08:41Z,3.756,3.343,1.3,0.986,4.609,3.469,3.66,2.1,1.32,1.13,8.14,9.56,0.333,0.334,0.404,0.395,4.862,5.079,,,,1.0,1.0,1.0,0.7,1.0,0.349,0.3568,0.4587,0.4129,0.1903,0.1591,lineup,lineup,"[{""id"": 592885, ""name"": ""Christian Yelich"", ""bats"": ""L"", ""obp"": 0.33490566037735847, ""slg"": 0.4021164021164021, ""iso"": 0.14285714285714285, ""ab"": 189}, {""id"": 694192, ""name"": ""Jackson Chourio"", ""bats"": ""R"", ""obp"": 0.34579439252336447, ""slg"": 0.5353535353535354, ""iso"": 0.2373737373737374, ""ab"": 198}, {""id"": 668930, ""name"": ""Brice Turang"", ""bats"": ""L"", ""obp"": 0.35964912280701755, ""slg"": 0.44329896907216493, ""iso"": 0.18900343642611683, ""ab"": 291}]","[{""id"": 691718, ""name"": ""Pete Crow-Armstrong"", ""bats"": ""L"", ""obp"": 0.36033519553072624, ""slg"": 0.5079365079365079, ""iso"": 0.22857142857142854, ""ab"": 315}, {""id"": 608324, ""name"": ""Alex Bregman"", ""bats"": ""R"", ""obp"": 0.33783783783783783, ""slg"": 0.33962264150943394, ""iso"": 0.09748427672955973, ""ab"": 318}, {""id"": 683737, ""name"": ""Michael Busch"", ""bats"": ""L"", ""obp"": 0.3726027397260274, ""slg"": 0.39057239057239057, ""iso"": 0.15151515151515152, ""ab"": 297}]","[{""name"": ""fi_park_nrfi_rate"", ""value"": 0.5899, ""contribution"": -0.3182}, {""name"": ""home_xera"", ""value"": 1.9254, ""contribution"": -0.2244}, {""name"": ""away_top3c_slg"", ""value"": 0.4129, ""contribution"": 0.1386}, {""name"": ""away_top3c_iso"", ""value"": 0.1591, ""contribution"": -0.1363}, {""name"": ""home_fip"", ""value"": 3.4688, ""contribution"": -0.0572}]","[{""name"": ""fi_park_nrfi_rate"", ""value"": 0.5899, ""contribution"": -0.4892}, {""name"": ""home_obp"", ""value"": 0.3337, ""contribution"": 0.1392}, {""name"": ""home_top3c_slg"", ""value"": 0.4587, ""contribution"": -0.1137}, {""name"": ""away_p_last10_pitcher_nrfi"", ""value"": 1.0, ""contribution"": -0.0929}, {""name"": ""wx_is_dome"", ""value"": 1.0, ""contribution"": -0.0758}]",483569,0.5176,1.925,4.2,62.0,50.0,0.6643,0.7136,5.07,1.17,0.7887,0.7533,L,R,NRFI,WIN,0,0,0,2026-06-28T18:22:18+00:00,-125,-105,DraftKings,2026-06-28T18:00:27+00:00,0.5556,0.5122,0.1362,-0.204,0.1362,N,0.5,0,-125,-105,2026-06-28T17:07:32+00:00,0,0.6536,NRFI,STRONG,,,,,,,
2026-06-28,2026,823362,1,N,CIN,PIT,1:35 PM ET,Brady Singer,Mitch Keller,663903,656605,live,live,live,live,0.96,0.4594,0.6475,1.107,0.3876,0.524,0.9116,0.4064,0.5936,0.3035,0.6965,,,YRFI,STRONG,STRONG YRFI,4,2026-06-28T16:16:01Z,4.534,4.671,1.414,1.301,5.017,4.039,3.12,3.06,1.71,0.97,7.77,7.24,0.311,0.332,0.393,0.413,4.307,4.974,23.9,6.6,84.0,0.0,0.8,0.6,0.8,0.4,0.3553,0.3419,0.4773,0.4785,0.2083,0.2245,lineup,lineup,"[{""id"": 804606, ""name"": ""Konnor Griffin"", ""bats"": ""R"", ""obp"": 0.3333333333333333, ""slg"": 0.41968911917098445, ""iso"": 0.1450777202072539, ""ab"": 193}, {""id"": 664040, ""name"": ""Brandon Lowe"", ""bats"": ""L"", ""obp"": 0.3196480938416422, ""slg"": 0.5149501661129569, ""iso"": 0.26910299003322263, ""ab"": 301}, {""id"": 668804, ""name"": ""Bryan Reynolds"", ""bats"": ""S"", ""obp"": 0.4022346368715084, ""slg"": 0.47651006711409394, ""iso"": 0.18791946308724827, ""ab"": 298}]","[{""id"": 682829, ""name"": ""Elly De La Cruz"", ""bats"": ""S"", ""obp"": 0.3381818181818182, ""slg"": 0.483739837398374, ""iso"": 0.21544715447154472, ""ab"": 246}, {""id"": 701398, ""name"": ""Sal Stewart"", ""bats"": ""R"", ""obp"": 0.3409090909090909, ""slg"": 0.4542483660130719, ""iso"": 0.20261437908496732, ""ab"": 306}, {""id"": 668709, ""name"": ""JJ Bleday"", ""bats"": ""L"", ""obp"": 0.34801762114537443, ""slg"": 0.5104166666666666, ""iso"": 0.27083333333333326, ""ab"": 192}]","[{""name"": ""away_top3c_iso"", ""value"": 0.2245, ""contribution"": 0.3238}, {""name"": ""away_top3c_slg"", ""value"": 0.4785, ""contribution"": -0.1936}, {""name"": ""fi_park_nrfi_rate"", ""value"": 0.5188, ""contribution"": -0.0724}, {""name"": ""away_top3_ops_vs_oppHand"", ""value"": 0.8153, ""contribution"": 0.049}, {""name"": ""home_p_last10_pitcher_nrfi"", ""value"": 0.8, ""contribution"": 0.0326}]","[{""name"": ""home_top3c_slg"", ""value"": 0.4773, ""contribution"": -0.2291}, {""name"": ""home_top3c_iso"", ""value"": 0.2083, ""contribution"": 0.1384}, {""name"": ""home_obp"", ""value"": 0.3321, ""contribution"": 0.1281}, {""name"": ""home_plate_ump_nrfi_rate"", ""value"": 0.6254, ""contribution"": 0.1272}, {""name"": ""fi_park_nrfi_rate"", ""value"": 0.5188, ""contribution"": -0.1113}]",644760,0.6254,4.372,4.422,18.0,32.0,0.7075,0.664,4.8,5.4,0.8153,0.8343,R,R,NRFI,LOSS,0,0,0,2026-06-28T17:51:24+00:00,+100,-130,DraftKings,2026-06-28T16:35:11+00:00,0.5,0.5652,-0.0936,0.0284,0.0284,Y,1,-1,+100,-130,2026-06-28T16:29:54+00:00,0,0.4589,PASS,NO EDGE,,,,,,,
2026-06-28,2026,823608,1,N,PHI,NYM,1:40 PM ET,Jesús Luzardo,Cionel Pérez,666200,672335,live,ltd,live,live,0.96,0.5373,0.3817,0.9191,0.6355,0.2734,0.909,0.4064,0.5936,0.2345,0.7655,,,YRFI,STRONG,STRONG YRFI,4,2026-06-28T16:16:01Z,3.976,4.948,1.276,1.396,3.044,4.697,2.89,3.68,0.85,1.34,10.71,7.95,0.303,0.301,0.4,0.38,4.393,4.107,24.9,13.9,66.0,0.0,0.5,1.0,0.5,0.9,0.3341,0.3438,0.4392,0.4804,0.1715,0.2266,lineup,lineup,"[{""id"": 701807, ""name"": ""Carson Benge"", ""bats"": ""L"", ""obp"": 0.32, ""slg"": 0.3959731543624161, ""iso"": 0.13758389261744963, ""ab"": 298}, {""id"": 665742, ""name"": ""Juan Soto"", ""bats"": ""L"", ""obp"": 0.3985239852398524, ""slg"": 0.5670995670995671, ""iso"": 0.2683982683982684, ""ab"": 231}, {""id"": 666182, ""name"": ""Bo Bichette"", ""bats"": ""R"", ""obp"": 0.2983425414364641, ""slg"": 0.38922155688622756, ""iso"": 0.1347305389221557, ""ab"": 334}]","[{""id"": 607208, ""name"": ""Trea Turner"", ""bats"": ""R"", ""obp"": 0.28370786516853935, ""slg"": 0.338368580060423, ""iso"": 0.10574018126888218, ""ab"": 331}, {""id"": 656941, ""name"": ""Kyle Schwarber"", ""bats"": ""L"", ""obp"": 0.37037037037037035, ""slg"": 0.5844594594594594, ""iso"": 0.33108108108108103, ""ab"": 296}, {""id"": 547180, ""name"": ""Bryce Harper"", ""bats"": ""L"", ""obp"": 0.3786127167630058, ""slg"": 0.5360824742268041, ""iso"": 0.25773195876288657, ""ab"": 291}]","[{""name"": ""home_xera"", ""value"": 9.77, ""contribution"": 0.5794}, {""name"": ""away_top3c_iso"", ""value"": 0.2266, ""contribution"": 0.3387}, {""name"": ""away_top3c_slg"", ""value"": 0.4804, ""contribution"": -0.2032}, {""name"": ""era_gap_t1"", ""value"": 0.9723, ""contribution"": 0.1059}, {""name"": ""home_p_last10_pitcher_nrfi"", ""value"": 0.5, ""contribution"": -0.0846}]","[{""name"": ""away_whiff_pct_rank"", ""value"": 90.0, ""contribution"": -0.1731}, {""name"": ""away_fip"", ""value"": 3.044, ""contribution"": -0.1009}, {""name"": ""home_obp"", ""value"": 0.3008, ""contribution"": -0.0913}, {""name"": ""era_gap_b1"", ""value"": -0.9723, ""contribution"": -0.0665}, {""name"": ""home_top3_ops_vs_oppHand"", ""value"": 0.8147, ""contribution"": 0.0613}]",483912,0.5511,9.77,3.2,30.0,90.0,0.7136,0.7309,5.0,6.13,0.7533,0.8147,L,L,NRFI,LOSS,0,0,0,2026-06-28T17:52:15+00:00,-110,-115,DraftKings,2026-06-28T16:40:33+00:00,0.5238,0.5349,-0.1174,0.0587,0.0587,Y,1,-1,-110,-115,2026-06-28T16:35:11+00:00,0,0.3767,YRFI,STRONG,,,,,,,
2026-06-28,2026,824821,1,N,WSH,BAL,1:35 PM ET,Zack Littell,Kyle Bradish,641793,680694,live,live,live,live,1.06,0.5884,0.6954,1.2838,0.3258,0.5784,0.9042,0.4064,0.5936,0.3674,0.6326,,,YRFI,STRONG,STRONG YRFI,4,2026-06-28T16:16:01Z,4.847,3.669,1.278,1.372,5.972,4.007,2.34,3.83,2.25,1.11,5.79,9.64,0.319,0.319,0.42,0.401,5.157,4.601,25.6,4.0,74.0,0.0,0.8,0.8,0.8,0.7,0.3387,0.3415,0.4063,0.4975,0.163,0.2449,lineup,lineup,"[{""id"": 621493, ""name"": ""Taylor Ward"", ""bats"": ""R"", ""obp"": 0.38903394255874674, ""slg"": 0.36421725239616615, ""iso"": 0.10543130990415339, ""ab"": 313}, {""id"": 683002, ""name"": ""Gunnar Henderson"", ""bats"": ""L"", ""obp"": 0.29396325459317585, ""slg"": 0.4144927536231884, ""iso"": 0.19130434782608693, ""ab"": 345}, {""id"": 668939, ""name"": ""Adley Rutschman"", ""bats"": ""S"", ""obp"": 0.32894736842105265, ""slg"": 0.4577114427860697, ""iso"": 0.20398009950248758, ""ab"": 201}]","[{""id"": 695578, ""name"": ""James Wood"", ""bats"": ""L"", ""obp"": 0.38107416879795397, ""slg"": 0.5046439628482973, ""iso"": 0.24767801857585142, ""ab"": 323}, {""id"": 671277, ""name"": ""Luis Garc\u00eda Jr."", ""bats"": ""L"", ""obp"": 0.3018867924528302, ""slg"": 0.5138339920948617, ""iso"": 0.24110671936758898, ""ab"": 253}, {""id"": 678554, ""name"": ""Curtis Mead"", ""bats"": ""R"", ""obp"": 0.32098765432098764, ""slg"": 0.4669811320754717, ""iso"": 0.24528301886792453, ""ab"": 212}]","[{""name"": ""away_top3c_iso"", ""value"": 0.2449, ""contribution"": 0.4679}, {""name"": ""away_top3c_slg"", ""value"": 0.4975, ""contribution"": -0.2897}, {""name"": ""era_gap_t1"", ""value"": -1.1786, ""contribution"": -0.127}, {""name"": ""away_top3_ops_vs_oppHand"", ""value"": 0.8483, ""contribution"": 0.0826}, {""name"": ""fi_park_nrfi_rate"", ""value"": 0.519, ""contribution"": -0.0733}]","[{""name"": ""away_fip"", ""value"": 5.9718, ""contribution"": 0.212}, {""name"": ""home_top3c_slg"", ""value"": 0.4063, ""contribution"": 0.2119}, {""name"": ""away_whiff_pct_rank"", ""value"": 3.0, ""contribution"": 0.2024}, {""name"": ""fi_park_nrfi_rate"", ""value"": 0.519, ""contribution"": -0.1127}, {""name"": ""era_gap_b1"", ""value"": 1.1786, ""contribution"": 0.0798}]",596740,0.574,3.85,4.871,94.0,3.0,0.7136,0.6883,6.13,4.53,0.8483,0.7387,R,R,YRFI,WIN,0,2,2,2026-06-28T17:53:17+00:00,+100,-130,DraftKings,2026-06-28T16:35:11+00:00,0.5,0.5652,-0.0936,0.0284,0.0284,Y,1,0.769,+100,-130,2026-06-28T16:29:54+00:00,0,0.4870,PASS,NO EDGE,,,,,,,
2026-06-28,2026,822795,1,N,TEX,TOR,1:37 PM ET,Kumar Rocker,Shane Bieber,677958,669456,live,ltd,live,live,1.01,0.515,0.5608,1.0757,0.3639,0.4242,0.7882,0.4384,0.5616,0.2921,0.7079,,,PASS,LOW LAMBDA,PASS - Low lambda,4,2026-06-28T17:08:41Z,4.445,4.403,1.375,1.274,4.237,4.63,3.45,2.29,1.12,1.67,8.04,8.38,0.319,0.312,0.394,0.394,4.128,4.168,,,,1.0,0.6,0.4,0.75,0.3,0.3368,0.3329,0.3724,0.4259,0.1128,0.1781,lineup,lineup,"[{""id"": 543807, ""name"": ""George Springer"", ""bats"": ""R"", ""obp"": 0.3068181818181818, ""slg"": 0.36637931034482757, ""iso"": 0.15086206896551724, ""ab"": 232}, {""id"": 664770, ""name"": ""Nathan Lukes"", ""bats"": ""L"", ""obp"": 0.35365853658536583, ""slg"": 0.41721854304635764, ""iso"": 0.11258278145695366, ""ab"": 151}, {""id"": 665489, ""name"": ""Vladimir Guerrero Jr."", ""bats"": ""R"", ""obp"": 0.3522388059701492, ""slg"": 0.3539518900343643, ""iso"": 0.08247422680412375, ""ab"": 291}]","[{""id"": 592626, ""name"": ""Joc Pederson"", ""bats"": ""L"", ""obp"": 0.3424124513618677, ""slg"": 0.45662100456621, ""iso"": 0.2146118721461187, ""ab"": 219}, {""id"": 672284, ""name"": ""Jarred Kelenic"", ""bats"": ""L"", ""obp"": 0.30434782608695654, ""slg"": 0.29508196721311475, ""iso"": 0.0819672131147541, ""ab"": 61}, {""id"": 608369, ""name"": ""Corey Seager"", ""bats"": ""L"", ""obp"": 0.2897196261682243, ""slg"": 0.3804347826086957, ""iso"": 0.19565217391304351, ""ab"": 184}]","[{""name"": ""home_fip"", ""value"": 4.6304, ""contribution"": 0.0732}, {""name"": ""away_top3c_slg"", ""value"": 0.4259, ""contribution"": 0.0727}, {""name"": ""home_p_last10_pitcher_nrfi"", ""value"": 0.75, ""contribution"": 0.013}, {""name"": ""home_pvt_nrfi_rate"", ""value"": 0.7272, ""contribution"": 0.0115}, {""name"": ""home_xera"", ""value"": 4.2, ""contribution"": 0.0087}]","[{""name"": ""home_top3c_slg"", ""value"": 0.3724, ""contribution"": 0.4223}, {""name"": ""home_top3c_iso"", ""value"": 0.1128, ""contribution"": -0.3127}, {""name"": ""away_p_last10_pitcher_nrfi"", ""value"": 0.3, ""contribution"": 0.137}, {""name"": ""wx_is_dome"", ""value"": 1.0, ""contribution"": -0.0758}, {""name"": ""home_top3_ops_vs_oppHand"", ""value"": 0.7213, ""contribution"": -0.0505}]",484198,0.5395,4.2,4.973,50.0,44.0,0.7272,0.7272,5.33,4.8,0.7617,0.7213,R,R,YRFI,PASS,1,0,1,2026-06-28T18:04:49+00:00,-115,-115,DraftKings,2026-06-28T18:00:27+00:00,0.5349,0.5349,-0.0965,0.0267,,N,,,-115,-115,2026-06-28T17:33:17+00:00,,0.4658,PASS,NO EDGE,,,,,,,
2026-06-28,2026,823037,1,N,MIA,STL,2:15 PM ET,Tyler Phillips,Kyle Leahy,663969,681517,live,live,live,live,0.97,0.4733,0.5494,1.0227,0.3279,0.3954,0.7233,0.4772,0.5228,0.2726,0.7274,,,PASS,NO EDGE,PASS - No edge,4,2026-06-28T18:08:27Z,3.166,3.938,1.296,1.416,4.325,3.948,3.91,3.16,0.97,0.94,7.36,7.68,0.323,0.324,0.393,0.396,4.342,4.5,33.7,18.6,55.0,0.0,0.4,0.8,0.7,0.8333,0.3704,0.3379,0.4353,0.4046,0.1674,0.1434,lineup,lineup,"[{""id"": 802139, ""name"": ""JJ Wetherholt"", ""bats"": ""L"", ""obp"": 0.3583815028901734, ""slg"": 0.40939597315436244, ""iso"": 0.1476510067114094, ""ab"": 298}, {""id"": 671056, ""name"": ""Iv\u00e1n Herrera"", ""bats"": ""R"", ""obp"": 0.4005524861878453, ""slg"": 0.41379310344827586, ""iso"": 0.15517241379310343, ""ab"": 290}, {""id"": 676475, ""name"": ""Alec Burleson"", ""bats"": ""L"", ""obp"": 0.3507246376811594, ""slg"": 0.4805194805194805, ""iso"": 0.19805194805194803, ""ab"": 308}]","[{""id"": 805300, ""name"": ""Jakob Marsee"", ""bats"": ""L"", ""obp"": 0.3183183183183183, ""slg"": 0.30141843971631205, ""iso"": 0.1028368794326241, ""ab"": 282}, {""id"": 672640, ""name"": ""Otto Lopez"", ""bats"": ""R"", ""obp"": 0.36962750716332377, ""slg"": 0.48148148148148145, ""iso"": 0.1450617283950617, ""ab"": 324}, {""id"": 669065, ""name"": ""Kyle Stowers"", ""bats"": ""L"", ""obp"": 0.31983805668016196, ""slg"": 0.423963133640553, ""iso"": 0.1935483870967742, ""ab"": 217}]","[{""name"": ""away_top3c_iso"", ""value"": 0.1434, ""contribution"": -0.2473}, {""name"": ""away_top3c_slg"", ""value"": 0.4046, ""contribution"": 0.1806}, {""name"": ""fi_park_nrfi_rate"", ""value"": 0.527, ""contribution"": -0.1009}, {""name"": ""era_gap_t1"", ""value"": 0.7722, ""contribution"": 0.0842}, {""name"": ""wx_temp_c"", ""value"": 33.7, ""contribution"": 0.0745}]","[{""name"": ""fi_park_nrfi_rate"", ""value"": 0.527, ""contribution"": -0.1552}, {""name"": ""away_whiff_pct_rank"", ""value"": 85.0, ""contribution"": -0.1515}, {""name"": ""home_top3_ops_vs_oppHand"", ""value"": 0.857, ""contribution"": 0.112}, {""name"": ""home_top3c_obp"", ""value"": 0.3704, ""contribution"": 0.1055}, {""name"": ""wx_temp_c"", ""value"": 33.7, ""contribution"": 0.1039}]",521889,0.4806,4.459,4.17,32.0,85.0,0.7272,0.7136,5.13,4.73,0.728,0.857,R,R,NRFI,PASS,0,0,0,2026-06-28T18:36:23+00:00,-110,-120,DraftKings,2026-06-28T19:00:52+00:00,0.5238,0.5455,-0.0466,-0.0227,,N,,,-110,-120,2026-06-28T18:11:55+00:00,,0.4595,PASS,NO EDGE,,,,,,,
2026-06-28,2026,823281,1,N,LAD,SD,4:10 PM ET,Emmet Sheehan,Michael King,686218,650633,live,live,live,live,0.95,0.5002,0.4671,0.9673,0.3124,0.2638,0.5763,0.5514,0.4486,0.2522,0.7478,,,NRFI,LEAN,LEAN NRFI,4,2026-06-28T19:09:02Z,4.584,3.45,1.219,1.179,4.141,4.147,2.72,3.32,1.55,1.1,10.15,8.08,0.341,0.3,0.437,0.372,5.168,4.026,20.9,15.9,68.0,0.0,1.0,0.8,0.9,0.7,0.3223,0.3725,0.3624,0.5039,0.105,0.2188,lineup,lineup,"[{""id"": 665487, ""name"": ""Fernando Tatis Jr."", ""bats"": ""R"", ""obp"": 0.345821325648415, ""slg"": 0.36774193548387096, ""iso"": 0.08387096774193548, ""ab"": 310}, {""id"": 669392, ""name"": ""Samad Taylor"", ""bats"": ""R"", ""obp"": 0.43243243243243246, ""slg"": 0.40625, ""iso"": 0.0625, ""ab"": 64}, {""id"": 701538, ""name"": ""Jackson Merrill"", ""bats"": ""L"", ""obp"": 0.27217125382262997, ""slg"": 0.347682119205298, ""iso"": 0.1357615894039735, ""ab"": 302}]","[{""id"": 660271, ""name"": ""Shohei Ohtani"", ""bats"": ""L"", ""obp"": 0.41210374639769454, ""slg"": 0.5422535211267606, ""iso"": 0.24647887323943668, ""ab"": 284}, {""id"": 681624, ""name"": ""Andy Pages"", ""bats"": ""R"", ""obp"": 0.32577903682719545, ""slg"": 0.47648902821316613, ""iso"": 0.2068965517241379, ""ab"": 319}, {""id"": 518692, ""name"": ""Freddie Freeman"", ""bats"": ""L"", ""obp"": 0.38, ""slg"": 0.4966887417218543, ""iso"": 0.2052980132450331, ""ab"": 302}]","[{""name"": ""away_top3c_slg"", ""value"": 0.5039, ""contribution"": -0.3221}, {""name"": ""away_top3c_iso"", ""value"": 0.2188, ""contribution"": 0.2838}, {""name"": ""away_top3_ops_vs_oppHand"", ""value"": 0.9223, ""contribution"": 0.1581}, {""name"": ""fi_park_nrfi_rate"", ""value"": 0.5409, ""contribution"": -0.149}, {""name"": ""era_gap_t1"", ""value"": -1.1342, ""contribution"": -0.1222}]","[{""name"": ""home_top3c_slg"", ""value"": 0.3624, ""contribution"": 0.4843}, {""name"": ""home_top3c_iso"", ""value"": 0.105, ""contribution"": -0.3492}, {""name"": ""fi_park_nrfi_rate"", ""value"": 0.5409, ""contribution"": -0.229}, {""name"": ""away_whiff_pct_rank"", ""value"": 96.0, ""contribution"": -0.199}, {""name"": ""home_obp"", ""value"": 0.3, ""contribution"": -0.0968}]",594151,0.4534,3.885,2.975,56.0,96.0,0.7272,0.7272,6.0,4.4,0.9223,0.699,R,R,NRFI,WIN,0,0,0,2026-06-28T20:23:54+00:00,-115,-110,DraftKings,2026-06-28T20:15:43+00:00,0.5349,0.5238,0.0165,-0.0752,0.0165,N,0.5,0,-115,-110,2026-06-28T19:06:11+00:00,0,0.5579,PASS,NO EDGE,,,,,,,
2026-06-28,2026,824744,1,N,NYY,BOS,7:20 PM ET,Carlos Rodón,Sonny Gray,607074,543243,live,live,live,live,1.05,0.4877,0.5087,0.9964,0.3104,0.3802,0.6905,0.4795,0.5205,0.2629,0.7371,,,PASS,NO EDGE,PASS - No edge,4,2026-06-28T23:08:15Z,3.399,3.408,1.167,1.204,3.641,3.688,4.1,2.2,0.83,1.13,9.72,8.57,0.324,0.313,0.427,0.39,4.871,4.068,23.4,9.8,69.0,0.0,0.2,0.6,0.5,0.7,0.3358,0.3291,0.4432,0.4807,0.168,0.2334,lineup,lineup,"[{""id"": 680776, ""name"": ""Jarren Duran"", ""bats"": ""L"", ""obp"": 0.2545454545454545, ""slg"": 0.35973597359735976, ""iso"": 0.16171617161716173, ""ab"": 303}, {""id"": 678882, ""name"": ""Ceddanne Rafaela"", ""bats"": ""R"", ""obp"": 0.3333333333333333, ""slg"": 0.4421052631578947, ""iso"": 0.15789473684210525, ""ab"": 285}, {""id"": 677800, ""name"": ""Wilyer Abreu"", ""bats"": ""L"", ""obp"": 0.3333333333333333, ""slg"": 0.43934426229508194, ""iso"": 0.17049180327868851, ""ab"": 305}]","[{""id"": 683011, ""name"": ""Anthony Volpe"", ""bats"": ""R"", ""obp"": 0.3543307086614173, ""slg"": 0.35454545454545455, ""iso"": 0.10000000000000003, ""ab"": 110}, {""id"": 700250, ""name"": ""Ben Rice"", ""bats"": ""L"", ""obp"": 0.36666666666666664, ""slg"": 0.5734265734265734, ""iso"": 0.29720279720279724, ""ab"": 286}, {""id"": 518585, ""name"": ""Fernando Cruz"", ""bats"": ""R"", ""obp"": null, ""slg"": null, ""iso"": null, ""ab"": null}]","[{""name"": ""away_top3c_iso"", ""value"": 0.2334, ""contribution"": 0.3866}, {""name"": ""away_top3c_slg"", ""value"": 0.4807, ""contribution"": -0.2047}, {""name"": ""home_p_last10_pitcher_nrfi"", ""value"": 0.5, ""contribution"": -0.0846}, {""name"": ""fi_park_nrfi_rate"", ""value"": 0.5121, ""contribution"": -0.0494}, {""name"": ""home_avg_ip_per_start"", ""value"": 6.4667, ""contribution"": -0.0408}]","[{""name"": ""home_top3_ops_vs_oppHand"", ""value"": 0.9367, ""contribution"": 0.2073}, {""name"": ""fi_park_nrfi_rate"", ""value"": 0.5121, ""contribution"": -0.076}, {""name"": ""home_top3c_iso"", ""value"": 0.168, ""contribution"": -0.0518}, {""name"": ""away_fip"", ""value"": 3.6406, ""contribution"": -0.0371}, {""name"": ""wx_is_dome"", ""value"": 0.0, ""contribution"": 0.0264}]",503077,0.5258,3.87,4.2,65.0,50.0,0.7075,0.6767,6.47,5.67,0.8043,0.9367,L,R,NRFI,PASS,0,0,0,2026-06-28T23:37:39+00:00,-130,+100,DraftKings,2026-06-28T23:27:20+00:00,0.5652,0.5,-0.0857,0.0205,,N,,,-130,+100,2026-06-28T23:16:49+00:00,,0.4877,PASS,NO EDGE,,,,,,,
2026-06-28,2026,823686,1,N,COL,MIN,2:10 PM ET,Ryan Feltner,Connor Prielipp,663372,687570,ltd,ltd,live,live,0.97,0.5081,0.5813,1.0894,0.2538,0.3695,0.6233,0.5479,0.4521,0.2971,0.7029,,,NRFI,LEAN,LEAN NRFI,4,2026-06-28T17:08:41Z,4.572,4.75,1.307,1.353,4.63,4.014,3.49,3.41,1.28,1.08,7.5,8.88,0.323,0.321,0.415,0.41,4.617,4.813,24.4,12.8,75.0,0.0,0.8,0.8,0.7,0.7,0.3377,0.3355,0.5026,0.4504,0.2361,0.186,lineup,lineup,"[{""id"": 693459, ""name"": ""Kyler Fedko"", ""bats"": ""R"", ""obp"": 0.15384615384615385, ""slg"": 0.0, ""iso"": 0.0, ""ab"": 10}, {""id"": 621439, ""name"": ""Byron Buxton"", ""bats"": ""R"", ""obp"": 0.3292307692307692, ""slg"": 0.5805369127516778, ""iso"": 0.3087248322147651, ""ab"": 298}, {""id"": 665019, ""name"": ""Kody Clemens"", ""bats"": ""L"", ""obp"": 0.3088235294117647, ""slg"": 0.46774193548387094, ""iso"": 0.2258064516129032, ""ab"": 248}]","[{""id"": 650489, ""name"": ""Willi Castro"", ""bats"": ""S"", ""obp"": 0.3464285714285714, ""slg"": 0.398406374501992, ""iso"": 0.12350597609561753, ""ab"": 251}, {""id"": 666160, ""name"": ""Mickey Moniak"", ""bats"": ""L"", ""obp"": 0.3220338983050847, ""slg"": 0.5705521472392638, ""iso"": 0.3006134969325154, ""ab"": 163}, {""id"": 696100, ""name"": ""Hunter Goodman"", ""bats"": ""R"", ""obp"": 0.3117283950617284, ""slg"": 0.5426621160409556, ""iso"": 0.29692832764505117, ""ab"": 293}]","[{""name"": ""home_xera"", ""value"": 1.9461, ""contribution"": -0.2223}, {""name"": ""fi_park_nrfi_rate"", ""value"": 0.5348, ""contribution"": -0.1278}, {""name"": ""away_top3c_iso"", ""value"": 0.186, ""contribution"": 0.0525}, {""name"": ""away_top3c_slg"", ""value"": 0.4504, ""contribution"": -0.0514}, {""name"": ""away_top3_ops_vs_oppHand"", ""value"": 0.7923, ""contribution"": 0.0256}]","[{""name"": ""home_top3c_slg"", ""value"": 0.5026, ""contribution"": -0.3867}, {""name"": ""home_top3c_iso"", ""value"": 0.2361, ""contribution"": 0.2697}, {""name"": ""fi_park_nrfi_rate"", ""value"": 0.5348, ""contribution"": -0.1964}, {""name"": ""home_top3_ops_vs_oppHand"", ""value"": 0.8783, ""contribution"": 0.1375}, {""name"": ""away_fip"", ""value"": 4.6304, ""contribution"": 0.0686}]",605670,0.5573,1.946,4.743,50.0,55.0,0.7136,0.7136,5.33,5.4,0.7923,0.8783,R,L,YRFI,LOSS,1,0,1,2026-06-28T18:30:16+00:00,-110,-120,DraftKings,2026-06-28T19:00:52+00:00,0.5238,0.5455,0.0241,-0.0934,0.0241,N,0.5,0,-110,-120,2026-06-28T17:07:32+00:00,0,0.6370,NRFI,STRONG,,,,,,,
2026-06-28,2026,824422,1,N,SEA,CLE,1:40 PM ET,Emerson Hancock,Gavin Williams,676106,668909,live,live,live,live,0.96,0.4697,0.4292,0.899,0.2813,0.4457,0.727,0.4772,0.5228,0.2271,0.7729,,,PASS,NO EDGE,PASS - No edge,4,2026-06-28T17:08:41Z,3.958,3.597,1.126,1.178,4.14,4.069,2.35,3.36,1.32,1.35,8.07,10.07,0.312,0.311,0.387,0.37,4.086,4.005,26.2,13.6,64.0,0.0,0.6,0.8,0.7,0.8,0.3341,0.32,0.3594,0.3878,0.1174,0.145,lineup,lineup,"[{""id"": 680757, ""name"": ""Steven Kwan"", ""bats"": ""L"", ""obp"": 0.31788079470198677, ""slg"": 0.2558139534883721, ""iso"": 0.046511627906976744, ""ab"": 258}, {""id"": 683953, ""name"": ""Travis Bazzana"", ""bats"": ""L"", ""obp"": 0.35294117647058826, ""slg"": 0.4375, ""iso"": 0.17708333333333331, ""ab"": 192}, {""id"": 800050, ""name"": ""Chase DeLauter"", ""bats"": ""L"", ""obp"": 0.337037037037037, ""slg"": 0.4083333333333333, ""iso"": 0.14583333333333331, ""ab"": 240}]","[{""id"": 641487, ""name"": ""J.P. Crawford"", ""bats"": ""L"", ""obp"": 0.33935018050541516, ""slg"": 0.36909871244635195, ""iso"": 0.15021459227467812, ""ab"": 233}, {""id"": 677594, ""name"": ""Julio Rodr\u00edguez"", ""bats"": ""R"", ""obp"": 0.31129476584022037, ""slg"": 0.42168674698795183, ""iso"": 0.17168674698795183, ""ab"": 332}, {""id"": 647304, ""name"": ""Josh Naylor"", ""bats"": ""L"", ""obp"": 0.3132530120481928, ""slg"": 0.3651315789473684, ""iso"": 0.11184210526315791, ""ab"": 304}]","[{""name"": ""away_top3c_slg"", ""value"": 0.3878, ""contribution"": 0.2658}, {""name"": ""away_top3c_iso"", ""value"": 0.145, ""contribution"": -0.2359}, {""name"": ""fi_park_nrfi_rate"", ""value"": 0.528, ""contribution"": -0.1042}, {""name"": ""away_top3_ops_vs_oppHand"", ""value"": 0.7093, ""contribution"": -0.059}, {""name"": ""era_gap_t1"", ""value"": -0.3608, ""contribution"": -0.0384}]","[{""name"": ""home_top3c_slg"", ""value"": 0.3594, ""contribution"": 0.503}, {""name"": ""home_top3c_iso"", ""value"": 0.1174, ""contribution"": -0.2909}, {""name"": ""fi_park_nrfi_rate"", ""value"": 0.528, ""contribution"": -0.1602}, {""name"": ""away_whiff_pct_rank"", ""value"": 18.0, ""contribution"": 0.1376}, {""name"": ""wx_temp_c"", ""value"": 26.2, ""contribution"": 0.0413}]",608158,0.5142,4.171,5.231,88.0,18.0,0.751,0.7396,5.47,5.27,0.7093,0.7533,R,R,NRFI,PASS,0,0,0,2026-06-28T17:55:41+00:00,-140,+105,DraftKings,2026-06-28T18:00:27+00:00,0.5833,0.4878,-0.1061,0.035,,N,,,-140,+105,2026-06-28T17:38:36+00:00,,0.4623,PASS,NO EDGE,,,,,,,
2026-06-28,2026,823204,1,N,ATL,SF,4:05 PM ET,Chris Sale,Robbie Ray,519242,592662,live,live,live,live,0.94,0.5465,0.3312,0.8777,0.3585,0.2683,0.6267,0.5479,0.4521,0.2194,0.7806,,,NRFI,LEAN,LEAN NRFI,4,2026-06-28T18:08:27Z,2.282,3.684,1.056,1.258,2.536,4.623,2.27,4.11,0.69,1.33,11.01,8.55,0.313,0.309,0.41,0.416,4.745,4.139,23.4,25.5,38.0,0.0,0.8,0.8,0.8,0.9,0.3352,0.3263,0.4421,0.4524,0.1592,0.1711,lineup,lineup,"[{""id"": 656305, ""name"": ""Matt Chapman"", ""bats"": ""R"", ""obp"": 0.32941176470588235, ""slg"": 0.3728813559322034, ""iso"": 0.13559322033898305, ""ab"": 295}, {""id"": 650333, ""name"": ""Luis Arraez"", ""bats"": ""L"", ""obp"": 0.3582089552238806, ""slg"": 0.4444444444444444, ""iso"": 0.12418300653594772, ""ab"": 306}, {""id"": 671218, ""name"": ""Heliot Ramos"", ""bats"": ""R"", ""obp"": 0.3068181818181818, ""slg"": 0.42424242424242425, ""iso"": 0.1575757575757576, ""ab"": 165}]","[{""id"": 643289, ""name"": ""Mauricio Dub\u00f3n"", ""bats"": ""R"", ""obp"": 0.31715210355987056, ""slg"": 0.4201388888888889, ""iso"": 0.1527777777777778, ""ab"": 288}, {""id"": 671739, ""name"": ""Michael Harris II"", ""bats"": ""L"", ""obp"": 0.3333333333333333, ""slg"": 0.5018315018315018, ""iso"": 0.20146520146520147, ""ab"": 273}, {""id"": 645277, ""name"": ""Ozzie Albies"", ""bats"": ""S"", ""obp"": 0.3285302593659942, ""slg"": 0.43870967741935485, ""iso"": 0.16129032258064518, ""ab"": 310}]","[{""name"": ""era_gap_t1"", ""value"": 1.4023, ""contribution"": 0.1525}, {""name"": ""home_fip"", ""value"": 4.6232, ""contribution"": 0.0724}, {""name"": ""wx_wind_kmh"", ""value"": 25.5, ""contribution"": 0.0624}, {""name"": ""away_top3c_slg"", ""value"": 0.4524, ""contribution"": -0.0612}, {""name"": ""away_top3c_iso"", ""value"": 0.1711, ""contribution"": -0.0523}]","[{""name"": ""away_fip"", ""value"": 2.5359, ""contribution"": -0.1552}, {""name"": ""away_whiff_pct_rank"", ""value"": 85.0, ""contribution"": -0.1515}, {""name"": ""wx_wind_kmh"", ""value"": 25.5, ""contribution"": 0.1474}, {""name"": ""era_gap_b1"", ""value"": -1.4023, ""contribution"": -0.0958}, {""name"": ""home_top3c_iso"", ""value"": 0.1592, ""contribution"": -0.0933}]",691042,0.5084,3.719,2.52,64.0,85.0,0.6487,0.7396,5.33,5.8,0.777,0.8207,L,L,NRFI,WIN,0,0,0,2026-06-28T20:16:47+00:00,-160,+120,DraftKings,2026-06-28T20:15:43+00:00,0.6154,0.4545,-0.0675,-0.0024,-0.0675,N,0.5,0,-155,+120,2026-06-28T19:00:52+00:00,0.0075,0.5260,PASS,NO EDGE,,,,,,,
2026-06-28,2026,824256,1,N,HOU,DET,1:40 PM ET,Hunter Brown,Jack Flaherty,686613,656427,live,live,live,live,0.98,0.53,0.4159,0.9459,0.4384,0.279,0.7174,0.4774,0.5226,0.2443,0.7557,,,PASS,NO EDGE,PASS - No edge,4,2026-06-28T17:08:41Z,2.097,5.08,1.082,1.46,2.988,3.941,3.55,4.16,0.71,1.17,11.04,10.67,0.316,0.314,0.409,0.396,4.475,4.148,28.4,13.6,42.0,0.0,1.0,1.0,0.7,0.9,0.3632,0.3824,0.4136,0.5033,0.1375,0.2166,lineup,lineup,"[{""id"": 805808, ""name"": ""Kevin McGonigle"", ""bats"": ""L"", ""obp"": 0.3909348441926346, ""slg"": 0.42333333333333334, ""iso"": 0.14, ""ab"": 300}, {""id"": 621097, ""name"": ""Jacob Waguespack"", ""bats"": ""R"", ""obp"": null, ""slg"": null, ""iso"": null, ""ab"": null}, {""id"": 682985, ""name"": ""Riley Greene"", ""bats"": ""L"", ""obp"": 0.382183908045977, ""slg"": 0.43666666666666665, ""iso"": 0.14666666666666667, ""ab"": 300}]","[{""id"": 665161, ""name"": ""Jeremy Pe\u00f1a"", ""bats"": ""R"", ""obp"": 0.3604060913705584, ""slg"": 0.449438202247191, ""iso"": 0.15168539325842695, ""ab"": 178}, {""id"": 670541, ""name"": ""Yordan Alvarez"", ""bats"": ""L"", ""obp"": 0.4265927977839335, ""slg"": 0.6187290969899666, ""iso"": 0.30434782608695654, ""ab"": 299}, {""id"": 670623, ""name"": ""Isaac Paredes"", ""bats"": ""R"", ""obp"": 0.34662576687116564, ""slg"": 0.4142857142857143, ""iso"": 0.1642857142857143, ""ab"": 280}]","[{""name"": ""era_gap_t1"", ""value"": 2.9829, ""contribution"": 0.3236}, {""name"": ""away_top3c_slg"", ""value"": 0.5033, ""contribution"": -0.3193}, {""name"": ""away_top3c_iso"", ""value"": 0.2166, ""contribution"": 0.2687}, {""name"": ""fi_park_nrfi_rate"", ""value"": 0.5322, ""contribution"": -0.1188}, {""name"": ""away_top3_ops_vs_oppHand"", ""value"": 0.8823, ""contribution"": 0.1173}]","[{""name"": ""era_gap_b1"", ""value"": -2.9829, ""contribution"": -0.2033}, {""name"": ""home_top3c_iso"", ""value"": 0.1375, ""contribution"": -0.1961}, {""name"": ""fi_park_nrfi_rate"", ""value"": 0.5322, ""contribution"": -0.1826}, {""name"": ""home_top3c_slg"", ""value"": 0.4136, ""contribution"": 0.1663}, {""name"": ""away_fip"", ""value"": 2.9877, ""contribution"": -0.1069}]",596809,0.5038,3.908,1.82,57.0,55.0,0.7396,0.7613,4.4,4.87,0.8823,0.7957,R,R,NRFI,PASS,0,0,0,2026-06-28T17:58:03+00:00,-115,-110,DraftKings,2026-06-28T18:00:27+00:00,0.5349,0.5238,-0.0575,-0.0012,,N,,,-115,-110,2026-06-28T17:38:36+00:00,,0.5651,NRFI,STRONG,,,,,,,
2026-06-29,2026,824986,1,N,LAD,OAK,9:40 PM ET,Eric Lauer,Gage Jump,641778,695611,live,ltd,live,live,0.93,0.4022,0.6004,1.0025,0.3373,0.8602,1.1975,0.3219,0.6781,0.2652,0.7348,,,YRFI,STRONG,STRONG YRFI,4,2026-06-30T00:37:48Z,4.273,3.174,1.198,1.12,5.379,3.198,2.97,2.76,1.87,0.64,7.01,8.85,0.341,0.325,0.434,0.409,5.157,4.591,25.2,14.0,43.0,0.0,0.8,0.4,0.8333,0.5,0.3811,0.3723,0.49,0.4995,0.2123,0.2164,lineup,lineup,"[{""id"": 703607, ""name"": ""Henry Bolte"", ""bats"": ""R"", ""obp"": 0.38461538461538464, ""slg"": 0.3880597014925373, ""iso"": 0.08955223880597019, ""ab"": 134}, {""id"": 669127, ""name"": ""Shea Langeliers"", ""bats"": ""R"", ""obp"": 0.33429394812680113, ""slg"": 0.5, ""iso"": 0.23248407643312102, ""ab"": 314}, {""id"": 701762, ""name"": ""Nick Kurtz"", ""bats"": ""L"", ""obp"": 0.4228723404255319, ""slg"": 0.5249169435215947, ""iso"": 0.24584717607973422, ""ab"": 301}]","[{""id"": 660271, ""name"": ""Shohei Ohtani"", ""bats"": ""L"", ""obp"": 0.4119318181818182, ""slg"": 0.5381944444444444, ""iso"": 0.24305555555555552, ""ab"": 288}, {""id"": 681624, ""name"": ""Andy Pages"", ""bats"": ""R"", ""obp"": 0.3268156424581006, ""slg"": 0.4720496894409938, ""iso"": 0.20496894409937888, ""ab"": 322}, {""id"": 518692, ""name"": ""Freddie Freeman"", ""bats"": ""L"", ""obp"": 0.3785310734463277, ""slg"": 0.4918032786885246, ""iso"": 0.20327868852459013, ""ab"": 305}]","[{""name"": ""away_top3c_slg"", ""value"": 0.4995, ""contribution"": -0.2998}, {""name"": ""away_top3c_iso"", ""value"": 0.2164, ""contribution"": 0.267}, {""name"": ""fi_park_nrfi_rate"", ""value"": 0.4422, ""contribution"": 0.1922}, {""name"": ""era_gap_t1"", ""value"": -1.099, ""contribution"": -0.1184}, {""name"": ""home_fip"", ""value"": 3.198, ""contribution"": -0.0876}]","[{""name"": ""home_top3c_slg"", ""value"": 0.49, ""contribution"": -0.3081}, {""name"": ""fi_park_nrfi_rate"", ""value"": 0.4422, ""contribution"": 0.2954}, {""name"": ""home_top3_ops_vs_oppHand"", ""value"": 0.9187, ""contribution"": 0.1858}, {""name"": ""home_top3c_iso"", ""value"": 0.2123, ""contribution"": 0.1571}, {""name"": ""away_fip"", ""value"": 5.3792, ""contribution"": 0.1487}]",484499,0.5451,4.2,4.073,50.0,20.0,0.7136,0.7272,6.07,5.33,0.7607,0.9187,L,L,NRFI,LOSS,0,0,0,2026-06-30T01:55:45+00:00,+130,-170,DraftKings,2026-06-30T00:41:05+00:00,0.4348,0.6296,-0.1129,0.0485,0.0485,Y,1,-1,+130,-170,2026-06-30T00:38:06+00:00,0,0.3968,YRFI,STRONG,,,,,,,
2026-06-29,2026,823529,1,N,DET,NYY,7:05 PM ET,Casey Mize,Ryan Weathers,663554,677960,live,live,live,live,1.02,0.5064,0.4349,0.9414,0.4168,0.435,0.8517,0.4064,0.5936,0.2427,0.7573,,,PASS,LOW LAMBDA,PASS - Low lambda,4,2026-06-29T22:49:42Z,3.326,4.002,1.152,1.18,3.288,4.286,2.17,2.63,0.89,1.57,8.75,9.55,0.315,0.322,0.397,0.423,4.157,4.862,29.9,12.0,41.0,0.0,0.6,1.0,0.7,1.0,0.3589,0.3366,0.5164,0.4377,0.2437,0.1836,lineup,lineup,"[{""id"": 700250, ""name"": ""Ben Rice"", ""bats"": ""L"", ""obp"": 0.36227544910179643, ""slg"": 0.5655172413793104, ""iso"": 0.2931034482758621, ""ab"": 290}, {""id"": 641355, ""name"": ""Cody Bellinger"", ""bats"": ""L"", ""obp"": 0.36079545454545453, ""slg"": 0.4463087248322148, ""iso"": 0.18456375838926176, ""ab"": 298}, {""id"": 502671, ""name"": ""Paul Goldschmidt"", ""bats"": ""R"", ""obp"": 0.3511111111111111, ""slg"": 0.5490196078431373, ""iso"": 0.25980392156862747, ""ab"": 204}]","[{""id"": 663837, ""name"": ""Matt Vierling"", ""bats"": ""R"", ""obp"": 0.25877192982456143, ""slg"": 0.33816425120772947, ""iso"": 0.13526570048309178, ""ab"": 207}, {""id"": 693307, ""name"": ""Dillon Dingler"", ""bats"": ""R"", ""obp"": 0.3280757097791798, ""slg"": 0.527972027972028, ""iso"": 0.2657342657342658, ""ab"": 286}, {""id"": 805808, ""name"": ""Kevin McGonigle"", ""bats"": ""L"", ""obp"": 0.39385474860335196, ""slg"": 0.4205298013245033, ""iso"": 0.1390728476821192, ""ab"": 302}]","[{""name"": ""fi_park_nrfi_rate"", ""value"": 0.4526, ""contribution"": 0.1563}, {""name"": ""era_gap_t1"", ""value"": 0.6761, ""contribution"": 0.0738}, {""name"": ""wx_temp_c"", ""value"": 29.9, ""contribution"": 0.0518}, {""name"": ""away_top3c_iso"", ""value"": 0.1836, ""contribution"": 0.0363}, {""name"": ""home_fip"", ""value"": 4.2865, ""contribution"": 0.0346}]","[{""name"": ""home_top3c_slg"", ""value"": 0.5164, ""contribution"": -0.4722}, {""name"": ""home_top3c_iso"", ""value"": 0.2437, ""contribution"": 0.3053}, {""name"": ""fi_park_nrfi_rate"", ""value"": 0.4526, ""contribution"": 0.2403}, {""name"": ""away_p_last10_pitcher_nrfi"", ""value"": 1.0, ""contribution"": -0.0929}, {""name"": ""home_top3_ops_vs_oppHand"", ""value"": 0.8277, ""contribution"": 0.0768}]",427315,0.5564,4.324,3.428,88.0,53.0,0.7136,0.6942,5.87,5.4,0.7407,0.8277,R,L,YRFI,PASS,1,0,1,2026-06-29T23:29:01+00:00,-120,-110,DraftKings,2026-06-29T23:29:45+00:00,0.5455,0.5238,-0.1391,0.0698,0.0698,N,1,,-120,-110,2026-06-29T22:57:57+00:00,0,0.4521,PASS,NO EDGE,,,,,,,
2026-06-29,2026,825065,1,N,SF,ARI,9:40 PM ET,Tyler Mahle,Eduardo Rodriguez,641816,593958,live,live,live,live,1.0,0.524,0.5647,1.0887,0.3295,0.516,0.8454,0.4064,0.5936,0.2968,0.7032,,,YRFI,STRONG,STRONG YRFI,4,2026-06-30T00:37:48Z,4.413,3.085,1.345,1.308,4.369,4.325,3.47,3.57,1.25,1.03,8.28,7.14,0.309,0.308,0.415,0.388,4.128,4.26,,,,1.0,0.6,0.6,0.6,0.7,0.3448,0.3365,0.4569,0.4442,0.1948,0.1591,lineup,lineup,"[{""id"": 606466, ""name"": ""Ketel Marte"", ""bats"": ""S"", ""obp"": 0.3170028818443804, ""slg"": 0.47003154574132494, ""iso"": 0.20820189274447953, ""ab"": 317}, {""id"": 672695, ""name"": ""Geraldo Perdomo"", ""bats"": ""S"", ""obp"": 0.35735735735735735, ""slg"": 0.36101083032490977, ""iso"": 0.11552346570397115, ""ab"": 277}, {""id"": 682998, ""name"": ""Corbin Carroll"", ""bats"": ""L"", ""obp"": 0.36070381231671556, ""slg"": 0.5317725752508361, ""iso"": 0.25418060200668896, ""ab"": 299}]","[{""id"": 656305, ""name"": ""Matt Chapman"", ""bats"": ""R"", ""obp"": 0.3313953488372093, ""slg"": 0.3779264214046823, ""iso"": 0.137123745819398, ""ab"": 299}, {""id"": 650333, ""name"": ""Luis Arraez"", ""bats"": ""L"", ""obp"": 0.35988200589970504, ""slg"": 0.44660194174757284, ""iso"": 0.12297734627831719, ""ab"": 309}, {""id"": 669477, ""name"": ""Casey Schmitt"", ""bats"": ""R"", ""obp"": 0.31629392971246006, ""slg"": 0.5084175084175084, ""iso"": 0.21885521885521886, ""ab"": 297}]","[{""name"": ""fi_park_nrfi_rate"", ""value"": 0.4239, ""contribution"": 0.2555}, {""name"": ""era_gap_t1"", ""value"": -1.328, ""contribution"": -0.1432}, {""name"": ""away_top3c_iso"", ""value"": 0.1591, ""contribution"": -0.1365}, {""name"": ""away_top3_ops_vs_oppHand"", ""value"": 0.8247, ""contribution"": 0.0585}, {""name"": ""home_p_last10_pitcher_nrfi"", ""value"": 0.6, ""contribution"": -0.0455}]","[{""name"": ""fi_park_nrfi_rate"", ""value"": 0.4239, ""contribution"": 0.3927}, {""name"": ""home_top3c_slg"", ""value"": 0.4569, ""contribution"": -0.1025}, {""name"": ""era_gap_b1"", ""value"": 1.328, ""contribution"": 0.09}, {""name"": ""wx_is_dome"", ""value"": 1.0, ""contribution"": -0.0758}, {""name"": ""home_top3c_iso"", ""value"": 0.1948, ""contribution"": 0.0748}]",503586,0.4946,4.546,4.327,32.0,38.0,0.7197,0.7396,5.73,5.27,0.8247,0.759,R,L,YRFI,WIN,0,1,1,2026-06-30T01:54:03+00:00,-110,-120,DraftKings,2026-06-30T00:41:05+00:00,0.5238,0.5455,-0.1174,0.0481,0.0481,Y,1,0.833,-110,-120,2026-06-30T00:38:06+00:00,0,0.4589,PASS,NO EDGE,,,,,,,
2026-06-29,2026,823444,1,N,PIT,PHI,6:40 PM ET,Braxton Ashcraft,Aaron Nola,677952,605400,live,live,live,live,1.04,0.6279,0.3993,1.0272,0.5394,0.3264,0.8658,0.4064,0.5936,0.2742,0.7258,,,YRFI,STRONG,STRONG YRFI,4,2026-06-29T21:37:26Z,3.146,5.591,1.138,1.41,2.948,4.789,2.35,2.93,0.75,1.81,9.72,9.19,0.334,0.303,0.416,0.401,5.015,4.399,29.4,9.4,47.0,0.0,0.6,0.6,0.8,0.8,0.3421,0.3538,0.4801,0.4714,0.2266,0.2052,lineup,lineup,"[{""id"": 607208, ""name"": ""Trea Turner"", ""bats"": ""R"", ""obp"": 0.28254847645429365, ""slg"": 0.33630952380952384, ""iso"": 0.10416666666666669, ""ab"": 336}, {""id"": 656941, ""name"": ""Kyle Schwarber"", ""bats"": ""L"", ""obp"": 0.3707865168539326, ""slg"": 0.5913621262458472, ""iso"": 0.33554817275747506, ""ab"": 301}, {""id"": 547180, ""name"": ""Bryce Harper"", ""bats"": ""L"", ""obp"": 0.3742857142857143, ""slg"": 0.5306122448979592, ""iso"": 0.2551020408163266, ""ab"": 294}]","[{""id"": 804606, ""name"": ""Konnor Griffin"", ""bats"": ""R"", ""obp"": 0.3302752293577982, ""slg"": 0.41414141414141414, ""iso"": 0.14141414141414144, ""ab"": 198}, {""id"": 664040, ""name"": ""Brandon Lowe"", ""bats"": ""L"", ""obp"": 0.3179190751445087, ""slg"": 0.5081967213114754, ""iso"": 0.2655737704918033, ""ab"": 305}, {""id"": 668804, ""name"": ""Bryan Reynolds"", ""bats"": ""S"", ""obp"": 0.4022038567493113, ""slg"": 0.4717607973421927, ""iso"": 0.18604651162790697, ""ab"": 301}]","[{""name"": ""era_gap_t1"", ""value"": 2.4451, ""contribution"": 0.2654}, {""name"": ""away_top3c_iso"", ""value"": 0.2052, ""contribution"": 0.1883}, {""name"": ""away_top3c_slg"", ""value"": 0.4714, ""contribution"": -0.1576}, {""name"": ""home_fip"", ""value"": 4.7895, ""contribution"": 0.091}, {""name"": ""fi_park_nrfi_rate"", ""value"": 0.473, ""contribution"": 0.0859}]","[{""name"": ""home_top3c_slg"", ""value"": 0.4801, ""contribution"": -0.2468}, {""name"": ""home_top3c_iso"", ""value"": 0.2266, ""contribution"": 0.2248}, {""name"": ""era_gap_b1"", ""value"": -2.4451, ""contribution"": -0.1668}, {""name"": ""home_top3_ops_vs_oppHand"", ""value"": 0.88, ""contribution"": 0.1395}, {""name"": ""fi_park_nrfi_rate"", ""value"": 0.473, ""contribution"": 0.1321}]",427164,0.5083,4.083,2.96,59.0,76.0,0.7197,0.7136,4.8,5.6,0.827,0.88,R,R,YRFI,WIN,0,2,2,2026-06-29T22:53:48+00:00,+100,-130,DraftKings,2026-06-29T21:46:30+00:00,0.5,0.5652,-0.0936,0.0284,0.0284,Y,1,0.769,+100,-130,2026-06-29T21:35:37+00:00,0,0.4613,PASS,NO EDGE,,,,,,,
2026-06-29,2026,824420,1,N,TEX,CLE,7:10 PM ET,Tyler Alexander,Parker Messick,641302,800048,live,live,live,live,0.96,0.3745,0.4247,0.7992,0.26,0.4191,0.6792,0.4914,0.5086,0.1909,0.8091,,,PASS,NO EDGE,PASS - No edge,4,2026-06-29T23:05:55Z,3.809,2.976,1.345,1.118,3.547,3.419,2.73,2.67,0.73,0.94,7.5,9.39,0.319,0.313,0.393,0.371,4.116,4.025,29.6,10.6,53.0,0.0,1.0,0.6,1.0,0.7143,0.3428,0.3414,0.4059,0.4364,0.1419,0.1554,lineup,lineup,"[{""id"": 683953, ""name"": ""Travis Bazzana"", ""bats"": ""L"", ""obp"": 0.3495575221238938, ""slg"": 0.4307692307692308, ""iso"": 0.1743589743589744, ""ab"": 195}, {""id"": 677587, ""name"": ""Brayan Rocchio"", ""bats"": ""S"", ""obp"": 0.34201954397394135, ""slg"": 0.3860294117647059, ""iso"": 0.11764705882352944, ""ab"": 272}, {""id"": 800050, ""name"": ""Chase DeLauter"", ""bats"": ""L"", ""obp"": 0.3381818181818182, ""slg"": 0.40816326530612246, ""iso"": 0.14285714285714285, ""ab"": 245}]","[{""id"": 679822, ""name"": ""Justin Foscue"", ""bats"": ""R"", ""obp"": 0.33695652173913043, ""slg"": 0.5, ""iso"": 0.23170731707317072, ""ab"": 82}, {""id"": 673962, ""name"": ""Josh Jung"", ""bats"": ""R"", ""obp"": 0.3541666666666667, ""slg"": 0.4342105263157895, ""iso"": 0.14144736842105265, ""ab"": 304}, {""id"": 677649, ""name"": ""Ezequiel Duran"", ""bats"": ""R"", ""obp"": 0.32727272727272727, ""slg"": 0.41832669322709165, ""iso"": 0.1474103585657371, ""ab"": 251}]","[{""name"": ""away_top3c_iso"", ""value"": 0.1554, ""contribution"": -0.1625}, {""name"": ""away_top3_ops_vs_oppHand"", ""value"": 0.9237, ""contribution"": 0.1594}, {""name"": ""home_xera"", ""value"": 2.6176, ""contribution"": -0.1535}, {""name"": ""home_p_last10_pitcher_nrfi"", ""value"": 1.0, ""contribution"": 0.1107}, {""name"": ""fi_park_nrfi_rate"", ""value"": 0.528, ""contribution"": -0.1042}]","[{""name"": ""home_top3c_slg"", ""value"": 0.4059, ""contribution"": 0.2143}, {""name"": ""away_whiff_pct_rank"", ""value"": 2.0, ""contribution"": 0.2067}, {""name"": ""home_top3c_iso"", ""value"": 0.1419, ""contribution"": -0.1754}, {""name"": ""fi_park_nrfi_rate"", ""value"": 0.528, ""contribution"": -0.1602}, {""name"": ""home_top3_ops_vs_oppHand"", ""value"": 0.6773, ""contribution"": -0.1031}]",623938,0.4993,2.618,2.36,66.0,2.0,0.7136,0.7272,6.0,2.0,0.9237,0.6773,L,L,NRFI,PASS,0,0,0,2026-06-29T23:23:36+00:00,-130,+100,DraftKings,2026-06-29T23:29:45+00:00,0.5652,0.5,-0.0733,0.0081,,N,,,-130,+100,2026-06-29T23:08:47+00:00,,0.6370,NRFI,STRONG,,,,,,,
2026-06-29,2026,823771,1,N,CIN,MIL,7:40 PM ET,Nick Lodolo,Robert Gasser,666157,688107,live,ltd,live,live,1.03,0.5398,0.593,1.1328,0.3201,0.2437,0.5637,0.5572,0.4428,0.313,0.687,,,NRFI,LEAN,LEAN NRFI,4,2026-06-29T22:36:55Z,4.541,4.311,1.316,1.264,4.38,4.51,2.71,3.22,1.42,1.46,8.14,8.99,0.311,0.334,0.392,0.395,4.304,5.057,,,,1.0,0.6,0.8,0.625,0.8,0.3597,0.3323,0.4622,0.4523,0.1776,0.1993,lineup,lineup,"[{""id"": 694192, ""name"": ""Jackson Chourio"", ""bats"": ""R"", ""obp"": 0.3470319634703196, ""slg"": 0.5297029702970297, ""iso"": 0.2326732673267327, ""ab"": 202}, {""id"": 668930, ""name"": ""Brice Turang"", ""bats"": ""L"", ""obp"": 0.3631123919308357, ""slg"": 0.44594594594594594, ""iso"": 0.1858108108108108, ""ab"": 296}, {""id"": 661388, ""name"": ""William Contreras"", ""bats"": ""R"", ""obp"": 0.3644578313253012, ""slg"": 0.43243243243243246, ""iso"": 0.1317567567567568, ""ab"": 296}]","[{""id"": 682829, ""name"": ""Elly De La Cruz"", ""bats"": ""S"", ""obp"": 0.3392857142857143, ""slg"": 0.48, ""iso"": 0.21199999999999997, ""ab"": 250}, {""id"": 701398, ""name"": ""Sal Stewart"", ""bats"": ""R"", ""obp"": 0.34173669467787116, ""slg"": 0.4565916398713826, ""iso"": 0.202572347266881, ""ab"": 311}, {""id"": 668715, ""name"": ""Spencer Steer"", ""bats"": ""R"", ""obp"": 0.31511254019292606, ""slg"": 0.4223826714801444, ""iso"": 0.18411552346570398, ""ab"": 277}]","[{""name"": ""fi_park_nrfi_rate"", ""value"": 0.5899, ""contribution"": -0.3182}, {""name"": ""away_top3_ops_vs_oppHand"", ""value"": 0.9987, ""contribution"": 0.2359}, {""name"": ""away_top3c_iso"", ""value"": 0.1993, ""contribution"": 0.1465}, {""name"": ""away_top3c_slg"", ""value"": 0.4523, ""contribution"": -0.0608}, {""name"": ""home_fip"", ""value"": 4.51, ""contribution"": 0.0596}]","[{""name"": ""fi_park_nrfi_rate"", ""value"": 0.5899, ""contribution"": -0.4892}, {""name"": ""home_obp"", ""value"": 0.3337, ""contribution"": 0.1395}, {""name"": ""home_top3c_slg"", ""value"": 0.4622, ""contribution"": -0.1356}, {""name"": ""wx_is_dome"", ""value"": 1.0, ""contribution"": -0.0758}, {""name"": ""home_top3c_obp"", ""value"": 0.3597, ""contribution"": 0.0681}]",483564,0.5037,4.2,4.2,50.0,50.0,0.7272,0.7396,5.2,5.13,0.9987,0.777,L,L,YRFI,LOSS,1,0,1,2026-06-30T00:03:22+00:00,-105,-125,DraftKings,2026-06-30T00:00:30+00:00,0.5122,0.5556,0.045,-0.1128,0.045,N,0.5,0,-105,-125,2026-06-29T22:36:49+00:00,0,0.6523,NRFI,STRONG,,,,,,,
2026-06-29,2026,824741,1,N,WSH,BOS,7:10 PM ET,Miles Mikolas,Ranger Suarez,571945,624133,live,live,live,live,1.05,0.4215,0.5883,1.0098,0.2641,0.4283,0.6924,0.4795,0.5205,0.2678,0.7322,,,PASS,NO EDGE,PASS - No edge,4,2026-06-29T23:05:55Z,5.103,2.951,1.3,1.166,5.321,2.882,2.04,2.55,1.8,0.56,5.35,9.02,0.319,0.313,0.42,0.388,5.165,4.077,23.0,11.3,59.0,0.0,1.0,1.0,0.9,0.9,0.3325,0.3559,0.4189,0.47,0.1503,0.2333,lineup,lineup,"[{""id"": 807799, ""name"": ""Masataka Yoshida"", ""bats"": ""L"", ""obp"": 0.3333333333333333, ""slg"": 0.3525641025641026, ""iso"": 0.10256410256410259, ""ab"": 156}, {""id"": 678882, ""name"": ""Ceddanne Rafaela"", ""bats"": ""R"", ""obp"": 0.32903225806451614, ""slg"": 0.4359861591695502, ""iso"": 0.15570934256055363, ""ab"": 289}, {""id"": 677800, ""name"": ""Wilyer Abreu"", ""bats"": ""L"", ""obp"": 0.33527696793002915, ""slg"": 0.4364820846905538, ""iso"": 0.1693811074918567, ""ab"": 307}]","[{""id"": 695578, ""name"": ""James Wood"", ""bats"": ""L"", ""obp"": 0.3838383838383838, ""slg"": 0.5030674846625767, ""iso"": 0.24539877300613494, ""ab"": 326}, {""id"": 677588, ""name"": ""Jos\u00e9 Tena"", ""bats"": ""L"", ""obp"": 0.2795031055900621, ""slg"": 0.3691275167785235, ""iso"": 0.1476510067114094, ""ab"": 149}, {""id"": 678554, ""name"": ""Curtis Mead"", ""bats"": ""R"", ""obp"": 0.31983805668016196, ""slg"": 0.4675925925925926, ""iso"": 0.2453703703703704, ""ab"": 216}]","[{""name"": ""away_top3c_iso"", ""value"": 0.2333, ""contribution"": 0.3859}, {""name"": ""era_gap_t1"", ""value"": -2.1523, ""contribution"": -0.2324}, {""name"": ""away_top3c_slg"", ""value"": 0.47, ""contribution"": -0.1505}, {""name"": ""home_xera"", ""value"": 2.8963, ""contribution"": -0.1249}, {""name"": ""home_fip"", ""value"": 2.882, ""contribution"": -0.1231}]","[{""name"": ""away_whiff_pct_rank"", ""value"": 5.0, ""contribution"": 0.1937}, {""name"": ""era_gap_b1"", ""value"": 2.1523, ""contribution"": 0.146}, {""name"": ""away_fip"", ""value"": 5.3205, ""contribution"": 0.1424}, {""name"": ""home_top3c_iso"", ""value"": 0.1503, ""contribution"": -0.1357}, {""name"": ""home_top3c_slg"", ""value"": 0.4189, ""contribution"": 0.1336}]",554242,0.4415,2.896,5.287,31.0,5.0,0.768,0.664,5.8,4.0,0.7037,0.6987,R,L,YRFI,PASS,1,4,5,2026-06-29T23:33:36+00:00,-130,+100,DraftKings,2026-06-29T23:29:45+00:00,0.5652,0.5,-0.0857,0.0205,,N,,,-130,+100,2026-06-29T23:08:47+00:00,,0.5651,NRFI,STRONG,,,,,,,
2026-06-29,2026,824176,1,N,MIN,HOU,8:10 PM ET,Zebby Matthews,Peter Lambert,805673,663567,live,ltd,live,live,0.99,0.5048,0.5519,1.0566,0.3014,0.5121,0.8135,0.4377,0.5623,0.2851,0.7149,,,PASS,LOW LAMBDA,PASS - Low lambda,4,2026-06-30T00:08:16Z,4.796,3.609,1.295,1.203,4.522,4.012,2.37,3.41,1.6,1.03,8.24,8.56,0.321,0.316,0.411,0.41,4.795,4.5,,,,1.0,0.6,0.4,0.8,0.3,0.3683,0.3278,0.4848,0.4534,0.2133,0.1958,lineup,lineup,"[{""id"": 514888, ""name"": ""Jose Altuve"", ""bats"": ""R"", ""obp"": 0.3106060606060606, ""slg"": 0.3907563025210084, ""iso"": 0.15126050420168066, ""ab"": 238}, {""id"": 670541, ""name"": ""Yordan Alvarez"", ""bats"": ""L"", ""obp"": 0.4262295081967213, ""slg"": 0.6125827814569537, ""iso"": 0.3013245033112583, ""ab"": 302}, {""id"": 670623, ""name"": ""Isaac Paredes"", ""bats"": ""R"", ""obp"": 0.3504531722054381, ""slg"": 0.4280701754385965, ""iso"": 0.1719298245614035, ""ab"": 285}]","[{""id"": 663616, ""name"": ""Trevor Larnach"", ""bats"": ""L"", ""obp"": 0.3805668016194332, ""slg"": 0.4372093023255814, ""iso"": 0.14883720930232558, ""ab"": 215}, {""id"": 686797, ""name"": ""Brooks Lee"", ""bats"": ""S"", ""obp"": 0.30407523510971785, ""slg"": 0.445578231292517, ""iso"": 0.19727891156462585, ""ab"": 294}, {""id"": 665019, ""name"": ""Kody Clemens"", ""bats"": ""L"", ""obp"": 0.3079710144927536, ""slg"": 0.47619047619047616, ""iso"": 0.2341269841269841, ""ab"": 252}]","[{""name"": ""home_xera"", ""value"": 2.829, ""contribution"": -0.1318}, {""name"": ""era_gap_t1"", ""value"": -1.1872, ""contribution"": -0.1279}, {""name"": ""away_top3c_iso"", ""value"": 0.1958, ""contribution"": 0.1219}, {""name"": ""away_top3_ops_vs_oppHand"", ""value"": 0.8373, ""contribution"": 0.0714}, {""name"": ""away_top3c_slg"", ""value"": 0.4534, ""contribution"": -0.0662}]","[{""name"": ""home_top3c_slg"", ""value"": 0.4848, ""contribution"": -0.2761}, {""name"": ""home_top3c_iso"", ""value"": 0.2133, ""contribution"": 0.162}, {""name"": ""away_p_last10_pitcher_nrfi"", ""value"": 0.3, ""contribution"": 0.137}, {""name"": ""home_top3_ops_vs_oppHand"", ""value"": 0.86, ""contribution"": 0.1156}, {""name"": ""home_top3c_obp"", ""value"": 0.3683, ""contribution"": 0.0982}]",639723,0.548,2.829,4.2,50.0,50.0,0.7136,0.7136,5.67,6.07,0.8373,0.86,R,R,NRFI,PASS,0,0,0,2026-06-30T00:20:03+00:00,-105,-125,DraftKings,2026-06-30T00:05:47+00:00,0.5122,0.5556,-0.0745,0.0067,,N,,,-105,-125,2026-06-30T00:05:47+00:00,,0.4877,PASS,NO EDGE,,,,,,,
2026-06-29,2026,823121,1,N,LAA,SEA,9:40 PM ET,Ryan Johnson,George Kirby,696270,669923,sm,live,live,live,0.95,0.3946,0.5604,0.9549,0.2482,0.4507,0.6988,0.4795,0.5205,0.2477,0.7523,,,PASS,NO EDGE,PASS - No edge,4,2026-06-30T01:38:21Z,5.679,4.019,1.405,1.296,4.915,3.381,3.35,2.13,1.58,0.91,8.21,8.44,0.318,0.313,0.399,0.386,4.535,4.095,,,,1.0,0.8,0.3333,0.7,0.3333,0.3314,0.3255,0.4353,0.4225,0.1869,0.18,lineup,lineup,"[{""id"": 641487, ""name"": ""J.P. Crawford"", ""bats"": ""L"", ""obp"": 0.3392226148409894, ""slg"": 0.3682008368200837, ""iso"": 0.14644351464435149, ""ab"": 239}, {""id"": 677594, ""name"": ""Julio Rodr\u00edguez"", ""bats"": ""R"", ""obp"": 0.31521739130434784, ""slg"": 0.4226190476190476, ""iso"": 0.16964285714285715, ""ab"": 336}, {""id"": 686527, ""name"": ""Dominic Canzone"", ""bats"": ""L"", ""obp"": 0.3488372093023256, ""slg"": 0.5421052631578948, ""iso"": 0.26842105263157895, ""ab"": 190}]","[{""id"": 687263, ""name"": ""Zach Neto"", ""bats"": ""R"", ""obp"": 0.31805929919137466, ""slg"": 0.44135802469135804, ""iso"": 0.21913580246913583, ""ab"": 324}, {""id"": 694203, ""name"": ""Denzer Guzman"", ""bats"": ""R"", ""obp"": 0.3287671232876712, ""slg"": 0.44776119402985076, ""iso"": 0.17910447761194032, ""ab"": 67}, {""id"": 694384, ""name"": ""Nolan Schanuel"", ""bats"": ""L"", ""obp"": 0.3381294964028777, ""slg"": 0.3951612903225806, ""iso"": 0.12903225806451613, ""ab"": 248}]","[{""name"": ""era_gap_t1"", ""value"": -1.6598, ""contribution"": -0.1791}, {""name"": ""away_top3c_slg"", ""value"": 0.4225, ""contribution"": 0.0898}, {""name"": ""home_fip"", ""value"": 3.381, ""contribution"": -0.0671}, {""name"": ""home_xera"", ""value"": 3.551, ""contribution"": -0.0578}, {""name"": ""fi_park_nrfi_rate"", ""value"": 0.5131, ""contribution"": -0.0529}]","[{""name"": ""away_p_last10_pitcher_nrfi"", ""value"": 0.3333, ""contribution"": 0.126}, {""name"": ""era_gap_b1"", ""value"": 1.6598, ""contribution"": 0.1125}, {""name"": ""away_fip"", ""value"": 4.9153, ""contribution"": 0.0991}, {""name"": ""fi_park_nrfi_rate"", ""value"": 0.5131, ""contribution"": -0.0814}, {""name"": ""wx_is_dome"", ""value"": 1.0, ""contribution"": -0.0758}]",427197,0.5268,3.551,4.2,72.0,50.0,0.7613,0.7136,5.47,4.78,0.7483,0.7813,R,R,YRFI,PASS,1,0,1,2026-06-30T01:53:32+00:00,-125,-105,DraftKings,2026-06-30T02:08:25+00:00,0.5556,0.5122,-0.0761,0.0083,,N,,,-125,-105,2026-06-30T01:36:19+00:00,,0.4877,PASS,NO EDGE,,,,,,,
2026-06-29,2026,822792,1,N,NYM,TOR,7:07 PM ET,Sean Manaea,Trey Yesavage,640455,702056,live,ltd,live,live,1.01,0.4727,0.4916,0.9644,0.2385,0.3894,0.6279,0.5479,0.4521,0.2511,0.7489,,,NRFI,LEAN,LEAN NRFI,4,2026-06-29T22:06:19Z,4.885,3.804,1.34,1.206,3.797,3.994,2.83,3.86,1.21,0.93,9.67,8.7,0.302,0.311,0.38,0.393,4.106,4.146,,,,1.0,0.6,0.8,0.6,0.6,0.3367,0.3361,0.3761,0.4371,0.1152,0.1693,lineup,lineup,"[{""id"": 543807, ""name"": ""George Springer"", ""bats"": ""R"", ""obp"": 0.30970149253731344, ""slg"": 0.3686440677966102, ""iso"": 0.14830508474576273, ""ab"": 236}, {""id"": 664770, ""name"": ""Nathan Lukes"", ""bats"": ""L"", ""obp"": 0.35714285714285715, ""slg"": 0.43870967741935485, ""iso"": 0.12903225806451613, ""ab"": 155}, {""id"": 665489, ""name"": ""Vladimir Guerrero Jr."", ""bats"": ""R"", ""obp"": 0.3480825958702065, ""slg"": 0.34915254237288135, ""iso"": 0.08135593220338982, ""ab"": 295}]","[{""id"": 701807, ""name"": ""Carson Benge"", ""bats"": ""L"", ""obp"": 0.3181818181818182, ""slg"": 0.3927392739273927, ""iso"": 0.13531353135313529, ""ab"": 303}, {""id"": 665742, ""name"": ""Juan Soto"", ""bats"": ""L"", ""obp"": 0.4057971014492754, ""slg"": 0.5665236051502146, ""iso"": 0.26609442060085836, ""ab"": 233}, {""id"": 666182, ""name"": ""Bo Bichette"", ""bats"": ""R"", ""obp"": 0.2997275204359673, ""slg"": 0.3875739644970414, ""iso"": 0.13313609467455617, ""ab"": 338}]","[{""name"": ""home_xera"", ""value"": 2.9395, ""contribution"": -0.1205}, {""name"": ""era_gap_t1"", ""value"": -1.0819, ""contribution"": -0.1165}, {""name"": ""away_top3c_iso"", ""value"": 0.1693, ""contribution"": -0.0645}, {""name"": ""home_p_last10_pitcher_nrfi"", ""value"": 0.6, ""contribution"": -0.0455}, {""name"": ""away_top3_ops_vs_oppHand"", ""value"": 0.7897, ""contribution"": 0.0229}]","[{""name"": ""home_top3c_slg"", ""value"": 0.3761, ""contribution"": 0.3994}, {""name"": ""home_top3c_iso"", ""value"": 0.1152, ""contribution"": -0.3014}, {""name"": ""home_top3_ops_vs_oppHand"", ""value"": 0.65, ""contribution"": -0.1359}, {""name"": ""away_whiff_pct_rank"", ""value"": 24.0, ""contribution"": 0.1117}, {""name"": ""wx_is_dome"", ""value"": 1.0, ""contribution"": -0.0758}]",428442,0.5176,2.939,4.68,50.0,24.0,0.7136,0.7272,5.73,3.8,0.7897,0.65,L,R,YRFI,LOSS,0,1,1,2026-06-29T23:24:17+00:00,-110,-115,DraftKings,2026-06-29T22:57:57+00:00,0.5238,0.5349,0.0241,-0.0828,0.0241,N,0.5,0,-110,-115,2026-06-29T22:02:16+00:00,0,0.5721,NRFI,STRONG,,,,,,,
2026-06-29,2026,824822,1,N,CWS,BAL,6:35 PM ET,Sean Burke,Shane Baz,680732,669358,live,live,live,live,1.06,0.5796,0.5929,1.1724,0.3191,0.4105,0.7296,0.4772,0.5228,0.3274,0.6726,,,PASS,NO EDGE,PASS - No edge,4,2026-06-29T22:06:19Z,3.871,4.477,1.282,1.365,4.215,3.998,3.45,3.39,1.26,1.03,8.97,8.29,0.321,0.319,0.415,0.4,4.737,4.595,30.4,10.6,38.0,0.0,0.2,0.6,0.3,0.7,0.3376,0.3545,0.4028,0.4676,0.1611,0.2157,lineup,lineup,"[{""id"": 683002, ""name"": ""Gunnar Henderson"", ""bats"": ""L"", ""obp"": 0.2909090909090909, ""slg"": 0.40974212034383956, ""iso"": 0.18911174785100288, ""ab"": 349}, {""id"": 621493, ""name"": ""Taylor Ward"", ""bats"": ""R"", ""obp"": 0.3875968992248062, ""slg"": 0.36075949367088606, ""iso"": 0.10443037974683544, ""ab"": 316}, {""id"": 668939, ""name"": ""Adley Rutschman"", ""bats"": ""S"", ""obp"": 0.33189655172413796, ""slg"": 0.45588235294117646, ""iso"": 0.20098039215686275, ""ab"": 204}]","[{""id"": 678577, ""name"": ""Junior Perez"", ""bats"": ""R"", ""obp"": 0.3076923076923077, ""slg"": 0.5, ""iso"": 0.25, ""ab"": 12}, {""id"": 678246, ""name"": ""Miguel Vargas"", ""bats"": ""R"", ""obp"": 0.3657142857142857, ""slg"": 0.5, ""iso"": 0.24829931972789115, ""ab"": 294}, {""id"": 695657, ""name"": ""Colson Montgomery"", ""bats"": ""L"", ""obp"": 0.31402439024390244, ""slg"": 0.47750865051903113, ""iso"": 0.2560553633217993, ""ab"": 289}]","[{""name"": ""away_top3c_iso"", ""value"": 0.2157, ""contribution"": 0.2622}, {""name"": ""home_p_last10_pitcher_nrfi"", ""value"": 0.3, ""contribution"": -0.1627}, {""name"": ""away_top3c_slg"", ""value"": 0.4676, ""contribution"": -0.1383}, {""name"": ""fi_park_nrfi_rate"", ""value"": 0.519, ""contribution"": -0.0733}, {""name"": ""era_gap_t1"", ""value"": 0.6067, ""contribution"": 0.0663}]","[{""name"": ""home_top3c_slg"", ""value"": 0.4028, ""contribution"": 0.2338}, {""name"": ""fi_park_nrfi_rate"", ""value"": 0.519, ""contribution"": -0.1127}, {""name"": ""home_top3c_iso"", ""value"": 0.1611, ""contribution"": -0.0845}, {""name"": ""wx_temp_c"", ""value"": 30.4, ""contribution"": 0.0764}, {""name"": ""away_whiff_pct_rank"", ""value"": 35.0, ""contribution"": 0.0643}]",427129,0.4611,3.874,4.644,59.0,35.0,0.7272,0.7272,5.93,5.47,0.8067,0.7373,R,R,YRFI,PASS,0,1,1,2026-06-29T22:52:36+00:00,-105,-125,DraftKings,2026-06-29T22:31:35+00:00,0.5122,0.5556,-0.035,-0.0328,,N,,,-105,-125,2026-06-29T22:31:35+00:00,,0.4877,PASS,NO EDGE,,,,,,,
2026-06-29,2026,824339,1,N,MIA,COL,8:40 PM ET,Sandy Alcantara,Sean Sullivan,645261,807743,live,sm,live,live,1.22,0.6977,0.6151,1.3129,0.4811,0.5717,1.0528,0.333,0.667,0.3777,0.6223,,,YRFI,STRONG,STRONG YRFI,4,2026-06-29T23:36:22Z,4.37,5.112,1.248,1.412,3.995,4.838,2.41,3.47,1.02,1.45,6.82,7.94,0.322,0.323,0.391,0.414,4.308,4.591,32.1,12.0,5.0,0.0,0.6667,0.8,0.6667,0.7,0.3223,0.3719,0.5285,0.4621,0.2599,0.1517,lineup,lineup,"[{""id"": 664983, ""name"": ""Jake McCarthy"", ""bats"": ""L"", ""obp"": 0.34297520661157027, ""slg"": 0.49107142857142855, ""iso"": 0.1875, ""ab"": 224}, {""id"": 666160, ""name"": ""Mickey Moniak"", ""bats"": ""L"", ""obp"": 0.3202247191011236, ""slg"": 0.5670731707317073, ""iso"": 0.298780487804878, ""ab"": 164}, {""id"": 696100, ""name"": ""Hunter Goodman"", ""bats"": ""R"", ""obp"": 0.3079268292682927, ""slg"": 0.5353535353535354, ""iso"": 0.29292929292929293, ""ab"": 297}]","[{""id"": 672640, ""name"": ""Otto Lopez"", ""bats"": ""R"", ""obp"": 0.3654390934844193, ""slg"": 0.47560975609756095, ""iso"": 0.14329268292682923, ""ab"": 328}, {""id"": 669364, ""name"": ""Xavier Edwards"", ""bats"": ""S"", ""obp"": 0.38, ""slg"": 0.42950819672131146, ""iso"": 0.13114754098360654, ""ab"": 305}, {""id"": 683357, ""name"": ""Owen Caissie"", ""bats"": ""L"", ""obp"": 0.29017857142857145, ""slg"": 0.4271356783919598, ""iso"": 0.19597989949748745, ""ab"": 199}]","[{""name"": ""fi_park_nrfi_rate"", ""value"": 0.4241, ""contribution"": 0.2547}, {""name"": ""away_top3_ops_vs_oppHand"", ""value"": 0.9903, ""contribution"": 0.2274}, {""name"": ""away_top3c_iso"", ""value"": 0.1517, ""contribution"": -0.1888}, {""name"": ""away_top3c_slg"", ""value"": 0.4621, ""contribution"": -0.1105}, {""name"": ""home_fip"", ""value"": 4.8377, ""contribution"": 0.0964}]","[{""name"": ""home_top3c_slg"", ""value"": 0.5285, ""contribution"": -0.5471}, {""name"": ""fi_park_nrfi_rate"", ""value"": 0.4241, ""contribution"": 0.3916}, {""name"": ""home_top3c_iso"", ""value"": 0.2599, ""contribution"": 0.3816}, {""name"": ""home_top3_ops_vs_oppHand"", ""value"": 0.8653, ""contribution"": 0.1219}, {""name"": ""away_whiff_pct_rank"", ""value"": 28.0, ""contribution"": 0.0945}]",607884,0.5403,4.2,4.417,50.0,28.0,0.7136,0.7396,4.0,6.93,0.9903,0.8653,R,L,NRFI,LOSS,0,0,0,2026-06-30T00:52:11+00:00,+130,-170,DraftKings,2026-06-29T23:44:33+00:00,0.4348,0.6296,-0.1018,0.0374,0.0374,Y,1,-1,+130,-170,2026-06-29T23:39:17+00:00,0,0.4520,PASS,NO EDGE,,,,,,,
2026-06-29,2026,824662,1,N,SD,CHC,8:05 PM ET,Griffin Canning,Shota Imanaga,656288,684007,live,live,live,live,1.0,0.4795,0.71,1.1895,0.3198,0.5467,0.8665,0.4064,0.5936,0.3336,0.6664,,,YRFI,STRONG,STRONG YRFI,4,2026-06-29T22:49:42Z,5.695,4.197,1.502,1.032,4.845,4.908,4.65,2.06,1.38,1.95,8.82,8.21,0.3,0.332,0.371,0.402,4.005,4.854,33.2,21.8,57.0,0.0,0.8,0.4,0.9,0.5,0.3565,0.3209,0.4085,0.3793,0.1574,0.1333,lineup,lineup,"[{""id"": 691718, ""name"": ""Pete Crow-Armstrong"", ""bats"": ""L"", ""obp"": 0.36639118457300274, ""slg"": 0.5078864353312302, ""iso"": 0.22712933753943215, ""ab"": 317}, {""id"": 608324, ""name"": ""Alex Bregman"", ""bats"": ""R"", ""obp"": 0.336, ""slg"": 0.33540372670807456, ""iso"": 0.09627329192546585, ""ab"": 322}, {""id"": 683737, ""name"": ""Michael Busch"", ""bats"": ""L"", ""obp"": 0.37027027027027026, ""slg"": 0.3853820598006645, ""iso"": 0.14950166112956814, ""ab"": 301}]","[{""id"": 665487, ""name"": ""Fernando Tatis Jr."", ""bats"": ""R"", ""obp"": 0.3465909090909091, ""slg"": 0.3662420382165605, ""iso"": 0.08280254777070062, ""ab"": 314}, {""id"": 657757, ""name"": ""Gavin Sheets"", ""bats"": ""L"", ""obp"": 0.31716417910447764, ""slg"": 0.4495798319327731, ""iso"": 0.2184873949579832, ""ab"": 238}, {""id"": 592518, ""name"": ""Manny Machado"", ""bats"": ""R"", ""obp"": 0.27245508982035926, ""slg"": 0.3924914675767918, ""iso"": 0.20477815699658705, ""ab"": 293}]","[{""name"": ""away_top3c_iso"", ""value"": 0.1333, ""contribution"": -0.3181}, {""name"": ""away_top3c_slg"", ""value"": 0.3793, ""contribution"": 0.309}, {""name"": ""era_gap_t1"", ""value"": -1.4975, ""contribution"": -0.1615}, {""name"": ""fi_park_nrfi_rate"", ""value"": 0.5429, ""contribution"": -0.1558}, {""name"": ""home_fip"", ""value"": 4.9082, ""contribution"": 0.1043}]","[{""name"": ""fi_park_nrfi_rate"", ""value"": 0.5429, ""contribution"": -0.2395}, {""name"": ""home_top3c_slg"", ""value"": 0.4085, ""contribution"": 0.1981}, {""name"": ""home_obp"", ""value"": 0.3321, ""contribution"": 0.1283}, {""name"": ""wx_wind_kmh"", ""value"": 21.8, ""contribution"": 0.1085}, {""name"": ""home_top3c_iso"", ""value"": 0.1574, ""contribution"": -0.1018}]",605674,0.5127,3.775,4.668,47.0,69.0,0.7136,0.7272,5.47,5.33,0.84,0.7837,R,L,NRFI,LOSS,0,0,0,2026-06-30T00:18:30+00:00,+120,-155,DraftKings,2026-06-29T23:08:47+00:00,0.4545,0.6078,-0.0481,-0.0142,-0.0142,Y,1,-1,+120,-155,2026-06-29T22:57:57+00:00,0,0.4602,PASS,NO EDGE,,,,,,,
2026-06-30,2026,824338,1,N,MIA,COL,8:40 PM ET,Eury Pérez,Tanner Gordon,691587,685299,live,live,live,live,1.22,0.6487,0.6813,1.3301,0.5983,0.5029,1.1012,0.3219,0.6781,0.3838,0.6162,,,YRFI,STRONG,STRONG YRFI,4,2026-06-30T23:37:41Z,4.344,5.918,1.173,1.48,4.311,4.443,3.48,2.22,1.44,1.6,9.75,8.41,0.323,0.324,0.394,0.415,4.365,4.615,32.5,9.4,13.0,0.0,0.4,0.6,0.6,0.7,0.3212,0.339,0.5314,0.4496,0.2629,0.1977,lineup,lineup,"[{""id"": 664983, ""name"": ""Jake McCarthy"", ""bats"": ""L"", ""obp"": 0.3441295546558704, ""slg"": 0.4978165938864629, ""iso"": 0.19213973799126638, ""ab"": 229}, {""id"": 666160, ""name"": ""Mickey Moniak"", ""bats"": ""L"", ""obp"": 0.3114754098360656, ""slg"": 0.5502958579881657, ""iso"": 0.2899408284023669, ""ab"": 169}, {""id"": 690924, ""name"": ""Braxton Fulford"", ""bats"": ""R"", ""obp"": 0.3137254901960784, ""slg"": 0.35714285714285715, ""iso"": 0.14285714285714288, ""ab"": 42}]","[{""id"": 689414, ""name"": ""Liam Hicks"", ""bats"": ""L"", ""obp"": 0.3588850174216028, ""slg"": 0.4717741935483871, ""iso"": 0.19354838709677424, ""ab"": 248}, {""id"": 669065, ""name"": ""Kyle Stowers"", ""bats"": ""L"", ""obp"": 0.3203125, ""slg"": 0.41964285714285715, ""iso"": 0.19196428571428573, ""ab"": 224}, {""id"": 665052, ""name"": ""Griffin Conine"", ""bats"": ""L"", ""obp"": 0.32, ""slg"": 0.4772727272727273, ""iso"": 0.25, ""ab"": 44}]","[{""name"": ""fi_park_nrfi_rate"", ""value"": 0.4241, ""contribution"": 0.2547}, {""name"": ""era_gap_t1"", ""value"": 1.5742, ""contribution"": 0.1711}, {""name"": ""away_top3c_iso"", ""value"": 0.1977, ""contribution"": 0.1351}, {""name"": ""away_top3_ops_vs_oppHand"", ""value"": 0.875, ""contribution"": 0.1098}, {""name"": ""home_xera"", ""value"": 4.87, ""contribution"": 0.0773}]","[{""name"": ""home_top3c_slg"", ""value"": 0.5314, ""contribution"": -0.5655}, {""name"": ""home_top3c_iso"", ""value"": 0.2629, ""contribution"": 0.3958}, {""name"": ""fi_park_nrfi_rate"", ""value"": 0.4241, ""contribution"": 0.3916}, {""name"": ""home_top3_ops_vs_oppHand"", ""value"": 0.864, ""contribution"": 0.1203}, {""name"": ""era_gap_b1"", ""value"": -1.5742, ""contribution"": -0.1075}]",511890,0.5521,4.87,3.511,76.0,68.0,0.7272,0.751,4.67,5.2,0.875,0.864,R,R,YRFI,WIN,1,1,2,2026-07-01T00:57:31+00:00,+135,-180,DraftKings,2026-06-30T23:41:13+00:00,0.4255,0.6429,-0.1036,0.0352,0.0352,Y,1,0.556,+135,-180,2026-06-30T23:38:44+00:00,0,0.4123,YRFI,STRONG,,,,,,,
2026-06-30,2026,824984,1,N,LAD,OAK,9:40 PM ET,Justin Wrobleski,Jeffrey Springs,680736,605488,live,live,live,live,0.93,0.646,0.4123,1.0584,0.4955,0.5569,1.0524,0.3332,0.6668,0.2857,0.7143,,,YRFI,STRONG,STRONG YRFI,4,2026-07-01T00:38:46Z,3.199,5.079,1.084,1.292,3.612,5.382,2.11,2.93,0.81,2.01,6.84,7.75,0.341,0.325,0.436,0.409,5.195,4.585,22.8,15.8,55.0,0.0,0.6,1.0,0.5,0.9,0.3781,0.3726,0.4836,0.5043,0.2084,0.2194,lineup,lineup,"[{""id"": 703607, ""name"": ""Henry Bolte"", ""bats"": ""R"", ""obp"": 0.37888198757763975, ""slg"": 0.381294964028777, ""iso"": 0.08633093525179858, ""ab"": 139}, {""id"": 669127, ""name"": ""Shea Langeliers"", ""bats"": ""R"", ""obp"": 0.32954545454545453, ""slg"": 0.49216300940438873, ""iso"": 0.22884012539184956, ""ab"": 319}, {""id"": 701762, ""name"": ""Nick Kurtz"", ""bats"": ""L"", ""obp"": 0.4225721784776903, ""slg"": 0.521311475409836, ""iso"": 0.2426229508196721, ""ab"": 305}]","[{""id"": 660271, ""name"": ""Shohei Ohtani"", ""bats"": ""L"", ""obp"": 0.4117647058823529, ""slg"": 0.5460750853242321, ""iso"": 0.24914675767918093, ""ab"": 293}, {""id"": 681624, ""name"": ""Andy Pages"", ""bats"": ""R"", ""obp"": 0.3278236914600551, ""slg"": 0.4801223241590214, ""iso"": 0.21100917431192662, ""ab"": 327}, {""id"": 518692, ""name"": ""Freddie Freeman"", ""bats"": ""L"", ""obp"": 0.3788300835654596, ""slg"": 0.49032258064516127, ""iso"": 0.19999999999999996, ""ab"": 310}]","[{""name"": ""away_top3c_slg"", ""value"": 0.5043, ""contribution"": -0.3243}, {""name"": ""away_top3c_iso"", ""value"": 0.2194, ""contribution"": 0.2878}, {""name"": ""era_gap_t1"", ""value"": 1.88, ""contribution"": 0.2042}, {""name"": ""fi_park_nrfi_rate"", ""value"": 0.4422, ""contribution"": 0.1922}, {""name"": ""home_fip"", ""value"": 5.3822, ""contribution"": 0.1576}]","[{""name"": ""fi_park_nrfi_rate"", ""value"": 0.4422, ""contribution"": 0.2954}, {""name"": ""home_top3c_slg"", ""value"": 0.4836, ""contribution"": -0.2685}, {""name"": ""home_top3_ops_vs_oppHand"", ""value"": 0.8847, ""contribution"": 0.1451}, {""name"": ""away_whiff_pct_rank"", ""value"": 17.0, ""contribution"": 0.1419}, {""name"": ""home_top3c_iso"", ""value"": 0.2084, ""contribution"": 0.1387}]",676580,0.5084,4.027,3.401,71.0,17.0,0.7272,0.7136,4.33,6.13,0.7853,0.8847,L,L,YRFI,WIN,2,1,3,2026-07-01T02:01:30+00:00,+125,-165,DraftKings,2026-07-01T00:42:10+00:00,0.4444,0.6226,-0.1112,0.0442,0.0442,Y,1,0.606,+125,-165,2026-07-01T00:35:46+00:00,0,0.4611,PASS,NO EDGE,,,,,,,
2026-06-30,2026,824819,1,N,CWS,BAL,6:35 PM ET,Erick Fedde,Trey Gibson,607200,694346,live,ltd,live,live,1.06,0.6763,0.7171,1.3934,0.36,0.5888,0.9488,0.4011,0.5989,0.4059,0.5941,,,YRFI,STRONG,STRONG YRFI,4,2026-06-30T21:07:15Z,4.741,4.801,1.453,1.427,5.44,4.793,3.87,4.11,1.53,1.33,5.81,8.2,0.322,0.318,0.415,0.398,4.77,4.569,32.0,17.6,38.0,0.0,0.4,0.4,0.3333,0.6,0.337,0.3349,0.3816,0.4664,0.1447,0.2214,lineup,lineup,"[{""id"": 683002, ""name"": ""Gunnar Henderson"", ""bats"": ""L"", ""obp"": 0.29562982005141386, ""slg"": 0.4147727272727273, ""iso"": 0.19034090909090912, ""ab"": 352}, {""id"": 621493, ""name"": ""Taylor Ward"", ""bats"": ""R"", ""obp"": 0.3836317135549872, ""slg"": 0.35625, ""iso"": 0.10312500000000002, ""ab"": 320}, {""id"": 687637, ""name"": ""Dylan Beavers"", ""bats"": ""L"", ""obp"": 0.32, ""slg"": 0.3486238532110092, ""iso"": 0.11926605504587157, ""ab"": 109}]","[{""id"": 691019, ""name"": ""Kyle Teel"", ""bats"": ""L"", ""obp"": 0.32, ""slg"": 0.36363636363636365, ""iso"": 0.13636363636363638, ""ab"": 22}, {""id"": 678246, ""name"": ""Miguel Vargas"", ""bats"": ""R"", ""obp"": 0.36619718309859156, ""slg"": 0.5, ""iso"": 0.24832214765100669, ""ab"": 298}, {""id"": 643217, ""name"": ""Andrew Benintendi"", ""bats"": ""L"", ""obp"": 0.2924901185770751, ""slg"": 0.4329004329004329, ""iso"": 0.19480519480519481, ""ab"": 231}]","[{""name"": ""away_top3c_iso"", ""value"": 0.2214, ""contribution"": 0.3023}, {""name"": ""home_p_last10_pitcher_nrfi"", ""value"": 0.3333, ""contribution"": -0.1497}, {""name"": ""away_top3c_slg"", ""value"": 0.4664, ""contribution"": -0.1325}, {""name"": ""home_fip"", ""value"": 4.7935, ""contribution"": 0.0915}, {""name"": ""fi_park_nrfi_rate"", ""value"": 0.519, ""contribution"": -0.0733}]","[{""name"": ""home_top3c_slg"", ""value"": 0.3816, ""contribution"": 0.3655}, {""name"": ""away_whiff_pct_rank"", ""value"": 8.0, ""contribution"": 0.1808}, {""name"": ""home_top3c_iso"", ""value"": 0.1447, ""contribution"": -0.162}, {""name"": ""away_fip"", ""value"": 5.4402, ""contribution"": 0.1552}, {""name"": ""fi_park_nrfi_rate"", ""value"": 0.519, ""contribution"": -0.1127}]",427533,0.5151,4.2,5.185,50.0,8.0,0.7136,0.7075,4.73,4.93,0.7457,0.697,R,R,YRFI,WIN,1,1,2,2026-06-30T22:59:25+00:00,+115,-150,DraftKings,2026-06-30T21:38:09+00:00,0.4651,0.6,-0.0587,-0.0064,-0.0064,Y,1,0.667,+115,-150,2026-06-30T21:32:43+00:00,0,0.4524,PASS,NO EDGE,,,,,,,
2026-06-30,2026,824907,1,N,STL,ATL,7:15 PM ET,Matthew Liberatore,Martín Pérez,669461,527048,live,live,live,live,0.98,0.4667,0.616,1.0827,0.3819,0.5183,0.9002,0.4064,0.5936,0.2946,0.7054,,,YRFI,STRONG,STRONG YRFI,4,2026-06-30T22:09:11Z,5.099,3.313,1.488,1.151,4.941,4.04,3.04,3.32,1.69,0.95,7.85,7.67,0.323,0.312,0.395,0.409,4.474,4.716,34.3,11.4,47.0,0.0,1.0,0.8,0.9,0.7,0.3354,0.3675,0.4769,0.4464,0.2072,0.1757,lineup,lineup,"[{""id"": 686948, ""name"": ""Drake Baldwin"", ""bats"": ""L"", ""obp"": 0.3371647509578544, ""slg"": 0.46320346320346323, ""iso"": 0.2077922077922078, ""ab"": 231}, {""id"": 645277, ""name"": ""Ozzie Albies"", ""bats"": ""S"", ""obp"": 0.3247863247863248, ""slg"": 0.43312101910828027, ""iso"": 0.15923566878980894, ""ab"": 314}, {""id"": 621566, ""name"": ""Matt Olson"", ""bats"": ""L"", ""obp"": 0.3445378151260504, ""slg"": 0.5297805642633229, ""iso"": 0.25391849529780564, ""ab"": 319}]","[{""id"": 802139, ""name"": ""JJ Wetherholt"", ""bats"": ""L"", ""obp"": 0.36, ""slg"": 0.4105960264900662, ""iso"": 0.14569536423841056, ""ab"": 302}, {""id"": 671056, ""name"": ""Iv\u00e1n Herrera"", ""bats"": ""R"", ""obp"": 0.3972602739726027, ""slg"": 0.40955631399317405, ""iso"": 0.15358361774744028, ""ab"": 293}, {""id"": 691023, ""name"": ""Jordan Walker"", ""bats"": ""R"", ""obp"": 0.3431952662721893, ""slg"": 0.5161290322580645, ""iso"": 0.2258064516129032, ""ab"": 310}]","[{""name"": ""era_gap_t1"", ""value"": -1.7864, ""contribution"": -0.1928}, {""name"": ""home_xera"", ""value"": 5.4973, ""contribution"": 0.1416}, {""name"": ""away_top3_ops_vs_oppHand"", ""value"": 0.86, ""contribution"": 0.0945}, {""name"": ""wx_temp_c"", ""value"": 34.3, ""contribution"": 0.0781}, {""name"": ""home_p_last10_pitcher_nrfi"", ""value"": 0.9, ""contribution"": 0.0716}]","[{""name"": ""home_top3c_slg"", ""value"": 0.4769, ""contribution"": -0.2265}, {""name"": ""away_whiff_pct_rank"", ""value"": 14.0, ""contribution"": 0.1549}, {""name"": ""home_top3c_iso"", ""value"": 0.2072, ""contribution"": 0.133}, {""name"": ""era_gap_b1"", ""value"": 1.7864, ""contribution"": 0.1212}, {""name"": ""wx_temp_c"", ""value"": 34.3, ""contribution"": 0.109}]",577468,0.4946,5.497,4.999,6.0,14.0,0.751,0.6942,5.07,4.2,0.86,0.85,L,L,NRFI,LOSS,0,0,0,2026-06-30T23:28:40+00:00,+100,-130,DraftKings,2026-06-30T22:18:00+00:00,0.5,0.5652,-0.0936,0.0284,0.0284,Y,1,-1,+100,-130,2026-06-30T22:08:10+00:00,0,0.4047,YRFI,STRONG,,,,,,,
2026-06-30,2026,824661,1,N,SD,CHC,8:05 PM ET,JP Sears,Matthew Boyd,676664,571510,live,live,live,live,1.0,0.3798,0.6422,1.0219,0.2575,0.5444,0.8018,0.4384,0.5616,0.2723,0.7277,,,PASS,LOW LAMBDA,PASS - Low lambda,4,2026-06-30T23:37:41Z,4.829,3.958,1.309,1.202,5.157,3.237,2.52,2.56,1.97,0.82,7.89,9.16,0.301,0.333,0.371,0.401,3.985,4.835,33.6,26.3,55.0,0.0,0.8,0.6,0.6,0.7,0.3541,0.3194,0.4302,0.3755,0.1663,0.131,lineup,lineup,"[{""id"": 691718, ""name"": ""Pete Crow-Armstrong"", ""bats"": ""L"", ""obp"": 0.37228260869565216, ""slg"": 0.509375, ""iso"": 0.22500000000000003, ""ab"": 320}, {""id"": 608324, ""name"": ""Alex Bregman"", ""bats"": ""R"", ""obp"": 0.3394736842105263, ""slg"": 0.3374233128834356, ""iso"": 0.0950920245398773, ""ab"": 326}, {""id"": 673548, ""name"": ""Seiya Suzuki"", ""bats"": ""R"", ""obp"": 0.35034013605442177, ""slg"": 0.44921875, ""iso"": 0.18359375, ""ab"": 256}]","[{""id"": 665487, ""name"": ""Fernando Tatis Jr."", ""bats"": ""R"", ""obp"": 0.3445378151260504, ""slg"": 0.36363636363636365, ""iso"": 0.0815047021943574, ""ab"": 319}, {""id"": 669392, ""name"": ""Samad Taylor"", ""bats"": ""R"", ""obp"": 0.4024390243902439, ""slg"": 0.375, ""iso"": 0.05555555555555558, ""ab"": 72}, {""id"": 592518, ""name"": ""Manny Machado"", ""bats"": ""R"", ""obp"": 0.27218934911242604, ""slg"": 0.3885135135135135, ""iso"": 0.2027027027027027, ""ab"": 296}]","[{""name"": ""away_top3c_iso"", ""value"": 0.131, ""contribution"": -0.3345}, {""name"": ""away_top3c_slg"", ""value"": 0.3755, ""contribution"": 0.3278}, {""name"": ""fi_park_nrfi_rate"", ""value"": 0.5429, ""contribution"": -0.1558}, {""name"": ""era_gap_t1"", ""value"": -0.8703, ""contribution"": -0.0936}, {""name"": ""home_fip"", ""value"": 3.2375, ""contribution"": -0.0832}]","[{""name"": ""fi_park_nrfi_rate"", ""value"": 0.5429, ""contribution"": -0.2395}, {""name"": ""wx_wind_kmh"", ""value"": 26.3, ""contribution"": 0.1558}, {""name"": ""home_obp"", ""value"": 0.333, ""contribution"": 0.1344}, {""name"": ""away_fip"", ""value"": 5.1571, ""contribution"": 0.1249}, {""name"": ""wx_temp_c"", ""value"": 33.6, ""contribution"": 0.1031}]",605672,0.5283,3.564,4.2,41.0,50.0,0.7075,0.7136,5.0,5.07,0.808,0.794,L,L,YRFI,PASS,1,1,2,2026-07-01T00:24:18+00:00,+135,-175,DraftKings,2026-06-30T23:57:12+00:00,0.4255,0.6364,0.009,-0.0709,,N,,,+135,-175,2026-06-30T23:57:12+00:00,,0.4658,PASS,NO EDGE,,,,,,,
2026-06-30,2026,823528,1,N,DET,NYY,7:05 PM ET,Tarik Skubal,Cam Schlittler,669373,693645,live,live,live,live,1.02,0.3265,0.3701,0.6966,0.3915,0.4437,0.8351,0.4157,0.5843,0.1546,0.8454,,,PASS,LOW LAMBDA,PASS - Low lambda,4,2026-06-30T22:38:28Z,2.872,2.138,0.95,1.01,2.882,2.704,1.34,2.28,1.06,0.69,10.47,10.36,0.315,0.32,0.396,0.422,4.185,4.843,30.3,15.9,44.0,0.0,1.0,0.4,1.0,0.6,0.3418,0.3514,0.5363,0.4779,0.265,0.213,lineup,lineup,"[{""id"": 502671, ""name"": ""Paul Goldschmidt"", ""bats"": ""R"", ""obp"": 0.34497816593886466, ""slg"": 0.5384615384615384, ""iso"": 0.2548076923076923, ""ab"": 208}, {""id"": 642708, ""name"": ""Amed Rosario"", ""bats"": ""R"", ""obp"": 0.2986111111111111, ""slg"": 0.48484848484848486, ""iso"": 0.2272727272727273, ""ab"": 132}, {""id"": 700250, ""name"": ""Ben Rice"", ""bats"": ""L"", ""obp"": 0.35798816568047337, ""slg"": 0.5578231292517006, ""iso"": 0.28911564625850333, ""ab"": 294}]","[{""id"": 805808, ""name"": ""Kevin McGonigle"", ""bats"": ""L"", ""obp"": 0.39669421487603307, ""slg"": 0.4215686274509804, ""iso"": 0.13725490196078433, ""ab"": 306}, {""id"": 693307, ""name"": ""Dillon Dingler"", ""bats"": ""R"", ""obp"": 0.32608695652173914, ""slg"": 0.5275862068965518, ""iso"": 0.2655172413793104, ""ab"": 290}, {""id"": 681481, ""name"": ""Kerry Carpenter"", ""bats"": ""L"", ""obp"": 0.3096446700507614, ""slg"": 0.4942528735632184, ""iso"": 0.25862068965517243, ""ab"": 174}]","[{""name"": ""away_top3c_iso"", ""value"": 0.213, ""contribution"": 0.243}, {""name"": ""away_top3c_slg"", ""value"": 0.4779, ""contribution"": -0.1907}, {""name"": ""fi_park_nrfi_rate"", ""value"": 0.4526, ""contribution"": 0.1563}, {""name"": ""home_fip"", ""value"": 2.7042, ""contribution"": -0.1431}, {""name"": ""home_p_last10_pitcher_nrfi"", ""value"": 1.0, ""contribution"": 0.1107}]","[{""name"": ""home_top3c_slg"", ""value"": 0.5363, ""contribution"": -0.5956}, {""name"": ""home_top3c_iso"", ""value"": 0.265, ""contribution"": 0.4059}, {""name"": ""fi_park_nrfi_rate"", ""value"": 0.4526, ""contribution"": 0.2403}, {""name"": ""away_whiff_pct_rank"", ""value"": 100.0, ""contribution"": -0.2163}, {""name"": ""home_top3_ops_vs_oppHand"", ""value"": 0.8983, ""contribution"": 0.1614}]",482631,0.538,3.568,2.218,56.0,100.0,0.7272,0.7075,5.6,5.87,0.8633,0.8983,L,R,YRFI,PASS,4,1,5,2026-06-30T23:34:28+00:00,-150,+115,DraftKings,2026-06-30T22:57:48+00:00,0.6,0.4651,-0.1884,0.1233,,N,,,-150,+115,2026-06-30T22:57:48+00:00,,0.4171,PASS,NO EDGE,,,,,,,
2026-06-30,2026,822793,1,N,NYM,TOR,7:07 PM ET,Nolan McLean,Kevin Gausman,690997,592332,live,live,live,live,1.01,0.4289,0.4531,0.882,0.2552,0.2881,0.5433,0.5685,0.4315,0.2209,0.7791,,,NRFI,LEAN,LEAN NRFI,4,2026-06-30T21:48:46Z,3.812,4.132,1.136,1.151,3.524,3.758,3.29,2.16,1.02,1.22,10.34,8.81,0.302,0.311,0.379,0.392,4.075,4.125,,,,1.0,0.4,1.0,0.4,0.8,0.3145,0.3351,0.3865,0.435,0.1419,0.1684,lineup,lineup,"[{""id"": 543807, ""name"": ""George Springer"", ""bats"": ""R"", ""obp"": 0.3088235294117647, ""slg"": 0.375, ""iso"": 0.15416666666666667, ""ab"": 240}, {""id"": 664770, ""name"": ""Nathan Lukes"", ""bats"": ""L"", ""obp"": 0.3546511627906977, ""slg"": 0.43037974683544306, ""iso"": 0.12658227848101267, ""ab"": 158}, {""id"": 672386, ""name"": ""Alejandro Kirk"", ""bats"": ""R"", ""obp"": 0.23076923076923078, ""slg"": 0.31666666666666665, ""iso"": 0.13333333333333333, ""ab"": 60}]","[{""id"": 701807, ""name"": ""Carson Benge"", ""bats"": ""L"", ""obp"": 0.31736526946107785, ""slg"": 0.39087947882736157, ""iso"": 0.13355048859934854, ""ab"": 307}, {""id"": 665742, ""name"": ""Juan Soto"", ""bats"": ""L"", ""obp"": 0.40714285714285714, ""slg"": 0.5677966101694916, ""iso"": 0.26694915254237295, ""ab"": 236}, {""id"": 666182, ""name"": ""Bo Bichette"", ""bats"": ""R"", ""obp"": 0.29649595687331537, ""slg"": 0.3830409356725146, ""iso"": 0.13157894736842107, ""ab"": 342}]","[{""name"": ""home_p_last10_pitcher_nrfi"", ""value"": 0.4, ""contribution"": -0.1236}, {""name"": ""away_top3c_iso"", ""value"": 0.1684, ""contribution"": -0.0713}, {""name"": ""home_xera"", ""value"": 3.5212, ""contribution"": -0.0609}, {""name"": ""era_gap_t1"", ""value"": 0.32, ""contribution"": 0.0353}, {""name"": ""away_top3c_slg"", ""value"": 0.435, ""contribution"": 0.0266}]","[{""name"": ""home_top3c_slg"", ""value"": 0.3865, ""contribution"": 0.335}, {""name"": ""home_top3c_iso"", ""value"": 0.1419, ""contribution"": -0.1751}, {""name"": ""away_whiff_pct_rank"", ""value"": 76.0, ""contribution"": -0.1127}, {""name"": ""home_top3c_obp"", ""value"": 0.3145, ""contribution"": -0.0906}, {""name"": ""wx_is_dome"", ""value"": 1.0, ""contribution"": -0.0758}]",503493,0.522,3.521,2.723,81.0,76.0,0.6796,0.7136,5.2,5.6,0.7863,0.7157,R,R,NRFI,WIN,0,0,0,2026-06-30T23:19:00+00:00,-125,-105,DraftKings,2026-06-30T22:57:48+00:00,0.5556,0.5122,0.0129,-0.0807,0.0129,N,0.5,0,-125,-105,2026-06-30T21:57:31+00:00,0,0.6536,NRFI,STRONG,,,,,,,
2026-06-30,2026,823768,1,N,CIN,MIL,7:40 PM ET,Rhett Lowder,Brandon Sproat,695076,687075,ltd,ltd,live,live,1.03,0.5686,0.6613,1.2299,0.3406,0.2801,0.6207,0.5479,0.4521,0.3482,0.6518,,,NRFI,LEAN,LEAN NRFI,4,2026-06-30T22:38:28Z,4.549,5.007,1.384,1.314,4.45,4.566,3.86,3.72,1.14,1.44,7.98,9.15,0.311,0.334,0.392,0.397,4.291,5.057,,,,1.0,0.8,0.8,0.9,0.5,0.3502,0.3428,0.4579,0.4779,0.1883,0.2227,lineup,lineup,"[{""id"": 592885, ""name"": ""Christian Yelich"", ""bats"": ""L"", ""obp"": 0.3378995433789954, ""slg"": 0.4, ""iso"": 0.13846153846153847, ""ab"": 195}, {""id"": 694192, ""name"": ""Jackson Chourio"", ""bats"": ""R"", ""obp"": 0.34375, ""slg"": 0.5194174757281553, ""iso"": 0.22815533980582525, ""ab"": 206}, {""id"": 668930, ""name"": ""Brice Turang"", ""bats"": ""L"", ""obp"": 0.36182336182336183, ""slg"": 0.4533333333333333, ""iso"": 0.1933333333333333, ""ab"": 300}]","[{""id"": 682829, ""name"": ""Elly De La Cruz"", ""bats"": ""S"", ""obp"": 0.3368421052631579, ""slg"": 0.48627450980392156, ""iso"": 0.2196078431372549, ""ab"": 255}, {""id"": 701398, ""name"": ""Sal Stewart"", ""bats"": ""R"", ""obp"": 0.3407202216066482, ""slg"": 0.45396825396825397, ""iso"": 0.2, ""ab"": 315}, {""id"": 668709, ""name"": ""JJ Bleday"", ""bats"": ""L"", ""obp"": 0.35319148936170214, ""slg"": 0.5050505050505051, ""iso"": 0.26262626262626265, ""ab"": 198}]","[{""name"": ""fi_park_nrfi_rate"", ""value"": 0.5899, ""contribution"": -0.3182}, {""name"": ""away_top3c_iso"", ""value"": 0.2227, ""contribution"": 0.3111}, {""name"": ""away_top3c_slg"", ""value"": 0.4779, ""contribution"": -0.1904}, {""name"": ""home_p_last10_pitcher_nrfi"", ""value"": 0.9, ""contribution"": 0.0716}, {""name"": ""home_fip"", ""value"": 4.5664, ""contribution"": 0.066}]","[{""name"": ""fi_park_nrfi_rate"", ""value"": 0.5899, ""contribution"": -0.4892}, {""name"": ""home_obp"", ""value"": 0.3338, ""contribution"": 0.1397}, {""name"": ""home_top3c_slg"", ""value"": 0.4579, ""contribution"": -0.1089}, {""name"": ""home_top3_ops_vs_oppHand"", ""value"": 0.837, ""contribution"": 0.088}, {""name"": ""wx_is_dome"", ""value"": 1.0, ""contribution"": -0.0758}]",483919,0.4901,4.139,4.513,16.0,50.0,0.7272,0.7136,5.0,4.53,0.8113,0.837,R,R,YRFI,LOSS,1,0,1,2026-06-30T23:56:58+00:00,+105,-140,DraftKings,2026-06-30T23:38:44+00:00,0.4878,0.5833,0.0601,-0.1312,0.0601,N,0.5,0,+105,-140,2026-06-30T22:39:22+00:00,0,0.6496,NRFI,STRONG,,,,,,,
2026-06-30,2026,823122,1,N,LAA,SEA,9:40 PM ET,José Soriano,Bryan Woo,667755,693433,live,live,live,live,0.95,0.3517,0.5226,0.8743,0.3007,0.329,0.6297,0.5479,0.4521,0.2181,0.7819,,,NRFI,LEAN,LEAN NRFI,4,2026-07-01T00:38:46Z,3.599,3.863,1.344,1.007,4.092,3.213,4.43,1.74,0.99,0.99,9.2,9.1,0.318,0.313,0.399,0.387,4.51,4.114,,,,1.0,1.0,0.8,0.9,0.5,0.322,0.3254,0.3863,0.4163,0.1422,0.1755,lineup,lineup,"[{""id"": 641487, ""name"": ""J.P. Crawford"", ""bats"": ""L"", ""obp"": 0.3344947735191638, ""slg"": 0.36213991769547327, ""iso"": 0.1440329218106996, ""ab"": 243}, {""id"": 677594, ""name"": ""Julio Rodr\u00edguez"", ""bats"": ""R"", ""obp"": 0.3172043010752688, ""slg"": 0.4218289085545723, ""iso"": 0.16814159292035397, ""ab"": 339}, {""id"": 647304, ""name"": ""Josh Naylor"", ""bats"": ""L"", ""obp"": 0.31671554252199413, ""slg"": 0.3665594855305466, ""iso"": 0.112540192926045, ""ab"": 311}]","[{""id"": 687263, ""name"": ""Zach Neto"", ""bats"": ""R"", ""obp"": 0.32266666666666666, ""slg"": 0.45565749235474007, ""iso"": 0.22935779816513763, ""ab"": 327}, {""id"": 687093, ""name"": ""Vaughn Grissom"", ""bats"": ""R"", ""obp"": 0.31843575418994413, ""slg"": 0.3782051282051282, ""iso"": 0.14102564102564102, ""ab"": 156}, {""id"": 694384, ""name"": ""Nolan Schanuel"", ""bats"": ""L"", ""obp"": 0.3333333333333333, ""slg"": 0.3888888888888889, ""iso"": 0.12698412698412698, ""ab"": 252}]","[{""name"": ""away_top3c_slg"", ""value"": 0.4163, ""contribution"": 0.1213}, {""name"": ""home_xera"", ""value"": 2.9856, ""contribution"": -0.1158}, {""name"": ""home_fip"", ""value"": 3.213, ""contribution"": -0.086}, {""name"": ""home_p_last10_pitcher_nrfi"", ""value"": 0.9, ""contribution"": 0.0716}, {""name"": ""fi_park_nrfi_rate"", ""value"": 0.5131, ""contribution"": -0.0529}]","[{""name"": ""home_top3c_slg"", ""value"": 0.3863, ""contribution"": 0.3358}, {""name"": ""home_top3c_iso"", ""value"": 0.1422, ""contribution"": -0.1737}, {""name"": ""away_whiff_pct_rank"", ""value"": 71.0, ""contribution"": -0.0911}, {""name"": ""fi_park_nrfi_rate"", ""value"": 0.5131, ""contribution"": -0.0814}, {""name"": ""wx_is_dome"", ""value"": 1.0, ""contribution"": -0.0758}]",598411,0.5467,2.986,3.855,50.0,71.0,0.7197,0.7272,5.87,4.73,0.7607,0.708,R,R,NRFI,WIN,0,0,0,2026-07-01T02:00:51+00:00,-150,+115,DraftKings,2026-07-01T01:27:29+00:00,0.6,0.4651,-0.0521,-0.013,-0.0521,N,0.5,0,-150,+115,2026-07-01T00:35:46+00:00,0,0.6370,NRFI,STRONG,,,,,,,
2026-06-30,2026,824742,1,N,WSH,BOS,7:10 PM ET,Cade Cavalli,Connelly Early,676917,813349,live,ltd,live,live,1.05,0.6077,0.501,1.1087,0.3108,0.3035,0.6143,0.548,0.452,0.3042,0.6958,,,NRFI,LEAN,LEAN NRFI,4,2026-06-30T22:09:11Z,4.066,3.772,1.403,1.253,3.564,4.43,3.06,3.19,0.92,1.44,9.18,8.98,0.318,0.313,0.419,0.389,5.144,4.097,28.3,12.7,61.0,0.0,0.2,0.4,0.3,0.7,0.3381,0.3574,0.4429,0.4739,0.1628,0.2344,lineup,lineup,"[{""id"": 678011, ""name"": ""Anthony Seigler"", ""bats"": ""S"", ""obp"": 0.425, ""slg"": 0.5555555555555556, ""iso"": 0.19444444444444448, ""ab"": 36}, {""id"": 678882, ""name"": ""Ceddanne Rafaela"", ""bats"": ""R"", ""obp"": 0.33121019108280253, ""slg"": 0.43686006825938567, ""iso"": 0.15358361774744028, ""ab"": 293}, {""id"": 677800, ""name"": ""Wilyer Abreu"", ""bats"": ""L"", ""obp"": 0.33429394812680113, ""slg"": 0.43548387096774194, ""iso"": 0.16774193548387095, ""ab"": 310}]","[{""id"": 695578, ""name"": ""James Wood"", ""bats"": ""L"", ""obp"": 0.3825, ""slg"": 0.509090909090909, ""iso"": 0.25151515151515147, ""ab"": 330}, {""id"": 671277, ""name"": ""Luis Garc\u00eda Jr."", ""bats"": ""L"", ""obp"": 0.3102189781021898, ""slg"": 0.5402298850574713, ""iso"": 0.260536398467433, ""ab"": 261}, {""id"": 678554, ""name"": ""Curtis Mead"", ""bats"": ""R"", ""obp"": 0.32270916334661354, ""slg"": 0.4681818181818182, ""iso"": 0.24090909090909093, ""ab"": 220}]","[{""name"": ""away_top3c_iso"", ""value"": 0.2344, ""contribution"": 0.3938}, {""name"": ""away_top3c_slg"", ""value"": 0.4739, ""contribution"": -0.1701}, {""name"": ""home_p_last10_pitcher_nrfi"", ""value"": 0.3, ""contribution"": -0.1627}, {""name"": ""home_fip"", ""value"": 4.4297, ""contribution"": 0.0506}, {""name"": ""fi_park_nrfi_rate"", ""value"": 0.5121, ""contribution"": -0.0494}]","[{""name"": ""away_whiff_pct_rank"", ""value"": 80.0, ""contribution"": -0.1299}, {""name"": ""home_top3c_iso"", ""value"": 0.1628, ""contribution"": -0.0767}, {""name"": ""fi_park_nrfi_rate"", ""value"": 0.5121, ""contribution"": -0.076}, {""name"": ""wx_temp_c"", ""value"": 28.3, ""contribution"": 0.0588}, {""name"": ""away_fip"", ""value"": 3.5644, ""contribution"": -0.0453}]",544728,0.4859,3.778,4.101,82.0,80.0,0.7136,0.7136,5.33,4.73,0.7217,0.7763,R,L,YRFI,LOSS,0,1,1,2026-06-30T23:31:02+00:00,-120,-110,DraftKings,2026-06-30T23:38:44+00:00,0.5455,0.5238,0.0025,-0.0718,0.0025,N,0.5,0,-120,-105,2026-06-30T22:08:10+00:00,0,0.4658,PASS,NO EDGE,,,,,,,
2026-06-30,2026,824418,1,N,TEX,CLE,6:40 PM ET,Jacob deGrom,Tanner Bibee,594798,676440,live,live,live,live,0.96,0.4861,0.4263,0.9125,0.3297,0.338,0.6677,0.527,0.473,0.2321,0.7679,,,NRFI,LEAN,LEAN NRFI,4,2026-06-30T21:37:46Z,3.369,3.916,0.996,1.167,3.709,4.522,2.01,2.72,1.48,1.46,10.46,7.77,0.319,0.313,0.394,0.37,4.135,4.015,32.6,13.7,59.0,0.0,0.6,0.8,0.6,0.6,0.3342,0.3333,0.4059,0.4292,0.1559,0.1806,lineup,lineup,"[{""id"": 683953, ""name"": ""Travis Bazzana"", ""bats"": ""L"", ""obp"": 0.341991341991342, ""slg"": 0.42, ""iso"": 0.16999999999999998, ""ab"": 200}, {""id"": 800050, ""name"": ""Chase DeLauter"", ""bats"": ""L"", ""obp"": 0.34050179211469533, ""slg"": 0.41365461847389556, ""iso"": 0.14457831325301201, ""ab"": 249}, {""id"": 677587, ""name"": ""Brayan Rocchio"", ""bats"": ""S"", ""obp"": 0.34294871794871795, ""slg"": 0.3862815884476534, ""iso"": 0.1155234657039711, ""ab"": 277}]","[{""id"": 592626, ""name"": ""Joc Pederson"", ""bats"": ""L"", ""obp"": 0.33969465648854963, ""slg"": 0.4642857142857143, ""iso"": 0.22321428571428573, ""ab"": 224}, {""id"": 673962, ""name"": ""Josh Jung"", ""bats"": ""R"", ""obp"": 0.3548387096774194, ""slg"": 0.4368932038834951, ""iso"": 0.14239482200647247, ""ab"": 309}, {""id"": 695508, ""name"": ""Cam Cauley"", ""bats"": ""R"", ""obp"": 0.5, ""slg"": 1.0, ""iso"": 0.6666666666666667, ""ab"": 3}]","[{""name"": ""fi_park_nrfi_rate"", ""value"": 0.528, ""contribution"": -0.1042}, {""name"": ""wx_temp_c"", ""value"": 32.6, ""contribution"": 0.0679}, {""name"": ""home_fip"", ""value"": 4.5218, ""contribution"": 0.061}, {""name"": ""era_gap_t1"", ""value"": 0.5472, ""contribution"": 0.0599}, {""name"": ""away_top3c_slg"", ""value"": 0.4292, ""contribution"": 0.0562}]","[{""name"": ""home_top3c_slg"", ""value"": 0.4059, ""contribution"": 0.2144}, {""name"": ""fi_park_nrfi_rate"", ""value"": 0.528, ""contribution"": -0.1602}, {""name"": ""away_whiff_pct_rank"", ""value"": 82.0, ""contribution"": -0.1386}, {""name"": ""home_top3c_iso"", ""value"": 0.1559, ""contribution"": -0.1092}, {""name"": ""wx_temp_c"", ""value"": 32.6, ""contribution"": 0.0948}]",427366,0.4992,3.633,3.231,47.0,82.0,0.7197,0.7136,6.47,5.8,0.7613,0.7733,R,R,YRFI,LOSS,0,2,2,2026-06-30T22:55:52+00:00,-135,+100,DraftKings,2026-06-30T22:39:22+00:00,0.5745,0.5,-0.0475,-0.027,-0.0475,N,0.5,0,-135,+100,2026-06-30T21:38:09+00:00,0,0.6370,NRFI,STRONG,,,,,,,
2026-06-30,2026,823445,1,N,PIT,PHI,6:40 PM ET,Bubba Chandler,Cristopher Sánchez,696149,650911,live,live,live,live,1.04,0.367,0.586,0.953,0.2841,0.5268,0.8109,0.4384,0.5616,0.247,0.753,,,PASS,LOW LAMBDA,PASS - Low lambda,4,2026-06-30T22:38:28Z,4.323,2.229,1.318,1.097,4.312,2.47,4.31,1.78,1.03,0.62,8.47,10.14,0.334,0.304,0.418,0.403,5.075,4.425,31.2,16.1,34.0,0.0,0.6,0.6,0.8,0.6,0.342,0.3744,0.4836,0.4774,0.2301,0.1953,lineup,lineup,"[{""id"": 607208, ""name"": ""Trea Turner"", ""bats"": ""R"", ""obp"": 0.28415300546448086, ""slg"": 0.3460410557184751, ""iso"": 0.11143695014662758, ""ab"": 341}, {""id"": 656941, ""name"": ""Kyle Schwarber"", ""bats"": ""L"", ""obp"": 0.3684210526315789, ""slg"": 0.5855263157894737, ""iso"": 0.33223684210526316, ""ab"": 304}, {""id"": 547180, ""name"": ""Bryce Harper"", ""bats"": ""L"", ""obp"": 0.37464788732394366, ""slg"": 0.5369127516778524, ""iso"": 0.26174496644295303, ""ab"": 298}]","[{""id"": 804606, ""name"": ""Konnor Griffin"", ""bats"": ""R"", ""obp"": 0.33183856502242154, ""slg"": 0.4187192118226601, ""iso"": 0.14285714285714285, ""ab"": 203}, {""id"": 699013, ""name"": ""Esmerlyn Valdez"", ""bats"": ""R"", ""obp"": 0.36, ""slg"": 0.7777777777777778, ""iso"": 0.48888888888888893, ""ab"": 45}, {""id"": 668804, ""name"": ""Bryan Reynolds"", ""bats"": ""S"", ""obp"": 0.40217391304347827, ""slg"": 0.4721311475409836, ""iso"": 0.18688524590163935, ""ab"": 305}]","[{""name"": ""away_top3_ops_vs_oppHand"", ""value"": 1.0327, ""contribution"": 0.2705}, {""name"": ""era_gap_t1"", ""value"": -2.0943, ""contribution"": -0.2261}, {""name"": ""away_top3c_slg"", ""value"": 0.4774, ""contribution"": -0.188}, {""name"": ""home_fip"", ""value"": 2.4705, ""contribution"": -0.1693}, {""name"": ""home_xera"", ""value"": 2.8811, ""contribution"": -0.1265}]","[{""name"": ""home_top3c_slg"", ""value"": 0.4836, ""contribution"": -0.2682}, {""name"": ""home_top3c_iso"", ""value"": 0.2301, ""contribution"": 0.2413}, {""name"": ""home_top3_ops_vs_oppHand"", ""value"": 0.8897, ""contribution"": 0.1511}, {""name"": ""era_gap_b1"", ""value"": 2.0943, ""contribution"": 0.1421}, {""name"": ""fi_park_nrfi_rate"", ""value"": 0.473, ""contribution"": 0.1321}]",605673,0.4897,2.881,4.349,95.0,76.0,0.7272,0.7136,6.13,5.4,1.0327,0.8897,R,L,NRFI,PASS,0,0,0,2026-06-30T22:52:59+00:00,-110,-120,DraftKings,2026-06-30T23:08:27+00:00,0.5238,0.5455,-0.0854,0.0161,,N,,,-110,-120,2026-06-30T22:39:22+00:00,,0.4467,PASS,NO EDGE,,,,,,,
2026-06-30,2026,824175,1,N,MIN,HOU,8:10 PM ET,Joe Ryan,Mike Burrows,657746,681347,live,live,live,live,0.99,0.6119,0.3827,0.9946,0.4651,0.3245,0.7896,0.4384,0.5616,0.2623,0.7377,,,PASS,LOW LAMBDA,PASS - Low lambda,4,2026-07-01T00:08:51Z,3.252,5.002,1.033,1.418,3.032,5.086,1.9,3.16,1.02,1.76,10.37,7.85,0.32,0.315,0.412,0.41,4.797,4.495,,,,1.0,0.6,0.6,0.7,0.7,0.3658,0.3255,0.479,0.4485,0.2108,0.192,lineup,lineup,"[{""id"": 514888, ""name"": ""Jose Altuve"", ""bats"": ""R"", ""obp"": 0.30597014925373134, ""slg"": 0.384297520661157, ""iso"": 0.1487603305785124, ""ab"": 242}, {""id"": 694728, ""name"": ""Brice Matthews"", ""bats"": ""R"", ""obp"": 0.24271844660194175, ""slg"": 0.3229166666666667, ""iso"": 0.13020833333333334, ""ab"": 192}, {""id"": 670623, ""name"": ""Isaac Paredes"", ""bats"": ""R"", ""obp"": 0.3492537313432836, ""slg"": 0.4236111111111111, ""iso"": 0.1701388888888889, ""ab"": 288}]","[{""id"": 807712, ""name"": ""Luke Keaschall"", ""bats"": ""R"", ""obp"": 0.3291139240506329, ""slg"": 0.3176895306859206, ""iso"": 0.07220216606498198, ""ab"": 277}, {""id"": 686797, ""name"": ""Brooks Lee"", ""bats"": ""S"", ""obp"": 0.3055555555555556, ""slg"": 0.44481605351170567, ""iso"": 0.19397993311036787, ""ab"": 299}, {""id"": 665019, ""name"": ""Kody Clemens"", ""bats"": ""L"", ""obp"": 0.302491103202847, ""slg"": 0.4669260700389105, ""iso"": 0.22957198443579768, ""ab"": 257}]","[{""name"": ""era_gap_t1"", ""value"": 1.7502, ""contribution"": 0.1901}, {""name"": ""home_fip"", ""value"": 5.086, ""contribution"": 0.1243}, {""name"": ""away_top3c_iso"", ""value"": 0.192, ""contribution"": 0.0952}, {""name"": ""away_top3_ops_vs_oppHand"", ""value"": 0.8263, ""contribution"": 0.0602}, {""name"": ""fi_park_nrfi_rate"", ""value"": 0.482, ""contribution"": 0.0547}]","[{""name"": ""home_top3c_slg"", ""value"": 0.479, ""contribution"": -0.2401}, {""name"": ""home_top3c_iso"", ""value"": 0.2108, ""contribution"": 0.15}, {""name"": ""era_gap_b1"", ""value"": -1.7502, ""contribution"": -0.1195}, {""name"": ""away_fip"", ""value"": 3.0322, ""contribution"": -0.1021}, {""name"": ""home_top3_ops_vs_oppHand"", ""value"": 0.8487, ""contribution"": 0.102}]",483630,0.522,4.153,3.262,61.0,62.0,0.7272,0.7272,5.6,5.8,0.8263,0.8487,R,R,YRFI,PASS,3,0,3,2026-07-01T00:36:32+00:00,-120,-110,DraftKings,2026-07-01T00:07:52+00:00,0.5455,0.5238,-0.1071,0.0378,,N,,,-120,-110,2026-07-01T00:07:52+00:00,,0.5651,NRFI,STRONG,,,,,,,
2026-06-30,2026,824096,1,N,TB,KC,7:40 PM ET,Griffin Jax,Noah Cameron,643377,702070,live,live,live,live,0.96,0.4356,0.4888,0.9243,0.2846,0.2804,0.565,0.5563,0.4437,0.2364,0.7636,,,NRFI,LEAN,LEAN NRFI,4,2026-06-30T22:38:28Z,3.701,3.997,1.295,1.253,4.009,3.723,3.15,2.58,1.32,0.99,9.91,8.1,0.333,0.316,0.396,0.393,4.516,4.245,34.9,22.7,45.0,0.0,0.8,0.8,0.7,0.8,0.34,0.3966,0.4585,0.5101,0.1896,0.2056,lineup,lineup,"[{""id"": 695600, ""name"": ""Carter Jensen"", ""bats"": ""L"", ""obp"": 0.31666666666666665, ""slg"": 0.43820224719101125, ""iso"": 0.18726591760299627, ""ab"": 267}, {""id"": 677951, ""name"": ""Bobby Witt Jr."", ""bats"": ""R"", ""obp"": 0.3628571428571429, ""slg"": 0.4563106796116505, ""iso"": 0.16828478964401294, ""ab"": 309}, {""id"": 695506, ""name"": ""Jac Caglianone"", ""bats"": ""L"", ""obp"": 0.3367003367003367, ""slg"": 0.48134328358208955, ""iso"": 0.2164179104477612, ""ab"": 268}]","[{""id"": 650490, ""name"": ""Yandy D\u00edaz"", ""bats"": ""R"", ""obp"": 0.41642228739002934, ""slg"": 0.5152542372881356, ""iso"": 0.17966101694915254, ""ab"": 295}, {""id"": 666018, ""name"": ""Jonathan Aranda"", ""bats"": ""L"", ""obp"": 0.38968481375358166, ""slg"": 0.46551724137931033, ""iso"": 0.17931034482758618, ""ab"": 290}, {""id"": 691406, ""name"": ""Junior Caminero"", ""bats"": ""R"", ""obp"": 0.384180790960452, ""slg"": 0.5475409836065573, ""iso"": 0.25573770491803277, ""ab"": 305}]","[{""name"": ""away_top3c_slg"", ""value"": 0.5101, ""contribution"": -0.3537}, {""name"": ""fi_park_nrfi_rate"", ""value"": 0.5614, ""contribution"": -0.2197}, {""name"": ""away_top3c_iso"", ""value"": 0.2056, ""contribution"": 0.1911}, {""name"": ""wx_temp_c"", ""value"": 34.9, ""contribution"": 0.0817}, {""name"": ""wx_wind_kmh"", ""value"": 22.7, ""contribution"": 0.0499}]","[{""name"": ""fi_park_nrfi_rate"", ""value"": 0.5614, ""contribution"": -0.3377}, {""name"": ""away_whiff_pct_rank"", ""value"": 100.0, ""contribution"": -0.2163}, {""name"": ""wx_wind_kmh"", ""value"": 22.7, ""contribution"": 0.1179}, {""name"": ""wx_temp_c"", ""value"": 34.9, ""contribution"": 0.114}, {""name"": ""home_top3c_slg"", ""value"": 0.4585, ""contribution"": -0.1127}]",490319,0.5366,4.444,3.203,76.0,100.0,0.7136,0.7136,5.47,4.8,0.8157,0.7773,R,L,YRFI,LOSS,0,1,1,2026-06-30T23:52:22+00:00,+110,-145,DraftKings,2026-06-30T23:38:44+00:00,0.4762,0.5918,0.0801,-0.1481,0.0801,N,0.5,0,+105,-140,2026-06-30T22:39:22+00:00,-0.0116,0.4569,PASS,NO EDGE,,,,,,,
2026-06-30,2026,825066,1,N,SF,ARI,9:40 PM ET,Landen Roupp,Brandon Pfaadt,694738,694297,live,live,live,live,1.0,0.5384,0.4431,0.9815,0.4818,0.4003,0.8822,0.4064,0.5936,0.2575,0.7425,,,YRFI,STRONG,STRONG YRFI,4,2026-07-01T00:38:46Z,3.998,5.576,1.342,1.413,3.278,4.707,3.6,2.93,0.66,1.49,9.53,7.43,0.309,0.309,0.415,0.389,4.126,4.268,,,,1.0,0.6,0.8,0.6,0.7,0.3466,0.3459,0.4595,0.4782,0.1976,0.1757,lineup,lineup,"[{""id"": 606466, ""name"": ""Ketel Marte"", ""bats"": ""S"", ""obp"": 0.3190883190883191, ""slg"": 0.478125, ""iso"": 0.215625, ""ab"": 320}, {""id"": 672695, ""name"": ""Geraldo Perdomo"", ""bats"": ""S"", ""obp"": 0.3590504451038576, ""slg"": 0.36428571428571427, ""iso"": 0.11785714285714283, ""ab"": 280}, {""id"": 682998, ""name"": ""Corbin Carroll"", ""bats"": ""L"", ""obp"": 0.36231884057971014, ""slg"": 0.5282392026578073, ""iso"": 0.2524916943521595, ""ab"": 301}]","[{""id"": 650333, ""name"": ""Luis Arraez"", ""bats"": ""L"", ""obp"": 0.36151603498542273, ""slg"": 0.4504792332268371, ""iso"": 0.12460063897763579, ""ab"": 313}, {""id"": 805811, ""name"": ""Bryce Eldridge"", ""bats"": ""L"", ""obp"": 0.3772455089820359, ""slg"": 0.4861111111111111, ""iso"": 0.2013888888888889, ""ab"": 144}, {""id"": 669477, ""name"": ""Casey Schmitt"", ""bats"": ""R"", ""obp"": 0.31230283911671924, ""slg"": 0.5033333333333333, ""iso"": 0.21666666666666662, ""ab"": 300}]","[{""name"": ""fi_park_nrfi_rate"", ""value"": 0.4239, ""contribution"": 0.2555}, {""name"": ""away_top3c_slg"", ""value"": 0.4782, ""contribution"": -0.1921}, {""name"": ""home_xera"", ""value"": 5.9388, ""contribution"": 0.1868}, {""name"": ""era_gap_t1"", ""value"": 1.5786, ""contribution"": 0.1715}, {""name"": ""home_fip"", ""value"": 4.7068, ""contribution"": 0.0817}]","[{""name"": ""fi_park_nrfi_rate"", ""value"": 0.4239, ""contribution"": 0.3927}, {""name"": ""home_top3c_slg"", ""value"": 0.4595, ""contribution"": -0.1186}, {""name"": ""era_gap_b1"", ""value"": -1.5786, ""contribution"": -0.1078}, {""name"": ""home_top3c_iso"", ""value"": 0.1976, ""contribution"": 0.0876}, {""name"": ""away_fip"", ""value"": 3.2775, ""contribution"": -0.0759}]",503502,0.4948,5.939,3.796,50.0,41.0,0.7197,0.7272,5.33,5.27,0.836,0.7613,R,R,YRFI,WIN,0,3,3,2026-07-01T02:01:30+00:00,-115,-115,DraftKings,2026-07-01T00:42:10+00:00,0.5349,0.5349,-0.1285,0.0587,0.0587,Y,1,0.87,-115,-115,2026-07-01T00:35:46+00:00,0,0.4396,YRFI,STRONG,,,,,,,
2026-07-01,2026,824337,1,N,MIA,COL,8:40 PM ET,Max Meyer,Kyle Freeland,676974,607536,live,live,live,live,1.22,0.7044,0.5981,1.3025,0.6243,0.4316,1.0559,0.3311,0.6689,0.3741,0.6259,,,YRFI,STRONG,STRONG YRFI,4,2026-07-01T23:38:42Z,3.146,6.6,1.179,1.542,3.538,4.788,3.2,2.12,0.95,1.72,9.71,7.36,0.325,0.324,0.399,0.414,4.46,4.599,31.8,25.9,12.0,0.0,0.6,0.8,0.6,0.7,0.3184,0.3614,0.5281,0.4828,0.2626,0.1794,lineup,lineup,"[{""id"": 664983, ""name"": ""Jake McCarthy"", ""bats"": ""L"", ""obp"": 0.3373015873015873, ""slg"": 0.48717948717948717, ""iso"": 0.18803418803418803, ""ab"": 234}, {""id"": 666160, ""name"": ""Mickey Moniak"", ""bats"": ""L"", ""obp"": 0.31382978723404253, ""slg"": 0.5606936416184971, ""iso"": 0.30057803468208094, ""ab"": 173}, {""id"": 696100, ""name"": ""Hunter Goodman"", ""bats"": ""R"", ""obp"": 0.30654761904761907, ""slg"": 0.5409836065573771, ""iso"": 0.298360655737705, ""ab"": 305}]","[{""id"": 672640, ""name"": ""Otto Lopez"", ""bats"": ""R"", ""obp"": 0.3659217877094972, ""slg"": 0.4864864864864865, ""iso"": 0.1531531531531532, ""ab"": 333}, {""id"": 665923, ""name"": ""Esteury Ruiz"", ""bats"": ""R"", ""obp"": 0.3541666666666667, ""slg"": 0.5121951219512195, ""iso"": 0.25609756097560976, ""ab"": 82}, {""id"": 689414, ""name"": ""Liam Hicks"", ""bats"": ""L"", ""obp"": 0.3583617747440273, ""slg"": 0.468503937007874, ""iso"": 0.1889763779527559, ""ab"": 254}]","[{""name"": ""era_gap_t1"", ""value"": 3.4541, ""contribution"": 0.3746}, {""name"": ""fi_park_nrfi_rate"", ""value"": 0.4241, ""contribution"": 0.2547}, {""name"": ""away_top3c_slg"", ""value"": 0.4828, ""contribution"": -0.2155}, {""name"": ""away_top3_ops_vs_oppHand"", ""value"": 0.871, ""contribution"": 0.1058}, {""name"": ""home_fip"", ""value"": 4.7879, ""contribution"": 0.0908}]","[{""name"": ""home_top3c_slg"", ""value"": 0.5281, ""contribution"": -0.5448}, {""name"": ""home_top3c_iso"", ""value"": 0.2626, ""contribution"": 0.3948}, {""name"": ""fi_park_nrfi_rate"", ""value"": 0.4241, ""contribution"": 0.3916}, {""name"": ""era_gap_b1"", ""value"": -3.4541, ""contribution"": -0.2354}, {""name"": ""wx_wind_kmh"", ""value"": 25.9, ""contribution"": 0.1516}]",665298,0.5084,4.924,4.824,24.0,79.0,0.7797,0.664,5.93,6.07,0.871,0.8603,R,L,YRFI,WIN,0,1,1,2026-07-02T00:53:25+00:00,+105,-140,DraftKings,2026-07-01T23:41:49+00:00,0.4878,0.5833,-0.1567,0.0856,0.0856,Y,1,0.714,+105,-140,2026-07-01T23:36:03+00:00,0,0.4090,YRFI,STRONG,,,,,,,
2026-07-01,2026,823530,1,N,DET,NYY,1:35 PM ET,Troy Melton,Will Warren,675512,701542,ltd,live,live,live,1.02,0.4779,0.556,1.0339,0.4904,0.5362,1.0266,0.3495,0.6505,0.2767,0.7233,,,YRFI,STRONG,STRONG YRFI,4,2026-07-01T16:23:29Z,3.037,3.973,1.014,1.363,4.691,3.797,2.58,3.27,1.48,1.05,7.14,9.16,0.315,0.319,0.399,0.421,4.233,4.825,32.0,14.8,55.0,0.0,0.6,0.4,0.7,0.6,0.3454,0.35,0.4884,0.479,0.2304,0.214,lineup,lineup,"[{""id"": 700250, ""name"": ""Ben Rice"", ""bats"": ""L"", ""obp"": 0.3567251461988304, ""slg"": 0.5637583892617449, ""iso"": 0.29530201342281875, ""ab"": 298}, {""id"": 645305, ""name"": ""Ali S\u00e1nchez"", ""bats"": ""R"", ""obp"": 0.3076923076923077, ""slg"": 0.3333333333333333, ""iso"": 0.08333333333333331, ""ab"": 24}, {""id"": 641355, ""name"": ""Cody Bellinger"", ""bats"": ""L"", ""obp"": 0.35674157303370785, ""slg"": 0.44039735099337746, ""iso"": 0.18211920529801323, ""ab"": 302}]","[{""id"": 805808, ""name"": ""Kevin McGonigle"", ""bats"": ""L"", ""obp"": 0.39402173913043476, ""slg"": 0.4180064308681672, ""iso"": 0.135048231511254, ""ab"": 311}, {""id"": 693307, ""name"": ""Dillon Dingler"", ""bats"": ""R"", ""obp"": 0.327217125382263, ""slg"": 0.5288135593220339, ""iso"": 0.26440677966101694, ""ab"": 295}, {""id"": 663837, ""name"": ""Matt Vierling"", ""bats"": ""R"", ""obp"": 0.2575107296137339, ""slg"": 0.33490566037735847, ""iso"": 0.13207547169811318, ""ab"": 212}]","[{""name"": ""away_top3c_iso"", ""value"": 0.214, ""contribution"": 0.2502}, {""name"": ""away_top3c_slg"", ""value"": 0.479, ""contribution"": -0.1961}, {""name"": ""fi_park_nrfi_rate"", ""value"": 0.4526, ""contribution"": 0.1563}, {""name"": ""era_gap_t1"", ""value"": 0.9355, ""contribution"": 0.1019}, {""name"": ""away_top3_ops_vs_oppHand"", ""value"": 0.867, ""contribution"": 0.1017}]","[{""name"": ""home_top3c_slg"", ""value"": 0.4884, ""contribution"": -0.2982}, {""name"": ""home_top3c_iso"", ""value"": 0.2304, ""contribution"": 0.2428}, {""name"": ""fi_park_nrfi_rate"", ""value"": 0.4526, ""contribution"": 0.2403}, {""name"": ""wx_temp_c"", ""value"": 32.0, ""contribution"": 0.0897}, {""name"": ""away_fip"", ""value"": 4.6908, ""contribution"": 0.0751}]",483561,0.5039,4.345,4.2,39.0,50.0,0.7272,0.7136,5.13,6.4,0.867,0.7943,R,R,NRFI,LOSS,0,0,0,2026-07-01T17:51:17+00:00,+105,-140,DraftKings,2026-07-01T16:37:12+00:00,0.4878,0.5833,-0.1383,0.0672,0.0672,Y,1,-1,+105,-140,2026-07-01T16:31:50+00:00,0,0.4144,YRFI,STRONG,,,,,,,
2026-07-01,2026,824660,1,N,SD,CHC,2:20 PM ET,Walker Buehler,Colin Rea,621111,607067,live,live,live,live,1.0,0.4987,0.5611,1.0599,0.3504,0.5155,0.8659,0.4064,0.5936,0.2862,0.7138,,,YRFI,STRONG,STRONG YRFI,4,2026-07-01T17:17:18Z,4.195,4.526,1.381,1.358,4.137,4.501,3.47,3.05,0.99,1.23,7.58,6.88,0.302,0.335,0.376,0.405,4.015,4.876,34.5,21.2,45.0,0.0,0.6,1.0,0.6,0.8,0.3612,0.3125,0.4168,0.4099,0.1632,0.1732,lineup,lineup,"[{""id"": 699393, ""name"": ""Pedro Ram\u00edrez"", ""bats"": ""S"", ""obp"": 0.3018867924528302, ""slg"": 0.38, ""iso"": 0.12, ""ab"": 50}, {""id"": 608324, ""name"": ""Alex Bregman"", ""bats"": ""R"", ""obp"": 0.34285714285714286, ""slg"": 0.3465045592705167, ""iso"": 0.10334346504559269, ""ab"": 329}, {""id"": 683737, ""name"": ""Michael Busch"", ""bats"": ""L"", ""obp"": 0.3684210526315789, ""slg"": 0.3883495145631068, ""iso"": 0.1553398058252427, ""ab"": 309}]","[{""id"": 687749, ""name"": ""Jase Bowen"", ""bats"": ""R"", ""obp"": 0.17142857142857143, ""slg"": 0.15151515151515152, ""iso"": 0.030303030303030304, ""ab"": 33}, {""id"": 657757, ""name"": ""Gavin Sheets"", ""bats"": ""L"", ""obp"": 0.3173431734317343, ""slg"": 0.4605809128630705, ""iso"": 0.22821576763485474, ""ab"": 241}, {""id"": 666023, ""name"": ""Freddy Fermin"", ""bats"": ""R"", ""obp"": 0.25, ""slg"": 0.25925925925925924, ""iso"": 0.1111111111111111, ""ab"": 135}]","[{""name"": ""fi_park_nrfi_rate"", ""value"": 0.5429, ""contribution"": -0.1558}, {""name"": ""away_top3c_slg"", ""value"": 0.4099, ""contribution"": 0.1537}, {""name"": ""wx_temp_c"", ""value"": 34.5, ""contribution"": 0.0793}, {""name"": ""home_fip"", ""value"": 4.5007, ""contribution"": 0.0586}, {""name"": ""away_top3_ops_vs_oppHand"", ""value"": 0.719, ""contribution"": -0.0492}]","[{""name"": ""fi_park_nrfi_rate"", ""value"": 0.5429, ""contribution"": -0.2395}, {""name"": ""away_whiff_pct_rank"", ""value"": 15.0, ""contribution"": 0.1506}, {""name"": ""home_obp"", ""value"": 0.3347, ""contribution"": 0.1466}, {""name"": ""home_top3c_slg"", ""value"": 0.4168, ""contribution"": 0.1463}, {""name"": ""wx_temp_c"", ""value"": 34.5, ""contribution"": 0.1106}]",427248,0.5131,4.334,5.249,21.0,15.0,0.6942,0.664,5.13,5.27,0.719,0.7923,R,R,YRFI,WIN,0,3,3,2026-07-01T18:39:35+00:00,+160,-215,DraftKings,2026-07-01T17:20:41+00:00,0.3846,0.6825,0.0218,-0.0889,-0.0889,Y,1,0.465,+160,-215,2026-07-01T17:15:25+00:00,0,0.4658,PASS,NO EDGE,,,,,,,
2026-07-01,2026,825064,1,N,SF,ARI,9:40 PM ET,Trevor McDonald,Zac Gallen,686790,668678,ltd,live,live,live,1.0,0.5819,0.4917,1.0736,0.3629,0.4288,0.7917,0.4384,0.5616,0.2913,0.7087,,,PASS,LOW LAMBDA,PASS - Low lambda,4,2026-07-02T01:37:57Z,4.602,5.731,1.31,1.478,3.852,5.009,3.17,2.91,0.93,1.53,8.3,6.31,0.308,0.31,0.415,0.391,4.105,4.305,,,,1.0,0.2,0.4,0.3,0.6,0.3464,0.3446,0.4589,0.4811,0.1982,0.1795,lineup,lineup,"[{""id"": 606466, ""name"": ""Ketel Marte"", ""bats"": ""S"", ""obp"": 0.3202247191011236, ""slg"": 0.48615384615384616, ""iso"": 0.22153846153846152, ""ab"": 325}, {""id"": 672695, ""name"": ""Geraldo Perdomo"", ""bats"": ""S"", ""obp"": 0.35964912280701755, ""slg"": 0.36042402826855124, ""iso"": 0.1166077738515901, ""ab"": 283}, {""id"": 682998, ""name"": ""Corbin Carroll"", ""bats"": ""L"", ""obp"": 0.36, ""slg"": 0.521311475409836, ""iso"": 0.2491803278688524, ""ab"": 305}]","[{""id"": 650333, ""name"": ""Luis Arraez"", ""bats"": ""L"", ""obp"": 0.3659942363112392, ""slg"": 0.47003154574132494, ""iso"": 0.13880126182965302, ""ab"": 317}, {""id"": 669477, ""name"": ""Casey Schmitt"", ""bats"": ""R"", ""obp"": 0.308411214953271, ""slg"": 0.4967105263157895, ""iso"": 0.21381578947368424, ""ab"": 304}, {""id"": 805811, ""name"": ""Bryce Eldridge"", ""bats"": ""L"", ""obp"": 0.3684210526315789, ""slg"": 0.47297297297297297, ""iso"": 0.19594594594594594, ""ab"": 148}]","[{""name"": ""fi_park_nrfi_rate"", ""value"": 0.4239, ""contribution"": 0.2555}, {""name"": ""away_top3c_slg"", ""value"": 0.4811, ""contribution"": -0.207}, {""name"": ""home_p_last10_pitcher_nrfi"", ""value"": 0.3, ""contribution"": -0.1627}, {""name"": ""era_gap_t1"", ""value"": 1.1297, ""contribution"": 0.1229}, {""name"": ""home_fip"", ""value"": 5.0087, ""contribution"": 0.1156}]","[{""name"": ""fi_park_nrfi_rate"", ""value"": 0.4239, ""contribution"": 0.3927}, {""name"": ""home_top3c_slg"", ""value"": 0.4589, ""contribution"": -0.1151}, {""name"": ""home_top3c_iso"", ""value"": 0.1982, ""contribution"": 0.0908}, {""name"": ""era_gap_b1"", ""value"": -1.1297, ""contribution"": -0.0773}, {""name"": ""wx_is_dome"", ""value"": 1.0, ""contribution"": -0.0758}]",521051,0.4691,4.131,4.2,29.0,50.0,0.6526,0.7136,5.4,4.4,0.8327,0.7607,R,R,NRFI,PASS,0,0,0,2026-07-02T01:52:20+00:00,+100,-135,DraftKings,2026-07-02T01:57:15+00:00,0.5,0.5745,-0.0616,-0.0129,0.0191,N,1,,+100,-135,2026-07-02T01:37:32+00:00,0,0.4877,PASS,NO EDGE,,,,,,,
2026-07-01,2026,824905,1,N,STL,ATL,7:15 PM ET,Michael McGreevy,Reynaldo López,700241,625643,live,ltd,live,live,0.98,0.5375,0.4818,1.0193,0.358,0.4075,0.7655,0.4748,0.5252,0.2713,0.7287,,,PASS,NO EDGE,PASS - No edge,4,2026-07-01T23:05:41Z,3.507,3.795,1.175,1.319,4.362,4.374,2.12,3.55,1.19,1.19,5.88,8.24,0.322,0.312,0.395,0.406,4.479,4.699,32.3,16.5,55.0,0.0,0.2,1.0,0.2857,0.9,0.3343,0.3659,0.4743,0.4279,0.2052,0.1638,lineup,lineup,"[{""id"": 686948, ""name"": ""Drake Baldwin"", ""bats"": ""L"", ""obp"": 0.33458646616541354, ""slg"": 0.4576271186440678, ""iso"": 0.2033898305084746, ""ab"": 236}, {""id"": 645277, ""name"": ""Ozzie Albies"", ""bats"": ""S"", ""obp"": 0.32303370786516855, ""slg"": 0.4308176100628931, ""iso"": 0.15723270440251574, ""ab"": 318}, {""id"": 621566, ""name"": ""Matt Olson"", ""bats"": ""L"", ""obp"": 0.3453038674033149, ""slg"": 0.5294117647058824, ""iso"": 0.25386996904024767, ""ab"": 323}]","[{""id"": 802139, ""name"": ""JJ Wetherholt"", ""bats"": ""L"", ""obp"": 0.35774647887323946, ""slg"": 0.40522875816993464, ""iso"": 0.1437908496732026, ""ab"": 306}, {""id"": 671056, ""name"": ""Iv\u00e1n Herrera"", ""bats"": ""R"", ""obp"": 0.3918918918918919, ""slg"": 0.40268456375838924, ""iso"": 0.15100671140939592, ""ab"": 298}, {""id"": 676475, ""name"": ""Alec Burleson"", ""bats"": ""L"", ""obp"": 0.3467048710601719, ""slg"": 0.47435897435897434, ""iso"": 0.19551282051282048, ""ab"": 312}]","[{""name"": ""home_p_last10_pitcher_nrfi"", ""value"": 0.2857, ""contribution"": -0.1683}, {""name"": ""away_top3c_iso"", ""value"": 0.1638, ""contribution"": -0.1038}, {""name"": ""away_top3_ops_vs_oppHand"", ""value"": 0.8477, ""contribution"": 0.082}, {""name"": ""home_xera"", ""value"": 4.8984, ""contribution"": 0.0802}, {""name"": ""wx_temp_c"", ""value"": 32.3, ""contribution"": 0.0661}]","[{""name"": ""home_top3c_slg"", ""value"": 0.4743, ""contribution"": -0.2109}, {""name"": ""away_whiff_pct_rank"", ""value"": 3.0, ""contribution"": 0.2024}, {""name"": ""home_top3c_iso"", ""value"": 0.2052, ""contribution"": 0.1238}, {""name"": ""wx_temp_c"", ""value"": 32.3, ""contribution"": 0.0922}, {""name"": ""fi_park_nrfi_rate"", ""value"": 0.5093, ""contribution"": -0.0612}]",427554,0.4835,4.898,4.913,50.0,3.0,0.7272,0.7136,3.73,5.8,0.8477,0.782,R,R,YRFI,PASS,1,1,2,2026-07-01T23:30:19+00:00,+100,-135,DraftKings,2026-07-01T23:30:40+00:00,0.5,0.5745,-0.0252,-0.0493,,N,,,+100,-135,2026-07-01T23:14:37+00:00,,0.4521,PASS,NO EDGE,,,,,,,
2026-07-01,2026,823767,1,N,CIN,MIL,8:10 PM ET,Andrew Abbott,Shane Drohan,671096,675660,live,ltd,live,live,1.03,0.4488,0.6755,1.1244,0.3388,0.2628,0.6016,0.5504,0.4496,0.3099,0.6901,,,NRFI,LEAN,LEAN NRFI,4,2026-07-01T23:05:41Z,3.583,3.577,1.33,1.243,4.721,3.628,3.49,2.94,1.36,0.92,7.33,8.89,0.31,0.335,0.392,0.399,4.268,5.077,,,,1.0,0.8,0.6,0.8333,0.6,0.3578,0.3323,0.4621,0.4587,0.1797,0.2037,lineup,lineup,"[{""id"": 694192, ""name"": ""Jackson Chourio"", ""bats"": ""R"", ""obp"": 0.34934497816593885, ""slg"": 0.5333333333333333, ""iso"": 0.23809523809523808, ""ab"": 210}, {""id"": 668930, ""name"": ""Brice Turang"", ""bats"": ""L"", ""obp"": 0.3595505617977528, ""slg"": 0.4491803278688525, ""iso"": 0.19016393442622953, ""ab"": 305}, {""id"": 661388, ""name"": ""William Contreras"", ""bats"": ""R"", ""obp"": 0.36176470588235293, ""slg"": 0.42574257425742573, ""iso"": 0.12871287128712872, ""ab"": 303}]","[{""id"": 682829, ""name"": ""Elly De La Cruz"", ""bats"": ""S"", ""obp"": 0.3391003460207612, ""slg"": 0.49034749034749037, ""iso"": 0.22007722007722008, ""ab"": 259}, {""id"": 701398, ""name"": ""Sal Stewart"", ""bats"": ""R"", ""obp"": 0.3424657534246575, ""slg"": 0.4670846394984326, ""iso"": 0.21003134796238243, ""ab"": 319}, {""id"": 668715, ""name"": ""Spencer Steer"", ""bats"": ""R"", ""obp"": 0.3142857142857143, ""slg"": 0.4199288256227758, ""iso"": 0.18149466192170816, ""ab"": 281}]","[{""name"": ""fi_park_nrfi_rate"", ""value"": 0.5899, ""contribution"": -0.3182}, {""name"": ""away_top3_ops_vs_oppHand"", ""value"": 0.9983, ""contribution"": 0.2355}, {""name"": ""away_top3c_iso"", ""value"": 0.2037, ""contribution"": 0.1777}, {""name"": ""away_top3c_slg"", ""value"": 0.4587, ""contribution"": -0.0932}, {""name"": ""home_xera"", ""value"": 4.6604, ""contribution"": 0.0558}]","[{""name"": ""fi_park_nrfi_rate"", ""value"": 0.5899, ""contribution"": -0.4892}, {""name"": ""home_obp"", ""value"": 0.3346, ""contribution"": 0.1459}, {""name"": ""home_top3c_slg"", ""value"": 0.4621, ""contribution"": -0.1349}, {""name"": ""away_fip"", ""value"": 4.7206, ""contribution"": 0.0783}, {""name"": ""wx_is_dome"", ""value"": 1.0, ""contribution"": -0.0758}]",665576,0.4578,4.66,3.784,50.0,43.0,0.7136,0.7613,4.93,5.47,0.9983,0.7713,L,L,YRFI,LOSS,0,2,2,2026-07-02T00:30:34+00:00,-110,-120,DraftKings,2026-07-01T23:57:43+00:00,0.5238,0.5455,0.0266,-0.0959,0.0266,N,0.5,0,-110,-120,2026-07-01T23:04:43+00:00,0,0.6403,NRFI,STRONG,,,,,,,
2026-07-01,2026,824419,1,N,TEX,CLE,1:10 PM ET,MacKenzie Gore,Joey Cantillo,669022,676282,live,live,live,live,0.96,0.4989,0.4604,0.9592,0.3007,0.3886,0.6893,0.4795,0.5205,0.2493,0.7507,,,PASS,NO EDGE,PASS - No edge,4,2026-07-01T17:07:07Z,4.087,3.724,1.281,1.321,3.57,4.215,3.72,3.98,0.89,1.17,9.86,9.22,0.319,0.311,0.394,0.37,4.134,3.995,33.9,15.0,47.0,0.0,0.6,0.6,0.8,0.6,0.3293,0.3407,0.3826,0.4416,0.1548,0.1593,lineup,lineup,"[{""id"": 680757, ""name"": ""Steven Kwan"", ""bats"": ""L"", ""obp"": 0.3184713375796178, ""slg"": 0.25650557620817843, ""iso"": 0.0446096654275093, ""ab"": 269}, {""id"": 800050, ""name"": ""Chase DeLauter"", ""bats"": ""L"", ""obp"": 0.3392226148409894, ""slg"": 0.4150197628458498, ""iso"": 0.14624505928853754, ""ab"": 253}, {""id"": 656555, ""name"": ""Rhys Hoskins"", ""bats"": ""R"", ""obp"": 0.3179916317991632, ""slg"": 0.358974358974359, ""iso"": 0.17435897435897435, ""ab"": 195}]","[{""id"": 679822, ""name"": ""Justin Foscue"", ""bats"": ""R"", ""obp"": 0.3402061855670103, ""slg"": 0.5172413793103449, ""iso"": 0.24137931034482762, ""ab"": 87}, {""id"": 673962, ""name"": ""Josh Jung"", ""bats"": ""R"", ""obp"": 0.3565217391304348, ""slg"": 0.4472843450479233, ""iso"": 0.1501597444089457, ""ab"": 313}, {""id"": 677649, ""name"": ""Ezequiel Duran"", ""bats"": ""R"", ""obp"": 0.3215547703180212, ""slg"": 0.4092664092664093, ""iso"": 0.14285714285714285, ""ab"": 259}]","[{""name"": ""away_top3_ops_vs_oppHand"", ""value"": 0.9233, ""contribution"": 0.1591}, {""name"": ""away_top3c_iso"", ""value"": 0.1593, ""contribution"": -0.1349}, {""name"": ""fi_park_nrfi_rate"", ""value"": 0.528, ""contribution"": -0.1042}, {""name"": ""wx_temp_c"", ""value"": 33.9, ""contribution"": 0.0757}, {""name"": ""home_xera"", ""value"": 3.5746, ""contribution"": -0.0554}]","[{""name"": ""home_top3c_slg"", ""value"": 0.3826, ""contribution"": 0.3592}, {""name"": ""fi_park_nrfi_rate"", ""value"": 0.528, ""contribution"": -0.1602}, {""name"": ""home_top3c_iso"", ""value"": 0.1548, ""contribution"": -0.1143}, {""name"": ""away_whiff_pct_rank"", ""value"": 75.0, ""contribution"": -0.1084}, {""name"": ""wx_temp_c"", ""value"": 33.9, ""contribution"": 0.1056}]",503490,0.5467,3.575,4.532,89.0,75.0,0.6796,0.7272,5.6,5.93,0.9233,0.7007,L,L,NRFI,PASS,0,0,0,2026-07-01T17:29:23+00:00,-140,+110,DraftKings,2026-07-01T17:04:26+00:00,0.5833,0.4762,-0.1038,0.0443,,N,,,-140,+110,2026-07-01T17:04:26+00:00,,0.4589,PASS,NO EDGE,,,,,,,
2026-07-01,2026,822791,1,N,NYM,TOR,3:07 PM ET,Freddy Peralta,Braydon Fisher,642547,680755,live,ltd,live,live,1.01,0.4744,0.5038,0.9782,0.323,0.304,0.6269,0.5479,0.4521,0.2562,0.7438,,,NRFI,LEAN,LEAN NRFI,4,2026-07-01T17:53:39Z,3.972,3.517,1.282,1.15,3.987,4.074,3.43,3.64,1.15,1.12,9.22,9.14,0.301,0.31,0.38,0.39,4.064,4.084,,,,1.0,1.0,0.4,0.8333,0.7,0.3353,0.3347,0.4081,0.4319,0.147,0.1663,lineup,lineup,"[{""id"": 664770, ""name"": ""Nathan Lukes"", ""bats"": ""L"", ""obp"": 0.3465909090909091, ""slg"": 0.41975308641975306, ""iso"": 0.12345679012345678, ""ab"": 162}, {""id"": 665489, ""name"": ""Vladimir Guerrero Jr."", ""bats"": ""R"", ""obp"": 0.3469387755102041, ""slg"": 0.34782608695652173, ""iso"": 0.0802675585284281, ""ab"": 299}, {""id"": 672960, ""name"": ""Kazuma Okamoto"", ""bats"": ""R"", ""obp"": 0.3176470588235294, ""slg"": 0.46179401993355484, ""iso"": 0.2259136212624585, ""ab"": 301}]","[{""id"": 701807, ""name"": ""Carson Benge"", ""bats"": ""L"", ""obp"": 0.31563421828908556, ""slg"": 0.38782051282051283, ""iso"": 0.13141025641025644, ""ab"": 312}, {""id"": 665742, ""name"": ""Juan Soto"", ""bats"": ""L"", ""obp"": 0.4084507042253521, ""slg"": 0.5630252100840336, ""iso"": 0.2647058823529412, ""ab"": 238}, {""id"": 677595, ""name"": ""Ronny Mauricio"", ""bats"": ""S"", ""obp"": 0.18181818181818182, ""slg"": 0.2727272727272727, ""iso"": 0.09090909090909088, ""ab"": 44}]","[{""name"": ""home_avg_ip_per_start"", ""value"": 1.1333, ""contribution"": 0.1299}, {""name"": ""home_xera"", ""value"": 3.2598, ""contribution"": -0.0877}, {""name"": ""away_top3c_iso"", ""value"": 0.1663, ""contribution"": -0.0859}, {""name"": ""era_gap_t1"", ""value"": -0.4547, ""contribution"": -0.0486}, {""name"": ""home_p_last10_pitcher_nrfi"", ""value"": 0.8333, ""contribution"": 0.0456}]","[{""name"": ""home_top3c_slg"", ""value"": 0.4081, ""contribution"": 0.2004}, {""name"": ""away_whiff_pct_rank"", ""value"": 90.0, ""contribution"": -0.1731}, {""name"": ""home_top3c_iso"", ""value"": 0.147, ""contribution"": -0.1512}, {""name"": ""wx_is_dome"", ""value"": 1.0, ""contribution"": -0.0758}, {""name"": ""era_gap_b1"", ""value"": 0.4547, ""contribution"": 0.0306}]",596805,0.4819,3.26,3.353,83.0,90.0,0.7136,0.6942,1.13,5.07,0.7857,0.7693,R,R,YRFI,LOSS,0,1,1,2026-07-01T19:50:36+00:00,+100,-130,DraftKings,2026-07-01T19:59:30+00:00,0.5,0.5652,0.0479,-0.1131,0.0479,N,0.5,0,+100,-130,2026-07-01T18:02:11+00:00,0,0.6370,NRFI,STRONG,,,,,,,
2026-07-01,2026,824094,1,N,TB,KC,7:40 PM ET,Shane McClanahan,Seth Lugo,663556,607625,ltd,live,live,live,0.96,0.5299,0.4471,0.977,0.311,0.3446,0.6556,0.5417,0.4583,0.2558,0.7442,,,NRFI,LEAN,LEAN NRFI,4,2026-07-01T22:36:45Z,3.607,4.171,1.234,1.345,3.703,4.424,3.26,3.12,0.9,1.21,8.9,7.16,0.335,0.315,0.398,0.394,4.572,4.243,33.9,22.9,46.0,0.0,0.2,0.6,0.3,0.8,0.3451,0.3985,0.4432,0.5122,0.1796,0.2062,lineup,lineup,"[{""id"": 657041, ""name"": ""Lane Thomas"", ""bats"": ""R"", ""obp"": 0.3273542600896861, ""slg"": 0.3386243386243386, ""iso"": 0.12169312169312169, ""ab"": 189}, {""id"": 677951, ""name"": ""Bobby Witt Jr."", ""bats"": ""R"", ""obp"": 0.3672316384180791, ""slg"": 0.4792332268370607, ""iso"": 0.18530351437699683, ""ab"": 313}, {""id"": 695506, ""name"": ""Jac Caglianone"", ""bats"": ""L"", ""obp"": 0.33222591362126247, ""slg"": 0.4742647058823529, ""iso"": 0.21323529411764702, ""ab"": 272}]","[{""id"": 650490, ""name"": ""Yandy D\u00edaz"", ""bats"": ""R"", ""obp"": 0.4161849710982659, ""slg"": 0.5117056856187291, ""iso"": 0.17725752508361203, ""ab"": 299}, {""id"": 666018, ""name"": ""Jonathan Aranda"", ""bats"": ""L"", ""obp"": 0.3954802259887006, ""slg"": 0.46757679180887374, ""iso"": 0.17747440273037546, ""ab"": 293}, {""id"": 691406, ""name"": ""Junior Caminero"", ""bats"": ""R"", ""obp"": 0.38440111420612816, ""slg"": 0.5548387096774193, ""iso"": 0.26129032258064516, ""ab"": 310}]","[{""name"": ""away_top3c_slg"", ""value"": 0.5122, ""contribution"": -0.3643}, {""name"": ""fi_park_nrfi_rate"", ""value"": 0.5614, ""contribution"": -0.2197}, {""name"": ""away_top3c_iso"", ""value"": 0.2062, ""contribution"": 0.1952}, {""name"": ""away_top3_ops_vs_oppHand"", ""value"": 0.9407, ""contribution"": 0.1768}, {""name"": ""home_p_last10_pitcher_nrfi"", ""value"": 0.3, ""contribution"": -0.1627}]","[{""name"": ""fi_park_nrfi_rate"", ""value"": 0.5614, ""contribution"": -0.3377}, {""name"": ""wx_wind_kmh"", ""value"": 22.9, ""contribution"": 0.1201}, {""name"": ""wx_temp_c"", ""value"": 33.9, ""contribution"": 0.1056}, {""name"": ""home_top3_ops_vs_oppHand"", ""value"": 0.8277, ""contribution"": 0.0768}, {""name"": ""era_gap_b1"", ""value"": -0.5634, ""contribution"": -0.0387}]",608093,0.5118,4.793,4.746,12.0,50.0,0.6487,0.7272,5.07,4.73,0.9407,0.8277,L,R,YRFI,LOSS,2,0,2,2026-07-01T23:55:27+00:00,+115,-150,DraftKings,2026-07-01T23:30:40+00:00,0.4651,0.6,0.0766,-0.1417,0.0766,N,0.5,0,+115,-150,2026-07-01T22:31:34+00:00,0,0.4144,YRFI,STRONG,,,,,,,
2026-07-01,2026,824174,1,N,MIN,HOU,8:10 PM ET,Taj Bradley,Tatsuya Imai,671737,837227,live,ltd,live,live,0.99,0.5577,0.5692,1.1269,0.3051,0.4539,0.7591,0.4772,0.5228,0.3108,0.6892,,,PASS,NO EDGE,PASS - No edge,4,2026-07-02T00:08:44Z,4.327,4.813,1.289,1.292,4.239,4.087,3.71,3.93,1.27,1.18,9.26,10.02,0.32,0.316,0.41,0.41,4.789,4.51,,,,1.0,0.8,0.6,0.8,0.5,0.3654,0.326,0.4799,0.4466,0.2116,0.1896,lineup,lineup,"[{""id"": 514888, ""name"": ""Jose Altuve"", ""bats"": ""R"", ""obp"": 0.30514705882352944, ""slg"": 0.3795918367346939, ""iso"": 0.1469387755102041, ""ab"": 245}, {""id"": 670541, ""name"": ""Yordan Alvarez"", ""bats"": ""L"", ""obp"": 0.42780748663101603, ""slg"": 0.6181229773462783, ""iso"": 0.3042071197411003, ""ab"": 309}, {""id"": 670623, ""name"": ""Isaac Paredes"", ""bats"": ""R"", ""obp"": 0.34513274336283184, ""slg"": 0.4178082191780822, ""iso"": 0.1678082191780822, ""ab"": 292}]","[{""id"": 663616, ""name"": ""Trevor Larnach"", ""bats"": ""L"", ""obp"": 0.3764705882352941, ""slg"": 0.42792792792792794, ""iso"": 0.14414414414414417, ""ab"": 222}, {""id"": 686797, ""name"": ""Brooks Lee"", ""bats"": ""S"", ""obp"": 0.3048780487804878, ""slg"": 0.44224422442244227, ""iso"": 0.19141914191419146, ""ab"": 303}, {""id"": 665019, ""name"": ""Kody Clemens"", ""bats"": ""L"", ""obp"": 0.30526315789473685, ""slg"": 0.4674329501915709, ""iso"": 0.2260536398467433, ""ab"": 261}]","[{""name"": ""home_xera"", ""value"": 0.9264, ""contribution"": -0.3268}, {""name"": ""away_top3c_iso"", ""value"": 0.1896, ""contribution"": 0.078}, {""name"": ""away_top3_ops_vs_oppHand"", ""value"": 0.827, ""contribution"": 0.0609}, {""name"": ""fi_park_nrfi_rate"", ""value"": 0.482, ""contribution"": 0.0547}, {""name"": ""era_gap_t1"", ""value"": 0.4863, ""contribution"": 0.0533}]","[{""name"": ""home_top3c_slg"", ""value"": 0.4799, ""contribution"": -0.2454}, {""name"": ""home_top3c_iso"", ""value"": 0.2116, ""contribution"": 0.1538}, {""name"": ""home_plate_ump_nrfi_rate"", ""value"": 0.6177, ""contribution"": 0.1192}, {""name"": ""home_top3_ops_vs_oppHand"", ""value"": 0.849, ""contribution"": 0.1024}, {""name"": ""home_top3c_obp"", ""value"": 0.3654, ""contribution"": 0.0881}]",482620,0.6177,0.926,4.08,50.0,52.0,0.7136,0.6796,4.73,5.53,0.827,0.849,R,R,YRFI,PASS,2,1,3,2026-07-02T00:35:41+00:00,-115,-115,DraftKings,2026-07-02T00:08:16+00:00,0.5349,0.5349,-0.0577,-0.0121,,N,,,-115,-115,2026-07-02T00:08:16+00:00,,0.5785,NRFI,STRONG,,,,,,,
2026-07-01,2026,824740,1,N,WSH,BOS,1:35 PM ET,Brad Lord,Payton Tolle,695418,801139,live,ltd,live,live,1.05,0.4646,0.5033,0.9678,0.3303,0.3866,0.7169,0.4775,0.5225,0.2524,0.7476,,,PASS,NO EDGE,PASS - No edge,4,2026-07-01T17:17:18Z,3.748,3.28,1.204,1.106,3.986,3.568,2.99,2.68,1.07,0.92,8.05,8.74,0.319,0.311,0.42,0.387,5.172,4.066,34.8,11.9,44.0,0.0,1.0,0.8,0.8,0.8,0.3352,0.357,0.4393,0.4719,0.1613,0.2318,lineup,lineup,"[{""id"": 678011, ""name"": ""Anthony Seigler"", ""bats"": ""S"", ""obp"": 0.4090909090909091, ""slg"": 0.55, ""iso"": 0.20000000000000007, ""ab"": 40}, {""id"": 678882, ""name"": ""Ceddanne Rafaela"", ""bats"": ""R"", ""obp"": 0.3270440251572327, ""slg"": 0.43097643097643096, ""iso"": 0.1515151515151515, ""ab"": 297}, {""id"": 677800, ""name"": ""Wilyer Abreu"", ""bats"": ""L"", ""obp"": 0.3333333333333333, ""slg"": 0.43312101910828027, ""iso"": 0.1656050955414013, ""ab"": 314}]","[{""id"": 695578, ""name"": ""James Wood"", ""bats"": ""L"", ""obp"": 0.3851851851851852, ""slg"": 0.5134328358208955, ""iso"": 0.2507462686567164, ""ab"": 335}, {""id"": 678554, ""name"": ""Curtis Mead"", ""bats"": ""R"", ""obp"": 0.3203125, ""slg"": 0.45982142857142855, ""iso"": 0.23660714285714282, ""ab"": 224}, {""id"": 671277, ""name"": ""Luis Garc\u00eda Jr."", ""bats"": ""L"", ""obp"": 0.3104693140794224, ""slg"": 0.5416666666666666, ""iso"": 0.26136363636363635, ""ab"": 264}]","[{""name"": ""away_top3c_iso"", ""value"": 0.2318, ""contribution"": 0.3754}, {""name"": ""away_top3c_slg"", ""value"": 0.4719, ""contribution"": -0.16}, {""name"": ""wx_temp_c"", ""value"": 34.8, ""contribution"": 0.0811}, {""name"": ""home_xera"", ""value"": 3.3267, ""contribution"": -0.0808}, {""name"": ""away_top3_ops_vs_oppHand"", ""value"": 0.7173, ""contribution"": -0.0509}]","[{""name"": ""wx_temp_c"", ""value"": 34.8, ""contribution"": 0.1131}, {""name"": ""away_whiff_pct_rank"", ""value"": 24.0, ""contribution"": 0.1117}, {""name"": ""home_top3c_iso"", ""value"": 0.1613, ""contribution"": -0.0836}, {""name"": ""fi_park_nrfi_rate"", ""value"": 0.5121, ""contribution"": -0.076}, {""name"": ""era_gap_b1"", ""value"": 0.4674, ""contribution"": 0.0314}]",427537,0.4944,3.327,4.12,100.0,24.0,0.7136,0.7136,6.0,5.4,0.7173,0.765,R,L,YRFI,PASS,2,0,2,2026-07-01T18:00:25+00:00,-110,-115,DraftKings,2026-07-01T17:47:19+00:00,0.5238,0.5349,-0.0463,-0.0124,,N,,,-110,-115,2026-07-01T17:31:23+00:00,,0.4877,PASS,NO EDGE,,,,,,,
2026-07-01,2026,823446,1,N,PIT,PHI,6:40 PM ET,Paul Skenes,Zack Wheeler,694973,554430,live,live,live,live,1.04,0.4083,0.357,0.7653,0.3153,0.3873,0.7026,0.4792,0.5208,0.1788,0.8212,,,PASS,NO EDGE,PASS - No edge,4,2026-07-01T22:36:45Z,2.76,2.266,0.964,0.888,2.585,3.24,1.96,2.18,0.77,1.02,10.84,9.87,0.333,0.305,0.416,0.404,5.025,4.46,35.1,10.5,48.0,0.0,1.0,0.8,0.9,0.8,0.3428,0.3495,0.4859,0.4655,0.2309,0.2024,lineup,lineup,"[{""id"": 607208, ""name"": ""Trea Turner"", ""bats"": ""R"", ""obp"": 0.2857142857142857, ""slg"": 0.3583815028901734, ""iso"": 0.12138728323699421, ""ab"": 346}, {""id"": 656941, ""name"": ""Kyle Schwarber"", ""bats"": ""L"", ""obp"": 0.36885245901639346, ""slg"": 0.5825242718446602, ""iso"": 0.32686084142394817, ""ab"": 309}, {""id"": 547180, ""name"": ""Bryce Harper"", ""bats"": ""L"", ""obp"": 0.375, ""slg"": 0.5331125827814569, ""iso"": 0.25827814569536417, ""ab"": 302}]","[{""id"": 804606, ""name"": ""Konnor Griffin"", ""bats"": ""R"", ""obp"": 0.32599118942731276, ""slg"": 0.4106280193236715, ""iso"": 0.14009661835748793, ""ab"": 207}, {""id"": 664040, ""name"": ""Brandon Lowe"", ""bats"": ""L"", ""obp"": 0.31339031339031337, ""slg"": 0.5016181229773463, ""iso"": 0.26213592233009714, ""ab"": 309}, {""id"": 668804, ""name"": ""Bryan Reynolds"", ""bats"": ""S"", ""obp"": 0.3978494623655914, ""slg"": 0.46601941747572817, ""iso"": 0.18446601941747576, ""ab"": 309}]","[{""name"": ""home_xera"", ""value"": 1.9492, ""contribution"": -0.222}, {""name"": ""away_top3c_iso"", ""value"": 0.2024, ""contribution"": 0.1686}, {""name"": ""away_top3c_slg"", ""value"": 0.4655, ""contribution"": -0.1276}, {""name"": ""fi_park_nrfi_rate"", ""value"": 0.473, ""contribution"": 0.0859}, {""name"": ""wx_temp_c"", ""value"": 35.1, ""contribution"": 0.0829}]","[{""name"": ""home_top3c_slg"", ""value"": 0.4859, ""contribution"": -0.2826}, {""name"": ""home_top3c_iso"", ""value"": 0.2309, ""contribution"": 0.2451}, {""name"": ""away_whiff_pct_rank"", ""value"": 86.0, ""contribution"": -0.1558}, {""name"": ""home_top3_ops_vs_oppHand"", ""value"": 0.8923, ""contribution"": 0.1543}, {""name"": ""away_fip"", ""value"": 2.5847, ""contribution"": -0.15}]",484183,0.5086,1.949,2.094,93.0,86.0,0.7709,0.7272,6.33,5.53,0.8247,0.8923,R,R,NRFI,PASS,0,0,0,2026-07-01T22:55:24+00:00,-130,+100,DraftKings,2026-07-01T22:31:34+00:00,0.5652,0.5,-0.086,0.0208,,N,,,-130,+100,2026-07-01T22:31:34+00:00,,0.5534,PASS,NO EDGE,,,,,,,
2026-07-01,2026,824985,1,N,LAD,OAK,9:40 PM ET,TBD,J.T. Ginn,,669372,avg,live,live,live,0.93,0.5331,0.4949,1.028,0.3551,0.5461,0.9012,0.4064,0.5936,0.2745,0.7255,,,PASS,STARTER PENDING,PASS - Starter pending,3,2026-07-02T01:37:57Z,4.17,3.681,1.26,1.256,4.17,4.143,2.93,3.48,1.21,1.12,8.75,8.47,0.342,0.325,0.438,0.408,5.233,4.569,21.9,15.4,60.0,0.0,0.8,0.5,0.9,0.5,0.3659,0.3739,0.4923,0.5037,0.2264,0.2174,lineup,lineup,"[{""id"": 669127, ""name"": ""Shea Langeliers"", ""bats"": ""R"", ""obp"": 0.32865168539325845, ""slg"": 0.4891640866873065, ""iso"": 0.2260061919504644, ""ab"": 323}, {""id"": 701762, ""name"": ""Nick Kurtz"", ""bats"": ""L"", ""obp"": 0.42077922077922075, ""slg"": 0.5162337662337663, ""iso"": 0.24025974025974028, ""ab"": 308}, {""id"": 687515, ""name"": ""Colby Thomas"", ""bats"": ""R"", ""obp"": 0.27380952380952384, ""slg"": 0.4125, ""iso"": 0.175, ""ab"": 80}]","[{""id"": 660271, ""name"": ""Shohei Ohtani"", ""bats"": ""L"", ""obp"": 0.4116022099447514, ""slg"": 0.5420875420875421, ""iso"": 0.24579124579124578, ""ab"": 297}, {""id"": 681624, ""name"": ""Andy Pages"", ""bats"": ""R"", ""obp"": 0.328804347826087, ""slg"": 0.4789156626506024, ""iso"": 0.20783132530120485, ""ab"": 332}, {""id"": 518692, ""name"": ""Freddie Freeman"", ""bats"": ""L"", ""obp"": 0.38186813186813184, ""slg"": 0.49363057324840764, ""iso"": 0.20063694267515925, ""ab"": 314}]","[{""name"": ""away_top3c_slg"", ""value"": 0.5037, ""contribution"": -0.3213}, {""name"": ""away_top3c_iso"", ""value"": 0.2174, ""contribution"": 0.274}, {""name"": ""fi_park_nrfi_rate"", ""value"": 0.4422, ""contribution"": 0.1922}, {""name"": ""home_p_last10_pitcher_nrfi"", ""value"": 0.9, ""contribution"": 0.0716}, {""name"": ""era_gap_t1"", ""value"": -0.4886, ""contribution"": -0.0523}]","[{""name"": ""home_top3c_slg"", ""value"": 0.4923, ""contribution"": -0.3222}, {""name"": ""fi_park_nrfi_rate"", ""value"": 0.4422, ""contribution"": 0.2954}, {""name"": ""home_top3c_iso"", ""value"": 0.2264, ""contribution"": 0.2239}, {""name"": ""home_top3c_obp"", ""value"": 0.3659, ""contribution"": 0.09}, {""name"": ""home_obp"", ""value"": 0.3245, ""contribution"": 0.075}]",665297,0.4839,3.667,4.2,82.0,50.0,0.7136,0.7136,5.8,5.0,0.72,0.72,,,NRFI,PASS,0,0,0,2026-07-02T02:03:10+00:00,+130,-170,DraftKings,2026-07-02T01:37:32+00:00,0.4348,0.6296,-0.0284,-0.036,,N,,,+130,-170,2026-07-02T01:37:32+00:00,,0.4144,YRFI,STRONG,,,,,,,
2026-07-01,2026,824818,1,N,CWS,BAL,12:35 PM ET,Noah Schultz,Dean Kremer,702273,665152,ltd,live,live,live,1.06,0.5422,0.6179,1.1601,0.3131,0.5085,0.8216,0.4293,0.5707,0.3229,0.6771,,,PASS,LOW LAMBDA,PASS - Low lambda,4,2026-07-01T16:23:29Z,4.976,4.168,1.299,1.145,4.376,4.367,4.03,2.21,1.08,1.61,8.27,8.68,0.323,0.318,0.416,0.398,4.813,4.554,38.7,10.7,29.0,0.0,0.6,0.6,0.5,0.625,0.3353,0.3527,0.4009,0.4534,0.1599,0.1932,lineup,lineup,"[{""id"": 683002, ""name"": ""Gunnar Henderson"", ""bats"": ""L"", ""obp"": 0.2969543147208122, ""slg"": 0.4173669467787115, ""iso"": 0.1904761904761905, ""ab"": 357}, {""id"": 668939, ""name"": ""Adley Rutschman"", ""bats"": ""S"", ""obp"": 0.326271186440678, ""slg"": 0.45145631067961167, ""iso"": 0.19902912621359226, ""ab"": 206}, {""id"": 621493, ""name"": ""Taylor Ward"", ""bats"": ""R"", ""obp"": 0.3787878787878788, ""slg"": 0.3507692307692308, ""iso"": 0.10153846153846155, ""ab"": 325}]","[{""id"": 803011, ""name"": ""Sam Antonacci"", ""bats"": ""L"", ""obp"": 0.39080459770114945, ""slg"": 0.4125560538116592, ""iso"": 0.12107623318385652, ""ab"": 223}, {""id"": 678246, ""name"": ""Miguel Vargas"", ""bats"": ""R"", ""obp"": 0.3611111111111111, ""slg"": 0.49174917491749176, ""iso"": 0.24422442244224424, ""ab"": 303}, {""id"": 643217, ""name"": ""Andrew Benintendi"", ""bats"": ""L"", ""obp"": 0.3023255813953488, ""slg"": 0.4425531914893617, ""iso"": 0.1957446808510638, ""ab"": 235}]","[{""name"": ""wx_temp_c"", ""value"": 38.7, ""contribution"": 0.1045}, {""name"": ""away_top3c_iso"", ""value"": 0.1932, ""contribution"": 0.1034}, {""name"": ""era_gap_t1"", ""value"": -0.8076, ""contribution"": -0.0868}, {""name"": ""home_p_last10_pitcher_nrfi"", ""value"": 0.5, ""contribution"": -0.0846}, {""name"": ""fi_park_nrfi_rate"", ""value"": 0.519, ""contribution"": -0.0733}]","[{""name"": ""home_top3c_slg"", ""value"": 0.4009, ""contribution"": 0.2453}, {""name"": ""wx_temp_c"", ""value"": 38.7, ""contribution"": 0.1457}, {""name"": ""fi_park_nrfi_rate"", ""value"": 0.519, ""contribution"": -0.1127}, {""name"": ""home_top3c_iso"", ""value"": 0.1599, ""contribution"": -0.0902}, {""name"": ""era_gap_b1"", ""value"": 0.8076, ""contribution"": 0.0546}]",547380,0.5173,3.819,3.271,41.0,50.0,0.6942,0.7136,5.2,4.67,0.8133,0.7717,L,R,YRFI,PASS,1,0,1,2026-07-01T16:50:20+00:00,+110,-145,DraftKings,2026-07-01T16:59:02+00:00,0.4762,0.5918,-0.0469,-0.0211,,N,,,+110,-145,2026-07-01T16:31:50+00:00,,0.4877,PASS,NO EDGE,,,,,,,
2026-07-02,2026,823765,1,N,CIN,MIL,2:10 PM ET,Chase Burns,Jacob Misiorowski,695505,694819,live,live,live,live,1.03,0.3197,0.5002,0.8199,0.2071,0.216,0.4231,0.6918,0.3082,0.1984,0.8016,,,NRFI,LEAN,LEAN NRFI,4,2026-07-02T17:03:53Z,2.956,2.263,1.141,0.908,3.406,2.357,2.93,2.8,1.11,0.65,10.92,12.46,0.31,0.336,0.392,0.399,4.245,5.066,,,,1.0,1.0,0.8,1.0,0.9,0.3517,0.3426,0.4577,0.4804,0.1886,0.2231,lineup,lineup,"[{""id"": 592885, ""name"": ""Christian Yelich"", ""bats"": ""L"", ""obp"": 0.33482142857142855, ""slg"": 0.39195979899497485, ""iso"": 0.13567839195979897, ""ab"": 199}, {""id"": 694192, ""name"": ""Jackson Chourio"", ""bats"": ""R"", ""obp"": 0.3547008547008547, ""slg"": 0.5305164319248826, ""iso"": 0.2347417840375587, ""ab"": 213}, {""id"": 668930, ""name"": ""Brice Turang"", ""bats"": ""L"", ""obp"": 0.3601108033240997, ""slg"": 0.44983818770226536, ""iso"": 0.19093851132686085, ""ab"": 309}]","[{""id"": 682829, ""name"": ""Elly De La Cruz"", ""bats"": ""S"", ""obp"": 0.3412969283276451, ""slg"": 0.49049429657794674, ""iso"": 0.21673003802281365, ""ab"": 263}, {""id"": 701398, ""name"": ""Sal Stewart"", ""bats"": ""R"", ""obp"": 0.34146341463414637, ""slg"": 0.46439628482972134, ""iso"": 0.2074303405572755, ""ab"": 323}, {""id"": 668709, ""name"": ""JJ Bleday"", ""bats"": ""L"", ""obp"": 0.3458333333333333, ""slg"": 0.49261083743842365, ""iso"": 0.2561576354679803, ""ab"": 203}]","[{""name"": ""fi_park_nrfi_rate"", ""value"": 0.5899, ""contribution"": -0.3182}, {""name"": ""away_top3c_iso"", ""value"": 0.2231, ""contribution"": 0.314}, {""name"": ""away_top3c_slg"", ""value"": 0.4804, ""contribution"": -0.203}, {""name"": ""home_fip"", ""value"": 2.3565, ""contribution"": -0.1821}, {""name"": ""home_p_last10_pitcher_nrfi"", ""value"": 1.0, ""contribution"": 0.1107}]","[{""name"": ""fi_park_nrfi_rate"", ""value"": 0.5899, ""contribution"": -0.4892}, {""name"": ""away_whiff_pct_rank"", ""value"": 100.0, ""contribution"": -0.2163}, {""name"": ""home_obp"", ""value"": 0.3355, ""contribution"": 0.152}, {""name"": ""home_top3c_slg"", ""value"": 0.4577, ""contribution"": -0.1075}, {""name"": ""home_top3_ops_vs_oppHand"", ""value"": 0.8333, ""contribution"": 0.0836}]",605670,0.5573,3.153,3.446,86.0,100.0,0.6796,0.7136,7.0,5.47,0.8097,0.8333,R,R,YRFI,LOSS,1,0,1,2026-07-02T18:26:18+00:00,-160,+125,DraftKings,2026-07-02T18:19:23+00:00,0.6154,0.4444,0.0764,-0.1362,0.0764,N,0.5,0,-160,+125,2026-07-02T17:07:14+00:00,0,0.6455,NRFI,STRONG,,,,,,,
2026-07-02,2026,824335,1,N,MIA,COL,3:10 PM ET,Ryan Gusto,Michael Lorenzen,687473,547179,live,live,live,live,1.22,0.6979,0.7137,1.4116,0.4761,0.5817,1.0578,0.3298,0.6702,0.4122,0.5878,,,YRFI,STRONG,STRONG YRFI,4,2026-07-02T17:32:55Z,5.294,6.107,1.478,1.638,4.227,4.618,3.25,2.75,1.25,1.49,8.61,7.57,0.325,0.323,0.399,0.416,4.446,4.613,32.3,16.1,16.0,0.0,0.6,0.8,0.6,0.6,0.346,0.3502,0.5105,0.4632,0.2238,0.1749,lineup,lineup,"[{""id"": 664983, ""name"": ""Jake McCarthy"", ""bats"": ""L"", ""obp"": 0.33203125, ""slg"": 0.4789915966386555, ""iso"": 0.18487394957983194, ""ab"": 238}, {""id"": 666160, ""name"": ""Mickey Moniak"", ""bats"": ""L"", ""obp"": 0.3229166666666667, ""slg"": 0.5988700564971752, ""iso"": 0.3276836158192091, ""ab"": 177}, {""id"": 681198, ""name"": ""TJ Rumfield"", ""bats"": ""L"", ""obp"": 0.36950146627565983, ""slg"": 0.48333333333333334, ""iso"": 0.19333333333333336, ""ab"": 300}]","[{""id"": 677870, ""name"": ""Leo Jim\u00e9nez"", ""bats"": ""R"", ""obp"": 0.3076923076923077, ""slg"": 0.25555555555555554, ""iso"": 0.044444444444444425, ""ab"": 90}, {""id"": 672640, ""name"": ""Otto Lopez"", ""bats"": ""R"", ""obp"": 0.36464088397790057, ""slg"": 0.4836795252225519, ""iso"": 0.1513353115727003, ""ab"": 337}, {""id"": 669065, ""name"": ""Kyle Stowers"", ""bats"": ""L"", ""obp"": 0.31954887218045114, ""slg"": 0.42735042735042733, ""iso"": 0.19658119658119655, ""ab"": 234}]","[{""name"": ""fi_park_nrfi_rate"", ""value"": 0.4241, ""contribution"": 0.2547}, {""name"": ""away_top3c_slg"", ""value"": 0.4632, ""contribution"": -0.1162}, {""name"": ""era_gap_t1"", ""value"": 0.8136, ""contribution"": 0.0887}, {""name"": ""home_fip"", ""value"": 4.6183, ""contribution"": 0.0718}, {""name"": ""wx_temp_c"", ""value"": 32.3, ""contribution"": 0.0661}]","[{""name"": ""home_top3c_slg"", ""value"": 0.5105, ""contribution"": -0.4354}, {""name"": ""fi_park_nrfi_rate"", ""value"": 0.4241, ""contribution"": 0.3916}, {""name"": ""home_top3c_iso"", ""value"": 0.2238, ""contribution"": 0.2113}, {""name"": ""home_top3_ops_vs_oppHand"", ""value"": 0.9013, ""contribution"": 0.165}, {""name"": ""wx_temp_c"", ""value"": 32.3, ""contribution"": 0.0922}]",594151,0.4534,4.664,4.2,38.0,50.0,0.7613,0.7136,4.87,3.67,0.8133,0.9013,R,R,YRFI,WIN,2,1,3,2026-07-02T19:33:17+00:00,+140,-185,DraftKings,2026-07-02T18:14:06+00:00,0.4167,0.6491,-0.0948,0.029,0.029,Y,1,0.541,+140,-185,2026-07-02T18:08:51+00:00,0,0.4227,YRFI,STRONG,,,,,,,
2026-07-02,2026,823935,1,N,SD,LAD,10:10 PM ET,Randy Vásquez,Roki Sasaki,681190,808963,live,live,live,live,0.97,0.5261,0.653,1.1791,0.4409,0.6732,1.1141,0.3219,0.6781,0.3298,0.6702,,,YRFI,STRONG,STRONG YRFI,4,2026-07-03T01:05:23Z,4.242,4.658,1.414,1.323,4.796,4.869,3.1,3.73,1.32,1.59,6.21,8.72,0.302,0.342,0.377,0.437,4.005,5.191,24.6,17.1,60.0,0.0,0.8,0.2,0.8,0.4,0.3726,0.3042,0.5042,0.3631,0.2191,0.1369,lineup,lineup,"[{""id"": 660271, ""name"": ""Shohei Ohtani"", ""bats"": ""L"", ""obp"": 0.40599455040871935, ""slg"": 0.5331125827814569, ""iso"": 0.24172185430463572, ""ab"": 302}, {""id"": 681624, ""name"": ""Andy Pages"", ""bats"": ""R"", ""obp"": 0.3279569892473118, ""slg"": 0.4791666666666667, ""iso"": 0.20833333333333337, ""ab"": 336}, {""id"": 518692, ""name"": ""Freddie Freeman"", ""bats"": ""L"", ""obp"": 0.38419618528610355, ""slg"": 0.5031645569620253, ""iso"": 0.2088607594936709, ""ab"": 316}]","[{""id"": 665487, ""name"": ""Fernando Tatis Jr."", ""bats"": ""R"", ""obp"": 0.34153005464480873, ""slg"": 0.3780487804878049, ""iso"": 0.09756097560975607, ""ab"": 328}, {""id"": 630105, ""name"": ""Jake Cronenworth"", ""bats"": ""L"", ""obp"": 0.2786885245901639, ""slg"": 0.20952380952380953, ""iso"": 0.047619047619047616, ""ab"": 105}, {""id"": 592518, ""name"": ""Manny Machado"", ""bats"": ""R"", ""obp"": 0.2737752161383285, ""slg"": 0.4, ""iso"": 0.20983606557377052, ""ab"": 305}]","[{""name"": ""away_top3c_slg"", ""value"": 0.3631, ""contribution"": 0.3907}, {""name"": ""away_top3c_iso"", ""value"": 0.1369, ""contribution"": -0.2932}, {""name"": ""home_xera"", ""value"": 5.9092, ""contribution"": 0.1838}, {""name"": ""away_top3_ops_vs_oppHand"", ""value"": 0.6083, ""contribution"": -0.162}, {""name"": ""home_fip"", ""value"": 4.8695, ""contribution"": 0.1}]","[{""name"": ""home_top3c_slg"", ""value"": 0.5042, ""contribution"": -0.3963}, {""name"": ""home_obp"", ""value"": 0.3424, ""contribution"": 0.2005}, {""name"": ""home_top3c_iso"", ""value"": 0.2191, ""contribution"": 0.1891}, {""name"": ""away_whiff_pct_rank"", ""value"": 7.0, ""contribution"": 0.1851}, {""name"": ""home_top3_ops_vs_oppHand"", ""value"": 0.914, ""contribution"": 0.1802}]",521251,0.4391,5.909,5.245,53.0,7.0,0.7136,0.7272,5.27,4.6,0.6083,0.914,R,R,YRFI,WIN,2,0,2,2026-07-03T02:31:17+00:00,+125,-165,DraftKings,2026-07-03T01:13:04+00:00,0.4444,0.6226,-0.1225,0.0555,0.0555,Y,1,0.606,+125,-165,2026-07-03T01:07:51+00:00,0,0.4030,YRFI,STRONG,,,,,,,
2026-07-02,2026,823442,1,N,PIT,PHI,12:35 PM ET,Jared Jones,Alan Rangel,683003,660604,sm,sm,live,live,1.04,0.513,0.5766,1.0896,0.351,0.5963,0.9473,0.4021,0.5979,0.2972,0.7028,,,YRFI,STRONG,STRONG YRFI,4,2026-07-02T15:26:25Z,4.782,4.246,1.329,1.239,4.455,3.818,3.05,2.6,1.44,1.1,8.85,8.98,0.334,0.306,0.416,0.406,5.034,4.515,39.5,14.0,27.0,0.0,0.5,0.8,0.5,0.6667,0.3426,0.3549,0.4866,0.4518,0.232,0.1819,lineup,lineup,"[{""id"": 607208, ""name"": ""Trea Turner"", ""bats"": ""R"", ""obp"": 0.2872340425531915, ""slg"": 0.36752136752136755, ""iso"": 0.12820512820512822, ""ab"": 351}, {""id"": 656941, ""name"": ""Kyle Schwarber"", ""bats"": ""L"", ""obp"": 0.3665768194070081, ""slg"": 0.5750798722044729, ""iso"": 0.32268370607028757, ""ab"": 313}, {""id"": 547180, ""name"": ""Bryce Harper"", ""bats"": ""L"", ""obp"": 0.37534246575342467, ""slg"": 0.5326797385620915, ""iso"": 0.25816993464052285, ""ab"": 306}]","[{""id"": 663968, ""name"": ""Jake Mangum"", ""bats"": ""S"", ""obp"": 0.35096153846153844, ""slg"": 0.359375, ""iso"": 0.057291666666666685, ""ab"": 192}, {""id"": 664040, ""name"": ""Brandon Lowe"", ""bats"": ""L"", ""obp"": 0.3146067415730337, ""slg"": 0.4984025559105431, ""iso"": 0.25878594249201275, ""ab"": 313}, {""id"": 668804, ""name"": ""Bryan Reynolds"", ""bats"": ""S"", ""obp"": 0.3952254641909814, ""slg"": 0.46178343949044587, ""iso"": 0.18152866242038218, ""ab"": 314}]","[{""name"": ""wx_temp_c"", ""value"": 39.5, ""contribution"": 0.1093}, {""name"": ""fi_park_nrfi_rate"", ""value"": 0.473, ""contribution"": 0.0859}, {""name"": ""home_p_last10_pitcher_nrfi"", ""value"": 0.5, ""contribution"": -0.0846}, {""name"": ""away_top3c_slg"", ""value"": 0.4518, ""contribution"": -0.0582}, {""name"": ""era_gap_t1"", ""value"": -0.5354, ""contribution"": -0.0573}]","[{""name"": ""home_top3c_slg"", ""value"": 0.4866, ""contribution"": -0.287}, {""name"": ""home_top3c_iso"", ""value"": 0.232, ""contribution"": 0.2499}, {""name"": ""wx_temp_c"", ""value"": 39.5, ""contribution"": 0.1524}, {""name"": ""home_top3_ops_vs_oppHand"", ""value"": 0.8907, ""contribution"": 0.1523}, {""name"": ""fi_park_nrfi_rate"", ""value"": 0.473, ""contribution"": 0.1321}]",596740,0.574,4.2,4.2,50.0,50.0,0.7136,0.7272,5.0,4.13,0.8227,0.8907,R,R,NRFI,LOSS,0,0,0,2026-07-02T16:49:04+00:00,+115,-150,DraftKings,2026-07-02T15:39:44+00:00,0.4651,0.6,-0.063,-0.0021,-0.0021,Y,1,-1,+115,-150,2026-07-02T15:34:27+00:00,0,0.4002,YRFI,STRONG,,,,,,,
2026-07-02,2026,824416,1,N,CWS,CLE,6:40 PM ET,Davis Martin,Slade Cecconi,663436,677944,live,live,live,live,0.96,0.5254,0.3812,0.9067,0.4158,0.3618,0.7776,0.4547,0.5453,0.23,0.77,,,PASS,NO EDGE,PASS - No edge,4,2026-07-02T22:34:16Z,3.331,4.217,1.213,1.308,3.419,4.464,2.54,2.68,0.79,1.33,8.07,7.13,0.321,0.312,0.415,0.372,4.775,4.044,32.6,16.6,58.0,0.0,0.8,1.0,0.8,0.9,0.3333,0.3703,0.41,0.4554,0.1586,0.1911,lineup,lineup,"[{""id"": 683953, ""name"": ""Travis Bazzana"", ""bats"": ""L"", ""obp"": 0.33617021276595743, ""slg"": 0.4117647058823529, ""iso"": 0.16666666666666666, ""ab"": 204}, {""id"": 800050, ""name"": ""Chase DeLauter"", ""bats"": ""L"", ""obp"": 0.34375, ""slg"": 0.42248062015503873, ""iso"": 0.14728682170542634, ""ab"": 258}, {""id"": 682177, ""name"": ""Daniel Schneemann"", ""bats"": ""L"", ""obp"": 0.2875, ""slg"": 0.3440366972477064, ""iso"": 0.12844036697247704, ""ab"": 218}]","[{""id"": 678577, ""name"": ""Junior Perez"", ""bats"": ""R"", ""obp"": 0.29411764705882354, ""slg"": 0.625, ""iso"": 0.375, ""ab"": 16}, {""id"": 678246, ""name"": ""Miguel Vargas"", ""bats"": ""R"", ""obp"": 0.35714285714285715, ""slg"": 0.48534201954397393, ""iso"": 0.24104234527687296, ""ab"": 307}, {""id"": 691019, ""name"": ""Kyle Teel"", ""bats"": ""L"", ""obp"": 0.3333333333333333, ""slg"": 0.34615384615384615, ""iso"": 0.11538461538461536, ""ab"": 26}]","[{""name"": ""fi_park_nrfi_rate"", ""value"": 0.528, ""contribution"": -0.1042}, {""name"": ""era_gap_t1"", ""value"": 0.8861, ""contribution"": 0.0966}, {""name"": ""away_top3c_iso"", ""value"": 0.1911, ""contribution"": 0.0886}, {""name"": ""home_xera"", ""value"": 4.9578, ""contribution"": 0.0863}, {""name"": ""away_top3c_slg"", ""value"": 0.4554, ""contribution"": -0.0764}]","[{""name"": ""home_top3c_slg"", ""value"": 0.41, ""contribution"": 0.1888}, {""name"": ""fi_park_nrfi_rate"", ""value"": 0.528, ""contribution"": -0.1602}, {""name"": ""home_top3c_iso"", ""value"": 0.1586, ""contribution"": -0.0965}, {""name"": ""wx_temp_c"", ""value"": 32.6, ""contribution"": 0.0948}, {""name"": ""away_whiff_pct_rank"", ""value"": 29.0, ""contribution"": 0.0902}]",483569,0.5176,4.958,4.871,24.0,29.0,0.6942,0.7075,5.73,5.07,0.7793,0.7703,R,R,NRFI,PASS,0,0,0,2026-07-02T22:57:29+00:00,-115,-110,DraftKings,2026-07-02T22:52:26+00:00,0.5349,0.5238,-0.0802,0.0215,,N,,,-115,-110,2026-07-02T22:36:45+00:00,,0.4144,YRFI,STRONG,,,,,,,
2026-07-02,2026,824906,1,N,STL,ATL,7:15 PM ET,Dustin May,Hurston Waldrep,669160,694462,live,ltd,live,live,0.98,0.477,0.4761,0.9531,0.3143,0.433,0.7473,0.4772,0.5228,0.247,0.753,,,PASS,NO EDGE,PASS - No edge,4,2026-07-02T23:04:53Z,4.517,3.397,1.272,1.312,3.734,3.81,2.85,3.63,0.98,0.83,8.35,9.01,0.32,0.312,0.393,0.406,4.444,4.702,26.0,16.2,64.0,0.0,0.8,0.8,0.7778,0.7,0.3343,0.3637,0.4764,0.425,0.2072,0.1629,lineup,lineup,"[{""id"": 686948, ""name"": ""Drake Baldwin"", ""bats"": ""L"", ""obp"": 0.337037037037037, ""slg"": 0.4560669456066946, ""iso"": 0.20083682008368203, ""ab"": 239}, {""id"": 645277, ""name"": ""Ozzie Albies"", ""bats"": ""S"", ""obp"": 0.325, ""slg"": 0.4440993788819876, ""iso"": 0.16770186335403725, ""ab"": 322}, {""id"": 621566, ""name"": ""Matt Olson"", ""bats"": ""L"", ""obp"": 0.34153005464480873, ""slg"": 0.5229357798165137, ""iso"": 0.25076452599388377, ""ab"": 327}]","[{""id"": 802139, ""name"": ""JJ Wetherholt"", ""bats"": ""L"", ""obp"": 0.3565459610027855, ""slg"": 0.40129449838187703, ""iso"": 0.14239482200647252, ""ab"": 309}, {""id"": 671056, ""name"": ""Iv\u00e1n Herrera"", ""bats"": ""R"", ""obp"": 0.39037433155080214, ""slg"": 0.40397350993377484, ""iso"": 0.152317880794702, ""ab"": 302}, {""id"": 676475, ""name"": ""Alec Burleson"", ""bats"": ""L"", ""obp"": 0.34277620396600567, ""slg"": 0.46835443037974683, ""iso"": 0.19303797468354428, ""ab"": 316}]","[{""name"": ""era_gap_t1"", ""value"": -1.1195, ""contribution"": -0.1206}, {""name"": ""away_top3c_iso"", ""value"": 0.1629, ""contribution"": -0.1099}, {""name"": ""away_top3_ops_vs_oppHand"", ""value"": 0.8437, ""contribution"": 0.0779}, {""name"": ""away_top3c_slg"", ""value"": 0.425, ""contribution"": 0.0772}, {""name"": ""fi_park_nrfi_rate"", ""value"": 0.5093, ""contribution"": -0.0398}]","[{""name"": ""home_top3c_slg"", ""value"": 0.4764, ""contribution"": -0.2234}, {""name"": ""away_whiff_pct_rank"", ""value"": 10.0, ""contribution"": 0.1721}, {""name"": ""home_top3c_iso"", ""value"": 0.2072, ""contribution"": 0.1331}, {""name"": ""era_gap_b1"", ""value"": 1.1195, ""contribution"": 0.0758}, {""name"": ""fi_park_nrfi_rate"", ""value"": 0.5093, ""contribution"": -0.0612}]",484198,0.5395,4.2,4.796,50.0,10.0,0.7136,0.7272,5.27,5.93,0.8437,0.7873,R,R,YRFI,PASS,3,5,8,2026-07-02T23:51:58+00:00,-110,-120,DraftKings,2026-07-02T23:28:17+00:00,0.5238,0.5455,-0.0466,-0.0227,,N,,,-110,-120,2026-07-02T23:12:39+00:00,,0.4201,YRFI,STRONG,,,,,,,
2026-07-02,2026,822884,1,N,DET,TEX,8:05 PM ET,Framber Valdez,Nathan Eovaldi,664285,543135,live,live,live,live,1.07,0.4545,0.5398,0.9943,0.2731,0.3026,0.5757,0.5514,0.4486,0.2622,0.7378,,,NRFI,LEAN,LEAN NRFI,4,2026-07-02T23:04:53Z,3.935,3.316,1.31,1.071,3.845,3.715,3.21,1.89,0.87,1.29,7.72,9.04,0.314,0.319,0.398,0.393,4.25,4.132,,,,1.0,1.0,0.8,0.8,0.7,0.3432,0.3497,0.4396,0.4818,0.1565,0.2158,lineup,lineup,"[{""id"": 669701, ""name"": ""Josh Smith"", ""bats"": ""L"", ""obp"": 0.31932773109243695, ""slg"": 0.2524271844660194, ""iso"": 0.029126213592232997, ""ab"": 103}, {""id"": 673962, ""name"": ""Josh Jung"", ""bats"": ""R"", ""obp"": 0.35714285714285715, ""slg"": 0.4430379746835443, ""iso"": 0.14873417721518983, ""ab"": 316}, {""id"": 677649, ""name"": ""Ezequiel Duran"", ""bats"": ""R"", ""obp"": 0.3263888888888889, ""slg"": 0.4128787878787879, ""iso"": 0.1401515151515152, ""ab"": 264}]","[{""id"": 805808, ""name"": ""Kevin McGonigle"", ""bats"": ""L"", ""obp"": 0.3914209115281501, ""slg"": 0.4240506329113924, ""iso"": 0.14240506329113922, ""ab"": 316}, {""id"": 693307, ""name"": ""Dillon Dingler"", ""bats"": ""R"", ""obp"": 0.32831325301204817, ""slg"": 0.53, ""iso"": 0.26333333333333336, ""ab"": 300}, {""id"": 681481, ""name"": ""Kerry Carpenter"", ""bats"": ""L"", ""obp"": 0.3088235294117647, ""slg"": 0.5027624309392266, ""iso"": 0.2651933701657459, ""ab"": 181}]","[{""name"": ""away_top3c_iso"", ""value"": 0.2158, ""contribution"": 0.2628}, {""name"": ""away_top3c_slg"", ""value"": 0.4818, ""contribution"": -0.2104}, {""name"": ""fi_park_nrfi_rate"", ""value"": 0.5398, ""contribution"": -0.1451}, {""name"": ""away_top3_ops_vs_oppHand"", ""value"": 0.8707, ""contribution"": 0.1054}, {""name"": ""home_xera"", ""value"": 3.2112, ""contribution"": -0.0926}]","[{""name"": ""fi_park_nrfi_rate"", ""value"": 0.5398, ""contribution"": -0.2231}, {""name"": ""home_top3_ops_vs_oppHand"", ""value"": 0.9107, ""contribution"": 0.1762}, {""name"": ""home_top3c_iso"", ""value"": 0.1565, ""contribution"": -0.1063}, {""name"": ""wx_is_dome"", ""value"": 1.0, ""contribution"": -0.0758}, {""name"": ""away_whiff_pct_rank"", ""value"": 67.0, ""contribution"": -0.0738}]",691042,0.5084,3.211,3.74,84.0,67.0,0.7197,0.7597,6.33,5.6,0.8707,0.9107,L,R,NRFI,WIN,0,0,0,2026-07-03T00:25:34+00:00,-140,+110,DraftKings,2026-07-03T00:07:29+00:00,0.5833,0.4762,-0.0319,-0.0276,-0.0319,N,0.5,0,-135,+105,2026-07-02T23:03:55+00:00,0.0089,0.6475,NRFI,STRONG,,,,,,,
2026-07-02,2026,823119,1,N,LAA,SEA,9:40 PM ET,Walbert Ureña,Bryce Miller,700712,682243,ltd,live,live,live,0.95,0.4272,0.4778,0.905,0.3343,0.333,0.6673,0.5281,0.4719,0.2293,0.7707,,,NRFI,LEAN,LEAN NRFI,4,2026-07-03T00:34:32Z,3.511,3.535,1.311,1.026,3.91,4.001,4.05,2.07,0.84,1.48,8.73,9.33,0.318,0.313,0.398,0.387,4.495,4.152,,,,1.0,0.8,0.8,0.8,0.8,0.33,0.3261,0.4338,0.4255,0.1858,0.1809,lineup,lineup,"[{""id"": 641487, ""name"": ""J.P. Crawford"", ""bats"": ""L"", ""obp"": 0.3287671232876712, ""slg"": 0.3548387096774194, ""iso"": 0.14112903225806453, ""ab"": 248}, {""id"": 645302, ""name"": ""Victor Robles"", ""bats"": ""R"", ""obp"": 0.2631578947368421, ""slg"": 0.2602739726027397, ""iso"": 0.0273972602739726, ""ab"": 73}, {""id"": 686527, ""name"": ""Dominic Canzone"", ""bats"": ""L"", ""obp"": 0.3470319634703196, ""slg"": 0.5515463917525774, ""iso"": 0.2783505154639176, ""ab"": 194}]","[{""id"": 687263, ""name"": ""Zach Neto"", ""bats"": ""R"", ""obp"": 0.32189973614775724, ""slg"": 0.45317220543806647, ""iso"": 0.22658610271903323, ""ab"": 331}, {""id"": 694384, ""name"": ""Nolan Schanuel"", ""bats"": ""L"", ""obp"": 0.3321678321678322, ""slg"": 0.38671875, ""iso"": 0.125, ""ab"": 256}, {""id"": 694203, ""name"": ""Denzer Guzman"", ""bats"": ""R"", ""obp"": 0.3246753246753247, ""slg"": 0.43661971830985913, ""iso"": 0.16901408450704225, ""ab"": 71}]","[{""name"": ""away_top3c_slg"", ""value"": 0.4255, ""contribution"": 0.0747}, {""name"": ""fi_park_nrfi_rate"", ""value"": 0.5131, ""contribution"": -0.0529}, {""name"": ""home_p_last10_pitcher_nrfi"", ""value"": 0.8, ""contribution"": 0.0326}, {""name"": ""away_top3_ops_vs_oppHand"", ""value"": 0.7427, ""contribution"": -0.025}, {""name"": ""home_pvt_nrfi_rate"", ""value"": 0.7613, ""contribution"": 0.025}]","[{""name"": ""fi_park_nrfi_rate"", ""value"": 0.5131, ""contribution"": -0.0814}, {""name"": ""wx_is_dome"", ""value"": 1.0, ""contribution"": -0.0758}, {""name"": ""home_plate_ump_nrfi_rate"", ""value"": 0.5497, ""contribution"": 0.0491}, {""name"": ""home_top3c_slg"", ""value"": 0.4338, ""contribution"": 0.0407}, {""name"": ""home_top3c_obp"", ""value"": 0.33, ""contribution"": -0.0363}]",605671,0.5497,4.2,2.497,50.0,50.0,0.7613,0.7136,5.93,5.47,0.7427,0.7687,R,R,NRFI,WIN,0,0,0,2026-07-03T01:59:44+00:00,-155,+120,DraftKings,2026-07-03T01:58:33+00:00,0.6078,0.4545,-0.0797,0.0174,-0.0797,N,0.5,0,-155,+120,2026-07-03T00:37:11+00:00,0,0.6370,NRFI,STRONG,,,,,,,
2026-07-02,2026,824093,1,N,TB,KC,7:40 PM ET,Ian Seymour,Stephen Kolek,693855,663568,live,live,live,live,0.96,0.4599,0.4774,0.9373,0.3223,0.3048,0.627,0.5479,0.4521,0.2412,0.7588,,,NRFI,LEAN,LEAN NRFI,4,2026-07-02T22:34:16Z,4.139,3.891,1.176,1.175,3.949,4.209,3.32,2.17,1.15,1.11,9.38,6.08,0.335,0.314,0.399,0.393,4.566,4.201,34.6,21.0,41.0,0.0,0.6,0.8,0.8,0.75,0.3388,0.3974,0.4643,0.512,0.1947,0.2068,lineup,lineup,"[{""id"": 695600, ""name"": ""Carter Jensen"", ""bats"": ""L"", ""obp"": 0.3116883116883117, ""slg"": 0.44, ""iso"": 0.19272727272727272, ""ab"": 275}, {""id"": 677951, ""name"": ""Bobby Witt Jr."", ""bats"": ""R"", ""obp"": 0.3659217877094972, ""slg"": 0.47634069400630913, ""iso"": 0.18296529968454256, ""ab"": 317}, {""id"": 695506, ""name"": ""Jac Caglianone"", ""bats"": ""L"", ""obp"": 0.3344262295081967, ""slg"": 0.4746376811594203, ""iso"": 0.21014492753623187, ""ab"": 276}]","[{""id"": 650490, ""name"": ""Yandy D\u00edaz"", ""bats"": ""R"", ""obp"": 0.41025641025641024, ""slg"": 0.5032894736842105, ""iso"": 0.17434210526315785, ""ab"": 304}, {""id"": 666018, ""name"": ""Jonathan Aranda"", ""bats"": ""L"", ""obp"": 0.3994413407821229, ""slg"": 0.46959459459459457, ""iso"": 0.17567567567567566, ""ab"": 296}, {""id"": 691406, ""name"": ""Junior Caminero"", ""bats"": ""R"", ""obp"": 0.38292011019283745, ""slg"": 0.5605095541401274, ""iso"": 0.267515923566879, ""ab"": 314}]","[{""name"": ""away_top3c_slg"", ""value"": 0.512, ""contribution"": -0.3635}, {""name"": ""fi_park_nrfi_rate"", ""value"": 0.5614, ""contribution"": -0.2197}, {""name"": ""away_top3c_iso"", ""value"": 0.2068, ""contribution"": 0.1993}, {""name"": ""away_top3_ops_vs_oppHand"", ""value"": 0.9407, ""contribution"": 0.1768}, {""name"": ""wx_temp_c"", ""value"": 34.6, ""contribution"": 0.0799}]","[{""name"": ""fi_park_nrfi_rate"", ""value"": 0.5614, ""contribution"": -0.3377}, {""name"": ""away_whiff_pct_rank"", ""value"": 87.0, ""contribution"": -0.1602}, {""name"": ""home_top3c_slg"", ""value"": 0.4643, ""contribution"": -0.1484}, {""name"": ""wx_temp_c"", ""value"": 34.6, ""contribution"": 0.1115}, {""name"": ""wx_wind_kmh"", ""value"": 21.0, ""contribution"": 0.1001}]",658536,0.5084,4.2,4.59,50.0,87.0,0.7136,0.7136,5.2,4.27,0.9407,0.845,L,R,YRFI,LOSS,0,1,1,2026-07-02T23:54:18+00:00,+125,-165,DraftKings,2026-07-02T23:57:20+00:00,0.4444,0.6226,0.1035,-0.1705,0.1035,N,0.5,0,+125,-165,2026-07-02T22:36:45+00:00,0,0.4521,PASS,NO EDGE,,,,,,,
2026-07-03,2026,823527,1,N,MIN,NYY,7:05 PM ET,Mike Paredes,Gerrit Cole,702474,543037,sm,ltd,live,live,1.02,0.5331,0.5869,1.12,0.469,0.6098,1.0788,0.3219,0.6781,0.3083,0.6917,,,YRFI,STRONG,STRONG YRFI,4,2026-07-03T21:57:58Z,4.205,4.117,1.26,1.241,4.622,4.404,3.04,2.68,1.3,1.44,7.17,8.5,0.32,0.319,0.411,0.419,4.82,4.797,37.8,21.0,33.0,0.0,0.6,0.75,0.7143,0.75,0.3379,0.3273,0.4782,0.45,0.231,0.1913,lineup,lineup,"[{""id"": 663757, ""name"": ""Trent Grisham"", ""bats"": ""L"", ""obp"": 0.3409090909090909, ""slg"": 0.40625, ""iso"": 0.17410714285714285, ""ab"": 224}, {""id"": 700250, ""name"": ""Ben Rice"", ""bats"": ""L"", ""obp"": 0.36023054755043227, ""slg"": 0.5614617940199336, ""iso"": 0.292358803986711, ""ab"": 301}, {""id"": 691176, ""name"": ""Jasson Dom\u00ednguez"", ""bats"": ""S"", ""obp"": 0.25252525252525254, ""slg"": 0.3829787234042553, ""iso"": 0.1702127659574468, ""ab"": 94}]","[{""id"": 663616, ""name"": ""Trevor Larnach"", ""bats"": ""L"", ""obp"": 0.38076923076923075, ""slg"": 0.43612334801762115, ""iso"": 0.14537444933920707, ""ab"": 227}, {""id"": 686797, ""name"": ""Brooks Lee"", ""bats"": ""S"", ""obp"": 0.3063063063063063, ""slg"": 0.43973941368078173, ""iso"": 0.18892508143322473, ""ab"": 307}, {""id"": 665019, ""name"": ""Kody Clemens"", ""bats"": ""L"", ""obp"": 0.30344827586206896, ""slg"": 0.47368421052631576, ""iso"": 0.23308270676691728, ""ab"": 266}]","[{""name"": ""fi_park_nrfi_rate"", ""value"": 0.4526, ""contribution"": 0.1563}, {""name"": ""wx_temp_c"", ""value"": 37.8, ""contribution"": 0.0991}, {""name"": ""away_top3c_iso"", ""value"": 0.1913, ""contribution"": 0.0899}, {""name"": ""away_top3_ops_vs_oppHand"", ""value"": 0.8313, ""contribution"": 0.0653}, {""name"": ""away_top3c_slg"", ""value"": 0.45, ""contribution"": -0.0493}]","[{""name"": ""home_top3c_iso"", ""value"": 0.231, ""contribution"": 0.2455}, {""name"": ""fi_park_nrfi_rate"", ""value"": 0.4526, ""contribution"": 0.2403}, {""name"": ""home_top3c_slg"", ""value"": 0.4782, ""contribution"": -0.2348}, {""name"": ""wx_temp_c"", ""value"": 37.8, ""contribution"": 0.1382}, {""name"": ""wx_wind_kmh"", ""value"": 21.0, ""contribution"": 0.1001}]",482666,0.522,4.2,4.2,50.0,50.0,0.7075,0.7136,5.0,4.5,0.8313,0.7617,R,R,YRFI,WIN,1,1,2,2026-07-03T23:27:01+00:00,+110,-140,DraftKings,2026-07-03T22:06:21+00:00,0.4762,0.5833,-0.1543,0.0948,0.0948,Y,1,0.714,+110,-140,2026-07-03T22:01:00+00:00,0,0.4100,YRFI,STRONG,,,,,,,
2026-07-03,2026,824173,1,N,TB,HOU,8:15 PM ET,Nick Martinez,Spencer Arrighetti,607259,681293,live,live,live,live,0.99,0.5571,0.4375,0.9946,0.4521,0.4141,0.8661,0.4064,0.5936,0.2623,0.7377,,,YRFI,STRONG,STRONG YRFI,4,2026-07-03T23:06:00Z,3.194,4.184,1.168,1.296,3.942,4.39,1.82,4.25,0.96,1.19,5.77,9.07,0.336,0.316,0.399,0.409,4.571,4.495,,,,1.0,0.6,0.6,0.8,0.8,0.3679,0.3947,0.479,0.5059,0.2086,0.2039,lineup,lineup,"[{""id"": 514888, ""name"": ""Jose Altuve"", ""bats"": ""R"", ""obp"": 0.30685920577617326, ""slg"": 0.37751004016064255, ""iso"": 0.14457831325301201, ""ab"": 249}, {""id"": 670541, ""name"": ""Yordan Alvarez"", ""bats"": ""L"", ""obp"": 0.43271767810026385, ""slg"": 0.6198083067092651, ""iso"": 0.30031948881789133, ""ab"": 313}, {""id"": 670623, ""name"": ""Isaac Paredes"", ""bats"": ""R"", ""obp"": 0.34593023255813954, ""slg"": 0.4155405405405405, ""iso"": 0.16554054054054052, ""ab"": 296}]","[{""id"": 650490, ""name"": ""Yandy D\u00edaz"", ""bats"": ""R"", ""obp"": 0.4101123595505618, ""slg"": 0.498371335504886, ""iso"": 0.1726384364820847, ""ab"": 307}, {""id"": 666018, ""name"": ""Jonathan Aranda"", ""bats"": ""L"", ""obp"": 0.39669421487603307, ""slg"": 0.46511627906976744, ""iso"": 0.17275747508305644, ""ab"": 301}, {""id"": 691406, ""name"": ""Junior Caminero"", ""bats"": ""R"", ""obp"": 0.37771739130434784, ""slg"": 0.5517241379310345, ""iso"": 0.26332288401253917, ""ab"": 319}]","[{""name"": ""away_top3c_slg"", ""value"": 0.5059, ""contribution"": -0.3326}, {""name"": ""away_top3c_iso"", ""value"": 0.2039, ""contribution"": 0.1789}, {""name"": ""away_top3_ops_vs_oppHand"", ""value"": 0.928, ""contribution"": 0.1638}, {""name"": ""home_xera"", ""value"": 5.4751, ""contribution"": 0.1393}, {""name"": ""era_gap_t1"", ""value"": 0.9905, ""contribution"": 0.1079}]","[{""name"": ""home_top3c_slg"", ""value"": 0.479, ""contribution"": -0.2399}, {""name"": ""home_top3c_iso"", ""value"": 0.2086, ""contribution"": 0.1398}, {""name"": ""away_whiff_pct_rank"", ""value"": 18.0, ""contribution"": 0.1376}, {""name"": ""home_top3_ops_vs_oppHand"", ""value"": 0.8507, ""contribution"": 0.1044}, {""name"": ""home_top3c_obp"", ""value"": 0.3679, ""contribution"": 0.097}]",427164,0.5083,5.475,4.133,68.0,18.0,0.7136,0.7396,5.0,5.6,0.928,0.8507,R,R,NRFI,LOSS,0,0,0,2026-07-04T00:30:04+00:00,+105,-135,DraftKings,2026-07-03T23:20:04+00:00,0.4878,0.5745,-0.0814,0.0191,0.0191,Y,1,-1,+105,-135,2026-07-03T23:14:41+00:00,0,0.4144,YRFI,STRONG,,,,,,,
2026-07-03,2026,825062,1,N,MIL,ARI,9:45 PM ET,Kyle Harrison,Jose Cabrera,690986,703615,live,sm,live,live,1.0,0.5361,0.4162,0.9523,0.4395,0.4235,0.863,0.4064,0.5936,0.2467,0.7533,,,YRFI,STRONG,STRONG YRFI,4,2026-07-04T00:40:25Z,3.103,4.056,1.127,1.248,3.355,4.342,2.53,2.7,1.09,1.33,10.47,8.26,0.335,0.309,0.398,0.389,5.035,4.302,,,,1.0,0.5,0.8,0.5,0.8,0.3453,0.3502,0.4573,0.4549,0.1968,0.1872,lineup,lineup,"[{""id"": 606466, ""name"": ""Ketel Marte"", ""bats"": ""S"", ""obp"": 0.32222222222222224, ""slg"": 0.48936170212765956, ""iso"": 0.22188449848024316, ""ab"": 329}, {""id"": 672695, ""name"": ""Geraldo Perdomo"", ""bats"": ""S"", ""obp"": 0.3583815028901734, ""slg"": 0.3588850174216028, ""iso"": 0.11498257839721254, ""ab"": 287}, {""id"": 682998, ""name"": ""Corbin Carroll"", ""bats"": ""L"", ""obp"": 0.3559322033898305, ""slg"": 0.5145631067961165, ""iso"": 0.24595469255663432, ""ab"": 309}]","[{""id"": 592885, ""name"": ""Christian Yelich"", ""bats"": ""L"", ""obp"": 0.3333333333333333, ""slg"": 0.38613861386138615, ""iso"": 0.13366336633663367, ""ab"": 202}, {""id"": 694192, ""name"": ""Jackson Chourio"", ""bats"": ""R"", ""obp"": 0.35294117647058826, ""slg"": 0.5253456221198156, ""iso"": 0.23041474654377875, ""ab"": 217}, {""id"": 668930, ""name"": ""Brice Turang"", ""bats"": ""L"", ""obp"": 0.3589041095890411, ""slg"": 0.4504792332268371, ""iso"": 0.19169329073482433, ""ab"": 313}]","[{""name"": ""fi_park_nrfi_rate"", ""value"": 0.4239, ""contribution"": 0.2555}, {""name"": ""era_gap_t1"", ""value"": 0.9532, ""contribution"": 0.1038}, {""name"": ""home_p_last10_pitcher_nrfi"", ""value"": 0.5, ""contribution"": -0.0846}, {""name"": ""away_top3c_slg"", ""value"": 0.4549, ""contribution"": -0.0742}, {""name"": ""away_top3_ops_vs_oppHand"", ""value"": 0.8277, ""contribution"": 0.0616}]","[{""name"": ""fi_park_nrfi_rate"", ""value"": 0.4239, ""contribution"": 0.3927}, {""name"": ""home_top3_ops_vs_oppHand"", ""value"": 0.898, ""contribution"": 0.161}, {""name"": ""home_top3c_slg"", ""value"": 0.4573, ""contribution"": -0.105}, {""name"": ""away_whiff_pct_rank"", ""value"": 74.0, ""contribution"": -0.1041}, {""name"": ""home_top3c_iso"", ""value"": 0.1968, ""contribution"": 0.0838}]",482663,0.5317,4.2,4.038,50.0,74.0,0.7136,0.6796,5.0,5.07,0.8277,0.898,L,R,NRFI,LOSS,0,0,0,2026-07-04T01:58:12+00:00,-115,-115,DraftKings,2026-07-03T23:20:04+00:00,0.5349,0.5349,-0.1285,0.0587,0.0587,Y,1,-1,-115,-115,2026-07-03T23:20:04+00:00,0,0.4569,PASS,NO EDGE,,,,,,,
2026-07-03,2026,824982,1,N,MIA,OAK,9:40 PM ET,Tyler Phillips,Jack Perkins,663969,678022,live,ltd,live,live,0.93,0.4473,0.5253,0.9726,0.3771,0.4131,0.7901,0.4384,0.5616,0.2542,0.7458,,,PASS,LOW LAMBDA,PASS - Low lambda,4,2026-07-04T01:10:39Z,3.117,5.198,1.264,1.285,4.356,3.684,3.65,3.15,0.99,1.09,6.95,9.97,0.325,0.325,0.398,0.41,4.442,4.593,20.0,10.0,60.0,0.0,0.6,0.8,0.6667,0.8571,0.3545,0.3514,0.4543,0.4656,0.2014,0.1758,lineup,lineup,"[{""id"": 701762, ""name"": ""Nick Kurtz"", ""bats"": ""L"", ""obp"": 0.42159383033419023, ""slg"": 0.5160256410256411, ""iso"": 0.23717948717948723, ""ab"": 312}, {""id"": 669127, ""name"": ""Shea Langeliers"", ""bats"": ""R"", ""obp"": 0.3296398891966759, ""slg"": 0.4969512195121951, ""iso"": 0.23170731707317072, ""ab"": 328}, {""id"": 671732, ""name"": ""Lawrence Butler"", ""bats"": ""L"", ""obp"": 0.2833333333333333, ""slg"": 0.29906542056074764, ""iso"": 0.10280373831775699, ""ab"": 214}]","[{""id"": 689414, ""name"": ""Liam Hicks"", ""bats"": ""L"", ""obp"": 0.3588039867109635, ""slg"": 0.46564885496183206, ""iso"": 0.18320610687022898, ""ab"": 262}, {""id"": 669065, ""name"": ""Kyle Stowers"", ""bats"": ""L"", ""obp"": 0.3210332103321033, ""slg"": 0.42436974789915966, ""iso"": 0.19327731092436973, ""ab"": 238}, {""id"": 672640, ""name"": ""Otto Lopez"", ""bats"": ""R"", ""obp"": 0.3678474114441417, ""slg"": 0.49415204678362573, ""iso"": 0.15789473684210525, ""ab"": 342}]","[{""name"": ""era_gap_t1"", ""value"": 2.0812, ""contribution"": 0.226}, {""name"": ""fi_park_nrfi_rate"", ""value"": 0.4422, ""contribution"": 0.1922}, {""name"": ""away_top3c_slg"", ""value"": 0.4656, ""contribution"": -0.1281}, {""name"": ""home_xera"", ""value"": 3.41, ""contribution"": -0.0723}, {""name"": ""away_top3_ops_vs_oppHand"", ""value"": 0.8177, ""contribution"": 0.0514}]","[{""name"": ""fi_park_nrfi_rate"", ""value"": 0.4422, ""contribution"": 0.2954}, {""name"": ""away_whiff_pct_rank"", ""value"": 85.0, ""contribution"": -0.1515}, {""name"": ""era_gap_b1"", ""value"": -2.0812, ""contribution"": -0.142}, {""name"": ""home_top3c_iso"", ""value"": 0.2014, ""contribution"": 0.1057}, {""name"": ""home_top3c_slg"", ""value"": 0.4543, ""contribution"": -0.0866}]",427128,0.4785,3.41,4.17,90.0,85.0,0.7136,0.7272,4.6,5.47,0.8177,0.7847,R,R,YRFI,PASS,6,0,6,2026-07-04T02:03:27+00:00,+125,-170,DraftKings,2026-07-03T23:20:04+00:00,0.4444,0.6296,-0.034,-0.04,-0.04,N,1,,+125,-170,2026-07-03T23:20:04+00:00,0,0.4877,PASS,NO EDGE,,,,,,,
2026-07-03,2026,824659,1,N,STL,CHC,4:05 PM ET,Andre Pallante,David Peterson,669467,656849,live,live,live,live,1.0,0.5402,0.5653,1.1055,0.2915,0.4388,0.7303,0.4772,0.5228,0.303,0.697,,,PASS,NO EDGE,PASS - No edge,4,2026-07-03T19:22:51Z,4.289,5.296,1.295,1.516,4.14,3.76,2.88,3.61,0.99,0.76,6.65,8.0,0.322,0.336,0.395,0.413,4.51,5.054,23.4,26.6,87.0,0.0,0.2,0.8,0.2,0.6,0.3605,0.3651,0.4207,0.4415,0.1668,0.1734,lineup,lineup,"[{""id"": 681909, ""name"": ""Justin Dean"", ""bats"": ""R"", ""obp"": 0.6, ""slg"": 1.0, ""iso"": 0.5, ""ab"": 4}, {""id"": 608324, ""name"": ""Alex Bregman"", ""bats"": ""R"", ""obp"": 0.340153452685422, ""slg"": 0.3413173652694611, ""iso"": 0.10179640718562877, ""ab"": 334}, {""id"": 683737, ""name"": ""Michael Busch"", ""bats"": ""L"", ""obp"": 0.36787564766839376, ""slg"": 0.3968253968253968, ""iso"": 0.16190476190476188, ""ab"": 315}]","[{""id"": 802139, ""name"": ""JJ Wetherholt"", ""bats"": ""L"", ""obp"": 0.35714285714285715, ""slg"": 0.4012738853503185, ""iso"": 0.14012738853503187, ""ab"": 314}, {""id"": 699625, ""name"": ""Jimmy Crooks"", ""bats"": ""L"", ""obp"": 0.2459016393442623, ""slg"": 0.2545454545454545, ""iso"": 0.09090909090909088, ""ab"": 55}, {""id"": 691023, ""name"": ""Jordan Walker"", ""bats"": ""R"", ""obp"": 0.3457142857142857, ""slg"": 0.51875, ""iso"": 0.22812500000000002, ""ab"": 320}]","[{""name"": ""home_p_last10_pitcher_nrfi"", ""value"": 0.2, ""contribution"": -0.2017}, {""name"": ""fi_park_nrfi_rate"", ""value"": 0.5429, ""contribution"": -0.1558}, {""name"": ""era_gap_t1"", ""value"": 1.007, ""contribution"": 0.1097}, {""name"": ""away_top3_ops_vs_oppHand"", ""value"": 0.835, ""contribution"": 0.0691}, {""name"": ""wx_wind_kmh"", ""value"": 26.6, ""contribution"": 0.0673}]","[{""name"": ""fi_park_nrfi_rate"", ""value"": 0.5429, ""contribution"": -0.2395}, {""name"": ""wx_wind_kmh"", ""value"": 26.6, ""contribution"": 0.159}, {""name"": ""home_obp"", ""value"": 0.3365, ""contribution"": 0.1587}, {""name"": ""home_top3c_slg"", ""value"": 0.4207, ""contribution"": 0.1225}, {""name"": ""home_top3c_obp"", ""value"": 0.3605, ""contribution"": 0.0708}]",483564,0.5037,4.593,4.364,68.0,56.0,0.7272,0.6942,4.67,6.27,0.835,0.7937,R,L,NRFI,PASS,0,0,0,2026-07-03T20:33:31+00:00,+115,-150,DraftKings,2026-07-03T20:08:39+00:00,0.4651,0.6,0.0121,-0.0772,0.0711,N,0.5,,+115,-150,2026-07-03T20:03:19+00:00,0,0.4589,PASS,NO EDGE,,,,,,,
2026-07-03,2026,823120,1,N,TOR,SEA,10:10 PM ET,Dylan Cease,Luis Castillo,656302,622491,live,live,live,live,0.95,0.4318,0.4375,0.8693,0.3038,0.2772,0.581,0.5514,0.4486,0.2163,0.7837,,,NRFI,LEAN,LEAN NRFI,4,2026-07-04T00:40:25Z,3.517,4.452,1.269,1.298,2.762,3.868,4.16,2.8,0.73,1.09,13.1,8.44,0.311,0.313,0.393,0.385,4.132,4.121,,,,1.0,0.6,0.2,0.6,0.5,0.3508,0.3379,0.4399,0.4096,0.1835,0.146,lineup,lineup,"[{""id"": 641487, ""name"": ""J.P. Crawford"", ""bats"": ""L"", ""obp"": 0.3277027027027027, ""slg"": 0.35714285714285715, ""iso"": 0.14285714285714288, ""ab"": 252}, {""id"": 668227, ""name"": ""Randy Arozarena"", ""bats"": ""R"", ""obp"": 0.3746312684365782, ""slg"": 0.4417808219178082, ""iso"": 0.15753424657534243, ""ab"": 292}, {""id"": 686527, ""name"": ""Dominic Canzone"", ""bats"": ""L"", ""obp"": 0.3452914798206278, ""slg"": 0.5431472081218274, ""iso"": 0.27411167512690354, ""ab"": 197}]","[{""id"": 664770, ""name"": ""Nathan Lukes"", ""bats"": ""L"", ""obp"": 0.34806629834254144, ""slg"": 0.41916167664670656, ""iso"": 0.11976047904191617, ""ab"": 167}, {""id"": 665489, ""name"": ""Vladimir Guerrero Jr."", ""bats"": ""R"", ""obp"": 0.34770114942528735, ""slg"": 0.34983498349834985, ""iso"": 0.08250825082508251, ""ab"": 303}, {""id"": 672960, ""name"": ""Kazuma Okamoto"", ""bats"": ""R"", ""obp"": 0.3226744186046512, ""slg"": 0.46381578947368424, ""iso"": 0.22368421052631582, ""ab"": 304}]","[{""name"": ""away_top3c_iso"", ""value"": 0.146, ""contribution"": -0.2289}, {""name"": ""away_top3c_slg"", ""value"": 0.4096, ""contribution"": 0.1556}, {""name"": ""era_gap_t1"", ""value"": 0.9344, ""contribution"": 0.1018}, {""name"": ""fi_park_nrfi_rate"", ""value"": 0.5131, ""contribution"": -0.0529}, {""name"": ""home_p_last10_pitcher_nrfi"", ""value"": 0.6, ""contribution"": -0.0455}]","[{""name"": ""away_whiff_pct_rank"", ""value"": 97.0, ""contribution"": -0.2033}, {""name"": ""away_fip"", ""value"": 2.7615, ""contribution"": -0.1311}, {""name"": ""fi_park_nrfi_rate"", ""value"": 0.5131, ""contribution"": -0.0814}, {""name"": ""wx_is_dome"", ""value"": 1.0, ""contribution"": -0.0758}, {""name"": ""away_p_last10_pitcher_nrfi"", ""value"": 0.5, ""contribution"": 0.0713}]",607884,0.5403,4.328,3.276,48.0,97.0,0.7412,0.7272,5.4,5.2,0.7757,0.8103,R,R,NRFI,WIN,0,0,0,2026-07-04T02:26:09+00:00,-160,+120,DraftKings,2026-07-03T23:20:04+00:00,0.6154,0.4545,-0.064,-0.0059,-0.064,N,0.5,0,-160,+120,2026-07-03T23:20:04+00:00,0,0.4877,PASS,NO EDGE,,,,,,,
2026-07-03,2026,824498,1,N,BAL,CIN,7:10 PM ET,Trevor Rogers,Brady Singer,669432,663903,live,live,live,live,1.09,0.6633,0.4646,1.1279,0.4164,0.5058,0.9222,0.4064,0.5936,0.3112,0.6888,,,YRFI,STRONG,STRONG YRFI,4,2026-07-03T22:05:06Z,3.993,4.748,1.183,1.438,3.706,5.074,2.63,3.01,0.87,1.81,7.47,7.96,0.319,0.31,0.398,0.393,4.568,4.272,36.3,13.3,37.0,0.0,0.6,1.0,0.5,0.7,0.3316,0.3349,0.4568,0.3993,0.2023,0.158,lineup,lineup,"[{""id"": 682829, ""name"": ""Elly De La Cruz"", ""bats"": ""S"", ""obp"": 0.3389261744966443, ""slg"": 0.48507462686567165, ""iso"": 0.2126865671641791, ""ab"": 268}, {""id"": 701398, ""name"": ""Sal Stewart"", ""bats"": ""R"", ""obp"": 0.3422459893048128, ""slg"": 0.4709480122324159, ""iso"": 0.21406727828746175, ""ab"": 327}, {""id"": 668715, ""name"": ""Spencer Steer"", ""bats"": ""R"", ""obp"": 0.3125, ""slg"": 0.41403508771929826, ""iso"": 0.17894736842105263, ""ab"": 285}]","[{""id"": 683002, ""name"": ""Gunnar Henderson"", ""bats"": ""L"", ""obp"": 0.2982456140350877, ""slg"": 0.4155124653739612, ""iso"": 0.18836565096952906, ""ab"": 361}, {""id"": 668939, ""name"": ""Adley Rutschman"", ""bats"": ""S"", ""obp"": 0.325, ""slg"": 0.44761904761904764, ""iso"": 0.19523809523809527, ""ab"": 210}, {""id"": 621493, ""name"": ""Taylor Ward"", ""bats"": ""R"", ""obp"": 0.3775, ""slg"": 0.35060975609756095, ""iso"": 0.10060975609756095, ""ab"": 328}]","[{""name"": ""away_top3c_slg"", ""value"": 0.3993, ""contribution"": 0.2074}, {""name"": ""away_top3c_iso"", ""value"": 0.158, ""contribution"": -0.1447}, {""name"": ""home_fip"", ""value"": 5.0735, ""contribution"": 0.1229}, {""name"": ""wx_temp_c"", ""value"": 36.3, ""contribution"": 0.0901}, {""name"": ""home_p_last10_pitcher_nrfi"", ""value"": 0.5, ""contribution"": -0.0846}]","[{""name"": ""home_top3_ops_vs_oppHand"", ""value"": 0.9937, ""contribution"": 0.2756}, {""name"": ""wx_temp_c"", ""value"": 36.3, ""contribution"": 0.1257}, {""name"": ""home_top3c_iso"", ""value"": 0.2023, ""contribution"": 0.1098}, {""name"": ""home_top3c_slg"", ""value"": 0.4568, ""contribution"": -0.102}, {""name"": ""era_gap_b1"", ""value"": -0.7543, ""contribution"": -0.0517}]",427113,0.5139,4.422,3.258,32.0,47.0,0.6796,0.7272,5.27,6.13,0.733,0.9937,L,R,YRFI,WIN,1,0,1,2026-07-03T23:33:17+00:00,+110,-140,DraftKings,2026-07-03T22:13:13+00:00,0.4762,0.5833,-0.0698,0.0103,0.0103,Y,1,0.714,+110,-140,2026-07-03T22:07:51+00:00,0,0.4877,PASS,NO EDGE,,,,,,,
2026-07-03,2026,822714,1,N,PIT,WSH,6:45 PM ET,Mitch Keller,Foster Griffin,656605,656492,live,ltd,live,live,0.97,0.5005,0.5265,1.027,0.3556,0.5425,0.8981,0.4064,0.5936,0.2742,0.7258,,,YRFI,STRONG,STRONG YRFI,4,2026-07-03T22:05:06Z,4.667,3.289,1.288,1.104,3.965,4.132,2.99,2.48,0.92,1.39,7.19,8.92,0.335,0.32,0.419,0.423,5.044,5.218,37.8,9.4,35.0,0.0,1.0,0.8,0.8,0.8,0.3435,0.3497,0.4974,0.4604,0.2348,0.1972,lineup,lineup,"[{""id"": 695578, ""name"": ""James Wood"", ""bats"": ""L"", ""obp"": 0.38929440389294406, ""slg"": 0.5221238938053098, ""iso"": 0.25663716814159293, ""ab"": 339}, {""id"": 671277, ""name"": ""Luis Garc\u00eda Jr."", ""bats"": ""L"", ""obp"": 0.3096085409252669, ""slg"": 0.5373134328358209, ""iso"": 0.2574626865671642, ""ab"": 268}, {""id"": 677588, ""name"": ""Jos\u00e9 Tena"", ""bats"": ""L"", ""obp"": 0.2865853658536585, ""slg"": 0.3708609271523179, ""iso"": 0.1456953642384106, ""ab"": 151}]","[{""id"": 804606, ""name"": ""Konnor Griffin"", ""bats"": ""R"", ""obp"": 0.3232758620689655, ""slg"": 0.4056603773584906, ""iso"": 0.1367924528301887, ""ab"": 212}, {""id"": 664040, ""name"": ""Brandon Lowe"", ""bats"": ""L"", ""obp"": 0.3185595567867036, ""slg"": 0.49842271293375395, ""iso"": 0.2555205047318612, ""ab"": 317}, {""id"": 668804, ""name"": ""Bryan Reynolds"", ""bats"": ""S"", ""obp"": 0.39528795811518325, ""slg"": 0.4591194968553459, ""iso"": 0.17924528301886794, ""ab"": 318}]","[{""name"": ""era_gap_t1"", ""value"": -1.378, ""contribution"": -0.1486}, {""name"": ""away_top3c_iso"", ""value"": 0.1972, ""contribution"": 0.1315}, {""name"": ""away_top3c_slg"", ""value"": 0.4604, ""contribution"": -0.1022}, {""name"": ""wx_temp_c"", ""value"": 37.8, ""contribution"": 0.0991}, {""name"": ""fi_park_nrfi_rate"", ""value"": 0.4761, ""contribution"": 0.0751}]","[{""name"": ""home_top3c_slg"", ""value"": 0.4974, ""contribution"": -0.3539}, {""name"": ""home_top3c_iso"", ""value"": 0.2348, ""contribution"": 0.2635}, {""name"": ""wx_temp_c"", ""value"": 37.8, ""contribution"": 0.1382}, {""name"": ""away_whiff_pct_rank"", ""value"": 18.0, ""contribution"": 0.1376}, {""name"": ""fi_park_nrfi_rate"", ""value"": 0.4761, ""contribution"": 0.1154}]",608158,0.5142,4.362,4.372,59.0,18.0,0.7272,0.6509,6.27,5.2,0.7547,0.8153,R,L,YRFI,WIN,0,1,1,2026-07-03T22:58:58+00:00,+105,-140,DraftKings,2026-07-03T22:06:21+00:00,0.4878,0.5833,-0.0814,0.0103,0.0103,Y,1,0.714,+105,-140,2026-07-03T22:06:21+00:00,0,0.4144,YRFI,STRONG,,,,,,,
2026-07-03,2026,824013,1,N,BOS,LAA,9:38 PM ET,Jake Bennett,Reid Detmers,687562,672282,ltd,live,live,live,0.99,0.3861,0.4475,0.8336,0.2999,0.476,0.7759,0.4574,0.5426,0.2033,0.7967,,,PASS,NO EDGE,PASS - No edge,4,2026-07-04T01:10:39Z,3.763,3.932,1.17,1.124,3.704,3.147,2.47,2.94,0.91,0.81,7.88,10.16,0.312,0.316,0.387,0.395,4.045,4.451,20.0,10.0,60.0,0.0,0.8,1.0,0.7,1.0,0.3263,0.3319,0.423,0.4308,0.1779,0.1602,lineup,lineup,"[{""id"": 687263, ""name"": ""Zach Neto"", ""bats"": ""R"", ""obp"": 0.32114882506527415, ""slg"": 0.4491017964071856, ""iso"": 0.2245508982035928, ""ab"": 334}, {""id"": 694384, ""name"": ""Nolan Schanuel"", ""bats"": ""L"", ""obp"": 0.33448275862068966, ""slg"": 0.38846153846153847, ""iso"": 0.12307692307692308, ""ab"": 260}, {""id"": 694203, ""name"": ""Denzer Guzman"", ""bats"": ""R"", ""obp"": 0.32098765432098764, ""slg"": 0.4266666666666667, ""iso"": 0.16000000000000003, ""ab"": 75}]","[{""id"": 681987, ""name"": ""Nate Eaton"", ""bats"": ""R"", ""obp"": 0.3448275862068966, ""slg"": 0.391304347826087, ""iso"": 0.2173913043478261, ""ab"": 23}, {""id"": 678882, ""name"": ""Ceddanne Rafaela"", ""bats"": ""R"", ""obp"": 0.33126934984520123, ""slg"": 0.43521594684385384, ""iso"": 0.15282392026578073, ""ab"": 301}, {""id"": 677800, ""name"": ""Wilyer Abreu"", ""bats"": ""L"", ""obp"": 0.33146067415730335, ""slg"": 0.42946708463949845, ""iso"": 0.16300940438871475, ""ab"": 319}]","[{""name"": ""fi_park_nrfi_rate"", ""value"": 0.4526, ""contribution"": 0.1563}, {""name"": ""away_top3c_iso"", ""value"": 0.1602, ""contribution"": -0.1289}, {""name"": ""home_xera"", ""value"": 3.1218, ""contribution"": -0.1018}, {""name"": ""home_fip"", ""value"": 3.1471, ""contribution"": -0.0934}, {""name"": ""away_top3_ops_vs_oppHand"", ""value"": 0.8417, ""contribution"": 0.0759}]","[{""name"": ""fi_park_nrfi_rate"", ""value"": 0.4526, ""contribution"": 0.2403}, {""name"": ""home_plate_ump_nrfi_rate"", ""value"": 0.6254, ""contribution"": 0.1272}, {""name"": ""home_top3c_slg"", ""value"": 0.423, ""contribution"": 0.1079}, {""name"": ""away_p_last10_pitcher_nrfi"", ""value"": 1.0, ""contribution"": -0.0929}, {""name"": ""home_top3c_obp"", ""value"": 0.3263, ""contribution"": -0.0492}]",644760,0.6254,3.122,4.2,65.0,50.0,0.7272,0.7136,6.33,5.6,0.8417,0.791,L,L,NRFI,PASS,0,0,0,2026-07-04T01:53:46+00:00,-145,+110,DraftKings,2026-07-03T23:20:04+00:00,0.5918,0.4762,-0.1789,0.1109,0.1035,N,1,,-145,+110,2026-07-03T23:20:04+00:00,0,0.4559,PASS,NO EDGE,,,,,,,
2026-07-03,2026,824904,1,N,NYM,ATL,7:15 PM ET,Christian Scott,Grant Holmes,681035,656550,ltd,live,live,live,0.98,0.5557,0.5327,1.0884,0.3827,0.2871,0.6698,0.5203,0.4797,0.2967,0.7033,,,NRFI,LEAN,LEAN NRFI,4,2026-07-03T22:54:37Z,3.656,3.973,1.297,1.352,3.931,4.92,3.6,4.27,1.1,1.5,9.73,8.58,0.301,0.312,0.38,0.404,4.054,4.705,27.8,2.4,75.0,0.0,0.6,0.8,0.7,0.6,0.3337,0.3445,0.4716,0.4404,0.2047,0.1727,lineup,lineup,"[{""id"": 686948, ""name"": ""Drake Baldwin"", ""bats"": ""L"", ""obp"": 0.3381818181818182, ""slg"": 0.45267489711934156, ""iso"": 0.19753086419753085, ""ab"": 243}, {""id"": 645277, ""name"": ""Ozzie Albies"", ""bats"": ""S"", ""obp"": 0.3232876712328767, ""slg"": 0.4386503067484663, ""iso"": 0.16564417177914115, ""ab"": 326}, {""id"": 621566, ""name"": ""Matt Olson"", ""bats"": ""L"", ""obp"": 0.34054054054054056, ""slg"": 0.5181818181818182, ""iso"": 0.24848484848484848, ""ab"": 330}]","[{""id"": 621438, ""name"": ""Tyrone Taylor"", ""bats"": ""R"", ""obp"": 0.22857142857142856, ""slg"": 0.3333333333333333, ""iso"": 0.12745098039215685, ""ab"": 102}, {""id"": 665742, ""name"": ""Juan Soto"", ""bats"": ""L"", ""obp"": 0.4027777777777778, ""slg"": 0.5537190082644629, ""iso"": 0.2603305785123967, ""ab"": 242}, {""id"": 666182, ""name"": ""Bo Bichette"", ""bats"": ""R"", ""obp"": 0.2962962962962963, ""slg"": 0.3793103448275862, ""iso"": 0.1293103448275862, ""ab"": 348}]","[{""name"": ""home_fip"", ""value"": 4.92, ""contribution"": 0.1057}, {""name"": ""home_xera"", ""value"": 4.7939, ""contribution"": 0.0695}, {""name"": ""away_top3_ops_vs_oppHand"", ""value"": 0.8213, ""contribution"": 0.0551}, {""name"": ""away_top3c_iso"", ""value"": 0.1727, ""contribution"": -0.0408}, {""name"": ""wx_wind_kmh"", ""value"": 2.4, ""contribution"": -0.0405}]","[{""name"": ""home_top3c_slg"", ""value"": 0.4716, ""contribution"": -0.1941}, {""name"": ""home_top3c_iso"", ""value"": 0.2047, ""contribution"": 0.1211}, {""name"": ""wx_wind_kmh"", ""value"": 2.4, ""contribution"": -0.0957}, {""name"": ""home_plate_ump_nrfi_rate"", ""value"": 0.4271, ""contribution"": -0.0772}, {""name"": ""fi_park_nrfi_rate"", ""value"": 0.5093, ""contribution"": -0.0612}]",623946,0.4271,4.794,8.043,50.0,50.0,0.7272,0.7272,4.2,5.07,0.8213,0.7863,R,R,NRFI,WIN,0,0,0,2026-07-03T23:35:14+00:00,-105,-125,DraftKings,2026-07-03T23:20:04+00:00,0.5122,0.5556,0.0081,-0.0759,0.0081,N,0.5,0,-105,-125,2026-07-03T22:44:02+00:00,0,0.4534,PASS,NO EDGE,,,,,,,
2026-07-03,2026,823933,1,N,SD,LAD,10:10 PM ET,Michael King,Shohei Ohtani,650633,660271,live,live,live,live,0.97,0.3141,0.5447,0.8588,0.2126,0.5027,0.7153,0.4776,0.5224,0.2125,0.7875,,,PASS,NO EDGE,PASS - No edge,4,2026-07-04T01:40:31Z,3.602,2.278,1.193,0.992,4.134,2.748,3.49,2.64,1.06,0.55,8.17,9.84,0.303,0.344,0.38,0.439,4.035,5.257,20.0,10.0,60.0,0.0,1.0,1.0,1.0,0.9,0.3729,0.3059,0.5021,0.3707,0.2174,0.144,lineup,lineup,"[{""id"": 660271, ""name"": ""Shohei Ohtani"", ""bats"": ""L"", ""obp"": 0.40591397849462363, ""slg"": 0.5294117647058824, ""iso"": 0.23856209150326796, ""ab"": 306}, {""id"": 681624, ""name"": ""Andy Pages"", ""bats"": ""R"", ""obp"": 0.32891246684350134, ""slg"": 0.47941176470588237, ""iso"": 0.20882352941176474, ""ab"": 340}, {""id"": 518692, ""name"": ""Freddie Freeman"", ""bats"": ""L"", ""obp"": 0.3844086021505376, ""slg"": 0.5, ""iso"": 0.20625, ""ab"": 320}]","[{""id"": 665487, ""name"": ""Fernando Tatis Jr."", ""bats"": ""R"", ""obp"": 0.3423180592991914, ""slg"": 0.3795180722891566, ""iso"": 0.0993975903614458, ""ab"": 332}, {""id"": 630105, ""name"": ""Jake Cronenworth"", ""bats"": ""L"", ""obp"": 0.2755905511811024, ""slg"": 0.23636363636363636, ""iso"": 0.07272727272727272, ""ab"": 110}, {""id"": 592518, ""name"": ""Manny Machado"", ""bats"": ""R"", ""obp"": 0.2784090909090909, ""slg"": 0.4090909090909091, ""iso"": 0.21753246753246755, ""ab"": 308}]","[{""name"": ""away_top3c_slg"", ""value"": 0.3707, ""contribution"": 0.3525}, {""name"": ""home_xera"", ""value"": 1.7145, ""contribution"": -0.246}, {""name"": ""away_top3c_iso"", ""value"": 0.144, ""contribution"": -0.2429}, {""name"": ""era_gap_t1"", ""value"": -1.3233, ""contribution"": -0.1427}, {""name"": ""away_top3_ops_vs_oppHand"", ""value"": 0.628, ""contribution"": -0.1419}]","[{""name"": ""home_top3c_slg"", ""value"": 0.5021, ""contribution"": -0.3831}, {""name"": ""home_obp"", ""value"": 0.3442, ""contribution"": 0.2128}, {""name"": ""home_top3c_iso"", ""value"": 0.2174, ""contribution"": 0.1812}, {""name"": ""home_top3_ops_vs_oppHand"", ""value"": 0.9103, ""contribution"": 0.1758}, {""name"": ""home_top3c_obp"", ""value"": 0.3729, ""contribution"": 0.1145}]",503586,0.4946,1.714,3.885,85.0,56.0,0.6942,0.7272,6.13,5.67,0.628,0.9103,R,R,YRFI,PASS,1,0,1,2026-07-04T02:28:10+00:00,-115,-115,DraftKings,2026-07-03T23:20:04+00:00,0.5349,0.5349,-0.0665,-0.0033,,N,,,-115,-115,2026-07-03T23:20:04+00:00,,0.6424,NRFI,STRONG,,,,,,,
2026-07-03,2026,824417,1,N,CWS,CLE,7:10 PM ET,Anthony Kay,Gavin Williams,641743,668909,ltd,live,live,live,0.96,0.5082,0.5219,1.0301,0.2985,0.3672,0.6657,0.5332,0.4668,0.2753,0.7247,,,NRFI,LEAN,LEAN NRFI,4,2026-07-03T22:05:06Z,4.39,3.598,1.373,1.198,4.427,4.018,3.3,3.43,1.23,1.31,7.79,10.1,0.321,0.313,0.416,0.374,4.777,4.063,32.3,11.6,54.0,0.0,0.6,0.6,0.7,0.5,0.3413,0.37,0.4167,0.4572,0.1616,0.192,lineup,lineup,"[{""id"": 683953, ""name"": ""Travis Bazzana"", ""bats"": ""L"", ""obp"": 0.3458333333333333, ""slg"": 0.42028985507246375, ""iso"": 0.1690821256038647, ""ab"": 207}, {""id"": 681807, ""name"": ""David Fry"", ""bats"": ""R"", ""obp"": 0.3333333333333333, ""slg"": 0.4067796610169492, ""iso"": 0.18644067796610173, ""ab"": 118}, {""id"": 800050, ""name"": ""Chase DeLauter"", ""bats"": ""L"", ""obp"": 0.3412969283276451, ""slg"": 0.41825095057034223, ""iso"": 0.14448669201520914, ""ab"": 263}]","[{""id"": 803011, ""name"": ""Sam Antonacci"", ""bats"": ""L"", ""obp"": 0.3940520446096654, ""slg"": 0.4329004329004329, ""iso"": 0.1341991341991342, ""ab"": 231}, {""id"": 678246, ""name"": ""Miguel Vargas"", ""bats"": ""R"", ""obp"": 0.35501355013550134, ""slg"": 0.483974358974359, ""iso"": 0.2403846153846154, ""ab"": 312}, {""id"": 691019, ""name"": ""Kyle Teel"", ""bats"": ""L"", ""obp"": 0.34285714285714286, ""slg"": 0.36666666666666664, ""iso"": 0.1333333333333333, ""ab"": 30}]","[{""name"": ""fi_park_nrfi_rate"", ""value"": 0.528, ""contribution"": -0.1042}, {""name"": ""away_top3c_iso"", ""value"": 0.192, ""contribution"": 0.095}, {""name"": ""away_top3c_slg"", ""value"": 0.4572, ""contribution"": -0.086}, {""name"": ""era_gap_t1"", ""value"": -0.7925, ""contribution"": -0.0852}, {""name"": ""wx_temp_c"", ""value"": 32.3, ""contribution"": 0.0661}]","[{""name"": ""fi_park_nrfi_rate"", ""value"": 0.528, ""contribution"": -0.1602}, {""name"": ""home_top3c_slg"", ""value"": 0.4167, ""contribution"": 0.1474}, {""name"": ""wx_temp_c"", ""value"": 32.3, ""contribution"": 0.0922}, {""name"": ""home_top3_ops_vs_oppHand"", ""value"": 0.688, ""contribution"": -0.0904}, {""name"": ""home_top3c_iso"", ""value"": 0.1616, ""contribution"": -0.0824}]",554242,0.4415,4.171,7.586,88.0,50.0,0.6796,0.7136,5.07,4.53,0.8033,0.688,L,R,NRFI,WIN,0,0,0,2026-07-03T23:23:17+00:00,-130,+100,DraftKings,2026-07-03T23:20:04+00:00,0.5652,0.5,-0.032,-0.0332,-0.032,N,0.5,0,-130,+100,2026-07-03T22:07:51+00:00,0,0.4144,YRFI,STRONG,,,,,,,
2026-07-03,2026,824336,1,N,SF,COL,8:10 PM ET,Logan Webb,Ryan Feltner,657277,663372,live,ltd,live,live,1.22,0.6376,0.4519,1.0894,0.4824,0.4866,0.969,0.3873,0.6127,0.2971,0.7029,,,YRFI,STRONG,STRONG YRFI,4,2026-07-03T23:06:00Z,3.13,4.375,1.115,1.278,2.878,4.68,2.14,3.27,0.53,1.29,8.25,7.01,0.308,0.325,0.416,0.418,4.124,4.704,32.9,21.6,10.0,0.0,0.8,1.0,0.7,0.9,0.3221,0.3282,0.5471,0.4716,0.2769,0.1765,lineup,lineup,"[{""id"": 687859, ""name"": ""Troy Johnston"", ""bats"": ""L"", ""obp"": 0.38144329896907214, ""slg"": 0.43846153846153846, ""iso"": 0.12307692307692308, ""ab"": 260}, {""id"": 666160, ""name"": ""Mickey Moniak"", ""bats"": ""L"", ""obp"": 0.3299492385786802, ""slg"": 0.6208791208791209, ""iso"": 0.34065934065934067, ""ab"": 182}, {""id"": 690924, ""name"": ""Braxton Fulford"", ""bats"": ""R"", ""obp"": 0.3076923076923077, ""slg"": 0.3488372093023256, ""iso"": 0.13953488372093023, ""ab"": 43}]","[{""id"": 813841, ""name"": ""Jonah Cox"", ""bats"": ""R"", ""obp"": 0.28, ""slg"": 0.52, ""iso"": 0.24, ""ab"": 25}, {""id"": 669477, ""name"": ""Casey Schmitt"", ""bats"": ""R"", ""obp"": 0.30368098159509205, ""slg"": 0.4886731391585761, ""iso"": 0.21035598705501618, ""ab"": 309}, {""id"": 671218, ""name"": ""Heliot Ramos"", ""bats"": ""R"", ""obp"": 0.3089005235602094, ""slg"": 0.4581005586592179, ""iso"": 0.1899441340782123, ""ab"": 179}]","[{""name"": ""fi_park_nrfi_rate"", ""value"": 0.4241, ""contribution"": 0.2547}, {""name"": ""away_top3c_slg"", ""value"": 0.4716, ""contribution"": -0.1587}, {""name"": ""era_gap_t1"", ""value"": 1.2451, ""contribution"": 0.1354}, {""name"": ""home_fip"", ""value"": 4.6798, ""contribution"": 0.0787}, {""name"": ""wx_temp_c"", ""value"": 32.9, ""contribution"": 0.0697}]","[{""name"": ""home_top3c_slg"", ""value"": 0.5471, ""contribution"": -0.6626}, {""name"": ""home_top3c_iso"", ""value"": 0.2769, ""contribution"": 0.4623}, {""name"": ""fi_park_nrfi_rate"", ""value"": 0.4241, ""contribution"": 0.3916}, {""name"": ""home_top3_ops_vs_oppHand"", ""value"": 0.8923, ""contribution"": 0.1543}, {""name"": ""away_fip"", ""value"": 2.8785, ""contribution"": -0.1186}]",427292,0.5307,4.743,3.482,55.0,48.0,0.7197,0.7185,5.4,7.6,0.7877,0.8923,R,R,YRFI,WIN,0,3,3,2026-07-04T00:30:45+00:00,+110,-140,DraftKings,2026-07-03T23:14:41+00:00,0.4762,0.5833,-0.0889,0.0294,0.0294,Y,1,0.714,+110,-140,2026-07-03T23:09:14+00:00,0,0.4445,PASS,NO EDGE,,,,,,,
2026-07-04,2026,824334,1,N,SF,COL,8:10 PM ET,Robbie Ray,Sean Sullivan,592662,807743,live,sm,live,live,1.22,0.6875,0.7412,1.4287,0.5069,0.5088,1.0157,0.3565,0.6435,0.418,0.582,,,YRFI,STRONG,STRONG YRFI,4,2026-07-04T23:06:32Z,3.467,5.459,1.217,1.433,4.533,4.878,3.93,3.53,1.25,1.5,8.18,8.15,0.307,0.327,0.416,0.423,4.113,4.803,33.7,6.2,11.0,0.0,0.75,1.0,0.75,0.8,0.3355,0.3286,0.4591,0.4714,0.2002,0.1754,lineup,lineup,"[{""id"": 650489, ""name"": ""Willi Castro"", ""bats"": ""S"", ""obp"": 0.3412969283276451, ""slg"": 0.38783269961977185, ""iso"": 0.11787072243346008, ""ab"": 263}, {""id"": 691720, ""name"": ""Kyle Karros"", ""bats"": ""R"", ""obp"": 0.3626760563380282, ""slg"": 0.41975308641975306, ""iso"": 0.15637860082304522, ""ab"": 243}, {""id"": 696100, ""name"": ""Hunter Goodman"", ""bats"": ""R"", ""obp"": 0.3081395348837209, ""slg"": 0.549520766773163, ""iso"": 0.30351437699680517, ""ab"": 313}]","[{""id"": 671218, ""name"": ""Heliot Ramos"", ""bats"": ""R"", ""obp"": 0.3076923076923077, ""slg"": 0.453551912568306, ""iso"": 0.18579234972677594, ""ab"": 183}, {""id"": 650333, ""name"": ""Luis Arraez"", ""bats"": ""L"", ""obp"": 0.36056338028169016, ""slg"": 0.4646153846153846, ""iso"": 0.13846153846153847, ""ab"": 325}, {""id"": 669477, ""name"": ""Casey Schmitt"", ""bats"": ""R"", ""obp"": 0.30606060606060603, ""slg"": 0.48881789137380194, ""iso"": 0.207667731629393, ""ab"": 313}]","[{""name"": ""fi_park_nrfi_rate"", ""value"": 0.4241, ""contribution"": 0.2547}, {""name"": ""era_gap_t1"", ""value"": 1.9916, ""contribution"": 0.2163}, {""name"": ""away_top3c_slg"", ""value"": 0.4714, ""contribution"": -0.1575}, {""name"": ""home_fip"", ""value"": 4.8777, ""contribution"": 0.1009}, {""name"": ""wx_temp_c"", ""value"": 33.7, ""contribution"": 0.0745}]","[{""name"": ""fi_park_nrfi_rate"", ""value"": 0.4241, ""contribution"": 0.3916}, {""name"": ""era_gap_b1"", ""value"": -1.9916, ""contribution"": -0.1359}, {""name"": ""home_top3c_slg"", ""value"": 0.4591, ""contribution"": -0.1162}, {""name"": ""wx_temp_c"", ""value"": 33.7, ""contribution"": 0.1039}, {""name"": ""home_top3c_iso"", ""value"": 0.2002, ""contribution"": 0.1002}]",482608,0.452,4.2,3.719,50.0,64.0,0.7136,0.751,4.17,6.13,0.816,0.8307,L,L,YRFI,WIN,4,3,7,2026-07-05T01:21:59+00:00,+135,-175,DraftKings,2026-07-04T23:15:15+00:00,0.4255,0.6364,-0.069,0.0071,0.0071,Y,1,0.571,+135,-175,2026-07-04T23:09:53+00:00,0,0.5515,PASS,NO EDGE,,,,,,,
2026-07-04,2026,824983,1,N,MIA,OAK,9:40 PM ET,Sandy Alcantara,Aaron Civale,645261,650644,live,live,live,live,0.93,0.5648,0.4768,1.0416,0.4241,0.6129,1.037,0.3429,0.6571,0.2795,0.7205,,,YRFI,STRONG,STRONG YRFI,4,2026-07-05T00:36:29Z,4.499,4.856,1.277,1.455,4.027,5.052,2.61,2.77,0.99,1.69,6.76,6.98,0.325,0.325,0.402,0.41,4.514,4.597,22.4,14.6,65.0,0.0,0.6,0.8,0.7,0.8,0.3629,0.355,0.4515,0.4731,0.1941,0.1799,lineup,lineup,"[{""id"": 701762, ""name"": ""Nick Kurtz"", ""bats"": ""L"", ""obp"": 0.42385786802030456, ""slg"": 0.5253164556962026, ""iso"": 0.2436708860759494, ""ab"": 316}, {""id"": 680869, ""name"": ""Zack Gelof"", ""bats"": ""R"", ""obp"": 0.336283185840708, ""slg"": 0.49760765550239233, ""iso"": 0.215311004784689, ""ab"": 209}, {""id"": 671732, ""name"": ""Lawrence Butler"", ""bats"": ""L"", ""obp"": 0.2897959183673469, ""slg"": 0.2995391705069124, ""iso"": 0.10138248847926265, ""ab"": 217}]","[{""id"": 689414, ""name"": ""Liam Hicks"", ""bats"": ""L"", ""obp"": 0.36156351791530944, ""slg"": 0.462406015037594, ""iso"": 0.18045112781954886, ""ab"": 266}, {""id"": 669065, ""name"": ""Kyle Stowers"", ""bats"": ""L"", ""obp"": 0.32971014492753625, ""slg"": 0.4567901234567901, ""iso"": 0.21399176954732507, ""ab"": 243}, {""id"": 672640, ""name"": ""Otto Lopez"", ""bats"": ""R"", ""obp"": 0.3682795698924731, ""slg"": 0.49279538904899134, ""iso"": 0.15561959654178675, ""ab"": 347}]","[{""name"": ""fi_park_nrfi_rate"", ""value"": 0.4422, ""contribution"": 0.1922}, {""name"": ""away_top3c_slg"", ""value"": 0.4731, ""contribution"": -0.1664}, {""name"": ""home_fip"", ""value"": 5.0519, ""contribution"": 0.1205}, {""name"": ""away_top3_ops_vs_oppHand"", ""value"": 0.8357, ""contribution"": 0.0697}, {""name"": ""era_gap_t1"", ""value"": 0.3573, ""contribution"": 0.0393}]","[{""name"": ""fi_park_nrfi_rate"", ""value"": 0.4422, ""contribution"": 0.2954}, {""name"": ""away_whiff_pct_rank"", ""value"": 28.0, ""contribution"": 0.0945}, {""name"": ""home_obp"", ""value"": 0.3254, ""contribution"": 0.0812}, {""name"": ""home_top3c_obp"", ""value"": 0.3629, ""contribution"": 0.0794}, {""name"": ""home_top3c_iso"", ""value"": 0.1941, ""contribution"": 0.0711}]",490319,0.5366,4.013,4.417,28.0,28.0,0.7136,0.7272,4.2,6.67,0.8357,0.8173,R,R,NRFI,LOSS,0,0,0,2026-07-05T02:01:20+00:00,+135,-180,DraftKings,2026-07-05T00:45:01+00:00,0.4255,0.6429,-0.0883,0.0199,0.0199,Y,1,-1,+135,-180,2026-07-05T00:39:40+00:00,0,0.4521,PASS,NO EDGE,,,,,,,
2026-07-04,2026,825063,1,N,MIL,ARI,9:40 PM ET,Brandon Woodruff,Merrill Kelly,605540,518876,live,live,live,live,1.0,0.6794,0.3885,1.0679,0.5625,0.3739,0.9365,0.4064,0.5936,0.2892,0.7108,,,YRFI,STRONG,STRONG YRFI,4,2026-07-05T00:36:29Z,3.113,5.076,0.955,1.394,3.38,5.398,2.19,3.23,1.05,1.71,9.62,6.2,0.335,0.309,0.398,0.387,5.054,4.299,,,,1.0,0.4,1.0,0.5,0.8,0.3442,0.3564,0.4537,0.4474,0.1938,0.1863,lineup,lineup,"[{""id"": 606466, ""name"": ""Ketel Marte"", ""bats"": ""S"", ""obp"": 0.3232876712328767, ""slg"": 0.4880239520958084, ""iso"": 0.218562874251497, ""ab"": 334}, {""id"": 672695, ""name"": ""Geraldo Perdomo"", ""bats"": ""S"", ""obp"": 0.35327635327635326, ""slg"": 0.3527397260273973, ""iso"": 0.11301369863013702, ""ab"": 292}, {""id"": 682998, ""name"": ""Corbin Carroll"", ""bats"": ""L"", ""obp"": 0.3565459610027855, ""slg"": 0.5111821086261981, ""iso"": 0.24281150159744408, ""ab"": 313}]","[{""id"": 668930, ""name"": ""Brice Turang"", ""bats"": ""L"", ""obp"": 0.3611859838274933, ""slg"": 0.45141065830721006, ""iso"": 0.18808777429467088, ""ab"": 319}, {""id"": 592885, ""name"": ""Christian Yelich"", ""bats"": ""L"", ""obp"": 0.3333333333333333, ""slg"": 0.3786407766990291, ""iso"": 0.13106796116504854, ""ab"": 206}, {""id"": 641343, ""name"": ""Jake Bauers"", ""bats"": ""L"", ""obp"": 0.36807817589576547, ""slg"": 0.4962121212121212, ""iso"": 0.2272727272727273, ""ab"": 264}]","[{""name"": ""fi_park_nrfi_rate"", ""value"": 0.4239, ""contribution"": 0.2555}, {""name"": ""era_gap_t1"", ""value"": 1.9628, ""contribution"": 0.2131}, {""name"": ""home_fip"", ""value"": 5.3982, ""contribution"": 0.1594}, {""name"": ""home_p_last10_pitcher_nrfi"", ""value"": 0.5, ""contribution"": -0.0846}, {""name"": ""away_top3_ops_vs_oppHand"", ""value"": 0.8487, ""contribution"": 0.083}]","[{""name"": ""fi_park_nrfi_rate"", ""value"": 0.4239, ""contribution"": 0.3927}, {""name"": ""era_gap_b1"", ""value"": -1.9628, ""contribution"": -0.1339}, {""name"": ""home_top3c_slg"", ""value"": 0.4537, ""contribution"": -0.0825}, {""name"": ""wx_is_dome"", ""value"": 1.0, ""contribution"": -0.0758}, {""name"": ""home_top3c_iso"", ""value"": 0.1938, ""contribution"": 0.0699}]",427197,0.5268,4.616,1.925,52.0,62.0,0.7508,0.7075,5.67,5.0,0.8487,0.7547,R,R,YRFI,WIN,0,3,3,2026-07-05T02:03:12+00:00,+105,-140,DraftKings,2026-07-05T00:45:01+00:00,0.4878,0.5833,-0.0814,0.0103,0.0103,Y,1,0.714,+105,-140,2026-07-05T00:39:40+00:00,0,0.4877,PASS,NO EDGE,,,,,,,
2026-07-04,2026,822716,1,N,PIT,WSH,11:05 AM ET,Braxton Ashcraft,Carson Palmquist,677952,687223,live,ltd,live,live,0.97,0.6278,0.4326,1.0604,0.4706,0.3794,0.85,0.4064,0.5936,0.2864,0.7136,,,YRFI,STRONG,STRONG YRFI,4,2026-07-04T13:29:34Z,3.329,5.197,1.129,1.451,3.143,4.868,2.31,3.81,0.9,1.47,9.82,8.33,0.335,0.321,0.42,0.428,5.043,5.255,26.5,21.4,56.0,0.0,0.6,0.4,0.5,0.7,0.3496,0.3515,0.5219,0.4651,0.2604,0.2,lineup,lineup,"[{""id"": 695578, ""name"": ""James Wood"", ""bats"": ""L"", ""obp"": 0.3894230769230769, ""slg"": 0.5290697674418605, ""iso"": 0.26162790697674426, ""ab"": 344}, {""id"": 665953, ""name"": ""Andr\u00e9s Chaparro"", ""bats"": ""R"", ""obp"": 0.3275862068965517, ""slg"": 0.2978723404255319, ""iso"": 0.1276595744680851, ""ab"": 47}, {""id"": 678554, ""name"": ""Curtis Mead"", ""bats"": ""R"", ""obp"": 0.3244274809160305, ""slg"": 0.4672489082969432, ""iso"": 0.24017467248908295, ""ab"": 229}]","[{""id"": 804606, ""name"": ""Konnor Griffin"", ""bats"": ""R"", ""obp"": 0.3291139240506329, ""slg"": 0.4074074074074074, ""iso"": 0.13425925925925924, ""ab"": 216}, {""id"": 664040, ""name"": ""Brandon Lowe"", ""bats"": ""L"", ""obp"": 0.319672131147541, ""slg"": 0.4984423676012461, ""iso"": 0.25545171339563866, ""ab"": 321}, {""id"": 668804, ""name"": ""Bryan Reynolds"", ""bats"": ""S"", ""obp"": 0.3953488372093023, ""slg"": 0.47058823529411764, ""iso"": 0.1888544891640867, ""ab"": 323}]","[{""name"": ""era_gap_t1"", ""value"": 1.868, ""contribution"": 0.2029}, {""name"": ""away_top3c_iso"", ""value"": 0.2, ""contribution"": 0.1515}, {""name"": ""away_top3c_slg"", ""value"": 0.4651, ""contribution"": -0.1258}, {""name"": ""home_fip"", ""value"": 4.8683, ""contribution"": 0.0999}, {""name"": ""home_p_last10_pitcher_nrfi"", ""value"": 0.5, ""contribution"": -0.0846}]","[{""name"": ""home_top3c_slg"", ""value"": 0.5219, ""contribution"": -0.5063}, {""name"": ""home_top3c_iso"", ""value"": 0.2604, ""contribution"": 0.384}, {""name"": ""home_top3_ops_vs_oppHand"", ""value"": 0.8737, ""contribution"": 0.1319}, {""name"": ""era_gap_b1"", ""value"": -1.868, ""contribution"": -0.1275}, {""name"": ""fi_park_nrfi_rate"", ""value"": 0.4761, ""contribution"": 0.1154}]",427129,0.4611,4.2,2.96,50.0,76.0,0.7136,0.7272,4.13,5.6,0.769,0.8737,R,L,YRFI,WIN,1,1,2,2026-07-04T15:27:06+00:00,+110,-145,DraftKings,2026-07-04T14:05:17+00:00,0.4762,0.5918,-0.0698,0.0018,0.0018,Y,1,0.69,+110,-145,2026-07-04T13:59:26+00:00,0,0.4521,PASS,NO EDGE,,,,,,,
2026-07-04,2026,823526,1,N,MIN,NYY,1:35 PM ET,Zebby Matthews,Brendan Beck,805673,694341,live,sm,live,live,1.02,0.5688,0.569,1.1378,0.4593,0.649,1.1084,0.3219,0.6781,0.3148,0.6852,,,YRFI,STRONG,STRONG YRFI,4,2026-07-04T16:03:16Z,4.54,4.298,1.253,1.289,4.449,4.507,2.29,3.35,1.58,1.33,8.3,8.35,0.319,0.318,0.411,0.419,4.793,4.799,36.7,12.7,33.0,0.0,0.5,0.4,0.5,0.4,0.3526,0.3348,0.478,0.5037,0.2235,0.2382,lineup,lineup,"[{""id"": 502671, ""name"": ""Paul Goldschmidt"", ""bats"": ""R"", ""obp"": 0.3333333333333333, ""slg"": 0.5185185185185185, ""iso"": 0.24537037037037035, ""ab"": 216}, {""id"": 700250, ""name"": ""Ben Rice"", ""bats"": ""L"", ""obp"": 0.36182336182336183, ""slg"": 0.569078947368421, ""iso"": 0.29934210526315785, ""ab"": 304}, {""id"": 641355, ""name"": ""Cody Bellinger"", ""bats"": ""L"", ""obp"": 0.3506849315068493, ""slg"": 0.4290322580645161, ""iso"": 0.1774193548387097, ""ab"": 310}]","[{""id"": 668885, ""name"": ""Austin Martin"", ""bats"": ""R"", ""obp"": 0.3463035019455253, ""slg"": 0.3181818181818182, ""iso"": 0.07727272727272727, ""ab"": 220}, {""id"": 621439, ""name"": ""Byron Buxton"", ""bats"": ""R"", ""obp"": 0.3252279635258359, ""slg"": 0.5728476821192053, ""iso"": 0.30463576158940403, ""ab"": 302}, {""id"": 665019, ""name"": ""Kody Clemens"", ""bats"": ""L"", ""obp"": 0.30612244897959184, ""slg"": 0.4888888888888889, ""iso"": 0.24444444444444444, ""ab"": 270}]","[{""name"": ""away_top3c_iso"", ""value"": 0.2382, ""contribution"": 0.4202}, {""name"": ""away_top3c_slg"", ""value"": 0.5037, ""contribution"": -0.3215}, {""name"": ""fi_park_nrfi_rate"", ""value"": 0.4526, ""contribution"": 0.1563}, {""name"": ""away_top3_ops_vs_oppHand"", ""value"": 0.8787, ""contribution"": 0.1136}, {""name"": ""wx_temp_c"", ""value"": 36.7, ""contribution"": 0.0925}]","[{""name"": ""fi_park_nrfi_rate"", ""value"": 0.4526, ""contribution"": 0.2403}, {""name"": ""home_top3c_slg"", ""value"": 0.478, ""contribution"": -0.2336}, {""name"": ""home_top3c_iso"", ""value"": 0.2235, ""contribution"": 0.2102}, {""name"": ""wx_temp_c"", ""value"": 36.7, ""contribution"": 0.129}, {""name"": ""home_top3_ops_vs_oppHand"", ""value"": 0.852, ""contribution"": 0.106}]",428442,0.5176,4.2,4.2,50.0,50.0,0.7136,0.6487,5.0,6.6,0.8787,0.852,R,R,YRFI,WIN,3,0,3,2026-07-04T17:57:01+00:00,+125,-165,DraftKings,2026-07-04T16:39:14+00:00,0.4444,0.6226,-0.1225,0.0555,0.0555,Y,1,0.606,+125,-165,2026-07-04T16:33:29+00:00,0,0.4466,PASS,NO EDGE,,,,,,,
2026-07-04,2026,824499,1,N,BAL,CIN,7:10 PM ET,Brandon Young,Hunter Greene,687064,668881,live,ltd,live,live,1.09,0.4586,0.5867,1.0453,0.3282,0.5016,0.8299,0.421,0.579,0.2809,0.7191,,,PASS,LOW LAMBDA,PASS - Low lambda,4,2026-07-04T23:06:32Z,3.84,3.112,1.333,1.02,4.304,3.528,3.3,2.37,1.11,1.25,7.47,10.5,0.318,0.31,0.398,0.391,4.553,4.23,33.1,10.2,44.0,0.0,1.0,0.6,0.8,0.7,0.3419,0.3359,0.476,0.3987,0.2202,0.1575,lineup,lineup,"[{""id"": 682829, ""name"": ""Elly De La Cruz"", ""bats"": ""S"", ""obp"": 0.3432343234323432, ""slg"": 0.4833948339483395, ""iso"": 0.2103321033210332, ""ab"": 271}, {""id"": 701398, ""name"": ""Sal Stewart"", ""bats"": ""R"", ""obp"": 0.3386243386243386, ""slg"": 0.4652567975830816, ""iso"": 0.21148036253776437, ""ab"": 331}, {""id"": 668709, ""name"": ""JJ Bleday"", ""bats"": ""L"", ""obp"": 0.3453815261044177, ""slg"": 0.4834123222748815, ""iso"": 0.24644549763033174, ""ab"": 211}]","[{""id"": 683002, ""name"": ""Gunnar Henderson"", ""bats"": ""L"", ""obp"": 0.3002481389578164, ""slg"": 0.4132231404958678, ""iso"": 0.18732782369146006, ""ab"": 363}, {""id"": 668939, ""name"": ""Adley Rutschman"", ""bats"": ""S"", ""obp"": 0.3237704918032787, ""slg"": 0.4485981308411215, ""iso"": 0.19626168224299068, ""ab"": 214}, {""id"": 621493, ""name"": ""Taylor Ward"", ""bats"": ""R"", ""obp"": 0.3787128712871287, ""slg"": 0.3504531722054381, ""iso"": 0.09969788519637462, ""ab"": 331}]","[{""name"": ""away_top3c_slg"", ""value"": 0.3987, ""contribution"": 0.2107}, {""name"": ""away_top3c_iso"", ""value"": 0.1575, ""contribution"": -0.1479}, {""name"": ""era_gap_t1"", ""value"": -0.7278, ""contribution"": -0.0782}, {""name"": ""wx_temp_c"", ""value"": 33.1, ""contribution"": 0.0709}, {""name"": ""home_fip"", ""value"": 3.528, ""contribution"": -0.0506}]","[{""name"": ""home_top3c_slg"", ""value"": 0.476, ""contribution"": -0.2213}, {""name"": ""home_top3c_iso"", ""value"": 0.2202, ""contribution"": 0.1943}, {""name"": ""away_whiff_pct_rank"", ""value"": 14.0, ""contribution"": 0.1549}, {""name"": ""wx_temp_c"", ""value"": 33.1, ""contribution"": 0.0989}, {""name"": ""era_gap_b1"", ""value"": 0.7278, ""contribution"": 0.0491}]",623938,0.4993,4.2,4.059,50.0,14.0,0.6942,0.6796,6.13,5.87,0.733,0.801,R,R,YRFI,PASS,3,1,4,2026-07-04T23:31:00+00:00,-105,-125,DraftKings,2026-07-04T23:31:15+00:00,0.5122,0.5556,-0.0912,0.0234,0.0587,N,1,,-105,-125,2026-07-04T23:09:53+00:00,0,0.4587,PASS,NO EDGE,,,,,,,
2026-07-04,2026,824012,1,N,BOS,LAA,9:38 PM ET,Sonny Gray,Sam Aldegheri,543243,691951,live,sm,live,live,0.99,0.5214,0.4335,0.9548,0.4402,0.4622,0.9024,0.4064,0.5936,0.2476,0.7524,,,YRFI,STRONG,STRONG YRFI,4,2026-07-05T00:36:29Z,3.206,4.457,1.149,1.34,3.54,4.51,2.15,3.38,1.06,1.22,8.74,7.66,0.312,0.315,0.388,0.394,4.054,4.428,29.7,15.1,42.0,0.0,0.6,0.4,0.4286,0.5,0.3238,0.336,0.4185,0.4368,0.1747,0.159,lineup,lineup,"[{""id"": 687263, ""name"": ""Zach Neto"", ""bats"": ""R"", ""obp"": 0.32299741602067183, ""slg"": 0.44970414201183434, ""iso"": 0.22189349112426038, ""ab"": 338}, {""id"": 694203, ""name"": ""Denzer Guzman"", ""bats"": ""R"", ""obp"": 0.3058823529411765, ""slg"": 0.4050632911392405, ""iso"": 0.15189873417721517, ""ab"": 79}, {""id"": 694384, ""name"": ""Nolan Schanuel"", ""bats"": ""L"", ""obp"": 0.3299319727891156, ""slg"": 0.38257575757575757, ""iso"": 0.12121212121212122, ""ab"": 264}]","[{""id"": 678011, ""name"": ""Anthony Seigler"", ""bats"": ""S"", ""obp"": 0.3877551020408163, ""slg"": 0.5, ""iso"": 0.18181818181818182, ""ab"": 44}, {""id"": 678882, ""name"": ""Ceddanne Rafaela"", ""bats"": ""R"", ""obp"": 0.3323170731707317, ""slg"": 0.434640522875817, ""iso"": 0.15032679738562094, ""ab"": 306}, {""id"": 677800, ""name"": ""Wilyer Abreu"", ""bats"": ""L"", ""obp"": 0.33240997229916897, ""slg"": 0.43034055727554177, ""iso"": 0.1640866873065015, ""ab"": 323}]","[{""name"": ""fi_park_nrfi_rate"", ""value"": 0.4526, ""contribution"": 0.1563}, {""name"": ""away_top3_ops_vs_oppHand"", ""value"": 0.9193, ""contribution"": 0.155}, {""name"": ""away_top3c_iso"", ""value"": 0.159, ""contribution"": -0.1374}, {""name"": ""era_gap_t1"", ""value"": 1.2507, ""contribution"": 0.136}, {""name"": ""home_p_last10_pitcher_nrfi"", ""value"": 0.4286, ""contribution"": -0.1125}]","[{""name"": ""fi_park_nrfi_rate"", ""value"": 0.4526, ""contribution"": 0.2403}, {""name"": ""home_top3c_slg"", ""value"": 0.4185, ""contribution"": 0.136}, {""name"": ""era_gap_b1"", ""value"": -1.2507, ""contribution"": -0.0855}, {""name"": ""away_p_last10_pitcher_nrfi"", ""value"": 0.5, ""contribution"": 0.0713}, {""name"": ""wx_temp_c"", ""value"": 29.7, ""contribution"": 0.0705}]",676580,0.5084,4.2,3.87,50.0,65.0,0.7136,0.7075,4.33,6.73,0.9193,0.7363,R,L,YRFI,WIN,3,0,3,2026-07-05T01:58:08+00:00,-130,+100,DraftKings,2026-07-05T00:39:40+00:00,0.5652,0.5,-0.1588,0.0936,0.0936,Y,1,1,-130,+100,2026-07-05T00:36:49+00:00,0,0.4589,PASS,NO EDGE,,,,,,,
2026-07-04,2026,824092,1,N,PHI,KC,8:10 PM ET,Jesús Luzardo,Michael Wacha,666200,608379,live,live,live,live,0.96,0.3976,0.3921,0.7897,0.3227,0.2384,0.5611,0.5589,0.4411,0.1875,0.8125,,,NRFI,LEAN,LEAN NRFI,4,2026-07-04T23:06:32Z,3.892,3.458,1.277,1.162,3.029,3.703,2.98,2.46,0.82,0.82,10.71,6.88,0.305,0.313,0.404,0.392,4.481,4.18,24.3,13.7,75.0,0.0,0.8,1.0,0.8,0.9,0.3348,0.3416,0.4304,0.4842,0.1731,0.2304,lineup,lineup,"[{""id"": 695600, ""name"": ""Carter Jensen"", ""bats"": ""L"", ""obp"": 0.3141025641025641, ""slg"": 0.45161290322580644, ""iso"": 0.2007168458781362, ""ab"": 279}, {""id"": 677951, ""name"": ""Bobby Witt Jr."", ""bats"": ""R"", ""obp"": 0.36187845303867405, ""slg"": 0.470404984423676, ""iso"": 0.18068535825545173, ""ab"": 321}, {""id"": 657041, ""name"": ""Lane Thomas"", ""bats"": ""R"", ""obp"": 0.3203463203463203, ""slg"": 0.3350253807106599, ""iso"": 0.1218274111675127, ""ab"": 197}]","[{""id"": 607208, ""name"": ""Trea Turner"", ""bats"": ""R"", ""obp"": 0.2868421052631579, ""slg"": 0.36619718309859156, ""iso"": 0.12676056338028172, ""ab"": 355}, {""id"": 656941, ""name"": ""Kyle Schwarber"", ""bats"": ""L"", ""obp"": 0.36533333333333334, ""slg"": 0.569620253164557, ""iso"": 0.319620253164557, ""ab"": 316}, {""id"": 547180, ""name"": ""Bryce Harper"", ""bats"": ""L"", ""obp"": 0.37398373983739835, ""slg"": 0.532258064516129, ""iso"": 0.25806451612903225, ""ab"": 310}]","[{""name"": ""away_top3c_iso"", ""value"": 0.2304, ""contribution"": 0.3655}, {""name"": ""away_top3c_slg"", ""value"": 0.4842, ""contribution"": -0.2225}, {""name"": ""fi_park_nrfi_rate"", ""value"": 0.5614, ""contribution"": -0.2197}, {""name"": ""away_top3_ops_vs_oppHand"", ""value"": 0.8883, ""contribution"": 0.1234}, {""name"": ""home_avg_ip_per_start"", ""value"": 6.6667, ""contribution"": -0.0472}]","[{""name"": ""fi_park_nrfi_rate"", ""value"": 0.5614, ""contribution"": -0.3377}, {""name"": ""away_whiff_pct_rank"", ""value"": 90.0, ""contribution"": -0.1731}, {""name"": ""away_fip"", ""value"": 3.0289, ""contribution"": -0.1025}, {""name"": ""home_top3c_slg"", ""value"": 0.4304, ""contribution"": 0.0623}, {""name"": ""away_p_last10_pitcher_nrfi"", ""value"": 0.9, ""contribution"": -0.0601}]",623945,0.5123,4.274,3.2,40.0,90.0,0.6942,0.7272,6.67,6.07,0.8883,0.8103,L,R,NRFI,WIN,0,0,0,2026-07-05T00:28:28+00:00,-105,-120,DraftKings,2026-07-05T00:36:49+00:00,0.5122,0.5455,0.0467,-0.1044,0.0467,N,0.5,0,-105,-120,2026-07-04T23:09:53+00:00,0,0.5651,NRFI,STRONG,,,,,,,
2026-07-04,2026,823932,1,N,SD,LAD,10:10 PM ET,Wandy Peralta,Yoshinobu Yamamoto,593974,808967,live,live,live,live,0.97,0.3446,0.557,0.9016,0.254,0.5677,0.8217,0.4293,0.5707,0.2281,0.7719,,,PASS,LOW LAMBDA,PASS - Low lambda,4,2026-07-05T02:07:18Z,2.934,2.618,1.314,0.919,3.911,3.303,3.52,2.14,0.72,0.93,7.07,8.95,0.303,0.344,0.38,0.439,4.025,5.245,28.4,17.7,39.0,0.0,0.8,1.0,0.7,1.0,0.3634,0.3071,0.4909,0.3684,0.2039,0.1421,lineup,lineup,"[{""id"": 669242, ""name"": ""Tommy Edman"", ""bats"": ""S"", ""obp"": 0.46153846153846156, ""slg"": 0.5555555555555556, ""iso"": 0.1777777777777778, ""ab"": 45}, {""id"": 681624, ""name"": ""Andy Pages"", ""bats"": ""R"", ""obp"": 0.33070866141732286, ""slg"": 0.4766081871345029, ""iso"": 0.20760233918128657, ""ab"": 342}, {""id"": 518692, ""name"": ""Freddie Freeman"", ""bats"": ""L"", ""obp"": 0.3829787234042553, ""slg"": 0.49691358024691357, ""iso"": 0.20370370370370366, ""ab"": 324}]","[{""id"": 665487, ""name"": ""Fernando Tatis Jr."", ""bats"": ""R"", ""obp"": 0.3404255319148936, ""slg"": 0.375, ""iso"": 0.0982142857142857, ""ab"": 336}, {""id"": 630105, ""name"": ""Jake Cronenworth"", ""bats"": ""L"", ""obp"": 0.2900763358778626, ""slg"": 0.24778761061946902, ""iso"": 0.07079646017699115, ""ab"": 113}, {""id"": 592518, ""name"": ""Manny Machado"", ""bats"": ""R"", ""obp"": 0.27808988764044945, ""slg"": 0.40514469453376206, ""iso"": 0.21543408360128619, ""ab"": 311}]","[{""name"": ""away_top3c_slg"", ""value"": 0.3684, ""contribution"": 0.3639}, {""name"": ""away_top3c_iso"", ""value"": 0.1421, ""contribution"": -0.2563}, {""name"": ""home_xera"", ""value"": 2.5295, ""contribution"": -0.1625}, {""name"": ""away_top3_ops_vs_oppHand"", ""value"": 0.6353, ""contribution"": -0.1344}, {""name"": ""home_fip"", ""value"": 3.3034, ""contribution"": -0.0758}]","[{""name"": ""home_top3c_slg"", ""value"": 0.4909, ""contribution"": -0.3135}, {""name"": ""home_top3_ops_vs_oppHand"", ""value"": 0.9513, ""contribution"": 0.2249}, {""name"": ""home_obp"", ""value"": 0.3442, ""contribution"": 0.2131}, {""name"": ""home_top3c_iso"", ""value"": 0.2039, ""contribution"": 0.1177}, {""name"": ""away_p_last10_pitcher_nrfi"", ""value"": 1.0, ""contribution"": -0.0929}]",503502,0.4948,2.53,4.47,86.0,47.0,0.6942,0.7272,6.73,1.08,0.6353,0.9513,L,R,NRFI,PASS,0,0,0,2026-07-05T02:26:03+00:00,+105,-135,DraftKings,2026-07-05T02:48:27+00:00,0.4878,0.5745,-0.0585,-0.0038,,N,,,+105,-135,2026-07-05T02:06:21+00:00,,0.4679,PASS,NO EDGE,,,,,,,
2026-07-04,2026,822882,1,N,DET,TEX,4:05 PM ET,Jack Flaherty,Cal Quantrill,656427,615698,live,live,live,live,1.07,0.5658,0.5845,1.1503,0.3614,0.2838,0.6452,0.5479,0.4521,0.3193,0.6807,,,NRFI,LEAN,LEAN NRFI,4,2026-07-04T18:02:53Z,4.85,4.744,1.439,1.344,3.828,4.689,4.22,2.75,1.12,1.37,10.92,6.5,0.314,0.32,0.399,0.397,4.248,4.189,,,,1.0,0.6,1.0,0.7,0.8,0.3486,0.3506,0.4319,0.4802,0.1639,0.2136,lineup,lineup,"[{""id"": 592626, ""name"": ""Joc Pederson"", ""bats"": ""L"", ""obp"": 0.33707865168539325, ""slg"": 0.47161572052401746, ""iso"": 0.23144104803493448, ""ab"": 229}, {""id"": 669701, ""name"": ""Josh Smith"", ""bats"": ""L"", ""obp"": 0.3305785123966942, ""slg"": 0.29523809523809524, ""iso"": 0.05714285714285716, ""ab"": 105}, {""id"": 673962, ""name"": ""Josh Jung"", ""bats"": ""R"", ""obp"": 0.36338028169014086, ""slg"": 0.4482758620689655, ""iso"": 0.15047021943573669, ""ab"": 319}]","[{""id"": 805808, ""name"": ""Kevin McGonigle"", ""bats"": ""L"", ""obp"": 0.3941798941798942, ""slg"": 0.425, ""iso"": 0.140625, ""ab"": 320}, {""id"": 693307, ""name"": ""Dillon Dingler"", ""bats"": ""R"", ""obp"": 0.3293768545994065, ""slg"": 0.5311475409836065, ""iso"": 0.2622950819672131, ""ab"": 305}, {""id"": 681481, ""name"": ""Kerry Carpenter"", ""bats"": ""L"", ""obp"": 0.3062200956937799, ""slg"": 0.4918918918918919, ""iso"": 0.2594594594594595, ""ab"": 185}]","[{""name"": ""away_top3c_iso"", ""value"": 0.2136, ""contribution"": 0.2471}, {""name"": ""away_top3c_slg"", ""value"": 0.4802, ""contribution"": -0.2025}, {""name"": ""fi_park_nrfi_rate"", ""value"": 0.5398, ""contribution"": -0.1451}, {""name"": ""away_top3_ops_vs_oppHand"", ""value"": 0.868, ""contribution"": 0.1027}, {""name"": ""home_fip"", ""value"": 4.6886, ""contribution"": 0.0797}]","[{""name"": ""fi_park_nrfi_rate"", ""value"": 0.5398, ""contribution"": -0.2231}, {""name"": ""wx_is_dome"", ""value"": 1.0, ""contribution"": -0.0758}, {""name"": ""home_top3c_iso"", ""value"": 0.1639, ""contribution"": -0.0715}, {""name"": ""home_top3c_slg"", ""value"": 0.4319, ""contribution"": 0.0531}, {""name"": ""home_plate_ump_nrfi_rate"", ""value"": 0.548, ""contribution"": 0.0474}]",639723,0.548,4.2,3.908,50.0,57.0,0.7709,0.7075,3.53,4.73,0.868,0.7537,R,R,YRFI,LOSS,2,0,2,2026-07-04T20:24:25+00:00,-115,-115,DraftKings,2026-07-04T20:11:00+00:00,0.5349,0.5349,0.013,-0.0828,0.013,N,0.5,0,-115,-115,2026-07-04T19:00:09+00:00,0,0.6228,NRFI,STRONG,,,,,,,
2026-07-04,2026,824171,1,N,TB,HOU,7:10 PM ET,Drew Rasmussen,Hunter Brown,656876,686613,live,live,live,live,0.99,0.4378,0.3661,0.804,0.2893,0.3678,0.6571,0.5405,0.4595,0.1926,0.8074,,,NRFI,LEAN,LEAN NRFI,4,2026-07-04T22:06:50Z,2.544,2.179,0.915,1.088,3.24,3.179,1.76,3.5,0.94,0.78,8.72,10.58,0.335,0.315,0.399,0.407,4.555,4.462,,,,1.0,1.0,1.0,0.9,0.8,0.3665,0.3577,0.4787,0.4654,0.2094,0.1986,lineup,lineup,"[{""id"": 514888, ""name"": ""Jose Altuve"", ""bats"": ""R"", ""obp"": 0.302491103202847, ""slg"": 0.3715415019762846, ""iso"": 0.1422924901185771, ""ab"": 253}, {""id"": 670541, ""name"": ""Yordan Alvarez"", ""bats"": ""L"", ""obp"": 0.4308093994778068, ""slg"": 0.6246056782334385, ""iso"": 0.305993690851735, ""ab"": 317}, {""id"": 670623, ""name"": ""Isaac Paredes"", ""bats"": ""R"", ""obp"": 0.34770114942528735, ""slg"": 0.41471571906354515, ""iso"": 0.16387959866220736, ""ab"": 299}]","[{""id"": 666018, ""name"": ""Jonathan Aranda"", ""bats"": ""L"", ""obp"": 0.3923705722070845, ""slg"": 0.45901639344262296, ""iso"": 0.17049180327868851, ""ab"": 305}, {""id"": 691406, ""name"": ""Junior Caminero"", ""bats"": ""R"", ""obp"": 0.3763440860215054, ""slg"": 0.5572755417956656, ""iso"": 0.2693498452012384, ""ab"": 323}, {""id"": 656775, ""name"": ""Cedric Mullins"", ""bats"": ""L"", ""obp"": 0.28975265017667845, ""slg"": 0.3557312252964427, ""iso"": 0.1422924901185771, ""ab"": 253}]","[{""name"": ""home_xera"", ""value"": 1.82, ""contribution"": -0.2352}, {""name"": ""away_top3c_iso"", ""value"": 0.1986, ""contribution"": 0.1419}, {""name"": ""away_top3c_slg"", ""value"": 0.4654, ""contribution"": -0.1272}, {""name"": ""home_fip"", ""value"": 3.179, ""contribution"": -0.0898}, {""name"": ""home_p_last10_pitcher_nrfi"", ""value"": 0.9, ""contribution"": 0.0716}]","[{""name"": ""home_top3c_slg"", ""value"": 0.4787, ""contribution"": -0.238}, {""name"": ""home_top3c_iso"", ""value"": 0.2094, ""contribution"": 0.1436}, {""name"": ""home_top3_ops_vs_oppHand"", ""value"": 0.8477, ""contribution"": 0.1008}, {""name"": ""home_top3c_obp"", ""value"": 0.3665, ""contribution"": 0.092}, {""name"": ""fi_park_nrfi_rate"", ""value"": 0.482, ""contribution"": 0.084}]",605673,0.4897,1.82,3.299,55.0,44.0,0.7136,0.7136,5.07,6.6,0.836,0.8477,R,R,YRFI,LOSS,1,2,3,2026-07-04T23:29:19+00:00,-130,+100,DraftKings,2026-07-04T23:31:15+00:00,0.5652,0.5,-0.0247,-0.0405,-0.0247,N,0.5,0,-130,+100,2026-07-04T22:04:14+00:00,0,0.6485,NRFI,STRONG,,,,,,,
2026-07-04,2026,824658,1,N,STL,CHC,8:08 PM ET,Kyle Leahy,Shota Imanaga,681517,684007,live,live,live,live,1.0,0.5143,0.5541,1.0684,0.3304,0.4007,0.7311,0.4772,0.5228,0.2894,0.7106,,,PASS,NO EDGE,PASS - No edge,4,2026-07-05T00:07:10Z,3.85,4.135,1.4,1.054,3.91,4.776,3.26,1.97,0.9,1.86,7.73,8.11,0.324,0.336,0.399,0.412,4.635,5.015,20.5,9.0,97.0,0.0,1.0,0.4,0.9,0.7,0.3605,0.3676,0.4221,0.4418,0.167,0.1721,lineup,lineup,"[{""id"": 691718, ""name"": ""Pete Crow-Armstrong"", ""bats"": ""L"", ""obp"": 0.3736842105263158, ""slg"": 0.525679758308157, ""iso"": 0.2386706948640483, ""ab"": 331}, {""id"": 608324, ""name"": ""Alex Bregman"", ""bats"": ""R"", ""obp"": 0.34177215189873417, ""slg"": 0.34615384615384615, ""iso"": 0.10355029585798817, ""ab"": 338}, {""id"": 683737, ""name"": ""Michael Busch"", ""bats"": ""L"", ""obp"": 0.36666666666666664, ""slg"": 0.3949843260188088, ""iso"": 0.15987460815047022, ""ab"": 319}]","[{""id"": 802139, ""name"": ""JJ Wetherholt"", ""bats"": ""L"", ""obp"": 0.3567567567567568, ""slg"": 0.3981191222570533, ""iso"": 0.13793103448275862, ""ab"": 319}, {""id"": 671056, ""name"": ""Iv\u00e1n Herrera"", ""bats"": ""R"", ""obp"": 0.3958333333333333, ""slg"": 0.4064516129032258, ""iso"": 0.14838709677419354, ""ab"": 310}, {""id"": 691023, ""name"": ""Jordan Walker"", ""bats"": ""R"", ""obp"": 0.34831460674157305, ""slg"": 0.5185185185185185, ""iso"": 0.22839506172839502, ""ab"": 324}]","[{""name"": ""fi_park_nrfi_rate"", ""value"": 0.5429, ""contribution"": -0.1558}, {""name"": ""home_fip"", ""value"": 4.7761, ""contribution"": 0.0895}, {""name"": ""away_top3_ops_vs_oppHand"", ""value"": 0.8447, ""contribution"": 0.0789}, {""name"": ""home_p_last10_pitcher_nrfi"", ""value"": 0.9, ""contribution"": 0.0716}, {""name"": ""away_top3c_iso"", ""value"": 0.1721, ""contribution"": -0.0451}]","[{""name"": ""fi_park_nrfi_rate"", ""value"": 0.5429, ""contribution"": -0.2395}, {""name"": ""home_obp"", ""value"": 0.3357, ""contribution"": 0.153}, {""name"": ""home_top3c_slg"", ""value"": 0.4221, ""contribution"": 0.1139}, {""name"": ""away_whiff_pct_rank"", ""value"": 32.0, ""contribution"": 0.0772}, {""name"": ""home_top3c_obp"", ""value"": 0.3605, ""contribution"": 0.071}]",483919,0.4901,3.775,4.459,47.0,32.0,0.6942,0.7272,5.67,5.27,0.8447,0.7947,R,L,YRFI,PASS,1,0,1,2026-07-05T01:26:33+00:00,-125,-105,DraftKings,2026-07-05T00:55:37+00:00,0.5556,0.5122,-0.0784,0.0106,,N,,,-125,-105,2026-07-05T00:06:43+00:00,,0.4877,PASS,NO EDGE,,,,,,,
2026-07-04,2026,824903,1,N,NYM,ATL,8:08 PM ET,Sean Manaea,Chris Sale,640455,519242,live,live,live,live,0.98,0.3101,0.4956,0.8056,0.1915,0.464,0.6555,0.5418,0.4582,0.1932,0.8068,,,NRFI,LEAN,LEAN NRFI,4,2026-07-04T23:06:32Z,4.787,2.248,1.319,1.077,3.745,2.437,2.84,2.23,1.14,0.66,9.47,11.2,0.301,0.311,0.38,0.406,4.044,4.708,27.6,10.0,67.0,0.0,1.0,0.6,0.9,0.6,0.3265,0.3379,0.4352,0.4437,0.1705,0.1822,lineup,lineup,"[{""id"": 643289, ""name"": ""Mauricio Dub\u00f3n"", ""bats"": ""R"", ""obp"": 0.3252279635258359, ""slg"": 0.4158415841584158, ""iso"": 0.14851485148514848, ""ab"": 303}, {""id"": 686948, ""name"": ""Drake Baldwin"", ""bats"": ""L"", ""obp"": 0.3333333333333333, ""slg"": 0.44534412955465585, ""iso"": 0.19433198380566802, ""ab"": 247}, {""id"": 645277, ""name"": ""Ozzie Albies"", ""bats"": ""S"", ""obp"": 0.3224932249322493, ""slg"": 0.44545454545454544, ""iso"": 0.17272727272727273, ""ab"": 330}]","[{""id"": 596019, ""name"": ""Francisco Lindor"", ""bats"": ""S"", ""obp"": 0.2962962962962963, ""slg"": 0.38016528925619836, ""iso"": 0.1652892561983471, ""ab"": 121}, {""id"": 665742, ""name"": ""Juan Soto"", ""bats"": ""L"", ""obp"": 0.4061433447098976, ""slg"": 0.5650406504065041, ""iso"": 0.2682926829268293, ""ab"": 246}, {""id"": 666182, ""name"": ""Bo Bichette"", ""bats"": ""R"", ""obp"": 0.3002610966057441, ""slg"": 0.3806818181818182, ""iso"": 0.12784090909090906, ""ab"": 352}]","[{""name"": ""era_gap_t1"", ""value"": -2.539, ""contribution"": -0.2743}, {""name"": ""home_fip"", ""value"": 2.4371, ""contribution"": -0.1731}, {""name"": ""home_xera"", ""value"": 2.5201, ""contribution"": -0.1635}, {""name"": ""home_p_last10_pitcher_nrfi"", ""value"": 0.9, ""contribution"": 0.0716}, {""name"": ""fi_park_nrfi_rate"", ""value"": 0.5093, ""contribution"": -0.0398}]","[{""name"": ""era_gap_b1"", ""value"": 2.539, ""contribution"": 0.1724}, {""name"": ""away_whiff_pct_rank"", ""value"": 24.0, ""contribution"": 0.1117}, {""name"": ""fi_park_nrfi_rate"", ""value"": 0.5093, ""contribution"": -0.0612}, {""name"": ""home_plate_ump_nrfi_rate"", ""value"": 0.5564, ""contribution"": 0.0561}, {""name"": ""wx_temp_c"", ""value"": 27.6, ""contribution"": 0.053}]",427315,0.5564,2.52,4.68,85.0,24.0,0.7396,0.6796,5.6,4.33,0.7343,0.7747,L,L,NRFI,WIN,0,0,0,2026-07-05T00:22:02+00:00,-135,+100,DraftKings,2026-07-04T23:56:00+00:00,0.5745,0.5,-0.0327,-0.0418,-0.0327,N,0.5,0,-135,+100,2026-07-04T23:03:11+00:00,0,0.4572,PASS,NO EDGE,,,,,,,
2026-07-04,2026,824415,1,N,CWS,CLE,7:10 PM ET,Sean Burke,Parker Messick,680732,800048,live,live,live,live,0.96,0.385,0.4981,0.8831,0.3135,0.399,0.7124,0.478,0.522,0.2213,0.7787,,,PASS,NO EDGE,PASS - No edge,4,2026-07-04T23:06:32Z,3.85,3.09,1.287,1.121,4.124,3.339,3.53,2.54,1.22,0.89,9.17,9.25,0.32,0.313,0.414,0.372,4.76,4.062,27.3,9.9,68.0,0.0,1.0,0.4,1.0,0.6,0.3337,0.3423,0.4058,0.4581,0.1551,0.1984,lineup,lineup,"[{""id"": 683953, ""name"": ""Travis Bazzana"", ""bats"": ""L"", ""obp"": 0.3469387755102041, ""slg"": 0.419811320754717, ""iso"": 0.16509433962264153, ""ab"": 212}, {""id"": 800050, ""name"": ""Chase DeLauter"", ""bats"": ""L"", ""obp"": 0.3367003367003367, ""slg"": 0.41198501872659177, ""iso"": 0.14232209737827717, ""ab"": 267}, {""id"": 656555, ""name"": ""Rhys Hoskins"", ""bats"": ""R"", ""obp"": 0.321285140562249, ""slg"": 0.3482587064676617, ""iso"": 0.16915422885572143, ""ab"": 201}]","[{""id"": 678246, ""name"": ""Miguel Vargas"", ""bats"": ""R"", ""obp"": 0.35924932975871315, ""slg"": 0.49523809523809526, ""iso"": 0.24761904761904763, ""ab"": 315}, {""id"": 691019, ""name"": ""Kyle Teel"", ""bats"": ""L"", ""obp"": 0.3076923076923077, ""slg"": 0.3235294117647059, ""iso"": 0.11764705882352944, ""ab"": 34}, {""id"": 805367, ""name"": ""Chase Meidroth"", ""bats"": ""R"", ""obp"": 0.3418079096045198, ""slg"": 0.38485804416403785, ""iso"": 0.1135646687697161, ""ab"": 317}]","[{""name"": ""away_top3_ops_vs_oppHand"", ""value"": 0.987, ""contribution"": 0.224}, {""name"": ""home_xera"", ""value"": 2.6176, ""contribution"": -0.1535}, {""name"": ""away_top3c_iso"", ""value"": 0.1984, ""contribution"": 0.1402}, {""name"": ""home_p_last10_pitcher_nrfi"", ""value"": 1.0, ""contribution"": 0.1107}, {""name"": ""fi_park_nrfi_rate"", ""value"": 0.528, ""contribution"": -0.1042}]","[{""name"": ""home_top3c_slg"", ""value"": 0.4058, ""contribution"": 0.2148}, {""name"": ""fi_park_nrfi_rate"", ""value"": 0.528, ""contribution"": -0.1602}, {""name"": ""home_top3c_iso"", ""value"": 0.1551, ""contribution"": -0.1128}, {""name"": ""away_whiff_pct_rank"", ""value"": 35.0, ""contribution"": 0.0643}, {""name"": ""era_gap_b1"", ""value"": 0.7603, ""contribution"": 0.0513}]",544728,0.4859,2.618,4.644,66.0,35.0,0.6796,0.6205,6.33,5.6,0.987,0.7753,R,L,YRFI,PASS,1,0,1,2026-07-04T23:27:06+00:00,-135,+105,DraftKings,2026-07-04T23:31:15+00:00,0.5745,0.4878,-0.0965,0.0342,,N,,,-135,+105,2026-07-04T23:09:53+00:00,,0.5662,NRFI,STRONG,,,,,,,
2026-07-04,2026,823118,1,N,TOR,SEA,4:10 PM ET,Shane Bieber,Logan Gilbert,669456,669302,ltd,live,live,live,0.95,0.3864,0.5574,0.9438,0.2132,0.4274,0.6406,0.5479,0.4521,0.2436,0.7564,,,NRFI,LEAN,LEAN NRFI,4,2026-07-04T19:06:53Z,4.342,3.426,1.33,1.016,5.148,3.488,2.76,2.02,1.88,1.29,8.12,10.27,0.31,0.313,0.391,0.383,4.112,4.082,,,,1.0,0.6,0.6,0.7,0.6667,0.3494,0.3367,0.4375,0.4064,0.1822,0.1439,lineup,lineup,"[{""id"": 642215, ""name"": ""Weston Wilson"", ""bats"": ""R"", ""obp"": 0.3050847457627119, ""slg"": 0.28846153846153844, ""iso"": 0.0769230769230769, ""ab"": 52}, {""id"": 668227, ""name"": ""Randy Arozarena"", ""bats"": ""R"", ""obp"": 0.37026239067055394, ""slg"": 0.4358108108108108, ""iso"": 0.15540540540540537, ""ab"": 296}, {""id"": 686527, ""name"": ""Dominic Canzone"", ""bats"": ""L"", ""obp"": 0.3436123348017621, ""slg"": 0.5373134328358209, ""iso"": 0.26865671641791045, ""ab"": 201}]","[{""id"": 664770, ""name"": ""Nathan Lukes"", ""bats"": ""L"", ""obp"": 0.34054054054054056, ""slg"": 0.4093567251461988, ""iso"": 0.11695906432748537, ""ab"": 171}, {""id"": 664702, ""name"": ""Myles Straw"", ""bats"": ""R"", ""obp"": 0.3, ""slg"": 0.35074626865671643, ""iso"": 0.1119402985074627, ""ab"": 134}, {""id"": 672960, ""name"": ""Kazuma Okamoto"", ""bats"": ""R"", ""obp"": 0.3218390804597701, ""slg"": 0.461038961038961, ""iso"": 0.22077922077922077, ""ab"": 308}]","[{""name"": ""away_top3c_iso"", ""value"": 0.1439, ""contribution"": -0.2433}, {""name"": ""away_top3c_slg"", ""value"": 0.4064, ""contribution"": 0.1717}, {""name"": ""era_gap_t1"", ""value"": -0.9167, ""contribution"": -0.0986}, {""name"": ""home_xera"", ""value"": 3.1658, ""contribution"": -0.0973}, {""name"": ""home_fip"", ""value"": 3.4881, ""contribution"": -0.0551}]","[{""name"": ""away_fip"", ""value"": 5.1477, ""contribution"": 0.1239}, {""name"": ""fi_park_nrfi_rate"", ""value"": 0.5131, ""contribution"": -0.0814}, {""name"": ""wx_is_dome"", ""value"": 1.0, ""contribution"": -0.0758}, {""name"": ""era_gap_b1"", ""value"": 0.9167, ""contribution"": 0.062}, {""name"": ""home_plate_ump_nrfi_rate"", ""value"": 0.5521, ""contribution"": 0.0516}]",511890,0.5521,3.166,4.2,97.0,50.0,0.7197,0.7396,6.33,5.27,0.769,0.806,R,R,NRFI,WIN,0,0,0,2026-07-04T20:25:01+00:00,-125,-105,DraftKings,2026-07-04T20:11:00+00:00,0.5556,0.5122,-0.0077,-0.0601,-0.0077,N,0.5,0,-125,-105,2026-07-04T19:05:30+00:00,0,0.6195,NRFI,STRONG,,,,,,,
2026-07-05,2026,824333,1,N,SF,COL,4:00 PM ET,Tyler Mahle,Tanner Gordon,641816,685299,live,live,live,live,1.22,0.6308,0.7651,1.3959,0.4478,0.5988,1.0467,0.3368,0.6632,0.4067,0.5933,,,YRFI,STRONG,STRONG YRFI,4,2026-07-05T18:02:35Z,4.567,6.107,1.356,1.5,4.475,4.429,3.59,2.08,1.29,1.61,8.22,8.34,0.308,0.326,0.418,0.422,4.131,4.795,34.5,18.8,11.0,0.0,0.4,0.6,0.5,0.6,0.3297,0.3298,0.5557,0.4725,0.2785,0.1746,lineup,lineup,"[{""id"": 664983, ""name"": ""Jake McCarthy"", ""bats"": ""L"", ""obp"": 0.34444444444444444, ""slg"": 0.5179282868525896, ""iso"": 0.21115537848605576, ""ab"": 251}, {""id"": 694249, ""name"": ""Cole Carrigg"", ""bats"": ""S"", ""obp"": 0.37777777777777777, ""slg"": 0.5733333333333334, ""iso"": 0.28, ""ab"": 75}, {""id"": 696100, ""name"": ""Hunter Goodman"", ""bats"": ""R"", ""obp"": 0.3160919540229885, ""slg"": 0.5523809523809524, ""iso"": 0.3015873015873016, ""ab"": 315}]","[{""id"": 650333, ""name"": ""Luis Arraez"", ""bats"": ""L"", ""obp"": 0.3638888888888889, ""slg"": 0.4666666666666667, ""iso"": 0.13636363636363635, ""ab"": 330}, {""id"": 669477, ""name"": ""Casey Schmitt"", ""bats"": ""R"", ""obp"": 0.3074626865671642, ""slg"": 0.49056603773584906, ""iso"": 0.20754716981132076, ""ab"": 318}, {""id"": 671218, ""name"": ""Heliot Ramos"", ""bats"": ""R"", ""obp"": 0.305, ""slg"": 0.4521276595744681, ""iso"": 0.18617021276595747, ""ab"": 188}]","[{""name"": ""fi_park_nrfi_rate"", ""value"": 0.4241, ""contribution"": 0.2547}, {""name"": ""era_gap_t1"", ""value"": 1.54, ""contribution"": 0.1674}, {""name"": ""away_top3c_slg"", ""value"": 0.4725, ""contribution"": -0.1632}, {""name"": ""home_p_last10_pitcher_nrfi"", ""value"": 0.5, ""contribution"": -0.0846}, {""name"": ""wx_temp_c"", ""value"": 34.5, ""contribution"": 0.0793}]","[{""name"": ""home_top3c_slg"", ""value"": 0.5557, ""contribution"": -0.7163}, {""name"": ""home_top3c_iso"", ""value"": 0.2785, ""contribution"": 0.4697}, {""name"": ""fi_park_nrfi_rate"", ""value"": 0.4241, ""contribution"": 0.3916}, {""name"": ""home_top3_ops_vs_oppHand"", ""value"": 0.8997, ""contribution"": 0.163}, {""name"": ""wx_temp_c"", ""value"": 34.5, ""contribution"": 0.1106}]",665297,0.4839,4.87,4.327,76.0,38.0,0.7136,0.7272,4.47,5.0,0.786,0.8997,R,R,YRFI,WIN,0,2,2,2026-07-05T20:24:52+00:00,+140,-185,DraftKings,2026-07-05T19:09:28+00:00,0.4167,0.6491,-0.0799,0.0141,0.0141,Y,1,0.541,+140,-185,2026-07-05T18:59:19+00:00,0,0.4144,YRFI,STRONG,,,,,,,
2026-07-05,2026,825061,1,N,MIL,ARI,4:00 PM ET,Brandon Sproat,Eduardo Rodriguez,687075,593958,ltd,live,live,live,1.0,0.5589,0.5754,1.1343,0.3319,0.6536,0.9855,0.3762,0.6238,0.3135,0.6865,,,YRFI,STRONG,STRONG YRFI,4,2026-07-05T18:02:35Z,4.93,3.002,1.303,1.281,4.542,4.257,3.69,3.4,1.45,0.98,9.24,6.85,0.335,0.308,0.399,0.386,5.034,4.296,,,,1.0,0.6,0.6,0.6,0.8,0.3083,0.3508,0.3865,0.4605,0.169,0.1908,team_fallback,lineup,"[{""id"": 606466, ""name"": ""Ketel Marte"", ""bats"": ""S"", ""obp"": 0.3224932249322493, ""slg"": 0.4836795252225519, ""iso"": 0.21661721068249257, ""ab"": 337}, {""id"": 672695, ""name"": ""Geraldo Perdomo"", ""bats"": ""S"", ""obp"": 0.3492957746478873, ""slg"": 0.34797297297297297, ""iso"": 0.11148648648648649, ""ab"": 296}, {""id"": 682998, ""name"": ""Corbin Carroll"", ""bats"": ""L"", ""obp"": 0.35537190082644626, ""slg"": 0.5063291139240507, ""iso"": 0.2405063291139241, ""ab"": 316}]","[{""id"": 668930, ""name"": ""Brice Turang"", ""bats"": ""L"", ""obp"": 0.36436170212765956, ""slg"": 0.45987654320987653, ""iso"": 0.191358024691358, ""ab"": 324}, {""id"": 694192, ""name"": ""Jackson Chourio"", ""bats"": ""R"", ""obp"": 0.34959349593495936, ""slg"": 0.5288888888888889, ""iso"": 0.23555555555555552, ""ab"": 225}, {""id"": 592885, ""name"": ""Christian Yelich"", ""bats"": ""L"", ""obp"": 0.3305439330543933, ""slg"": 0.3886255924170616, ""iso"": 0.14218009478672988, ""ab"": 211}]","[{""name"": ""fi_park_nrfi_rate"", ""value"": 0.4239, ""contribution"": 0.2555}, {""name"": ""era_gap_t1"", ""value"": -1.9287, ""contribution"": -0.2082}, {""name"": ""away_top3c_slg"", ""value"": 0.4605, ""contribution"": -0.1026}, {""name"": ""away_top3c_iso"", ""value"": 0.1908, ""contribution"": 0.0866}, {""name"": ""home_p_last10_pitcher_nrfi"", ""value"": 0.6, ""contribution"": -0.0455}]","[{""name"": ""fi_park_nrfi_rate"", ""value"": 0.4239, ""contribution"": 0.3927}, {""name"": ""home_top3c_slg"", ""value"": 0.3865, ""contribution"": 0.3348}, {""name"": ""away_whiff_pct_rank"", ""value"": 16.0, ""contribution"": 0.1463}, {""name"": ""era_gap_b1"", ""value"": 1.9287, ""contribution"": 0.1308}, {""name"": ""home_top3c_obp"", ""value"": 0.3083, ""contribution"": -0.1122}]",598411,0.5467,4.546,4.139,32.0,16.0,0.751,0.7136,5.93,5.2,0.738,0.72,R,L,YRFI,WIN,0,1,1,2026-07-05T20:27:25+00:00,-105,-125,DraftKings,2026-07-05T19:09:28+00:00,0.5122,0.5556,-0.136,0.0682,0.0682,Y,1,0.8,-105,-125,2026-07-05T18:59:19+00:00,0,0.4144,YRFI,STRONG,,,,,,,
2026-07-05,2026,824010,1,N,BOS,LAA,9:30 PM ET,Ranger Suarez,Ryan Johnson,624133,696270,live,sm,live,live,0.99,0.5574,0.3871,0.9445,0.4434,0.4371,0.8805,0.4064,0.5936,0.2438,0.7562,,,YRFI,STRONG,STRONG YRFI,4,2026-07-06T00:16:16Z,3.021,5.384,1.158,1.358,2.898,4.893,2.5,3.09,0.6,1.6,9.16,7.99,0.313,0.314,0.388,0.393,4.093,4.395,28.1,15.0,44.0,0.0,0.5,0.8,0.5,0.8,0.3163,0.34,0.4177,0.4392,0.1851,0.1611,lineup,lineup,"[{""id"": 687263, ""name"": ""Zach Neto"", ""bats"": ""R"", ""obp"": 0.319693094629156, ""slg"": 0.4444444444444444, ""iso"": 0.21929824561403508, ""ab"": 342}, {""id"": 694203, ""name"": ""Denzer Guzman"", ""bats"": ""R"", ""obp"": 0.30337078651685395, ""slg"": 0.39759036144578314, ""iso"": 0.14457831325301207, ""ab"": 83}, {""id"": 687093, ""name"": ""Vaughn Grissom"", ""bats"": ""R"", ""obp"": 0.3155080213903743, ""slg"": 0.3719512195121951, ""iso"": 0.13414634146341464, ""ab"": 164}]","[{""id"": 678011, ""name"": ""Anthony Seigler"", ""bats"": ""S"", ""obp"": 0.4074074074074074, ""slg"": 0.5106382978723404, ""iso"": 0.1914893617021276, ""ab"": 47}, {""id"": 678882, ""name"": ""Ceddanne Rafaela"", ""bats"": ""R"", ""obp"": 0.3333333333333333, ""slg"": 0.43548387096774194, ""iso"": 0.15161290322580645, ""ab"": 310}, {""id"": 677800, ""name"": ""Wilyer Abreu"", ""bats"": ""L"", ""obp"": 0.3360655737704918, ""slg"": 0.4325153374233129, ""iso"": 0.1656441717791411, ""ab"": 326}]","[{""name"": ""era_gap_t1"", ""value"": 2.3633, ""contribution"": 0.2565}, {""name"": ""fi_park_nrfi_rate"", ""value"": 0.4526, ""contribution"": 0.1563}, {""name"": ""away_top3c_iso"", ""value"": 0.1611, ""contribution"": -0.1228}, {""name"": ""home_fip"", ""value"": 4.893, ""contribution"": 0.1026}, {""name"": ""home_p_last10_pitcher_nrfi"", ""value"": 0.5, ""contribution"": -0.0846}]","[{""name"": ""fi_park_nrfi_rate"", ""value"": 0.4526, ""contribution"": 0.2403}, {""name"": ""era_gap_b1"", ""value"": -2.3633, ""contribution"": -0.1612}, {""name"": ""home_top3c_slg"", ""value"": 0.4177, ""contribution"": 0.1412}, {""name"": ""away_fip"", ""value"": 2.8983, ""contribution"": -0.1164}, {""name"": ""home_top3c_obp"", ""value"": 0.3163, ""contribution"": -0.084}]",605672,0.5283,4.2,2.896,50.0,31.0,0.7136,0.7272,4.83,6.0,0.767,0.718,L,R,YRFI,WIN,0,2,2,2026-07-06T01:53:45+00:00,-130,+100,DraftKings,2026-07-06T00:30:21+00:00,0.5652,0.5,-0.1588,0.0936,0.0936,Y,1,1,-130,+100,2026-07-06T00:24:55+00:00,0,0.4777,PASS,NO EDGE,,,,,,,
2026-07-05,2026,824980,1,N,MIA,OAK,4:30 PM ET,Eury Pérez,Gage Jump,691587,695611,live,ltd,live,live,0.93,0.392,0.5247,0.9168,0.3231,0.5986,0.9217,0.4064,0.5936,0.2337,0.7663,,,YRFI,STRONG,STRONG YRFI,4,2026-07-05T19:20:22Z,4.218,3.55,1.168,1.195,4.342,3.4,3.64,2.59,1.45,0.83,9.95,8.88,0.326,0.325,0.404,0.41,4.538,4.572,19.2,16.4,71.0,0.0,1.0,0.4,0.8571,0.6,0.3874,0.3528,0.481,0.4707,0.1968,0.1743,lineup,lineup,"[{""id"": 703607, ""name"": ""Henry Bolte"", ""bats"": ""R"", ""obp"": 0.3785310734463277, ""slg"": 0.37662337662337664, ""iso"": 0.07792207792207795, ""ab"": 154}, {""id"": 701762, ""name"": ""Nick Kurtz"", ""bats"": ""L"", ""obp"": 0.41959798994974873, ""slg"": 0.51875, ""iso"": 0.24062500000000003, ""ab"": 320}, {""id"": 680869, ""name"": ""Zack Gelof"", ""bats"": ""R"", ""obp"": 0.3391304347826087, ""slg"": 0.5, ""iso"": 0.2169811320754717, ""ab"": 212}]","[{""id"": 672640, ""name"": ""Otto Lopez"", ""bats"": ""R"", ""obp"": 0.3713527851458886, ""slg"": 0.5056818181818182, ""iso"": 0.16477272727272735, ""ab"": 352}, {""id"": 681715, ""name"": ""Heriberto Hern\u00e1ndez"", ""bats"": ""R"", ""obp"": 0.29850746268656714, ""slg"": 0.4111111111111111, ""iso"": 0.18888888888888888, ""ab"": 180}, {""id"": 689414, ""name"": ""Liam Hicks"", ""bats"": ""L"", ""obp"": 0.36538461538461536, ""slg"": 0.46494464944649444, ""iso"": 0.17712177121771217, ""ab"": 271}]","[{""name"": ""fi_park_nrfi_rate"", ""value"": 0.4422, ""contribution"": 0.1922}, {""name"": ""away_top3c_slg"", ""value"": 0.4707, ""contribution"": -0.1543}, {""name"": ""era_gap_t1"", ""value"": -0.6683, ""contribution"": -0.0717}, {""name"": ""home_fip"", ""value"": 3.4, ""contribution"": -0.065}, {""name"": ""home_p_last10_pitcher_nrfi"", ""value"": 0.8571, ""contribution"": 0.0549}]","[{""name"": ""fi_park_nrfi_rate"", ""value"": 0.4422, ""contribution"": 0.2954}, {""name"": ""home_top3c_slg"", ""value"": 0.481, ""contribution"": -0.2525}, {""name"": ""home_top3c_obp"", ""value"": 0.3874, ""contribution"": 0.1654}, {""name"": ""home_top3_ops_vs_oppHand"", ""value"": 0.8577, ""contribution"": 0.1128}, {""name"": ""home_top3c_iso"", ""value"": 0.1968, ""contribution"": 0.0839}]",608093,0.5118,4.2,3.511,50.0,68.0,0.7136,0.7136,5.6,5.07,0.8027,0.8577,R,L,YRFI,WIN,1,0,1,2026-07-05T20:52:31+00:00,+100,-130,DraftKings,2026-07-05T19:34:10+00:00,0.5,0.5652,-0.0936,0.0284,0.0284,Y,1,0.769,+100,-130,2026-07-05T19:28:49+00:00,0,0.4144,YRFI,STRONG,,,,,,,
2026-07-05,2026,823931,1,N,SD,LAD,7:20 PM ET,JP Sears,Emmet Sheehan,676664,686218,live,live,live,live,0.97,0.455,0.7413,1.1963,0.2858,0.6195,0.9054,0.4064,0.5936,0.336,0.664,,,YRFI,STRONG,STRONG YRFI,4,2026-07-05T22:06:36Z,5.432,4.462,1.403,1.203,5.767,4.181,2.81,2.76,2.31,1.56,7.84,10.1,0.302,0.343,0.378,0.438,3.985,5.224,26.5,15.8,49.0,0.0,0.8,0.4,0.7,0.6,0.3729,0.3051,0.501,0.3666,0.2169,0.1412,lineup,lineup,"[{""id"": 660271, ""name"": ""Shohei Ohtani"", ""bats"": ""L"", ""obp"": 0.4026666666666667, ""slg"": 0.5242718446601942, ""iso"": 0.2362459546925566, ""ab"": 309}, {""id"": 681624, ""name"": ""Andy Pages"", ""bats"": ""R"", ""obp"": 0.32987012987012987, ""slg"": 0.47398843930635837, ""iso"": 0.2052023121387283, ""ab"": 346}, {""id"": 518692, ""name"": ""Freddie Freeman"", ""bats"": ""L"", ""obp"": 0.3868421052631579, ""slg"": 0.5076452599388379, ""iso"": 0.21100917431192662, ""ab"": 327}]","[{""id"": 665487, ""name"": ""Fernando Tatis Jr."", ""bats"": ""R"", ""obp"": 0.34210526315789475, ""slg"": 0.37941176470588234, ""iso"": 0.09999999999999998, ""ab"": 340}, {""id"": 609280, ""name"": ""Miguel Andujar"", ""bats"": ""R"", ""obp"": 0.29955947136563876, ""slg"": 0.413953488372093, ""iso"": 0.15348837209302324, ""ab"": 215}, {""id"": 592518, ""name"": ""Manny Machado"", ""bats"": ""R"", ""obp"": 0.275, ""slg"": 0.4, ""iso"": 0.21269841269841272, ""ab"": 315}]","[{""name"": ""away_top3c_slg"", ""value"": 0.3666, ""contribution"": 0.3732}, {""name"": ""away_top3c_iso"", ""value"": 0.1412, ""contribution"": -0.2627}, {""name"": ""away_top3_ops_vs_oppHand"", ""value"": 0.629, ""contribution"": -0.1409}, {""name"": ""home_xera"", ""value"": 2.9748, ""contribution"": -0.1169}, {""name"": ""era_gap_t1"", ""value"": -0.9691, ""contribution"": -0.1043}]","[{""name"": ""home_top3c_slg"", ""value"": 0.501, ""contribution"": -0.3766}, {""name"": ""home_obp"", ""value"": 0.3434, ""contribution"": 0.2074}, {""name"": ""away_fip"", ""value"": 5.7671, ""contribution"": 0.1901}, {""name"": ""home_top3c_iso"", ""value"": 0.2169, ""contribution"": 0.1789}, {""name"": ""home_top3c_obp"", ""value"": 0.3729, ""contribution"": 0.1142}]",521051,0.4691,2.975,4.2,96.0,50.0,0.7272,0.7272,4.2,4.8,0.629,0.8123,L,R,NRFI,LOSS,0,0,0,2026-07-05T23:33:23+00:00,+115,-145,DraftKings,2026-07-05T22:21:56+00:00,0.4651,0.5918,-0.0587,0.0018,0.0018,Y,1,-1,+115,-145,2026-07-05T22:16:39+00:00,0,0.5318,PASS,NO EDGE,,,,,,,
2026-07-05,2026,823525,1,N,MIN,NYY,1:35 PM ET,Joe Ryan,Ryan Weathers,657746,677960,live,live,live,live,1.02,0.5494,0.4254,0.9749,0.4358,0.445,0.8808,0.4064,0.5936,0.255,0.745,,,YRFI,STRONG,STRONG YRFI,4,2026-07-05T16:09:38Z,3.555,4.09,1.068,1.228,3.125,4.247,2.04,2.66,1.06,1.55,10.4,9.62,0.32,0.319,0.416,0.42,4.852,4.791,28.1,10.6,64.0,0.0,0.6,0.6,0.7,0.7,0.34,0.3269,0.4883,0.4781,0.2394,0.224,lineup,lineup,"[{""id"": 663757, ""name"": ""Trent Grisham"", ""bats"": ""L"", ""obp"": 0.34317343173431736, ""slg"": 0.4192139737991266, ""iso"": 0.1834061135371179, ""ab"": 229}, {""id"": 700250, ""name"": ""Ben Rice"", ""bats"": ""L"", ""obp"": 0.36235955056179775, ""slg"": 0.5635179153094463, ""iso"": 0.2964169381107492, ""ab"": 307}, {""id"": 691176, ""name"": ""Jasson Dom\u00ednguez"", ""bats"": ""S"", ""obp"": 0.25925925925925924, ""slg"": 0.4174757281553398, ""iso"": 0.19417475728155337, ""ab"": 103}]","[{""id"": 668885, ""name"": ""Austin Martin"", ""bats"": ""R"", ""obp"": 0.3463035019455253, ""slg"": 0.3181818181818182, ""iso"": 0.07727272727272727, ""ab"": 220}, {""id"": 693459, ""name"": ""Kyler Fedko"", ""bats"": ""R"", ""obp"": 0.15384615384615385, ""slg"": 0.0, ""iso"": 0.0, ""ab"": 10}, {""id"": 665019, ""name"": ""Kody Clemens"", ""bats"": ""L"", ""obp"": 0.3110367892976589, ""slg"": 0.5, ""iso"": 0.25182481751824815, ""ab"": 274}]","[{""name"": ""away_top3c_iso"", ""value"": 0.224, ""contribution"": 0.3207}, {""name"": ""away_top3c_slg"", ""value"": 0.4781, ""contribution"": -0.1916}, {""name"": ""fi_park_nrfi_rate"", ""value"": 0.4526, ""contribution"": 0.1563}, {""name"": ""era_gap_t1"", ""value"": 0.5357, ""contribution"": 0.0586}, {""name"": ""away_top3_ops_vs_oppHand"", ""value"": 0.7193, ""contribution"": -0.0488}]","[{""name"": ""home_top3c_slg"", ""value"": 0.4883, ""contribution"": -0.2974}, {""name"": ""home_top3c_iso"", ""value"": 0.2394, ""contribution"": 0.2852}, {""name"": ""fi_park_nrfi_rate"", ""value"": 0.4526, ""contribution"": 0.2403}, {""name"": ""away_fip"", ""value"": 3.1255, ""contribution"": -0.0922}, {""name"": ""wx_temp_c"", ""value"": 28.1, ""contribution"": 0.0572}]",503493,0.522,4.324,3.262,88.0,62.0,0.7272,0.7075,4.87,5.4,0.7193,0.802,R,L,YRFI,WIN,1,0,1,2026-07-05T17:53:29+00:00,-115,-110,DraftKings,2026-07-05T16:39:14+00:00,0.5349,0.5238,-0.1285,0.0698,0.0698,Y,1,0.909,-115,-110,2026-07-05T16:33:55+00:00,0,0.4368,YRFI,STRONG,,,,,,,
2026-07-05,2026,824656,1,N,STL,CHC,2:30 PM ET,Matthew Liberatore,Javier Assad,669461,665871,live,ltd,live,live,1.0,0.534,0.6515,1.1855,0.3495,0.4669,0.8164,0.4347,0.5653,0.3321,0.6679,,,PASS,LOW LAMBDA,PASS - Low lambda,4,2026-07-05T18:02:35Z,4.963,4.302,1.471,1.176,4.822,4.794,3.21,2.57,1.62,1.45,8.2,6.47,0.324,0.335,0.398,0.41,4.619,4.966,20.6,15.5,97.0,0.0,0.8,0.8,0.9,0.7,0.3577,0.3681,0.4397,0.4317,0.1744,0.1636,lineup,lineup,"[{""id"": 691718, ""name"": ""Pete Crow-Armstrong"", ""bats"": ""L"", ""obp"": 0.3802083333333333, ""slg"": 0.5271084337349398, ""iso"": 0.23795180722891568, ""ab"": 332}, {""id"": 608324, ""name"": ""Alex Bregman"", ""bats"": ""R"", ""obp"": 0.3408521303258145, ""slg"": 0.34310850439882695, ""iso"": 0.10263929618768325, ""ab"": 341}, {""id"": 673548, ""name"": ""Seiya Suzuki"", ""bats"": ""R"", ""obp"": 0.3514376996805112, ""slg"": 0.4542124542124542, ""iso"": 0.18681318681318682, ""ab"": 273}]","[{""id"": 802139, ""name"": ""JJ Wetherholt"", ""bats"": ""L"", ""obp"": 0.3626666666666667, ""slg"": 0.4148606811145511, ""iso"": 0.14860681114551083, ""ab"": 323}, {""id"": 671056, ""name"": ""Iv\u00e1n Herrera"", ""bats"": ""R"", ""obp"": 0.39690721649484534, ""slg"": 0.4057507987220447, ""iso"": 0.14696485623003197, ""ab"": 313}, {""id"": 676475, ""name"": ""Alec Burleson"", ""bats"": ""L"", ""obp"": 0.34332425068119893, ""slg"": 0.4727272727272727, ""iso"": 0.1939393939393939, ""ab"": 330}]","[{""name"": ""fi_park_nrfi_rate"", ""value"": 0.5429, ""contribution"": -0.1558}, {""name"": ""away_top3c_iso"", ""value"": 0.1636, ""contribution"": -0.1052}, {""name"": ""home_fip"", ""value"": 4.7944, ""contribution"": 0.0916}, {""name"": ""away_top3_ops_vs_oppHand"", ""value"": 0.845, ""contribution"": 0.0793}, {""name"": ""home_p_last10_pitcher_nrfi"", ""value"": 0.9, ""contribution"": 0.0716}]","[{""name"": ""fi_park_nrfi_rate"", ""value"": 0.5429, ""contribution"": -0.2395}, {""name"": ""away_whiff_pct_rank"", ""value"": 14.0, ""contribution"": 0.1549}, {""name"": ""home_obp"", ""value"": 0.3348, ""contribution"": 0.1472}, {""name"": ""away_fip"", ""value"": 4.822, ""contribution"": 0.0891}, {""name"": ""home_top3c_obp"", ""value"": 0.3577, ""contribution"": 0.061}]",665576,0.4578,4.762,4.999,3.0,14.0,0.7309,0.664,5.33,4.13,0.845,0.8127,L,R,YRFI,PASS,0,2,2,2026-07-05T18:57:45+00:00,-120,-110,DraftKings,2026-07-05T18:59:19+00:00,0.5455,0.5238,-0.1108,0.0415,0.0672,N,1,,-120,-110,2026-07-05T18:27:09+00:00,0,0.4658,PASS,NO EDGE,,,,,,,
2026-07-05,2026,822715,1,N,PIT,WSH,1:00 PM ET,Bubba Chandler,Cade Cavalli,696149,676917,live,live,live,live,0.97,0.4701,0.587,1.0571,0.3258,0.4384,0.7642,0.4771,0.5229,0.2852,0.7148,,,PASS,LOW LAMBDA,PASS - Low lambda,4,2026-07-05T16:09:38Z,4.464,3.847,1.321,1.336,4.211,3.347,4.24,2.89,0.98,0.87,8.49,9.59,0.336,0.321,0.419,0.426,5.062,5.214,35.6,9.2,38.0,0.0,0.4,0.8,0.6,0.6,0.3211,0.3502,0.4259,0.4617,0.169,0.1966,team_fallback,lineup,"[{""id"": 695578, ""name"": ""James Wood"", ""bats"": ""L"", ""obp"": 0.39285714285714285, ""slg"": 0.5375722543352601, ""iso"": 0.26878612716763006, ""ab"": 346}, {""id"": 671277, ""name"": ""Luis Garc\u00eda Jr."", ""bats"": ""L"", ""obp"": 0.31141868512110726, ""slg"": 0.5527272727272727, ""iso"": 0.2727272727272727, ""ab"": 275}, {""id"": 678554, ""name"": ""Curtis Mead"", ""bats"": ""R"", ""obp"": 0.3233082706766917, ""slg"": 0.463519313304721, ""iso"": 0.23605150214592274, ""ab"": 233}]","[{""id"": 804606, ""name"": ""Konnor Griffin"", ""bats"": ""R"", ""obp"": 0.32644628099173556, ""slg"": 0.40271493212669685, ""iso"": 0.1312217194570136, ""ab"": 221}, {""id"": 664040, ""name"": ""Brandon Lowe"", ""bats"": ""L"", ""obp"": 0.31805929919137466, ""slg"": 0.4938650306748466, ""iso"": 0.25153374233128833, ""ab"": 326}, {""id"": 668804, ""name"": ""Bryan Reynolds"", ""bats"": ""S"", ""obp"": 0.39540816326530615, ""slg"": 0.4695121951219512, ""iso"": 0.18597560975609756, ""ab"": 328}]","[{""name"": ""away_top3c_iso"", ""value"": 0.1966, ""contribution"": 0.1273}, {""name"": ""away_top3c_slg"", ""value"": 0.4617, ""contribution"": -0.1086}, {""name"": ""wx_temp_c"", ""value"": 35.6, ""contribution"": 0.0859}, {""name"": ""fi_park_nrfi_rate"", ""value"": 0.4761, ""contribution"": 0.0751}, {""name"": ""home_fip"", ""value"": 3.3466, ""contribution"": -0.071}]","[{""name"": ""wx_temp_c"", ""value"": 35.6, ""contribution"": 0.1198}, {""name"": ""fi_park_nrfi_rate"", ""value"": 0.4761, ""contribution"": 0.1154}, {""name"": ""away_whiff_pct_rank"", ""value"": 76.0, ""contribution"": -0.1127}, {""name"": ""home_top3c_slg"", ""value"": 0.4259, ""contribution"": 0.0903}, {""name"": ""home_top3c_obp"", ""value"": 0.3211, ""contribution"": -0.0672}]",427533,0.5151,4.101,4.349,80.0,76.0,0.6942,0.7272,5.13,5.67,0.811,0.72,R,R,NRFI,PASS,0,0,0,2026-07-05T17:21:51+00:00,+105,-140,DraftKings,2026-07-05T16:55:37+00:00,0.4878,0.5833,-0.0494,-0.0217,,N,,,+105,-140,2026-07-05T16:55:37+00:00,,0.4457,PASS,NO EDGE,,,,,,,
2026-07-05,2026,824497,1,N,BAL,CIN,1:05 PM ET,Kyle Bradish,Nick Lodolo,680694,666157,live,live,live,live,1.09,0.5664,0.5855,1.1519,0.4088,0.3145,0.7234,0.4772,0.5228,0.3199,0.6801,,,PASS,NO EDGE,PASS - No edge,4,2026-07-05T17:04:27Z,3.759,4.296,1.374,1.299,4.066,4.361,4.05,2.95,1.08,1.35,9.49,8.09,0.319,0.311,0.398,0.392,4.586,4.238,27.8,6.8,68.0,0.0,1.0,0.8,0.8,0.8,0.3439,0.3349,0.4752,0.3987,0.2182,0.1571,lineup,lineup,"[{""id"": 682829, ""name"": ""Elly De La Cruz"", ""bats"": ""S"", ""obp"": 0.3474025974025974, ""slg"": 0.48363636363636364, ""iso"": 0.20727272727272728, ""ab"": 275}, {""id"": 701398, ""name"": ""Sal Stewart"", ""bats"": ""R"", ""obp"": 0.3394255874673629, ""slg"": 0.46567164179104475, ""iso"": 0.21194029850746265, ""ab"": 335}, {""id"": 668709, ""name"": ""JJ Bleday"", ""bats"": ""L"", ""obp"": 0.3464566929133858, ""slg"": 0.4790697674418605, ""iso"": 0.24186046511627907, ""ab"": 215}]","[{""id"": 683002, ""name"": ""Gunnar Henderson"", ""bats"": ""L"", ""obp"": 0.29901960784313725, ""slg"": 0.41032608695652173, ""iso"": 0.18478260869565216, ""ab"": 368}, {""id"": 668939, ""name"": ""Adley Rutschman"", ""bats"": ""S"", ""obp"": 0.3253012048192771, ""slg"": 0.45662100456621, ""iso"": 0.2009132420091324, ""ab"": 219}, {""id"": 621493, ""name"": ""Taylor Ward"", ""bats"": ""R"", ""obp"": 0.3765281173594132, ""slg"": 0.3482142857142857, ""iso"": 0.0982142857142857, ""ab"": 336}]","[{""name"": ""away_top3c_slg"", ""value"": 0.3987, ""contribution"": 0.2106}, {""name"": ""away_top3c_iso"", ""value"": 0.1571, ""contribution"": -0.1507}, {""name"": ""era_gap_t1"", ""value"": 0.5368, ""contribution"": 0.0587}, {""name"": ""home_fip"", ""value"": 4.3611, ""contribution"": 0.0429}, {""name"": ""wx_temp_c"", ""value"": 27.8, ""contribution"": 0.0392}]","[{""name"": ""home_top3c_slg"", ""value"": 0.4752, ""contribution"": -0.2159}, {""name"": ""away_whiff_pct_rank"", ""value"": 94.0, ""contribution"": -0.1904}, {""name"": ""home_top3c_iso"", ""value"": 0.2182, ""contribution"": 0.1849}, {""name"": ""wx_temp_c"", ""value"": 27.8, ""contribution"": 0.0547}, {""name"": ""wx_wind_kmh"", ""value"": 6.8, ""contribution"": -0.0494}]",427366,0.4992,4.2,3.85,50.0,94.0,0.7272,0.6796,4.8,5.53,0.7613,0.801,R,L,NRFI,PASS,0,0,0,2026-07-05T17:16:26+00:00,-110,-120,DraftKings,2026-07-05T17:00:56+00:00,0.5238,0.5455,-0.0466,-0.0227,,N,,,-110,-120,2026-07-05T17:00:56+00:00,,0.4877,PASS,NO EDGE,,,,,,,
2026-07-05,2026,822879,1,N,DET,TEX,3:30 PM ET,Casey Mize,Kumar Rocker,663554,677958,live,live,live,live,1.07,0.5577,0.3952,0.9529,0.3517,0.2313,0.583,0.5514,0.4486,0.2469,0.7531,,,NRFI,LEAN,LEAN NRFI,4,2026-07-05T18:02:35Z,3.102,4.223,1.084,1.349,3.093,4.129,2.03,3.35,0.83,1.06,9.03,8.01,0.313,0.319,0.398,0.395,4.236,4.149,,,,1.0,0.6,1.0,0.4,1.0,0.3244,0.3493,0.4325,0.4756,0.1834,0.211,lineup,lineup,"[{""id"": 592626, ""name"": ""Joc Pederson"", ""bats"": ""L"", ""obp"": 0.33579335793357934, ""slg"": 0.4678111587982833, ""iso"": 0.2274678111587983, ""ab"": 233}, {""id"": 669394, ""name"": ""Jake Burger"", ""bats"": ""R"", ""obp"": 0.3101449275362319, ""slg"": 0.4249201277955272, ""iso"": 0.17891373801916935, ""ab"": 313}, {""id"": 607043, ""name"": ""Brandon Nimmo"", ""bats"": ""L"", ""obp"": 0.329608938547486, ""slg"": 0.4143302180685358, ""iso"": 0.15576323987538943, ""ab"": 321}]","[{""id"": 805808, ""name"": ""Kevin McGonigle"", ""bats"": ""L"", ""obp"": 0.39267015706806285, ""slg"": 0.42105263157894735, ""iso"": 0.1393188854489164, ""ab"": 323}, {""id"": 693307, ""name"": ""Dillon Dingler"", ""bats"": ""R"", ""obp"": 0.3284457478005865, ""slg"": 0.525974025974026, ""iso"": 0.25974025974025977, ""ab"": 308}, {""id"": 663837, ""name"": ""Matt Vierling"", ""bats"": ""R"", ""obp"": 0.25210084033613445, ""slg"": 0.3271889400921659, ""iso"": 0.12903225806451615, ""ab"": 217}]","[{""name"": ""away_top3c_iso"", ""value"": 0.211, ""contribution"": 0.2288}, {""name"": ""away_top3c_slg"", ""value"": 0.4756, ""contribution"": -0.179}, {""name"": ""fi_park_nrfi_rate"", ""value"": 0.5398, ""contribution"": -0.1451}, {""name"": ""home_p_last10_pitcher_nrfi"", ""value"": 0.4, ""contribution"": -0.1236}, {""name"": ""era_gap_t1"", ""value"": 1.1205, ""contribution"": 0.1219}]","[{""name"": ""fi_park_nrfi_rate"", ""value"": 0.5398, ""contribution"": -0.2231}, {""name"": ""away_fip"", ""value"": 3.0933, ""contribution"": -0.0956}, {""name"": ""away_p_last10_pitcher_nrfi"", ""value"": 1.0, ""contribution"": -0.0929}, {""name"": ""era_gap_b1"", ""value"": -1.1205, ""contribution"": -0.0766}, {""name"": ""wx_is_dome"", ""value"": 1.0, ""contribution"": -0.0758}]",483630,0.522,4.973,3.428,44.0,53.0,0.7272,0.7272,5.0,5.6,0.8597,0.7607,R,R,NRFI,WIN,0,0,0,2026-07-05T19:49:52+00:00,-120,-110,DraftKings,2026-07-05T20:06:27+00:00,0.5455,0.5238,0.0059,-0.0752,0.0059,N,0.5,0,-120,-110,2026-07-05T18:27:09+00:00,0,0.5651,NRFI,STRONG,,,,,,,
2026-07-05,2026,824413,1,N,CWS,CLE,2:00 PM ET,Chris Murphy,Tanner Bibee,669684,676440,ltd,live,live,live,0.96,0.5083,0.4942,1.0025,0.2958,0.2824,0.5782,0.5514,0.4486,0.2652,0.7348,,,NRFI,LEAN,LEAN NRFI,4,2026-07-05T16:09:38Z,3.845,3.845,1.28,1.144,4.098,4.521,3.96,2.59,0.94,1.45,8.51,7.51,0.32,0.312,0.414,0.372,4.743,4.033,24.3,12.8,89.0,0.0,0.8,1.0,0.6,1.0,0.3328,0.3655,0.4063,0.4527,0.1466,0.1909,lineup,lineup,"[{""id"": 683953, ""name"": ""Travis Bazzana"", ""bats"": ""L"", ""obp"": 0.3413654618473896, ""slg"": 0.41203703703703703, ""iso"": 0.16203703703703703, ""ab"": 216}, {""id"": 696135, ""name"": ""Kahlil Watson"", ""bats"": ""L"", ""obp"": 0.2777777777777778, ""slg"": 0.36538461538461536, ""iso"": 0.11538461538461536, ""ab"": 52}, {""id"": 800050, ""name"": ""Chase DeLauter"", ""bats"": ""L"", ""obp"": 0.33554817275747506, ""slg"": 0.4095940959409594, ""iso"": 0.14022140221402213, ""ab"": 271}]","[{""id"": 803011, ""name"": ""Sam Antonacci"", ""bats"": ""L"", ""obp"": 0.38405797101449274, ""slg"": 0.42016806722689076, ""iso"": 0.13025210084033612, ""ab"": 238}, {""id"": 678246, ""name"": ""Miguel Vargas"", ""bats"": ""R"", ""obp"": 0.35714285714285715, ""slg"": 0.49056603773584906, ""iso"": 0.24528301886792453, ""ab"": 318}, {""id"": 691019, ""name"": ""Kyle Teel"", ""bats"": ""L"", ""obp"": 0.3170731707317073, ""slg"": 0.3333333333333333, ""iso"": 0.1111111111111111, ""ab"": 36}]","[{""name"": ""fi_park_nrfi_rate"", ""value"": 0.528, ""contribution"": -0.1042}, {""name"": ""away_top3c_iso"", ""value"": 0.1909, ""contribution"": 0.0873}, {""name"": ""away_top3c_slg"", ""value"": 0.4527, ""contribution"": -0.063}, {""name"": ""home_fip"", ""value"": 4.5215, ""contribution"": 0.0609}, {""name"": ""home_xera"", ""value"": 3.6326, ""contribution"": -0.0495}]","[{""name"": ""home_top3c_slg"", ""value"": 0.4063, ""contribution"": 0.2117}, {""name"": ""home_top3_ops_vs_oppHand"", ""value"": 0.614, ""contribution"": -0.179}, {""name"": ""fi_park_nrfi_rate"", ""value"": 0.528, ""contribution"": -0.1602}, {""name"": ""home_top3c_iso"", ""value"": 0.1466, ""contribution"": -0.1531}, {""name"": ""away_p_last10_pitcher_nrfi"", ""value"": 1.0, ""contribution"": -0.0929}]",427537,0.4944,3.633,4.2,47.0,50.0,0.7197,0.7136,6.67,1.33,0.776,0.614,L,R,YRFI,LOSS,2,3,5,2026-07-05T20:03:28+00:00,-120,-105,DraftKings,2026-07-05T20:06:27+00:00,0.5455,0.5122,0.0059,-0.0636,0.0059,N,0.5,0,-120,-105,2026-07-05T16:55:37+00:00,0,0.4877,PASS,NO EDGE,,,,,,,
2026-07-05,2026,824902,1,N,NYM,ATL,12:30 PM ET,Nolan McLean,Martín Pérez,690997,527048,live,live,live,live,0.98,0.456,0.4619,0.9179,0.4046,0.311,0.7156,0.4776,0.5224,0.2341,0.7659,,,PASS,NO EDGE,PASS - No edge,4,2026-07-05T16:09:38Z,3.646,3.477,1.135,1.17,3.451,4.287,3.27,3.41,0.97,1.07,10.35,7.42,0.301,0.313,0.38,0.41,4.034,4.799,27.8,15.2,64.0,0.0,1.0,1.0,0.9,0.9,0.3327,0.3387,0.4756,0.4419,0.2102,0.1792,lineup,lineup,"[{""id"": 686948, ""name"": ""Drake Baldwin"", ""bats"": ""L"", ""obp"": 0.33098591549295775, ""slg"": 0.43824701195219123, ""iso"": 0.19123505976095617, ""ab"": 251}, {""id"": 645277, ""name"": ""Ozzie Albies"", ""bats"": ""S"", ""obp"": 0.3235294117647059, ""slg"": 0.44610778443113774, ""iso"": 0.17365269461077848, ""ab"": 334}, {""id"": 621566, ""name"": ""Matt Olson"", ""bats"": ""L"", ""obp"": 0.34300791556728233, ""slg"": 0.5325443786982249, ""iso"": 0.26035502958579887, ""ab"": 338}]","[{""id"": 596019, ""name"": ""Francisco Lindor"", ""bats"": ""S"", ""obp"": 0.30714285714285716, ""slg"": 0.384, ""iso"": 0.16, ""ab"": 125}, {""id"": 665742, ""name"": ""Juan Soto"", ""bats"": ""L"", ""obp"": 0.40404040404040403, ""slg"": 0.56, ""iso"": 0.26400000000000007, ""ab"": 250}, {""id"": 666182, ""name"": ""Bo Bichette"", ""bats"": ""R"", ""obp"": 0.2997416020671835, ""slg"": 0.3792134831460674, ""iso"": 0.12640449438202245, ""ab"": 356}]","[{""name"": ""home_xera"", ""value"": 5.4973, ""contribution"": 0.1416}, {""name"": ""home_p_last10_pitcher_nrfi"", ""value"": 0.9, ""contribution"": 0.0716}, {""name"": ""fi_park_nrfi_rate"", ""value"": 0.5093, ""contribution"": -0.0398}, {""name"": ""wx_temp_c"", ""value"": 27.8, ""contribution"": 0.0392}, {""name"": ""home_fip"", ""value"": 4.2874, ""contribution"": 0.0347}]","[{""name"": ""home_top3c_slg"", ""value"": 0.4756, ""contribution"": -0.2188}, {""name"": ""home_top3c_iso"", ""value"": 0.2102, ""contribution"": 0.1472}, {""name"": ""away_whiff_pct_rank"", ""value"": 76.0, ""contribution"": -0.1127}, {""name"": ""fi_park_nrfi_rate"", ""value"": 0.5093, ""contribution"": -0.0612}, {""name"": ""away_p_last10_pitcher_nrfi"", ""value"": 0.9, ""contribution"": -0.0601}]",482631,0.538,5.497,2.723,6.0,76.0,0.7075,0.7272,5.07,5.8,0.752,0.7873,R,L,YRFI,PASS,1,3,4,2026-07-05T18:37:03+00:00,-120,-110,DraftKings,2026-07-05T18:59:19+00:00,0.5455,0.5238,-0.0679,-0.0014,,N,,,-120,-110,2026-07-05T16:28:37+00:00,,0.4526,PASS,NO EDGE,,,,,,,
2026-07-05,2026,824091,1,N,PHI,KC,3:00 PM ET,Aaron Nola,Luinder Avila,605400,679883,live,ltd,live,live,0.96,0.5764,0.5557,1.1321,0.3808,0.2902,0.671,0.5167,0.4833,0.3127,0.6873,,,NRFI,LEAN,LEAN NRFI,4,2026-07-05T18:02:35Z,5.903,4.829,1.439,1.48,4.906,4.467,2.96,4.49,1.88,1.08,9.2,8.55,0.306,0.313,0.406,0.39,4.495,4.149,20.0,10.0,60.0,0.0,0.4,0.6,0.2857,0.8,0.3337,0.3433,0.4585,0.4829,0.1928,0.2274,lineup,lineup,"[{""id"": 695600, ""name"": ""Carter Jensen"", ""bats"": ""L"", ""obp"": 0.310126582278481, ""slg"": 0.4452296819787986, ""iso"": 0.1978798586572438, ""ab"": 283}, {""id"": 677951, ""name"": ""Bobby Witt Jr."", ""bats"": ""R"", ""obp"": 0.35792349726775957, ""slg"": 0.4646153846153846, ""iso"": 0.17846153846153845, ""ab"": 325}, {""id"": 695506, ""name"": ""Jac Caglianone"", ""bats"": ""L"", ""obp"": 0.329073482428115, ""slg"": 0.4647887323943662, ""iso"": 0.20422535211267606, ""ab"": 284}]","[{""id"": 607208, ""name"": ""Trea Turner"", ""bats"": ""R"", ""obp"": 0.2857142857142857, ""slg"": 0.3638888888888889, ""iso"": 0.12499999999999997, ""ab"": 360}, {""id"": 656941, ""name"": ""Kyle Schwarber"", ""bats"": ""L"", ""obp"": 0.37105263157894736, ""slg"": 0.571875, ""iso"": 0.31562500000000004, ""ab"": 320}, {""id"": 547180, ""name"": ""Bryce Harper"", ""bats"": ""L"", ""obp"": 0.37433155080213903, ""slg"": 0.5286624203821656, ""iso"": 0.25477707006369427, ""ab"": 314}]","[{""name"": ""home_xera"", ""value"": 7.9214, ""contribution"": 0.39}, {""name"": ""away_top3c_iso"", ""value"": 0.2274, ""contribution"": 0.3442}, {""name"": ""fi_park_nrfi_rate"", ""value"": 0.5614, ""contribution"": -0.2197}, {""name"": ""away_top3c_slg"", ""value"": 0.4829, ""contribution"": -0.2159}, {""name"": ""home_p_last10_pitcher_nrfi"", ""value"": 0.2857, ""contribution"": -0.1683}]","[{""name"": ""fi_park_nrfi_rate"", ""value"": 0.5614, ""contribution"": -0.3377}, {""name"": ""home_top3c_slg"", ""value"": 0.4585, ""contribution"": -0.1126}, {""name"": ""away_fip"", ""value"": 4.9056, ""contribution"": 0.0981}, {""name"": ""era_gap_b1"", ""value"": 1.0741, ""contribution"": 0.0727}, {""name"": ""home_top3c_iso"", ""value"": 0.1928, ""contribution"": 0.0652}]",577468,0.4946,7.921,4.083,50.0,59.0,0.7136,0.7396,4.07,4.67,0.888,0.786,R,R,YRFI,LOSS,0,2,2,2026-07-05T19:22:46+00:00,+120,-155,DraftKings,2026-07-05T18:59:19+00:00,0.4545,0.6078,0.0622,-0.1245,0.0622,N,0.5,0,+120,-155,2026-07-05T18:02:14+00:00,0,0.3852,YRFI,STRONG,,,,,,,
2026-07-05,2026,823117,1,N,TOR,SEA,5:00 PM ET,Trey Yesavage,Emerson Hancock,702056,676106,ltd,live,live,live,0.95,0.408,0.4671,0.8752,0.3405,0.3649,0.7054,0.4789,0.5211,0.2184,0.7816,,,PASS,NO EDGE,PASS - No edge,4,2026-07-05T20:11:53Z,3.65,3.853,1.16,1.142,4.011,4.08,3.62,2.46,0.96,1.27,8.39,8.16,0.308,0.313,0.388,0.386,4.072,4.148,,,,1.0,0.8,0.6,0.8,0.7,0.3293,0.333,0.3806,0.4013,0.1535,0.1421,lineup,lineup,"[{""id"": 641487, ""name"": ""J.P. Crawford"", ""bats"": ""L"", ""obp"": 0.32894736842105265, ""slg"": 0.35658914728682173, ""iso"": 0.14341085271317833, ""ab"": 258}, {""id"": 668227, ""name"": ""Randy Arozarena"", ""bats"": ""R"", ""obp"": 0.3764367816091954, ""slg"": 0.4533333333333333, ""iso"": 0.16666666666666663, ""ab"": 300}, {""id"": 663728, ""name"": ""Cal Raleigh"", ""bats"": ""S"", ""obp"": 0.264, ""slg"": 0.3087557603686636, ""iso"": 0.14746543778801843, ""ab"": 217}]","[{""id"": 664770, ""name"": ""Nathan Lukes"", ""bats"": ""L"", ""obp"": 0.3333333333333333, ""slg"": 0.4, ""iso"": 0.11428571428571432, ""ab"": 175}, {""id"": 665489, ""name"": ""Vladimir Guerrero Jr."", ""bats"": ""R"", ""obp"": 0.3464788732394366, ""slg"": 0.34627831715210355, ""iso"": 0.0809061488673139, ""ab"": 309}, {""id"": 672960, ""name"": ""Kazuma Okamoto"", ""bats"": ""R"", ""obp"": 0.3190883190883191, ""slg"": 0.4565916398713826, ""iso"": 0.21864951768488744, ""ab"": 311}]","[{""name"": ""away_top3c_iso"", ""value"": 0.1421, ""contribution"": -0.256}, {""name"": ""away_top3c_slg"", ""value"": 0.4013, ""contribution"": 0.1976}, {""name"": ""home_xera"", ""value"": 5.2305, ""contribution"": 0.1143}, {""name"": ""fi_park_nrfi_rate"", ""value"": 0.5131, ""contribution"": -0.0529}, {""name"": ""home_p_last10_pitcher_nrfi"", ""value"": 0.8, ""contribution"": 0.0326}]","[{""name"": ""home_top3c_slg"", ""value"": 0.3806, ""contribution"": 0.3712}, {""name"": ""home_top3c_iso"", ""value"": 0.1535, ""contribution"": -0.1202}, {""name"": ""fi_park_nrfi_rate"", ""value"": 0.5131, ""contribution"": -0.0814}, {""name"": ""wx_is_dome"", ""value"": 1.0, ""contribution"": -0.0758}, {""name"": ""home_top3c_obp"", ""value"": 0.3293, ""contribution"": -0.0387}]",665298,0.5084,5.231,2.939,18.0,50.0,0.7136,0.7136,5.2,6.07,0.7553,0.7357,R,R,NRFI,PASS,0,0,0,2026-07-05T21:19:35+00:00,-135,+105,DraftKings,2026-07-05T20:58:27+00:00,0.5745,0.4878,-0.0956,0.0333,,N,,,-135,+105,2026-07-05T20:58:27+00:00,,0.4877,PASS,NO EDGE,,,,,,,
2026-07-05,2026,824172,1,N,TB,HOU,3:30 PM ET,Mason Englert,Peter Lambert,669438,663567,ltd,ltd,live,live,0.99,0.5297,0.5069,1.0365,0.3211,0.3721,0.6932,0.4795,0.5205,0.2777,0.7223,,,PASS,NO EDGE,PASS - No edge,4,2026-07-05T19:20:22Z,4.012,3.741,1.318,1.208,4.072,4.322,2.48,3.47,1.21,1.21,8.06,8.43,0.335,0.316,0.401,0.41,4.589,4.514,,,,1.0,0.8,1.0,0.8,1.0,0.3693,0.3922,0.4898,0.5063,0.217,0.2057,lineup,lineup,"[{""id"": 514888, ""name"": ""Jose Altuve"", ""bats"": ""R"", ""obp"": 0.3111888111888112, ""slg"": 0.38671875, ""iso"": 0.15234375, ""ab"": 256}, {""id"": 670541, ""name"": ""Yordan Alvarez"", ""bats"": ""L"", ""obp"": 0.4329896907216495, ""slg"": 0.6448598130841121, ""iso"": 0.32087227414330216, ""ab"": 321}, {""id"": 670623, ""name"": ""Isaac Paredes"", ""bats"": ""R"", ""obp"": 0.3465909090909091, ""slg"": 0.41254125412541254, ""iso"": 0.16171617161716173, ""ab"": 303}]","[{""id"": 650490, ""name"": ""Yandy D\u00edaz"", ""bats"": ""R"", ""obp"": 0.4083333333333333, ""slg"": 0.49517684887459806, ""iso"": 0.17041800643086819, ""ab"": 311}, {""id"": 666018, ""name"": ""Jonathan Aranda"", ""bats"": ""L"", ""obp"": 0.3897849462365591, ""slg"": 0.45483870967741935, ""iso"": 0.16774193548387095, ""ab"": 310}, {""id"": 691406, ""name"": ""Junior Caminero"", ""bats"": ""R"", ""obp"": 0.3793103448275862, ""slg"": 0.5657492354740061, ""iso"": 0.27522935779816515, ""ab"": 327}]","[{""name"": ""away_top3c_slg"", ""value"": 0.5063, ""contribution"": -0.3346}, {""name"": ""away_top3c_iso"", ""value"": 0.2057, ""contribution"": 0.1916}, {""name"": ""away_top3_ops_vs_oppHand"", ""value"": 0.919, ""contribution"": 0.1547}, {""name"": ""home_xera"", ""value"": 2.829, ""contribution"": -0.1318}, {""name"": ""fi_park_nrfi_rate"", ""value"": 0.482, ""contribution"": 0.0547}]","[{""name"": ""home_top3c_slg"", ""value"": 0.4898, ""contribution"": -0.3067}, {""name"": ""home_top3c_iso"", ""value"": 0.217, ""contribution"": 0.1795}, {""name"": ""home_top3_ops_vs_oppHand"", ""value"": 0.8653, ""contribution"": 0.1219}, {""name"": ""home_top3c_obp"", ""value"": 0.3693, ""contribution"": 0.1019}, {""name"": ""away_p_last10_pitcher_nrfi"", ""value"": 1.0, ""contribution"": -0.0929}]",484183,0.5086,2.829,6.375,50.0,50.0,0.7272,0.7136,5.8,3.67,0.919,0.8653,R,R,NRFI,PASS,0,0,0,2026-07-05T19:50:34+00:00,+105,-135,DraftKings,2026-07-05T20:06:27+00:00,0.4878,0.5745,-0.0083,-0.054,,N,,,+105,-135,2026-07-05T19:28:49+00:00,,0.4658,PASS,NO EDGE,,,,,,,
2026-07-06,2026,823930,1,N,COL,LAD,10:10 PM ET,Kyle Freeland,Eric Lauer,607536,641778,live,live,live,live,0.97,0.6103,0.6308,1.2411,0.3442,0.663,1.0071,0.362,0.638,0.3522,0.6478,,,YRFI,STRONG,STRONG YRFI,4,2026-07-07T01:03:55Z,6.474,4.284,1.538,1.223,4.627,5.371,2.11,2.89,1.65,1.85,7.58,6.79,0.327,0.343,0.423,0.435,4.816,5.193,27.7,15.3,43.0,0.0,0.6,0.6,0.5,0.6,0.3725,0.3376,0.4975,0.4606,0.2149,0.1993,lineup,lineup,"[{""id"": 660271, ""name"": ""Shohei Ohtani"", ""bats"": ""L"", ""obp"": 0.40369393139841686, ""slg"": 0.5224358974358975, ""iso"": 0.23397435897435903, ""ab"": 312}, {""id"": 681624, ""name"": ""Andy Pages"", ""bats"": ""R"", ""obp"": 0.33161953727506427, ""slg"": 0.47126436781609193, ""iso"": 0.20402298850574713, ""ab"": 348}, {""id"": 518692, ""name"": ""Freddie Freeman"", ""bats"": ""L"", ""obp"": 0.3828125, ""slg"": 0.5015105740181269, ""iso"": 0.20845921450151061, ""ab"": 331}]","[{""id"": 650489, ""name"": ""Willi Castro"", ""bats"": ""S"", ""obp"": 0.3389261744966443, ""slg"": 0.3843283582089552, ""iso"": 0.11567164179104478, ""ab"": 268}, {""id"": 691720, ""name"": ""Kyle Karros"", ""bats"": ""R"", ""obp"": 0.3595890410958904, ""slg"": 0.4262948207171315, ""iso"": 0.16334661354581675, ""ab"": 251}, {""id"": 696100, ""name"": ""Hunter Goodman"", ""bats"": ""R"", ""obp"": 0.3181818181818182, ""slg"": 0.5517241379310345, ""iso"": 0.29780564263322884, ""ab"": 319}]","[{""name"": ""era_gap_t1"", ""value"": -2.1896, ""contribution"": -0.2365}, {""name"": ""home_fip"", ""value"": 5.3711, ""contribution"": 0.1563}, {""name"": ""away_top3c_iso"", ""value"": 0.1993, ""contribution"": 0.1465}, {""name"": ""away_top3c_slg"", ""value"": 0.4606, ""contribution"": -0.1031}, {""name"": ""home_p_last10_pitcher_nrfi"", ""value"": 0.5, ""contribution"": -0.0846}]","[{""name"": ""home_top3c_slg"", ""value"": 0.4975, ""contribution"": -0.3546}, {""name"": ""home_obp"", ""value"": 0.3426, ""contribution"": 0.2017}, {""name"": ""home_top3c_iso"", ""value"": 0.2149, ""contribution"": 0.1696}, {""name"": ""era_gap_b1"", ""value"": 2.1896, ""contribution"": 0.1486}, {""name"": ""home_top3c_obp"", ""value"": 0.3725, ""contribution"": 0.1128}]",427248,0.5131,4.073,4.924,20.0,24.0,0.7613,0.7424,5.67,5.8,0.8273,0.8017,L,L,NRFI,LOSS,0,0,0,2026-07-07T02:27:35+00:00,+125,-160,DraftKings,2026-07-07T01:11:34+00:00,0.4444,0.6154,-0.0824,0.0226,0.0226,Y,1,-1,+125,-160,2026-07-07T01:06:20+00:00,0,0.4521,PASS,NO EDGE,,,,,,,
2026-07-06,2026,822712,1,N,HOU,WSH,6:45 PM ET,Mike Burrows,Miles Mikolas,681347,571945,live,live,live,live,0.97,0.551,0.6566,1.2076,0.545,0.5361,1.0811,0.3219,0.6781,0.3401,0.6599,,,YRFI,STRONG,STRONG YRFI,4,2026-07-06T21:42:58Z,5.09,5.247,1.428,1.3,5.015,5.364,3.18,1.92,1.69,1.84,7.76,5.27,0.315,0.322,0.41,0.427,4.491,5.212,30.1,11.1,69.0,0.0,0.8,0.6,0.8,0.6,0.3515,0.3689,0.5231,0.4905,0.261,0.2177,lineup,lineup,"[{""id"": 695578, ""name"": ""James Wood"", ""bats"": ""L"", ""obp"": 0.39294117647058824, ""slg"": 0.5329512893982808, ""iso"": 0.2664756446991404, ""ab"": 349}, {""id"": 671277, ""name"": ""Luis Garc\u00eda Jr."", ""bats"": ""L"", ""obp"": 0.3129251700680272, ""slg"": 0.5607142857142857, ""iso"": 0.2785714285714286, ""ab"": 280}, {""id"": 678554, ""name"": ""Curtis Mead"", ""bats"": ""R"", ""obp"": 0.3284132841328413, ""slg"": 0.4641350210970464, ""iso"": 0.2320675105485232, ""ab"": 237}]","[{""id"": 514888, ""name"": ""Jose Altuve"", ""bats"": ""R"", ""obp"": 0.3137931034482759, ""slg"": 0.3861003861003861, ""iso"": 0.15057915057915058, ""ab"": 259}, {""id"": 670541, ""name"": ""Yordan Alvarez"", ""bats"": ""L"", ""obp"": 0.42857142857142855, ""slg"": 0.6369230769230769, ""iso"": 0.3169230769230769, ""ab"": 325}, {""id"": 670623, ""name"": ""Isaac Paredes"", ""bats"": ""R"", ""obp"": 0.34831460674157305, ""slg"": 0.4234527687296417, ""iso"": 0.1693811074918567, ""ab"": 307}]","[{""name"": ""away_top3c_iso"", ""value"": 0.2177, ""contribution"": 0.2764}, {""name"": ""away_top3c_slg"", ""value"": 0.4905, ""contribution"": -0.2542}, {""name"": ""home_fip"", ""value"": 5.3638, ""contribution"": 0.1555}, {""name"": ""home_xera"", ""value"": 5.2867, ""contribution"": 0.12}, {""name"": ""away_top3_ops_vs_oppHand"", ""value"": 0.8673, ""contribution"": 0.102}]","[{""name"": ""home_top3c_slg"", ""value"": 0.5231, ""contribution"": -0.5137}, {""name"": ""home_top3c_iso"", ""value"": 0.261, ""contribution"": 0.3869}, {""name"": ""home_top3_ops_vs_oppHand"", ""value"": 0.8807, ""contribution"": 0.1403}, {""name"": ""fi_park_nrfi_rate"", ""value"": 0.4761, ""contribution"": 0.1154}, {""name"": ""away_fip"", ""value"": 5.0147, ""contribution"": 0.1097}]",605670,0.5573,5.287,4.153,5.0,61.0,0.6942,0.7272,4.53,5.2,0.8673,0.8807,R,R,YRFI,WIN,1,1,2,2026-07-06T23:04:23+00:00,+120,-160,DraftKings,2026-07-06T21:45:26+00:00,0.4545,0.6154,-0.1326,0.0627,0.0627,Y,1,0.625,+120,-160,2026-07-06T21:41:44+00:00,0,0.4117,YRFI,STRONG,,,,,,,
2026-07-06,2026,822958,1,N,NYY,TB,6:40 PM ET,Cam Schlittler,Griffin Jax,693645,643377,live,live,live,live,0.93,0.4792,0.368,0.8472,0.4498,0.4153,0.865,0.4064,0.5936,0.2083,0.7917,,,YRFI,STRONG,STRONG YRFI,4,2026-07-06T21:33:49Z,2.456,3.751,1.037,1.272,3.031,4.123,2.28,2.96,0.92,1.42,10.39,9.76,0.318,0.334,0.417,0.398,4.755,4.544,,,,1.0,0.8,0.8,0.7,0.9,0.3898,0.3467,0.5016,0.5039,0.2033,0.2454,lineup,lineup,"[{""id"": 650490, ""name"": ""Yandy D\u00edaz"", ""bats"": ""R"", ""obp"": 0.40384615384615385, ""slg"": 0.4888888888888889, ""iso"": 0.1682539682539682, ""ab"": 315}, {""id"": 666018, ""name"": ""Jonathan Aranda"", ""bats"": ""L"", ""obp"": 0.3882978723404255, ""slg"": 0.45222929936305734, ""iso"": 0.1656050955414013, ""ab"": 314}, {""id"": 691406, ""name"": ""Junior Caminero"", ""bats"": ""R"", ""obp"": 0.3779527559055118, ""slg"": 0.5606060606060606, ""iso"": 0.27272727272727265, ""ab"": 330}]","[{""id"": 663757, ""name"": ""Trent Grisham"", ""bats"": ""L"", ""obp"": 0.3418181818181818, ""slg"": 0.4206008583690987, ""iso"": 0.18454935622317598, ""ab"": 233}, {""id"": 700250, ""name"": ""Ben Rice"", ""bats"": ""L"", ""obp"": 0.3611111111111111, ""slg"": 0.5594855305466238, ""iso"": 0.292604501607717, ""ab"": 311}, {""id"": 502671, ""name"": ""Paul Goldschmidt"", ""bats"": ""R"", ""obp"": 0.3305439330543933, ""slg"": 0.5137614678899083, ""iso"": 0.2431192660550459, ""ab"": 218}]","[{""name"": ""away_top3c_iso"", ""value"": 0.2454, ""contribution"": 0.4713}, {""name"": ""away_top3c_slg"", ""value"": 0.5039, ""contribution"": -0.3225}, {""name"": ""fi_park_nrfi_rate"", ""value"": 0.4376, ""contribution"": 0.2081}, {""name"": ""era_gap_t1"", ""value"": 1.2945, ""contribution"": 0.1408}, {""name"": ""home_xera"", ""value"": 3.2026, ""contribution"": -0.0935}]","[{""name"": ""home_top3c_slg"", ""value"": 0.5016, ""contribution"": -0.38}, {""name"": ""fi_park_nrfi_rate"", ""value"": 0.4376, ""contribution"": 0.3199}, {""name"": ""home_top3_ops_vs_oppHand"", ""value"": 0.9103, ""contribution"": 0.1758}, {""name"": ""home_top3c_obp"", ""value"": 0.3898, ""contribution"": 0.1737}, {""name"": ""home_obp"", ""value"": 0.3339, ""contribution"": 0.1408}]",621660,0.499,3.203,3.568,100.0,56.0,0.7136,0.664,5.2,5.53,0.7903,0.9103,R,R,NRFI,LOSS,0,0,0,2026-07-06T22:50:18+00:00,-135,+105,DraftKings,2026-07-06T21:45:26+00:00,0.5745,0.4878,-0.1681,0.1058,0.1058,Y,1,-1,-135,+105,2026-07-06T21:36:26+00:00,0,0.5534,PASS,NO EDGE,,,,,,,
2026-07-06,2026,824089,1,N,PHI,KC,2:10 PM ET,Cristopher Sánchez,Noah Cameron,650911,702070,live,live,live,live,0.96,0.4468,0.3116,0.7584,0.3935,0.2134,0.607,0.5494,0.4506,0.1763,0.8237,,,NRFI,LEAN,LEAN NRFI,4,2026-07-06T17:03:46Z,2.127,4.314,1.082,1.309,2.428,3.994,1.82,2.74,0.59,1.11,10.2,7.89,0.305,0.312,0.404,0.39,4.471,4.157,33.0,10.7,32.0,0.0,0.8,0.6,0.8,0.8,0.3085,0.3406,0.3852,0.4776,0.1464,0.2249,lineup,lineup,"[{""id"": 670224, ""name"": ""Kameron Misner"", ""bats"": ""L"", ""obp"": 0.24390243902439024, ""slg"": 0.25, ""iso"": 0.024999999999999994, ""ab"": 40}, {""id"": 686681, ""name"": ""Michael Massey"", ""bats"": ""L"", ""obp"": 0.28378378378378377, ""slg"": 0.42105263157894735, ""iso"": 0.16746411483253587, ""ab"": 209}, {""id"": 686555, ""name"": ""Isaac Collins"", ""bats"": ""S"", ""obp"": 0.3391003460207612, ""slg"": 0.3441295546558704, ""iso"": 0.10931174089068824, ""ab"": 247}]","[{""id"": 665561, ""name"": ""Rafael March\u00e1n"", ""bats"": ""S"", ""obp"": 0.15476190476190477, ""slg"": 0.1875, ""iso"": 0.075, ""ab"": 80}, {""id"": 702222, ""name"": ""Justin Crawford"", ""bats"": ""L"", ""obp"": 0.304029304029304, ""slg"": 0.3411764705882353, ""iso"": 0.0862745098039216, ""ab"": 255}, {""id"": 596117, ""name"": ""Garrett Stubbs"", ""bats"": ""L"", ""obp"": 0.22580645161290322, ""slg"": 0.14814814814814814, ""iso"": 0.0, ""ab"": 27}]","[{""name"": ""away_top3c_iso"", ""value"": 0.2249, ""contribution"": 0.3267}, {""name"": ""era_gap_t1"", ""value"": 2.1862, ""contribution"": 0.2373}, {""name"": ""fi_park_nrfi_rate"", ""value"": 0.5614, ""contribution"": -0.2197}, {""name"": ""away_top3c_slg"", ""value"": 0.4776, ""contribution"": -0.1891}, {""name"": ""wx_temp_c"", ""value"": 33.0, ""contribution"": 0.0703}]","[{""name"": ""home_top3c_slg"", ""value"": 0.3852, ""contribution"": 0.3426}, {""name"": ""fi_park_nrfi_rate"", ""value"": 0.5614, ""contribution"": -0.3377}, {""name"": ""away_whiff_pct_rank"", ""value"": 95.0, ""contribution"": -0.1947}, {""name"": ""away_fip"", ""value"": 2.4279, ""contribution"": -0.1667}, {""name"": ""home_top3c_iso"", ""value"": 0.1464, ""contribution"": -0.1541}]",484198,0.5395,4.444,2.881,76.0,95.0,0.6796,0.7136,4.8,6.13,0.7267,0.7793,L,L,YRFI,LOSS,1,6,7,2026-07-06T18:41:58+00:00,-125,-105,DraftKings,2026-07-06T18:02:32+00:00,0.5556,0.5122,-0.0062,-0.0616,-0.0062,N,0.5,0,-125,-105,2026-07-06T17:06:03+00:00,0,0.4877,PASS,NO EDGE,,,,,,,
2026-07-06,2026,824900,1,N,NYM,ATL,7:15 PM ET,Freddy Peralta,Reynaldo López,642547,625643,live,ltd,live,live,0.98,0.4867,0.5463,1.033,0.2877,0.3114,0.5991,0.5508,0.4492,0.2764,0.7236,,,NRFI,LEAN,LEAN NRFI,4,2026-07-06T22:08:08Z,4.185,3.687,1.319,1.282,4.069,4.212,3.53,3.46,1.18,1.12,9.21,8.38,0.302,0.313,0.381,0.411,4.09,4.84,28.5,8.8,70.0,0.0,0.0,0.4,0.25,0.6,0.3327,0.3481,0.4934,0.4469,0.2126,0.1741,lineup,lineup,"[{""id"": 671739, ""name"": ""Michael Harris II"", ""bats"": ""L"", ""obp"": 0.335423197492163, ""slg"": 0.5049833887043189, ""iso"": 0.2026578073089701, ""ab"": 301}, {""id"": 645277, ""name"": ""Ozzie Albies"", ""bats"": ""S"", ""obp"": 0.32189973614775724, ""slg"": 0.44542772861356933, ""iso"": 0.17404129793510326, ""ab"": 339}, {""id"": 621566, ""name"": ""Matt Olson"", ""bats"": ""L"", ""obp"": 0.3411458333333333, ""slg"": 0.5306122448979592, ""iso"": 0.25947521865889217, ""ab"": 343}]","[{""id"": 805999, ""name"": ""A.J. Ewing"", ""bats"": ""L"", ""obp"": 0.34574468085106386, ""slg"": 0.40963855421686746, ""iso"": 0.14457831325301201, ""ab"": 166}, {""id"": 665742, ""name"": ""Juan Soto"", ""bats"": ""L"", ""obp"": 0.40728476821192056, ""slg"": 0.5590551181102362, ""iso"": 0.25984251968503935, ""ab"": 254}, {""id"": 666182, ""name"": ""Bo Bichette"", ""bats"": ""R"", ""obp"": 0.30357142857142855, ""slg"": 0.3850415512465374, ""iso"": 0.12742382271468145, ""ab"": 361}]","[{""name"": ""home_p_last10_pitcher_nrfi"", ""value"": 0.25, ""contribution"": -0.1822}, {""name"": ""home_xera"", ""value"": 4.8984, ""contribution"": 0.0802}, {""name"": ""away_top3_ops_vs_oppHand"", ""value"": 0.82, ""contribution"": 0.0538}, {""name"": ""era_gap_t1"", ""value"": -0.4981, ""contribution"": -0.0533}, {""name"": ""home_avg_ip_per_start"", ""value"": 3.7333, ""contribution"": 0.0467}]","[{""name"": ""home_top3c_slg"", ""value"": 0.4934, ""contribution"": -0.3292}, {""name"": ""away_whiff_pct_rank"", ""value"": 90.0, ""contribution"": -0.1731}, {""name"": ""home_top3c_iso"", ""value"": 0.2126, ""contribution"": 0.1586}, {""name"": ""home_top3_ops_vs_oppHand"", ""value"": 0.832, ""contribution"": 0.082}, {""name"": ""fi_park_nrfi_rate"", ""value"": 0.5093, ""contribution"": -0.0612}]",483561,0.5039,4.898,3.353,50.0,90.0,0.7396,0.6942,3.73,4.67,0.82,0.832,R,R,NRFI,WIN,0,0,0,2026-07-06T23:33:14+00:00,+105,-140,DraftKings,2026-07-06T23:26:54+00:00,0.4878,0.5833,0.063,-0.1341,0.063,N,0.5,0,+105,-140,2026-07-06T22:10:34+00:00,0,0.4877,PASS,NO EDGE,,,,,,,
2026-07-06,2026,823205,1,N,TOR,SF,9:45 PM ET,Kevin Gausman,Landen Roupp,592332,694738,live,live,live,live,0.94,0.4169,0.4358,0.8527,0.231,0.2853,0.5162,0.5685,0.4315,0.2103,0.7897,,,NRFI,LEAN,LEAN NRFI,4,2026-07-07T00:33:45Z,4.02,4.331,1.153,1.396,3.771,3.455,2.19,3.94,1.24,0.72,8.88,9.59,0.307,0.309,0.386,0.42,4.033,4.149,16.7,19.1,76.0,0.0,0.6,0.6,0.6,0.4,0.3299,0.3322,0.4717,0.3917,0.1757,0.1107,lineup,lineup,"[{""id"": 671218, ""name"": ""Heliot Ramos"", ""bats"": ""R"", ""obp"": 0.3073170731707317, ""slg"": 0.4479166666666667, ""iso"": 0.18229166666666669, ""ab"": 192}, {""id"": 650333, ""name"": ""Luis Arraez"", ""bats"": ""L"", ""obp"": 0.36164383561643837, ""slg"": 0.46107784431137727, ""iso"": 0.1347305389221557, ""ab"": 334}, {""id"": 669477, ""name"": ""Casey Schmitt"", ""bats"": ""R"", ""obp"": 0.3088235294117647, ""slg"": 0.4968944099378882, ""iso"": 0.2142857142857143, ""ab"": 322}]","[{""id"": 676391, ""name"": ""Ernie Clement"", ""bats"": ""R"", ""obp"": 0.3159420289855073, ""slg"": 0.42900302114803623, ""iso"": 0.13595166163141992, ""ab"": 331}, {""id"": 664770, ""name"": ""Nathan Lukes"", ""bats"": ""L"", ""obp"": 0.3316062176165803, ""slg"": 0.39664804469273746, ""iso"": 0.11173184357541904, ""ab"": 179}, {""id"": 665489, ""name"": ""Vladimir Guerrero Jr."", ""bats"": ""R"", ""obp"": 0.34818941504178275, ""slg"": 0.34935897435897434, ""iso"": 0.08333333333333331, ""ab"": 312}]","[{""name"": ""away_top3c_iso"", ""value"": 0.1107, ""contribution"": -0.4774}, {""name"": ""away_top3c_slg"", ""value"": 0.3917, ""contribution"": 0.2459}, {""name"": ""home_fip"", ""value"": 3.4547, ""contribution"": -0.0588}, {""name"": ""home_p_last10_pitcher_nrfi"", ""value"": 0.6, ""contribution"": -0.0455}, {""name"": ""era_gap_t1"", ""value"": 0.3108, ""contribution"": 0.0343}]","[{""name"": ""home_top3c_slg"", ""value"": 0.4717, ""contribution"": -0.1945}, {""name"": ""away_whiff_pct_rank"", ""value"": 81.0, ""contribution"": -0.1343}, {""name"": ""away_p_last10_pitcher_nrfi"", ""value"": 0.4, ""contribution"": 0.1041}, {""name"": ""wx_wind_kmh"", ""value"": 19.1, ""contribution"": 0.0801}, {""name"": ""fi_park_nrfi_rate"", ""value"": 0.5059, ""contribution"": -0.0432}]",658536,0.5084,3.796,3.521,41.0,81.0,0.7136,0.6942,5.0,5.2,0.742,0.7867,R,R,YRFI,LOSS,0,1,1,2026-07-07T01:57:14+00:00,-140,+110,DraftKings,2026-07-07T01:57:46+00:00,0.5833,0.4762,-0.0148,-0.0447,-0.0148,N,0.5,0,-135,+105,2026-07-07T00:41:21+00:00,0.0089,0.5651,NRFI,STRONG,,,,,,,
2026-07-06,2026,823282,1,N,ARI,SD,9:40 PM ET,Brandon Pfaadt,Walker Buehler,694297,621111,live,live,live,live,0.95,0.4991,0.5132,1.0124,0.3505,0.3367,0.6872,0.4795,0.5205,0.2688,0.7312,,,PASS,NO EDGE,PASS - No edge,4,2026-07-07T01:34:03Z,5.328,4.72,1.371,1.426,4.761,4.427,2.86,3.65,1.51,1.18,7.19,7.77,0.308,0.303,0.386,0.378,4.274,3.995,24.3,16.2,72.0,0.0,0.8,0.6,0.8,0.7,0.3089,0.344,0.3726,0.4501,0.1447,0.1913,lineup,lineup,"[{""id"": 665487, ""name"": ""Fernando Tatis Jr."", ""bats"": ""R"", ""obp"": 0.34545454545454546, ""slg"": 0.3855072463768116, ""iso"": 0.10144927536231885, ""ab"": 345}, {""id"": 630105, ""name"": ""Jake Cronenworth"", ""bats"": ""L"", ""obp"": 0.2773722627737226, ""slg"": 0.23529411764705882, ""iso"": 0.0672268907563025, ""ab"": 119}, {""id"": 592518, ""name"": ""Manny Machado"", ""bats"": ""R"", ""obp"": 0.2821917808219178, ""slg"": 0.41009463722397477, ""iso"": 0.22082018927444796, ""ab"": 317}]","[{""id"": 606466, ""name"": ""Ketel Marte"", ""bats"": ""S"", ""obp"": 0.3235294117647059, ""slg"": 0.4809384164222874, ""iso"": 0.21407624633431088, ""ab"": 341}, {""id"": 672695, ""name"": ""Geraldo Perdomo"", ""bats"": ""S"", ""obp"": 0.3527777777777778, ""slg"": 0.3554817275747508, ""iso"": 0.11295681063122923, ""ab"": 301}, {""id"": 682998, ""name"": ""Corbin Carroll"", ""bats"": ""L"", ""obp"": 0.35597826086956524, ""slg"": 0.50625, ""iso"": 0.24062499999999998, ""ab"": 320}]","[{""name"": ""fi_park_nrfi_rate"", ""value"": 0.5409, ""contribution"": -0.149}, {""name"": ""home_xera"", ""value"": 5.2493, ""contribution"": 0.1162}, {""name"": ""away_top3c_iso"", ""value"": 0.1913, ""contribution"": 0.09}, {""name"": ""era_gap_t1"", ""value"": -0.6078, ""contribution"": -0.0652}, {""name"": ""home_fip"", ""value"": 4.4266, ""contribution"": 0.0503}]","[{""name"": ""home_top3c_slg"", ""value"": 0.3726, ""contribution"": 0.4211}, {""name"": ""fi_park_nrfi_rate"", ""value"": 0.5409, ""contribution"": -0.229}, {""name"": ""home_top3c_iso"", ""value"": 0.1447, ""contribution"": -0.162}, {""name"": ""home_top3_ops_vs_oppHand"", ""value"": 0.636, ""contribution"": -0.1526}, {""name"": ""home_top3c_obp"", ""value"": 0.3089, ""contribution"": -0.1102}]",605674,0.5127,5.249,5.939,15.0,50.0,0.7396,0.6909,4.87,5.2,0.7503,0.636,R,R,YRFI,PASS,2,0,2,2026-07-07T02:00:27+00:00,-105,-125,DraftKings,2026-07-07T01:57:46+00:00,0.5122,0.5556,-0.0327,-0.0351,,N,,,-105,-125,2026-07-07T01:36:53+00:00,,0.4144,YRFI,STRONG,,,,,,,
2026-07-06,2026,823036,1,N,MIL,STL,7:45 PM ET,Shane Drohan,Dustin May,675660,669160,ltd,live,live,live,0.97,0.4961,0.4664,0.9624,0.3939,0.387,0.7809,0.4492,0.5508,0.2504,0.7496,,,PASS,NO EDGE,PASS - No edge,4,2026-07-06T23:34:13Z,3.552,4.854,1.242,1.319,3.627,3.762,2.87,2.97,0.96,0.97,9.06,8.36,0.334,0.324,0.399,0.398,5.015,4.613,29.8,11.7,54.0,0.0,0.6,0.8,0.7,0.8571,0.37,0.3498,0.4491,0.4591,0.1768,0.1894,lineup,lineup,"[{""id"": 802139, ""name"": ""JJ Wetherholt"", ""bats"": ""L"", ""obp"": 0.3641160949868074, ""slg"": 0.41590214067278286, ""iso"": 0.14678899082568808, ""ab"": 327}, {""id"": 671056, ""name"": ""Iv\u00e1n Herrera"", ""bats"": ""R"", ""obp"": 0.39285714285714285, ""slg"": 0.40063091482649843, ""iso"": 0.1451104100946372, ""ab"": 317}, {""id"": 691023, ""name"": ""Jordan Walker"", ""bats"": ""R"", ""obp"": 0.3516483516483517, ""slg"": 0.5288753799392097, ""iso"": 0.23708206686930094, ""ab"": 329}]","[{""id"": 592885, ""name"": ""Christian Yelich"", ""bats"": ""L"", ""obp"": 0.32644628099173556, ""slg"": 0.38317757009345793, ""iso"": 0.14018691588785046, ""ab"": 214}, {""id"": 694192, ""name"": ""Jackson Chourio"", ""bats"": ""R"", ""obp"": 0.352, ""slg"": 0.5327510917030568, ""iso"": 0.23580786026200873, ""ab"": 229}, {""id"": 668930, ""name"": ""Brice Turang"", ""bats"": ""L"", ""obp"": 0.3631578947368421, ""slg"": 0.4573170731707317, ""iso"": 0.18902439024390244, ""ab"": 328}]","[{""name"": ""era_gap_t1"", ""value"": 1.3017, ""contribution"": 0.1416}, {""name"": ""fi_park_nrfi_rate"", ""value"": 0.527, ""contribution"": -0.1009}, {""name"": ""away_top3c_slg"", ""value"": 0.4591, ""contribution"": -0.0956}, {""name"": ""away_top3c_iso"", ""value"": 0.1894, ""contribution"": 0.0766}, {""name"": ""home_xera"", ""value"": 4.7959, ""contribution"": 0.0697}]","[{""name"": ""fi_park_nrfi_rate"", ""value"": 0.527, ""contribution"": -0.1552}, {""name"": ""home_top3_ops_vs_oppHand"", ""value"": 0.8713, ""contribution"": 0.1291}, {""name"": ""home_top3c_obp"", ""value"": 0.37, ""contribution"": 0.1043}, {""name"": ""era_gap_b1"", ""value"": -1.3017, ""contribution"": -0.089}, {""name"": ""wx_temp_c"", ""value"": 29.8, ""contribution"": 0.0714}]",664263,0.565,4.796,4.66,10.0,50.0,0.7136,0.7136,4.67,5.27,0.8307,0.8713,L,R,NRFI,PASS,0,0,0,2026-07-06T23:58:30+00:00,-120,-110,DraftKings,2026-07-06T23:57:47+00:00,0.5455,0.5238,-0.0958,0.0265,,N,,,-120,-110,2026-07-06T23:42:04+00:00,,0.4144,YRFI,STRONG,,,,,,,
2026-07-07,2026,822956,1,N,NYY,TB,6:40 PM ET,Will Warren,Ian Seymour,701542,693855,live,live,live,live,0.93,0.4582,0.4715,0.9297,0.4959,0.5197,1.0156,0.3565,0.6435,0.2384,0.7616,,,YRFI,STRONG,STRONG YRFI,4,2026-07-07T21:37:01Z,3.95,3.976,1.342,1.145,3.767,3.904,3.14,3.2,1.08,1.17,9.29,9.54,0.316,0.332,0.417,0.396,4.757,4.51,,,,1.0,0.6,0.8,0.6667,0.7,0.3857,0.3431,0.4954,0.5013,0.2008,0.2455,lineup,lineup,"[{""id"": 650490, ""name"": ""Yandy D\u00edaz"", ""bats"": ""R"", ""obp"": 0.39945652173913043, ""slg"": 0.4827586206896552, ""iso"": 0.16614420062695928, ""ab"": 319}, {""id"": 666018, ""name"": ""Jonathan Aranda"", ""bats"": ""L"", ""obp"": 0.38421052631578945, ""slg"": 0.44654088050314467, ""iso"": 0.16352201257861637, ""ab"": 318}, {""id"": 691406, ""name"": ""Junior Caminero"", ""bats"": ""R"", ""obp"": 0.37402597402597404, ""slg"": 0.5538922155688623, ""iso"": 0.26946107784431134, ""ab"": 334}]","[{""id"": 663757, ""name"": ""Trent Grisham"", ""bats"": ""L"", ""obp"": 0.33691756272401435, ""slg"": 0.41350210970464135, ""iso"": 0.18143459915611815, ""ab"": 237}, {""id"": 502671, ""name"": ""Paul Goldschmidt"", ""bats"": ""R"", ""obp"": 0.32510288065843623, ""slg"": 0.5045045045045045, ""iso"": 0.2387387387387387, ""ab"": 222}, {""id"": 700250, ""name"": ""Ben Rice"", ""bats"": ""L"", ""obp"": 0.3598901098901099, ""slg"": 0.5650793650793651, ""iso"": 0.2984126984126984, ""ab"": 315}]","[{""name"": ""away_top3c_iso"", ""value"": 0.2455, ""contribution"": 0.4718}, {""name"": ""away_top3c_slg"", ""value"": 0.5013, ""contribution"": -0.3091}, {""name"": ""fi_park_nrfi_rate"", ""value"": 0.4376, ""contribution"": 0.2081}, {""name"": ""away_top3_ops_vs_oppHand"", ""value"": 0.8987, ""contribution"": 0.1339}, {""name"": ""home_xera"", ""value"": 4.59, ""contribution"": 0.0486}]","[{""name"": ""home_top3c_slg"", ""value"": 0.4954, ""contribution"": -0.3415}, {""name"": ""fi_park_nrfi_rate"", ""value"": 0.4376, ""contribution"": 0.3199}, {""name"": ""home_top3c_obp"", ""value"": 0.3857, ""contribution"": 0.1593}, {""name"": ""home_top3_ops_vs_oppHand"", ""value"": 0.8953, ""contribution"": 0.1579}, {""name"": ""home_obp"", ""value"": 0.3322, ""contribution"": 0.1291}]",573597,0.4761,4.59,4.345,87.0,39.0,0.7136,0.7396,4.07,5.0,0.8987,0.8953,R,L,NRFI,LOSS,0,0,0,2026-07-07T22:56:32+00:00,-115,-115,DraftKings,2026-07-07T21:45:58+00:00,0.5349,0.5349,-0.1784,0.1086,0.1086,Y,1,-1,-115,-115,2026-07-07T21:35:12+00:00,0,0.4521,PASS,NO EDGE,,,,,,,
2026-07-07,2026,823929,1,N,COL,LAD,10:10 PM ET,Michael Lorenzen,Justin Wrobleski,547179,680736,live,live,live,live,0.97,0.4154,0.6666,1.082,0.2203,0.7944,1.0147,0.3571,0.6429,0.2944,0.7056,,,YRFI,STRONG,STRONG YRFI,4,2026-07-08T01:06:11Z,6.189,3.237,1.658,1.08,4.692,3.524,3.07,2.0,1.43,0.84,7.36,7.22,0.327,0.343,0.423,0.435,4.836,5.22,28.1,15.4,49.0,0.0,0.8,0.4,0.8,0.6,0.372,0.36,0.4975,0.4348,0.2149,0.1576,lineup,lineup,"[{""id"": 660271, ""name"": ""Shohei Ohtani"", ""bats"": ""L"", ""obp"": 0.4088541666666667, ""slg"": 0.5348101265822784, ""iso"": 0.240506329113924, ""ab"": 316}, {""id"": 681624, ""name"": ""Andy Pages"", ""bats"": ""R"", ""obp"": 0.32741116751269034, ""slg"": 0.46458923512747874, ""iso"": 0.20113314447592068, ""ab"": 353}, {""id"": 518692, ""name"": ""Freddie Freeman"", ""bats"": ""L"", ""obp"": 0.38046272493573263, ""slg"": 0.49702380952380953, ""iso"": 0.20535714285714285, ""ab"": 336}]","[{""id"": 650489, ""name"": ""Willi Castro"", ""bats"": ""S"", ""obp"": 0.33881578947368424, ""slg"": 0.38095238095238093, ""iso"": 0.11355311355311354, ""ab"": 273}, {""id"": 691720, ""name"": ""Kyle Karros"", ""bats"": ""R"", ""obp"": 0.36363636363636365, ""slg"": 0.42913385826771655, ""iso"": 0.16535433070866146, ""ab"": 254}, {""id"": 681198, ""name"": ""TJ Rumfield"", ""bats"": ""L"", ""obp"": 0.375, ""slg"": 0.48580441640378547, ""iso"": 0.1892744479495268, ""ab"": 317}]","[{""name"": ""era_gap_t1"", ""value"": -2.9528, ""contribution"": -0.3191}, {""name"": ""away_top3c_iso"", ""value"": 0.1576, ""contribution"": -0.1473}, {""name"": ""home_xera"", ""value"": 3.4006, ""contribution"": -0.0732}, {""name"": ""fi_park_nrfi_rate"", ""value"": 0.4823, ""contribution"": 0.0538}, {""name"": ""home_fip"", ""value"": 3.5244, ""contribution"": -0.051}]","[{""name"": ""home_top3c_slg"", ""value"": 0.4975, ""contribution"": -0.3548}, {""name"": ""home_obp"", ""value"": 0.3427, ""contribution"": 0.202}, {""name"": ""era_gap_b1"", ""value"": 2.9528, ""contribution"": 0.2005}, {""name"": ""home_top3c_iso"", ""value"": 0.2149, ""contribution"": 0.1695}, {""name"": ""home_top3_ops_vs_oppHand"", ""value"": 0.9023, ""contribution"": 0.1662}]",644760,0.6254,3.401,4.664,17.0,38.0,0.6796,0.7396,6.13,5.07,0.7437,0.9023,R,L,YRFI,WIN,0,1,1,2026-07-08T02:25:49+00:00,+105,-140,DraftKings,2026-07-08T01:13:24+00:00,0.4878,0.5833,-0.1307,0.0596,0.0596,Y,1,0.714,+105,-140,2026-07-08T01:07:34+00:00,0,0.3807,YRFI,STRONG,,,,,,,
2026-07-07,2026,824254,1,N,OAK,DET,6:40 PM ET,J.T. Ginn,Tarik Skubal,669372,669373,live,live,live,live,0.98,0.3254,0.5365,0.8619,0.2173,0.3209,0.5382,0.5685,0.4315,0.2136,0.7864,,,NRFI,LEAN,LEAN NRFI,4,2026-07-07T21:37:01Z,3.58,2.793,1.261,0.902,4.251,2.854,3.66,1.26,1.14,1.09,8.36,10.64,0.325,0.314,0.41,0.399,4.605,4.252,28.5,9.5,48.0,0.0,0.2,0.8,0.5,0.9,0.3647,0.3653,0.4294,0.5011,0.1513,0.2287,lineup,lineup,"[{""id"": 805808, ""name"": ""Kevin McGonigle"", ""bats"": ""L"", ""obp"": 0.3953488372093023, ""slg"": 0.42201834862385323, ""iso"": 0.13761467889908258, ""ab"": 327}, {""id"": 701678, ""name"": ""Hao-Yu Lee"", ""bats"": ""R"", ""obp"": 0.2876712328767123, ""slg"": 0.39568345323741005, ""iso"": 0.14388489208633093, ""ab"": 139}, {""id"": 682985, ""name"": ""Riley Greene"", ""bats"": ""L"", ""obp"": 0.3803191489361702, ""slg"": 0.47384615384615386, ""iso"": 0.18153846153846154, ""ab"": 325}]","[{""id"": 680869, ""name"": ""Zack Gelof"", ""bats"": ""R"", ""obp"": 0.33760683760683763, ""slg"": 0.49537037037037035, ""iso"": 0.21296296296296297, ""ab"": 216}, {""id"": 701762, ""name"": ""Nick Kurtz"", ""bats"": ""L"", ""obp"": 0.4154228855721393, ""slg"": 0.5123456790123457, ""iso"": 0.23765432098765438, ""ab"": 324}, {""id"": 669127, ""name"": ""Shea Langeliers"", ""bats"": ""R"", ""obp"": 0.3278236914600551, ""slg"": 0.49393939393939396, ""iso"": 0.23030303030303034, ""ab"": 330}]","[{""name"": ""away_top3c_iso"", ""value"": 0.2287, ""contribution"": 0.3539}, {""name"": ""away_top3c_slg"", ""value"": 0.5011, ""contribution"": -0.3083}, {""name"": ""home_xera"", ""value"": 2.2179, ""contribution"": -0.1944}, {""name"": ""away_top3_ops_vs_oppHand"", ""value"": 0.906, ""contribution"": 0.1414}, {""name"": ""home_fip"", ""value"": 2.8541, ""contribution"": -0.1263}]","[{""name"": ""fi_park_nrfi_rate"", ""value"": 0.5322, ""contribution"": -0.1826}, {""name"": ""away_whiff_pct_rank"", ""value"": 82.0, ""contribution"": -0.1386}, {""name"": ""home_top3c_iso"", ""value"": 0.1513, ""contribution"": -0.1306}, {""name"": ""home_top3c_obp"", ""value"": 0.3647, ""contribution"": 0.0856}, {""name"": ""home_top3c_slg"", ""value"": 0.4294, ""contribution"": 0.0685}]",427554,0.4835,2.218,3.667,100.0,82.0,0.7075,0.7272,5.87,5.8,0.906,0.8173,R,L,YRFI,LOSS,0,2,2,2026-07-07T22:55:30+00:00,-125,-105,DraftKings,2026-07-07T22:30:37+00:00,0.5556,0.5122,0.0129,-0.0807,0.0129,N,0.5,0,-125,-105,2026-07-07T21:35:12+00:00,0,0.6448,NRFI,STRONG,,,,,,,
2026-07-07,2026,822881,1,N,LAA,TEX,8:05 PM ET,José Soriano,Jacob deGrom,667755,594798,live,live,live,live,1.07,0.4648,0.5854,1.0503,0.2225,0.2813,0.5039,0.59,0.41,0.2827,0.7173,,,NRFI,LEAN,LEAN NRFI,4,2026-07-07T22:53:25Z,3.66,3.329,1.343,0.969,3.954,3.647,4.34,1.9,0.95,1.47,9.45,10.52,0.313,0.319,0.392,0.395,4.401,4.138,,,,1.0,0.6,1.0,0.6,0.6,0.3214,0.3223,0.4219,0.4188,0.1802,0.1752,lineup,lineup,"[{""id"": 592626, ""name"": ""Joc Pederson"", ""bats"": ""L"", ""obp"": 0.3381818181818182, ""slg"": 0.4661016949152542, ""iso"": 0.22457627118644066, ""ab"": 236}, {""id"": 669701, ""name"": ""Josh Smith"", ""bats"": ""L"", ""obp"": 0.3178294573643411, ""slg"": 0.3008849557522124, ""iso"": 0.07079646017699118, ""ab"": 113}, {""id"": 669394, ""name"": ""Jake Burger"", ""bats"": ""R"", ""obp"": 0.30945558739255014, ""slg"": 0.43217665615141954, ""iso"": 0.18611987381703468, ""ab"": 317}]","[{""id"": 687263, ""name"": ""Zach Neto"", ""bats"": ""R"", ""obp"": 0.32323232323232326, ""slg"": 0.45821325648414984, ""iso"": 0.2276657060518732, ""ab"": 347}, {""id"": 694384, ""name"": ""Nolan Schanuel"", ""bats"": ""L"", ""obp"": 0.32550335570469796, ""slg"": 0.376865671641791, ""iso"": 0.11940298507462682, ""ab"": 268}, {""id"": 694203, ""name"": ""Denzer Guzman"", ""bats"": ""R"", ""obp"": 0.30851063829787234, ""slg"": 0.39080459770114945, ""iso"": 0.13793103448275862, ""ab"": 87}]","[{""name"": ""fi_park_nrfi_rate"", ""value"": 0.5398, ""contribution"": -0.1451}, {""name"": ""away_top3c_slg"", ""value"": 0.4188, ""contribution"": 0.1087}, {""name"": ""home_xera"", ""value"": 3.231, ""contribution"": -0.0906}, {""name"": ""home_p_last10_pitcher_nrfi"", ""value"": 0.6, ""contribution"": -0.0455}, {""name"": ""away_top3_ops_vs_oppHand"", ""value"": 0.7267, ""contribution"": -0.0414}]","[{""name"": ""fi_park_nrfi_rate"", ""value"": 0.5398, ""contribution"": -0.2231}, {""name"": ""home_top3c_slg"", ""value"": 0.4219, ""contribution"": 0.1147}, {""name"": ""away_whiff_pct_rank"", ""value"": 71.0, ""contribution"": -0.0911}, {""name"": ""wx_is_dome"", ""value"": 1.0, ""contribution"": -0.0758}, {""name"": ""home_top3c_obp"", ""value"": 0.3214, ""contribution"": -0.0663}]",489985,0.4845,3.231,3.855,82.0,71.0,0.6363,0.7709,6.2,4.8,0.7267,0.7307,R,R,YRFI,LOSS,2,0,2,2026-07-08T00:24:28+00:00,-160,+120,DraftKings,2026-07-07T23:56:41+00:00,0.6154,0.4545,-0.0254,-0.0445,-0.0254,N,0.5,0,-160,+120,2026-07-07T22:56:47+00:00,0,0.6536,NRFI,STRONG,,,,,,,
2026-07-07,2026,822713,1,N,HOU,WSH,6:45 PM ET,Tatsuya Imai,Andrew Alvarez,837227,674841,ltd,ltd,live,live,0.97,0.4395,0.6713,1.1108,0.3261,0.5428,0.8689,0.4064,0.5936,0.3049,0.6951,,,YRFI,STRONG,STRONG YRFI,4,2026-07-07T21:37:01Z,5.246,3.426,1.375,1.307,4.497,3.345,4.4,3.31,1.37,0.74,10.1,9.55,0.315,0.323,0.411,0.429,4.551,5.276,28.1,5.4,74.0,0.0,1.0,0.6,0.9,0.7,0.3542,0.3665,0.5308,0.4884,0.2665,0.2177,lineup,lineup,"[{""id"": 695578, ""name"": ""James Wood"", ""bats"": ""L"", ""obp"": 0.39767441860465114, ""slg"": 0.5413105413105413, ""iso"": 0.27350427350427353, ""ab"": 351}, {""id"": 665953, ""name"": ""Andr\u00e9s Chaparro"", ""bats"": ""R"", ""obp"": 0.31666666666666665, ""slg"": 0.2857142857142857, ""iso"": 0.12244897959183673, ""ab"": 49}, {""id"": 678554, ""name"": ""Curtis Mead"", ""bats"": ""R"", ""obp"": 0.3333333333333333, ""slg"": 0.4834710743801653, ""iso"": 0.24380165289256198, ""ab"": 242}]","[{""id"": 669699, ""name"": ""Braden Shewmake"", ""bats"": ""L"", ""obp"": 0.2716049382716049, ""slg"": 0.4230769230769231, ""iso"": 0.16666666666666669, ""ab"": 78}, {""id"": 670541, ""name"": ""Yordan Alvarez"", ""bats"": ""L"", ""obp"": 0.4256926952141058, ""slg"": 0.6303030303030303, ""iso"": 0.3121212121212121, ""ab"": 330}, {""id"": 670623, ""name"": ""Isaac Paredes"", ""bats"": ""R"", ""obp"": 0.3462603878116344, ""slg"": 0.4180064308681672, ""iso"": 0.16720257234726688, ""ab"": 311}]","[{""name"": ""away_top3c_iso"", ""value"": 0.2177, ""contribution"": 0.276}, {""name"": ""away_top3c_slg"", ""value"": 0.4884, ""contribution"": -0.2438}, {""name"": ""era_gap_t1"", ""value"": -1.8198, ""contribution"": -0.1964}, {""name"": ""fi_park_nrfi_rate"", ""value"": 0.4761, ""contribution"": 0.0751}, {""name"": ""home_p_last10_pitcher_nrfi"", ""value"": 0.9, ""contribution"": 0.0716}]","[{""name"": ""home_top3c_slg"", ""value"": 0.5308, ""contribution"": -0.5613}, {""name"": ""home_top3c_iso"", ""value"": 0.2665, ""contribution"": 0.4131}, {""name"": ""home_top3_ops_vs_oppHand"", ""value"": 0.9, ""contribution"": 0.1634}, {""name"": ""era_gap_b1"", ""value"": 1.8198, ""contribution"": 0.1234}, {""name"": ""fi_park_nrfi_rate"", ""value"": 0.4761, ""contribution"": 0.1154}]",575629,0.4774,4.2,0.926,50.0,50.0,0.7136,0.7136,4.2,3.8,0.7807,0.9,R,L,YRFI,WIN,0,1,1,2026-07-07T23:06:43+00:00,+105,-135,DraftKings,2026-07-07T21:45:58+00:00,0.4878,0.5745,-0.0814,0.0191,0.0191,Y,1,0.741,+105,-135,2026-07-07T21:40:29+00:00,0,0.4877,PASS,NO EDGE,,,,,,,
2026-07-07,2026,823361,1,N,ATL,PIT,6:40 PM ET,Hurston Waldrep,Paul Skenes,694462,694973,ltd,live,live,live,0.96,0.3479,0.5488,0.8967,0.2266,0.4136,0.6402,0.5479,0.4521,0.2263,0.7737,,,NRFI,LEAN,LEAN NRFI,4,2026-07-07T21:37:01Z,3.584,3.138,1.289,0.992,3.917,2.764,3.68,2.03,0.93,0.88,8.8,10.85,0.314,0.337,0.412,0.42,4.851,5.118,28.4,3.9,62.0,0.0,0.8,0.6,0.8,0.7,0.356,0.3345,0.457,0.501,0.1844,0.218,lineup,lineup,"[{""id"": 663968, ""name"": ""Jake Mangum"", ""bats"": ""S"", ""obp"": 0.3568281938325991, ""slg"": 0.36363636363636365, ""iso"": 0.057416267942583754, ""ab"": 209}, {""id"": 664040, ""name"": ""Brandon Lowe"", ""bats"": ""L"", ""obp"": 0.31648936170212766, ""slg"": 0.4984894259818731, ""iso"": 0.25679758308157097, ""ab"": 331}, {""id"": 687394, ""name"": ""Jack Brannigan"", ""bats"": ""R"", ""obp"": null, ""slg"": null, ""iso"": null, ""ab"": null}]","[{""id"": 671739, ""name"": ""Michael Harris II"", ""bats"": ""L"", ""obp"": 0.3384615384615385, ""slg"": 0.50814332247557, ""iso"": 0.2019543973941368, ""ab"": 307}, {""id"": 571657, ""name"": ""Kyle Farmer"", ""bats"": ""R"", ""obp"": 0.26666666666666666, ""slg"": 0.35714285714285715, ""iso"": 0.07142857142857145, ""ab"": 14}, {""id"": 621566, ""name"": ""Matt Olson"", ""bats"": ""L"", ""obp"": 0.3435897435897436, ""slg"": 0.5459770114942529, ""iso"": 0.27298850574712646, ""ab"": 348}]","[{""name"": ""away_top3c_slg"", ""value"": 0.501, ""contribution"": -0.3076}, {""name"": ""away_top3c_iso"", ""value"": 0.218, ""contribution"": 0.2783}, {""name"": ""home_xera"", ""value"": 2.0935, ""contribution"": -0.2072}, {""name"": ""home_fip"", ""value"": 2.7641, ""contribution"": -0.1364}, {""name"": ""away_top3_ops_vs_oppHand"", ""value"": 0.8523, ""contribution"": 0.0867}]","[{""name"": ""home_obp"", ""value"": 0.3366, ""contribution"": 0.1597}, {""name"": ""fi_park_nrfi_rate"", ""value"": 0.5188, ""contribution"": -0.1113}, {""name"": ""home_top3c_slg"", ""value"": 0.457, ""contribution"": -0.1034}, {""name"": ""wx_wind_kmh"", ""value"": 3.9, ""contribution"": -0.0799}, {""name"": ""home_top3_ops_vs_oppHand"", ""value"": 0.8213, ""contribution"": 0.0693}]",483569,0.5176,2.094,4.2,86.0,50.0,0.6796,0.7136,5.4,5.2,0.8523,0.8213,R,R,YRFI,LOSS,1,4,5,2026-07-07T23:07:04+00:00,-125,-105,DraftKings,2026-07-07T22:30:37+00:00,0.5556,0.5122,-0.0077,-0.0601,-0.0077,N,0.5,0,-125,-105,2026-07-07T21:35:12+00:00,0,0.6370,NRFI,STRONG,,,,,,,
2026-07-07,2026,823687,1,N,CLE,MIN,7:40 PM ET,Joey Cantillo,Taj Bradley,676282,671737,live,live,live,live,0.97,0.4941,0.5768,1.0709,0.2712,0.2607,0.5319,0.5685,0.4315,0.2903,0.7097,,,NRFI,LEAN,LEAN NRFI,4,2026-07-07T22:36:42Z,3.722,4.23,1.329,1.295,4.231,4.098,4.17,3.77,1.13,1.22,9.14,9.67,0.313,0.321,0.374,0.416,4.052,4.863,28.5,6.6,64.0,0.0,0.6,0.6,0.5,0.8,0.3191,0.3312,0.4056,0.4097,0.1576,0.1498,lineup,lineup,"[{""id"": 668885, ""name"": ""Austin Martin"", ""bats"": ""R"", ""obp"": 0.3549618320610687, ""slg"": 0.3273542600896861, ""iso"": 0.08071748878923768, ""ab"": 223}, {""id"": 686797, ""name"": ""Brooks Lee"", ""bats"": ""S"", ""obp"": 0.30547550432276654, ""slg"": 0.434375, ""iso"": 0.184375, ""ab"": 320}, {""id"": 605137, ""name"": ""Josh Bell"", ""bats"": ""S"", ""obp"": 0.3057142857142857, ""slg"": 0.43125, ""iso"": 0.184375, ""ab"": 320}]","[{""id"": 683953, ""name"": ""Travis Bazzana"", ""bats"": ""L"", ""obp"": 0.33858267716535434, ""slg"": 0.4117647058823529, ""iso"": 0.16289592760180993, ""ab"": 221}, {""id"": 681807, ""name"": ""David Fry"", ""bats"": ""R"", ""obp"": 0.3263888888888889, ""slg"": 0.3902439024390244, ""iso"": 0.17886178861788618, ""ab"": 123}, {""id"": 800050, ""name"": ""Chase DeLauter"", ""bats"": ""L"", ""obp"": 0.3366013071895425, ""slg"": 0.42028985507246375, ""iso"": 0.14855072463768115, ""ab"": 276}]","[{""name"": ""away_top3c_iso"", ""value"": 0.1498, ""contribution"": -0.2019}, {""name"": ""away_top3c_slg"", ""value"": 0.4097, ""contribution"": 0.1546}, {""name"": ""fi_park_nrfi_rate"", ""value"": 0.5348, ""contribution"": -0.1278}, {""name"": ""home_p_last10_pitcher_nrfi"", ""value"": 0.5, ""contribution"": -0.0846}, {""name"": ""era_gap_t1"", ""value"": 0.5081, ""contribution"": 0.0556}]","[{""name"": ""home_top3c_slg"", ""value"": 0.4056, ""contribution"": 0.2164}, {""name"": ""fi_park_nrfi_rate"", ""value"": 0.5348, ""contribution"": -0.1964}, {""name"": ""away_whiff_pct_rank"", ""value"": 89.0, ""contribution"": -0.1688}, {""name"": ""home_top3c_iso"", ""value"": 0.1576, ""contribution"": -0.1011}, {""name"": ""home_top3_ops_vs_oppHand"", ""value"": 0.6957, ""contribution"": -0.0812}]",427243,0.4707,4.08,3.575,52.0,89.0,0.7396,0.678,5.6,5.8,0.752,0.6957,L,R,NRFI,WIN,0,0,0,2026-07-07T23:55:10+00:00,-130,+100,DraftKings,2026-07-07T23:56:41+00:00,0.5652,0.5,0.0033,-0.0685,0.0033,N,0.5,0,-130,+100,2026-07-07T22:35:56+00:00,0,0.6416,NRFI,STRONG,,,,,,,
2026-07-07,2026,824579,1,N,BOS,CWS,7:40 PM ET,Payton Tolle,Noah Schultz,801139,702273,ltd,ltd,live,live,0.98,0.5306,0.4804,1.011,0.398,0.4195,0.8175,0.4336,0.5664,0.2683,0.7317,,,PASS,LOW LAMBDA,PASS - Low lambda,4,2026-07-07T23:37:30Z,3.663,5.046,1.169,1.307,3.779,4.442,2.84,4.23,1.06,1.13,8.9,8.55,0.313,0.32,0.389,0.416,4.121,4.764,24.5,7.2,74.0,0.0,0.6,0.8,0.6667,0.7,0.3311,0.3359,0.5033,0.4333,0.2628,0.1578,lineup,lineup,"[{""id"": 678246, ""name"": ""Miguel Vargas"", ""bats"": ""R"", ""obp"": 0.3629242819843342, ""slg"": 0.49375, ""iso"": 0.246875, ""ab"": 320}, {""id"": 643217, ""name"": ""Andrew Benintendi"", ""bats"": ""L"", ""obp"": 0.29818181818181816, ""slg"": 0.424, ""iso"": 0.184, ""ab"": 250}, {""id"": 695657, ""name"": ""Colson Montgomery"", ""bats"": ""L"", ""obp"": 0.3089887640449438, ""slg"": 0.4921135646687697, ""iso"": 0.26813880126182965, ""ab"": 317}]","[{""id"": 678011, ""name"": ""Anthony Seigler"", ""bats"": ""S"", ""obp"": 0.3898305084745763, ""slg"": 0.4807692307692308, ""iso"": 0.17307692307692307, ""ab"": 52}, {""id"": 678882, ""name"": ""Ceddanne Rafaela"", ""bats"": ""R"", ""obp"": 0.33136094674556216, ""slg"": 0.43174603174603177, ""iso"": 0.14920634920634923, ""ab"": 315}, {""id"": 677800, ""name"": ""Wilyer Abreu"", ""bats"": ""L"", ""obp"": 0.33153638814016173, ""slg"": 0.42727272727272725, ""iso"": 0.16363636363636364, ""ab"": 330}]","[{""name"": ""away_top3_ops_vs_oppHand"", ""value"": 0.9223, ""contribution"": 0.1581}, {""name"": ""era_gap_t1"", ""value"": 1.3821, ""contribution"": 0.1503}, {""name"": ""away_top3c_iso"", ""value"": 0.1578, ""contribution"": -0.1456}, {""name"": ""home_xera"", ""value"": 3.2713, ""contribution"": -0.0865}, {""name"": ""fi_park_nrfi_rate"", ""value"": 0.473, ""contribution"": 0.0859}]","[{""name"": ""home_top3c_iso"", ""value"": 0.2628, ""contribution"": 0.3956}, {""name"": ""home_top3c_slg"", ""value"": 0.5033, ""contribution"": -0.3907}, {""name"": ""home_top3_ops_vs_oppHand"", ""value"": 0.9983, ""contribution"": 0.2812}, {""name"": ""away_whiff_pct_rank"", ""value"": 100.0, ""contribution"": -0.2163}, {""name"": ""fi_park_nrfi_rate"", ""value"": 0.473, ""contribution"": 0.1321}]",605671,0.5497,3.271,3.327,50.0,100.0,0.7136,0.7136,4.33,5.4,0.9223,0.9983,L,L,NRFI,PASS,0,0,0,2026-07-08T00:05:25+00:00,-120,-110,DraftKings,2026-07-07T23:56:41+00:00,0.5455,0.5238,-0.1119,0.0426,0.0814,N,1,,-120,-110,2026-07-07T23:36:11+00:00,0,0.5651,NRFI,STRONG,,,,,,,
2026-07-07,2026,824820,1,N,CHC,BAL,6:35 PM ET,Matthew Boyd,Shane Baz,571510,669358,live,live,live,live,1.06,0.5959,0.4851,1.081,0.2771,0.3699,0.6469,0.5479,0.4521,0.294,0.706,,,NRFI,LEAN,LEAN NRFI,4,2026-07-07T21:05:07Z,4.058,4.383,1.231,1.359,3.537,3.96,2.38,3.47,1.01,0.97,8.78,8.26,0.335,0.319,0.409,0.397,4.976,4.561,26.4,4.0,83.0,0.0,0.4,0.6,0.4,0.6,0.3333,0.363,0.3974,0.4205,0.156,0.165,lineup,lineup,"[{""id"": 621493, ""name"": ""Taylor Ward"", ""bats"": ""R"", ""obp"": 0.37772397094430993, ""slg"": 0.35294117647058826, ""iso"": 0.10000000000000003, ""ab"": 340}, {""id"": 668939, ""name"": ""Adley Rutschman"", ""bats"": ""S"", ""obp"": 0.3228346456692913, ""slg"": 0.45089285714285715, ""iso"": 0.19642857142857145, ""ab"": 224}, {""id"": 683002, ""name"": ""Gunnar Henderson"", ""bats"": ""L"", ""obp"": 0.29539951573849876, ""slg"": 0.40591397849462363, ""iso"": 0.18279569892473116, ""ab"": 372}]","[{""id"": 691718, ""name"": ""Pete Crow-Armstrong"", ""bats"": ""L"", ""obp"": 0.38303341902313626, ""slg"": 0.5267857142857143, ""iso"": 0.23511904761904762, ""ab"": 336}, {""id"": 608324, ""name"": ""Alex Bregman"", ""bats"": ""R"", ""obp"": 0.3399503722084367, ""slg"": 0.34492753623188405, ""iso"": 0.1043478260869565, ""ab"": 345}, {""id"": 683737, ""name"": ""Michael Busch"", ""bats"": ""L"", ""obp"": 0.36683417085427134, ""slg"": 0.39076923076923076, ""iso"": 0.15692307692307692, ""ab"": 325}]","[{""name"": ""home_p_last10_pitcher_nrfi"", ""value"": 0.4, ""contribution"": -0.1236}, {""name"": ""away_top3c_slg"", ""value"": 0.4205, ""contribution"": 0.1003}, {""name"": ""away_top3c_iso"", ""value"": 0.165, ""contribution"": -0.0949}, {""name"": ""fi_park_nrfi_rate"", ""value"": 0.519, ""contribution"": -0.0733}, {""name"": ""era_gap_t1"", ""value"": 0.3248, ""contribution"": 0.0358}]","[{""name"": ""home_top3c_slg"", ""value"": 0.3974, ""contribution"": 0.2668}, {""name"": ""fi_park_nrfi_rate"", ""value"": 0.519, ""contribution"": -0.1127}, {""name"": ""home_top3c_iso"", ""value"": 0.156, ""contribution"": -0.1087}, {""name"": ""wx_wind_kmh"", ""value"": 4.0, ""contribution"": -0.0789}, {""name"": ""home_plate_ump_nrfi_rate"", ""value"": 0.4534, ""contribution"": -0.0501}]",594151,0.4534,3.874,3.564,59.0,41.0,0.7272,0.7396,5.93,4.87,0.792,0.7587,L,R,NRFI,WIN,0,0,0,2026-07-07T23:45:10+00:00,-105,-120,DraftKings,2026-07-07T23:30:51+00:00,0.5122,0.5455,0.0357,-0.0934,0.0357,N,0.5,0,-110,-120,2026-07-07T21:29:50+00:00,-0.0116,0.5651,NRFI,STRONG,,,,,,,
2026-07-07,2026,823847,1,N,SEA,MIA,6:40 PM ET,Bryan Woo,Max Meyer,693433,676974,live,live,live,live,0.95,0.4184,0.3739,0.7923,0.3442,0.3907,0.7349,0.4772,0.5228,0.1884,0.8116,,,PASS,NO EDGE,PASS - No edge,4,2026-07-07T22:36:42Z,3.816,3.073,1.001,1.176,3.163,3.637,1.73,3.07,0.94,1.04,9.03,9.61,0.313,0.329,0.386,0.41,4.146,4.58,,,,1.0,0.6,1.0,0.6,1.0,0.3605,0.3531,0.4881,0.4447,0.1877,0.1873,lineup,lineup,"[{""id"": 689414, ""name"": ""Liam Hicks"", ""bats"": ""L"", ""obp"": 0.36477987421383645, ""slg"": 0.463768115942029, ""iso"": 0.17391304347826086, ""ab"": 276}, {""id"": 669065, ""name"": ""Kyle Stowers"", ""bats"": ""L"", ""obp"": 0.33451957295373663, ""slg"": 0.46963562753036436, ""iso"": 0.22267206477732793, ""ab"": 247}, {""id"": 672640, ""name"": ""Otto Lopez"", ""bats"": ""R"", ""obp"": 0.37597911227154046, ""slg"": 0.5196629213483146, ""iso"": 0.1741573033707865, ""ab"": 356}]","[{""id"": 641487, ""name"": ""J.P. Crawford"", ""bats"": ""L"", ""obp"": 0.33116883116883117, ""slg"": 0.35384615384615387, ""iso"": 0.14230769230769233, ""ab"": 260}, {""id"": 668227, ""name"": ""Randy Arozarena"", ""bats"": ""R"", ""obp"": 0.375, ""slg"": 0.4506578947368421, ""iso"": 0.16447368421052633, ""ab"": 304}, {""id"": 642215, ""name"": ""Weston Wilson"", ""bats"": ""R"", ""obp"": 0.3, ""slg"": 0.2830188679245283, ""iso"": 0.07547169811320753, ""ab"": 53}]","[{""name"": ""fi_park_nrfi_rate"", ""value"": 0.455, ""contribution"": 0.1479}, {""name"": ""era_gap_t1"", ""value"": -0.7438, ""contribution"": -0.0799}, {""name"": ""home_xera"", ""value"": 4.8244, ""contribution"": 0.0727}, {""name"": ""away_top3c_iso"", ""value"": 0.1873, ""contribution"": 0.0617}, {""name"": ""away_top3_ops_vs_oppHand"", ""value"": 0.8163, ""contribution"": 0.05}]","[{""name"": ""home_top3c_slg"", ""value"": 0.4881, ""contribution"": -0.2961}, {""name"": ""fi_park_nrfi_rate"", ""value"": 0.455, ""contribution"": 0.2273}, {""name"": ""home_top3_ops_vs_oppHand"", ""value"": 0.8577, ""contribution"": 0.1128}, {""name"": ""home_obp"", ""value"": 0.3289, ""contribution"": 0.1056}, {""name"": ""away_p_last10_pitcher_nrfi"", ""value"": 1.0, ""contribution"": -0.0929}]",503490,0.5467,4.824,2.986,79.0,50.0,0.6796,0.7136,5.87,5.73,0.8163,0.8577,R,R,NRFI,PASS,0,0,0,2026-07-07T22:55:31+00:00,-135,+105,DraftKings,2026-07-07T22:45:32+00:00,0.5745,0.4878,-0.0973,0.035,,N,,,-135,+100,2026-07-07T22:35:56+00:00,,0.4653,PASS,NO EDGE,,,,,,,
2026-07-07,2026,823607,1,N,KC,NYM,7:10 PM ET,Seth Lugo,Cionel Pérez,607625,672335,live,ltd,live,live,0.96,0.5391,0.5142,1.0532,0.7534,0.4656,1.219,0.3219,0.6781,0.2838,0.7162,,,YRFI,STRONG,STRONG YRFI,4,2026-07-07T22:06:05Z,4.185,5.182,1.354,1.42,4.459,4.646,2.99,3.61,1.29,1.39,7.3,8.38,0.315,0.303,0.395,0.383,4.259,4.118,19.6,11.4,88.0,0.0,1.0,0.2,1.0,0.3,0.3501,0.3362,0.4482,0.4322,0.1755,0.1731,lineup,lineup,"[{""id"": 805999, ""name"": ""A.J. Ewing"", ""bats"": ""L"", ""obp"": 0.34196891191709844, ""slg"": 0.4, ""iso"": 0.1411764705882353, ""ab"": 170}, {""id"": 665742, ""name"": ""Juan Soto"", ""bats"": ""L"", ""obp"": 0.41368078175895767, ""slg"": 0.5703125, ""iso"": 0.26953125, ""ab"": 256}, {""id"": 666182, ""name"": ""Bo Bichette"", ""bats"": ""R"", ""obp"": 0.3047858942065491, ""slg"": 0.38524590163934425, ""iso"": 0.1256830601092896, ""ab"": 366}]","[{""id"": 695600, ""name"": ""Carter Jensen"", ""bats"": ""L"", ""obp"": 0.309375, ""slg"": 0.4425087108013937, ""iso"": 0.19512195121951217, ""ab"": 287}, {""id"": 677951, ""name"": ""Bobby Witt Jr."", ""bats"": ""R"", ""obp"": 0.36363636363636365, ""slg"": 0.46686746987951805, ""iso"": 0.17469879518072284, ""ab"": 332}, {""id"": 657041, ""name"": ""Lane Thomas"", ""bats"": ""R"", ""obp"": 0.3292181069958848, ""slg"": 0.36231884057971014, ""iso"": 0.14009661835748793, ""ab"": 207}]","[{""name"": ""home_xera"", ""value"": 9.77, ""contribution"": 0.5794}, {""name"": ""home_avg_ip_per_start"", ""value"": 1.0, ""contribution"": 0.1342}, {""name"": ""home_p_last10_pitcher_nrfi"", ""value"": 1.0, ""contribution"": 0.1107}, {""name"": ""era_gap_t1"", ""value"": 0.9964, ""contribution"": 0.1085}, {""name"": ""home_fip"", ""value"": 4.6464, ""contribution"": 0.075}]","[{""name"": ""away_whiff_pct_rank"", ""value"": 12.0, ""contribution"": 0.1635}, {""name"": ""away_p_last10_pitcher_nrfi"", ""value"": 0.3, ""contribution"": 0.137}, {""name"": ""home_obp"", ""value"": 0.3031, ""contribution"": -0.0747}, {""name"": ""home_top3_ops_vs_oppHand"", ""value"": 0.8213, ""contribution"": 0.0693}, {""name"": ""era_gap_b1"", ""value"": -0.9964, ""contribution"": -0.0682}]",427292,0.5307,9.77,4.793,30.0,12.0,0.7136,0.7136,1.0,5.07,0.813,0.8213,R,L,YRFI,WIN,0,3,3,2026-07-07T23:30:33+00:00,-110,-115,DraftKings,2026-07-07T22:14:39+00:00,0.5238,0.5349,-0.2019,0.1432,0.1432,Y,1,0.87,-110,-115,2026-07-07T22:02:24+00:00,0,0.3767,YRFI,STRONG,,,,,,,
2026-07-07,2026,824495,1,N,PHI,CIN,7:10 PM ET,Zack Wheeler,Andrew Abbott,554430,671096,live,live,live,live,1.09,0.6389,0.4093,1.0482,0.3952,0.2724,0.6676,0.5274,0.4726,0.282,0.718,,,NRFI,LEAN,LEAN NRFI,4,2026-07-07T22:06:05Z,2.477,3.581,0.94,1.354,3.207,4.732,2.16,3.69,1.06,1.31,10.22,7.26,0.306,0.31,0.404,0.391,4.439,4.226,29.6,8.7,55.0,0.0,0.4,1.0,0.5,0.9,0.3406,0.3431,0.4707,0.4778,0.2162,0.2241,lineup,lineup,"[{""id"": 682829, ""name"": ""Elly De La Cruz"", ""bats"": ""S"", ""obp"": 0.34294871794871795, ""slg"": 0.4767025089605735, ""iso"": 0.2043010752688172, ""ab"": 279}, {""id"": 701398, ""name"": ""Sal Stewart"", ""bats"": ""R"", ""obp"": 0.3385012919896641, ""slg"": 0.46607669616519176, ""iso"": 0.21238938053097345, ""ab"": 339}, {""id"": 668709, ""name"": ""JJ Bleday"", ""bats"": ""L"", ""obp"": 0.34108527131782945, ""slg"": 0.4703196347031963, ""iso"": 0.2374429223744292, ""ab"": 219}]","[{""id"": 607208, ""name"": ""Trea Turner"", ""bats"": ""R"", ""obp"": 0.2875318066157761, ""slg"": 0.36684782608695654, ""iso"": 0.12500000000000003, ""ab"": 368}, {""id"": 656941, ""name"": ""Kyle Schwarber"", ""bats"": ""L"", ""obp"": 0.36855670103092786, ""slg"": 0.5613496932515337, ""iso"": 0.3098159509202454, ""ab"": 326}, {""id"": 547180, ""name"": ""Bryce Harper"", ""bats"": ""L"", ""obp"": 0.3743455497382199, ""slg"": 0.5203761755485894, ""iso"": 0.25078369905956116, ""ab"": 319}]","[{""name"": ""away_top3c_iso"", ""value"": 0.2241, ""contribution"": 0.3211}, {""name"": ""away_top3c_slg"", ""value"": 0.4778, ""contribution"": -0.19}, {""name"": ""era_gap_t1"", ""value"": 1.1041, ""contribution"": 0.1202}, {""name"": ""home_fip"", ""value"": 4.7321, ""contribution"": 0.0846}, {""name"": ""home_p_last10_pitcher_nrfi"", ""value"": 0.5, ""contribution"": -0.0846}]","[{""name"": ""home_top3c_slg"", ""value"": 0.4707, ""contribution"": -0.1884}, {""name"": ""away_whiff_pct_rank"", ""value"": 93.0, ""contribution"": -0.1861}, {""name"": ""home_top3c_iso"", ""value"": 0.2162, ""contribution"": 0.1758}, {""name"": ""away_fip"", ""value"": 3.2067, ""contribution"": -0.0835}, {""name"": ""home_plate_ump_nrfi_rate"", ""value"": 0.4271, ""contribution"": -0.0772}]",623946,0.4271,3.784,1.949,43.0,93.0,0.7272,0.7613,5.27,5.87,0.7337,0.7887,R,L,NRFI,WIN,0,0,0,2026-07-07T23:25:11+00:00,-105,-125,DraftKings,2026-07-07T23:30:51+00:00,0.5122,0.5556,0.0152,-0.083,0.0152,N,0.5,0,-105,-125,2026-07-07T22:02:24+00:00,0,0.6460,NRFI,STRONG,,,,,,,
2026-07-07,2026,823203,1,N,TOR,SF,9:45 PM ET,Spencer Miles,Trevor McDonald,693686,686790,ltd,ltd,live,live,0.94,0.4015,0.4189,0.8204,0.2726,0.2864,0.5589,0.5603,0.4397,0.1986,0.8014,,,NRFI,LEAN,LEAN NRFI,4,2026-07-08T00:36:33Z,3.4,4.317,1.134,1.242,3.556,3.71,2.87,2.97,0.9,0.87,8.99,8.25,0.306,0.31,0.385,0.421,4.005,4.205,16.0,22.3,80.0,0.0,0.6,1.0,0.7,1.0,0.3303,0.3311,0.4785,0.389,0.1823,0.1092,lineup,lineup,"[{""id"": 671218, ""name"": ""Heliot Ramos"", ""bats"": ""R"", ""obp"": 0.3142857142857143, ""slg"": 0.49238578680203043, ""iso"": 0.2182741116751269, ""ab"": 197}, {""id"": 650333, ""name"": ""Luis Arraez"", ""bats"": ""L"", ""obp"": 0.3621621621621622, ""slg"": 0.45857988165680474, ""iso"": 0.13313609467455623, ""ab"": 338}, {""id"": 669477, ""name"": ""Casey Schmitt"", ""bats"": ""R"", ""obp"": 0.30523255813953487, ""slg"": 0.49079754601226994, ""iso"": 0.2116564417177914, ""ab"": 326}]","[{""id"": 676391, ""name"": ""Ernie Clement"", ""bats"": ""R"", ""obp"": 0.3151862464183381, ""slg"": 0.42686567164179107, ""iso"": 0.13432835820895522, ""ab"": 335}, {""id"": 664770, ""name"": ""Nathan Lukes"", ""bats"": ""L"", ""obp"": 0.3299492385786802, ""slg"": 0.39344262295081966, ""iso"": 0.10928961748633881, ""ab"": 183}, {""id"": 665489, ""name"": ""Vladimir Guerrero Jr."", ""bats"": ""R"", ""obp"": 0.34710743801652894, ""slg"": 0.346031746031746, ""iso"": 0.08253968253968252, ""ab"": 315}]","[{""name"": ""away_top3c_iso"", ""value"": 0.1092, ""contribution"": -0.4877}, {""name"": ""away_top3c_slg"", ""value"": 0.389, ""contribution"": 0.2599}, {""name"": ""era_gap_t1"", ""value"": 0.9167, ""contribution"": 0.0999}, {""name"": ""wx_wind_kmh"", ""value"": 22.3, ""contribution"": 0.0481}, {""name"": ""away_top3_ops_vs_oppHand"", ""value"": 0.7363, ""contribution"": -0.0315}]","[{""name"": ""home_top3c_slg"", ""value"": 0.4785, ""contribution"": -0.2368}, {""name"": ""wx_wind_kmh"", ""value"": 22.3, ""contribution"": 0.1137}, {""name"": ""away_whiff_pct_rank"", ""value"": 24.0, ""contribution"": 0.1117}, {""name"": ""away_p_last10_pitcher_nrfi"", ""value"": 1.0, ""contribution"": -0.0929}, {""name"": ""era_gap_b1"", ""value"": -0.9167, ""contribution"": -0.0628}]",427128,0.4785,4.2,4.35,50.0,24.0,0.7136,0.7136,4.6,3.0,0.7363,0.7957,R,R,NRFI,WIN,0,0,0,2026-07-08T01:57:10+00:00,-140,+110,DraftKings,2026-07-08T02:01:01+00:00,0.5833,0.4762,-0.023,-0.0365,-0.023,N,0.5,0,-135,+105,2026-07-08T00:40:34+00:00,0.0089,0.4877,PASS,NO EDGE,,,,,,,
2026-07-07,2026,823062,1,S,MIL,STL,2:15 PM ET,Jacob Misiorowski,Matt Svanson,694819,694335,live,ltd,live,live,0.97,0.5308,0.3383,0.8691,0.5135,0.2575,0.771,0.4657,0.5343,0.2162,0.7838,,,PASS,NO EDGE,PASS - No edge,4,2026-07-07T17:57:49Z,2.249,4.806,0.91,1.359,2.429,3.909,2.7,3.75,0.76,1.01,12.66,9.34,0.334,0.323,0.398,0.397,5.005,4.597,31.1,5.0,51.0,0.0,0.5,0.8,0.5,0.9,0.3649,0.3477,0.4265,0.4534,0.1601,0.1865,lineup,lineup,"[{""id"": 802139, ""name"": ""JJ Wetherholt"", ""bats"": ""L"", ""obp"": 0.360313315926893, ""slg"": 0.4108761329305136, ""iso"": 0.14501510574018128, ""ab"": 331}, {""id"": 671056, ""name"": ""Iv\u00e1n Herrera"", ""bats"": ""R"", ""obp"": 0.3888888888888889, ""slg"": 0.3956386292834891, ""iso"": 0.14330218068535827, ""ab"": 321}, {""id"": 676475, ""name"": ""Alec Burleson"", ""bats"": ""L"", ""obp"": 0.34408602150537637, ""slg"": 0.4716417910447761, ""iso"": 0.19104477611940296, ""ab"": 335}]","[{""id"": 592885, ""name"": ""Christian Yelich"", ""bats"": ""L"", ""obp"": 0.32388663967611336, ""slg"": 0.3761467889908257, ""iso"": 0.13761467889908258, ""ab"": 218}, {""id"": 694192, ""name"": ""Jackson Chourio"", ""bats"": ""R"", ""obp"": 0.34901960784313724, ""slg"": 0.5236051502145923, ""iso"": 0.23175965665236054, ""ab"": 233}, {""id"": 668930, ""name"": ""Brice Turang"", ""bats"": ""L"", ""obp"": 0.3619791666666667, ""slg"": 0.45481927710843373, ""iso"": 0.18674698795180722, ""ab"": 332}]","[{""name"": ""home_xera"", ""value"": 7.7, ""contribution"": 0.3673}, {""name"": ""era_gap_t1"", ""value"": 2.5566, ""contribution"": 0.2774}, {""name"": ""fi_park_nrfi_rate"", ""value"": 0.527, ""contribution"": -0.1009}, {""name"": ""home_p_last10_pitcher_nrfi"", ""value"": 0.5, ""contribution"": -0.0846}, {""name"": ""away_top3c_slg"", ""value"": 0.4534, ""contribution"": -0.0664}]","[{""name"": ""era_gap_b1"", ""value"": -2.5566, ""contribution"": -0.1743}, {""name"": ""away_fip"", ""value"": 2.4285, ""contribution"": -0.1666}, {""name"": ""away_whiff_pct_rank"", ""value"": 86.0, ""contribution"": -0.1558}, {""name"": ""fi_park_nrfi_rate"", ""value"": 0.527, ""contribution"": -0.1552}, {""name"": ""home_top3c_iso"", ""value"": 0.1601, ""contribution"": -0.0894}]",623949,0.5484,7.7,3.153,11.0,86.0,0.7136,0.664,5.0,6.6,0.8197,0.8353,R,R,YRFI,PASS,0,2,2,2026-07-07T18:29:45+00:00,-155,+120,DraftKings,2026-07-07T19:01:42+00:00,0.6078,0.4545,-0.1421,0.0798,,N,,,-155,+120,2026-07-07T18:11:52+00:00,,0.3767,YRFI,STRONG,,,,,,,
2026-07-07,2026,823280,1,N,ARI,SD,9:40 PM ET,Zac Gallen,Germán Márquez,668678,608566,live,live,live,live,0.95,0.6479,0.559,1.2069,0.4082,0.3815,0.7896,0.4384,0.5616,0.3399,0.6601,,,PASS,LOW LAMBDA,PASS - Low lambda,4,2026-07-08T01:36:01Z,5.896,6.294,1.476,1.603,5.088,5.957,2.85,3.77,1.6,1.91,6.3,5.77,0.308,0.302,0.388,0.376,4.31,3.957,24.1,13.9,71.0,0.0,0.8,0.2,0.6,0.4,0.313,0.3444,0.3599,0.4548,0.1155,0.1951,lineup,lineup,"[{""id"": 665487, ""name"": ""Fernando Tatis Jr."", ""bats"": ""R"", ""obp"": 0.3427835051546392, ""slg"": 0.382183908045977, ""iso"": 0.10057471264367818, ""ab"": 348}, {""id"": 701538, ""name"": ""Jackson Merrill"", ""bats"": ""L"", ""obp"": 0.27348066298342544, ""slg"": 0.35714285714285715, ""iso"": 0.13988095238095238, ""ab"": 336}, {""id"": 593428, ""name"": ""Xander Bogaerts"", ""bats"": ""R"", ""obp"": 0.32142857142857145, ""slg"": 0.336734693877551, ""iso"": 0.10544217687074828, ""ab"": 294}]","[{""id"": 606466, ""name"": ""Ketel Marte"", ""bats"": ""S"", ""obp"": 0.32275132275132273, ""slg"": 0.48405797101449277, ""iso"": 0.2173913043478261, ""ab"": 345}, {""id"": 672695, ""name"": ""Geraldo Perdomo"", ""bats"": ""S"", ""obp"": 0.3561643835616438, ""slg"": 0.36721311475409835, ""iso"": 0.12131147540983606, ""ab"": 305}, {""id"": 682998, ""name"": ""Corbin Carroll"", ""bats"": ""L"", ""obp"": 0.3548387096774194, ""slg"": 0.5061728395061729, ""iso"": 0.24074074074074076, ""ab"": 324}]","[{""name"": ""home_fip"", ""value"": 5.9567, ""contribution"": 0.2221}, {""name"": ""home_xera"", ""value"": 5.6119, ""contribution"": 0.1533}, {""name"": ""fi_park_nrfi_rate"", ""value"": 0.5409, ""contribution"": -0.149}, {""name"": ""away_top3c_iso"", ""value"": 0.1951, ""contribution"": 0.1168}, {""name"": ""away_top3c_slg"", ""value"": 0.4548, ""contribution"": -0.0737}]","[{""name"": ""home_top3c_slg"", ""value"": 0.3599, ""contribution"": 0.4999}, {""name"": ""home_top3c_iso"", ""value"": 0.1155, ""contribution"": -0.2996}, {""name"": ""fi_park_nrfi_rate"", ""value"": 0.5409, ""contribution"": -0.229}, {""name"": ""home_top3_ops_vs_oppHand"", ""value"": 0.6547, ""contribution"": -0.1303}, {""name"": ""away_fip"", ""value"": 5.0883, ""contribution"": 0.1176}]",427013,0.504,5.612,4.131,11.0,29.0,0.6258,0.7757,5.33,5.53,0.7587,0.6547,R,R,YRFI,PASS,1,4,5,2026-07-08T02:12:16+00:00,+100,-130,DraftKings,2026-07-08T02:01:01+00:00,0.5,0.5652,-0.0616,-0.0036,0.0284,N,1,,+100,-130,2026-07-08T01:39:29+00:00,0,0.4630,PASS,NO EDGE,,,,,,,
2026-07-07,2026,823035,2,S,MIL,STL,7:45 PM ET,Robert Gasser,Hunter Dobbins,688107,690928,ltd,ltd,live,live,0.97,0.5216,0.5586,1.0802,0.2952,0.4725,0.7677,0.4712,0.5288,0.2937,0.7063,,,PASS,NO EDGE,PASS - No edge,4,2026-07-07T23:37:30Z,4.343,3.994,1.274,1.303,4.501,4.167,3.11,3.01,1.48,1.2,8.96,8.37,0.334,0.322,0.398,0.397,4.995,4.582,30.6,7.9,50.0,0.0,0.4,0.4,0.5,0.5556,0.3679,0.3471,0.4446,0.4236,0.175,0.1673,lineup,lineup,"[{""id"": 686780, ""name"": ""Pedro Pag\u00e9s"", ""bats"": ""R"", ""obp"": 0.2565789473684211, ""slg"": 0.34507042253521125, ""iso"": 0.1267605633802817, ""ab"": 142}, {""id"": 699625, ""name"": ""Jimmy Crooks"", ""bats"": ""L"", ""obp"": 0.25806451612903225, ""slg"": 0.2545454545454545, ""iso"": 0.09090909090909088, ""ab"": 55}, {""id"": 691023, ""name"": ""Jordan Walker"", ""bats"": ""R"", ""obp"": 0.3532608695652174, ""slg"": 0.525679758308157, ""iso"": 0.2356495468277945, ""ab"": 331}]","[{""id"": 592885, ""name"": ""Christian Yelich"", ""bats"": ""L"", ""obp"": 0.32388663967611336, ""slg"": 0.3761467889908257, ""iso"": 0.13761467889908258, ""ab"": 218}, {""id"": 800325, ""name"": ""Luis Lara"", ""bats"": ""S"", ""obp"": null, ""slg"": null, ""iso"": null, ""ab"": null}, {""id"": 668930, ""name"": ""Brice Turang"", ""bats"": ""L"", ""obp"": 0.3619791666666667, ""slg"": 0.45481927710843373, ""iso"": 0.18674698795180722, ""ab"": 332}]","[{""name"": ""fi_park_nrfi_rate"", ""value"": 0.527, ""contribution"": -0.1009}, {""name"": ""home_p_last10_pitcher_nrfi"", ""value"": 0.5, ""contribution"": -0.0846}, {""name"": ""away_top3c_slg"", ""value"": 0.4236, ""contribution"": 0.0843}, {""name"": ""away_top3c_iso"", ""value"": 0.1673, ""contribution"": -0.079}, {""name"": ""wx_temp_c"", ""value"": 30.6, ""contribution"": 0.056}]","[{""name"": ""fi_park_nrfi_rate"", ""value"": 0.527, ""contribution"": -0.1552}, {""name"": ""home_top3_ops_vs_oppHand"", ""value"": 0.864, ""contribution"": 0.1203}, {""name"": ""home_top3c_obp"", ""value"": 0.3679, ""contribution"": 0.0969}, {""name"": ""wx_temp_c"", ""value"": 30.6, ""contribution"": 0.078}, {""name"": ""home_obp"", ""value"": 0.322, ""contribution"": 0.0574}]",503077,0.5258,3.833,4.2,19.0,50.0,0.7136,0.7396,4.07,5.47,0.788,0.864,L,R,NRFI,PASS,0,0,0,2026-07-08T00:00:49+00:00,-120,-110,DraftKings,2026-07-07T23:56:41+00:00,0.5455,0.5238,-0.071,0.0017,,N,,,-120,-110,2026-07-07T23:40:46+00:00,,0.4658,PASS,NO EDGE,,,,,,,
2026-07-08,2026,823928,1,N,COL,LAD,10:10 PM ET,Gabriel Hughes,Roki Sasaki,687312,808963,sm,live,live,live,0.97,0.6281,0.5518,1.1799,0.5898,0.5524,1.1422,0.3219,0.6781,0.3301,0.6699,,,YRFI,STRONG,STRONG YRFI,4,2026-07-09T01:06:31Z,3.879,5.003,1.242,1.369,4.128,5.166,2.93,3.79,1.13,1.78,8.35,8.73,0.327,0.343,0.422,0.434,4.829,5.199,28.2,13.4,50.0,0.0,0.6,0.5,0.7,0.5,0.397,0.3485,0.5154,0.5582,0.2185,0.2606,lineup,lineup,"[{""id"": 660271, ""name"": ""Shohei Ohtani"", ""bats"": ""L"", ""obp"": 0.4087403598971722, ""slg"": 0.540625, ""iso"": 0.246875, ""ab"": 320}, {""id"": 669242, ""name"": ""Tommy Edman"", ""bats"": ""S"", ""obp"": 0.4262295081967213, ""slg"": 0.49056603773584906, ""iso"": 0.15094339622641512, ""ab"": 53}, {""id"": 518692, ""name"": ""Freddie Freeman"", ""bats"": ""L"", ""obp"": 0.38071065989847713, ""slg"": 0.49560117302052786, ""iso"": 0.20234604105571846, ""ab"": 341}]","[{""id"": 664983, ""name"": ""Jake McCarthy"", ""bats"": ""L"", ""obp"": 0.34397163120567376, ""slg"": 0.5134099616858238, ""iso"": 0.210727969348659, ""ab"": 261}, {""id"": 666160, ""name"": ""Mickey Moniak"", ""bats"": ""L"", ""obp"": 0.33490566037735847, ""slg"": 0.6, ""iso"": 0.31794871794871793, ""ab"": 195}, {""id"": 694249, ""name"": ""Cole Carrigg"", ""bats"": ""S"", ""obp"": 0.39, ""slg"": 0.6, ""iso"": 0.2823529411764706, ""ab"": 85}]","[{""name"": ""away_top3c_slg"", ""value"": 0.5582, ""contribution"": -0.5974}, {""name"": ""away_top3c_iso"", ""value"": 0.2606, ""contribution"": 0.5785}, {""name"": ""away_top3_ops_vs_oppHand"", ""value"": 0.9653, ""contribution"": 0.2019}, {""name"": ""home_xera"", ""value"": 5.9092, ""contribution"": 0.1838}, {""name"": ""home_fip"", ""value"": 5.1658, ""contribution"": 0.1333}]","[{""name"": ""home_top3c_slg"", ""value"": 0.5154, ""contribution"": -0.466}, {""name"": ""home_obp"", ""value"": 0.3427, ""contribution"": 0.2023}, {""name"": ""home_top3c_obp"", ""value"": 0.397, ""contribution"": 0.1989}, {""name"": ""home_top3c_iso"", ""value"": 0.2185, ""contribution"": 0.1864}, {""name"": ""home_top3_ops_vs_oppHand"", ""value"": 0.909, ""contribution"": 0.1742}]",676580,0.5084,5.909,4.2,53.0,50.0,0.7272,0.7136,4.8,5.0,0.9653,0.909,R,R,YRFI,WIN,0,3,3,2026-07-09T02:34:07+00:00,+105,-135,DraftKings,2026-07-09T01:15:12+00:00,0.4878,0.5745,-0.1659,0.1036,0.1036,Y,1,0.741,+105,-135,2026-07-09T01:09:48+00:00,0,0.4003,YRFI,STRONG,,,,,,,
2026-07-08,2026,822957,1,N,NYY,TB,6:40 PM ET,Gerrit Cole,Shane McClanahan,543037,663556,ltd,ltd,live,live,0.93,0.4189,0.4933,0.9122,0.4659,0.6041,1.07,0.3224,0.6776,0.232,0.768,,,YRFI,STRONG,STRONG YRFI,4,2026-07-08T21:36:06Z,4.088,3.426,1.229,1.2,4.32,3.613,2.52,3.1,1.46,0.86,8.75,8.75,0.316,0.331,0.417,0.398,4.75,4.524,,,,1.0,0.6,0.4,0.8,0.625,0.3843,0.3342,0.4949,0.5283,0.2016,0.2656,lineup,lineup,"[{""id"": 650490, ""name"": ""Yandy D\u00edaz"", ""bats"": ""R"", ""obp"": 0.40053763440860213, ""slg"": 0.49226006191950467, ""iso"": 0.17337461300309598, ""ab"": 323}, {""id"": 666018, ""name"": ""Jonathan Aranda"", ""bats"": ""L"", ""obp"": 0.3828125, ""slg"": 0.4423676012461059, ""iso"": 0.161993769470405, ""ab"": 321}, {""id"": 691406, ""name"": ""Junior Caminero"", ""bats"": ""R"", ""obp"": 0.37017994858611825, ""slg"": 0.5473372781065089, ""iso"": 0.26627218934911245, ""ab"": 338}]","[{""id"": 502671, ""name"": ""Paul Goldschmidt"", ""bats"": ""R"", ""obp"": 0.31983805668016196, ""slg"": 0.49557522123893805, ""iso"": 0.23451327433628316, ""ab"": 226}, {""id"": 700250, ""name"": ""Ben Rice"", ""bats"": ""L"", ""obp"": 0.3641304347826087, ""slg"": 0.5768025078369906, ""iso"": 0.3040752351097179, ""ab"": 319}, {""id"": 642708, ""name"": ""Amed Rosario"", ""bats"": ""R"", ""obp"": 0.28662420382165604, ""slg"": 0.4722222222222222, ""iso"": 0.22916666666666666, ""ab"": 144}]","[{""name"": ""away_top3c_iso"", ""value"": 0.2656, ""contribution"": 0.6136}, {""name"": ""away_top3c_slg"", ""value"": 0.5283, ""contribution"": -0.4459}, {""name"": ""fi_park_nrfi_rate"", ""value"": 0.4376, ""contribution"": 0.2081}, {""name"": ""away_top3_ops_vs_oppHand"", ""value"": 0.8713, ""contribution"": 0.1061}, {""name"": ""era_gap_t1"", ""value"": -0.662, ""contribution"": -0.0711}]","[{""name"": ""home_top3c_slg"", ""value"": 0.4949, ""contribution"": -0.3386}, {""name"": ""fi_park_nrfi_rate"", ""value"": 0.4376, ""contribution"": 0.3199}, {""name"": ""home_top3_ops_vs_oppHand"", ""value"": 0.8933, ""contribution"": 0.1555}, {""name"": ""home_top3c_obp"", ""value"": 0.3843, ""contribution"": 0.1543}, {""name"": ""home_obp"", ""value"": 0.3314, ""contribution"": 0.1233}]",427139,0.5818,4.746,4.2,50.0,50.0,0.6909,0.7335,4.93,4.93,0.8713,0.8933,R,L,NRFI,LOSS,0,0,0,2026-07-08T22:53:44+00:00,-120,-110,DraftKings,2026-07-08T21:44:37+00:00,0.5455,0.5238,-0.2231,0.1538,0.1538,Y,1,-1,-120,-110,2026-07-08T21:39:14+00:00,0,0.4006,YRFI,STRONG,,,,,,,
2026-07-08,2026,823848,1,N,SEA,MIA,6:40 PM ET,George Kirby,Tyler Phillips,669923,663969,live,live,live,live,0.95,0.4924,0.4251,0.9176,0.4044,0.3912,0.7956,0.4384,0.5616,0.234,0.766,,,PASS,LOW LAMBDA,PASS - Low lambda,4,2026-07-08T22:35:09Z,3.921,3.43,1.284,1.31,3.387,4.454,2.08,3.69,0.92,1.04,8.41,6.87,0.313,0.329,0.386,0.41,4.154,4.593,,,,1.0,0.8,0.6,0.875,0.6,0.3752,0.3539,0.4697,0.4417,0.1559,0.1844,lineup,lineup,"[{""id"": 689414, ""name"": ""Liam Hicks"", ""bats"": ""L"", ""obp"": 0.3653250773993808, ""slg"": 0.46619217081850534, ""iso"": 0.17437722419928825, ""ab"": 281}, {""id"": 672640, ""name"": ""Otto Lopez"", ""bats"": ""R"", ""obp"": 0.37371134020618557, ""slg"": 0.5152354570637119, ""iso"": 0.1717451523545706, ""ab"": 361}, {""id"": 669364, ""name"": ""Xavier Edwards"", ""bats"": ""S"", ""obp"": 0.3850129198966408, ""slg"": 0.42342342342342343, ""iso"": 0.12312312312312312, ""ab"": 333}]","[{""id"": 641487, ""name"": ""J.P. Crawford"", ""bats"": ""L"", ""obp"": 0.33226837060702874, ""slg"": 0.3522727272727273, ""iso"": 0.14015151515151517, ""ab"": 264}, {""id"": 668227, ""name"": ""Randy Arozarena"", ""bats"": ""R"", ""obp"": 0.38095238095238093, ""slg"": 0.4527687296416938, ""iso"": 0.1628664495114006, ""ab"": 307}, {""id"": 686527, ""name"": ""Dominic Canzone"", ""bats"": ""L"", ""obp"": 0.34177215189873417, ""slg"": 0.5380952380952381, ""iso"": 0.2714285714285714, ""ab"": 210}]","[{""name"": ""fi_park_nrfi_rate"", ""value"": 0.455, ""contribution"": 0.1479}, {""name"": ""home_p_last10_pitcher_nrfi"", ""value"": 0.875, ""contribution"": 0.0619}, {""name"": ""home_fip"", ""value"": 4.454, ""contribution"": 0.0534}, {""name"": ""era_gap_t1"", ""value"": -0.4907, ""contribution"": -0.0525}, {""name"": ""away_top3_ops_vs_oppHand"", ""value"": 0.8103, ""contribution"": 0.0439}]","[{""name"": ""fi_park_nrfi_rate"", ""value"": 0.455, ""contribution"": 0.2273}, {""name"": ""home_top3c_slg"", ""value"": 0.4697, ""contribution"": -0.1823}, {""name"": ""home_top3c_obp"", ""value"": 0.3752, ""contribution"": 0.1225}, {""name"": ""home_top3c_iso"", ""value"": 0.1559, ""contribution"": -0.1091}, {""name"": ""home_obp"", ""value"": 0.3289, ""contribution"": 0.1057}]",427113,0.5139,4.17,3.551,85.0,72.0,0.7136,0.7136,5.13,6.0,0.8103,0.8407,R,R,NRFI,PASS,0,0,0,2026-07-08T22:55:17+00:00,-115,-110,DraftKings,2026-07-08T22:49:18+00:00,0.5349,0.5238,-0.0965,0.0378,0.0698,N,1,,-115,-110,2026-07-08T22:38:25+00:00,0,0.4871,PASS,NO EDGE,,,,,,,
2026-07-08,2026,823360,1,N,ATL,PIT,6:40 PM ET,Grant Holmes,Jared Jones,656550,683003,live,sm,live,live,0.96,0.5125,0.6719,1.1844,0.3743,0.415,0.7894,0.4384,0.5616,0.3317,0.6683,,,PASS,NO EDGE,PASS - No edge,4,2026-07-08T22:35:09Z,3.885,4.637,1.346,1.31,4.949,4.297,4.17,3.13,1.52,1.35,8.37,9.12,0.314,0.338,0.412,0.422,4.843,5.182,29.1,5.9,49.0,0.0,0.8,0.6,0.7143,0.7,0.359,0.3345,0.4564,0.501,0.1823,0.2174,lineup,lineup,"[{""id"": 663968, ""name"": ""Jake Mangum"", ""bats"": ""S"", ""obp"": 0.3577586206896552, ""slg"": 0.3615023474178404, ""iso"": 0.056338028169014065, ""ab"": 213}, {""id"": 664040, ""name"": ""Brandon Lowe"", ""bats"": ""L"", ""obp"": 0.32020997375328086, ""slg"": 0.5, ""iso"": 0.25297619047619047, ""ab"": 336}, {""id"": 668804, ""name"": ""Bryan Reynolds"", ""bats"": ""S"", ""obp"": 0.39650872817955113, ""slg"": 0.47305389221556887, ""iso"": 0.19161676646706588, ""ab"": 334}]","[{""id"": 671739, ""name"": ""Michael Harris II"", ""bats"": ""L"", ""obp"": 0.3393939393939394, ""slg"": 0.5096153846153846, ""iso"": 0.20192307692307687, ""ab"": 312}, {""id"": 645277, ""name"": ""Ozzie Albies"", ""bats"": ""S"", ""obp"": 0.32216494845360827, ""slg"": 0.4482758620689655, ""iso"": 0.17528735632183906, ""ab"": 348}, {""id"": 621566, ""name"": ""Matt Olson"", ""bats"": ""L"", ""obp"": 0.3426395939086294, ""slg"": 0.5454545454545454, ""iso"": 0.2727272727272727, ""ab"": 352}]","[{""name"": ""away_top3c_slg"", ""value"": 0.501, ""contribution"": -0.3075}, {""name"": ""away_top3c_iso"", ""value"": 0.2174, ""contribution"": 0.274}, {""name"": ""away_top3_ops_vs_oppHand"", ""value"": 0.8517, ""contribution"": 0.086}, {""name"": ""era_gap_t1"", ""value"": 0.7516, ""contribution"": 0.082}, {""name"": ""fi_park_nrfi_rate"", ""value"": 0.5188, ""contribution"": -0.0724}]","[{""name"": ""home_obp"", ""value"": 0.3384, ""contribution"": 0.1719}, {""name"": ""fi_park_nrfi_rate"", ""value"": 0.5188, ""contribution"": -0.1113}, {""name"": ""away_fip"", ""value"": 4.9491, ""contribution"": 0.1027}, {""name"": ""home_top3c_slg"", ""value"": 0.4564, ""contribution"": -0.0994}, {""name"": ""home_top3_ops_vs_oppHand"", ""value"": 0.821, ""contribution"": 0.0689}]",554242,0.4415,4.2,4.794,50.0,50.0,0.7136,0.7136,3.93,4.27,0.8517,0.821,R,R,NRFI,PASS,0,0,0,2026-07-08T22:55:58+00:00,+100,-130,DraftKings,2026-07-08T22:49:18+00:00,0.5,0.5652,-0.0616,-0.0036,,N,,,+100,-130,2026-07-08T22:38:25+00:00,,0.5178,PASS,NO EDGE,,,,,,,
2026-07-08,2026,824578,1,N,BOS,CWS,7:40 PM ET,Jake Bennett,Davis Martin,687562,663436,ltd,live,live,live,0.98,0.4002,0.4454,0.8456,0.3553,0.4984,0.8537,0.4064,0.5936,0.2077,0.7923,,,YRFI,STRONG,STRONG YRFI,4,2026-07-08T22:35:09Z,3.634,3.38,1.12,1.269,3.674,3.525,2.25,2.81,0.94,0.77,7.84,7.89,0.314,0.319,0.391,0.413,4.159,4.729,26.5,11.7,61.0,0.0,1.0,1.0,0.9,1.0,0.3281,0.3359,0.4968,0.4338,0.2594,0.1592,lineup,lineup,"[{""id"": 678246, ""name"": ""Miguel Vargas"", ""bats"": ""R"", ""obp"": 0.36175710594315247, ""slg"": 0.4891640866873065, ""iso"": 0.24458204334365324, ""ab"": 323}, {""id"": 545341, ""name"": ""Randal Grichuk"", ""bats"": ""R"", ""obp"": 0.291044776119403, ""slg"": 0.5433070866141733, ""iso"": 0.2834645669291339, ""ab"": 127}, {""id"": 695657, ""name"": ""Colson Montgomery"", ""bats"": ""L"", ""obp"": 0.3055555555555556, ""slg"": 0.48598130841121495, ""iso"": 0.264797507788162, ""ab"": 321}]","[{""id"": 655316, ""name"": ""Andruw Monasterio"", ""bats"": ""R"", ""obp"": 0.2727272727272727, ""slg"": 0.38620689655172413, ""iso"": 0.1586206896551724, ""ab"": 145}, {""id"": 678882, ""name"": ""Ceddanne Rafaela"", ""bats"": ""R"", ""obp"": 0.3323615160349854, ""slg"": 0.440625, ""iso"": 0.15625, ""ab"": 320}, {""id"": 677800, ""name"": ""Wilyer Abreu"", ""bats"": ""L"", ""obp"": 0.3324468085106383, ""slg"": 0.42342342342342343, ""iso"": 0.16216216216216217, ""ab"": 333}]","[{""name"": ""away_top3c_iso"", ""value"": 0.1592, ""contribution"": -0.1362}, {""name"": ""fi_park_nrfi_rate"", ""value"": 0.473, ""contribution"": 0.0859}, {""name"": ""home_xera"", ""value"": 4.8709, ""contribution"": 0.0774}, {""name"": ""home_p_last10_pitcher_nrfi"", ""value"": 0.9, ""contribution"": 0.0716}, {""name"": ""home_fip"", ""value"": 3.5249, ""contribution"": -0.051}]","[{""name"": ""home_top3c_iso"", ""value"": 0.2594, ""contribution"": 0.3795}, {""name"": ""home_top3c_slg"", ""value"": 0.4968, ""contribution"": -0.3501}, {""name"": ""home_top3_ops_vs_oppHand"", ""value"": 0.971, ""contribution"": 0.2484}, {""name"": ""fi_park_nrfi_rate"", ""value"": 0.473, ""contribution"": 0.1321}, {""name"": ""away_p_last10_pitcher_nrfi"", ""value"": 1.0, ""contribution"": -0.0929}]",482663,0.5317,4.871,4.2,29.0,50.0,0.7396,0.7136,4.8,6.07,0.74,0.971,L,R,NRFI,LOSS,0,0,0,2026-07-08T23:51:42+00:00,-115,-110,DraftKings,2026-07-08T22:43:52+00:00,0.5349,0.5238,-0.1285,0.0698,0.0698,Y,1,-1,-115,-110,2026-07-08T22:38:25+00:00,0,0.4144,YRFI,STRONG,,,,,,,
2026-07-08,2026,823202,1,N,TOR,SF,3:45 PM ET,Dylan Cease,Logan Webb,656302,657277,live,live,live,live,0.94,0.3336,0.4234,0.757,0.2293,0.2551,0.4843,0.6329,0.3671,0.1758,0.8242,,,NRFI,LEAN,LEAN NRFI,4,2026-07-08T18:16:58Z,3.331,3.528,1.226,1.191,2.671,3.097,4.01,2.22,0.69,0.66,13.02,8.2,0.307,0.309,0.385,0.42,4.051,4.193,18.1,27.5,70.0,0.0,0.8,0.4,0.8,0.5,0.3314,0.3333,0.4788,0.3905,0.181,0.1089,lineup,lineup,"[{""id"": 671218, ""name"": ""Heliot Ramos"", ""bats"": ""R"", ""obp"": 0.3177570093457944, ""slg"": 0.4925373134328358, ""iso"": 0.21393034825870644, ""ab"": 201}, {""id"": 650333, ""name"": ""Luis Arraez"", ""bats"": ""L"", ""obp"": 0.36363636363636365, ""slg"": 0.4619883040935672, ""iso"": 0.13450292397660818, ""ab"": 342}, {""id"": 669477, ""name"": ""Casey Schmitt"", ""bats"": ""R"", ""obp"": 0.3045977011494253, ""slg"": 0.48787878787878786, ""iso"": 0.20909090909090905, ""ab"": 330}]","[{""id"": 676391, ""name"": ""Ernie Clement"", ""bats"": ""R"", ""obp"": 0.3192090395480226, ""slg"": 0.4336283185840708, ""iso"": 0.13569321533923306, ""ab"": 339}, {""id"": 664770, ""name"": ""Nathan Lukes"", ""bats"": ""L"", ""obp"": 0.33663366336633666, ""slg"": 0.3924731182795699, ""iso"": 0.10752688172043007, ""ab"": 186}, {""id"": 665489, ""name"": ""Vladimir Guerrero Jr."", ""bats"": ""R"", ""obp"": 0.3451086956521739, ""slg"": 0.34375, ""iso"": 0.08124999999999999, ""ab"": 320}]","[{""name"": ""away_top3c_iso"", ""value"": 0.1089, ""contribution"": -0.4903}, {""name"": ""away_top3c_slg"", ""value"": 0.3905, ""contribution"": 0.2519}, {""name"": ""home_fip"", ""value"": 3.0968, ""contribution"": -0.099}, {""name"": ""wx_wind_kmh"", ""value"": 27.5, ""contribution"": 0.0713}, {""name"": ""home_xera"", ""value"": 3.4815, ""contribution"": -0.0649}]","[{""name"": ""home_top3c_slg"", ""value"": 0.4788, ""contribution"": -0.2386}, {""name"": ""away_whiff_pct_rank"", ""value"": 97.0, ""contribution"": -0.2033}, {""name"": ""wx_wind_kmh"", ""value"": 27.5, ""contribution"": 0.1685}, {""name"": ""away_fip"", ""value"": 2.6715, ""contribution"": -0.1407}, {""name"": ""away_p_last10_pitcher_nrfi"", ""value"": 0.5, ""contribution"": 0.0713}]",521889,0.4806,3.482,3.276,48.0,97.0,0.7396,0.7396,6.8,5.67,0.7413,0.795,R,R,YRFI,LOSS,5,0,5,2026-07-08T20:08:04+00:00,-155,+120,DraftKings,2026-07-08T20:14:07+00:00,0.6078,0.4545,0.0251,-0.0874,0.0251,N,0.5,0,-155,+120,2026-07-08T18:41:44+00:00,0,0.4877,PASS,NO EDGE,,,,,,,
2026-07-08,2026,822880,1,N,LAA,TEX,8:05 PM ET,Walbert Ureña,MacKenzie Gore,700712,669022,ltd,live,live,live,1.07,0.5112,0.5427,1.054,0.3546,0.2688,0.6234,0.5479,0.4521,0.2841,0.7159,,,NRFI,LEAN,LEAN NRFI,4,2026-07-08T22:56:18Z,3.419,4.269,1.293,1.294,3.876,3.573,4.15,3.65,0.8,0.93,8.75,9.96,0.313,0.319,0.392,0.396,4.388,4.175,,,,1.0,0.8,0.8,0.7,0.8,0.3199,0.3455,0.4174,0.4406,0.177,0.2095,lineup,lineup,"[{""id"": 543309, ""name"": ""Kyle Higashioka"", ""bats"": ""R"", ""obp"": 0.30303030303030304, ""slg"": 0.3401360544217687, ""iso"": 0.12244897959183673, ""ab"": 147}, {""id"": 669701, ""name"": ""Josh Smith"", ""bats"": ""L"", ""obp"": 0.31343283582089554, ""slg"": 0.2966101694915254, ""iso"": 0.06779661016949151, ""ab"": 118}, {""id"": 669394, ""name"": ""Jake Burger"", ""bats"": ""R"", ""obp"": 0.311614730878187, ""slg"": 0.43125, ""iso"": 0.184375, ""ab"": 320}]","[{""id"": 687263, ""name"": ""Zach Neto"", ""bats"": ""R"", ""obp"": 0.3225, ""slg"": 0.4542857142857143, ""iso"": 0.22571428571428573, ""ab"": 350}, {""id"": 545361, ""name"": ""Mike Trout"", ""bats"": ""R"", ""obp"": 0.3940298507462687, ""slg"": 0.4716981132075472, ""iso"": 0.23773584905660378, ""ab"": 265}, {""id"": 687093, ""name"": ""Vaughn Grissom"", ""bats"": ""R"", ""obp"": 0.3089005235602094, ""slg"": 0.3630952380952381, ""iso"": 0.13095238095238093, ""ab"": 168}]","[{""name"": ""away_top3c_iso"", ""value"": 0.2095, ""contribution"": 0.2181}, {""name"": ""fi_park_nrfi_rate"", ""value"": 0.5398, ""contribution"": -0.1451}, {""name"": ""era_gap_t1"", ""value"": 0.8494, ""contribution"": 0.0926}, {""name"": ""home_fip"", ""value"": 3.5727, ""contribution"": -0.0456}, {""name"": ""home_xera"", ""value"": 4.5318, ""contribution"": 0.0427}]","[{""name"": ""fi_park_nrfi_rate"", ""value"": 0.5398, ""contribution"": -0.2231}, {""name"": ""home_top3c_slg"", ""value"": 0.4174, ""contribution"": 0.1428}, {""name"": ""wx_is_dome"", ""value"": 1.0, ""contribution"": -0.0758}, {""name"": ""home_top3c_obp"", ""value"": 0.3199, ""contribution"": -0.0717}, {""name"": ""era_gap_b1"", ""value"": -0.8494, ""contribution"": -0.0582}]",431232,0.4946,4.532,2.497,75.0,50.0,0.7136,0.7136,6.0,5.4,0.7733,0.7253,R,L,YRFI,LOSS,1,0,1,2026-07-09T00:27:25+00:00,-125,-105,DraftKings,2026-07-08T23:59:42+00:00,0.5556,0.5122,-0.0077,-0.0601,-0.0077,N,0.5,0,-125,-105,2026-07-08T22:59:23+00:00,0,0.6370,NRFI,STRONG,,,,,,,
2026-07-08,2026,824253,1,N,OAK,DET,6:40 PM ET,Jeffrey Springs,Troy Melton,605488,675512,live,ltd,live,live,0.98,0.4723,0.6574,1.1297,0.2752,0.4708,0.746,0.4772,0.5228,0.3118,0.6882,,,PASS,NO EDGE,PASS - No edge,4,2026-07-08T22:35:09Z,5.285,2.807,1.329,0.974,5.555,4.442,3.09,2.48,2.07,1.36,7.59,7.31,0.325,0.314,0.408,0.399,4.58,4.269,30.7,10.1,33.0,0.0,0.4,0.4,0.7,0.4,0.3359,0.3632,0.4356,0.496,0.1793,0.2254,lineup,lineup,"[{""id"": 663837, ""name"": ""Matt Vierling"", ""bats"": ""R"", ""obp"": 0.2551440329218107, ""slg"": 0.34234234234234234, ""iso"": 0.13963963963963963, ""ab"": 222}, {""id"": 668670, ""name"": ""Jake Rogers"", ""bats"": ""R"", ""obp"": 0.21348314606741572, ""slg"": 0.22784810126582278, ""iso"": 0.08860759493670886, ""ab"": 79}, {""id"": 805808, ""name"": ""Kevin McGonigle"", ""bats"": ""L"", ""obp"": 0.3979591836734694, ""slg"": 0.4229607250755287, ""iso"": 0.13595166163141992, ""ab"": 331}]","[{""id"": 680869, ""name"": ""Zack Gelof"", ""bats"": ""R"", ""obp"": 0.33472803347280333, ""slg"": 0.48868778280542985, ""iso"": 0.20814479638009048, ""ab"": 221}, {""id"": 643446, ""name"": ""Jeff McNeil"", ""bats"": ""L"", ""obp"": 0.29225352112676056, ""slg"": 0.3046875, ""iso"": 0.078125, ""ab"": 256}, {""id"": 669127, ""name"": ""Shea Langeliers"", ""bats"": ""R"", ""obp"": 0.329700272479564, ""slg"": 0.4924924924924925, ""iso"": 0.22822822822822825, ""ab"": 333}]","[{""name"": ""away_top3c_iso"", ""value"": 0.2254, ""contribution"": 0.3302}, {""name"": ""away_top3c_slg"", ""value"": 0.496, ""contribution"": -0.2825}, {""name"": ""era_gap_t1"", ""value"": -2.4785, ""contribution"": -0.2677}, {""name"": ""fi_park_nrfi_rate"", ""value"": 0.5322, ""contribution"": -0.1188}, {""name"": ""away_top3_ops_vs_oppHand"", ""value"": 0.8427, ""contribution"": 0.0769}]","[{""name"": ""fi_park_nrfi_rate"", ""value"": 0.5322, ""contribution"": -0.1826}, {""name"": ""era_gap_b1"", ""value"": 2.4785, ""contribution"": 0.1682}, {""name"": ""away_fip"", ""value"": 5.5552, ""contribution"": 0.1675}, {""name"": ""away_p_last10_pitcher_nrfi"", ""value"": 0.4, ""contribution"": 0.1041}, {""name"": ""away_whiff_pct_rank"", ""value"": 71.0, ""contribution"": -0.0911}]",623945,0.5123,4.2,4.027,50.0,71.0,0.7136,0.751,6.27,4.67,0.8427,0.7477,L,R,YRFI,PASS,0,1,1,2026-07-08T23:01:55+00:00,+100,-130,DraftKings,2026-07-08T22:49:18+00:00,0.5,0.5652,-0.0228,-0.0424,,N,,,+100,-130,2026-07-08T22:38:25+00:00,,0.4658,PASS,NO EDGE,,,,,,,
2026-07-08,2026,823684,1,N,CLE,MIN,7:40 PM ET,Slade Cecconi,Connor Prielipp,677944,687570,live,ltd,live,live,0.97,0.4449,0.5642,1.0091,0.2027,0.3591,0.5618,0.5584,0.4416,0.2676,0.7324,,,NRFI,LEAN,LEAN NRFI,4,2026-07-08T22:35:09Z,4.399,4.648,1.338,1.333,4.493,3.77,2.64,3.2,1.35,1.01,7.06,9.24,0.311,0.321,0.372,0.415,4.023,4.846,26.5,4.3,69.0,0.0,0.6,0.8,0.6,0.8,0.3287,0.3397,0.4572,0.4043,0.1971,0.1414,lineup,lineup,"[{""id"": 668885, ""name"": ""Austin Martin"", ""bats"": ""R"", ""obp"": 0.35580524344569286, ""slg"": 0.3274336283185841, ""iso"": 0.07964601769911506, ""ab"": 226}, {""id"": 686797, ""name"": ""Brooks Lee"", ""bats"": ""S"", ""obp"": 0.3039772727272727, ""slg"": 0.4307692307692308, ""iso"": 0.18153846153846157, ""ab"": 325}, {""id"": 665019, ""name"": ""Kody Clemens"", ""bats"": ""L"", ""obp"": 0.30844155844155846, ""slg"": 0.5, ""iso"": 0.25177304964539005, ""ab"": 282}]","[{""id"": 680757, ""name"": ""Steven Kwan"", ""bats"": ""L"", ""obp"": 0.3253012048192771, ""slg"": 0.2746478873239437, ""iso"": 0.05633802816901412, ""ab"": 284}, {""id"": 800050, ""name"": ""Chase DeLauter"", ""bats"": ""L"", ""obp"": 0.3419354838709677, ""slg"": 0.4265232974910394, ""iso"": 0.15053763440860213, ""ab"": 279}, {""id"": 677587, ""name"": ""Brayan Rocchio"", ""bats"": ""S"", ""obp"": 0.344311377245509, ""slg"": 0.39057239057239057, ""iso"": 0.11784511784511786, ""ab"": 297}]","[{""name"": ""away_top3c_iso"", ""value"": 0.1414, ""contribution"": -0.261}, {""name"": ""home_xera"", ""value"": 1.9461, ""contribution"": -0.2223}, {""name"": ""away_top3c_slg"", ""value"": 0.4043, ""contribution"": 0.1823}, {""name"": ""fi_park_nrfi_rate"", ""value"": 0.5348, ""contribution"": -0.1278}, {""name"": ""home_p_last10_pitcher_nrfi"", ""value"": 0.6, ""contribution"": -0.0455}]","[{""name"": ""fi_park_nrfi_rate"", ""value"": 0.5348, ""contribution"": -0.1964}, {""name"": ""away_whiff_pct_rank"", ""value"": 24.0, ""contribution"": 0.1117}, {""name"": ""home_top3c_slg"", ""value"": 0.4572, ""contribution"": -0.1047}, {""name"": ""home_top3c_iso"", ""value"": 0.1971, ""contribution"": 0.0856}, {""name"": ""home_top3_ops_vs_oppHand"", ""value"": 0.8317, ""contribution"": 0.0816}]",596809,0.5038,1.946,4.958,50.0,24.0,0.7136,0.7272,5.67,5.53,0.7327,0.8317,R,L,NRFI,WIN,0,0,0,2026-07-08T23:55:47+00:00,-125,-105,DraftKings,2026-07-08T23:59:42+00:00,0.5556,0.5122,0.0028,-0.0706,0.0028,N,0.5,0,-125,-105,2026-07-08T22:38:25+00:00,0,0.6536,NRFI,STRONG,,,,,,,
2026-07-08,2026,822710,1,N,HOU,WSH,6:45 PM ET,Spencer Arrighetti,Foster Griffin,681293,656492,live,live,live,live,0.97,0.4713,0.5937,1.065,0.3626,0.4363,0.7988,0.4384,0.5616,0.2881,0.7119,,,PASS,LOW LAMBDA,PASS - Low lambda,4,2026-07-08T22:35:09Z,4.049,3.233,1.256,1.101,4.399,4.185,4.11,2.45,1.21,1.41,8.91,8.74,0.316,0.323,0.41,0.43,4.564,5.255,28.0,5.2,72.0,0.0,1.0,0.6,0.9,0.8,0.3566,0.3632,0.5348,0.4859,0.2674,0.2174,lineup,lineup,"[{""id"": 695578, ""name"": ""James Wood"", ""bats"": ""L"", ""obp"": 0.4, ""slg"": 0.5492957746478874, ""iso"": 0.2788732394366198, ""ab"": 355}, {""id"": 671277, ""name"": ""Luis Garc\u00eda Jr."", ""bats"": ""L"", ""obp"": 0.31456953642384106, ""slg"": 0.5590277777777778, ""iso"": 0.2743055555555556, ""ab"": 288}, {""id"": 678554, ""name"": ""Curtis Mead"", ""bats"": ""R"", ""obp"": 0.33451957295373663, ""slg"": 0.48582995951417, ""iso"": 0.242914979757085, ""ab"": 247}]","[{""id"": 514888, ""name"": ""Jose Altuve"", ""bats"": ""R"", ""obp"": 0.31, ""slg"": 0.40148698884758366, ""iso"": 0.16728624535315986, ""ab"": 269}, {""id"": 670541, ""name"": ""Yordan Alvarez"", ""bats"": ""L"", ""obp"": 0.42039800995024873, ""slg"": 0.6208955223880597, ""iso"": 0.30746268656716413, ""ab"": 335}, {""id"": 670623, ""name"": ""Isaac Paredes"", ""bats"": ""R"", ""obp"": 0.3442622950819672, ""slg"": 0.41455696202531644, ""iso"": 0.16455696202531644, ""ab"": 316}]","[{""name"": ""away_top3c_iso"", ""value"": 0.2174, ""contribution"": 0.274}, {""name"": ""away_top3c_slg"", ""value"": 0.4859, ""contribution"": -0.231}, {""name"": ""era_gap_t1"", ""value"": -0.8157, ""contribution"": -0.0877}, {""name"": ""fi_park_nrfi_rate"", ""value"": 0.4761, ""contribution"": 0.0751}, {""name"": ""home_p_last10_pitcher_nrfi"", ""value"": 0.9, ""contribution"": 0.0716}]","[{""name"": ""home_top3c_slg"", ""value"": 0.5348, ""contribution"": -0.5866}, {""name"": ""home_top3c_iso"", ""value"": 0.2674, ""contribution"": 0.4173}, {""name"": ""home_top3_ops_vs_oppHand"", ""value"": 0.9063, ""contribution"": 0.171}, {""name"": ""fi_park_nrfi_rate"", ""value"": 0.4761, ""contribution"": 0.1154}, {""name"": ""away_whiff_pct_rank"", ""value"": 68.0, ""contribution"": -0.0782}]",483919,0.4901,4.362,5.475,59.0,68.0,0.7136,0.7136,6.27,5.4,0.751,0.9063,R,L,NRFI,PASS,0,0,0,2026-07-08T23:03:58+00:00,+110,-145,DraftKings,2026-07-08T22:49:18+00:00,0.4762,0.5918,-0.0382,-0.0298,,N,,,+110,-145,2026-07-08T22:43:52+00:00,,0.4242,YRFI,STRONG,,,,,,,
2026-07-08,2026,824815,1,N,CHC,BAL,6:35 PM ET,Colin Rea,Dean Kremer,607067,665152,live,live,live,live,1.06,0.551,0.6078,1.1588,0.2637,0.4602,0.7239,0.4772,0.5228,0.3224,0.6776,,,PASS,NO EDGE,PASS - No edge,4,2026-07-08T22:01:08Z,4.495,3.889,1.374,1.112,4.544,4.388,3.14,2.13,1.26,1.6,6.97,8.4,0.335,0.318,0.409,0.395,4.976,4.537,27.8,6.1,68.0,0.0,0.4,0.6,0.4,0.6,0.3342,0.3635,0.3964,0.4204,0.1543,0.164,lineup,lineup,"[{""id"": 683002, ""name"": ""Gunnar Henderson"", ""bats"": ""L"", ""obp"": 0.2949640287769784, ""slg"": 0.40425531914893614, ""iso"": 0.18085106382978722, ""ab"": 376}, {""id"": 668939, ""name"": ""Adley Rutschman"", ""bats"": ""S"", ""obp"": 0.32558139534883723, ""slg"": 0.4517543859649123, ""iso"": 0.19298245614035087, ""ab"": 228}, {""id"": 621493, ""name"": ""Taylor Ward"", ""bats"": ""R"", ""obp"": 0.37889688249400477, ""slg"": 0.3508771929824561, ""iso"": 0.09941520467836257, ""ab"": 342}]","[{""id"": 691718, ""name"": ""Pete Crow-Armstrong"", ""bats"": ""L"", ""obp"": 0.383248730964467, ""slg"": 0.5249266862170088, ""iso"": 0.23167155425219937, ""ab"": 341}, {""id"": 608324, ""name"": ""Alex Bregman"", ""bats"": ""R"", ""obp"": 0.34068627450980393, ""slg"": 0.3485714285714286, ""iso"": 0.10571428571428573, ""ab"": 350}, {""id"": 683737, ""name"": ""Michael Busch"", ""bats"": ""L"", ""obp"": 0.36724565756823824, ""slg"": 0.38837920489296635, ""iso"": 0.15596330275229356, ""ab"": 327}]","[{""name"": ""home_p_last10_pitcher_nrfi"", ""value"": 0.4, ""contribution"": -0.1236}, {""name"": ""away_top3c_iso"", ""value"": 0.164, ""contribution"": -0.1017}, {""name"": ""away_top3c_slg"", ""value"": 0.4204, ""contribution"": 0.1005}, {""name"": ""fi_park_nrfi_rate"", ""value"": 0.519, ""contribution"": -0.0733}, {""name"": ""era_gap_t1"", ""value"": -0.6065, ""contribution"": -0.065}]","[{""name"": ""home_top3c_slg"", ""value"": 0.3964, ""contribution"": 0.2732}, {""name"": ""away_whiff_pct_rank"", ""value"": 21.0, ""contribution"": 0.1247}, {""name"": ""home_top3c_iso"", ""value"": 0.1543, ""contribution"": -0.1165}, {""name"": ""fi_park_nrfi_rate"", ""value"": 0.519, ""contribution"": -0.1127}, {""name"": ""away_fip"", ""value"": 4.5444, ""contribution"": 0.0595}]",482641,0.4806,3.819,4.334,41.0,21.0,0.6487,0.7075,5.8,5.07,0.795,0.7333,R,R,NRFI,PASS,0,0,0,2026-07-08T22:51:01+00:00,+105,-140,DraftKings,2026-07-08T22:36:24+00:00,0.4878,0.5833,-0.0106,-0.0605,,N,,,+105,-140,2026-07-08T22:30:50+00:00,,0.4877,PASS,NO EDGE,,,,,,,
2026-07-08,2026,823032,1,N,MIL,STL,7:45 PM ET,Kyle Harrison,Michael McGreevy,690986,700241,live,live,live,live,0.97,0.4795,0.4182,0.8978,0.3894,0.3429,0.7323,0.4772,0.5228,0.2267,0.7733,,,PASS,NO EDGE,PASS - No edge,4,2026-07-08T23:35:25Z,3.259,3.49,1.152,1.152,3.327,4.385,2.56,2.09,1.07,1.21,10.51,5.82,0.334,0.321,0.399,0.395,5.042,4.557,30.4,7.6,60.0,0.0,0.8,0.8,0.8,0.8,0.3569,0.3455,0.4286,0.4673,0.1625,0.2016,lineup,lineup,"[{""id"": 691026, ""name"": ""Masyn Winn"", ""bats"": ""R"", ""obp"": 0.3215339233038348, ""slg"": 0.34, ""iso"": 0.09000000000000002, ""ab"": 300}, {""id"": 671056, ""name"": ""Iv\u00e1n Herrera"", ""bats"": ""R"", ""obp"": 0.38957816377171217, ""slg"": 0.4036697247706422, ""iso"": 0.14984709480122327, ""ab"": 327}, {""id"": 691023, ""name"": ""Jordan Walker"", ""bats"": ""R"", ""obp"": 0.3537234042553192, ""slg"": 0.5309734513274337, ""iso"": 0.23893805309734517, ""ab"": 339}]","[{""id"": 592885, ""name"": ""Christian Yelich"", ""bats"": ""L"", ""obp"": 0.3229571984435798, ""slg"": 0.3815789473684211, ""iso"": 0.14035087719298248, ""ab"": 228}, {""id"": 694192, ""name"": ""Jackson Chourio"", ""bats"": ""R"", ""obp"": 0.34220532319391633, ""slg"": 0.5103734439834025, ""iso"": 0.22406639004149376, ""ab"": 241}, {""id"": 641343, ""name"": ""Jake Bauers"", ""bats"": ""L"", ""obp"": 0.36615384615384616, ""slg"": 0.5, ""iso"": 0.23214285714285715, ""ab"": 280}]","[{""name"": ""away_top3c_iso"", ""value"": 0.2016, ""contribution"": 0.1628}, {""name"": ""away_top3c_slg"", ""value"": 0.4673, ""contribution"": -0.1368}, {""name"": ""fi_park_nrfi_rate"", ""value"": 0.527, ""contribution"": -0.1009}, {""name"": ""home_xera"", ""value"": 4.9135, ""contribution"": 0.0818}, {""name"": ""wx_temp_c"", ""value"": 30.4, ""contribution"": 0.0548}]","[{""name"": ""fi_park_nrfi_rate"", ""value"": 0.527, ""contribution"": -0.1552}, {""name"": ""home_top3_ops_vs_oppHand"", ""value"": 0.8547, ""contribution"": 0.1092}, {""name"": ""away_whiff_pct_rank"", ""value"": 74.0, ""contribution"": -0.1041}, {""name"": ""home_top3c_iso"", ""value"": 0.1625, ""contribution"": -0.0778}, {""name"": ""wx_temp_c"", ""value"": 30.4, ""contribution"": 0.0764}]",668921,0.5084,4.913,4.038,3.0,74.0,0.7136,0.7136,5.8,4.47,0.8043,0.8547,L,R,YRFI,PASS,0,2,2,2026-07-09T00:08:53+00:00,-115,-115,DraftKings,2026-07-08T23:59:42+00:00,0.5349,0.5349,-0.0577,-0.0121,,N,,,-115,-115,2026-07-08T23:43:48+00:00,,0.4521,PASS,NO EDGE,,,,,,,
2026-07-08,2026,823279,1,N,ARI,SD,10:10 PM ET,Jose Cabrera,Michael King,703615,650633,sm,live,live,live,0.95,0.4282,0.4996,0.9278,0.2781,0.3282,0.6063,0.5495,0.4505,0.2377,0.7623,,,NRFI,LEAN,LEAN NRFI,4,2026-07-09T01:06:31Z,4.308,3.578,1.339,1.178,4.578,4.068,3.05,3.47,1.42,1.02,8.29,8.14,0.308,0.302,0.386,0.376,4.278,3.958,23.8,13.0,75.0,0.0,1.0,0.6667,0.9,0.6667,0.3123,0.3285,0.3589,0.466,0.1153,0.2032,lineup,lineup,"[{""id"": 665487, ""name"": ""Fernando Tatis Jr."", ""bats"": ""R"", ""obp"": 0.34183673469387754, ""slg"": 0.3835227272727273, ""iso"": 0.10227272727272729, ""ab"": 352}, {""id"": 701538, ""name"": ""Jackson Merrill"", ""bats"": ""L"", ""obp"": 0.273224043715847, ""slg"": 0.3558823529411765, ""iso"": 0.13823529411764707, ""ab"": 340}, {""id"": 593428, ""name"": ""Xander Bogaerts"", ""bats"": ""R"", ""obp"": 0.3205882352941177, ""slg"": 0.3333333333333333, ""iso"": 0.10437710437710435, ""ab"": 297}]","[{""id"": 606466, ""name"": ""Ketel Marte"", ""bats"": ""S"", ""obp"": 0.32460732984293195, ""slg"": 0.48563218390804597, ""iso"": 0.21839080459770116, ""ab"": 348}, {""id"": 545121, ""name"": ""Ildemaro Vargas"", ""bats"": ""S"", ""obp"": 0.3003533568904594, ""slg"": 0.39622641509433965, ""iso"": 0.139622641509434, ""ab"": 265}, {""id"": 682998, ""name"": ""Corbin Carroll"", ""bats"": ""L"", ""obp"": 0.3537234042553192, ""slg"": 0.5015290519877675, ""iso"": 0.23853211009174308, ""ab"": 327}]","[{""name"": ""away_top3c_iso"", ""value"": 0.2032, ""contribution"": 0.174}, {""name"": ""fi_park_nrfi_rate"", ""value"": 0.5409, ""contribution"": -0.149}, {""name"": ""away_top3c_slg"", ""value"": 0.466, ""contribution"": -0.1301}, {""name"": ""era_gap_t1"", ""value"": -0.7304, ""contribution"": -0.0785}, {""name"": ""home_p_last10_pitcher_nrfi"", ""value"": 0.9, ""contribution"": 0.0716}]","[{""name"": ""home_top3c_slg"", ""value"": 0.3589, ""contribution"": 0.5059}, {""name"": ""home_top3c_iso"", ""value"": 0.1153, ""contribution"": -0.3009}, {""name"": ""fi_park_nrfi_rate"", ""value"": 0.5409, ""contribution"": -0.229}, {""name"": ""home_top3_ops_vs_oppHand"", ""value"": 0.6523, ""contribution"": -0.1331}, {""name"": ""home_top3c_obp"", ""value"": 0.3123, ""contribution"": -0.0982}]",691042,0.5084,3.885,4.2,56.0,50.0,0.7272,0.7136,5.67,4.44,0.7053,0.6523,R,R,YRFI,LOSS,1,0,1,2026-07-09T02:28:52+00:00,-115,-115,DraftKings,2026-07-09T02:30:17+00:00,0.5349,0.5349,0.0146,-0.0844,0.0146,N,0.5,0,-115,-115,2026-07-09T01:09:48+00:00,0,0.4988,PASS,NO EDGE,,,,,,,
2026-07-08,2026,823605,1,N,KC,NYM,7:10 PM ET,Steven Cruz,Christian Scott,674444,681035,ltd,ltd,live,live,0.96,0.5116,0.5798,1.0914,0.4626,0.4394,0.9019,0.4064,0.5936,0.2978,0.7022,,,YRFI,STRONG,STRONG YRFI,4,2026-07-08T22:01:08Z,4.45,3.796,1.321,1.31,4.93,4.169,3.98,3.84,1.72,1.25,9.77,10.0,0.319,0.304,0.399,0.385,4.369,4.192,24.6,18.1,62.0,0.0,0.8,1.0,0.7,1.0,0.3521,0.3337,0.4553,0.4521,0.1799,0.1862,lineup,lineup,"[{""id"": 805999, ""name"": ""A.J. Ewing"", ""bats"": ""L"", ""obp"": 0.35858585858585856, ""slg"": 0.43103448275862066, ""iso"": 0.15517241379310343, ""ab"": 174}, {""id"": 665742, ""name"": ""Juan Soto"", ""bats"": ""L"", ""obp"": 0.41025641025641024, ""slg"": 0.5747126436781609, ""iso"": 0.2758620689655172, ""ab"": 261}, {""id"": 666182, ""name"": ""Bo Bichette"", ""bats"": ""R"", ""obp"": 0.3034825870646766, ""slg"": 0.38274932614555257, ""iso"": 0.12398921832884097, ""ab"": 371}]","[{""id"": 695600, ""name"": ""Carter Jensen"", ""bats"": ""L"", ""obp"": 0.3119266055045872, ""slg"": 0.4383561643835616, ""iso"": 0.1917808219178082, ""ab"": 292}, {""id"": 677951, ""name"": ""Bobby Witt Jr."", ""bats"": ""R"", ""obp"": 0.36220472440944884, ""slg"": 0.46153846153846156, ""iso"": 0.17159763313609472, ""ab"": 338}, {""id"": 695506, ""name"": ""Jac Caglianone"", ""bats"": ""L"", ""obp"": 0.3221884498480243, ""slg"": 0.45484949832775917, ""iso"": 0.19732441471571904, ""ab"": 299}]","[{""name"": ""home_xera"", ""value"": 8.0432, ""contribution"": 0.4025}, {""name"": ""era_gap_t1"", ""value"": -0.6547, ""contribution"": -0.0703}, {""name"": ""away_top3c_slg"", ""value"": 0.4521, ""contribution"": -0.0599}, {""name"": ""away_top3c_iso"", ""value"": 0.1862, ""contribution"": 0.0545}, {""name"": ""wx_wind_kmh"", ""value"": 18.1, ""contribution"": 0.0294}]","[{""name"": ""away_fip"", ""value"": 4.93, ""contribution"": 0.1007}, {""name"": ""home_top3_ops_vs_oppHand"", ""value"": 0.8417, ""contribution"": 0.0936}, {""name"": ""away_p_last10_pitcher_nrfi"", ""value"": 1.0, ""contribution"": -0.0929}, {""name"": ""home_top3c_slg"", ""value"": 0.4553, ""contribution"": -0.0928}, {""name"": ""wx_wind_kmh"", ""value"": 18.1, ""contribution"": 0.0695}]",658325,0.5084,8.043,4.2,50.0,50.0,0.7136,0.7136,4.73,1.33,0.7813,0.8417,R,R,YRFI,WIN,0,1,1,2026-07-08T23:26:28+00:00,-105,-125,DraftKings,2026-07-08T22:14:54+00:00,0.5122,0.5556,-0.1058,0.038,0.038,Y,1,0.8,-105,-125,2026-07-08T22:09:36+00:00,0,0.3767,YRFI,STRONG,,,,,,,
2026-07-08,2026,824496,1,N,PHI,CIN,7:10 PM ET,Alan Rangel,Chase Burns,660604,695505,sm,live,live,live,1.09,0.4657,0.5248,0.9905,0.3682,0.4007,0.7689,0.4691,0.5309,0.2607,0.7393,,,PASS,NO EDGE,PASS - No edge,4,2026-07-08T23:05:29Z,3.944,2.958,1.274,1.139,3.848,3.479,3.06,2.93,1.02,1.12,8.98,10.71,0.306,0.309,0.404,0.389,4.435,4.195,30.4,5.8,49.0,0.0,1.0,1.0,0.9,1.0,0.3406,0.3607,0.4675,0.5298,0.2137,0.2546,lineup,lineup,"[{""id"": 682829, ""name"": ""Elly De La Cruz"", ""bats"": ""S"", ""obp"": 0.34177215189873417, ""slg"": 0.4716312056737589, ""iso"": 0.2021276595744681, ""ab"": 282}, {""id"": 701398, ""name"": ""Sal Stewart"", ""bats"": ""R"", ""obp"": 0.3375959079283887, ""slg"": 0.46355685131195334, ""iso"": 0.20991253644314867, ""ab"": 343}, {""id"": 668709, ""name"": ""JJ Bleday"", ""bats"": ""L"", ""obp"": 0.3435114503816794, ""slg"": 0.46846846846846846, ""iso"": 0.23423423423423423, ""ab"": 222}]","[{""id"": 547180, ""name"": ""Bryce Harper"", ""bats"": ""L"", ""obp"": 0.3704663212435233, ""slg"": 0.5139318885448917, ""iso"": 0.24767801857585142, ""ab"": 323}, {""id"": 656941, ""name"": ""Kyle Schwarber"", ""bats"": ""L"", ""obp"": 0.36989795918367346, ""slg"": 0.5696969696969697, ""iso"": 0.3151515151515152, ""ab"": 330}, {""id"": 669016, ""name"": ""Brandon Marsh"", ""bats"": ""L"", ""obp"": 0.3391812865497076, ""slg"": 0.5046728971962616, ""iso"": 0.1993769470404984, ""ab"": 321}]","[{""name"": ""away_top3c_iso"", ""value"": 0.2546, ""contribution"": 0.5362}, {""name"": ""away_top3c_slg"", ""value"": 0.5298, ""contribution"": -0.4533}, {""name"": ""away_top3_ops_vs_oppHand"", ""value"": 0.9487, ""contribution"": 0.1849}, {""name"": ""era_gap_t1"", ""value"": -0.9864, ""contribution"": -0.1062}, {""name"": ""home_p_last10_pitcher_nrfi"", ""value"": 0.9, ""contribution"": 0.0716}]","[{""name"": ""home_top3c_slg"", ""value"": 0.4675, ""contribution"": -0.1686}, {""name"": ""home_top3c_iso"", ""value"": 0.2137, ""contribution"": 0.1637}, {""name"": ""away_p_last10_pitcher_nrfi"", ""value"": 1.0, ""contribution"": -0.0929}, {""name"": ""wx_temp_c"", ""value"": 30.4, ""contribution"": 0.0764}, {""name"": ""era_gap_b1"", ""value"": 0.9864, ""contribution"": 0.0667}]",427315,0.5564,3.446,4.2,100.0,50.0,0.7272,0.7136,5.47,4.0,0.9487,0.785,R,R,NRFI,PASS,0,0,0,2026-07-08T23:30:52+00:00,-105,-125,DraftKings,2026-07-08T23:29:51+00:00,0.5122,0.5556,-0.0431,-0.0247,,N,,,-105,-125,2026-07-08T23:08:37+00:00,,0.4589,PASS,NO EDGE,,,,,,,
2026-07-09,2026,823846,1,N,SEA,MIA,6:40 PM ET,Bryce Miller,Janson Junk,682243,676083,live,live,live,live,0.95,0.3884,0.4326,0.821,0.4341,0.3515,0.7856,0.4414,0.5586,0.1988,0.8012,,,PASS,NO EDGE,PASS - No edge,4,2026-07-09T22:34:37Z,3.269,4.548,0.969,1.24,3.769,3.795,1.91,1.66,1.37,1.0,9.41,6.47,0.312,0.328,0.383,0.411,4.116,4.569,,,,1.0,0.6,0.8,0.7,0.9,0.3748,0.3515,0.4711,0.4376,0.157,0.1816,lineup,lineup,"[{""id"": 689414, ""name"": ""Liam Hicks"", ""bats"": ""L"", ""obp"": 0.36085626911314983, ""slg"": 0.45964912280701753, ""iso"": 0.1719298245614035, ""ab"": 285}, {""id"": 672640, ""name"": ""Otto Lopez"", ""bats"": ""R"", ""obp"": 0.375, ""slg"": 0.5178082191780822, ""iso"": 0.17260273972602735, ""ab"": 365}, {""id"": 669364, ""name"": ""Xavier Edwards"", ""bats"": ""S"", ""obp"": 0.38618925831202044, ""slg"": 0.43026706231454004, ""iso"": 0.12759643916913943, ""ab"": 337}]","[{""id"": 641487, ""name"": ""J.P. Crawford"", ""bats"": ""L"", ""obp"": 0.3312302839116719, ""slg"": 0.35074626865671643, ""iso"": 0.13805970149253732, ""ab"": 268}, {""id"": 668227, ""name"": ""Randy Arozarena"", ""bats"": ""R"", ""obp"": 0.3767313019390582, ""slg"": 0.44694533762057875, ""iso"": 0.16077170418006426, ""ab"": 311}, {""id"": 686527, ""name"": ""Dominic Canzone"", ""bats"": ""L"", ""obp"": 0.34024896265560167, ""slg"": 0.5327102803738317, ""iso"": 0.26635514018691586, ""ab"": 214}]","[{""name"": ""fi_park_nrfi_rate"", ""value"": 0.455, ""contribution"": 0.1479}, {""name"": ""era_gap_t1"", ""value"": 1.2789, ""contribution"": 0.1391}, {""name"": ""away_top3_ops_vs_oppHand"", ""value"": 0.802, ""contribution"": 0.0354}, {""name"": ""home_whiff_pct_rank"", ""value"": 3.0, ""contribution"": 0.032}, {""name"": ""away_top3c_iso"", ""value"": 0.1816, ""contribution"": 0.0218}]","[{""name"": ""fi_park_nrfi_rate"", ""value"": 0.455, ""contribution"": 0.2273}, {""name"": ""home_top3c_slg"", ""value"": 0.4711, ""contribution"": -0.1909}, {""name"": ""home_top3c_obp"", ""value"": 0.3748, ""contribution"": 0.1209}, {""name"": ""home_top3c_iso"", ""value"": 0.157, ""contribution"": -0.1037}, {""name"": ""home_obp"", ""value"": 0.3281, ""contribution"": 0.0998}]",623938,0.4993,4.264,4.2,3.0,50.0,0.7136,0.7136,5.4,6.33,0.802,0.841,R,R,NRFI,PASS,0,0,0,2026-07-09T22:56:10+00:00,-125,-105,DraftKings,2026-07-09T23:04:44+00:00,0.5556,0.5122,-0.1142,0.0464,0.0936,N,1,,-125,-105,2026-07-09T22:38:19+00:00,0,0.4877,PASS,NO EDGE,,,,,,,
2026-07-09,2026,822877,1,N,LAA,TEX,8:05 PM ET,Reid Detmers,Nathan Eovaldi,672282,543135,live,live,live,live,1.07,0.4676,0.4634,0.9309,0.2779,0.269,0.5469,0.5681,0.4319,0.2389,0.7611,,,NRFI,LEAN,LEAN NRFI,4,2026-07-09T23:03:56Z,4.11,3.389,1.157,1.082,3.233,3.774,3.03,1.89,0.85,1.37,10.12,9.28,0.315,0.319,0.395,0.394,4.468,4.145,,,,1.0,1.0,0.8,0.8,0.7,0.3292,0.3486,0.4516,0.4413,0.1868,0.2,lineup,lineup,"[{""id"": 679822, ""name"": ""Justin Foscue"", ""bats"": ""R"", ""obp"": 0.3486238532110092, ""slg"": 0.5257731958762887, ""iso"": 0.24742268041237114, ""ab"": 97}, {""id"": 694671, ""name"": ""Wyatt Langford"", ""bats"": ""R"", ""obp"": 0.3236994219653179, ""slg"": 0.5, ""iso"": 0.2222222222222222, ""ab"": 162}, {""id"": 607043, ""name"": ""Brandon Nimmo"", ""bats"": ""L"", ""obp"": 0.32608695652173914, ""slg"": 0.40606060606060607, ""iso"": 0.15151515151515155, ""ab"": 330}]","[{""id"": 687263, ""name"": ""Zach Neto"", ""bats"": ""R"", ""obp"": 0.32592592592592595, ""slg"": 0.4619718309859155, ""iso"": 0.22816901408450704, ""ab"": 355}, {""id"": 545361, ""name"": ""Mike Trout"", ""bats"": ""R"", ""obp"": 0.3941176470588235, ""slg"": 0.4795539033457249, ""iso"": 0.2453531598513011, ""ab"": 269}, {""id"": 694384, ""name"": ""Nolan Schanuel"", ""bats"": ""L"", ""obp"": 0.32781456953642385, ""slg"": 0.3763837638376384, ""iso"": 0.11808118081180813, ""ab"": 271}]","[{""name"": ""away_top3c_iso"", ""value"": 0.2, ""contribution"": 0.1515}, {""name"": ""fi_park_nrfi_rate"", ""value"": 0.5398, ""contribution"": -0.1451}, {""name"": ""home_xera"", ""value"": 3.2112, ""contribution"": -0.0926}, {""name"": ""era_gap_t1"", ""value"": -0.7217, ""contribution"": -0.0775}, {""name"": ""home_p_last10_pitcher_nrfi"", ""value"": 0.8, ""contribution"": 0.0326}]","[{""name"": ""fi_park_nrfi_rate"", ""value"": 0.5398, ""contribution"": -0.2231}, {""name"": ""home_top3_ops_vs_oppHand"", ""value"": 0.877, ""contribution"": 0.1359}, {""name"": ""away_fip"", ""value"": 3.2332, ""contribution"": -0.0807}, {""name"": ""wx_is_dome"", ""value"": 1.0, ""contribution"": -0.0758}, {""name"": ""home_top3c_slg"", ""value"": 0.4516, ""contribution"": -0.0697}]",427344,0.4727,3.211,3.122,84.0,65.0,0.7412,0.6767,6.13,6.13,0.788,0.877,L,R,YRFI,LOSS,0,2,2,2026-07-10T00:24:41+00:00,-135,+105,DraftKings,2026-07-10T00:00:24+00:00,0.5745,0.4878,-0.0064,-0.0559,-0.0064,N,0.5,0,-140,+105,2026-07-09T23:04:44+00:00,-0.0089,0.6536,NRFI,STRONG,,,,,,,
2026-07-09,2026,823606,1,N,KC,NYM,1:10 PM ET,Michael Wacha,Sean Manaea,608379,640455,live,live,live,live,0.96,0.4629,0.4243,0.8872,0.3969,0.3612,0.7581,0.4772,0.5228,0.2228,0.7772,,,PASS,NO EDGE,PASS - No edge,4,2026-07-09T17:04:16Z,3.556,4.815,1.176,1.309,3.866,3.916,2.42,2.79,0.96,1.25,7.02,9.36,0.319,0.305,0.399,0.385,4.347,4.208,24.6,11.2,89.0,0.0,0.6,0.8,0.6,0.8,0.3518,0.3166,0.4567,0.3987,0.1819,0.1523,lineup,lineup,"[{""id"": 805999, ""name"": ""A.J. Ewing"", ""bats"": ""L"", ""obp"": 0.35960591133004927, ""slg"": 0.45251396648044695, ""iso"": 0.17318435754189948, ""ab"": 179}, {""id"": 665742, ""name"": ""Juan Soto"", ""bats"": ""L"", ""obp"": 0.41009463722397477, ""slg"": 0.5681818181818182, ""iso"": 0.27272727272727276, ""ab"": 264}, {""id"": 666182, ""name"": ""Bo Bichette"", ""bats"": ""R"", ""obp"": 0.3022113022113022, ""slg"": 0.3803191489361702, ""iso"": 0.12234042553191488, ""ab"": 376}]","[{""id"": 657041, ""name"": ""Lane Thomas"", ""bats"": ""R"", ""obp"": 0.33992094861660077, ""slg"": 0.3813953488372093, ""iso"": 0.1488372093023256, ""ab"": 215}, {""id"": 677951, ""name"": ""Bobby Witt Jr."", ""bats"": ""R"", ""obp"": 0.3601036269430052, ""slg"": 0.4577259475218659, ""iso"": 0.16909620991253643, ""ab"": 343}, {""id"": 521692, ""name"": ""Salvador Perez"", ""bats"": ""R"", ""obp"": 0.25348189415041783, ""slg"": 0.3492537313432836, ""iso"": 0.1373134328358209, ""ab"": 335}]","[{""name"": ""away_top3c_slg"", ""value"": 0.3987, ""contribution"": 0.2108}, {""name"": ""away_top3c_iso"", ""value"": 0.1523, ""contribution"": -0.1845}, {""name"": ""era_gap_t1"", ""value"": 1.2583, ""contribution"": 0.1369}, {""name"": ""away_top3_ops_vs_oppHand"", ""value"": 0.8303, ""contribution"": 0.0643}, {""name"": ""home_xera"", ""value"": 4.68, ""contribution"": 0.0579}]","[{""name"": ""home_top3_ops_vs_oppHand"", ""value"": 0.8483, ""contribution"": 0.1016}, {""name"": ""home_top3c_slg"", ""value"": 0.4567, ""contribution"": -0.101}, {""name"": ""era_gap_b1"", ""value"": -1.2583, ""contribution"": -0.086}, {""name"": ""home_obp"", ""value"": 0.3048, ""contribution"": -0.0629}, {""name"": ""home_plate_ump_nrfi_rate"", ""value"": 0.5451, ""contribution"": 0.0444}]",484499,0.5451,4.68,4.274,24.0,40.0,0.664,0.7396,5.0,6.73,0.8303,0.8483,R,L,YRFI,PASS,1,0,1,2026-07-09T17:22:56+00:00,+105,-140,DraftKings,2026-07-09T17:17:53+00:00,0.4878,0.5833,-0.0106,-0.0605,,N,,,+105,-140,2026-07-09T17:07:13+00:00,,0.4557,PASS,NO EDGE,,,,,,,
2026-07-09,2026,823359,1,N,ATL,PIT,12:35 PM ET,Bryce Elder,Mitch Keller,693821,656605,live,live,live,live,0.96,0.49,0.5473,1.0373,0.3651,0.4586,0.8237,0.4272,0.5728,0.278,0.722,,,PASS,LOW LAMBDA,PASS - Low lambda,4,2026-07-09T16:26:56Z,4.383,4.783,1.276,1.296,4.185,4.198,2.8,2.86,1.18,1.08,7.59,6.94,0.313,0.338,0.411,0.419,4.825,5.134,29.5,12.7,55.0,0.0,0.6,0.6,0.8,0.8,0.3567,0.3327,0.4525,0.498,0.1799,0.2158,lineup,lineup,"[{""id"": 663968, ""name"": ""Jake Mangum"", ""bats"": ""S"", ""obp"": 0.3516949152542373, ""slg"": 0.3548387096774194, ""iso"": 0.05529953917050695, ""ab"": 217}, {""id"": 664040, ""name"": ""Brandon Lowe"", ""bats"": ""L"", ""obp"": 0.3194805194805195, ""slg"": 0.4970588235294118, ""iso"": 0.25, ""ab"": 340}, {""id"": 668804, ""name"": ""Bryan Reynolds"", ""bats"": ""S"", ""obp"": 0.3950617283950617, ""slg"": 0.47041420118343197, ""iso"": 0.18934911242603553, ""ab"": 338}]","[{""id"": 671739, ""name"": ""Michael Harris II"", ""bats"": ""L"", ""obp"": 0.3383233532934132, ""slg"": 0.509493670886076, ""iso"": 0.20253164556962028, ""ab"": 316}, {""id"": 645277, ""name"": ""Ozzie Albies"", ""bats"": ""S"", ""obp"": 0.32142857142857145, ""slg"": 0.4460227272727273, ""iso"": 0.17329545454545459, ""ab"": 352}, {""id"": 621566, ""name"": ""Matt Olson"", ""bats"": ""L"", ""obp"": 0.3391959798994975, ""slg"": 0.5393258426966292, ""iso"": 0.2696629213483146, ""ab"": 356}]","[{""name"": ""away_top3c_slg"", ""value"": 0.498, ""contribution"": -0.2926}, {""name"": ""away_top3c_iso"", ""value"": 0.2158, ""contribution"": 0.2629}, {""name"": ""away_top3_ops_vs_oppHand"", ""value"": 0.8443, ""contribution"": 0.0786}, {""name"": ""fi_park_nrfi_rate"", ""value"": 0.5188, ""contribution"": -0.0724}, {""name"": ""wx_temp_c"", ""value"": 29.5, ""contribution"": 0.0494}]","[{""name"": ""home_obp"", ""value"": 0.3375, ""contribution"": 0.1661}, {""name"": ""away_whiff_pct_rank"", ""value"": 24.0, ""contribution"": 0.1117}, {""name"": ""fi_park_nrfi_rate"", ""value"": 0.5188, ""contribution"": -0.1113}, {""name"": ""home_top3c_slg"", ""value"": 0.4525, ""contribution"": -0.0753}, {""name"": ""wx_temp_c"", ""value"": 29.5, ""contribution"": 0.0689}]",544728,0.4859,4.372,4.332,18.0,24.0,0.664,0.7136,5.47,5.33,0.8443,0.8157,R,R,YRFI,PASS,1,0,1,2026-07-09T16:53:51+00:00,+115,-145,DraftKings,2026-07-09T16:56:18+00:00,0.4651,0.5918,-0.0379,-0.019,,N,,,+115,-145,2026-07-09T16:29:47+00:00,,0.4877,PASS,NO EDGE,,,,,,,
2026-07-09,2026,824251,1,N,OAK,DET,6:40 PM ET,José Suarez,Framber Valdez,660761,664285,ltd,live,live,live,0.98,0.5035,0.5026,1.0061,0.3765,0.3409,0.7175,0.4774,0.5226,0.2665,0.7335,,,PASS,NO EDGE,PASS - No edge,4,2026-07-09T22:34:37Z,4.376,4.11,1.422,1.34,3.673,3.945,3.62,3.22,0.87,0.91,9.39,7.51,0.324,0.315,0.407,0.399,4.547,4.285,26.7,15.0,76.0,0.0,1.0,1.0,0.8,1.0,0.3322,0.3753,0.3986,0.4993,0.1601,0.2238,lineup,lineup,"[{""id"": 805808, ""name"": ""Kevin McGonigle"", ""bats"": ""L"", ""obp"": 0.398989898989899, ""slg"": 0.4221556886227545, ""iso"": 0.1347305389221557, ""ab"": 334}, {""id"": 663837, ""name"": ""Matt Vierling"", ""bats"": ""R"", ""obp"": 0.25, ""slg"": 0.33480176211453744, ""iso"": 0.13656387665198239, ""ab"": 227}, {""id"": 679529, ""name"": ""Spencer Torkelson"", ""bats"": ""R"", ""obp"": 0.3154929577464789, ""slg"": 0.4201954397394137, ""iso"": 0.20521172638436483, ""ab"": 307}]","[{""id"": 811965, ""name"": ""Joshua Kuroda-Grauer"", ""bats"": ""R"", ""obp"": 0.5161290322580645, ""slg"": 0.6, ""iso"": 0.09999999999999998, ""ab"": 30}, {""id"": 701762, ""name"": ""Nick Kurtz"", ""bats"": ""L"", ""obp"": 0.40931372549019607, ""slg"": 0.503030303030303, ""iso"": 0.23333333333333334, ""ab"": 330}, {""id"": 669127, ""name"": ""Shea Langeliers"", ""bats"": ""R"", ""obp"": 0.3261455525606469, ""slg"": 0.486646884272997, ""iso"": 0.22551928783382785, ""ab"": 337}]","[{""name"": ""away_top3c_iso"", ""value"": 0.2238, ""contribution"": 0.3192}, {""name"": ""away_top3c_slg"", ""value"": 0.4993, ""contribution"": -0.2989}, {""name"": ""away_top3_ops_vs_oppHand"", ""value"": 0.9933, ""contribution"": 0.2304}, {""name"": ""fi_park_nrfi_rate"", ""value"": 0.5322, ""contribution"": -0.1188}, {""name"": ""home_xera"", ""value"": 3.7403, ""contribution"": -0.0384}]","[{""name"": ""home_top3c_slg"", ""value"": 0.3986, ""contribution"": 0.2595}, {""name"": ""fi_park_nrfi_rate"", ""value"": 0.5322, ""contribution"": -0.1826}, {""name"": ""away_p_last10_pitcher_nrfi"", ""value"": 1.0, ""contribution"": -0.0929}, {""name"": ""home_top3c_iso"", ""value"": 0.1601, ""contribution"": -0.0891}, {""name"": ""away_whiff_pct_rank"", ""value"": 65.0, ""contribution"": -0.0652}]",577468,0.4946,3.74,3.79,67.0,65.0,0.7709,0.7272,5.6,5.33,0.9933,0.7833,L,L,NRFI,PASS,0,0,0,2026-07-09T22:55:29+00:00,-105,-120,DraftKings,2026-07-09T23:04:44+00:00,0.5122,0.5455,-0.0348,-0.0229,,N,,,-105,-120,2026-07-09T22:38:19+00:00,,0.4877,PASS,NO EDGE,,,,,,,
2026-07-09,2026,824816,1,N,CHC,BAL,1:35 PM ET,David Peterson,Trevor Rogers,656849,669432,live,live,live,live,1.06,0.4889,0.6225,1.1114,0.2361,0.4677,0.7038,0.479,0.521,0.3051,0.6949,,,PASS,NO EDGE,PASS - No edge,4,2026-07-09T17:24:25Z,5.877,3.837,1.568,1.195,3.879,3.743,3.72,2.89,0.82,0.83,7.97,7.46,0.335,0.319,0.41,0.398,5.014,4.56,24.4,8.4,92.0,0.0,1.0,0.4,0.7,0.3,0.3342,0.3553,0.3942,0.4441,0.1522,0.1789,lineup,lineup,"[{""id"": 668939, ""name"": ""Adley Rutschman"", ""bats"": ""S"", ""obp"": 0.3269961977186312, ""slg"": 0.4482758620689655, ""iso"": 0.1896551724137931, ""ab"": 232}, {""id"": 621493, ""name"": ""Taylor Ward"", ""bats"": ""R"", ""obp"": 0.3815165876777251, ""slg"": 0.35260115606936415, ""iso"": 0.09826589595375723, ""ab"": 346}, {""id"": 683002, ""name"": ""Gunnar Henderson"", ""bats"": ""L"", ""obp"": 0.2914691943127962, ""slg"": 0.3989501312335958, ""iso"": 0.1784776902887139, ""ab"": 381}]","[{""id"": 691718, ""name"": ""Pete Crow-Armstrong"", ""bats"": ""L"", ""obp"": 0.38596491228070173, ""slg"": 0.5420289855072464, ""iso"": 0.24637681159420294, ""ab"": 345}, {""id"": 608324, ""name"": ""Alex Bregman"", ""bats"": ""R"", ""obp"": 0.3365617433414044, ""slg"": 0.3446327683615819, ""iso"": 0.10451977401129942, ""ab"": 354}, {""id"": 681909, ""name"": ""Justin Dean"", ""bats"": ""R"", ""obp"": 0.5, ""slg"": 0.8, ""iso"": 0.4, ""ab"": 5}]","[{""name"": ""era_gap_t1"", ""value"": -2.0401, ""contribution"": -0.2203}, {""name"": ""home_xera"", ""value"": 3.2577, ""contribution"": -0.0879}, {""name"": ""fi_park_nrfi_rate"", ""value"": 0.519, ""contribution"": -0.0733}, {""name"": ""away_top3_ops_vs_oppHand"", ""value"": 0.8213, ""contribution"": 0.0551}, {""name"": ""home_fip"", ""value"": 3.7434, ""contribution"": -0.0264}]","[{""name"": ""home_top3c_slg"", ""value"": 0.3942, ""contribution"": 0.2872}, {""name"": ""era_gap_b1"", ""value"": 2.0401, ""contribution"": 0.1384}, {""name"": ""away_p_last10_pitcher_nrfi"", ""value"": 0.3, ""contribution"": 0.137}, {""name"": ""home_top3c_iso"", ""value"": 0.1522, ""contribution"": -0.1264}, {""name"": ""fi_park_nrfi_rate"", ""value"": 0.519, ""contribution"": -0.1127}]",607884,0.5403,3.258,4.593,47.0,68.0,0.7136,0.7272,6.0,4.67,0.8213,0.756,L,L,NRFI,PASS,0,0,0,2026-07-09T17:54:41+00:00,+100,-130,DraftKings,2026-07-09T17:54:13+00:00,0.5,0.5652,-0.021,-0.0442,0.006,N,0.5,,+100,-130,2026-07-09T17:32:54+00:00,0,0.4521,PASS,NO EDGE,,,,,,,
2026-07-09,2026,823683,1,N,CLE,MIN,1:40 PM ET,Gavin Williams,Bailey Ober,668909,641927,live,live,live,live,0.97,0.493,0.5465,1.0395,0.3525,0.2687,0.6212,0.5479,0.4521,0.2788,0.7212,,,NRFI,LEAN,LEAN NRFI,4,2026-07-09T16:26:56Z,3.663,4.782,1.205,1.25,4.04,4.968,3.44,2.24,1.32,1.71,10.13,6.68,0.312,0.323,0.373,0.415,4.032,4.856,30.1,2.5,37.0,0.0,0.8,0.6,0.9,0.8,0.3316,0.3428,0.4584,0.4101,0.1958,0.1429,lineup,lineup,"[{""id"": 663616, ""name"": ""Trevor Larnach"", ""bats"": ""L"", ""obp"": 0.3795620437956204, ""slg"": 0.4369747899159664, ""iso"": 0.1512605042016807, ""ab"": 238}, {""id"": 686797, ""name"": ""Brooks Lee"", ""bats"": ""S"", ""obp"": 0.3081232492997199, ""slg"": 0.4316109422492401, ""iso"": 0.17933130699088146, ""ab"": 329}, {""id"": 665019, ""name"": ""Kody Clemens"", ""bats"": ""L"", ""obp"": 0.31629392971246006, ""slg"": 0.506993006993007, ""iso"": 0.2517482517482517, ""ab"": 286}]","[{""id"": 683953, ""name"": ""Travis Bazzana"", ""bats"": ""L"", ""obp"": 0.33840304182509506, ""slg"": 0.40350877192982454, ""iso"": 0.15789473684210525, ""ab"": 228}, {""id"": 677587, ""name"": ""Brayan Rocchio"", ""bats"": ""S"", ""obp"": 0.3431952662721893, ""slg"": 0.39867109634551495, ""iso"": 0.12624584717607973, ""ab"": 301}, {""id"": 800050, ""name"": ""Chase DeLauter"", ""bats"": ""L"", ""obp"": 0.346031746031746, ""slg"": 0.4275618374558304, ""iso"": 0.14840989399293286, ""ab"": 283}]","[{""name"": ""away_top3c_iso"", ""value"": 0.1429, ""contribution"": -0.251}, {""name"": ""away_top3c_slg"", ""value"": 0.4101, ""contribution"": 0.1528}, {""name"": ""fi_park_nrfi_rate"", ""value"": 0.5348, ""contribution"": -0.1278}, {""name"": ""era_gap_t1"", ""value"": 1.1193, ""contribution"": 0.1218}, {""name"": ""home_fip"", ""value"": 4.9676, ""contribution"": 0.111}]","[{""name"": ""fi_park_nrfi_rate"", ""value"": 0.5348, ""contribution"": -0.1964}, {""name"": ""away_whiff_pct_rank"", ""value"": 88.0, ""contribution"": -0.1645}, {""name"": ""home_top3c_slg"", ""value"": 0.4584, ""contribution"": -0.1117}, {""name"": ""wx_wind_kmh"", ""value"": 2.5, ""contribution"": -0.0947}, {""name"": ""home_top3_ops_vs_oppHand"", ""value"": 0.8343, ""contribution"": 0.0848}]",503502,0.4948,4.06,4.171,57.0,88.0,0.7424,0.7075,5.73,4.93,0.7843,0.8343,R,R,NRFI,WIN,0,0,0,2026-07-09T17:53:56+00:00,-120,-110,DraftKings,2026-07-09T17:54:13+00:00,0.5455,0.5238,0.0024,-0.0717,0.0024,N,0.5,0,-120,-110,2026-07-09T16:35:07+00:00,0,0.6370,NRFI,STRONG,,,,,,,
2026-07-09,2026,824494,1,N,PHI,CIN,7:10 PM ET,Jesús Luzardo,Brady Singer,666200,663903,live,live,live,live,1.09,0.6639,0.4285,1.0924,0.4863,0.318,0.8043,0.4384,0.5616,0.2982,0.7018,,,PASS,LOW LAMBDA,PASS - Low lambda,4,2026-07-09T23:03:56Z,3.798,4.702,1.256,1.442,2.912,5.129,2.86,3.26,0.79,1.81,10.83,8.07,0.307,0.311,0.404,0.394,4.44,4.259,29.7,7.1,55.0,0.0,0.6,1.0,0.5,1.0,0.3455,0.3423,0.4837,0.4782,0.2261,0.2256,lineup,lineup,"[{""id"": 682829, ""name"": ""Elly De La Cruz"", ""bats"": ""S"", ""obp"": 0.34890965732087226, ""slg"": 0.48771929824561405, ""iso"": 0.21403508771929824, ""ab"": 285}, {""id"": 701398, ""name"": ""Sal Stewart"", ""bats"": ""R"", ""obp"": 0.3409090909090909, ""slg"": 0.4812680115273775, ""iso"": 0.22478386167146974, ""ab"": 347}, {""id"": 668709, ""name"": ""JJ Bleday"", ""bats"": ""L"", ""obp"": 0.34831460674157305, ""slg"": 0.4823008849557522, ""iso"": 0.24336283185840704, ""ab"": 226}]","[{""id"": 607208, ""name"": ""Trea Turner"", ""bats"": ""R"", ""obp"": 0.2864321608040201, ""slg"": 0.3646112600536193, ""iso"": 0.12332439678284185, ""ab"": 373}, {""id"": 656941, ""name"": ""Kyle Schwarber"", ""bats"": ""L"", ""obp"": 0.3702770780856423, ""slg"": 0.5748502994011976, ""iso"": 0.3203592814371257, ""ab"": 334}, {""id"": 547180, ""name"": ""Bryce Harper"", ""bats"": ""L"", ""obp"": 0.37084398976982097, ""slg"": 0.50920245398773, ""iso"": 0.24539877300613494, ""ab"": 326}]","[{""name"": ""away_top3c_iso"", ""value"": 0.2256, ""contribution"": 0.3315}, {""name"": ""away_top3c_slg"", ""value"": 0.4782, ""contribution"": -0.1922}, {""name"": ""home_fip"", ""value"": 5.1291, ""contribution"": 0.1292}, {""name"": ""away_top3_ops_vs_oppHand"", ""value"": 0.8803, ""contribution"": 0.1153}, {""name"": ""era_gap_t1"", ""value"": 0.9049, ""contribution"": 0.0986}]","[{""name"": ""home_top3c_slg"", ""value"": 0.4837, ""contribution"": -0.2689}, {""name"": ""home_top3c_iso"", ""value"": 0.2261, ""contribution"": 0.2223}, {""name"": ""home_top3_ops_vs_oppHand"", ""value"": 0.926, ""contribution"": 0.1946}, {""name"": ""away_whiff_pct_rank"", ""value"": 90.0, ""contribution"": -0.1731}, {""name"": ""away_fip"", ""value"": 2.9115, ""contribution"": -0.115}]",482631,0.538,4.422,3.2,32.0,90.0,0.7396,0.7136,5.47,6.07,0.8803,0.926,L,R,NRFI,PASS,0,0,0,2026-07-09T23:19:53+00:00,+105,-140,DraftKings,2026-07-09T23:28:47+00:00,0.4878,0.5833,-0.0494,-0.0217,,N,,,+105,-140,2026-07-09T23:07:39+00:00,,0.4877,PASS,NO EDGE,,,,,,,
2026-07-09,2026,823277,1,N,ARI,SD,9:40 PM ET,Merrill Kelly,Griffin Canning,518876,656288,live,live,live,live,0.95,0.5726,0.5919,1.1645,0.3217,0.2951,0.6168,0.5479,0.4521,0.3245,0.6755,,,NRFI,LEAN,LEAN NRFI,4,2026-07-10T00:35:05Z,5.017,5.482,1.42,1.49,5.368,4.667,3.24,4.59,1.71,1.25,6.38,8.66,0.308,0.303,0.386,0.378,4.276,4.014,20.5,10.5,83.0,0.0,0.6,0.6,0.6,0.5,0.3135,0.3425,0.3589,0.4496,0.1137,0.1925,lineup,lineup,"[{""id"": 665487, ""name"": ""Fernando Tatis Jr."", ""bats"": ""R"", ""obp"": 0.345088161209068, ""slg"": 0.3848314606741573, ""iso"": 0.10112359550561795, ""ab"": 356}, {""id"": 701538, ""name"": ""Jackson Merrill"", ""bats"": ""L"", ""obp"": 0.2749326145552561, ""slg"": 0.3565217391304348, ""iso"": 0.13623188405797101, ""ab"": 345}, {""id"": 593428, ""name"": ""Xander Bogaerts"", ""bats"": ""R"", ""obp"": 0.3188405797101449, ""slg"": 0.33112582781456956, ""iso"": 0.10264900662251658, ""ab"": 302}]","[{""id"": 606466, ""name"": ""Ketel Marte"", ""bats"": ""S"", ""obp"": 0.32299741602067183, ""slg"": 0.48158640226628896, ""iso"": 0.2152974504249292, ""ab"": 353}, {""id"": 672695, ""name"": ""Geraldo Perdomo"", ""bats"": ""S"", ""obp"": 0.3523035230352303, ""slg"": 0.36245954692556637, ""iso"": 0.11974110032362462, ""ab"": 309}, {""id"": 682998, ""name"": ""Corbin Carroll"", ""bats"": ""L"", ""obp"": 0.3526315789473684, ""slg"": 0.49696969696969695, ""iso"": 0.23636363636363633, ""ab"": 330}]","[{""name"": ""fi_park_nrfi_rate"", ""value"": 0.5409, ""contribution"": -0.149}, {""name"": ""away_top3c_iso"", ""value"": 0.1925, ""contribution"": 0.099}, {""name"": ""home_fip"", ""value"": 4.6669, ""contribution"": 0.0773}, {""name"": ""home_xera"", ""value"": 4.6675, ""contribution"": 0.0566}, {""name"": ""era_gap_t1"", ""value"": 0.465, ""contribution"": 0.051}]","[{""name"": ""home_top3c_slg"", ""value"": 0.3589, ""contribution"": 0.5061}, {""name"": ""home_top3c_iso"", ""value"": 0.1137, ""contribution"": -0.3085}, {""name"": ""fi_park_nrfi_rate"", ""value"": 0.5409, ""contribution"": -0.229}, {""name"": ""away_fip"", ""value"": 5.3678, ""contribution"": 0.1474}, {""name"": ""home_top3_ops_vs_oppHand"", ""value"": 0.6543, ""contribution"": -0.1307}]",504381,0.4205,4.668,4.616,69.0,52.0,0.7136,0.6883,5.2,5.67,0.752,0.6543,R,R,NRFI,WIN,0,0,0,2026-07-10T01:57:20+00:00,+100,-130,DraftKings,2026-07-10T01:56:07+00:00,0.5,0.5652,0.0479,-0.1131,0.0479,N,0.5,0,+100,-130,2026-07-10T00:38:18+00:00,0,0.6370,NRFI,STRONG,,,,,,,
2026-07-09,2026,823034,1,N,MIL,STL,7:45 PM ET,Logan Henderson,Andre Pallante,701656,669467,ltd,live,live,live,0.97,0.5087,0.4391,0.9478,0.3495,0.3501,0.6996,0.4795,0.5205,0.245,0.755,,,PASS,NO EDGE,PASS - No edge,4,2026-07-09T23:35:29Z,3.331,4.107,1.144,1.285,3.432,4.093,2.71,2.82,1.04,0.95,10.25,6.49,0.334,0.32,0.398,0.396,5.005,4.561,25.6,7.4,86.0,0.0,0.8,0.8,0.7,0.9,0.3616,0.3557,0.4266,0.4714,0.1626,0.1976,lineup,lineup,"[{""id"": 802139, ""name"": ""JJ Wetherholt"", ""bats"": ""L"", ""obp"": 0.35805626598465473, ""slg"": 0.40532544378698226, ""iso"": 0.14201183431952663, ""ab"": 338}, {""id"": 671056, ""name"": ""Iv\u00e1n Herrera"", ""bats"": ""R"", ""obp"": 0.3857493857493858, ""slg"": 0.3987915407854985, ""iso"": 0.14803625377643503, ""ab"": 331}, {""id"": 676475, ""name"": ""Alec Burleson"", ""bats"": ""L"", ""obp"": 0.3394255874673629, ""slg"": 0.47398843930635837, ""iso"": 0.19653179190751446, ""ab"": 346}]","[{""id"": 669003, ""name"": ""Garrett Mitchell"", ""bats"": ""L"", ""obp"": 0.3664383561643836, ""slg"": 0.4645669291338583, ""iso"": 0.1889763779527559, ""ab"": 254}, {""id"": 694192, ""name"": ""Jackson Chourio"", ""bats"": ""R"", ""obp"": 0.33707865168539325, ""slg"": 0.5020408163265306, ""iso"": 0.22040816326530616, ""ab"": 245}, {""id"": 668930, ""name"": ""Brice Turang"", ""bats"": ""L"", ""obp"": 0.3604060913705584, ""slg"": 0.45454545454545453, ""iso"": 0.187683284457478, ""ab"": 341}]","[{""name"": ""away_top3c_slg"", ""value"": 0.4714, ""contribution"": -0.1578}, {""name"": ""away_top3c_iso"", ""value"": 0.1976, ""contribution"": 0.1347}, {""name"": ""fi_park_nrfi_rate"", ""value"": 0.527, ""contribution"": -0.1009}, {""name"": ""away_top3_ops_vs_oppHand"", ""value"": 0.8617, ""contribution"": 0.0962}, {""name"": ""era_gap_t1"", ""value"": 0.7761, ""contribution"": 0.0847}]","[{""name"": ""fi_park_nrfi_rate"", ""value"": 0.527, ""contribution"": -0.1552}, {""name"": ""home_top3c_slg"", ""value"": 0.4266, ""contribution"": 0.0857}, {""name"": ""home_top3_ops_vs_oppHand"", ""value"": 0.8307, ""contribution"": 0.0804}, {""name"": ""home_top3c_iso"", ""value"": 0.1626, ""contribution"": -0.0776}, {""name"": ""home_plate_ump_nrfi_rate"", ""value"": 0.5769, ""contribution"": 0.0772}]",429805,0.5769,4.364,3.49,56.0,59.0,0.7396,0.7136,6.27,4.6,0.8617,0.8307,R,R,NRFI,PASS,0,0,0,2026-07-09T23:59:25+00:00,-115,-110,DraftKings,2026-07-10T00:00:24+00:00,0.5349,0.5238,-0.0554,-0.0033,,N,,,-115,-110,2026-07-09T23:44:33+00:00,,0.4622,PASS,NO EDGE,,,,,,,
2026-07-09,2026,824577,1,N,BOS,CWS,2:10 PM ET,Patrick Sandoval,Anthony Kay,663776,641743,avg,ltd,live,live,0.98,0.5105,0.5224,1.0329,0.4837,0.5562,1.0399,0.341,0.659,0.2763,0.7237,,,PASS,NO DATA,PASS - No data,3,2026-07-09T17:53:09Z,4.17,4.251,1.26,1.348,4.17,4.404,2.93,3.34,1.21,1.19,8.75,7.69,0.314,0.319,0.391,0.41,4.167,4.684,29.4,6.0,58.0,0.0,0.6,0.5,0.5,0.5,0.3378,0.3358,0.4443,0.4341,0.1911,0.1595,lineup,lineup,"[{""id"": 805367, ""name"": ""Chase Meidroth"", ""bats"": ""R"", ""obp"": 0.33692722371967654, ""slg"": 0.37349397590361444, ""iso"": 0.108433734939759, ""ab"": 332}, {""id"": 643217, ""name"": ""Andrew Benintendi"", ""bats"": ""L"", ""obp"": 0.2971014492753623, ""slg"": 0.42231075697211157, ""iso"": 0.18326693227091634, ""ab"": 251}, {""id"": 678246, ""name"": ""Miguel Vargas"", ""bats"": ""R"", ""obp"": 0.35805626598465473, ""slg"": 0.4831804281345566, ""iso"": 0.2415902140672783, ""ab"": 327}]","[{""id"": 678011, ""name"": ""Anthony Seigler"", ""bats"": ""S"", ""obp"": 0.3787878787878788, ""slg"": 0.4482758620689655, ""iso"": 0.15517241379310348, ""ab"": 58}, {""id"": 678882, ""name"": ""Ceddanne Rafaela"", ""bats"": ""R"", ""obp"": 0.3333333333333333, ""slg"": 0.4430769230769231, ""iso"": 0.15692307692307694, ""ab"": 325}, {""id"": 677800, ""name"": ""Wilyer Abreu"", ""bats"": ""L"", ""obp"": 0.33070866141732286, ""slg"": 0.4230769230769231, ""iso"": 0.16272189349112426, ""ab"": 338}]","[{""name"": ""home_xera"", ""value"": 7.5858, ""contribution"": 0.3556}, {""name"": ""away_top3_ops_vs_oppHand"", ""value"": 0.9033, ""contribution"": 0.1387}, {""name"": ""away_top3c_iso"", ""value"": 0.1595, ""contribution"": -0.1338}, {""name"": ""fi_park_nrfi_rate"", ""value"": 0.473, ""contribution"": 0.0859}, {""name"": ""home_p_last10_pitcher_nrfi"", ""value"": 0.5, ""contribution"": -0.0846}]","[{""name"": ""home_top3_ops_vs_oppHand"", ""value"": 0.917, ""contribution"": 0.1838}, {""name"": ""fi_park_nrfi_rate"", ""value"": 0.473, ""contribution"": 0.1321}, {""name"": ""away_p_last10_pitcher_nrfi"", ""value"": 0.5, ""contribution"": 0.0713}, {""name"": ""wx_temp_c"", ""value"": 29.4, ""contribution"": 0.068}, {""name"": ""wx_wind_kmh"", ""value"": 6.0, ""contribution"": -0.0578}]",427197,0.5268,7.586,4.2,50.0,50.0,0.7136,0.6796,4.53,5.0,0.9033,0.917,L,L,NRFI,PASS,0,0,0,2026-07-09T18:23:44+00:00,-115,-110,DraftKings,2026-07-09T18:44:28+00:00,0.5349,0.5238,-0.1939,0.1352,,N,,,-115,-110,2026-07-09T18:06:54+00:00,,0.3767,YRFI,STRONG,,,,,,,
2026-07-09,2026,822954,1,N,NYY,TB,1:10 PM ET,Paul Blackburn,Drew Rasmussen,621112,656876,ltd,live,live,live,0.93,0.3545,0.4714,0.8259,0.3747,0.6342,1.0089,0.3608,0.6392,0.2005,0.7995,,,YRFI,STRONG,STRONG YRFI,4,2026-07-09T16:08:57Z,3.459,2.774,1.235,0.935,3.954,3.422,2.98,1.76,0.93,1.04,7.46,8.53,0.315,0.331,0.416,0.397,4.706,4.51,,,,1.0,0.8,0.8,0.8,0.8,0.3855,0.3362,0.4975,0.4853,0.2014,0.2361,lineup,lineup,"[{""id"": 680700, ""name"": ""Richie Palacios"", ""bats"": ""L"", ""obp"": 0.3395348837209302, ""slg"": 0.33689839572192515, ""iso"": 0.09090909090909091, ""ab"": 187}, {""id"": 666018, ""name"": ""Jonathan Aranda"", ""bats"": ""L"", ""obp"": 0.38402061855670105, ""slg"": 0.44753086419753085, ""iso"": 0.16358024691358025, ""ab"": 324}, {""id"": 691406, ""name"": ""Junior Caminero"", ""bats"": ""R"", ""obp"": 0.366412213740458, ""slg"": 0.5409356725146199, ""iso"": 0.26315789473684215, ""ab"": 342}]","[{""id"": 663757, ""name"": ""Trent Grisham"", ""bats"": ""L"", ""obp"": 0.3333333333333333, ""slg"": 0.411522633744856, ""iso"": 0.18106995884773663, ""ab"": 243}, {""id"": 700250, ""name"": ""Ben Rice"", ""bats"": ""L"", ""obp"": 0.3629032258064516, ""slg"": 0.5727554179566563, ""iso"": 0.3003095975232198, ""ab"": 323}, {""id"": 691176, ""name"": ""Jasson Dom\u00ednguez"", ""bats"": ""S"", ""obp"": 0.26229508196721313, ""slg"": 0.39655172413793105, ""iso"": 0.1724137931034483, ""ab"": 116}]","[{""name"": ""away_top3c_iso"", ""value"": 0.2361, ""contribution"": 0.4056}, {""name"": ""away_top3c_slg"", ""value"": 0.4853, ""contribution"": -0.2283}, {""name"": ""fi_park_nrfi_rate"", ""value"": 0.4376, ""contribution"": 0.2081}, {""name"": ""home_xera"", ""value"": 3.2993, ""contribution"": -0.0836}, {""name"": ""era_gap_t1"", ""value"": -0.6847, ""contribution"": -0.0735}]","[{""name"": ""home_top3c_slg"", ""value"": 0.4975, ""contribution"": -0.3546}, {""name"": ""fi_park_nrfi_rate"", ""value"": 0.4376, ""contribution"": 0.3199}, {""name"": ""away_whiff_pct_rank"", ""value"": 8.0, ""contribution"": 0.1808}, {""name"": ""home_top3_ops_vs_oppHand"", ""value"": 0.8987, ""contribution"": 0.1618}, {""name"": ""home_top3c_obp"", ""value"": 0.3855, ""contribution"": 0.1585}]",483912,0.5511,3.299,3.84,44.0,8.0,0.7138,0.7075,6.2,3.07,0.784,0.8987,R,R,YRFI,WIN,0,1,1,2026-07-09T17:24:27+00:00,-130,+100,DraftKings,2026-07-09T16:11:51+00:00,0.5652,0.5,-0.2044,0.1392,0.1392,Y,1,1,-130,+100,2026-07-09T16:04:50+00:00,0,0.4589,PASS,NO EDGE,,,,,,,
2026-07-09,2026,823201,1,N,COL,SF,9:45 PM ET,Ryan Feltner,Carson Whisenhunt,663372,687931,ltd,sm,live,live,0.94,0.5354,0.5017,1.0371,0.3478,0.3148,0.6625,0.5364,0.4636,0.2779,0.7221,,,NRFI,LEAN,LEAN NRFI,4,2026-07-10T00:35:05Z,4.288,4.25,1.258,1.332,4.541,4.557,3.07,3.3,1.31,1.27,7.41,7.75,0.326,0.308,0.422,0.416,4.812,4.154,19.1,22.3,71.0,0.0,0.6,0.8,0.5,0.8,0.3283,0.3577,0.4734,0.4911,0.1785,0.2049,lineup,lineup,"[{""id"": 671218, ""name"": ""Heliot Ramos"", ""bats"": ""R"", ""obp"": 0.3165137614678899, ""slg"": 0.4878048780487805, ""iso"": 0.20975609756097557, ""ab"": 205}, {""id"": 650333, ""name"": ""Luis Arraez"", ""bats"": ""L"", ""obp"": 0.35978835978835977, ""slg"": 0.45664739884393063, ""iso"": 0.1329479768786127, ""ab"": 346}, {""id"": 669477, ""name"": ""Casey Schmitt"", ""bats"": ""R"", ""obp"": 0.30113636363636365, ""slg"": 0.4820359281437126, ""iso"": 0.2065868263473054, ""ab"": 334}]","[{""id"": 664983, ""name"": ""Jake McCarthy"", ""bats"": ""L"", ""obp"": 0.34265734265734266, ""slg"": 0.5132075471698113, ""iso"": 0.21132075471698114, ""ab"": 265}, {""id"": 691720, ""name"": ""Kyle Karros"", ""bats"": ""R"", ""obp"": 0.3627450980392157, ""slg"": 0.4389312977099237, ""iso"": 0.17557251908396948, ""ab"": 262}, {""id"": 694249, ""name"": ""Cole Carrigg"", ""bats"": ""S"", ""obp"": 0.38461538461538464, ""slg"": 0.5795454545454546, ""iso"": 0.27272727272727276, ""ab"": 88}]","[{""name"": ""away_top3c_slg"", ""value"": 0.4911, ""contribution"": -0.2572}, {""name"": ""away_top3c_iso"", ""value"": 0.2049, ""contribution"": 0.1859}, {""name"": ""away_top3_ops_vs_oppHand"", ""value"": 0.902, ""contribution"": 0.1373}, {""name"": ""home_p_last10_pitcher_nrfi"", ""value"": 0.5, ""contribution"": -0.0846}, {""name"": ""home_fip"", ""value"": 4.5566, ""contribution"": 0.0649}]","[{""name"": ""home_top3c_slg"", ""value"": 0.4734, ""contribution"": -0.2053}, {""name"": ""wx_wind_kmh"", ""value"": 22.3, ""contribution"": 0.1137}, {""name"": ""away_fip"", ""value"": 4.5415, ""contribution"": 0.0591}, {""name"": ""fi_park_nrfi_rate"", ""value"": 0.5059, ""contribution"": -0.0432}, {""name"": ""home_top3c_obp"", ""value"": 0.3283, ""contribution"": -0.0422}]",608093,0.5118,4.2,4.743,50.0,55.0,0.7136,0.7197,4.67,5.4,0.902,0.7837,R,L,YRFI,LOSS,0,1,1,2026-07-10T02:00:22+00:00,,,,,,,,,,,,-0.5,,,,,0.4658,PASS,NO EDGE,,,,,,,
2026-07-10,2026,822955,1,N,SEA,TB,7:10 PM ET,Luis Castillo,Nick Martinez,622491,607259,live,live,live,live,0.93,0.3713,0.4595,0.8308,0.377,0.5452,0.9223,0.4064,0.5936,0.2023,0.7977,,,YRFI,STRONG,STRONG YRFI,4,2026-07-10T22:08:26Z,4.381,3.136,1.281,1.153,3.795,3.984,2.74,1.81,1.04,0.99,8.32,5.73,0.312,0.331,0.384,0.398,4.115,4.505,,,,1.0,0.8,0.6,0.8,0.6,0.386,0.3522,0.4985,0.4422,0.202,0.1863,lineup,lineup,"[{""id"": 650490, ""name"": ""Yandy D\u00edaz"", ""bats"": ""R"", ""obp"": 0.4052631578947368, ""slg"": 0.4984894259818731, ""iso"": 0.17220543806646527, ""ab"": 331}, {""id"": 666018, ""name"": ""Jonathan Aranda"", ""bats"": ""L"", ""obp"": 0.38676844783715014, ""slg"": 0.4481707317073171, ""iso"": 0.16158536585365857, ""ab"": 328}, {""id"": 691406, ""name"": ""Junior Caminero"", ""bats"": ""R"", ""obp"": 0.36683417085427134, ""slg"": 0.546242774566474, ""iso"": 0.26878612716763006, ""ab"": 346}]","[{""id"": 641487, ""name"": ""J.P. Crawford"", ""bats"": ""L"", ""obp"": 0.32919254658385094, ""slg"": 0.34558823529411764, ""iso"": 0.13602941176470587, ""ab"": 272}, {""id"": 668227, ""name"": ""Randy Arozarena"", ""bats"": ""R"", ""obp"": 0.3797814207650273, ""slg"": 0.4554140127388535, ""iso"": 0.16878980891719747, ""ab"": 314}, {""id"": 686527, ""name"": ""Dominic Canzone"", ""bats"": ""L"", ""obp"": 0.34146341463414637, ""slg"": 0.54337899543379, ""iso"": 0.27397260273972607, ""ab"": 219}]","[{""name"": ""fi_park_nrfi_rate"", ""value"": 0.4376, ""contribution"": 0.2081}, {""name"": ""era_gap_t1"", ""value"": -1.2451, ""contribution"": -0.1342}, {""name"": ""away_top3c_iso"", ""value"": 0.1863, ""contribution"": 0.0553}, {""name"": ""away_top3_ops_vs_oppHand"", ""value"": 0.8077, ""contribution"": 0.0412}, {""name"": ""home_p_last10_pitcher_nrfi"", ""value"": 0.8, ""contribution"": 0.0326}]","[{""name"": ""home_top3c_slg"", ""value"": 0.4985, ""contribution"": -0.361}, {""name"": ""fi_park_nrfi_rate"", ""value"": 0.4376, ""contribution"": 0.3199}, {""name"": ""home_top3_ops_vs_oppHand"", ""value"": 0.9023, ""contribution"": 0.1662}, {""name"": ""home_top3c_obp"", ""value"": 0.386, ""contribution"": 0.1603}, {""name"": ""home_obp"", ""value"": 0.3315, ""contribution"": 0.1236}]",665297,0.4839,4.133,4.328,18.0,48.0,0.6942,0.6767,5.87,5.47,0.8077,0.9023,R,R,NRFI,LOSS,0,0,0,2026-07-10T23:26:28+00:00,-105,-125,DraftKings,2026-07-10T22:11:49+00:00,0.5122,0.5556,-0.1058,0.038,0.038,Y,1,-1,-105,-125,2026-07-10T22:09:13+00:00,0,0.4639,PASS,NO EDGE,,,,,,,
2026-07-10,2026,823845,1,N,CLE,MIA,7:10 PM ET,Parker Messick,Sandy Alcantara,800048,645261,live,live,live,live,0.95,0.4162,0.4067,0.8229,0.3879,0.3782,0.7661,0.4738,0.5262,0.1995,0.8005,,,PASS,NO EDGE,PASS - No edge,4,2026-07-10T23:07:34Z,3.046,4.333,1.134,1.255,3.355,3.908,2.64,2.54,0.86,0.94,9.11,6.87,0.311,0.33,0.374,0.412,4.041,4.601,,,,1.0,0.8,0.8,0.8,0.9,0.3677,0.3412,0.475,0.4133,0.1698,0.1467,lineup,lineup,"[{""id"": 672640, ""name"": ""Otto Lopez"", ""bats"": ""R"", ""obp"": 0.3778337531486146, ""slg"": 0.5217391304347826, ""iso"": 0.1766304347826087, ""ab"": 368}, {""id"": 681715, ""name"": ""Heriberto Hern\u00e1ndez"", ""bats"": ""R"", ""obp"": 0.3148148148148148, ""slg"": 0.46875, ""iso"": 0.234375, ""ab"": 192}, {""id"": 669364, ""name"": ""Xavier Edwards"", ""bats"": ""S"", ""obp"": 0.38636363636363635, ""slg"": 0.4281524926686217, ""iso"": 0.12609970674486803, ""ab"": 341}]","[{""id"": 683953, ""name"": ""Travis Bazzana"", ""bats"": ""L"", ""obp"": 0.3358208955223881, ""slg"": 0.4034334763948498, ""iso"": 0.15879828326180256, ""ab"": 233}, {""id"": 677587, ""name"": ""Brayan Rocchio"", ""bats"": ""S"", ""obp"": 0.34210526315789475, ""slg"": 0.4, ""iso"": 0.1278688524590164, ""ab"": 305}, {""id"": 800050, ""name"": ""Chase DeLauter"", ""bats"": ""L"", ""obp"": 0.3448275862068966, ""slg"": 0.4355400696864111, ""iso"": 0.156794425087108, ""ab"": 287}]","[{""name"": ""away_top3c_iso"", ""value"": 0.1467, ""contribution"": -0.2241}, {""name"": ""fi_park_nrfi_rate"", ""value"": 0.455, ""contribution"": 0.1479}, {""name"": ""era_gap_t1"", ""value"": 1.2878, ""contribution"": 0.1401}, {""name"": ""away_top3c_slg"", ""value"": 0.4133, ""contribution"": 0.1364}, {""name"": ""home_avg_ip_per_start"", ""value"": 6.8667, ""contribution"": -0.0536}]","[{""name"": ""fi_park_nrfi_rate"", ""value"": 0.455, ""contribution"": 0.2273}, {""name"": ""home_top3c_slg"", ""value"": 0.475, ""contribution"": -0.2151}, {""name"": ""home_top3_ops_vs_oppHand"", ""value"": 0.9413, ""contribution"": 0.2129}, {""name"": ""home_obp"", ""value"": 0.3298, ""contribution"": 0.112}, {""name"": ""home_top3c_obp"", ""value"": 0.3677, ""contribution"": 0.0961}]",665281,0.5305,4.417,2.618,28.0,66.0,0.7136,0.7136,6.87,6.2,0.7787,0.9413,L,R,NRFI,PASS,0,0,0,2026-07-10T23:22:42+00:00,-135,+105,DraftKings,2026-07-10T23:06:13+00:00,0.5745,0.4878,-0.1007,0.0384,0.1058,N,1,,-135,+105,2026-07-10T23:06:13+00:00,0,0.5651,NRFI,STRONG,,,,,,,
2026-07-10,2026,823927,1,N,ARI,LAD,10:10 PM ET,Eduardo Rodriguez,Kyle Hurt,593958,669165,live,sm,live,live,0.97,0.473,0.5843,1.0573,0.3776,0.5033,0.8808,0.4064,0.5936,0.2853,0.7147,,,YRFI,STRONG,STRONG YRFI,4,2026-07-11T01:06:28Z,2.999,4.33,1.263,1.298,4.263,3.918,3.26,3.64,1.0,1.09,6.76,9.87,0.308,0.342,0.386,0.433,4.264,5.188,27.9,12.9,56.0,0.0,0.5,0.8,0.5,0.6,0.3715,0.3424,0.4971,0.4477,0.2144,0.1904,lineup,lineup,"[{""id"": 660271, ""name"": ""Shohei Ohtani"", ""bats"": ""L"", ""obp"": 0.40458015267175573, ""slg"": 0.5339506172839507, ""iso"": 0.2438271604938272, ""ab"": 324}, {""id"": 681624, ""name"": ""Andy Pages"", ""bats"": ""R"", ""obp"": 0.3283208020050125, ""slg"": 0.46218487394957986, ""iso"": 0.1988795518207283, ""ab"": 357}, {""id"": 518692, ""name"": ""Freddie Freeman"", ""bats"": ""L"", ""obp"": 0.38190954773869346, ""slg"": 0.4985507246376812, ""iso"": 0.2028985507246377, ""ab"": 345}]","[{""id"": 606466, ""name"": ""Ketel Marte"", ""bats"": ""S"", ""obp"": 0.319693094629156, ""slg"": 0.47619047619047616, ""iso"": 0.21288515406162462, ""ab"": 357}, {""id"": 672695, ""name"": ""Geraldo Perdomo"", ""bats"": ""S"", ""obp"": 0.353887399463807, ""slg"": 0.36421725239616615, ""iso"": 0.11821086261980832, ""ab"": 313}, {""id"": 682998, ""name"": ""Corbin Carroll"", ""bats"": ""L"", ""obp"": 0.3541666666666667, ""slg"": 0.4954954954954955, ""iso"": 0.23423423423423423, ""ab"": 333}]","[{""name"": ""era_gap_t1"", ""value"": 1.3317, ""contribution"": 0.1448}, {""name"": ""home_p_last10_pitcher_nrfi"", ""value"": 0.5, ""contribution"": -0.0846}, {""name"": ""away_top3c_iso"", ""value"": 0.1904, ""contribution"": 0.0841}, {""name"": ""fi_park_nrfi_rate"", ""value"": 0.4823, ""contribution"": 0.0538}, {""name"": ""wx_temp_c"", ""value"": 27.9, ""contribution"": 0.0398}]","[{""name"": ""home_top3c_slg"", ""value"": 0.4971, ""contribution"": -0.3521}, {""name"": ""home_obp"", ""value"": 0.3419, ""contribution"": 0.1965}, {""name"": ""home_top3c_iso"", ""value"": 0.2144, ""contribution"": 0.1672}, {""name"": ""home_top3c_obp"", ""value"": 0.3715, ""contribution"": 0.1094}, {""name"": ""era_gap_b1"", ""value"": -1.3317, ""contribution"": -0.091}]",658536,0.5084,4.2,4.546,50.0,32.0,0.7136,0.7028,5.0,5.87,0.7497,0.8043,L,R,YRFI,WIN,2,2,4,2026-07-11T02:31:26+00:00,-110,-120,DraftKings,2026-07-11T01:15:09+00:00,0.5238,0.5455,-0.1174,0.0481,0.0481,Y,1,0.833,-110,-120,2026-07-11T01:09:43+00:00,0,0.4658,PASS,NO EDGE,,,,,,,
2026-07-10,2026,824575,1,N,OAK,CWS,7:40 PM ET,Jacob Lopez,Sean Burke,682052,680732,live,live,live,live,0.98,0.5084,0.7175,1.2259,0.3187,0.5504,0.8691,0.4064,0.5936,0.3467,0.6533,,,YRFI,STRONG,STRONG YRFI,4,2026-07-10T22:37:51Z,5.779,3.751,1.594,1.284,5.337,4.02,4.77,3.37,1.67,1.23,8.56,9.49,0.323,0.318,0.404,0.409,4.514,4.65,23.3,15.5,79.0,0.0,0.4,1.0,0.6,0.8,0.3687,0.3255,0.477,0.4287,0.2219,0.19,lineup,lineup,"[{""id"": 803011, ""name"": ""Sam Antonacci"", ""bats"": ""L"", ""obp"": 0.3801369863013699, ""slg"": 0.41106719367588934, ""iso"": 0.12252964426877472, ""ab"": 253}, {""id"": 678577, ""name"": ""Junior Perez"", ""bats"": ""R"", ""obp"": 0.1935483870967742, ""slg"": 0.36666666666666664, ""iso"": 0.19999999999999998, ""ab"": 30}, {""id"": 678246, ""name"": ""Miguel Vargas"", ""bats"": ""R"", ""obp"": 0.35443037974683544, ""slg"": 0.4773413897280967, ""iso"": 0.23867069486404835, ""ab"": 331}]","[{""id"": 671732, ""name"": ""Lawrence Butler"", ""bats"": ""L"", ""obp"": 0.29389312977099236, ""slg"": 0.30303030303030304, ""iso"": 0.1038961038961039, ""ab"": 231}, {""id"": 666126, ""name"": ""Carlos Cortes"", ""bats"": ""L"", ""obp"": 0.35555555555555557, ""slg"": 0.435, ""iso"": 0.15499999999999997, ""ab"": 200}, {""id"": 687515, ""name"": ""Colby Thomas"", ""bats"": ""R"", ""obp"": 0.24742268041237114, ""slg"": 0.3763440860215054, ""iso"": 0.16129032258064516, ""ab"": 93}]","[{""name"": ""era_gap_t1"", ""value"": -2.0275, ""contribution"": -0.2189}, {""name"": ""fi_park_nrfi_rate"", ""value"": 0.473, ""contribution"": 0.0859}, {""name"": ""away_top3c_iso"", ""value"": 0.19, ""contribution"": 0.0813}, {""name"": ""away_top3c_slg"", ""value"": 0.4287, ""contribution"": 0.0584}, {""name"": ""home_xera"", ""value"": 4.6445, ""contribution"": 0.0542}]","[{""name"": ""home_top3c_slg"", ""value"": 0.477, ""contribution"": -0.2276}, {""name"": ""home_top3c_iso"", ""value"": 0.2219, ""contribution"": 0.2026}, {""name"": ""away_fip"", ""value"": 5.3371, ""contribution"": 0.1442}, {""name"": ""era_gap_b1"", ""value"": 2.0275, ""contribution"": 0.1376}, {""name"": ""fi_park_nrfi_rate"", ""value"": 0.473, ""contribution"": 0.1321}]",621660,0.499,4.644,3.53,35.0,71.0,0.6796,0.7136,5.4,4.27,0.7313,0.7767,L,R,NRFI,LOSS,0,0,0,2026-07-10T23:52:35+00:00,-120,-110,DraftKings,2026-07-10T22:41:12+00:00,0.5455,0.5238,-0.1391,0.0698,0.0698,Y,1,-1,-120,-110,2026-07-10T22:39:02+00:00,0,0.4521,PASS,NO EDGE,,,,,,,
2026-07-10,2026,823033,1,N,ATL,STL,8:15 PM ET,Chris Sale,Kyle Leahy,519242,681517,live,live,live,live,0.97,0.4841,0.3694,0.8535,0.3616,0.2715,0.6331,0.5479,0.4521,0.2105,0.7895,,,NRFI,LEAN,LEAN NRFI,4,2026-07-10T23:07:34Z,2.362,3.702,1.105,1.383,2.659,3.836,2.28,3.27,0.77,0.86,10.98,7.85,0.314,0.319,0.413,0.395,4.874,4.556,31.6,2.2,55.0,0.0,0.6,1.0,0.7,0.9,0.3672,0.3333,0.4491,0.4986,0.1791,0.217,lineup,lineup,"[{""id"": 802139, ""name"": ""JJ Wetherholt"", ""bats"": ""L"", ""obp"": 0.3620253164556962, ""slg"": 0.41055718475073316, ""iso"": 0.14369501466275664, ""ab"": 341}, {""id"": 671056, ""name"": ""Iv\u00e1n Herrera"", ""bats"": ""R"", ""obp"": 0.3844282238442822, ""slg"": 0.39520958083832336, ""iso"": 0.14670658682634732, ""ab"": 334}, {""id"": 691023, ""name"": ""Jordan Walker"", ""bats"": ""R"", ""obp"": 0.3541666666666667, ""slg"": 0.5389048991354467, ""iso"": 0.24495677233429397, ""ab"": 347}]","[{""id"": 671739, ""name"": ""Michael Harris II"", ""bats"": ""L"", ""obp"": 0.3352941176470588, ""slg"": 0.5031055900621118, ""iso"": 0.1987577639751552, ""ab"": 322}, {""id"": 645277, ""name"": ""Ozzie Albies"", ""bats"": ""S"", ""obp"": 0.3224181360201511, ""slg"": 0.44662921348314605, ""iso"": 0.1741573033707865, ""ab"": 356}, {""id"": 621566, ""name"": ""Matt Olson"", ""bats"": ""L"", ""obp"": 0.3424317617866005, ""slg"": 0.5459610027855153, ""iso"": 0.2757660167130919, ""ab"": 359}]","[{""name"": ""away_top3c_slg"", ""value"": 0.4986, ""contribution"": -0.2952}, {""name"": ""away_top3c_iso"", ""value"": 0.217, ""contribution"": 0.271}, {""name"": ""era_gap_t1"", ""value"": 1.3406, ""contribution"": 0.1458}, {""name"": ""fi_park_nrfi_rate"", ""value"": 0.527, ""contribution"": -0.1009}, {""name"": ""away_top3_ops_vs_oppHand"", ""value"": 0.8483, ""contribution"": 0.0826}]","[{""name"": ""fi_park_nrfi_rate"", ""value"": 0.527, ""contribution"": -0.1552}, {""name"": ""away_whiff_pct_rank"", ""value"": 85.0, ""contribution"": -0.1515}, {""name"": ""away_fip"", ""value"": 2.6591, ""contribution"": -0.142}, {""name"": ""home_top3_ops_vs_oppHand"", ""value"": 0.8563, ""contribution"": 0.1112}, {""name"": ""wx_wind_kmh"", ""value"": 2.2, ""contribution"": -0.0978}]",605672,0.5283,4.459,2.52,32.0,85.0,0.7136,0.7272,5.47,5.6,0.8483,0.8563,L,R,NRFI,WIN,0,0,0,2026-07-11T00:27:13+00:00,-120,-105,DraftKings,2026-07-11T00:31:46+00:00,0.5455,0.5122,0.0024,-0.0601,0.0024,N,0.5,0,-120,-105,2026-07-10T23:10:54+00:00,0,0.5651,NRFI,STRONG,,,,,,,
2026-07-10,2026,822878,1,N,HOU,TEX,8:05 PM ET,Hunter Brown,Cal Quantrill,686613,615698,live,live,live,live,1.07,0.584,0.5323,1.1164,0.3895,0.2566,0.6462,0.5479,0.4521,0.307,0.693,,,NRFI,LEAN,LEAN NRFI,4,2026-07-10T22:51:42Z,2.83,4.674,1.169,1.311,3.645,4.747,3.82,2.69,1.0,1.4,10.36,6.32,0.315,0.319,0.41,0.397,4.541,4.171,,,,1.0,0.6,0.8,0.6,0.8,0.3422,0.3773,0.46,0.5024,0.1886,0.2173,lineup,lineup,"[{""id"": 553869, ""name"": ""Elias D\u00edaz"", ""bats"": ""R"", ""obp"": 0.28735632183908044, ""slg"": 0.4880952380952381, ""iso"": 0.21428571428571425, ""ab"": 84}, {""id"": 694671, ""name"": ""Wyatt Langford"", ""bats"": ""R"", ""obp"": 0.3202247191011236, ""slg"": 0.49101796407185627, ""iso"": 0.21556886227544908, ""ab"": 167}, {""id"": 673962, ""name"": ""Josh Jung"", ""bats"": ""R"", ""obp"": 0.3608815426997245, ""slg"": 0.44954128440366975, ""iso"": 0.15290519877675846, ""ab"": 327}]","[{""id"": 665161, ""name"": ""Jeremy Pe\u00f1a"", ""bats"": ""R"", ""obp"": 0.3564356435643564, ""slg"": 0.4426229508196721, ""iso"": 0.14754098360655737, ""ab"": 183}, {""id"": 670541, ""name"": ""Yordan Alvarez"", ""bats"": ""L"", ""obp"": 0.41625615763546797, ""slg"": 0.6135693215339233, ""iso"": 0.30383480825958703, ""ab"": 339}, {""id"": 670623, ""name"": ""Isaac Paredes"", ""bats"": ""R"", ""obp"": 0.34594594594594597, ""slg"": 0.41875, ""iso"": 0.16562500000000002, ""ab"": 320}]","[{""name"": ""away_top3c_slg"", ""value"": 0.5024, ""contribution"": -0.3146}, {""name"": ""away_top3c_iso"", ""value"": 0.2173, ""contribution"": 0.2736}, {""name"": ""era_gap_t1"", ""value"": 1.8444, ""contribution"": 0.2003}, {""name"": ""fi_park_nrfi_rate"", ""value"": 0.5398, ""contribution"": -0.1451}, {""name"": ""away_top3_ops_vs_oppHand"", ""value"": 0.879, ""contribution"": 0.1139}]","[{""name"": ""fi_park_nrfi_rate"", ""value"": 0.5398, ""contribution"": -0.2231}, {""name"": ""era_gap_b1"", ""value"": -1.8444, ""contribution"": -0.1259}, {""name"": ""home_top3c_slg"", ""value"": 0.46, ""contribution"": -0.1216}, {""name"": ""wx_is_dome"", ""value"": 1.0, ""contribution"": -0.0758}, {""name"": ""home_plate_ump_nrfi_rate"", ""value"": 0.5521, ""contribution"": 0.0516}]",511890,0.5521,4.2,1.82,50.0,55.0,0.7197,0.7954,3.8,4.93,0.879,0.803,R,R,YRFI,LOSS,0,2,2,2026-07-11T00:26:52+00:00,+100,-130,DraftKings,2026-07-11T00:06:50+00:00,0.5,0.5652,0.0479,-0.1131,0.0479,N,0.5,0,+100,-130,2026-07-10T23:00:51+00:00,0,0.6432,NRFI,STRONG,,,,,,,
2026-07-10,2026,822709,1,N,NYY,WSH,6:45 PM ET,Ryan Weathers,Carson Palmquist,677960,687223,live,ltd,live,live,0.97,0.595,0.5758,1.1708,0.464,0.4555,0.9195,0.4064,0.5936,0.3268,0.6732,,,YRFI,STRONG,STRONG YRFI,4,2026-07-10T21:37:41Z,4.236,5.728,1.255,1.495,4.171,4.732,2.72,3.84,1.5,1.4,9.73,8.56,0.316,0.324,0.418,0.431,4.773,5.28,27.9,6.1,65.0,0.0,0.4,0.4,0.4444,0.6,0.3577,0.3394,0.4864,0.5048,0.2361,0.2503,lineup,lineup,"[{""id"": 695578, ""name"": ""James Wood"", ""bats"": ""L"", ""obp"": 0.4022727272727273, ""slg"": 0.5462184873949579, ""iso"": 0.27731092436974786, ""ab"": 357}, {""id"": 678554, ""name"": ""Curtis Mead"", ""bats"": ""R"", ""obp"": 0.3356643356643357, ""slg"": 0.48, ""iso"": 0.24, ""ab"": 250}, {""id"": 686611, ""name"": ""Dylan Crews"", ""bats"": ""R"", ""obp"": 0.2824858757062147, ""slg"": 0.36585365853658536, ""iso"": 0.14024390243902438, ""ab"": 164}]","[{""id"": 641857, ""name"": ""Ryan McMahon"", ""bats"": ""L"", ""obp"": 0.2764976958525346, ""slg"": 0.37, ""iso"": 0.155, ""ab"": 200}, {""id"": 700250, ""name"": ""Ben Rice"", ""bats"": ""L"", ""obp"": 0.3660477453580902, ""slg"": 0.5902140672782875, ""iso"": 0.31498470948012236, ""ab"": 327}, {""id"": 663757, ""name"": ""Trent Grisham"", ""bats"": ""L"", ""obp"": 0.33448275862068966, ""slg"": 0.4153225806451613, ""iso"": 0.18145161290322584, ""ab"": 248}]","[{""name"": ""away_top3c_iso"", ""value"": 0.2503, ""contribution"": 0.5061}, {""name"": ""away_top3c_slg"", ""value"": 0.5048, ""contribution"": -0.327}, {""name"": ""era_gap_t1"", ""value"": 1.4914, ""contribution"": 0.1621}, {""name"": ""home_p_last10_pitcher_nrfi"", ""value"": 0.4444, ""contribution"": -0.1063}, {""name"": ""home_fip"", ""value"": 4.7321, ""contribution"": 0.0846}]","[{""name"": ""home_top3c_slg"", ""value"": 0.4864, ""contribution"": -0.2857}, {""name"": ""home_top3c_iso"", ""value"": 0.2361, ""contribution"": 0.2693}, {""name"": ""away_whiff_pct_rank"", ""value"": 88.0, ""contribution"": -0.1645}, {""name"": ""home_top3_ops_vs_oppHand"", ""value"": 0.8863, ""contribution"": 0.1471}, {""name"": ""fi_park_nrfi_rate"", ""value"": 0.4761, ""contribution"": 0.1154}]",598411,0.5467,4.2,4.324,50.0,88.0,0.7136,0.751,3.4,4.47,0.7443,0.8863,L,L,YRFI,WIN,1,0,1,2026-07-11T01:06:33+00:00,+100,-130,DraftKings,2026-07-10T21:46:27+00:00,0.5,0.5652,-0.0936,0.0284,0.0284,Y,1,0.769,+100,-130,2026-07-10T21:41:05+00:00,0,0.4397,YRFI,STRONG,,,,,,,
2026-07-10,2026,824817,1,N,KC,BAL,7:05 PM ET,Luinder Avila,Brandon Young,679883,687064,ltd,live,live,live,1.06,0.5586,0.6586,1.2171,0.2951,0.4195,0.7146,0.4777,0.5223,0.3436,0.6564,,,PASS,NO EDGE,PASS - No edge,4,2026-07-10T22:51:42Z,4.664,3.987,1.445,1.371,4.344,4.249,4.34,3.39,1.02,1.06,8.48,7.53,0.318,0.319,0.399,0.398,4.335,4.546,27.3,4.6,80.0,0.0,0.6,0.4,0.7,0.375,0.3351,0.3321,0.3919,0.4532,0.151,0.1882,lineup,lineup,"[{""id"": 683002, ""name"": ""Gunnar Henderson"", ""bats"": ""L"", ""obp"": 0.29107981220657275, ""slg"": 0.3958333333333333, ""iso"": 0.17708333333333331, ""ab"": 384}, {""id"": 668939, ""name"": ""Adley Rutschman"", ""bats"": ""S"", ""obp"": 0.3295880149812734, ""slg"": 0.4444444444444444, ""iso"": 0.18803418803418803, ""ab"": 234}, {""id"": 621493, ""name"": ""Taylor Ward"", ""bats"": ""R"", ""obp"": 0.3826291079812207, ""slg"": 0.3524355300859599, ""iso"": 0.09742120343839544, ""ab"": 349}]","[{""id"": 695600, ""name"": ""Carter Jensen"", ""bats"": ""L"", ""obp"": 0.3123123123123123, ""slg"": 0.4377104377104377, ""iso"": 0.19191919191919193, ""ab"": 297}, {""id"": 677951, ""name"": ""Bobby Witt Jr."", ""bats"": ""R"", ""obp"": 0.358974358974359, ""slg"": 0.46397694524495675, ""iso"": 0.17579250720461093, ""ab"": 347}, {""id"": 695506, ""name"": ""Jac Caglianone"", ""bats"": ""L"", ""obp"": 0.32047477744807124, ""slg"": 0.4560260586319218, ""iso"": 0.19869706840390877, ""ab"": 307}]","[{""name"": ""fi_park_nrfi_rate"", ""value"": 0.519, ""contribution"": -0.0733}, {""name"": ""era_gap_t1"", ""value"": -0.6771, ""contribution"": -0.0727}, {""name"": ""away_top3c_iso"", ""value"": 0.1882, ""contribution"": 0.0685}, {""name"": ""away_top3c_slg"", ""value"": 0.4532, ""contribution"": -0.0655}, {""name"": ""wx_temp_c"", ""value"": 27.3, ""contribution"": 0.0362}]","[{""name"": ""home_top3c_slg"", ""value"": 0.3919, ""contribution"": 0.301}, {""name"": ""home_top3c_iso"", ""value"": 0.151, ""contribution"": -0.1323}, {""name"": ""fi_park_nrfi_rate"", ""value"": 0.519, ""contribution"": -0.1127}, {""name"": ""away_p_last10_pitcher_nrfi"", ""value"": 0.375, ""contribution"": 0.1123}, {""name"": ""wx_wind_kmh"", ""value"": 4.6, ""contribution"": -0.0726}]",521051,0.4691,4.059,7.921,14.0,50.0,0.7136,0.7136,5.6,4.07,0.7777,0.7287,R,R,NRFI,PASS,0,0,0,2026-07-10T23:23:04+00:00,+110,-145,DraftKings,2026-07-10T23:00:51+00:00,0.4762,0.5918,0.0015,-0.0695,,N,,,+110,-145,2026-07-10T23:00:51+00:00,,0.4144,YRFI,STRONG,,,,,,,
2026-07-10,2026,824493,1,N,CHC,CIN,7:10 PM ET,Shota Imanaga,Hunter Greene,684007,668881,live,live,live,live,1.09,0.5406,0.565,1.1056,0.3537,0.4976,0.8513,0.4064,0.5936,0.303,0.697,,,PASS,LOW LAMBDA,PASS - Low lambda,4,2026-07-10T23:07:34Z,4.126,4.255,1.069,1.141,4.765,3.648,2.09,2.94,1.86,1.37,8.34,11.49,0.334,0.31,0.411,0.392,4.986,4.22,28.6,7.1,65.0,0.0,0.8,0.8,0.7,0.8,0.3349,0.3628,0.4597,0.4231,0.2055,0.1673,lineup,lineup,"[{""id"": 682829, ""name"": ""Elly De La Cruz"", ""bats"": ""S"", ""obp"": 0.3446153846153846, ""slg"": 0.4809688581314879, ""iso"": 0.21107266435986155, ""ab"": 289}, {""id"": 701398, ""name"": ""Sal Stewart"", ""bats"": ""R"", ""obp"": 0.3375, ""slg"": 0.4757834757834758, ""iso"": 0.2222222222222222, ""ab"": 351}, {""id"": 668715, ""name"": ""Spencer Steer"", ""bats"": ""R"", ""obp"": 0.3226744186046512, ""slg"": 0.42105263157894735, ""iso"": 0.18092105263157893, ""ab"": 304}]","[{""id"": 691718, ""name"": ""Pete Crow-Armstrong"", ""bats"": ""L"", ""obp"": 0.3870967741935484, ""slg"": 0.5431034482758621, ""iso"": 0.24712643678160923, ""ab"": 348}, {""id"": 608324, ""name"": ""Alex Bregman"", ""bats"": ""R"", ""obp"": 0.33573141486810554, ""slg"": 0.34173669467787116, ""iso"": 0.10364145658263307, ""ab"": 357}, {""id"": 683737, ""name"": ""Michael Busch"", ""bats"": ""L"", ""obp"": 0.36650485436893204, ""slg"": 0.3850746268656716, ""iso"": 0.15223880597014924, ""ab"": 335}]","[{""name"": ""away_top3c_slg"", ""value"": 0.4231, ""contribution"": 0.0871}, {""name"": ""away_top3c_iso"", ""value"": 0.1673, ""contribution"": -0.0788}, {""name"": ""wx_temp_c"", ""value"": 28.6, ""contribution"": 0.044}, {""name"": ""home_fip"", ""value"": 3.6479, ""contribution"": -0.0371}, {""name"": ""away_top3_ops_vs_oppHand"", ""value"": 0.8003, ""contribution"": 0.0337}]","[{""name"": ""home_top3_ops_vs_oppHand"", ""value"": 1.0077, ""contribution"": 0.2923}, {""name"": ""home_top3c_iso"", ""value"": 0.2055, ""contribution"": 0.1251}, {""name"": ""home_top3c_slg"", ""value"": 0.4597, ""contribution"": -0.1202}, {""name"": ""away_fip"", ""value"": 4.7651, ""contribution"": 0.083}, {""name"": ""wx_temp_c"", ""value"": 28.6, ""contribution"": 0.0613}]",427554,0.4835,4.2,3.775,50.0,47.0,0.7396,0.7075,5.53,5.4,0.8003,1.0077,L,R,NRFI,PASS,0,0,0,2026-07-10T23:27:09+00:00,-120,-110,DraftKings,2026-07-10T23:37:33+00:00,0.5455,0.5238,-0.1391,0.0698,0.0587,N,1,,-120,-110,2026-07-10T23:06:13+00:00,0,0.4658,PASS,NO EDGE,,,,,,,
2026-07-10,2026,823278,1,N,TOR,SD,9:40 PM ET,Shane Bieber,JP Sears,669456,676664,ltd,live,live,live,0.95,0.5565,0.5921,1.1486,0.2993,0.3498,0.6492,0.5466,0.4534,0.3187,0.6813,,,NRFI,LEAN,LEAN NRFI,4,2026-07-11T00:37:07Z,5.203,4.949,1.401,1.332,5.438,5.464,3.06,2.88,2.08,2.1,8.02,7.94,0.307,0.302,0.386,0.376,4.106,3.986,22.0,14.0,74.0,0.0,0.6,0.6,0.6,0.7,0.311,0.3252,0.3557,0.4148,0.1123,0.1493,lineup,lineup,"[{""id"": 665487, ""name"": ""Fernando Tatis Jr."", ""bats"": ""R"", ""obp"": 0.34413965087281795, ""slg"": 0.38333333333333336, ""iso"": 0.10000000000000003, ""ab"": 360}, {""id"": 701538, ""name"": ""Jackson Merrill"", ""bats"": ""L"", ""obp"": 0.272, ""slg"": 0.3524355300859599, ""iso"": 0.1346704871060172, ""ab"": 349}, {""id"": 593428, ""name"": ""Xander Bogaerts"", ""bats"": ""R"", ""obp"": 0.3151862464183381, ""slg"": 0.32679738562091504, ""iso"": 0.10130718954248366, ""ab"": 306}]","[{""id"": 676391, ""name"": ""Ernie Clement"", ""bats"": ""R"", ""obp"": 0.31754874651810583, ""slg"": 0.43023255813953487, ""iso"": 0.1337209302325581, ""ab"": 344}, {""id"": 665489, ""name"": ""Vladimir Guerrero Jr."", ""bats"": ""R"", ""obp"": 0.34316353887399464, ""slg"": 0.3507692307692308, ""iso"": 0.08923076923076922, ""ab"": 325}, {""id"": 672960, ""name"": ""Kazuma Okamoto"", ""bats"": ""R"", ""obp"": 0.3143631436314363, ""slg"": 0.46200607902735563, ""iso"": 0.22492401215805471, ""ab"": 329}]","[{""name"": ""away_top3c_iso"", ""value"": 0.1493, ""contribution"": -0.2056}, {""name"": ""home_fip"", ""value"": 5.4642, ""contribution"": 0.1668}, {""name"": ""fi_park_nrfi_rate"", ""value"": 0.5409, ""contribution"": -0.149}, {""name"": ""away_top3c_slg"", ""value"": 0.4148, ""contribution"": 0.1289}, {""name"": ""home_p_last10_pitcher_nrfi"", ""value"": 0.6, ""contribution"": -0.0455}]","[{""name"": ""home_top3c_slg"", ""value"": 0.3557, ""contribution"": 0.5263}, {""name"": ""home_top3c_iso"", ""value"": 0.1123, ""contribution"": -0.3148}, {""name"": ""fi_park_nrfi_rate"", ""value"": 0.5409, ""contribution"": -0.229}, {""name"": ""away_fip"", ""value"": 5.4384, ""contribution"": 0.155}, {""name"": ""home_top3_ops_vs_oppHand"", ""value"": 0.6463, ""contribution"": -0.1403}]",623949,0.5484,4.2,4.2,50.0,50.0,0.751,0.7136,5.07,4.87,0.7853,0.6463,R,L,YRFI,LOSS,0,2,2,2026-07-11T02:01:51+00:00,-110,-120,DraftKings,2026-07-11T02:06:40+00:00,0.5238,0.5455,0.0228,-0.0921,0.0228,N,0.5,0,-110,-120,2026-07-11T00:37:08+00:00,0,0.6041,NRFI,STRONG,,,,,,,
2026-07-10,2026,823200,1,N,COL,SF,10:15 PM ET,Tanner Gordon,Robbie Ray,685299,592662,live,live,live,live,0.94,0.5513,0.5549,1.1062,0.2598,0.3965,0.6564,0.5411,0.4589,0.3032,0.6968,,,NRFI,LEAN,LEAN NRFI,4,2026-07-11T01:06:28Z,6.279,3.507,1.505,1.224,4.876,4.577,2.17,3.95,1.94,1.26,8.59,8.09,0.326,0.309,0.421,0.42,4.786,4.19,17.2,25.1,79.0,0.0,0.8,0.4,0.7,0.5,0.3304,0.3545,0.4777,0.4832,0.1815,0.2016,lineup,lineup,"[{""id"": 671218, ""name"": ""Heliot Ramos"", ""bats"": ""R"", ""obp"": 0.31390134529147984, ""slg"": 0.48095238095238096, ""iso"": 0.20476190476190476, ""ab"": 210}, {""id"": 650333, ""name"": ""Luis Arraez"", ""bats"": ""L"", ""obp"": 0.3629242819843342, ""slg"": 0.46, ""iso"": 0.13428571428571429, ""ab"": 350}, {""id"": 669477, ""name"": ""Casey Schmitt"", ""bats"": ""R"", ""obp"": 0.30532212885154064, ""slg"": 0.4940828402366864, ""iso"": 0.2159763313609468, ""ab"": 338}]","[{""id"": 664983, ""name"": ""Jake McCarthy"", ""bats"": ""L"", ""obp"": 0.3413793103448276, ""slg"": 0.5074626865671642, ""iso"": 0.20895522388059706, ""ab"": 268}, {""id"": 691720, ""name"": ""Kyle Karros"", ""bats"": ""R"", ""obp"": 0.36129032258064514, ""slg"": 0.4339622641509434, ""iso"": 0.17358490566037738, ""ab"": 265}, {""id"": 694249, ""name"": ""Cole Carrigg"", ""bats"": ""S"", ""obp"": 0.37037037037037035, ""slg"": 0.5543478260869565, ""iso"": 0.2608695652173913, ""ab"": 92}]","[{""name"": ""era_gap_t1"", ""value"": -2.772, ""contribution"": -0.2995}, {""name"": ""away_top3c_slg"", ""value"": 0.4832, ""contribution"": -0.2174}, {""name"": ""away_top3c_iso"", ""value"": 0.2016, ""contribution"": 0.1628}, {""name"": ""away_top3_ops_vs_oppHand"", ""value"": 0.8587, ""contribution"": 0.0932}, {""name"": ""home_fip"", ""value"": 4.5771, ""contribution"": 0.0672}]","[{""name"": ""home_top3c_slg"", ""value"": 0.4777, ""contribution"": -0.2319}, {""name"": ""era_gap_b1"", ""value"": 2.772, ""contribution"": 0.1882}, {""name"": ""wx_wind_kmh"", ""value"": 25.1, ""contribution"": 0.1432}, {""name"": ""away_whiff_pct_rank"", ""value"": 76.0, ""contribution"": -0.1127}, {""name"": ""away_fip"", ""value"": 4.8759, ""contribution"": 0.0949}]",605674,0.5127,3.719,4.87,64.0,76.0,0.751,0.7136,6.53,4.27,0.8587,0.7907,R,L,NRFI,WIN,0,0,0,2026-07-11T02:28:52+00:00,-120,-110,DraftKings,2026-07-11T02:09:40+00:00,0.5455,0.5238,-0.0044,-0.0649,-0.0044,N,0.5,0,-120,-110,2026-07-11T01:09:43+00:00,0,0.4521,PASS,NO EDGE,,,,,,,
2026-07-10,2026,823604,1,N,BOS,NYM,7:15 PM ET,Sonny Gray,Nolan McLean,543243,690997,live,live,live,live,0.96,0.4029,0.4069,0.8098,0.2668,0.395,0.6618,0.5369,0.4631,0.1947,0.8053,,,NRFI,LEAN,LEAN NRFI,4,2026-07-10T22:08:26Z,3.127,3.615,1.14,1.135,3.564,3.392,2.19,3.2,1.08,0.93,8.82,10.23,0.314,0.306,0.39,0.386,4.146,4.234,29.6,11.4,52.0,0.0,0.8,0.6,0.8,0.5,0.3692,0.3338,0.4831,0.4295,0.2128,0.1573,lineup,lineup,"[{""id"": 805999, ""name"": ""A.J. Ewing"", ""bats"": ""L"", ""obp"": 0.3557692307692308, ""slg"": 0.44565217391304346, ""iso"": 0.1684782608695652, ""ab"": 184}, {""id"": 665742, ""name"": ""Juan Soto"", ""bats"": ""L"", ""obp"": 0.4143302180685358, ""slg"": 0.5789473684210527, ""iso"": 0.2819548872180451, ""ab"": 266}, {""id"": 596019, ""name"": ""Francisco Lindor"", ""bats"": ""S"", ""obp"": 0.29559748427672955, ""slg"": 0.352112676056338, ""iso"": 0.1408450704225352, ""ab"": 142}]","[{""id"": 678011, ""name"": ""Anthony Seigler"", ""bats"": ""S"", ""obp"": 0.37681159420289856, ""slg"": 0.43333333333333335, ""iso"": 0.15000000000000002, ""ab"": 60}, {""id"": 678882, ""name"": ""Ceddanne Rafaela"", ""bats"": ""R"", ""obp"": 0.32954545454545453, ""slg"": 0.4376899696048632, ""iso"": 0.15501519756838905, ""ab"": 329}, {""id"": 677800, ""name"": ""Wilyer Abreu"", ""bats"": ""L"", ""obp"": 0.32987012987012987, ""slg"": 0.42105263157894735, ""iso"": 0.16081871345029236, ""ab"": 342}]","[{""name"": ""away_top3c_iso"", ""value"": 0.1573, ""contribution"": -0.1491}, {""name"": ""home_xera"", ""value"": 2.7225, ""contribution"": -0.1427}, {""name"": ""home_fip"", ""value"": 3.3922, ""contribution"": -0.0658}, {""name"": ""away_top3c_slg"", ""value"": 0.4295, ""contribution"": 0.0543}, {""name"": ""era_gap_t1"", ""value"": 0.4884, ""contribution"": 0.0535}]","[{""name"": ""home_top3c_slg"", ""value"": 0.4831, ""contribution"": -0.2653}, {""name"": ""home_top3c_iso"", ""value"": 0.2128, ""contribution"": 0.1597}, {""name"": ""home_top3c_obp"", ""value"": 0.3692, ""contribution"": 0.1014}, {""name"": ""home_top3_ops_vs_oppHand"", ""value"": 0.8423, ""contribution"": 0.0944}, {""name"": ""away_p_last10_pitcher_nrfi"", ""value"": 0.5, ""contribution"": 0.0713}]",484198,0.5395,2.723,3.87,76.0,65.0,0.7136,0.7075,5.8,6.67,0.7407,0.8423,R,R,YRFI,LOSS,2,0,2,2026-07-11T00:09:23+00:00,-135,+100,DraftKings,2026-07-11T00:06:50+00:00,0.5745,0.5,-0.0376,-0.0369,-0.0376,N,0.5,0,-135,+100,2026-07-10T22:11:49+00:00,0,0.4877,PASS,NO EDGE,,,,,,,
2026-07-10,2026,823357,1,N,MIL,PIT,6:40 PM ET,Brandon Sproat,Braxton Ashcraft,687075,677952,ltd,live,live,live,0.96,0.4072,0.6287,1.0359,0.2087,0.4998,0.7085,0.4785,0.5215,0.2774,0.7226,,,PASS,LINEUP PENDING,PASS - Lineup pending,4,2026-07-10T22:37:51Z,4.842,3.264,1.33,1.142,4.507,3.18,3.79,2.34,1.4,0.93,9.23,9.85,0.334,0.337,0.399,0.421,5.032,5.133,22.8,5.0,96.0,0.0,0.4,0.6,0.6,0.7,0.3574,0.3522,0.4587,0.439,0.1848,0.1758,lineup,lineup,[],[],"[{""name"": ""era_gap_t1"", ""value"": -1.5786, ""contribution"": -0.1703}, {""name"": ""home_xera"", ""value"": 2.9598, ""contribution"": -0.1184}, {""name"": ""home_fip"", ""value"": 3.1799, ""contribution"": -0.0897}, {""name"": ""fi_park_nrfi_rate"", ""value"": 0.5188, ""contribution"": -0.0724}, {""name"": ""away_top3_ops_vs_oppHand"", ""value"": 0.8287, ""contribution"": 0.0626}]","[{""name"": ""home_obp"", ""value"": 0.3367, ""contribution"": 0.1603}, {""name"": ""away_whiff_pct_rank"", ""value"": 16.0, ""contribution"": 0.1463}, {""name"": ""home_top3c_slg"", ""value"": 0.4587, ""contribution"": -0.114}, {""name"": ""fi_park_nrfi_rate"", ""value"": 0.5188, ""contribution"": -0.1113}, {""name"": ""era_gap_b1"", ""value"": 1.5786, ""contribution"": 0.107}]",483561,0.5039,2.96,4.139,76.0,16.0,0.7272,0.7136,5.73,5.0,0.8287,0.83,R,R,YRFI,PASS,0,2,2,2026-07-11T16:36:26+00:00,-125,-105,DraftKings,2026-07-11T00:06:50+00:00,0.5556,0.5122,-0.0771,0.0093,,N,,,-125,-105,2026-07-10T22:39:02+00:00,,0.5651,NRFI,STRONG,,,,,,,
2026-07-10,2026,824252,1,N,PHI,DET,6:40 PM ET,Aaron Nola,Jack Flaherty,605400,656427,live,live,live,live,0.98,0.4893,0.5597,1.049,0.3432,0.3875,0.7307,0.4772,0.5228,0.2823,0.7177,,,PASS,NO EDGE,PASS - No edge,4,2026-07-10T22:37:51Z,5.792,4.614,1.421,1.391,4.711,3.711,2.81,4.0,1.78,1.06,9.19,10.75,0.306,0.314,0.403,0.4,4.408,4.282,27.3,7.1,64.0,0.0,1.0,0.4,0.9,0.7,0.3648,0.3406,0.4281,0.4741,0.1503,0.2232,lineup,lineup,"[{""id"": 805808, ""name"": ""Kevin McGonigle"", ""bats"": ""L"", ""obp"": 0.3975, ""slg"": 0.42011834319526625, ""iso"": 0.13313609467455617, ""ab"": 338}, {""id"": 690993, ""name"": ""Colt Keith"", ""bats"": ""L"", ""obp"": 0.29770992366412213, ""slg"": 0.38934426229508196, ""iso"": 0.13934426229508196, ""ab"": 244}, {""id"": 701162, ""name"": ""Ben Malgeri"", ""bats"": ""R"", ""obp"": 0.36, ""slg"": 0.3, ""iso"": 0.04999999999999999, ""ab"": 20}]","[{""id"": 607208, ""name"": ""Trea Turner"", ""bats"": ""R"", ""obp"": 0.2860696517412935, ""slg"": 0.3617021276595745, ""iso"": 0.1223404255319149, ""ab"": 376}, {""id"": 656941, ""name"": ""Kyle Schwarber"", ""bats"": ""L"", ""obp"": 0.3690773067331671, ""slg"": 0.5710059171597633, ""iso"": 0.3165680473372781, ""ab"": 338}, {""id"": 547180, ""name"": ""Bryce Harper"", ""bats"": ""L"", ""obp"": 0.3670886075949367, ""slg"": 0.503030303030303, ""iso"": 0.24242424242424243, ""ab"": 330}]","[{""name"": ""away_top3c_iso"", ""value"": 0.2232, ""contribution"": 0.3148}, {""name"": ""away_top3c_slg"", ""value"": 0.4741, ""contribution"": -0.1715}, {""name"": ""era_gap_t1"", ""value"": -1.1783, ""contribution"": -0.127}, {""name"": ""fi_park_nrfi_rate"", ""value"": 0.5322, ""contribution"": -0.1188}, {""name"": ""away_top3_ops_vs_oppHand"", ""value"": 0.8733, ""contribution"": 0.1081}]","[{""name"": ""fi_park_nrfi_rate"", ""value"": 0.5322, ""contribution"": -0.1826}, {""name"": ""home_top3c_iso"", ""value"": 0.1503, ""contribution"": -0.1354}, {""name"": ""home_top3c_obp"", ""value"": 0.3648, ""contribution"": 0.0858}, {""name"": ""era_gap_b1"", ""value"": 1.1783, ""contribution"": 0.0798}, {""name"": ""away_fip"", ""value"": 4.7107, ""contribution"": 0.0772}]",427537,0.4944,3.908,4.083,57.0,59.0,0.7272,0.7396,4.73,5.2,0.8733,0.8123,R,R,NRFI,PASS,0,0,0,2026-07-10T22:55:19+00:00,+105,-140,DraftKings,2026-07-10T22:51:54+00:00,0.4878,0.5833,-0.0106,-0.0605,,N,,,+105,-140,2026-07-10T22:39:02+00:00,,0.4877,PASS,NO EDGE,,,,,,,
2026-07-10,2026,823685,1,N,LAA,MIN,8:10 PM ET,Grayson Rodriguez,Zebby Matthews,680570,805673,sm,live,live,live,0.97,0.5167,0.6078,1.1245,0.2666,0.3798,0.6464,0.5479,0.4521,0.3099,0.6901,,,NRFI,LEAN,LEAN NRFI,4,2026-07-10T23:07:34Z,5.673,4.69,1.48,1.26,4.558,4.667,3.87,2.53,1.29,1.68,8.68,8.34,0.315,0.321,0.395,0.413,4.482,4.83,30.4,6.9,43.0,0.0,0.6,1.0,0.5,1.0,0.3544,0.3301,0.4817,0.4192,0.211,0.1702,lineup,lineup,"[{""id"": 663616, ""name"": ""Trevor Larnach"", ""bats"": ""L"", ""obp"": 0.37410071942446044, ""slg"": 0.4297520661157025, ""iso"": 0.1487603305785124, ""ab"": 242}, {""id"": 680777, ""name"": ""Ryan Jeffers"", ""bats"": ""R"", ""obp"": 0.40816326530612246, ""slg"": 0.5409836065573771, ""iso"": 0.24590163934426235, ""ab"": 122}, {""id"": 665019, ""name"": ""Kody Clemens"", ""bats"": ""L"", ""obp"": 0.31230283911671924, ""slg"": 0.5, ""iso"": 0.2482758620689655, ""ab"": 290}]","[{""id"": 687263, ""name"": ""Zach Neto"", ""bats"": ""R"", ""obp"": 0.32682926829268294, ""slg"": 0.4596100278551532, ""iso"": 0.22562674094707522, ""ab"": 359}, {""id"": 694384, ""name"": ""Nolan Schanuel"", ""bats"": ""L"", ""obp"": 0.33876221498371334, ""slg"": 0.3927272727272727, ""iso"": 0.1236363636363636, ""ab"": 275}, {""id"": 687093, ""name"": ""Vaughn Grissom"", ""bats"": ""R"", ""obp"": 0.32338308457711445, ""slg"": 0.3785310734463277, ""iso"": 0.12994350282485875, ""ab"": 177}]","[{""name"": ""fi_park_nrfi_rate"", ""value"": 0.5348, ""contribution"": -0.1278}, {""name"": ""away_top3c_slg"", ""value"": 0.4192, ""contribution"": 0.1065}, {""name"": ""era_gap_t1"", ""value"": -0.9836, ""contribution"": -0.1059}, {""name"": ""home_p_last10_pitcher_nrfi"", ""value"": 0.5, ""contribution"": -0.0846}, {""name"": ""home_fip"", ""value"": 4.6671, ""contribution"": 0.0773}]","[{""name"": ""home_top3c_slg"", ""value"": 0.4817, ""contribution"": -0.2563}, {""name"": ""fi_park_nrfi_rate"", ""value"": 0.5348, ""contribution"": -0.1964}, {""name"": ""home_top3c_iso"", ""value"": 0.211, ""contribution"": 0.1511}, {""name"": ""home_top3_ops_vs_oppHand"", ""value"": 0.8857, ""contribution"": 0.1463}, {""name"": ""away_p_last10_pitcher_nrfi"", ""value"": 1.0, ""contribution"": -0.0929}]",427366,0.4992,4.2,4.2,50.0,50.0,0.6796,0.7136,6.13,4.4,0.746,0.8857,R,R,YRFI,LOSS,0,1,1,2026-07-11T00:32:50+00:00,-105,-120,DraftKings,2026-07-11T00:31:46+00:00,0.5122,0.5455,0.0357,-0.0934,0.0357,N,0.5,0,-105,-120,2026-07-10T23:06:13+00:00,0,0.5856,NRFI,STRONG,,,,,,,
2026-07-11,2026,824576,1,N,OAK,CWS,2:10 PM ET,Gage Jump,Bryan Hudson,695611,663542,ltd,ltd,live,live,0.98,0.4384,0.4915,0.9298,0.3581,0.5485,0.9066,0.4064,0.5936,0.2385,0.7615,,,YRFI,STRONG,STRONG YRFI,4,2026-07-11T17:05:06Z,3.963,3.21,1.281,1.28,3.791,3.487,2.82,3.27,1.02,0.72,8.66,8.76,0.322,0.319,0.404,0.412,4.482,4.736,24.8,22.9,70.0,0.0,0.8,0.8,0.8,0.75,0.3489,0.3298,0.5186,0.452,0.2749,0.1932,lineup,lineup,"[{""id"": 545341, ""name"": ""Randal Grichuk"", ""bats"": ""R"", ""obp"": 0.2785714285714286, ""slg"": 0.518796992481203, ""iso"": 0.27067669172932335, ""ab"": 133}, {""id"": 808959, ""name"": ""Munetaka Murakami"", ""bats"": ""L"", ""obp"": 0.3745019920318725, ""slg"": 0.5560975609756098, ""iso"": 0.3170731707317074, ""ab"": 205}, {""id"": 678246, ""name"": ""Miguel Vargas"", ""bats"": ""R"", ""obp"": 0.3575, ""slg"": 0.4955223880597015, ""iso"": 0.25074626865671645, ""ab"": 335}]","[{""id"": 805779, ""name"": ""Jacob Wilson"", ""bats"": ""R"", ""obp"": 0.31140350877192985, ""slg"": 0.37962962962962965, ""iso"": 0.10185185185185186, ""ab"": 216}, {""id"": 691016, ""name"": ""Tyler Soderstrom"", ""bats"": ""L"", ""obp"": 0.34402332361516036, ""slg"": 0.46959459459459457, ""iso"": 0.22635135135135132, ""ab"": 296}, {""id"": 669127, ""name"": ""Shea Langeliers"", ""bats"": ""R"", ""obp"": 0.328042328042328, ""slg"": 0.4824561403508772, ""iso"": 0.2222222222222222, ""ab"": 342}]","[{""name"": ""home_xera"", ""value"": 2.8397, ""contribution"": -0.1307}, {""name"": ""home_avg_ip_per_start"", ""value"": 1.2, ""contribution"": 0.1278}, {""name"": ""away_top3c_iso"", ""value"": 0.1932, ""contribution"": 0.1037}, {""name"": ""fi_park_nrfi_rate"", ""value"": 0.473, ""contribution"": 0.0859}, {""name"": ""era_gap_t1"", ""value"": -0.7528, ""contribution"": -0.0809}]","[{""name"": ""home_top3c_slg"", ""value"": 0.5186, ""contribution"": -0.4856}, {""name"": ""home_top3c_iso"", ""value"": 0.2749, ""contribution"": 0.4526}, {""name"": ""home_top3_ops_vs_oppHand"", ""value"": 0.9077, ""contribution"": 0.1726}, {""name"": ""fi_park_nrfi_rate"", ""value"": 0.473, ""contribution"": 0.1321}, {""name"": ""wx_wind_kmh"", ""value"": 22.9, ""contribution"": 0.1201}]",573597,0.4761,2.84,4.2,50.0,50.0,0.7136,0.7136,1.2,4.93,0.7863,0.9077,L,L,NRFI,LOSS,0,0,0,2026-07-11T18:21:03+00:00,-115,-115,DraftKings,2026-07-11T17:13:37+00:00,0.5349,0.5349,-0.1285,0.0587,0.0587,Y,1,-1,-115,-115,2026-07-11T17:08:09+00:00,0,0.4521,PASS,NO EDGE,,,,,,,
2026-07-11,2026,822711,1,N,NYY,WSH,4:05 PM ET,Cam Schlittler,PJ Poulin,693645,676571,live,ltd,live,live,0.97,0.5538,0.388,0.9418,0.6491,0.3483,0.9974,0.3684,0.6316,0.2428,0.7572,,,YRFI,STRONG,STRONG YRFI,4,2026-07-11T17:52:49Z,2.385,3.489,1.01,1.305,2.937,4.586,2.16,4.17,0.87,1.08,10.32,7.45,0.317,0.324,0.421,0.431,4.775,5.259,29.6,10.1,61.0,0.0,0.8,0.8,0.8,0.9,0.3238,0.3393,0.4312,0.5048,0.169,0.251,team_fallback,lineup,"[{""id"": 695578, ""name"": ""James Wood"", ""bats"": ""L"", ""obp"": 0.4044943820224719, ""slg"": 0.5580110497237569, ""iso"": 0.2845303867403315, ""ab"": 362}, {""id"": 671277, ""name"": ""Luis Garc\u00eda Jr."", ""bats"": ""L"", ""obp"": 0.3183279742765273, ""slg"": 0.5641891891891891, ""iso"": 0.277027027027027, ""ab"": 296}, {""id"": 678554, ""name"": ""Curtis Mead"", ""bats"": ""R"", ""obp"": 0.33448275862068966, ""slg"": 0.4763779527559055, ""iso"": 0.23622047244094488, ""ab"": 254}]","[{""id"": 641857, ""name"": ""Ryan McMahon"", ""bats"": ""L"", ""obp"": 0.27522935779816515, ""slg"": 0.3681592039800995, ""iso"": 0.15422885572139303, ""ab"": 201}, {""id"": 676609, ""name"": ""Jos\u00e9 Caballero"", ""bats"": ""R"", ""obp"": 0.3024054982817869, ""slg"": 0.39925373134328357, ""iso"": 0.14925373134328357, ""ab"": 268}, {""id"": 663757, ""name"": ""Trent Grisham"", ""bats"": ""L"", ""obp"": 0.33559322033898303, ""slg"": 0.4126984126984127, ""iso"": 0.17857142857142855, ""ab"": 252}]","[{""name"": ""away_top3c_iso"", ""value"": 0.251, ""contribution"": 0.5109}, {""name"": ""away_top3c_slg"", ""value"": 0.5048, ""contribution"": -0.3267}, {""name"": ""home_xera"", ""value"": 6.4865, ""contribution"": 0.243}, {""name"": ""home_avg_ip_per_start"", ""value"": 1.4, ""contribution"": 0.1214}, {""name"": ""era_gap_t1"", ""value"": 1.104, ""contribution"": 0.1202}]","[{""name"": ""fi_park_nrfi_rate"", ""value"": 0.4761, ""contribution"": 0.1154}, {""name"": ""away_fip"", ""value"": 2.9365, ""contribution"": -0.1124}, {""name"": ""era_gap_b1"", ""value"": -1.104, ""contribution"": -0.0755}, {""name"": ""home_obp"", ""value"": 0.3238, ""contribution"": 0.0699}, {""name"": ""wx_temp_c"", ""value"": 29.6, ""contribution"": 0.0697}]",605671,0.5497,6.487,3.568,50.0,56.0,0.7136,0.7272,1.4,6.0,0.745,0.72,R,L,YRFI,WIN,0,2,2,2026-07-11T20:27:24+00:00,-105,-125,DraftKings,2026-07-11T19:06:56+00:00,0.5122,0.5556,-0.184,0.1162,0.1162,Y,1,0.8,-105,-125,2026-07-11T18:55:49+00:00,0,0.3767,YRFI,STRONG,,,,,,,
2026-07-11,2026,823844,1,N,CLE,MIA,4:10 PM ET,Tanner Bibee,Eury Pérez,676440,691587,live,live,live,live,0.95,0.442,0.5547,0.9967,0.2994,0.4594,0.7589,0.4772,0.5228,0.263,0.737,,,PASS,NO EDGE,PASS - No edge,4,2026-07-11T20:04:31Z,4.109,3.972,1.165,1.098,4.76,4.143,2.58,3.43,1.6,1.37,7.37,9.97,0.31,0.329,0.373,0.412,4.032,4.577,,,,1.0,0.6,0.6,0.6,0.6,0.3537,0.3401,0.4816,0.4151,0.1868,0.1483,lineup,lineup,"[{""id"": 689414, ""name"": ""Liam Hicks"", ""bats"": ""L"", ""obp"": 0.35735735735735735, ""slg"": 0.4570446735395189, ""iso"": 0.1718213058419244, ""ab"": 291}, {""id"": 672640, ""name"": ""Otto Lopez"", ""bats"": ""R"", ""obp"": 0.3740648379052369, ""slg"": 0.5161290322580645, ""iso"": 0.17473118279569894, ""ab"": 372}, {""id"": 669065, ""name"": ""Kyle Stowers"", ""bats"": ""L"", ""obp"": 0.3221476510067114, ""slg"": 0.4600760456273764, ""iso"": 0.22053231939163498, ""ab"": 263}]","[{""id"": 683953, ""name"": ""Travis Bazzana"", ""bats"": ""L"", ""obp"": 0.33088235294117646, ""slg"": 0.3983050847457627, ""iso"": 0.15677966101694915, ""ab"": 236}, {""id"": 677587, ""name"": ""Brayan Rocchio"", ""bats"": ""S"", ""obp"": 0.34104046242774566, ""slg"": 0.39805825242718446, ""iso"": 0.1262135922330097, ""ab"": 309}, {""id"": 800050, ""name"": ""Chase DeLauter"", ""bats"": ""L"", ""obp"": 0.34674922600619196, ""slg"": 0.44673539518900346, ""iso"": 0.16494845360824745, ""ab"": 291}]","[{""name"": ""away_top3c_iso"", ""value"": 0.1483, ""contribution"": -0.2125}, {""name"": ""fi_park_nrfi_rate"", ""value"": 0.455, ""contribution"": 0.1479}, {""name"": ""away_top3c_slg"", ""value"": 0.4151, ""contribution"": 0.1276}, {""name"": ""home_xera"", ""value"": 3.5113, ""contribution"": -0.0619}, {""name"": ""home_p_last10_pitcher_nrfi"", ""value"": 0.6, ""contribution"": -0.0455}]","[{""name"": ""home_top3c_slg"", ""value"": 0.4816, ""contribution"": -0.2562}, {""name"": ""fi_park_nrfi_rate"", ""value"": 0.455, ""contribution"": 0.2273}, {""name"": ""home_obp"", ""value"": 0.329, ""contribution"": 0.1061}, {""name"": ""home_top3_ops_vs_oppHand"", ""value"": 0.848, ""contribution"": 0.1012}, {""name"": ""away_fip"", ""value"": 4.7599, ""contribution"": 0.0825}]",489985,0.4845,3.511,3.633,68.0,47.0,0.6796,0.6796,5.47,5.87,0.7777,0.848,R,R,NRFI,PASS,0,0,0,2026-07-11T20:30:48+00:00,-140,+105,DraftKings,2026-07-11T21:02:08+00:00,0.5833,0.4878,-0.1061,0.035,0.0893,N,1,,-140,+105,2026-07-11T20:07:54+00:00,0,0.6420,NRFI,STRONG,,,,,,,
2026-07-11,2026,824492,1,N,CHC,CIN,7:10 PM ET,Javier Assad,Nick Lodolo,665871,666157,ltd,live,live,live,1.09,0.5865,0.5734,1.1599,0.3806,0.4644,0.845,0.4064,0.5936,0.3228,0.6772,,,YRFI,STRONG,STRONG YRFI,4,2026-07-11T22:07:18Z,4.092,4.124,1.161,1.304,4.735,4.271,2.62,2.96,1.38,1.26,6.33,7.96,0.333,0.31,0.409,0.394,4.94,4.218,23.8,7.1,86.0,0.0,1.0,1.0,0.8,0.9,0.3439,0.3549,0.4869,0.4463,0.2293,0.1809,lineup,lineup,"[{""id"": 682829, ""name"": ""Elly De La Cruz"", ""bats"": ""S"", ""obp"": 0.34545454545454546, ""slg"": 0.4965986394557823, ""iso"": 0.22448979591836732, ""ab"": 294}, {""id"": 701398, ""name"": ""Sal Stewart"", ""bats"": ""R"", ""obp"": 0.33910891089108913, ""slg"": 0.4774011299435028, ""iso"": 0.22033898305084743, ""ab"": 354}, {""id"": 668709, ""name"": ""JJ Bleday"", ""bats"": ""L"", ""obp"": 0.3490909090909091, ""slg"": 0.4892703862660944, ""iso"": 0.24892703862660945, ""ab"": 233}]","[{""id"": 691718, ""name"": ""Pete Crow-Armstrong"", ""bats"": ""L"", ""obp"": 0.3832923832923833, ""slg"": 0.5369318181818182, ""iso"": 0.24431818181818188, ""ab"": 352}, {""id"": 673548, ""name"": ""Seiya Suzuki"", ""bats"": ""R"", ""obp"": 0.3483483483483483, ""slg"": 0.4709897610921502, ""iso"": 0.20136518771331058, ""ab"": 293}, {""id"": 608324, ""name"": ""Alex Bregman"", ""bats"": ""R"", ""obp"": 0.332541567695962, ""slg"": 0.3379501385041551, ""iso"": 0.10249307479224376, ""ab"": 361}]","[{""name"": ""away_top3_ops_vs_oppHand"", ""value"": 0.829, ""contribution"": 0.0629}, {""name"": ""home_fip"", ""value"": 4.2707, ""contribution"": 0.0328}, {""name"": ""home_p_last10_pitcher_nrfi"", ""value"": 0.8, ""contribution"": 0.0326}, {""name"": ""away_top3c_slg"", ""value"": 0.4463, ""contribution"": -0.0306}, {""name"": ""fi_park_nrfi_rate"", ""value"": 0.4892, ""contribution"": 0.0298}]","[{""name"": ""home_top3c_slg"", ""value"": 0.4869, ""contribution"": -0.2892}, {""name"": ""home_top3c_iso"", ""value"": 0.2293, ""contribution"": 0.2373}, {""name"": ""away_whiff_pct_rank"", ""value"": 3.0, ""contribution"": 0.2024}, {""name"": ""away_fip"", ""value"": 4.7354, ""contribution"": 0.0799}, {""name"": ""away_p_last10_pitcher_nrfi"", ""value"": 0.9, ""contribution"": -0.0601}]",605670,0.5573,4.2,4.762,50.0,3.0,0.7138,0.751,5.0,5.4,0.829,0.805,R,L,NRFI,LOSS,0,0,0,2026-07-11T23:24:11+00:00,+105,-135,DraftKings,2026-07-11T22:10:32+00:00,0.4878,0.5745,-0.0814,0.0191,0.0191,Y,1,-1,+105,-135,2026-07-11T22:03:17+00:00,0,0.4521,PASS,NO EDGE,,,,,,,
2026-07-11,2026,823030,1,N,ATL,STL,7:15 PM ET,Reynaldo López,Matthew Liberatore,625643,669461,ltd,live,live,live,0.97,0.575,0.5433,1.1183,0.4161,0.4326,0.8488,0.4064,0.5936,0.3077,0.6923,,,YRFI,STRONG,STRONG YRFI,4,2026-07-11T22:07:18Z,3.592,4.985,1.266,1.461,4.255,4.759,3.46,3.23,1.16,1.56,8.41,8.09,0.313,0.319,0.41,0.395,4.838,4.532,26.3,10.8,77.0,0.0,0.6,0.2,0.7,0.3333,0.363,0.3307,0.4259,0.4933,0.1617,0.2147,lineup,lineup,"[{""id"": 802139, ""name"": ""JJ Wetherholt"", ""bats"": ""L"", ""obp"": 0.3634085213032581, ""slg"": 0.40816326530612246, ""iso"": 0.14285714285714285, ""ab"": 343}, {""id"": 671056, ""name"": ""Iv\u00e1n Herrera"", ""bats"": ""R"", ""obp"": 0.3855421686746988, ""slg"": 0.39644970414201186, ""iso"": 0.14497041420118345, ""ab"": 338}, {""id"": 676475, ""name"": ""Alec Burleson"", ""bats"": ""L"", ""obp"": 0.3384615384615385, ""slg"": 0.4715909090909091, ""iso"": 0.1960227272727273, ""ab"": 352}]","[{""id"": 671739, ""name"": ""Michael Harris II"", ""bats"": ""L"", ""obp"": 0.3313953488372093, ""slg"": 0.49693251533742333, ""iso"": 0.196319018404908, ""ab"": 326}, {""id"": 645277, ""name"": ""Ozzie Albies"", ""bats"": ""S"", ""obp"": 0.3192019950124688, ""slg"": 0.44166666666666665, ""iso"": 0.17222222222222222, ""ab"": 360}, {""id"": 621566, ""name"": ""Matt Olson"", ""bats"": ""L"", ""obp"": 0.3415233415233415, ""slg"": 0.5414364640883977, ""iso"": 0.2734806629834254, ""ab"": 362}]","[{""name"": ""away_top3c_slg"", ""value"": 0.4933, ""contribution"": -0.2687}, {""name"": ""away_top3c_iso"", ""value"": 0.2147, ""contribution"": 0.255}, {""name"": ""era_gap_t1"", ""value"": 1.393, ""contribution"": 0.1515}, {""name"": ""fi_park_nrfi_rate"", ""value"": 0.527, ""contribution"": -0.1009}, {""name"": ""home_xera"", ""value"": 4.9991, ""contribution"": 0.0906}]","[{""name"": ""fi_park_nrfi_rate"", ""value"": 0.527, ""contribution"": -0.1552}, {""name"": ""away_p_last10_pitcher_nrfi"", ""value"": 0.3333, ""contribution"": 0.126}, {""name"": ""era_gap_b1"", ""value"": -1.393, ""contribution"": -0.0952}, {""name"": ""home_top3c_slg"", ""value"": 0.4259, ""contribution"": 0.0898}, {""name"": ""home_top3_ops_vs_oppHand"", ""value"": 0.833, ""contribution"": 0.0832}]",427248,0.5131,4.999,4.898,14.0,50.0,0.6942,0.7272,4.27,3.8,0.7983,0.833,R,L,YRFI,WIN,0,3,3,2026-07-11T23:37:46+00:00,-110,-115,DraftKings,2026-07-11T22:15:54+00:00,0.5238,0.5349,-0.1174,0.0587,0.0587,Y,1,0.87,-110,-115,2026-07-11T22:10:32+00:00,0,0.4432,PASS,NO EDGE,,,,,,,
2026-07-11,2026,822953,1,N,SEA,TB,4:10 PM ET,Logan Gilbert,Griffin Jax,669302,643377,live,live,live,live,0.93,0.4367,0.4087,0.8454,0.3885,0.3997,0.7882,0.4384,0.5616,0.2076,0.7924,,,PASS,LOW LAMBDA,PASS - Low lambda,4,2026-07-11T20:04:31Z,3.258,3.829,0.972,1.241,3.38,4.071,1.93,2.99,1.23,1.44,10.21,10.16,0.311,0.331,0.383,0.402,4.095,4.528,,,,1.0,0.8,0.6,0.7,0.8,0.3862,0.351,0.5015,0.4406,0.2041,0.1848,lineup,lineup,"[{""id"": 650490, ""name"": ""Yandy D\u00edaz"", ""bats"": ""R"", ""obp"": 0.4, ""slg"": 0.49107142857142855, ""iso"": 0.1696428571428571, ""ab"": 336}, {""id"": 666018, ""name"": ""Jonathan Aranda"", ""bats"": ""L"", ""obp"": 0.38944723618090454, ""slg"": 0.45345345345345345, ""iso"": 0.16216216216216217, ""ab"": 333}, {""id"": 691406, ""name"": ""Junior Caminero"", ""bats"": ""R"", ""obp"": 0.369727047146402, ""slg"": 0.5571428571428572, ""iso"": 0.27714285714285714, ""ab"": 350}]","[{""id"": 641487, ""name"": ""J.P. Crawford"", ""bats"": ""L"", ""obp"": 0.3312883435582822, ""slg"": 0.35144927536231885, ""iso"": 0.13768115942028986, ""ab"": 276}, {""id"": 668227, ""name"": ""Randy Arozarena"", ""bats"": ""R"", ""obp"": 0.3783783783783784, ""slg"": 0.4528301886792453, ""iso"": 0.16666666666666669, ""ab"": 318}, {""id"": 686527, ""name"": ""Dominic Canzone"", ""bats"": ""L"", ""obp"": 0.336, ""slg"": 0.5336322869955157, ""iso"": 0.26905829596412556, ""ab"": 223}]","[{""name"": ""fi_park_nrfi_rate"", ""value"": 0.4376, ""contribution"": 0.2081}, {""name"": ""home_xera"", ""value"": 3.2026, ""contribution"": -0.0935}, {""name"": ""era_gap_t1"", ""value"": 0.5712, ""contribution"": 0.0625}, {""name"": ""away_top3c_iso"", ""value"": 0.1848, ""contribution"": 0.0446}, {""name"": ""away_top3_ops_vs_oppHand"", ""value"": 0.8037, ""contribution"": 0.0371}]","[{""name"": ""home_top3c_slg"", ""value"": 0.5015, ""contribution"": -0.3794}, {""name"": ""fi_park_nrfi_rate"", ""value"": 0.4376, ""contribution"": 0.3199}, {""name"": ""away_whiff_pct_rank"", ""value"": 97.0, ""contribution"": -0.2033}, {""name"": ""home_top3_ops_vs_oppHand"", ""value"": 0.8997, ""contribution"": 0.163}, {""name"": ""home_top3c_obp"", ""value"": 0.3862, ""contribution"": 0.1609}]",427292,0.5307,3.203,3.166,100.0,97.0,0.7136,0.751,5.2,6.73,0.8037,0.8997,R,R,NRFI,PASS,0,0,0,2026-07-11T20:54:34+00:00,-125,-105,DraftKings,2026-07-11T21:02:08+00:00,0.5556,0.5122,-0.1172,0.0494,,N,,,-125,-105,2026-07-11T20:07:54+00:00,,0.4877,PASS,NO EDGE,,,,,,,
2026-07-11,2026,823198,1,N,COL,SF,4:05 PM ET,Kyle Freeland,Tyler Mahle,607536,641816,live,live,live,live,0.94,0.5492,0.5366,1.0858,0.34,0.4609,0.8009,0.4384,0.5616,0.2958,0.7042,,,PASS,LOW LAMBDA,PASS - Low lambda,4,2026-07-11T20:04:31Z,6.647,4.634,1.548,1.373,4.644,4.331,2.02,3.43,1.65,1.23,7.42,8.27,0.326,0.311,0.42,0.42,4.779,4.179,21.0,23.9,57.0,0.0,0.4,0.6,0.6,0.6,0.3329,0.3323,0.4769,0.5417,0.1791,0.2665,lineup,lineup,"[{""id"": 671218, ""name"": ""Heliot Ramos"", ""bats"": ""R"", ""obp"": 0.30837004405286345, ""slg"": 0.4719626168224299, ""iso"": 0.20093457943925236, ""ab"": 214}, {""id"": 650333, ""name"": ""Luis Arraez"", ""bats"": ""L"", ""obp"": 0.36855670103092786, ""slg"": 0.4632768361581921, ""iso"": 0.1327683615819209, ""ab"": 354}, {""id"": 669477, ""name"": ""Casey Schmitt"", ""bats"": ""R"", ""obp"": 0.30939226519337015, ""slg"": 0.49415204678362573, ""iso"": 0.21345029239766083, ""ab"": 342}]","[{""id"": 664983, ""name"": ""Jake McCarthy"", ""bats"": ""L"", ""obp"": 0.34576271186440677, ""slg"": 0.5110294117647058, ""iso"": 0.20955882352941174, ""ab"": 272}, {""id"": 666160, ""name"": ""Mickey Moniak"", ""bats"": ""L"", ""obp"": 0.3287671232876712, ""slg"": 0.5870646766169154, ""iso"": 0.30845771144278605, ""ab"": 201}, {""id"": 696100, ""name"": ""Hunter Goodman"", ""bats"": ""R"", ""obp"": 0.3233695652173913, ""slg"": 0.5393939393939394, ""iso"": 0.2878787878787879, ""ab"": 330}]","[{""name"": ""away_top3c_iso"", ""value"": 0.2665, ""contribution"": 0.6199}, {""name"": ""away_top3c_slg"", ""value"": 0.5417, ""contribution"": -0.5138}, {""name"": ""era_gap_t1"", ""value"": -2.0134, ""contribution"": -0.2174}, {""name"": ""away_top3_ops_vs_oppHand"", ""value"": 0.8823, ""contribution"": 0.1173}, {""name"": ""wx_wind_kmh"", ""value"": 23.9, ""contribution"": 0.0553}]","[{""name"": ""home_top3c_slg"", ""value"": 0.4769, ""contribution"": -0.2269}, {""name"": ""era_gap_b1"", ""value"": 2.0134, ""contribution"": 0.1366}, {""name"": ""wx_wind_kmh"", ""value"": 23.9, ""contribution"": 0.1306}, {""name"": ""away_whiff_pct_rank"", ""value"": 24.0, ""contribution"": 0.1117}, {""name"": ""home_top3_ops_vs_oppHand"", ""value"": 0.8523, ""contribution"": 0.1064}]",427013,0.504,4.327,4.924,38.0,24.0,0.7272,0.6862,4.87,5.8,0.8823,0.8523,L,R,NRFI,PASS,0,0,0,2026-07-11T20:19:03+00:00,-110,-115,DraftKings,2026-07-11T20:03:31+00:00,0.5238,0.5349,-0.0854,0.0267,,N,,,-110,-115,2026-07-11T20:03:31+00:00,,0.4521,PASS,NO EDGE,,,,,,,
2026-07-11,2026,823926,1,N,ARI,LAD,9:10 PM ET,Brandon Pfaadt,Yoshinobu Yamamoto,694297,808967,live,live,live,live,0.97,0.3521,0.5918,0.9439,0.2186,0.6062,0.8248,0.4261,0.5739,0.2436,0.7564,,,PASS,LOW LAMBDA,PASS - Low lambda,4,2026-07-12T01:05:58Z,5.026,2.49,1.335,0.911,4.537,3.203,2.7,2.16,1.42,0.89,7.39,9.14,0.308,0.342,0.385,0.434,4.307,5.168,29.6,14.3,44.0,0.0,0.8,0.8,0.7,0.8,0.3714,0.3414,0.5014,0.4439,0.2179,0.188,lineup,lineup,"[{""id"": 660271, ""name"": ""Shohei Ohtani"", ""bats"": ""L"", ""obp"": 0.40302267002518893, ""slg"": 0.5396341463414634, ""iso"": 0.25000000000000006, ""ab"": 328}, {""id"": 681624, ""name"": ""Andy Pages"", ""bats"": ""R"", ""obp"": 0.3325062034739454, ""slg"": 0.47368421052631576, ""iso"": 0.20498614958448752, ""ab"": 361}, {""id"": 518692, ""name"": ""Freddie Freeman"", ""bats"": ""L"", ""obp"": 0.3790523690773067, ""slg"": 0.4942528735632184, ""iso"": 0.20114942528735635, ""ab"": 348}]","[{""id"": 606466, ""name"": ""Ketel Marte"", ""bats"": ""S"", ""obp"": 0.3181818181818182, ""slg"": 0.4723756906077348, ""iso"": 0.2099447513812155, ""ab"": 362}, {""id"": 672695, ""name"": ""Geraldo Perdomo"", ""bats"": ""S"", ""obp"": 0.3544973544973545, ""slg"": 0.3627760252365931, ""iso"": 0.11671924290220823, ""ab"": 317}, {""id"": 682998, ""name"": ""Corbin Carroll"", ""bats"": ""L"", ""obp"": 0.35218508997429304, ""slg"": 0.4896142433234421, ""iso"": 0.2314540059347181, ""ab"": 337}]","[{""name"": ""era_gap_t1"", ""value"": -2.5362, ""contribution"": -0.274}, {""name"": ""home_xera"", ""value"": 2.5295, ""contribution"": -0.1625}, {""name"": ""home_fip"", ""value"": 3.2027, ""contribution"": -0.0871}, {""name"": ""away_top3c_iso"", ""value"": 0.188, ""contribution"": 0.0669}, {""name"": ""home_avg_ip_per_start"", ""value"": 7.0667, ""contribution"": -0.06}]","[{""name"": ""home_top3c_slg"", ""value"": 0.5014, ""contribution"": -0.3793}, {""name"": ""home_obp"", ""value"": 0.3419, ""contribution"": 0.1968}, {""name"": ""home_top3c_iso"", ""value"": 0.2179, ""contribution"": 0.1838}, {""name"": ""era_gap_b1"", ""value"": 2.5362, ""contribution"": 0.1722}, {""name"": ""home_top3_ops_vs_oppHand"", ""value"": 0.899, ""contribution"": 0.1622}]",427128,0.4785,2.53,5.939,86.0,50.0,0.7709,0.7075,7.07,5.4,0.7437,0.899,R,R,NRFI,PASS,0,0,0,2026-07-12T01:19:02+00:00,-105,-125,DraftKings,2026-07-12T01:36:33+00:00,0.5122,0.5556,-0.0861,0.0183,,N,,,-105,-125,2026-07-12T01:09:55+00:00,,0.4599,PASS,NO EDGE,,,,,,,
2026-07-11,2026,824249,1,N,PHI,DET,6:10 PM ET,Cristopher Sánchez,Casey Mize,650911,663554,live,live,live,live,0.98,0.3528,0.364,0.7168,0.3748,0.2639,0.6388,0.5479,0.4521,0.1617,0.8383,,,NRFI,LEAN,LEAN NRFI,4,2026-07-11T21:01:27Z,2.59,3.082,1.135,1.084,2.693,3.2,1.84,2.08,0.75,0.86,10.06,8.85,0.305,0.315,0.402,0.402,4.386,4.335,28.5,13.6,41.0,0.0,1.0,0.4,1.0,0.7,0.3346,0.3388,0.4334,0.4696,0.1781,0.2211,lineup,lineup,"[{""id"": 663837, ""name"": ""Matt Vierling"", ""bats"": ""R"", ""obp"": 0.25196850393700787, ""slg"": 0.33189655172413796, ""iso"": 0.13362068965517243, ""ab"": 232}, {""id"": 805808, ""name"": ""Kevin McGonigle"", ""bats"": ""L"", ""obp"": 0.3950617283950617, ""slg"": 0.42565597667638483, ""iso"": 0.13994169096209913, ""ab"": 343}, {""id"": 693307, ""name"": ""Dillon Dingler"", ""bats"": ""R"", ""obp"": 0.3247863247863248, ""slg"": 0.5157232704402516, ""iso"": 0.25157232704402516, ""ab"": 318}]","[{""id"": 607208, ""name"": ""Trea Turner"", ""bats"": ""R"", ""obp"": 0.2832512315270936, ""slg"": 0.35789473684210527, ""iso"": 0.12105263157894738, ""ab"": 380}, {""id"": 656941, ""name"": ""Kyle Schwarber"", ""bats"": ""L"", ""obp"": 0.36790123456790125, ""slg"": 0.5659824046920822, ""iso"": 0.3137829912023461, ""ab"": 341}, {""id"": 547180, ""name"": ""Bryce Harper"", ""bats"": ""L"", ""obp"": 0.3659147869674185, ""slg"": 0.4984984984984985, ""iso"": 0.2402402402402402, ""ab"": 333}]","[{""name"": ""away_top3c_iso"", ""value"": 0.2211, ""contribution"": 0.2998}, {""name"": ""away_top3c_slg"", ""value"": 0.4696, ""contribution"": -0.1488}, {""name"": ""fi_park_nrfi_rate"", ""value"": 0.5322, ""contribution"": -0.1188}, {""name"": ""home_p_last10_pitcher_nrfi"", ""value"": 1.0, ""contribution"": 0.1107}, {""name"": ""away_top3_ops_vs_oppHand"", ""value"": 0.8637, ""contribution"": 0.0983}]","[{""name"": ""away_whiff_pct_rank"", ""value"": 95.0, ""contribution"": -0.1947}, {""name"": ""fi_park_nrfi_rate"", ""value"": 0.5322, ""contribution"": -0.1826}, {""name"": ""away_fip"", ""value"": 2.6933, ""contribution"": -0.1383}, {""name"": ""wx_temp_c"", ""value"": 28.5, ""contribution"": 0.0605}, {""name"": ""home_top3c_slg"", ""value"": 0.4334, ""contribution"": 0.0436}]",483569,0.5176,3.428,2.881,53.0,95.0,0.6796,0.7272,5.6,5.4,0.8637,0.741,L,R,NRFI,WIN,0,0,0,2026-07-11T22:26:57+00:00,-140,+110,DraftKings,2026-07-11T22:31:49+00:00,0.5833,0.4762,-0.0354,-0.0241,-0.0354,N,0.5,0,-145,+115,2026-07-11T21:04:50+00:00,-0.0085,0.4877,PASS,NO EDGE,,,,,,,
2026-07-11,2026,822875,1,N,HOU,TEX,7:05 PM ET,Peter Lambert,Kumar Rocker,663567,677958,ltd,live,live,live,1.07,0.5769,0.5511,1.128,0.3375,0.2578,0.5953,0.5514,0.4486,0.3112,0.6888,,,NRFI,LEAN,LEAN NRFI,4,2026-07-11T21:43:52Z,3.563,4.291,1.187,1.349,4.193,4.164,3.38,3.32,1.15,1.1,8.47,8.03,0.315,0.319,0.41,0.398,4.527,4.197,,,,1.0,0.6,0.8,0.5,0.8,0.3449,0.3768,0.4671,0.5029,0.1946,0.2181,lineup,lineup,"[{""id"": 592626, ""name"": ""Joc Pederson"", ""bats"": ""L"", ""obp"": 0.3356643356643357, ""slg"": 0.46530612244897956, ""iso"": 0.22857142857142854, ""ab"": 245}, {""id"": 696030, ""name"": ""Alejandro Osuna"", ""bats"": ""L"", ""obp"": 0.3544973544973545, ""slg"": 0.29878048780487804, ""iso"": 0.042682926829268275, ""ab"": 164}, {""id"": 673962, ""name"": ""Josh Jung"", ""bats"": ""R"", ""obp"": 0.36239782016348776, ""slg"": 0.4484848484848485, ""iso"": 0.1515151515151515, ""ab"": 330}]","[{""id"": 665161, ""name"": ""Jeremy Pe\u00f1a"", ""bats"": ""R"", ""obp"": 0.35436893203883496, ""slg"": 0.4385026737967914, ""iso"": 0.14438502673796788, ""ab"": 187}, {""id"": 694728, ""name"": ""Brice Matthews"", ""bats"": ""R"", ""obp"": 0.25, ""slg"": 0.3317307692307692, ""iso"": 0.1346153846153846, ""ab"": 208}, {""id"": 670623, ""name"": ""Isaac Paredes"", ""bats"": ""R"", ""obp"": 0.3449197860962567, ""slg"": 0.4148606811145511, ""iso"": 0.16408668730650156, ""ab"": 323}]","[{""name"": ""away_top3c_slg"", ""value"": 0.5029, ""contribution"": -0.3174}, {""name"": ""away_top3c_iso"", ""value"": 0.2181, ""contribution"": 0.2787}, {""name"": ""fi_park_nrfi_rate"", ""value"": 0.5398, ""contribution"": -0.1451}, {""name"": ""away_top3_ops_vs_oppHand"", ""value"": 0.8777, ""contribution"": 0.1125}, {""name"": ""home_xera"", ""value"": 4.973, ""contribution"": 0.0879}]","[{""name"": ""fi_park_nrfi_rate"", ""value"": 0.5398, ""contribution"": -0.2231}, {""name"": ""home_top3c_slg"", ""value"": 0.4671, ""contribution"": -0.166}, {""name"": ""wx_is_dome"", ""value"": 1.0, ""contribution"": -0.0758}, {""name"": ""home_top3c_iso"", ""value"": 0.1946, ""contribution"": 0.0737}, {""name"": ""home_top3_ops_vs_oppHand"", ""value"": 0.8057, ""contribution"": 0.0505}]",594151,0.4534,4.973,2.829,44.0,50.0,0.7136,0.7136,4.67,5.87,0.8777,0.8057,R,R,YRFI,LOSS,2,0,2,2026-07-11T23:26:24+00:00,-105,-120,DraftKings,2026-07-11T23:07:42+00:00,0.5122,0.5455,0.0392,-0.0969,0.0392,N,0.5,0,-105,-125,2026-07-11T21:57:57+00:00,0,0.6370,NRFI,STRONG,,,,,,,
2026-07-11,2026,824813,1,N,KC,BAL,7:05 PM ET,Noah Cameron,Kyle Bradish,702070,680694,live,live,live,live,1.06,0.5431,0.5472,1.0903,0.2915,0.3696,0.661,0.5375,0.4625,0.2974,0.7026,,,NRFI,LEAN,LEAN NRFI,4,2026-07-11T21:43:52Z,4.215,3.745,1.341,1.343,3.972,4.066,2.98,3.91,1.07,1.09,8.07,9.32,0.318,0.319,0.401,0.398,4.323,4.55,25.9,11.2,86.0,0.0,0.8,0.6,0.8,0.7,0.336,0.3312,0.391,0.4548,0.1494,0.19,lineup,lineup,"[{""id"": 683002, ""name"": ""Gunnar Henderson"", ""bats"": ""L"", ""obp"": 0.29069767441860467, ""slg"": 0.3943298969072165, ""iso"": 0.17525773195876287, ""ab"": 388}, {""id"": 668939, ""name"": ""Adley Rutschman"", ""bats"": ""S"", ""obp"": 0.33210332103321033, ""slg"": 0.4430379746835443, ""iso"": 0.18565400843881852, ""ab"": 237}, {""id"": 621493, ""name"": ""Taylor Ward"", ""bats"": ""R"", ""obp"": 0.38372093023255816, ""slg"": 0.3522727272727273, ""iso"": 0.09659090909090912, ""ab"": 352}]","[{""id"": 695600, ""name"": ""Carter Jensen"", ""bats"": ""L"", ""obp"": 0.3086053412462908, ""slg"": 0.4318936877076412, ""iso"": 0.1893687707641196, ""ab"": 301}, {""id"": 677951, ""name"": ""Bobby Witt Jr."", ""bats"": ""R"", ""obp"": 0.35786802030456855, ""slg"": 0.46438746438746437, ""iso"": 0.1766381766381766, ""ab"": 351}, {""id"": 695506, ""name"": ""Jac Caglianone"", ""bats"": ""L"", ""obp"": 0.3225806451612903, ""slg"": 0.4662379421221865, ""iso"": 0.2057877813504823, ""ab"": 311}]","[{""name"": ""away_top3c_iso"", ""value"": 0.19, ""contribution"": 0.0813}, {""name"": ""away_top3c_slg"", ""value"": 0.4548, ""contribution"": -0.0737}, {""name"": ""fi_park_nrfi_rate"", ""value"": 0.519, ""contribution"": -0.0733}, {""name"": ""era_gap_t1"", ""value"": -0.4696, ""contribution"": -0.0502}, {""name"": ""home_avg_ip_per_start"", ""value"": 6.2667, ""contribution"": -0.0344}]","[{""name"": ""home_top3c_slg"", ""value"": 0.391, ""contribution"": 0.3069}, {""name"": ""home_top3c_iso"", ""value"": 0.1494, ""contribution"": -0.1396}, {""name"": ""away_whiff_pct_rank"", ""value"": 76.0, ""contribution"": -0.1127}, {""name"": ""fi_park_nrfi_rate"", ""value"": 0.519, ""contribution"": -0.1127}, {""name"": ""home_obp"", ""value"": 0.3195, ""contribution"": 0.0396}]",427243,0.4707,3.85,4.444,94.0,76.0,0.7272,0.7136,6.27,4.6,0.779,0.747,L,R,NRFI,WIN,0,0,0,2026-07-11T23:19:56+00:00,-120,-110,DraftKings,2026-07-11T23:07:42+00:00,0.5455,0.5238,-0.008,-0.0613,-0.008,N,0.5,0,-120,-110,2026-07-11T21:57:57+00:00,0,0.4877,PASS,NO EDGE,,,,,,,
2026-07-11,2026,823276,1,N,TOR,SD,8:40 PM ET,Trey Yesavage,Walker Buehler,702056,621111,ltd,live,live,live,0.95,0.5028,0.4503,0.953,0.3108,0.2793,0.5902,0.5514,0.4486,0.247,0.753,,,NRFI,LEAN,LEAN NRFI,4,2026-07-11T23:36:38Z,3.614,5.031,1.144,1.431,4.013,4.545,3.58,3.58,0.98,1.28,8.51,7.75,0.307,0.302,0.386,0.377,4.115,3.977,23.3,15.8,67.0,0.0,0.6,0.8,0.7,0.7,0.3105,0.3341,0.3567,0.3917,0.1137,0.1094,lineup,lineup,"[{""id"": 665487, ""name"": ""Fernando Tatis Jr."", ""bats"": ""R"", ""obp"": 0.34236453201970446, ""slg"": 0.38082191780821917, ""iso"": 0.09863013698630135, ""ab"": 365}, {""id"": 701538, ""name"": ""Jackson Merrill"", ""bats"": ""L"", ""obp"": 0.2736842105263158, ""slg"": 0.35127478753541075, ""iso"": 0.13314447592067988, ""ab"": 353}, {""id"": 593428, ""name"": ""Xander Bogaerts"", ""bats"": ""R"", ""obp"": 0.3135593220338983, ""slg"": 0.33440514469453375, ""iso"": 0.10932475884244372, ""ab"": 311}]","[{""id"": 676391, ""name"": ""Ernie Clement"", ""bats"": ""R"", ""obp"": 0.31868131868131866, ""slg"": 0.4297994269340974, ""iso"": 0.13180515759312317, ""ab"": 349}, {""id"": 664770, ""name"": ""Nathan Lukes"", ""bats"": ""L"", ""obp"": 0.34134615384615385, ""slg"": 0.39267015706806285, ""iso"": 0.10471204188481675, ""ab"": 191}, {""id"": 665489, ""name"": ""Vladimir Guerrero Jr."", ""bats"": ""R"", ""obp"": 0.3448275862068966, ""slg"": 0.35060975609756095, ""iso"": 0.08841463414634143, ""ab"": 328}]","[{""name"": ""away_top3c_iso"", ""value"": 0.1094, ""contribution"": -0.4863}, {""name"": ""away_top3c_slg"", ""value"": 0.3917, ""contribution"": 0.246}, {""name"": ""era_gap_t1"", ""value"": 1.4166, ""contribution"": 0.154}, {""name"": ""fi_park_nrfi_rate"", ""value"": 0.5409, ""contribution"": -0.149}, {""name"": ""home_xera"", ""value"": 5.2493, ""contribution"": 0.1162}]","[{""name"": ""home_top3c_slg"", ""value"": 0.3567, ""contribution"": 0.5202}, {""name"": ""home_top3c_iso"", ""value"": 0.1137, ""contribution"": -0.3083}, {""name"": ""fi_park_nrfi_rate"", ""value"": 0.5409, ""contribution"": -0.229}, {""name"": ""home_top3_ops_vs_oppHand"", ""value"": 0.648, ""contribution"": -0.1383}, {""name"": ""home_top3c_obp"", ""value"": 0.3105, ""contribution"": -0.1047}]",503077,0.5258,5.249,2.939,15.0,50.0,0.6942,0.7136,4.93,6.13,0.7417,0.648,R,R,YRFI,LOSS,0,2,2,2026-07-12T01:04:06+00:00,-135,+105,DraftKings,2026-07-12T00:57:00+00:00,0.5745,0.4878,-0.0231,-0.0392,-0.0231,N,0.5,0,-135,+105,2026-07-11T23:39:57+00:00,0,0.5156,PASS,NO EDGE,,,,,,,
2026-07-11,2026,823356,2,S,MIL,PIT,4:05 PM ET,Shane Drohan,Bubba Chandler,675660,696149,ltd,live,live,live,0.96,0.5672,0.4918,1.059,0.3781,0.2846,0.6628,0.5362,0.4638,0.2859,0.7141,,,PASS,LINEUP PENDING,PASS - Lineup pending,4,2026-07-11T20:04:31Z,3.435,4.607,1.248,1.358,3.623,4.374,2.88,4.39,0.91,1.02,8.71,8.23,0.334,0.338,0.4,0.421,5.041,5.15,27.1,2.1,71.0,0.0,1.0,1.0,0.7,0.875,0.3612,0.3341,0.4541,0.4001,0.1767,0.169,lineup,team_fallback,"[{""id"": 693304, ""name"": ""Nick Gonzales"", ""bats"": ""R"", ""obp"": 0.37222222222222223, ""slg"": 0.39263803680981596, ""iso"": 0.08282208588957057, ""ab"": 326}, {""id"": 664040, ""name"": ""Brandon Lowe"", ""bats"": ""L"", ""obp"": 0.3153846153846154, ""slg"": 0.48985507246376814, ""iso"": 0.2463768115942029, ""ab"": 345}, {""id"": 668804, ""name"": ""Bryan Reynolds"", ""bats"": ""S"", ""obp"": 0.3951219512195122, ""slg"": 0.4766081871345029, ""iso"": 0.19590643274853803, ""ab"": 342}]","[{""id"": 592885, ""name"": ""Christian Yelich"", ""bats"": ""L"", ""obp"": 0.32567049808429116, ""slg"": 0.38095238095238093, ""iso"": 0.1385281385281385, ""ab"": 231}, {""id"": 694192, ""name"": ""Jackson Chourio"", ""bats"": ""R"", ""obp"": 0.3382352941176471, ""slg"": 0.504, ""iso"": 0.22000000000000003, ""ab"": 250}, {""id"": 668930, ""name"": ""Brice Turang"", ""bats"": ""L"", ""obp"": 0.3609022556390977, ""slg"": 0.4624277456647399, ""iso"": 0.1936416184971098, ""ab"": 346}]","[{""name"": ""away_top3c_slg"", ""value"": 0.4001, ""contribution"": 0.2035}, {""name"": ""era_gap_t1"", ""value"": 1.1716, ""contribution"": 0.1275}, {""name"": ""fi_park_nrfi_rate"", ""value"": 0.5188, ""contribution"": -0.0724}, {""name"": ""away_top3c_iso"", ""value"": 0.169, ""contribution"": -0.0668}, {""name"": ""away_top3_ops_vs_oppHand"", ""value"": 0.72, ""contribution"": -0.0481}]","[{""name"": ""home_obp"", ""value"": 0.3376, ""contribution"": 0.1666}, {""name"": ""fi_park_nrfi_rate"", ""value"": 0.5188, ""contribution"": -0.1113}, {""name"": ""wx_wind_kmh"", ""value"": 2.1, ""contribution"": -0.0989}, {""name"": ""home_top3c_slg"", ""value"": 0.4541, ""contribution"": -0.0851}, {""name"": ""era_gap_b1"", ""value"": -1.1716, ""contribution"": -0.0801}]",623946,0.4271,4.349,4.66,76.0,50.0,0.6796,0.7136,5.47,5.2,0.72,0.732,L,R,NRFI,PASS,0,0,0,2026-07-11T20:35:34+00:00,-105,-120,DraftKings,2026-07-11T21:02:08+00:00,0.5122,0.5455,0.024,-0.0817,,N,,,-110,-120,2026-07-11T20:03:31+00:00,,0.4877,PASS,NO EDGE,,,,,,,
2026-07-11,2026,823682,1,N,LAA,MIN,2:10 PM ET,Ryan Johnson,Joe Ryan,696270,657746,sm,live,live,live,0.97,0.3564,0.6367,0.993,0.2346,0.4877,0.7222,0.4772,0.5228,0.2617,0.7383,,,PASS,NO EDGE,PASS - No edge,4,2026-07-11T17:52:49Z,5.334,3.008,1.38,1.04,5.045,3.026,3.04,2.01,1.77,1.0,8.31,10.45,0.315,0.321,0.395,0.413,4.477,4.814,33.1,10.4,41.0,0.0,0.8,0.6,0.7,0.6,0.3281,0.3505,0.4346,0.4415,0.1743,0.1978,lineup,lineup,"[{""id"": 668885, ""name"": ""Austin Martin"", ""bats"": ""R"", ""obp"": 0.35793357933579334, ""slg"": 0.32456140350877194, ""iso"": 0.07894736842105265, ""ab"": 228}, {""id"": 686797, ""name"": ""Brooks Lee"", ""bats"": ""S"", ""obp"": 0.3095890410958904, ""slg"": 0.43452380952380953, ""iso"": 0.18154761904761907, ""ab"": 336}, {""id"": 605137, ""name"": ""Josh Bell"", ""bats"": ""S"", ""obp"": 0.3079019073569482, ""slg"": 0.43154761904761907, ""iso"": 0.18154761904761907, ""ab"": 336}]","[{""id"": 687263, ""name"": ""Zach Neto"", ""bats"": ""R"", ""obp"": 0.3285024154589372, ""slg"": 0.4585635359116022, ""iso"": 0.22375690607734805, ""ab"": 362}, {""id"": 545361, ""name"": ""Mike Trout"", ""bats"": ""R"", ""obp"": 0.3884057971014493, ""slg"": 0.4708029197080292, ""iso"": 0.2408759124087591, ""ab"": 274}, {""id"": 672724, ""name"": ""Oswald Peraza"", ""bats"": ""R"", ""obp"": 0.28205128205128205, ""slg"": 0.38132295719844356, ""iso"": 0.14007782101167313, ""ab"": 257}]","[{""name"": ""era_gap_t1"", ""value"": -2.3254, ""contribution"": -0.2512}, {""name"": ""away_top3c_iso"", ""value"": 0.1978, ""contribution"": 0.1361}, {""name"": ""fi_park_nrfi_rate"", ""value"": 0.5348, ""contribution"": -0.1278}, {""name"": ""home_fip"", ""value"": 3.0265, ""contribution"": -0.1069}, {""name"": ""home_xera"", ""value"": 3.2616, ""contribution"": -0.0875}]","[{""name"": ""fi_park_nrfi_rate"", ""value"": 0.5348, ""contribution"": -0.1964}, {""name"": ""era_gap_b1"", ""value"": 2.3254, ""contribution"": 0.1578}, {""name"": ""away_fip"", ""value"": 5.045, ""contribution"": 0.113}, {""name"": ""wx_temp_c"", ""value"": 33.1, ""contribution"": 0.0989}, {""name"": ""home_obp"", ""value"": 0.3212, ""contribution"": 0.0517}]",503490,0.5467,3.262,4.2,62.0,50.0,0.7136,0.7136,5.6,4.67,0.7903,0.7953,R,R,NRFI,PASS,0,0,0,2026-07-11T18:50:05+00:00,-115,-115,DraftKings,2026-07-11T19:06:56+00:00,0.5349,0.5349,-0.0577,-0.0121,,N,,,-115,-115,2026-07-11T18:06:54+00:00,,0.4658,PASS,NO EDGE,,,,,,,
2026-07-11,2026,823603,1,N,BOS,NYM,4:10 PM ET,Eduardo Rivera,Freddy Peralta,700842,642547,sm,live,live,live,0.96,0.4779,0.4491,0.927,0.2713,0.3621,0.6334,0.5479,0.4521,0.2374,0.7626,,,NRFI,LEAN,LEAN NRFI,4,2026-07-11T19:06:03Z,3.87,4.114,1.191,1.323,3.963,4.068,2.72,3.47,1.12,1.21,8.75,9.28,0.315,0.306,0.392,0.387,4.164,4.214,26.5,8.7,70.0,0.0,0.4,0.5,0.6,0.5,0.3686,0.3378,0.4809,0.4401,0.209,0.1642,lineup,lineup,"[{""id"": 805999, ""name"": ""A.J. Ewing"", ""bats"": ""L"", ""obp"": 0.3584905660377358, ""slg"": 0.44680851063829785, ""iso"": 0.16489361702127658, ""ab"": 188}, {""id"": 665742, ""name"": ""Juan Soto"", ""bats"": ""L"", ""obp"": 0.4123076923076923, ""slg"": 0.5762081784386617, ""iso"": 0.27881040892193304, ""ab"": 269}, {""id"": 596019, ""name"": ""Francisco Lindor"", ""bats"": ""S"", ""obp"": 0.294478527607362, ""slg"": 0.3493150684931507, ""iso"": 0.13698630136986303, ""ab"": 146}]","[{""id"": 678011, ""name"": ""Anthony Seigler"", ""bats"": ""S"", ""obp"": 0.3783783783783784, ""slg"": 0.47692307692307695, ""iso"": 0.18461538461538463, ""ab"": 65}, {""id"": 678882, ""name"": ""Ceddanne Rafaela"", ""bats"": ""R"", ""obp"": 0.33146067415730335, ""slg"": 0.4367469879518072, ""iso"": 0.15361445783132527, ""ab"": 332}, {""id"": 677800, ""name"": ""Wilyer Abreu"", ""bats"": ""L"", ""obp"": 0.33589743589743587, ""slg"": 0.43641618497109824, ""iso"": 0.17052023121387283, ""ab"": 346}]","[{""name"": ""away_top3c_iso"", ""value"": 0.1642, ""contribution"": -0.1007}, {""name"": ""home_xera"", ""value"": 3.3533, ""contribution"": -0.0781}, {""name"": ""home_p_last10_pitcher_nrfi"", ""value"": 0.6, ""contribution"": -0.0455}, {""name"": ""wx_temp_c"", ""value"": 26.5, ""contribution"": 0.0314}, {""name"": ""home_whiff_pct_rank"", ""value"": 90.0, ""contribution"": -0.0282}]","[{""name"": ""home_top3c_slg"", ""value"": 0.4809, ""contribution"": -0.2518}, {""name"": ""home_top3c_iso"", ""value"": 0.209, ""contribution"": 0.1414}, {""name"": ""home_top3c_obp"", ""value"": 0.3686, ""contribution"": 0.0993}, {""name"": ""away_p_last10_pitcher_nrfi"", ""value"": 0.5, ""contribution"": 0.0713}, {""name"": ""home_obp"", ""value"": 0.3056, ""contribution"": -0.0571}]",665576,0.4578,3.353,4.2,90.0,50.0,0.7272,0.7136,4.4,5.0,0.741,0.758,L,R,NRFI,WIN,0,0,0,2026-07-11T20:23:46+00:00,-125,-105,DraftKings,2026-07-11T21:02:08+00:00,0.5556,0.5122,-0.0077,-0.0601,-0.0077,N,0.5,0,-125,-105,2026-07-11T19:06:56+00:00,0,0.5501,PASS,NO EDGE,,,,,,,
2026-07-11,2026,823357,1,S,MIL,PIT,12:05 PM ET,Brandon Sproat,Braxton Ashcraft,687075,677952,ltd,live,live,live,0.96,0.4072,0.6287,1.0359,0.214,0.5164,0.7304,0.4772,0.5228,0.2774,0.7226,,,PASS,NO EDGE,PASS - No edge,4,2026-07-11T15:56:04Z,4.842,3.264,1.33,1.142,4.507,3.18,3.79,2.34,1.4,0.93,9.23,9.85,0.334,0.337,0.399,0.421,5.032,5.133,27.7,3.5,53.0,0.0,0.4,0.6,0.6,0.7,0.3574,0.3522,0.4587,0.439,0.1848,0.1758,lineup,lineup,"[{""id"": 663968, ""name"": ""Jake Mangum"", ""bats"": ""S"", ""obp"": 0.36099585062240663, ""slg"": 0.38288288288288286, ""iso"": 0.07207207207207206, ""ab"": 222}, {""id"": 664040, ""name"": ""Brandon Lowe"", ""bats"": ""L"", ""obp"": 0.3153846153846154, ""slg"": 0.48985507246376814, ""iso"": 0.2463768115942029, ""ab"": 345}, {""id"": 668804, ""name"": ""Bryan Reynolds"", ""bats"": ""S"", ""obp"": 0.3951219512195122, ""slg"": 0.4766081871345029, ""iso"": 0.19590643274853803, ""ab"": 342}]","[{""id"": 592885, ""name"": ""Christian Yelich"", ""bats"": ""L"", ""obp"": 0.32567049808429116, ""slg"": 0.38095238095238093, ""iso"": 0.1385281385281385, ""ab"": 231}, {""id"": 694192, ""name"": ""Jackson Chourio"", ""bats"": ""R"", ""obp"": 0.3382352941176471, ""slg"": 0.504, ""iso"": 0.22000000000000003, ""ab"": 250}, {""id"": 668930, ""name"": ""Brice Turang"", ""bats"": ""L"", ""obp"": 0.3609022556390977, ""slg"": 0.4624277456647399, ""iso"": 0.1936416184971098, ""ab"": 346}]","[{""name"": ""era_gap_t1"", ""value"": -1.5786, ""contribution"": -0.1703}, {""name"": ""home_xera"", ""value"": 2.9598, ""contribution"": -0.1184}, {""name"": ""home_fip"", ""value"": 3.1799, ""contribution"": -0.0897}, {""name"": ""fi_park_nrfi_rate"", ""value"": 0.5188, ""contribution"": -0.0724}, {""name"": ""away_top3_ops_vs_oppHand"", ""value"": 0.8287, ""contribution"": 0.0626}]","[{""name"": ""home_obp"", ""value"": 0.3367, ""contribution"": 0.1603}, {""name"": ""away_whiff_pct_rank"", ""value"": 16.0, ""contribution"": 0.1463}, {""name"": ""home_top3c_slg"", ""value"": 0.4587, ""contribution"": -0.114}, {""name"": ""fi_park_nrfi_rate"", ""value"": 0.5188, ""contribution"": -0.1113}, {""name"": ""era_gap_b1"", ""value"": 1.5786, ""contribution"": 0.107}]",483561,0.5039,2.96,4.139,76.0,16.0,0.7272,0.7136,5.73,5.0,0.8287,0.83,R,R,YRFI,PASS,0,2,2,2026-07-11T16:32:27+00:00,-125,-105,DraftKings,2026-07-11T16:42:07+00:00,0.5556,0.5122,-0.0784,0.0106,,N,,,-125,-105,2026-07-11T16:04:18+00:00,,0.5651,NRFI,STRONG,,,,,,,
2026-07-12,2026,822951,1,N,SEA,TB,1:40 PM ET,Emerson Hancock,Ian Seymour,676106,693855,live,live,live,live,0.93,0.4053,0.4447,0.85,0.3782,0.5316,0.9098,0.4064,0.5936,0.2093,0.7907,,,YRFI,STRONG,STRONG YRFI,4,2026-07-12T16:02:15Z,3.664,4.032,1.109,1.136,4.008,3.762,2.47,3.04,1.2,1.2,8.07,10.13,0.311,0.332,0.382,0.404,4.068,4.542,,,,1.0,0.8,0.8,0.7,0.8,0.3878,0.332,0.5049,0.3771,0.2058,0.1492,lineup,lineup,"[{""id"": 650490, ""name"": ""Yandy D\u00edaz"", ""bats"": ""R"", ""obp"": 0.3974358974358974, ""slg"": 0.4897360703812317, ""iso"": 0.17008797653958946, ""ab"": 341}, {""id"": 666018, ""name"": ""Jonathan Aranda"", ""bats"": ""L"", ""obp"": 0.39303482587064675, ""slg"": 0.4629080118694362, ""iso"": 0.16617210682492584, ""ab"": 337}, {""id"": 691406, ""name"": ""Junior Caminero"", ""bats"": ""R"", ""obp"": 0.37346437346437344, ""slg"": 0.5596590909090909, ""iso"": 0.27840909090909094, ""ab"": 352}]","[{""id"": 641487, ""name"": ""J.P. Crawford"", ""bats"": ""L"", ""obp"": 0.32727272727272727, ""slg"": 0.3464285714285714, ""iso"": 0.1357142857142857, ""ab"": 280}, {""id"": 668227, ""name"": ""Randy Arozarena"", ""bats"": ""R"", ""obp"": 0.38235294117647056, ""slg"": 0.453125, ""iso"": 0.16562500000000002, ""ab"": 320}, {""id"": 663728, ""name"": ""Cal Raleigh"", ""bats"": ""S"", ""obp"": 0.2690909090909091, ""slg"": 0.31092436974789917, ""iso"": 0.14285714285714285, ""ab"": 238}]","[{""name"": ""away_top3c_slg"", ""value"": 0.3771, ""contribution"": 0.32}, {""name"": ""fi_park_nrfi_rate"", ""value"": 0.4376, ""contribution"": 0.2081}, {""name"": ""away_top3c_iso"", ""value"": 0.1492, ""contribution"": -0.2066}, {""name"": ""away_top3_ops_vs_oppHand"", ""value"": 0.596, ""contribution"": -0.1745}, {""name"": ""home_xera"", ""value"": 4.59, ""contribution"": 0.0486}]","[{""name"": ""home_top3c_slg"", ""value"": 0.5049, ""contribution"": -0.4004}, {""name"": ""fi_park_nrfi_rate"", ""value"": 0.4376, ""contribution"": 0.3199}, {""name"": ""home_top3_ops_vs_oppHand"", ""value"": 0.9067, ""contribution"": 0.1714}, {""name"": ""home_top3c_obp"", ""value"": 0.3878, ""contribution"": 0.1667}, {""name"": ""away_whiff_pct_rank"", ""value"": 18.0, ""contribution"": 0.1376}]",658292,0.4848,4.59,5.231,87.0,18.0,0.7136,0.7136,4.47,5.4,0.596,0.9067,R,L,NRFI,LOSS,0,0,0,2026-07-12T17:54:52+00:00,-120,-110,DraftKings,2026-07-12T16:43:36+00:00,0.5455,0.5238,-0.1391,0.0698,0.0698,Y,1,-1,-120,-110,2026-07-12T16:38:12+00:00,0,0.4441,PASS,NO EDGE,,,,,,,
2026-07-12,2026,824814,1,N,KC,BAL,1:35 PM ET,Seth Lugo,Shane Baz,607625,669358,live,live,live,live,1.06,0.5441,0.6293,1.1734,0.2819,0.5704,0.8523,0.4064,0.5936,0.3278,0.6722,,,YRFI,STRONG,STRONG YRFI,4,2026-07-12T16:02:15Z,4.443,4.39,1.39,1.359,4.595,3.95,3.03,3.52,1.38,0.93,7.35,8.11,0.316,0.319,0.398,0.4,4.293,4.563,27.0,15.3,55.0,0.0,0.4,0.2,0.5,0.3,0.3346,0.3293,0.3773,0.4507,0.1411,0.1879,lineup,lineup,"[{""id"": 683002, ""name"": """", ""bats"": """", ""obp"": 0.2903225806451613, ""slg"": 0.4005102040816326, ""iso"": 0.18112244897959182, ""ab"": 392}, {""id"": 621493, ""name"": ""Taylor Ward"", ""bats"": ""R"", ""obp"": 0.3847926267281106, ""slg"": 0.36056338028169016, ""iso"": 0.10422535211267608, ""ab"": 355}, {""id"": 687637, ""name"": ""Dylan Beavers"", ""bats"": ""L"", ""obp"": 0.31690140845070425, ""slg"": 0.352, ""iso"": 0.11999999999999997, ""ab"": 125}]","[{""id"": 695600, ""name"": ""Carter Jensen"", ""bats"": ""L"", ""obp"": 0.30791788856304986, ""slg"": 0.4276315789473684, ""iso"": 0.1875, ""ab"": 304}, {""id"": 677951, ""name"": ""Bobby Witt Jr."", ""bats"": ""R"", ""obp"": 0.3542713567839196, ""slg"": 0.4591549295774648, ""iso"": 0.17464788732394365, ""ab"": 355}, {""id"": 695506, ""name"": ""Jac Caglianone"", ""bats"": ""L"", ""obp"": 0.3217391304347826, ""slg"": 0.4634920634920635, ""iso"": 0.20317460317460317, ""ab"": 315}]","[{""name"": ""home_p_last10_pitcher_nrfi"", ""value"": 0.5, ""contribution"": -0.0846}, {""name"": ""fi_park_nrfi_rate"", ""value"": 0.519, ""contribution"": -0.0733}, {""name"": ""away_top3c_iso"", ""value"": 0.1879, ""contribution"": 0.0662}, {""name"": ""away_top3c_slg"", ""value"": 0.4507, ""contribution"": -0.0529}, {""name"": ""wx_temp_c"", ""value"": 27.0, ""contribution"": 0.0344}]","[{""name"": ""home_top3c_slg"", ""value"": 0.3773, ""contribution"": 0.392}, {""name"": ""home_top3c_iso"", ""value"": 0.1411, ""contribution"": -0.1792}, {""name"": ""away_whiff_pct_rank"", ""value"": 12.0, ""contribution"": 0.1635}, {""name"": ""away_p_last10_pitcher_nrfi"", ""value"": 0.3, ""contribution"": 0.137}, {""name"": ""fi_park_nrfi_rate"", ""value"": 0.519, ""contribution"": -0.1127}]",596809,0.5038,3.874,4.793,59.0,12.0,0.751,0.751,6.0,4.93,0.7723,0.708,R,R,NRFI,LOSS,0,0,0,2026-07-12T17:57:43+00:00,+105,-140,DraftKings,2026-07-12T16:38:12+00:00,0.4878,0.5833,-0.0814,0.0103,0.0103,Y,1,-1,+105,-140,2026-07-12T16:32:31+00:00,0,0.4607,PASS,NO EDGE,,,,,,,
2026-07-12,2026,823842,1,N,CLE,MIA,1:40 PM ET,Joey Cantillo,Tyler Phillips,676282,663969,live,live,live,live,0.95,0.4785,0.5547,1.0331,0.3601,0.3601,0.7202,0.4772,0.5228,0.2764,0.7236,,,PASS,NO EDGE,PASS - No edge,4,2026-07-12T17:06:36Z,3.586,3.279,1.352,1.3,4.157,4.4,4.22,3.68,1.09,0.99,9.27,6.81,0.31,0.329,0.373,0.41,4.032,4.545,,,,1.0,0.8,0.8,0.8889,0.8,0.3561,0.34,0.4873,0.4122,0.1889,0.1461,lineup,lineup,"[{""id"": 672640, ""name"": ""Otto Lopez"", ""bats"": ""R"", ""obp"": 0.3728395061728395, ""slg"": 0.512, ""iso"": 0.17333333333333334, ""ab"": 375}, {""id"": 681715, ""name"": ""Heriberto Hern\u00e1ndez"", ""bats"": ""R"", ""obp"": 0.3169642857142857, ""slg"": 0.4824120603015075, ""iso"": 0.24623115577889446, ""ab"": 199}, {""id"": 689414, ""name"": ""Liam Hicks"", ""bats"": ""L"", ""obp"": 0.3620178041543027, ""slg"": 0.45918367346938777, ""iso"": 0.17006802721088438, ""ab"": 294}]","[{""id"": 683953, ""name"": ""Travis Bazzana"", ""bats"": ""L"", ""obp"": 0.3285198555956679, ""slg"": 0.3941908713692946, ""iso"": 0.15352697095435683, ""ab"": 241}, {""id"": 677587, ""name"": ""Brayan Rocchio"", ""bats"": ""S"", ""obp"": 0.3418803418803419, ""slg"": 0.3980891719745223, ""iso"": 0.12420382165605098, ""ab"": 314}, {""id"": 800050, ""name"": ""Chase DeLauter"", ""bats"": ""L"", ""obp"": 0.3475609756097561, ""slg"": 0.4421768707482993, ""iso"": 0.163265306122449, ""ab"": 294}]","[{""name"": ""away_top3c_iso"", ""value"": 0.1461, ""contribution"": -0.2285}, {""name"": ""fi_park_nrfi_rate"", ""value"": 0.455, ""contribution"": 0.1479}, {""name"": ""away_top3c_slg"", ""value"": 0.4122, ""contribution"": 0.1419}, {""name"": ""home_p_last10_pitcher_nrfi"", ""value"": 0.8889, ""contribution"": 0.0673}, {""name"": ""home_fip"", ""value"": 4.4003, ""contribution"": 0.0473}]","[{""name"": ""home_top3c_slg"", ""value"": 0.4873, ""contribution"": -0.2915}, {""name"": ""fi_park_nrfi_rate"", ""value"": 0.455, ""contribution"": 0.2273}, {""name"": ""away_whiff_pct_rank"", ""value"": 89.0, ""contribution"": -0.1688}, {""name"": ""home_obp"", ""value"": 0.329, ""contribution"": 0.1063}, {""name"": ""home_top3_ops_vs_oppHand"", ""value"": 0.8503, ""contribution"": 0.104}]",431232,0.4946,4.17,3.575,85.0,89.0,0.7272,0.7136,5.13,5.8,0.776,0.8503,L,R,YRFI,PASS,2,0,2,2026-07-12T17:58:57+00:00,-135,+105,DraftKings,2026-07-12T17:52:39+00:00,0.5745,0.4878,-0.0973,0.035,0.1058,N,1,,-135,+105,2026-07-12T17:36:23+00:00,0,0.5651,NRFI,STRONG,,,,,,,
2026-07-12,2026,824250,1,N,PHI,DET,1:40 PM ET,Zack Wheeler,Tarik Skubal,554430,669373,live,live,live,live,0.98,0.316,0.3644,0.6804,0.24,0.2538,0.4938,0.6119,0.3881,0.149,0.851,,,NRFI,LEAN,LEAN NRFI,4,2026-07-12T16:02:15Z,2.415,2.751,0.919,0.928,3.09,2.88,2.04,1.37,1.07,1.12,10.65,10.9,0.305,0.315,0.4,0.402,4.383,4.314,28.9,12.4,29.0,0.0,0.4,1.0,0.6,0.9,0.3449,0.3388,0.4477,0.469,0.1797,0.2199,lineup,lineup,"[{""id"": 805808, ""name"": ""Kevin McGonigle"", ""bats"": ""L"", ""obp"": 0.39364303178484106, ""slg"": 0.42363112391930835, ""iso"": 0.13832853025936598, ""ab"": 347}, {""id"": 693307, ""name"": ""Dillon Dingler"", ""bats"": ""R"", ""obp"": 0.3267605633802817, ""slg"": 0.514018691588785, ""iso"": 0.24922118380062303, ""ab"": 321}, {""id"": 690993, ""name"": ""Colt Keith"", ""bats"": ""L"", ""obp"": 0.2947761194029851, ""slg"": 0.396, ""iso"": 0.14800000000000002, ""ab"": 250}]","[{""id"": 607208, ""name"": ""Trea Turner"", ""bats"": ""R"", ""obp"": 0.28292682926829266, ""slg"": 0.35602094240837695, ""iso"": 0.12041884816753926, ""ab"": 382}, {""id"": 656941, ""name"": ""Kyle Schwarber"", ""bats"": ""L"", ""obp"": 0.36674816625916873, ""slg"": 0.5623188405797102, ""iso"": 0.3101449275362319, ""ab"": 345}, {""id"": 547180, ""name"": ""Bryce Harper"", ""bats"": ""L"", ""obp"": 0.36724565756823824, ""slg"": 0.5014836795252225, ""iso"": 0.24035608308605338, ""ab"": 337}]","[{""name"": ""away_top3c_iso"", ""value"": 0.2199, ""contribution"": 0.2918}, {""name"": ""home_xera"", ""value"": 2.2179, ""contribution"": -0.1944}, {""name"": ""away_top3c_slg"", ""value"": 0.469, ""contribution"": -0.1454}, {""name"": ""home_fip"", ""value"": 2.8802, ""contribution"": -0.1233}, {""name"": ""fi_park_nrfi_rate"", ""value"": 0.5322, ""contribution"": -0.1188}]","[{""name"": ""away_whiff_pct_rank"", ""value"": 93.0, ""contribution"": -0.1861}, {""name"": ""fi_park_nrfi_rate"", ""value"": 0.5322, ""contribution"": -0.1826}, {""name"": ""away_fip"", ""value"": 3.0899, ""contribution"": -0.096}, {""name"": ""home_top3_ops_vs_oppHand"", ""value"": 0.8207, ""contribution"": 0.0685}, {""name"": ""wx_temp_c"", ""value"": 28.9, ""contribution"": 0.0638}]",554242,0.4415,2.218,1.949,100.0,93.0,0.7396,0.7396,5.47,6.07,0.7273,0.8207,R,L,NRFI,WIN,0,0,0,2026-07-12T17:53:30+00:00,-160,+125,DraftKings,2026-07-12T17:52:39+00:00,0.6154,0.4444,-0.0035,-0.0563,-0.0035,N,0.5,0,-165,+125,2026-07-12T16:38:12+00:00,-0.0073,0.6536,NRFI,STRONG,,,,,,,
2026-07-12,2026,823925,1,N,ARI,LAD,4:10 PM ET,Mitch Bratt,Emmet Sheehan,683352,686218,sm,live,live,live,0.97,0.4723,0.5566,1.0288,0.3442,0.4282,0.7724,0.4633,0.5367,0.2748,0.7252,,,PASS,NO EDGE,PASS - No edge,4,2026-07-12T20:07:57Z,4.088,4.376,1.265,1.206,4.104,4.133,3.14,2.88,1.13,1.5,8.77,10.07,0.309,0.34,0.388,0.431,4.35,5.14,22.9,11.2,71.0,0.0,0.8,1.0,0.8,1.0,0.3716,0.3396,0.5005,0.4387,0.2159,0.1858,lineup,lineup,"[{""id"": 660271, ""name"": ""Shohei Ohtani"", ""bats"": ""L"", ""obp"": 0.4025, ""slg"": 0.5377643504531722, ""iso"": 0.2477341389728096, ""ab"": 331}, {""id"": 681624, ""name"": ""Andy Pages"", ""bats"": ""R"", ""obp"": 0.33415233415233414, ""slg"": 0.473972602739726, ""iso"": 0.20273972602739726, ""ab"": 365}, {""id"": 518692, ""name"": ""Freddie Freeman"", ""bats"": ""L"", ""obp"": 0.3787128712871287, ""slg"": 0.4928774928774929, ""iso"": 0.19943019943019946, ""ab"": 351}]","[{""id"": 606466, ""name"": ""Ketel Marte"", ""bats"": ""S"", ""obp"": 0.314214463840399, ""slg"": 0.4659400544959128, ""iso"": 0.20708446866485014, ""ab"": 367}, {""id"": 672695, ""name"": ""Geraldo Perdomo"", ""bats"": ""S"", ""obp"": 0.35509138381201044, ""slg"": 0.359375, ""iso"": 0.115625, ""ab"": 320}, {""id"": 682998, ""name"": ""Corbin Carroll"", ""bats"": ""L"", ""obp"": 0.350253807106599, ""slg"": 0.4838709677419355, ""iso"": 0.22873900293255134, ""ab"": 341}]","[{""name"": ""home_xera"", ""value"": 2.9748, ""contribution"": -0.1169}, {""name"": ""fi_park_nrfi_rate"", ""value"": 0.4823, ""contribution"": 0.0538}, {""name"": ""away_top3c_iso"", ""value"": 0.1858, ""contribution"": 0.0515}, {""name"": ""home_avg_ip_per_start"", ""value"": 3.8, ""contribution"": 0.0445}, {""name"": ""away_top3_ops_vs_oppHand"", ""value"": 0.735, ""contribution"": -0.0329}]","[{""name"": ""home_top3c_slg"", ""value"": 0.5005, ""contribution"": -0.3732}, {""name"": ""home_obp"", ""value"": 0.3402, ""contribution"": 0.185}, {""name"": ""home_top3c_iso"", ""value"": 0.2159, ""contribution"": 0.1739}, {""name"": ""home_top3c_obp"", ""value"": 0.3716, ""contribution"": 0.11}, {""name"": ""away_p_last10_pitcher_nrfi"", ""value"": 1.0, ""contribution"": -0.0929}]",521889,0.4806,2.975,4.2,96.0,50.0,0.7272,0.7136,3.8,3.0,0.735,0.8253,L,R,YRFI,PASS,0,1,1,2026-07-12T20:29:10+00:00,+110,-145,DraftKings,2026-07-12T20:05:46+00:00,0.4762,0.5918,0.001,-0.069,-0.0024,N,1,,+110,-145,2026-07-12T20:05:46+00:00,0,0.5072,PASS,NO EDGE,,,,,,,
2026-07-12,2026,824574,1,N,OAK,CWS,2:10 PM ET,J.T. Ginn,Noah Schultz,669372,702273,live,ltd,live,live,0.98,0.5853,0.5687,1.1541,0.4149,0.446,0.861,0.4064,0.5936,0.3207,0.6793,,,YRFI,STRONG,STRONG YRFI,4,2026-07-12T17:06:36Z,3.607,5.168,1.253,1.347,4.301,4.703,3.68,4.3,1.17,1.27,8.38,8.38,0.321,0.319,0.402,0.411,4.441,4.702,26.0,7.1,59.0,0.0,0.6,0.8,0.7,0.8,0.3672,0.3292,0.4789,0.4498,0.2239,0.1713,lineup,lineup,"[{""id"": 803011, ""name"": ""Sam Antonacci"", ""bats"": ""L"", ""obp"": 0.38047138047138046, ""slg"": 0.4085603112840467, ""iso"": 0.12062256809338523, ""ab"": 257}, {""id"": 808959, ""name"": ""Munetaka Murakami"", ""bats"": ""L"", ""obp"": 0.37254901960784315, ""slg"": 0.5480769230769231, ""iso"": 0.31250000000000006, ""ab"": 208}, {""id"": 678246, ""name"": ""Miguel Vargas"", ""bats"": ""R"", ""obp"": 0.35396039603960394, ""slg"": 0.4896755162241888, ""iso"": 0.24778761061946905, ""ab"": 339}]","[{""id"": 805779, ""name"": ""Jacob Wilson"", ""bats"": ""R"", ""obp"": 0.3146551724137931, ""slg"": 0.39090909090909093, ""iso"": 0.10909090909090913, ""ab"": 220}, {""id"": 811965, ""name"": ""Joshua Kuroda-Grauer"", ""bats"": ""R"", ""obp"": 0.4523809523809524, ""slg"": 0.5365853658536586, ""iso"": 0.09756097560975613, ""ab"": 41}, {""id"": 661531, ""name"": ""Brian Serven"", ""bats"": ""R"", ""obp"": 0.25, ""slg"": 0.25, ""iso"": 0.0, ""ab"": 4}]","[{""name"": ""era_gap_t1"", ""value"": 1.5607, ""contribution"": 0.1696}, {""name"": ""away_top3_ops_vs_oppHand"", ""value"": 0.891, ""contribution"": 0.1261}, {""name"": ""home_xera"", ""value"": 3.2713, ""contribution"": -0.0865}, {""name"": ""fi_park_nrfi_rate"", ""value"": 0.473, ""contribution"": 0.0859}, {""name"": ""home_fip"", ""value"": 4.7027, ""contribution"": 0.0813}]","[{""name"": ""home_top3c_slg"", ""value"": 0.4789, ""contribution"": -0.2389}, {""name"": ""home_top3c_iso"", ""value"": 0.2239, ""contribution"": 0.2118}, {""name"": ""away_whiff_pct_rank"", ""value"": 82.0, ""contribution"": -0.1386}, {""name"": ""home_top3_ops_vs_oppHand"", ""value"": 0.8783, ""contribution"": 0.1375}, {""name"": ""fi_park_nrfi_rate"", ""value"": 0.473, ""contribution"": 0.1321}]",427139,0.5818,3.271,3.667,50.0,82.0,0.7272,0.7272,4.6,5.47,0.891,0.8783,R,L,YRFI,WIN,1,6,7,2026-07-12T18:33:25+00:00,-115,-110,DraftKings,2026-07-12T17:15:06+00:00,0.5349,0.5238,-0.1285,0.0698,0.0698,Y,1,0.909,-115,-115,2026-07-12T17:09:41+00:00,-0.0111,0.4877,PASS,NO EDGE,,,,,,,
2026-07-12,2026,823274,1,N,TOR,SD,4:10 PM ET,Kevin Gausman,Germán Márquez,592332,608566,live,live,live,live,0.95,0.6278,0.4309,1.0586,0.3515,0.2649,0.6164,0.5479,0.4521,0.2858,0.7142,,,NRFI,LEAN,LEAN NRFI,4,2026-07-12T19:07:16Z,4.12,5.89,1.176,1.575,3.746,5.793,2.42,3.87,1.19,1.78,9.07,5.87,0.307,0.305,0.387,0.377,4.141,4.014,26.2,12.4,63.0,0.0,0.6,0.4,0.5,0.4,0.3142,0.3361,0.3558,0.3943,0.1128,0.1114,lineup,lineup,"[{""id"": 665487, ""name"": ""Fernando Tatis Jr."", ""bats"": ""R"", ""obp"": 0.34306569343065696, ""slg"": 0.37771739130434784, ""iso"": 0.09782608695652173, ""ab"": 368}, {""id"": 701538, ""name"": ""Jackson Merrill"", ""bats"": ""L"", ""obp"": 0.2805194805194805, ""slg"": 0.3539325842696629, ""iso"": 0.13202247191011235, ""ab"": 356}, {""id"": 593428, ""name"": ""Xander Bogaerts"", ""bats"": ""R"", ""obp"": 0.31754874651810583, ""slg"": 0.33226837060702874, ""iso"": 0.10862619808306709, ""ab"": 313}]","[{""id"": 676391, ""name"": ""Ernie Clement"", ""bats"": ""R"", ""obp"": 0.31978319783197834, ""slg"": 0.42776203966005666, ""iso"": 0.1303116147308782, ""ab"": 353}, {""id"": 664702, ""name"": ""Myles Straw"", ""bats"": ""R"", ""obp"": 0.29375, ""slg"": 0.3402777777777778, ""iso"": 0.10416666666666669, ""ab"": 144}, {""id"": 665489, ""name"": ""Vladimir Guerrero Jr."", ""bats"": ""R"", ""obp"": 0.3481675392670157, ""slg"": 0.3614457831325301, ""iso"": 0.09638554216867468, ""ab"": 332}]","[{""name"": ""away_top3c_iso"", ""value"": 0.1114, ""contribution"": -0.4728}, {""name"": ""away_top3c_slg"", ""value"": 0.3943, ""contribution"": 0.2328}, {""name"": ""home_fip"", ""value"": 5.793, ""contribution"": 0.2037}, {""name"": ""era_gap_t1"", ""value"": 1.7703, ""contribution"": 0.1923}, {""name"": ""home_xera"", ""value"": 5.6119, ""contribution"": 0.1533}]","[{""name"": ""home_top3c_slg"", ""value"": 0.3558, ""contribution"": 0.5253}, {""name"": ""home_top3c_iso"", ""value"": 0.1128, ""contribution"": -0.3124}, {""name"": ""fi_park_nrfi_rate"", ""value"": 0.5409, ""contribution"": -0.229}, {""name"": ""away_whiff_pct_rank"", ""value"": 81.0, ""contribution"": -0.1343}, {""name"": ""home_top3_ops_vs_oppHand"", ""value"": 0.652, ""contribution"": -0.1335}]",668921,0.5084,5.612,3.521,11.0,81.0,0.7136,0.7272,5.33,5.27,0.7463,0.652,R,R,YRFI,LOSS,1,0,1,2026-07-12T20:23:33+00:00,-115,-115,DraftKings,2026-07-12T20:00:21+00:00,0.5349,0.5349,0.013,-0.0828,0.013,N,0.5,0,-115,-115,2026-07-12T19:07:59+00:00,0,0.4877,PASS,NO EDGE,,,,,,,
2026-07-12,2026,823029,1,N,ATL,STL,2:15 PM ET,Danny Young,Dustin May,664849,669160,sm,live,live,live,0.97,0.4597,0.5182,0.9778,0.3816,0.4912,0.8728,0.4064,0.5936,0.2561,0.7439,,,YRFI,STRONG,STRONG YRFI,4,2026-07-12T17:06:36Z,4.064,4.679,1.234,1.303,4.334,3.633,2.93,2.86,1.33,0.93,8.75,8.53,0.313,0.318,0.41,0.394,4.803,4.528,31.2,14.0,41.0,0.0,0.6,0.5,0.7,0.5,0.366,0.3327,0.4449,0.4746,0.1755,0.2109,lineup,lineup,"[{""id"": 802139, ""name"": ""JJ Wetherholt"", ""bats"": ""L"", ""obp"": 0.3598014888337469, ""slg"": 0.4034582132564842, ""iso"": 0.1412103746397695, ""ab"": 347}, {""id"": 671056, ""name"": ""Iv\u00e1n Herrera"", ""bats"": ""R"", ""obp"": 0.38424821002386633, ""slg"": 0.39473684210526316, ""iso"": 0.1432748538011696, ""ab"": 342}, {""id"": 691023, ""name"": ""Jordan Walker"", ""bats"": ""R"", ""obp"": 0.35294117647058826, ""slg"": 0.5338983050847458, ""iso"": 0.2401129943502825, ""ab"": 354}]","[{""id"": 686948, ""name"": ""Drake Baldwin"", ""bats"": ""L"", ""obp"": 0.34076433121019106, ""slg"": 0.4384057971014493, ""iso"": 0.18478260869565216, ""ab"": 276}, {""id"": 645277, ""name"": ""Ozzie Albies"", ""bats"": ""S"", ""obp"": 0.31851851851851853, ""slg"": 0.4380165289256198, ""iso"": 0.17079889807162535, ""ab"": 363}, {""id"": 621566, ""name"": ""Matt Olson"", ""bats"": ""L"", ""obp"": 0.340632603406326, ""slg"": 0.5382513661202186, ""iso"": 0.27049180327868855, ""ab"": 366}]","[{""name"": ""away_top3c_iso"", ""value"": 0.2109, ""contribution"": 0.2286}, {""name"": ""away_top3c_slg"", ""value"": 0.4746, ""contribution"": -0.174}, {""name"": ""fi_park_nrfi_rate"", ""value"": 0.527, ""contribution"": -0.1009}, {""name"": ""home_xera"", ""value"": 4.7959, ""contribution"": 0.0697}, {""name"": ""era_gap_t1"", ""value"": 0.615, ""contribution"": 0.0672}]","[{""name"": ""fi_park_nrfi_rate"", ""value"": 0.527, ""contribution"": -0.1552}, {""name"": ""home_plate_ump_nrfi_rate"", ""value"": 0.6254, ""contribution"": 0.1272}, {""name"": ""home_top3_ops_vs_oppHand"", ""value"": 0.8453, ""contribution"": 0.098}, {""name"": ""home_top3c_obp"", ""value"": 0.366, ""contribution"": 0.0903}, {""name"": ""wx_temp_c"", ""value"": 31.2, ""contribution"": 0.0831}]",644760,0.6254,4.796,4.2,10.0,50.0,0.7272,0.7136,4.47,5.0,0.7993,0.8453,L,R,YRFI,WIN,0,1,1,2026-07-12T18:40:02+00:00,-115,-115,DraftKings,2026-07-12T17:15:06+00:00,0.5349,0.5349,-0.1285,0.0587,0.0587,Y,1,0.87,-115,-115,2026-07-12T17:09:41+00:00,0,0.4105,YRFI,STRONG,,,,,,,
2026-07-12,2026,823602,1,N,BOS,NYM,1:40 PM ET,Payton Tolle,Zach Thornton,801139,804267,ltd,sm,live,live,0.96,0.4471,0.4201,0.8672,0.2922,0.2761,0.5682,0.5542,0.4458,0.2155,0.7845,,,NRFI,LEAN,LEAN NRFI,4,2026-07-12T16:02:15Z,3.483,4.206,1.133,1.24,3.676,4.02,2.77,2.88,1.0,1.15,8.91,8.78,0.315,0.306,0.391,0.385,4.162,4.176,25.4,14.1,43.0,0.0,0.0,0.8,0.0,0.8,0.3652,0.3345,0.4731,0.4352,0.2055,0.1627,lineup,lineup,"[{""id"": 805999, ""name"": ""A.J. Ewing"", ""bats"": ""L"", ""obp"": 0.35185185185185186, ""slg"": 0.4375, ""iso"": 0.16145833333333331, ""ab"": 192}, {""id"": 665742, ""name"": ""Juan Soto"", ""bats"": ""L"", ""obp"": 0.41033434650455924, ""slg"": 0.5698529411764706, ""iso"": 0.275735294117647, ""ab"": 272}, {""id"": 596019, ""name"": ""Francisco Lindor"", ""bats"": ""S"", ""obp"": 0.2934131736526946, ""slg"": 0.3422818791946309, ""iso"": 0.1342281879194631, ""ab"": 149}]","[{""id"": 678011, ""name"": ""Anthony Seigler"", ""bats"": ""S"", ""obp"": 0.35443037974683544, ""slg"": 0.44285714285714284, ""iso"": 0.17142857142857143, ""ab"": 70}, {""id"": 678882, ""name"": ""Ceddanne Rafaela"", ""bats"": ""R"", ""obp"": 0.3296398891966759, ""slg"": 0.4362017804154303, ""iso"": 0.1543026706231454, ""ab"": 337}, {""id"": 677800, ""name"": ""Wilyer Abreu"", ""bats"": ""L"", ""obp"": 0.3350253807106599, ""slg"": 0.4326647564469914, ""iso"": 0.16905444126074504, ""ab"": 349}]","[{""name"": ""home_p_last10_pitcher_nrfi"", ""value"": 0.0, ""contribution"": -0.2798}, {""name"": ""away_top3_ops_vs_oppHand"", ""value"": 0.9157, ""contribution"": 0.1513}, {""name"": ""away_top3c_iso"", ""value"": 0.1627, ""contribution"": -0.1112}, {""name"": ""era_gap_t1"", ""value"": 0.7232, ""contribution"": 0.0789}, {""name"": ""home_p_last5_pitcher_nrfi"", ""value"": 0.0, ""contribution"": -0.041}]","[{""name"": ""away_whiff_pct_rank"", ""value"": 100.0, ""contribution"": -0.2163}, {""name"": ""home_top3c_slg"", ""value"": 0.4731, ""contribution"": -0.2031}, {""name"": ""home_top3c_iso"", ""value"": 0.2055, ""contribution"": 0.1253}, {""name"": ""home_top3c_obp"", ""value"": 0.3652, ""contribution"": 0.0873}, {""name"": ""home_obp"", ""value"": 0.3056, ""contribution"": -0.0572}]",575629,0.4774,4.2,3.327,50.0,100.0,0.7136,0.7136,5.17,5.4,0.9157,0.727,L,L,YRFI,LOSS,0,1,1,2026-07-12T17:57:43+00:00,-125,+100,DraftKings,2026-07-12T17:52:39+00:00,0.5556,0.5,-0.0014,-0.0542,-0.0014,N,0.5,0,-125,-105,2026-07-12T16:38:12+00:00,0,0.5651,NRFI,STRONG,,,,,,,
2026-07-12,2026,822876,1,N,HOU,TEX,2:35 PM ET,Cristian Javier,MacKenzie Gore,664299,669022,ltd,live,live,live,1.07,0.5366,0.6909,1.2275,0.2407,0.3745,0.6152,0.5479,0.4521,0.3473,0.6527,,,NRFI,LEAN,LEAN NRFI,4,2026-07-12T17:06:36Z,5.682,4.564,1.497,1.321,4.964,3.667,4.49,3.58,1.33,1.02,7.99,10.05,0.315,0.319,0.412,0.398,4.567,4.186,,,,1.0,0.6,0.6,0.6,0.6,0.3447,0.3801,0.4629,0.5081,0.1923,0.2211,lineup,lineup,"[{""id"": 679822, ""name"": ""Justin Foscue"", ""bats"": ""R"", ""obp"": 0.35344827586206895, ""slg"": 0.5533980582524272, ""iso"": 0.27184466019417475, ""ab"": 103}, {""id"": 694671, ""name"": ""Wyatt Langford"", ""bats"": ""R"", ""obp"": 0.3279569892473118, ""slg"": 0.5028901734104047, ""iso"": 0.22543352601156075, ""ab"": 173}, {""id"": 673962, ""name"": ""Josh Jung"", ""bats"": ""R"", ""obp"": 0.3611859838274933, ""slg"": 0.4444444444444444, ""iso"": 0.15015015015015015, ""ab"": 333}]","[{""id"": 665161, ""name"": ""Jeremy Pe\u00f1a"", ""bats"": ""R"", ""obp"": 0.35545023696682465, ""slg"": 0.43455497382198954, ""iso"": 0.14136125654450266, ""ab"": 191}, {""id"": 670541, ""name"": ""Yordan Alvarez"", ""bats"": ""L"", ""obp"": 0.42168674698795183, ""slg"": 0.6329479768786127, ""iso"": 0.3179190751445087, ""ab"": 346}, {""id"": 670623, ""name"": ""Isaac Paredes"", ""bats"": ""R"", ""obp"": 0.3482849604221636, ""slg"": 0.41896024464831805, ""iso"": 0.1651376146788991, ""ab"": 327}]","[{""name"": ""away_top3c_slg"", ""value"": 0.5081, ""contribution"": -0.3436}, {""name"": ""away_top3c_iso"", ""value"": 0.2211, ""contribution"": 0.2999}, {""name"": ""fi_park_nrfi_rate"", ""value"": 0.5398, ""contribution"": -0.1451}, {""name"": ""era_gap_t1"", ""value"": -1.1176, ""contribution"": -0.1204}, {""name"": ""away_top3_ops_vs_oppHand"", ""value"": 0.827, ""contribution"": 0.0609}]","[{""name"": ""fi_park_nrfi_rate"", ""value"": 0.5398, ""contribution"": -0.2231}, {""name"": ""home_top3c_slg"", ""value"": 0.4629, ""contribution"": -0.1396}, {""name"": ""away_fip"", ""value"": 4.964, ""contribution"": 0.1043}, {""name"": ""away_whiff_pct_rank"", ""value"": 27.0, ""contribution"": 0.0988}, {""name"": ""wx_is_dome"", ""value"": 1.0, ""contribution"": -0.0758}]",482641,0.4806,4.532,3.582,75.0,27.0,0.6942,0.7412,6.0,4.0,0.827,0.8017,R,L,NRFI,WIN,0,0,0,2026-07-12T19:00:04+00:00,+100,-130,DraftKings,2026-07-12T19:07:59+00:00,0.5,0.5652,0.0479,-0.1131,0.0479,N,0.5,0,+100,-130,2026-07-12T17:31:04+00:00,0,0.5981,NRFI,STRONG,,,,,,,
2026-07-12,2026,822708,1,N,NYY,WSH,1:35 PM ET,Will Warren,Cade Cavalli,701542,676917,live,live,live,live,0.97,0.4617,0.5492,1.0109,0.381,0.4736,0.8545,0.4064,0.5936,0.2682,0.7318,,,YRFI,STRONG,STRONG YRFI,4,2026-07-12T16:02:15Z,4.237,3.977,1.37,1.37,4.044,3.443,3.18,2.98,1.25,0.92,9.21,9.64,0.317,0.324,0.423,0.43,4.768,5.23,27.2,13.0,63.0,0.0,0.6,0.8,0.6,0.8,0.3695,0.345,0.5629,0.5049,0.2814,0.2469,lineup,lineup,"[{""id"": 695578, ""name"": ""James Wood"", ""bats"": ""L"", ""obp"": 0.4066666666666667, ""slg"": 0.5667574931880109, ""iso"": 0.28882833787465945, ""ab"": 367}, {""id"": 665953, ""name"": ""Andr\u00e9s Chaparro"", ""bats"": ""R"", ""obp"": 0.3125, ""slg"": 0.2830188679245283, ""iso"": 0.11320754716981132, ""ab"": 53}, {""id"": 678554, ""name"": ""Curtis Mead"", ""bats"": ""R"", ""obp"": 0.3401360544217687, ""slg"": 0.490272373540856, ""iso"": 0.245136186770428, ""ab"": 257}]","[{""id"": 663757, ""name"": ""Trent Grisham"", ""bats"": ""L"", ""obp"": 0.3377926421404682, ""slg"": 0.42578125, ""iso"": 0.1875, ""ab"": 256}, {""id"": 645305, ""name"": ""Ali S\u00e1nchez"", ""bats"": ""R"", ""obp"": 0.2857142857142857, ""slg"": 0.3125, ""iso"": 0.0625, ""ab"": 32}, {""id"": 691176, ""name"": ""Jasson Dom\u00ednguez"", ""bats"": ""S"", ""obp"": 0.2814814814814815, ""slg"": 0.421875, ""iso"": 0.1796875, ""ab"": 128}]","[{""name"": ""away_top3c_iso"", ""value"": 0.2469, ""contribution"": 0.4816}, {""name"": ""away_top3c_slg"", ""value"": 0.5049, ""contribution"": -0.3273}, {""name"": ""fi_park_nrfi_rate"", ""value"": 0.4761, ""contribution"": 0.0751}, {""name"": ""away_top3_ops_vs_oppHand"", ""value"": 0.84, ""contribution"": 0.0742}, {""name"": ""home_fip"", ""value"": 3.443, ""contribution"": -0.0601}]","[{""name"": ""home_top3c_slg"", ""value"": 0.5629, ""contribution"": -0.7608}, {""name"": ""home_top3c_iso"", ""value"": 0.2814, ""contribution"": 0.4835}, {""name"": ""home_top3_ops_vs_oppHand"", ""value"": 0.88, ""contribution"": 0.1395}, {""name"": ""fi_park_nrfi_rate"", ""value"": 0.4761, ""contribution"": 0.1154}, {""name"": ""home_top3c_obp"", ""value"": 0.3695, ""contribution"": 0.1023}]",482663,0.5317,4.101,4.345,80.0,39.0,0.6796,0.7136,4.6,4.93,0.84,0.88,R,R,YRFI,WIN,0,1,1,2026-07-12T17:51:26+00:00,+100,-130,DraftKings,2026-07-12T16:38:12+00:00,0.5,0.5652,-0.0936,0.0284,0.0284,Y,1,0.769,+100,-130,2026-07-12T16:32:31+00:00,0,0.4144,YRFI,STRONG,,,,,,,
2026-07-12,2026,824491,1,N,CHC,CIN,1:40 PM ET,Matthew Boyd,Andrew Abbott,571510,671096,live,live,live,live,1.09,0.6747,0.4659,1.1406,0.3436,0.4805,0.8241,0.4269,0.5731,0.3158,0.6842,,,PASS,LOW LAMBDA,PASS - Low lambda,4,2026-07-12T17:06:36Z,3.754,3.622,1.199,1.336,3.413,4.647,2.43,3.53,0.94,1.31,8.91,7.46,0.333,0.311,0.41,0.396,4.941,4.206,28.2,6.9,67.0,0.0,0.4,0.6,0.5,0.7,0.3376,0.3555,0.4638,0.4464,0.2056,0.1819,lineup,lineup,"[{""id"": 682829, ""name"": ""Elly De La Cruz"", ""bats"": ""S"", ""obp"": 0.3492537313432836, ""slg"": 0.4966442953020134, ""iso"": 0.2214765100671141, ""ab"": 298}, {""id"": 701398, ""name"": ""Sal Stewart"", ""bats"": ""R"", ""obp"": 0.3374083129584352, ""slg"": 0.4735376044568245, ""iso"": 0.21727019498607242, ""ab"": 359}, {""id"": 668715, ""name"": ""Spencer Steer"", ""bats"": ""R"", ""obp"": 0.32670454545454547, ""slg"": 0.4212218649517685, ""iso"": 0.17684887459807075, ""ab"": 311}]","[{""id"": 691718, ""name"": ""Pete Crow-Armstrong"", ""bats"": ""L"", ""obp"": 0.38349514563106796, ""slg"": 0.532394366197183, ""iso"": 0.24225352112676052, ""ab"": 355}, {""id"": 673548, ""name"": ""Seiya Suzuki"", ""bats"": ""R"", ""obp"": 0.34911242603550297, ""slg"": 0.468013468013468, ""iso"": 0.19865319865319864, ""ab"": 297}, {""id"": 608324, ""name"": ""Alex Bregman"", ""bats"": ""R"", ""obp"": 0.3333333333333333, ""slg"": 0.3452054794520548, ""iso"": 0.10958904109589043, ""ab"": 365}]","[{""name"": ""home_p_last10_pitcher_nrfi"", ""value"": 0.5, ""contribution"": -0.0846}, {""name"": ""home_fip"", ""value"": 4.6469, ""contribution"": 0.075}, {""name"": ""away_top3_ops_vs_oppHand"", ""value"": 0.8233, ""contribution"": 0.0572}, {""name"": ""wx_temp_c"", ""value"": 28.2, ""contribution"": 0.0416}, {""name"": ""home_xera"", ""value"": 3.7838, ""contribution"": -0.034}]","[{""name"": ""home_top3_ops_vs_oppHand"", ""value"": 1.0123, ""contribution"": 0.2979}, {""name"": ""home_top3c_slg"", ""value"": 0.4638, ""contribution"": -0.1457}, {""name"": ""home_top3c_iso"", ""value"": 0.2056, ""contribution"": 0.1254}, {""name"": ""away_fip"", ""value"": 3.4132, ""contribution"": -0.0614}, {""name"": ""wx_temp_c"", ""value"": 28.2, ""contribution"": 0.058}]",623945,0.5123,3.784,3.564,43.0,41.0,0.7709,0.6796,5.27,5.13,0.8233,1.0123,L,L,YRFI,PASS,2,0,2,2026-07-12T18:09:08+00:00,-105,-125,DraftKings,2026-07-12T17:52:39+00:00,0.5122,0.5556,-0.0805,0.0127,,N,,,-105,-125,2026-07-12T17:36:23+00:00,,0.4877,PASS,NO EDGE,,,,,,,
2026-07-12,2026,823199,1,N,COL,SF,4:05 PM ET,Michael Lorenzen,Trevor McDonald,547179,686790,live,ltd,live,live,0.94,0.468,0.5679,1.0359,0.3704,0.3932,0.7636,0.4772,0.5228,0.2775,0.7225,,,PASS,NO EDGE,PASS - No edge,4,2026-07-12T19:07:16Z,5.908,4.939,1.644,1.332,4.717,3.862,3.14,3.0,1.44,0.94,7.36,8.07,0.326,0.31,0.419,0.419,4.754,4.177,21.8,22.3,50.0,0.0,0.6,0.2,0.7,0.6,0.3329,0.3323,0.4783,0.5399,0.18,0.2638,lineup,lineup,"[{""id"": 671218, ""name"": ""Heliot Ramos"", ""bats"": ""R"", ""obp"": 0.30735930735930733, ""slg"": 0.46788990825688076, ""iso"": 0.1972477064220184, ""ab"": 218}, {""id"": 650333, ""name"": ""Luis Arraez"", ""bats"": ""L"", ""obp"": 0.36989795918367346, ""slg"": 0.46368715083798884, ""iso"": 0.13128491620111732, ""ab"": 358}, {""id"": 669477, ""name"": ""Casey Schmitt"", ""bats"": ""R"", ""obp"": 0.3087431693989071, ""slg"": 0.5, ""iso"": 0.21965317919075145, ""ab"": 346}]","[{""id"": 664983, ""name"": ""Jake McCarthy"", ""bats"": ""L"", ""obp"": 0.34448160535117056, ""slg"": 0.5072463768115942, ""iso"": 0.2065217391304348, ""ab"": 276}, {""id"": 666160, ""name"": ""Mickey Moniak"", ""bats"": ""L"", ""obp"": 0.33183856502242154, ""slg"": 0.5853658536585366, ""iso"": 0.3024390243902439, ""ab"": 205}, {""id"": 696100, ""name"": ""Hunter Goodman"", ""bats"": ""R"", ""obp"": 0.3225806451612903, ""slg"": 0.5389221556886228, ""iso"": 0.28742514970059885, ""ab"": 334}]","[{""name"": ""away_top3c_iso"", ""value"": 0.2638, ""contribution"": 0.6009}, {""name"": ""away_top3c_slg"", ""value"": 0.5399, ""contribution"": -0.5045}, {""name"": ""away_top3_ops_vs_oppHand"", ""value"": 0.8807, ""contribution"": 0.1156}, {""name"": ""era_gap_t1"", ""value"": -0.9692, ""contribution"": -0.1043}, {""name"": ""wx_wind_kmh"", ""value"": 22.3, ""contribution"": 0.0481}]","[{""name"": ""home_top3c_slg"", ""value"": 0.4783, ""contribution"": -0.2355}, {""name"": ""wx_wind_kmh"", ""value"": 22.3, ""contribution"": 0.1137}, {""name"": ""away_fip"", ""value"": 4.7168, ""contribution"": 0.0779}, {""name"": ""era_gap_b1"", ""value"": 0.9692, ""contribution"": 0.0656}, {""name"": ""away_whiff_pct_rank"", ""value"": 38.0, ""contribution"": 0.0513}]",691042,0.5084,4.2,4.664,50.0,38.0,0.7272,0.678,4.07,5.27,0.8807,0.7873,R,R,YRFI,PASS,1,0,1,2026-07-12T20:26:37+00:00,-105,-125,DraftKings,2026-07-12T20:00:21+00:00,0.5122,0.5556,-0.039,-0.0288,,N,,,-105,-125,2026-07-12T20:00:21+00:00,,0.4294,YRFI,STRONG,,,,,,,
2026-07-12,2026,823358,1,N,MIL,PIT,12:15 PM ET,Robert Gasser,Paul Skenes,688107,694973,ltd,live,live,live,0.96,0.3623,0.5779,0.9402,0.2127,0.483,0.6956,0.4795,0.5205,0.2423,0.7577,,,PASS,NO EDGE,PASS - No edge,4,2026-07-12T16:02:15Z,4.16,3.13,1.219,1.015,4.477,2.749,2.93,2.01,1.45,0.84,8.54,10.65,0.334,0.337,0.399,0.421,5.014,5.131,28.9,12.9,53.0,0.0,0.6,0.4,0.7,0.6,0.3591,0.3435,0.459,0.4464,0.1836,0.1826,lineup,lineup,"[{""id"": 663968, ""name"": ""Jake Mangum"", ""bats"": ""S"", ""obp"": 0.363265306122449, ""slg"": 0.38222222222222224, ""iso"": 0.07111111111111112, ""ab"": 225}, {""id"": 682997, ""name"": ""Tyler Callihan"", ""bats"": ""L"", ""obp"": 0.32954545454545453, ""slg"": 0.45454545454545453, ""iso"": 0.20779220779220778, ""ab"": 77}, {""id"": 694378, ""name"": ""Jacob Gonzalez"", ""bats"": ""L"", ""obp"": 0.3229166666666667, ""slg"": 0.36046511627906974, ""iso"": 0.11627906976744184, ""ab"": 86}]","[{""id"": 800325, ""name"": ""Luis Lara"", ""bats"": ""S"", ""obp"": 0.4117647058823529, ""slg"": 0.35714285714285715, ""iso"": 0.07142857142857145, ""ab"": 14}, {""id"": 694192, ""name"": ""Jackson Chourio"", ""bats"": ""R"", ""obp"": 0.3345323741007194, ""slg"": 0.49609375, ""iso"": 0.21484375, ""ab"": 256}, {""id"": 668930, ""name"": ""Brice Turang"", ""bats"": ""L"", ""obp"": 0.3594132029339853, ""slg"": 0.4576271186440678, ""iso"": 0.192090395480226, ""ab"": 354}]","[{""name"": ""home_xera"", ""value"": 2.0935, ""contribution"": -0.2072}, {""name"": ""home_fip"", ""value"": 2.7487, ""contribution"": -0.1381}, {""name"": ""era_gap_t1"", ""value"": -1.03, ""contribution"": -0.1109}, {""name"": ""fi_park_nrfi_rate"", ""value"": 0.5188, ""contribution"": -0.0724}, {""name"": ""wx_temp_c"", ""value"": 28.9, ""contribution"": 0.0458}]","[{""name"": ""home_obp"", ""value"": 0.3368, ""contribution"": 0.1607}, {""name"": ""home_top3c_slg"", ""value"": 0.459, ""contribution"": -0.1154}, {""name"": ""fi_park_nrfi_rate"", ""value"": 0.5188, ""contribution"": -0.1113}, {""name"": ""era_gap_b1"", ""value"": 1.03, ""contribution"": 0.0697}, {""name"": ""home_top3c_obp"", ""value"": 0.3591, ""contribution"": 0.066}]",427315,0.5564,2.094,4.2,86.0,50.0,0.6942,0.7272,5.4,6.0,0.8043,0.7587,L,R,NRFI,PASS,0,0,0,2026-07-12T16:30:44+00:00,-140,+105,DraftKings,2026-07-12T16:48:56+00:00,0.5833,0.4878,-0.1038,0.0327,-0.0354,N,0.5,,-140,+105,2026-07-12T16:11:14+00:00,0,0.4817,PASS,NO EDGE,,,,,,,
2026-07-12,2026,823681,1,N,LAA,MIN,2:10 PM ET,José Soriano,Taj Bradley,667755,671737,live,live,live,live,0.97,0.5004,0.5559,1.0563,0.3395,0.3672,0.7067,0.4787,0.5213,0.2849,0.7151,,,PASS,NO EDGE,PASS - No edge,4,2026-07-12T18:00:13Z,3.636,4.078,1.313,1.246,3.911,4.001,4.28,3.58,0.91,1.22,9.31,9.83,0.315,0.322,0.395,0.415,4.464,4.815,34.3,14.2,40.0,0.0,0.8,1.0,0.5,0.7,0.3512,0.3521,0.4531,0.4435,0.1832,0.197,lineup,lineup,"[{""id"": 668885, ""name"": ""Austin Martin"", ""bats"": ""R"", ""obp"": 0.3602941176470588, ""slg"": 0.32751091703056767, ""iso"": 0.07860262008733623, ""ab"": 229}, {""id"": 680777, ""name"": ""Ryan Jeffers"", ""bats"": ""R"", ""obp"": 0.40789473684210525, ""slg"": 0.5396825396825397, ""iso"": 0.246031746031746, ""ab"": 126}, {""id"": 605137, ""name"": ""Josh Bell"", ""bats"": ""S"", ""obp"": 0.30727762803234504, ""slg"": 0.4323529411764706, ""iso"": 0.1823529411764706, ""ab"": 340}]","[{""id"": 687263, ""name"": ""Zach Neto"", ""bats"": ""R"", ""obp"": 0.32935560859188545, ""slg"": 0.45776566757493187, ""iso"": 0.220708446866485, ""ab"": 367}, {""id"": 545361, ""name"": ""Mike Trout"", ""bats"": ""R"", ""obp"": 0.38857142857142857, ""slg"": 0.4731182795698925, ""iso"": 0.24014336917562726, ""ab"": 279}, {""id"": 694384, ""name"": ""Nolan Schanuel"", ""bats"": ""L"", ""obp"": 0.34177215189873417, ""slg"": 0.3957597173144876, ""iso"": 0.12367491166077738, ""ab"": 283}]","[{""name"": ""away_top3c_iso"", ""value"": 0.197, ""contribution"": 0.1303}, {""name"": ""fi_park_nrfi_rate"", ""value"": 0.5348, ""contribution"": -0.1278}, {""name"": ""home_p_last10_pitcher_nrfi"", ""value"": 0.5, ""contribution"": -0.0846}, {""name"": ""wx_temp_c"", ""value"": 34.3, ""contribution"": 0.0781}, {""name"": ""era_gap_t1"", ""value"": 0.4419, ""contribution"": 0.0485}]","[{""name"": ""fi_park_nrfi_rate"", ""value"": 0.5348, ""contribution"": -0.1964}, {""name"": ""wx_temp_c"", ""value"": 34.3, ""contribution"": 0.109}, {""name"": ""home_top3_ops_vs_oppHand"", ""value"": 0.846, ""contribution"": 0.0988}, {""name"": ""away_whiff_pct_rank"", ""value"": 71.0, ""contribution"": -0.0911}, {""name"": ""home_top3c_slg"", ""value"": 0.4531, ""contribution"": -0.0792}]",427113,0.5139,4.08,3.855,52.0,71.0,0.7272,0.7136,6.13,4.8,0.7953,0.846,R,R,NRFI,PASS,0,0,0,2026-07-12T18:21:42+00:00,-105,-125,DraftKings,2026-07-12T19:07:59+00:00,0.5122,0.5556,-0.0335,-0.0343,,N,,,-105,-125,2026-07-12T18:08:57+00:00,,0.4877,PASS,NO EDGE,,,,,,,
2026-07-16,2026,823440,1,N,NYM,PHI,6:10 PM ET,Christian Scott,Aaron Nola,681035,605400,ltd,live,live,live,1.04,0.5434,0.5546,1.098,0.4671,0.4001,0.8672,0.4064,0.5936,0.3002,0.6998,,,YRFI,STRONG,STRONG YRFI,4,2026-07-16T21:08:15Z,3.596,5.71,1.283,1.401,4.045,4.679,3.74,2.83,1.19,1.78,9.95,9.38,0.305,0.305,0.384,0.399,4.156,4.388,31.3,12.4,70.0,0.0,0.4,0.8,0.7,0.8,0.3387,0.3479,0.4666,0.4507,0.2171,0.1796,lineup,lineup,"[{""id"": 607208, ""name"": ""Trea Turner"", ""bats"": ""R"", ""obp"": 0.28433734939759037, ""slg"": 0.3549222797927461, ""iso"": 0.11917098445595853, ""ab"": 386}, {""id"": 656941, ""name"": ""Kyle Schwarber"", ""bats"": ""L"", ""obp"": 0.3671497584541063, ""slg"": 0.56, ""iso"": 0.30571428571428577, ""ab"": 350}, {""id"": 547180, ""name"": ""Bryce Harper"", ""bats"": ""L"", ""obp"": 0.36519607843137253, ""slg"": 0.49707602339181284, ""iso"": 0.23684210526315785, ""ab"": 342}]","[{""id"": 805999, ""name"": ""A.J. Ewing"", ""bats"": ""L"", ""obp"": 0.35, ""slg"": 0.4387755102040816, ""iso"": 0.163265306122449, ""ab"": 196}, {""id"": 621438, ""name"": ""Tyrone Taylor"", ""bats"": ""R"", ""obp"": 0.248, ""slg"": 0.4166666666666667, ""iso"": 0.2, ""ab"": 120}, {""id"": 666182, ""name"": ""Bo Bichette"", ""bats"": ""R"", ""obp"": 0.30024213075060535, ""slg"": 0.3763157894736842, ""iso"": 0.12105263157894736, ""ab"": 380}]","[{""name"": ""era_gap_t1"", ""value"": 2.1144, ""contribution"": 0.2296}, {""name"": ""fi_park_nrfi_rate"", ""value"": 0.473, ""contribution"": 0.0859}, {""name"": ""home_fip"", ""value"": 4.6785, ""contribution"": 0.0786}, {""name"": ""away_top3_ops_vs_oppHand"", ""value"": 0.8377, ""contribution"": 0.0718}, {""name"": ""wx_temp_c"", ""value"": 31.3, ""contribution"": 0.0601}]","[{""name"": ""home_top3c_iso"", ""value"": 0.2171, ""contribution"": 0.1797}, {""name"": ""home_top3c_slg"", ""value"": 0.4666, ""contribution"": -0.1628}, {""name"": ""era_gap_b1"", ""value"": -2.1144, ""contribution"": -0.1443}, {""name"": ""fi_park_nrfi_rate"", ""value"": 0.473, ""contribution"": 0.1321}, {""name"": ""home_top3_ops_vs_oppHand"", ""value"": 0.861, ""contribution"": 0.1168}]",427248,0.5131,4.083,8.043,59.0,50.0,0.7091,0.7136,5.27,4.73,0.8377,0.861,R,R,NRFI,LOSS,0,0,0,2026-07-16T22:25:48+00:00,+105,-135,DraftKings,2026-07-16T21:33:49+00:00,0.4878,0.5745,-0.0814,0.0191,0.0191,Y,1,-1,+100,-130,2026-07-16T19:54:48+00:00,0.0093,0.3996,YRFI,STRONG,,,,,,,
2026-07-17,2026,824332,1,N,CIN,COL,8:40 PM ET,Brady Singer,Gabriel Hughes,663903,687312,live,sm,live,live,1.22,0.547,0.7927,1.3397,0.3515,0.7348,1.0863,0.3219,0.6781,0.3872,0.6128,,,YRFI,STRONG,STRONG YRFI,4,2026-07-17T23:35:57Z,4.506,3.955,1.399,1.212,4.971,3.854,3.15,2.94,1.71,0.99,7.98,8.61,0.311,0.325,0.395,0.417,4.205,4.721,33.5,18.2,19.0,0.0,0.0,0.8,0.0,0.6,0.3323,0.3443,0.54,0.4857,0.2639,0.2274,lineup,lineup,"[{""id"": 664983, ""name"": ""Jake McCarthy"", ""bats"": ""L"", ""obp"": 0.3465346534653465, ""slg"": 0.5161290322580645, ""iso"": 0.2150537634408602, ""ab"": 279}, {""id"": 694249, ""name"": ""Cole Carrigg"", ""bats"": ""S"", ""obp"": 0.3559322033898305, ""slg"": 0.5151515151515151, ""iso"": 0.24242424242424243, ""ab"": 99}, {""id"": 696100, ""name"": ""Hunter Goodman"", ""bats"": ""R"", ""obp"": 0.324468085106383, ""slg"": 0.5384615384615384, ""iso"": 0.2840236686390532, ""ab"": 338}]","[{""id"": 682829, ""name"": ""Elly De La Cruz"", ""bats"": ""S"", ""obp"": 0.34705882352941175, ""slg"": 0.49174917491749176, ""iso"": 0.21782178217821785, ""ab"": 303}, {""id"": 682622, ""name"": ""Noelvi Marte"", ""bats"": ""R"", ""obp"": 0.24817518248175183, ""slg"": 0.375, ""iso"": 0.1796875, ""ab"": 128}, {""id"": 667472, ""name"": ""Dane Myers"", ""bats"": ""R"", ""obp"": 0.35766423357664234, ""slg"": 0.38461538461538464, ""iso"": 0.12820512820512825, ""ab"": 117}]","[{""name"": ""away_top3c_iso"", ""value"": 0.2274, ""contribution"": 0.3443}, {""name"": ""home_p_last10_pitcher_nrfi"", ""value"": 0.0, ""contribution"": -0.2798}, {""name"": ""fi_park_nrfi_rate"", ""value"": 0.4241, ""contribution"": 0.2547}, {""name"": ""away_top3c_slg"", ""value"": 0.4857, ""contribution"": -0.2299}, {""name"": ""wx_temp_c"", ""value"": 33.5, ""contribution"": 0.0733}]","[{""name"": ""home_top3c_slg"", ""value"": 0.54, ""contribution"": -0.6184}, {""name"": ""home_top3c_iso"", ""value"": 0.2639, ""contribution"": 0.4008}, {""name"": ""fi_park_nrfi_rate"", ""value"": 0.4241, ""contribution"": 0.3916}, {""name"": ""home_top3_ops_vs_oppHand"", ""value"": 0.8787, ""contribution"": 0.1379}, {""name"": ""away_fip"", ""value"": 4.9705, ""contribution"": 0.105}]",596740,0.574,4.2,4.422,50.0,32.0,0.7136,0.7272,6.0,5.73,0.798,0.8787,R,R,YRFI,WIN,1,0,1,2026-07-18T00:56:22+00:00,+135,-175,DraftKings,2026-07-18T00:08:59+00:00,0.4255,0.6364,-0.1036,0.0417,0.0417,Y,1,0.571,+135,-175,2026-07-17T23:36:13+00:00,0,0.4144,YRFI,STRONG,,,,,,,
2026-07-17,2026,823524,1,N,LAD,NYY,7:05 PM ET,Roki Sasaki,Gerrit Cole,808963,543037,live,ltd,live,live,1.02,0.5307,0.6787,1.2094,0.3927,0.5541,0.9469,0.4024,0.5976,0.3408,0.6592,,,YRFI,STRONG,STRONG YRFI,4,2026-07-17T21:45:08Z,4.975,4.098,1.344,1.227,5.227,4.136,3.68,2.43,1.84,1.35,8.67,8.69,0.339,0.317,0.43,0.422,5.121,4.77,30.7,10.2,22.0,0.0,0.4,0.6,0.6667,0.7,0.3455,0.3713,0.5132,0.5014,0.2536,0.2176,lineup,lineup,"[{""id"": 663757, ""name"": ""Trent Grisham"", ""bats"": ""L"", ""obp"": 0.33663366336633666, ""slg"": 0.42084942084942084, ""iso"": 0.18532818532818532, ""ab"": 259}, {""id"": 700250, ""name"": ""Ben Rice"", ""bats"": ""L"", ""obp"": 0.3717948717948718, ""slg"": 0.599406528189911, ""iso"": 0.32047477744807124, ""ab"": 337}, {""id"": 645305, ""name"": ""Ali S\u00e1nchez"", ""bats"": ""R"", ""obp"": 0.2857142857142857, ""slg"": 0.3125, ""iso"": 0.0625, ""ab"": 32}]","[{""id"": 660271, ""name"": ""Shohei Ohtani"", ""bats"": ""L"", ""obp"": 0.4034653465346535, ""slg"": 0.5492537313432836, ""iso"": 0.25671641791044775, ""ab"": 335}, {""id"": 681624, ""name"": ""Andy Pages"", ""bats"": ""R"", ""obp"": 0.3357664233576642, ""slg"": 0.4713896457765668, ""iso"": 0.20163487738419622, ""ab"": 367}, {""id"": 518692, ""name"": ""Freddie Freeman"", ""bats"": ""L"", ""obp"": 0.375, ""slg"": 0.48732394366197185, ""iso"": 0.1971830985915493, ""ab"": 355}]","[{""name"": ""away_top3c_slg"", ""value"": 0.5014, ""contribution"": -0.3097}, {""name"": ""away_top3c_iso"", ""value"": 0.2176, ""contribution"": 0.2754}, {""name"": ""fi_park_nrfi_rate"", ""value"": 0.4526, ""contribution"": 0.1563}, {""name"": ""away_top3_ops_vs_oppHand"", ""value"": 0.8917, ""contribution"": 0.1268}, {""name"": ""era_gap_t1"", ""value"": -0.8769, ""contribution"": -0.0943}]","[{""name"": ""home_top3c_slg"", ""value"": 0.5132, ""contribution"": -0.452}, {""name"": ""home_top3c_iso"", ""value"": 0.2536, ""contribution"": 0.3521}, {""name"": ""fi_park_nrfi_rate"", ""value"": 0.4526, ""contribution"": 0.2403}, {""name"": ""away_fip"", ""value"": 5.2269, ""contribution"": 0.1324}, {""name"": ""wx_temp_c"", ""value"": 30.7, ""contribution"": 0.0789}]",608093,0.5118,4.2,5.909,50.0,53.0,0.7272,0.7136,5.4,4.6,0.8917,0.8037,R,R,NRFI,LOSS,0,0,0,2026-07-17T23:21:48+00:00,+105,-135,DraftKings,2026-07-17T21:59:06+00:00,0.4878,0.5745,-0.0854,0.0231,0.0231,Y,1,-1,+105,-135,2026-07-17T21:59:06+00:00,0,0.4016,YRFI,STRONG,,,,,,,
2026-07-17,2026,824009,1,N,DET,LAA,9:38 PM ET,Troy Melton,Reid Detmers,675512,672282,ltd,live,live,live,0.99,0.4327,0.4649,0.8976,0.3903,0.4918,0.8822,0.4064,0.5936,0.2266,0.7734,,,YRFI,STRONG,STRONG YRFI,4,2026-07-18T00:35:53Z,2.637,4.301,0.97,1.178,4.204,3.436,2.44,3.01,1.28,1.0,7.8,10.21,0.314,0.315,0.399,0.394,4.275,4.442,28.8,16.7,52.0,0.0,0.6,0.6,0.7,0.7,0.3519,0.3349,0.4421,0.4294,0.1945,0.1742,lineup,lineup,"[{""id"": 687263, ""name"": ""Zach Neto"", ""bats"": ""R"", ""obp"": 0.3262411347517731, ""slg"": 0.4528301886792453, ""iso"": 0.2183288409703504, ""ab"": 371}, {""id"": 545361, ""name"": ""Mike Trout"", ""bats"": ""R"", ""obp"": 0.3898305084745763, ""slg"": 0.4734982332155477, ""iso"": 0.23674911660777384, ""ab"": 283}, {""id"": 694384, ""name"": ""Nolan Schanuel"", ""bats"": ""L"", ""obp"": 0.34375, ""slg"": 0.397212543554007, ""iso"": 0.12195121951219512, ""ab"": 287}]","[{""id"": 663837, ""name"": ""Matt Vierling"", ""bats"": ""R"", ""obp"": 0.26053639846743293, ""slg"": 0.33613445378151263, ""iso"": 0.13025210084033617, ""ab"": 238}, {""id"": 805808, ""name"": ""Kevin McGonigle"", ""bats"": ""L"", ""obp"": 0.3922518159806295, ""slg"": 0.42, ""iso"": 0.13714285714285712, ""ab"": 350}, {""id"": 693307, ""name"": ""Dillon Dingler"", ""bats"": ""R"", ""obp"": 0.3231197771587744, ""slg"": 0.5076923076923077, ""iso"": 0.2461538461538461, ""ab"": 325}]","[{""name"": ""era_gap_t1"", ""value"": 1.6642, ""contribution"": 0.1808}, {""name"": ""fi_park_nrfi_rate"", ""value"": 0.4526, ""contribution"": 0.1563}, {""name"": ""home_xera"", ""value"": 3.1218, ""contribution"": -0.1018}, {""name"": ""home_fip"", ""value"": 3.4356, ""contribution"": -0.061}, {""name"": ""away_top3c_slg"", ""value"": 0.4294, ""contribution"": 0.0553}]","[{""name"": ""fi_park_nrfi_rate"", ""value"": 0.4526, ""contribution"": 0.2403}, {""name"": ""era_gap_b1"", ""value"": -1.6642, ""contribution"": -0.1136}, {""name"": ""home_plate_ump_nrfi_rate"", ""value"": 0.4205, ""contribution"": -0.084}, {""name"": ""home_top3c_iso"", ""value"": 0.1945, ""contribution"": 0.073}, {""name"": ""wx_temp_c"", ""value"": 28.8, ""contribution"": 0.063}]",504381,0.4205,3.122,4.2,65.0,50.0,0.7272,0.7136,5.53,5.73,0.7523,0.794,R,L,YRFI,WIN,0,1,1,2026-07-18T01:59:00+00:00,-130,+100,DraftKings,2026-07-18T00:39:18+00:00,0.5652,0.5,-0.1588,0.0936,0.0936,Y,1,1,-130,+100,2026-07-18T00:35:55+00:00,0,0.4877,PASS,NO EDGE,,,,,,,
2026-07-17,2026,824981,1,N,WSH,OAK,9:40 PM ET,Cade Cavalli,Gage Jump,676917,695611,live,ltd,live,live,0.93,0.4546,0.4385,0.8931,0.4653,0.4523,0.9176,0.4064,0.5936,0.225,0.775,,,YRFI,STRONG,STRONG YRFI,4,2026-07-18T00:35:53Z,3.938,3.809,1.35,1.276,3.383,3.668,2.92,2.86,0.88,0.96,9.55,8.87,0.323,0.32,0.431,0.401,5.21,4.41,19.7,16.2,67.0,0.0,0.8,0.6,0.7778,0.6,0.3382,0.3767,0.4319,0.5235,0.1678,0.2654,lineup,lineup,"[{""id"": 666126, ""name"": ""Carlos Cortes"", ""bats"": ""L"", ""obp"": 0.3565217391304348, ""slg"": 0.43137254901960786, ""iso"": 0.1519607843137255, ""ab"": 204}, {""id"": 805779, ""name"": ""Jacob Wilson"", ""bats"": ""R"", ""obp"": 0.3135593220338983, ""slg"": 0.38839285714285715, ""iso"": 0.10714285714285715, ""ab"": 224}, {""id"": 691016, ""name"": ""Tyler Soderstrom"", ""bats"": ""L"", ""obp"": 0.34293948126801155, ""slg"": 0.46488294314381273, ""iso"": 0.22408026755852845, ""ab"": 299}]","[{""id"": 695578, ""name"": ""James Wood"", ""bats"": ""L"", ""obp"": 0.40969162995594716, ""slg"": 0.5745257452574526, ""iso"": 0.2953929539295393, ""ab"": 369}, {""id"": 678554, ""name"": ""Curtis Mead"", ""bats"": ""R"", ""obp"": 0.34121621621621623, ""slg"": 0.5019305019305019, ""iso"": 0.2548262548262548, ""ab"": 259}, {""id"": 665953, ""name"": ""Andr\u00e9s Chaparro"", ""bats"": ""R"", ""obp"": 0.3076923076923077, ""slg"": 0.2777777777777778, ""iso"": 0.11111111111111113, ""ab"": 54}]","[{""name"": ""away_top3c_iso"", ""value"": 0.2654, ""contribution"": 0.6121}, {""name"": ""away_top3c_slg"", ""value"": 0.5235, ""contribution"": -0.4214}, {""name"": ""fi_park_nrfi_rate"", ""value"": 0.4422, ""contribution"": 0.1922}, {""name"": ""home_fip"", ""value"": 3.6676, ""contribution"": -0.0349}, {""name"": ""away_top3_ops_vs_oppHand"", ""value"": 0.7933, ""contribution"": 0.0266}]","[{""name"": ""fi_park_nrfi_rate"", ""value"": 0.4422, ""contribution"": 0.2954}, {""name"": ""away_whiff_pct_rank"", ""value"": 80.0, ""contribution"": -0.1299}, {""name"": ""away_fip"", ""value"": 3.3831, ""contribution"": -0.0646}, {""name"": ""home_top3c_iso"", ""value"": 0.1678, ""contribution"": -0.0529}, {""name"": ""home_top3c_slg"", ""value"": 0.4319, ""contribution"": 0.0527}]",596805,0.4819,4.2,4.101,50.0,80.0,0.7136,0.7272,5.07,4.8,0.7933,0.7777,R,L,NRFI,LOSS,0,0,0,2026-07-18T01:54:47+00:00,+100,-135,DraftKings,2026-07-18T00:44:42+00:00,0.5,0.5745,-0.0936,0.0191,0.0191,Y,1,-1,+100,-135,2026-07-18T00:39:18+00:00,0,0.4066,YRFI,STRONG,,,,,,,
2026-07-17,2026,823766,1,N,MIA,MIL,7:40 PM ET,Sandy Alcantara,Logan Henderson,645261,701656,live,ltd,live,live,1.03,0.4357,0.5264,0.9622,0.1746,0.2697,0.4443,0.6918,0.3082,0.2503,0.7497,,,NRFI,LEAN,LEAN NRFI,4,2026-07-17T22:35:17Z,4.312,3.468,1.232,1.115,3.863,3.344,2.44,2.64,0.95,0.96,7.01,10.01,0.328,0.334,0.41,0.399,4.522,5.014,,,,1.0,0.8,0.8,0.9,0.8,0.344,0.3727,0.4506,0.4641,0.1858,0.1534,lineup,lineup,"[{""id"": 592885, ""name"": ""Christian Yelich"", ""bats"": ""L"", ""obp"": 0.32727272727272727, ""slg"": 0.3786008230452675, ""iso"": 0.13580246913580246, ""ab"": 243}, {""id"": 694192, ""name"": ""Jackson Chourio"", ""bats"": ""R"", ""obp"": 0.33568904593639576, ""slg"": 0.49808429118773945, ""iso"": 0.21455938697318006, ""ab"": 261}, {""id"": 668930, ""name"": ""Brice Turang"", ""bats"": ""L"", ""obp"": 0.36077481840193704, ""slg"": 0.4649859943977591, ""iso"": 0.1988795518207283, ""ab"": 357}]","[{""id"": 689414, ""name"": ""Liam Hicks"", ""bats"": ""L"", ""obp"": 0.36363636363636365, ""slg"": 0.45791245791245794, ""iso"": 0.16835016835016836, ""ab"": 297}, {""id"": 672640, ""name"": ""Otto Lopez"", ""bats"": ""R"", ""obp"": 0.36829268292682926, ""slg"": 0.5052631578947369, ""iso"": 0.1710526315789474, ""ab"": 380}, {""id"": 669364, ""name"": ""Xavier Edwards"", ""bats"": ""S"", ""obp"": 0.38480392156862747, ""slg"": 0.42492917847025496, ""iso"": 0.12181303116147307, ""ab"": 353}]","[{""name"": ""fi_park_nrfi_rate"", ""value"": 0.5899, ""contribution"": -0.3182}, {""name"": ""away_top3c_iso"", ""value"": 0.1534, ""contribution"": -0.1767}, {""name"": ""away_top3c_slg"", ""value"": 0.4641, ""contribution"": -0.1206}, {""name"": ""era_gap_t1"", ""value"": -0.8441, ""contribution"": -0.0908}, {""name"": ""home_p_last10_pitcher_nrfi"", ""value"": 0.9, ""contribution"": 0.0716}]","[{""name"": ""fi_park_nrfi_rate"", ""value"": 0.5899, ""contribution"": -0.4892}, {""name"": ""home_obp"", ""value"": 0.3342, ""contribution"": 0.1426}, {""name"": ""away_whiff_pct_rank"", ""value"": 28.0, ""contribution"": 0.0945}, {""name"": ""wx_is_dome"", ""value"": 1.0, ""contribution"": -0.0758}, {""name"": ""home_top3c_slg"", ""value"": 0.4506, ""contribution"": -0.0636}]",521051,0.4691,3.49,4.417,59.0,28.0,0.7136,0.7272,5.27,6.67,0.8357,0.811,R,R,NRFI,WIN,0,0,0,2026-07-17T23:54:24+00:00,-130,+100,DraftKings,2026-07-17T23:36:13+00:00,0.5652,0.5,0.1266,-0.1918,0.1266,N,0.5,0,-130,+100,2026-07-17T22:04:25+00:00,0,0.6536,NRFI,STRONG,,,,,,,
2026-07-17,2026,824090,1,N,SD,KC,8:10 PM ET,Michael King,Seth Lugo,650633,607625,live,live,live,live,0.96,0.5035,0.4581,0.9616,0.2715,0.2984,0.5698,0.5532,0.4468,0.2501,0.7499,,,NRFI,LEAN,LEAN NRFI,4,2026-07-17T23:06:19Z,3.495,4.446,1.17,1.391,4.02,4.605,3.45,3.07,0.98,1.4,8.05,7.52,0.304,0.315,0.375,0.398,4.023,4.272,32.0,19.9,47.0,0.0,0.2,0.8,0.3,0.8,0.3279,0.3118,0.4484,0.3527,0.1862,0.1115,lineup,lineup,"[{""id"": 695600, ""name"": ""Carter Jensen"", ""bats"": ""L"", ""obp"": 0.30346820809248554, ""slg"": 0.42071197411003236, ""iso"": 0.18446601941747573, ""ab"": 309}, {""id"": 677951, ""name"": ""Bobby Witt Jr."", ""bats"": ""R"", ""obp"": 0.3548387096774194, ""slg"": 0.46111111111111114, ""iso"": 0.17500000000000004, ""ab"": 360}, {""id"": 668942, ""name"": ""Josh Rojas"", ""bats"": ""L"", ""obp"": 0.22857142857142856, ""slg"": 0.35294117647058826, ""iso"": 0.1470588235294118, ""ab"": 34}]","[{""id"": 665487, ""name"": ""Fernando Tatis Jr."", ""bats"": ""R"", ""obp"": 0.3397590361445783, ""slg"": 0.3736559139784946, ""iso"": 0.09677419354838712, ""ab"": 372}, {""id"": 701538, ""name"": ""Jackson Merrill"", ""bats"": ""L"", ""obp"": 0.2776349614395887, ""slg"": 0.35, ""iso"": 0.13055555555555554, ""ab"": 360}, {""id"": 593428, ""name"": ""Xander Bogaerts"", ""bats"": ""R"", ""obp"": 0.3168044077134986, ""slg"": 0.3312302839116719, ""iso"": 0.10725552050473186, ""ab"": 317}]","[{""name"": ""away_top3c_iso"", ""value"": 0.1115, ""contribution"": -0.4716}, {""name"": ""away_top3c_slg"", ""value"": 0.3527, ""contribution"": 0.4435}, {""name"": ""fi_park_nrfi_rate"", ""value"": 0.5614, ""contribution"": -0.2197}, {""name"": ""home_p_last10_pitcher_nrfi"", ""value"": 0.3, ""contribution"": -0.1627}, {""name"": ""away_top3_ops_vs_oppHand"", ""value"": 0.6453, ""contribution"": -0.1242}]","[{""name"": ""fi_park_nrfi_rate"", ""value"": 0.5614, ""contribution"": -0.3377}, {""name"": ""wx_temp_c"", ""value"": 32.0, ""contribution"": 0.0897}, {""name"": ""wx_wind_kmh"", ""value"": 19.9, ""contribution"": 0.0885}, {""name"": ""era_gap_b1"", ""value"": -0.9511, ""contribution"": -0.0651}, {""name"": ""home_top3c_slg"", ""value"": 0.4484, ""contribution"": -0.0496}]",598411,0.5467,4.793,3.885,12.0,56.0,0.7272,0.7272,5.07,5.53,0.6453,0.7673,R,R,NRFI,WIN,0,0,0,2026-07-18T00:21:33+00:00,+105,-135,DraftKings,2026-07-18T00:30:16+00:00,0.4878,0.5745,0.0654,-0.1277,0.0654,N,0.5,0,+105,-135,2026-07-17T23:09:33+00:00,0,0.4877,PASS,NO EDGE,,,,,,,
2026-07-17,2026,824766,1,S,TB,BOS,1:35 PM ET,Griffin Jax,Jake Bennett,643377,687562,live,ltd,live,live,1.05,0.4366,0.5305,0.967,0.3268,0.3138,0.6407,0.5479,0.4521,0.2521,0.7479,,,NRFI,LEAN,LEAN NRFI,4,2026-07-17T16:16:09Z,3.736,3.342,1.246,1.087,4.06,3.581,3.1,2.17,1.37,0.86,9.94,7.63,0.332,0.314,0.402,0.39,4.518,4.151,28.5,12.6,22.0,0.0,1.0,0.8,1.0,0.7,0.3302,0.3881,0.4291,0.5058,0.1599,0.2067,lineup,lineup,"[{""id"": 678011, ""name"": ""Anthony Seigler"", ""bats"": ""S"", ""obp"": 0.3333333333333333, ""slg"": 0.4189189189189189, ""iso"": 0.16216216216216217, ""ab"": 74}, {""id"": 678882, ""name"": ""Ceddanne Rafaela"", ""bats"": ""R"", ""obp"": 0.32786885245901637, ""slg"": 0.4327485380116959, ""iso"": 0.15204678362573099, ""ab"": 342}, {""id"": 677800, ""name"": ""Wilyer Abreu"", ""bats"": ""L"", ""obp"": 0.3316582914572864, ""slg"": 0.42776203966005666, ""iso"": 0.1671388101983003, ""ab"": 353}]","[{""id"": 683748, ""name"": ""Victor Mesa Jr."", ""bats"": ""L"", ""obp"": 0.3106796116504854, ""slg"": 0.4044943820224719, ""iso"": 0.19101123595505617, ""ab"": 89}, {""id"": 666018, ""name"": ""Jonathan Aranda"", ""bats"": ""L"", ""obp"": 0.39408866995073893, ""slg"": 0.47058823529411764, ""iso"": 0.17352941176470588, ""ab"": 340}, {""id"": 691406, ""name"": ""Junior Caminero"", ""bats"": ""R"", ""obp"": 0.3722627737226277, ""slg"": 0.5549295774647888, ""iso"": 0.27605633802816903, ""ab"": 355}]","[{""name"": ""away_top3c_slg"", ""value"": 0.5058, ""contribution"": -0.3317}, {""name"": ""away_top3c_iso"", ""value"": 0.2067, ""contribution"": 0.1989}, {""name"": ""home_p_last10_pitcher_nrfi"", ""value"": 1.0, ""contribution"": 0.1107}, {""name"": ""away_top3_ops_vs_oppHand"", ""value"": 0.862, ""contribution"": 0.0966}, {""name"": ""fi_park_nrfi_rate"", ""value"": 0.5121, ""contribution"": -0.0494}]","[{""name"": ""away_whiff_pct_rank"", ""value"": 100.0, ""contribution"": -0.2163}, {""name"": ""home_top3c_iso"", ""value"": 0.1599, ""contribution"": -0.09}, {""name"": ""fi_park_nrfi_rate"", ""value"": 0.5121, ""contribution"": -0.076}, {""name"": ""home_top3c_slg"", ""value"": 0.4291, ""contribution"": 0.07}, {""name"": ""wx_temp_c"", ""value"": 28.5, ""contribution"": 0.0605}]",427315,0.5564,4.2,3.203,50.0,100.0,0.7136,0.7136,6.47,5.2,0.862,0.7137,R,L,NRFI,WIN,0,0,0,2026-07-17T17:48:24+00:00,-125,-105,DraftKings,2026-07-17T18:03:23+00:00,0.5556,0.5122,-0.0077,-0.0601,-0.0077,N,0.5,0,-120,-110,2026-07-17T05:59:55+00:00,0.0101,0.4624,PASS,NO EDGE,,,,,,,
2026-07-17,2026,822789,1,N,CWS,TOR,7:15 PM ET,Anthony Kay,Spencer Miles,641743,693686,ltd,ltd,live,live,1.01,0.4522,0.5474,0.9996,0.4312,0.3359,0.7671,0.4722,0.5278,0.2641,0.7359,,,PASS,NO EDGE,PASS - No edge,4,2026-07-17T23:06:19Z,4.211,3.378,1.343,1.164,4.443,3.556,3.35,2.88,1.21,0.84,7.66,8.63,0.319,0.307,0.412,0.387,4.741,4.14,,,,1.0,1.0,0.6,1.0,0.6,0.3281,0.3674,0.4201,0.481,0.1539,0.2258,lineup,lineup,"[{""id"": 676391, ""name"": ""Ernie Clement"", ""bats"": ""R"", ""obp"": 0.3181818181818182, ""slg"": 0.4329608938547486, ""iso"": 0.13687150837988826, ""ab"": 358}, {""id"": 815873, ""name"": ""Sean Keys"", ""bats"": ""L"", ""obp"": 0.1875, ""slg"": 0.3125, ""iso"": 0.125, ""ab"": 32}, {""id"": 672960, ""name"": ""Kazuma Okamoto"", ""bats"": ""R"", ""obp"": 0.3193717277486911, ""slg"": 0.4690265486725664, ""iso"": 0.23008849557522124, ""ab"": 339}]","[{""id"": 803011, ""name"": ""Sam Antonacci"", ""bats"": ""L"", ""obp"": 0.38079470198675497, ""slg"": 0.41762452107279696, ""iso"": 0.13026819923371652, ""ab"": 261}, {""id"": 808959, ""name"": ""Munetaka Murakami"", ""bats"": ""L"", ""obp"": 0.37065637065637064, ""slg"": 0.5402843601895735, ""iso"": 0.3080568720379147, ""ab"": 211}, {""id"": 682668, ""name"": ""Luisangel Acu\u00f1a"", ""bats"": ""R"", ""obp"": 0.27672955974842767, ""slg"": 0.28187919463087246, ""iso"": 0.040268456375838896, ""ab"": 149}]","[{""name"": ""away_top3c_iso"", ""value"": 0.2258, ""contribution"": 0.333}, {""name"": ""away_top3c_slg"", ""value"": 0.481, ""contribution"": -0.2062}, {""name"": ""away_top3_ops_vs_oppHand"", ""value"": 0.8833, ""contribution"": 0.1183}, {""name"": ""home_p_last10_pitcher_nrfi"", ""value"": 1.0, ""contribution"": 0.1107}, {""name"": ""era_gap_t1"", ""value"": -0.8334, ""contribution"": -0.0896}]","[{""name"": ""home_top3c_slg"", ""value"": 0.4201, ""contribution"": 0.1258}, {""name"": ""home_top3c_iso"", ""value"": 0.1539, ""contribution"": -0.1184}, {""name"": ""wx_is_dome"", ""value"": 1.0, ""contribution"": -0.0758}, {""name"": ""era_gap_b1"", ""value"": 0.8334, ""contribution"": 0.0563}, {""name"": ""away_xera"", ""value"": 7.5858, ""contribution"": -0.0521}]",482608,0.452,4.35,7.586,24.0,50.0,0.7136,0.7136,3.33,4.6,0.8833,0.777,L,R,NRFI,PASS,0,0,0,2026-07-17T23:30:38+00:00,-105,-125,DraftKings,2026-07-17T23:36:13+00:00,0.5122,0.5556,-0.04,-0.0278,,N,,,-105,-125,2026-07-17T23:14:55+00:00,,0.4135,YRFI,STRONG,,,,,,,
2026-07-17,2026,824170,1,N,BAL,HOU,8:10 PM ET,Dean Kremer,Peter Lambert,665152,663567,live,ltd,live,live,0.99,0.4932,0.5734,1.0666,0.2974,0.4814,0.7788,0.4526,0.5474,0.2887,0.7113,,,PASS,NO EDGE,PASS - No edge,4,2026-07-18T00:00:16Z,4.155,3.467,1.135,1.164,5.053,4.163,2.11,3.29,2.05,1.17,8.3,8.56,0.32,0.315,0.402,0.412,4.594,4.571,,,,1.0,1.0,0.6,0.8,0.5,0.3804,0.3374,0.5051,0.395,0.2183,0.1528,lineup,lineup,"[{""id"": 665161, ""name"": ""Jeremy Pe\u00f1a"", ""bats"": ""R"", ""obp"": 0.3472222222222222, ""slg"": 0.4256410256410256, ""iso"": 0.13846153846153847, ""ab"": 195}, {""id"": 670541, ""name"": ""Yordan Alvarez"", ""bats"": ""L"", ""obp"": 0.4261904761904762, ""slg"": 0.6332378223495702, ""iso"": 0.3151862464183381, ""ab"": 349}, {""id"": 669397, ""name"": ""Nick Allen"", ""bats"": ""R"", ""obp"": 0.2916666666666667, ""slg"": 0.3103448275862069, ""iso"": 0.06896551724137931, ""ab"": 87}]","[{""id"": 683002, ""name"": ""Gunnar Henderson"", ""bats"": ""L"", ""obp"": 0.2938496583143508, ""slg"": 0.40302267002518893, ""iso"": 0.1788413098236776, ""ab"": 397}, {""id"": 668939, ""name"": ""Adley Rutschman"", ""bats"": ""S"", ""obp"": 0.32727272727272727, ""slg"": 0.43568464730290457, ""iso"": 0.18257261410788383, ""ab"": 241}, {""id"": 621493, ""name"": ""Taylor Ward"", ""bats"": ""R"", ""obp"": 0.38724373576309795, ""slg"": 0.3585434173669468, ""iso"": 0.10364145658263307, ""ab"": 357}]","[{""name"": ""away_top3c_slg"", ""value"": 0.395, ""contribution"": 0.2294}, {""name"": ""away_top3c_iso"", ""value"": 0.1528, ""contribution"": -0.1812}, {""name"": ""home_xera"", ""value"": 2.829, ""contribution"": -0.1318}, {""name"": ""era_gap_t1"", ""value"": -0.6875, ""contribution"": -0.0738}, {""name"": ""fi_park_nrfi_rate"", ""value"": 0.482, ""contribution"": 0.0547}]","[{""name"": ""home_top3c_slg"", ""value"": 0.5051, ""contribution"": -0.4022}, {""name"": ""home_top3c_iso"", ""value"": 0.2183, ""contribution"": 0.1854}, {""name"": ""home_top3_ops_vs_oppHand"", ""value"": 0.891, ""contribution"": 0.1527}, {""name"": ""home_top3c_obp"", ""value"": 0.3804, ""contribution"": 0.1406}, {""name"": ""away_fip"", ""value"": 5.0527, ""contribution"": 0.1138}]",623938,0.4993,2.829,3.819,50.0,41.0,0.7136,0.7075,5.8,5.67,0.7363,0.891,R,R,YRFI,PASS,0,1,1,2026-07-18T00:28:50+00:00,+100,-130,DraftKings,2026-07-18T00:30:16+00:00,0.5,0.5652,-0.0474,-0.0178,,N,,,+100,-130,2026-07-18T00:08:59+00:00,,0.6402,NRFI,STRONG,,,,,,,
2026-07-17,2026,824655,1,N,MIN,CHC,8:05 PM ET,Bailey Ober,Colin Rea,641927,607067,live,live,live,live,1.0,0.5708,0.5962,1.167,0.3584,0.4306,0.789,0.4384,0.5616,0.3254,0.6746,,,PASS,LOW LAMBDA,PASS - Low lambda,4,2026-07-18T00:00:16Z,4.652,4.512,1.23,1.39,4.943,4.606,2.22,3.16,1.72,1.28,6.79,6.84,0.322,0.333,0.414,0.41,4.808,4.968,28.0,25.5,84.0,0.0,0.8,0.8,0.7,0.9,0.3683,0.3509,0.4638,0.4559,0.1976,0.186,lineup,lineup,"[{""id"": 691718, ""name"": ""Pete Crow-Armstrong"", ""bats"": ""L"", ""obp"": 0.38609112709832133, ""slg"": 0.5307262569832403, ""iso"": 0.24022346368715086, ""ab"": 358}, {""id"": 673548, ""name"": ""Seiya Suzuki"", ""bats"": ""R"", ""obp"": 0.3469387755102041, ""slg"": 0.46357615894039733, ""iso"": 0.19536423841059603, ""ab"": 302}, {""id"": 683737, ""name"": ""Michael Busch"", ""bats"": ""L"", ""obp"": 0.36792452830188677, ""slg"": 0.39481268011527376, ""iso"": 0.15561959654178673, ""ab"": 347}]","[{""id"": 663616, ""name"": ""Trevor Larnach"", ""bats"": ""L"", ""obp"": 0.3793103448275862, ""slg"": 0.4505928853754941, ""iso"": 0.16205533596837945, ""ab"": 253}, {""id"": 680777, ""name"": ""Ryan Jeffers"", ""bats"": ""R"", ""obp"": 0.40384615384615385, ""slg"": 0.5384615384615384, ""iso"": 0.2461538461538461, ""ab"": 130}, {""id"": 605137, ""name"": ""Josh Bell"", ""bats"": ""S"", ""obp"": 0.30666666666666664, ""slg"": 0.42857142857142855, ""iso"": 0.18075801749271134, ""ab"": 343}]","[{""name"": ""fi_park_nrfi_rate"", ""value"": 0.5429, ""contribution"": -0.1558}, {""name"": ""away_top3_ops_vs_oppHand"", ""value"": 0.8463, ""contribution"": 0.0806}, {""name"": ""away_top3c_slg"", ""value"": 0.4559, ""contribution"": -0.0793}, {""name"": ""home_fip"", ""value"": 4.6063, ""contribution"": 0.0705}, {""name"": ""wx_wind_kmh"", ""value"": 25.5, ""contribution"": 0.0624}]","[{""name"": ""fi_park_nrfi_rate"", ""value"": 0.5429, ""contribution"": -0.2395}, {""name"": ""wx_wind_kmh"", ""value"": 25.5, ""contribution"": 0.1474}, {""name"": ""home_top3c_slg"", ""value"": 0.4638, ""contribution"": -0.1451}, {""name"": ""home_obp"", ""value"": 0.3333, ""contribution"": 0.1365}, {""name"": ""away_fip"", ""value"": 4.9434, ""contribution"": 0.1021}]",427129,0.4611,4.334,4.06,21.0,57.0,0.7396,0.7136,5.07,5.73,0.8463,0.8193,R,R,YRFI,PASS,0,1,1,2026-07-18T00:24:40+00:00,+130,-170,DraftKings,2026-07-18T00:30:16+00:00,0.4348,0.6296,0.0036,-0.068,,N,,,+130,-170,2026-07-17T23:36:13+00:00,,0.4877,PASS,NO EDGE,,,,,,,
2026-07-17,2026,824414,1,N,PIT,CLE,7:10 PM ET,Jared Jones,Gavin Williams,683003,668909,ltd,live,live,live,0.96,0.5284,0.4527,0.9811,0.2953,0.3485,0.6437,0.5479,0.4521,0.2573,0.7427,,,NRFI,LEAN,LEAN NRFI,4,2026-07-17T20:03:22Z,4.263,3.614,1.204,1.181,3.998,3.964,2.88,3.34,1.25,1.32,9.35,10.31,0.339,0.311,0.423,0.374,5.21,4.04,28.1,8.0,55.0,0.0,0.8,0.8,0.8,0.75,0.3399,0.3603,0.4165,0.4594,0.1508,0.1838,lineup,lineup,[],[],"[{""name"": ""fi_park_nrfi_rate"", ""value"": 0.528, ""contribution"": -0.1042}, {""name"": ""away_top3c_slg"", ""value"": 0.4594, ""contribution"": -0.0969}, {""name"": ""era_gap_t1"", ""value"": -0.6493, ""contribution"": -0.0697}, {""name"": ""away_top3_ops_vs_oppHand"", ""value"": 0.8297, ""contribution"": 0.0636}, {""name"": ""wx_temp_c"", ""value"": 28.1, ""contribution"": 0.041}]","[{""name"": ""fi_park_nrfi_rate"", ""value"": 0.528, ""contribution"": -0.1602}, {""name"": ""home_top3c_slg"", ""value"": 0.4165, ""contribution"": 0.1486}, {""name"": ""home_top3c_iso"", ""value"": 0.1508, ""contribution"": -0.1331}, {""name"": ""wx_temp_c"", ""value"": 28.1, ""contribution"": 0.0572}, {""name"": ""era_gap_b1"", ""value"": 0.6493, ""contribution"": 0.0438}]",577468,0.4946,4.171,4.2,88.0,50.0,0.7136,0.7136,5.33,4.33,0.8297,0.7817,R,R,NRFI,WIN,0,0,0,2026-07-18T17:25:39+00:00,-145,+110,DraftKings,2026-07-17T19:06:04+00:00,0.5918,0.4762,-0.0439,-0.0241,,N,,0,-140,+110,2026-07-17T19:06:04+00:00,,0.4658,PASS,NO EDGE,,,,,,,
2026-07-17,2026,824901,1,N,TEX,ATL,7:15 PM ET,Cal Quantrill,Chris Sale,615698,519242,live,live,live,live,0.98,0.3432,0.5714,0.9146,0.2326,0.463,0.6956,0.4795,0.5205,0.2329,0.7671,,,PASS,NO EDGE,PASS - No edge,4,2026-07-17T23:06:19Z,4.454,2.31,1.285,1.098,4.804,2.621,2.61,2.3,1.41,0.75,5.98,11.07,0.319,0.313,0.4,0.409,4.203,4.795,23.9,6.6,89.0,0.0,1.0,0.6,0.9,0.6,0.3336,0.3333,0.473,0.4658,0.2094,0.1955,lineup,lineup,"[{""id"": 663698, ""name"": ""Joey Bart"", ""bats"": ""R"", ""obp"": 0.2708333333333333, ""slg"": 0.375, ""iso"": 0.1590909090909091, ""ab"": 88}, {""id"": 622761, ""name"": ""Jorge Mateo"", ""bats"": ""R"", ""obp"": 0.2835820895522388, ""slg"": 0.373015873015873, ""iso"": 0.13492063492063494, ""ab"": 126}, {""id"": 682989, ""name"": ""Victor Mederos"", ""bats"": ""R"", ""obp"": null, ""slg"": null, ""iso"": null, ""ab"": null}]","[{""id"": 679822, ""name"": ""Justin Foscue"", ""bats"": ""R"", ""obp"": 0.3559322033898305, ""slg"": 0.5523809523809524, ""iso"": 0.2666666666666667, ""ab"": 105}, {""id"": 696030, ""name"": ""Alejandro Osuna"", ""bats"": ""L"", ""obp"": 0.3544973544973545, ""slg"": 0.29878048780487804, ""iso"": 0.042682926829268275, ""ab"": 164}, {""id"": 694497, ""name"": ""Evan Carter"", ""bats"": ""L"", ""obp"": 0.30268199233716475, ""slg"": 0.33183856502242154, ""iso"": 0.14349775784753366, ""ab"": 223}]","[{""name"": ""era_gap_t1"", ""value"": -2.1435, ""contribution"": -0.2315}, {""name"": ""away_top3_ops_vs_oppHand"", ""value"": 0.938, ""contribution"": 0.174}, {""name"": ""home_xera"", ""value"": 2.5201, ""contribution"": -0.1635}, {""name"": ""home_fip"", ""value"": 2.6208, ""contribution"": -0.1525}, {""name"": ""away_top3c_slg"", ""value"": 0.4658, ""contribution"": -0.1294}]","[{""name"": ""home_top3c_slg"", ""value"": 0.473, ""contribution"": -0.2023}, {""name"": ""era_gap_b1"", ""value"": 2.1435, ""contribution"": 0.1455}, {""name"": ""home_top3c_iso"", ""value"": 0.2094, ""contribution"": 0.1436}, {""name"": ""home_plate_ump_nrfi_rate"", ""value"": 0.6177, ""contribution"": 0.1192}, {""name"": ""away_fip"", ""value"": 4.8043, ""contribution"": 0.0872}]",482620,0.6177,2.52,4.2,85.0,50.0,0.6796,0.7075,5.07,4.07,0.938,0.7947,R,L,NRFI,PASS,0,0,0,2026-07-17T23:33:19+00:00,-125,-105,DraftKings,2026-07-17T23:36:13+00:00,0.5556,0.5122,-0.0761,0.0083,,N,,,-125,-105,2026-07-17T23:14:55+00:00,,0.4552,PASS,NO EDGE,,,,,,,
2026-07-17,2026,823115,1,N,SF,SEA,10:10 PM ET,Landen Roupp,Bryce Miller,694738,682243,live,live,live,live,0.95,0.4027,0.4418,0.8445,0.2654,0.3573,0.6227,0.5479,0.4521,0.2073,0.7927,,,NRFI,LEAN,LEAN NRFI,4,2026-07-18T01:05:24Z,4.145,3.465,1.352,1.053,3.507,3.937,3.84,2.18,0.74,1.39,9.36,9.2,0.311,0.311,0.418,0.384,4.167,4.103,,,,1.0,0.8,0.6,0.9,0.6,0.3523,0.345,0.4438,0.4761,0.1866,0.178,lineup,lineup,"[{""id"": 641487, ""name"": ""J.P. Crawford"", ""bats"": ""L"", ""obp"": 0.33432835820895523, ""slg"": 0.3591549295774648, ""iso"": 0.14084507042253525, ""ab"": 284}, {""id"": 668227, ""name"": ""Randy Arozarena"", ""bats"": ""R"", ""obp"": 0.37994722955145116, ""slg"": 0.4584615384615385, ""iso"": 0.17230769230769233, ""ab"": 325}, {""id"": 686527, ""name"": ""Dominic Canzone"", ""bats"": ""L"", ""obp"": 0.3346456692913386, ""slg"": 0.5286343612334802, ""iso"": 0.2643171806167401, ""ab"": 227}]","[{""id"": 650333, ""name"": ""Luis Arraez"", ""bats"": ""L"", ""obp"": 0.3686868686868687, ""slg"": 0.4598337950138504, ""iso"": 0.1301939058171745, ""ab"": 361}, {""id"": 805811, ""name"": ""Bryce Eldridge"", ""bats"": ""L"", ""obp"": 0.3640552995391705, ""slg"": 0.46808510638297873, ""iso"": 0.1968085106382979, ""ab"": 188}, {""id"": 669477, ""name"": ""Casey Schmitt"", ""bats"": ""R"", ""obp"": 0.3081081081081081, ""slg"": 0.49714285714285716, ""iso"": 0.21714285714285714, ""ab"": 350}]","[{""name"": ""away_top3c_slg"", ""value"": 0.4761, ""contribution"": -0.1814}, {""name"": ""era_gap_t1"", ""value"": -0.6797, ""contribution"": -0.073}, {""name"": ""home_p_last10_pitcher_nrfi"", ""value"": 0.9, ""contribution"": 0.0716}, {""name"": ""fi_park_nrfi_rate"", ""value"": 0.5131, ""contribution"": -0.0529}, {""name"": ""away_top3_ops_vs_oppHand"", ""value"": 0.8093, ""contribution"": 0.0429}]","[{""name"": ""fi_park_nrfi_rate"", ""value"": 0.5131, ""contribution"": -0.0814}, {""name"": ""wx_is_dome"", ""value"": 1.0, ""contribution"": -0.0758}, {""name"": ""home_top3_ops_vs_oppHand"", ""value"": 0.8083, ""contribution"": 0.0537}, {""name"": ""away_fip"", ""value"": 3.5073, ""contribution"": -0.0514}, {""name"": ""era_gap_b1"", ""value"": 0.6797, ""contribution"": 0.0459}]",483919,0.4901,4.2,3.796,50.0,41.0,0.7272,0.7136,6.13,5.47,0.8093,0.8083,R,R,NRFI,WIN,0,0,0,2026-07-18T02:27:12+00:00,-140,+105,DraftKings,2026-07-18T02:05:49+00:00,0.5833,0.4878,-0.0354,-0.0357,-0.0354,N,0.5,0,-140,+105,2026-07-18T01:08:39+00:00,0,0.5761,NRFI,STRONG,,,,,,,
2026-07-17,2026,825060,1,N,STL,ARI,9:40 PM ET,Michael McGreevy,Merrill Kelly,700241,518876,live,live,live,live,1.0,0.6275,0.4666,1.0941,0.5131,0.473,0.9861,0.3759,0.6241,0.2988,0.7012,,,YRFI,STRONG,STRONG YRFI,4,2026-07-18T00:35:53Z,3.395,4.823,1.143,1.392,4.272,5.33,2.06,3.28,1.15,1.69,5.95,6.45,0.318,0.308,0.392,0.387,4.514,4.356,,,,1.0,0.8,0.8,0.6,0.8,0.337,0.3583,0.4341,0.4195,0.1838,0.1591,lineup,lineup,"[{""id"": 606466, ""name"": ""Ketel Marte"", ""bats"": ""S"", ""obp"": 0.3111111111111111, ""slg"": 0.4609164420485175, ""iso"": 0.2048517520215633, ""ab"": 371}, {""id"": 672695, ""name"": ""Geraldo Perdomo"", ""bats"": ""S"", ""obp"": 0.35400516795865633, ""slg"": 0.3560371517027864, ""iso"": 0.11455108359133126, ""ab"": 323}, {""id"": 682998, ""name"": ""Corbin Carroll"", ""bats"": ""L"", ""obp"": 0.34673366834170855, ""slg"": 0.4782608695652174, ""iso"": 0.22608695652173916, ""ab"": 345}]","[{""id"": 802139, ""name"": ""JJ Wetherholt"", ""bats"": ""L"", ""obp"": 0.35626535626535627, ""slg"": 0.39886039886039887, ""iso"": 0.13960113960113962, ""ab"": 351}, {""id"": 671056, ""name"": ""Iv\u00e1n Herrera"", ""bats"": ""R"", ""obp"": 0.3806146572104019, ""slg"": 0.3901734104046243, ""iso"": 0.1416184971098266, ""ab"": 346}, {""id"": 676475, ""name"": ""Alec Burleson"", ""bats"": ""L"", ""obp"": 0.33668341708542715, ""slg"": 0.467966573816156, ""iso"": 0.19498607242339833, ""ab"": 359}]","[{""name"": ""fi_park_nrfi_rate"", ""value"": 0.4239, ""contribution"": 0.2555}, {""name"": ""era_gap_t1"", ""value"": 1.4277, ""contribution"": 0.1552}, {""name"": ""home_fip"", ""value"": 5.3305, ""contribution"": 0.1518}, {""name"": ""away_top3c_iso"", ""value"": 0.1591, ""contribution"": -0.1366}, {""name"": ""away_top3c_slg"", ""value"": 0.4195, ""contribution"": 0.1052}]","[{""name"": ""fi_park_nrfi_rate"", ""value"": 0.4239, ""contribution"": 0.3927}, {""name"": ""away_whiff_pct_rank"", ""value"": 3.0, ""contribution"": 0.2024}, {""name"": ""era_gap_b1"", ""value"": -1.4277, ""contribution"": -0.0975}, {""name"": ""wx_is_dome"", ""value"": 1.0, ""contribution"": -0.0758}, {""name"": ""home_top3_ops_vs_oppHand"", ""value"": 0.7263, ""contribution"": -0.0445}]",427344,0.4727,4.616,4.913,52.0,3.0,0.7028,0.7136,5.87,5.87,0.819,0.7263,R,R,YRFI,WIN,2,0,2,2026-07-18T02:01:22+00:00,+105,-135,DraftKings,2026-07-18T00:44:42+00:00,0.4878,0.5745,-0.1119,0.0496,0.0496,Y,1,0.741,+105,-135,2026-07-18T00:39:18+00:00,0,0.4658,PASS,NO EDGE,,,,,,,
2026-07-17,2026,824737,2,S,TB,BOS,7:10 PM ET,Mason Englert,Eduardo Rivera,669438,700842,ltd,sm,live,live,1.05,0.4907,0.5285,1.0193,0.3577,0.3288,0.6865,0.4795,0.5205,0.2713,0.7287,,,PASS,NO EDGE,PASS - No edge,4,2026-07-17T23:06:19Z,3.948,3.549,1.297,1.157,4.167,3.902,2.42,2.88,1.38,1.03,8.62,8.6,0.33,0.315,0.399,0.392,4.477,4.205,27.9,14.6,19.0,0.0,1.0,1.0,1.0,1.0,0.3302,0.3881,0.4291,0.5058,0.1599,0.2067,lineup,lineup,"[{""id"": 678011, ""name"": ""Anthony Seigler"", ""bats"": ""S"", ""obp"": 0.3333333333333333, ""slg"": 0.4189189189189189, ""iso"": 0.16216216216216217, ""ab"": 74}, {""id"": 678882, ""name"": ""Ceddanne Rafaela"", ""bats"": ""R"", ""obp"": 0.32786885245901637, ""slg"": 0.4327485380116959, ""iso"": 0.15204678362573099, ""ab"": 342}, {""id"": 677800, ""name"": ""Wilyer Abreu"", ""bats"": ""L"", ""obp"": 0.3316582914572864, ""slg"": 0.42776203966005666, ""iso"": 0.1671388101983003, ""ab"": 353}]","[{""id"": 650490, ""name"": ""Yandy D\u00edaz"", ""bats"": ""R"", ""obp"": 0.39847715736040606, ""slg"": 0.48985507246376814, ""iso"": 0.16811594202898555, ""ab"": 345}, {""id"": 666018, ""name"": ""Jonathan Aranda"", ""bats"": ""L"", ""obp"": 0.39408866995073893, ""slg"": 0.47058823529411764, ""iso"": 0.17352941176470588, ""ab"": 340}, {""id"": 691406, ""name"": ""Junior Caminero"", ""bats"": ""R"", ""obp"": 0.3722627737226277, ""slg"": 0.5549295774647888, ""iso"": 0.27605633802816903, ""ab"": 355}]","[{""name"": ""away_top3c_slg"", ""value"": 0.5058, ""contribution"": -0.3317}, {""name"": ""away_top3c_iso"", ""value"": 0.2067, ""contribution"": 0.1989}, {""name"": ""home_p_last10_pitcher_nrfi"", ""value"": 1.0, ""contribution"": 0.1107}, {""name"": ""away_top3_ops_vs_oppHand"", ""value"": 0.8387, ""contribution"": 0.0728}, {""name"": ""fi_park_nrfi_rate"", ""value"": 0.5121, ""contribution"": -0.0494}]","[{""name"": ""away_p_last10_pitcher_nrfi"", ""value"": 1.0, ""contribution"": -0.0929}, {""name"": ""home_top3c_iso"", ""value"": 0.1599, ""contribution"": -0.09}, {""name"": ""fi_park_nrfi_rate"", ""value"": 0.5121, ""contribution"": -0.076}, {""name"": ""home_top3c_slg"", ""value"": 0.4291, ""contribution"": 0.07}, {""name"": ""home_top3_ops_vs_oppHand"", ""value"": 0.714, ""contribution"": -0.0592}]",483561,0.5039,4.2,6.375,50.0,50.0,0.7136,0.7136,3.67,4.67,0.8387,0.714,R,L,YRFI,PASS,2,3,5,2026-07-17T23:43:43+00:00,+100,-130,DraftKings,2026-07-17T23:36:13+00:00,0.5,0.5652,-0.0205,-0.0447,0.0005,N,0.5,,+100,-130,2026-07-17T23:09:33+00:00,0,0.4144,YRFI,STRONG,,,,,,,
2026-07-18,2026,824331,1,N,CIN,COL,3:10 PM ET,Rhett Lowder,Tomoyuki Sugano,695076,608372,ltd,live,live,live,1.22,0.7024,0.7743,1.4766,0.5956,0.6263,1.222,0.3219,0.6781,0.4343,0.5657,,,YRFI,STRONG,STRONG YRFI,4,2026-07-18T17:55:44Z,4.639,4.748,1.437,1.323,4.527,5.356,3.96,2.33,1.18,1.77,8.07,5.44,0.311,0.324,0.398,0.417,4.23,4.697,35.4,15.8,19.0,0.0,0.4,0.8,0.5,0.6,0.3415,0.3473,0.5337,0.4907,0.2458,0.229,lineup,lineup,"[{""id"": 664983, ""name"": ""Jake McCarthy"", ""bats"": ""L"", ""obp"": 0.3485342019543974, ""slg"": 0.5141843971631206, ""iso"": 0.21276595744680854, ""ab"": 282}, {""id"": 666160, ""name"": ""Mickey Moniak"", ""bats"": ""L"", ""obp"": 0.3217391304347826, ""slg"": 0.5660377358490566, ""iso"": 0.29245283018867924, ""ab"": 212}, {""id"": 690924, ""name"": ""Braxton Fulford"", ""bats"": ""R"", ""obp"": 0.2727272727272727, ""slg"": 0.3157894736842105, ""iso"": 0.12280701754385964, ""ab"": 57}]","[{""id"": 682829, ""name"": ""Elly De La Cruz"", ""bats"": ""S"", ""obp"": 0.3536231884057971, ""slg"": 0.5064935064935064, ""iso"": 0.22402597402597396, ""ab"": 308}, {""id"": 701398, ""name"": ""Sal Stewart"", ""bats"": ""R"", ""obp"": 0.33890214797136037, ""slg"": 0.47540983606557374, ""iso"": 0.21857923497267756, ""ab"": 366}, {""id"": 668709, ""name"": ""JJ Bleday"", ""bats"": ""L"", ""obp"": 0.3519163763066202, ""slg"": 0.49382716049382713, ""iso"": 0.2510288065843621, ""ab"": 243}]","[{""name"": ""away_top3c_iso"", ""value"": 0.229, ""contribution"": 0.3558}, {""name"": ""away_top3c_slg"", ""value"": 0.4907, ""contribution"": -0.2556}, {""name"": ""fi_park_nrfi_rate"", ""value"": 0.4241, ""contribution"": 0.2547}, {""name"": ""home_xera"", ""value"": 5.6402, ""contribution"": 0.1562}, {""name"": ""home_fip"", ""value"": 5.3557, ""contribution"": 0.1546}]","[{""name"": ""home_top3c_slg"", ""value"": 0.5337, ""contribution"": -0.5794}, {""name"": ""fi_park_nrfi_rate"", ""value"": 0.4241, ""contribution"": 0.3916}, {""name"": ""home_top3c_iso"", ""value"": 0.2458, ""contribution"": 0.3152}, {""name"": ""home_top3_ops_vs_oppHand"", ""value"": 0.9113, ""contribution"": 0.177}, {""name"": ""wx_temp_c"", ""value"": 35.4, ""contribution"": 0.1181}]",427164,0.5083,5.64,4.513,12.0,50.0,0.7136,0.7136,5.2,4.87,0.8103,0.9113,R,R,YRFI,WIN,0,2,2,2026-07-18T19:26:40+00:00,+145,-190,DraftKings,2026-07-18T15:56:52+00:00,0.4082,0.6552,-0.0863,0.0229,0.0229,Y,1,0.526,+145,-190,2026-07-18T15:56:52+00:00,0,0.3972,YRFI,STRONG,,,,,,,
2026-07-18,2026,825059,1,N,STL,ARI,4:10 PM ET,Dustin May,Brandon Pfaadt,669160,694297,live,live,live,live,1.0,0.5055,0.479,0.9845,0.5108,0.5175,1.0283,0.3484,0.6516,0.2585,0.7415,,,YRFI,STRONG,STRONG YRFI,4,2026-07-18T19:06:20Z,4.675,4.936,1.309,1.324,3.651,4.423,3.04,2.55,0.9,1.34,8.54,7.18,0.318,0.308,0.392,0.389,4.518,4.353,,,,1.0,0.8,0.6,0.8,0.7,0.3367,0.358,0.4343,0.4204,0.1848,0.1601,lineup,lineup,"[{""id"": 606466, ""name"": ""Ketel Marte"", ""bats"": ""S"", ""obp"": 0.3097560975609756, ""slg"": 0.4574468085106383, ""iso"": 0.2021276595744681, ""ab"": 376}, {""id"": 672695, ""name"": ""Geraldo Perdomo"", ""bats"": ""S"", ""obp"": 0.3554987212276215, ""slg"": 0.35384615384615387, ""iso"": 0.11384615384615387, ""ab"": 325}, {""id"": 682998, ""name"": ""Corbin Carroll"", ""bats"": ""L"", ""obp"": 0.34577114427860695, ""slg"": 0.48424068767908307, ""iso"": 0.2320916905444126, ""ab"": 349}]","[{""id"": 802139, ""name"": ""JJ Wetherholt"", ""bats"": ""L"", ""obp"": 0.3592233009708738, ""slg"": 0.4084507042253521, ""iso"": 0.14647887323943665, ""ab"": 355}, {""id"": 671056, ""name"": ""Iv\u00e1n Herrera"", ""bats"": ""R"", ""obp"": 0.37616822429906543, ""slg"": 0.38571428571428573, ""iso"": 0.14, ""ab"": 350}, {""id"": 676475, ""name"": ""Alec Burleson"", ""bats"": ""L"", ""obp"": 0.337468982630273, ""slg"": 0.465564738292011, ""iso"": 0.1928374655647383, ""ab"": 363}]","[{""name"": ""fi_park_nrfi_rate"", ""value"": 0.4239, ""contribution"": 0.2555}, {""name"": ""home_xera"", ""value"": 5.9388, ""contribution"": 0.1868}, {""name"": ""away_top3c_iso"", ""value"": 0.1601, ""contribution"": -0.1294}, {""name"": ""away_top3c_slg"", ""value"": 0.4204, ""contribution"": 0.1006}, {""name"": ""away_top3_ops_vs_oppHand"", ""value"": 0.8207, ""contribution"": 0.0545}]","[{""name"": ""fi_park_nrfi_rate"", ""value"": 0.4239, ""contribution"": 0.3927}, {""name"": ""away_whiff_pct_rank"", ""value"": 10.0, ""contribution"": 0.1721}, {""name"": ""wx_is_dome"", ""value"": 1.0, ""contribution"": -0.0758}, {""name"": ""home_top3_ops_vs_oppHand"", ""value"": 0.727, ""contribution"": -0.0437}, {""name"": ""home_obp"", ""value"": 0.3082, ""contribution"": -0.0391}]",665281,0.5305,5.939,4.796,50.0,10.0,0.664,0.7197,5.27,4.07,0.8207,0.727,R,R,NRFI,LOSS,0,0,0,2026-07-18T20:19:02+00:00,-105,-125,DraftKings,2026-07-18T15:56:52+00:00,0.5122,0.5556,-0.1903,0.1225,0.1225,Y,1,-1,-105,-125,2026-07-18T15:56:52+00:00,0,0.3768,YRFI,STRONG,,,,,,,
2026-07-18,2026,824979,1,N,WSH,OAK,10:05 PM ET,Zack Littell,J.T. Ginn,641793,669372,live,live,live,live,0.93,0.5758,0.5812,1.157,0.4347,0.7093,1.144,0.3219,0.6781,0.3218,0.6782,,,YRFI,STRONG,STRONG YRFI,4,2026-07-19T00:36:47Z,4.565,4.001,1.247,1.274,5.755,4.412,2.28,3.75,2.13,1.26,5.88,8.54,0.326,0.32,0.436,0.403,5.367,4.406,23.2,13.2,53.0,0.0,0.6,0.6,0.7,0.6,0.3279,0.3592,0.4575,0.533,0.1993,0.2594,lineup,lineup,"[{""id"": 805779, ""name"": ""Jacob Wilson"", ""bats"": ""R"", ""obp"": 0.3138075313807531, ""slg"": 0.3876651982378855, ""iso"": 0.10572687224669602, ""ab"": 227}, {""id"": 691016, ""name"": ""Tyler Soderstrom"", ""bats"": ""L"", ""obp"": 0.34285714285714286, ""slg"": 0.4735099337748344, ""iso"": 0.23178807947019864, ""ab"": 302}, {""id"": 669127, ""name"": ""Shea Langeliers"", ""bats"": ""R"", ""obp"": 0.3230769230769231, ""slg"": 0.4887005649717514, ""iso"": 0.23163841807909602, ""ab"": 354}]","[{""id"": 695578, ""name"": ""James Wood"", ""bats"": ""L"", ""obp"": 0.40869565217391307, ""slg"": 0.56951871657754, ""iso"": 0.2914438502673796, ""ab"": 374}, {""id"": 671277, ""name"": ""Luis Garc\u00eda Jr."", ""bats"": ""L"", ""obp"": 0.3166144200626959, ""slg"": 0.5544554455445545, ""iso"": 0.2706270627062707, ""ab"": 303}, {""id"": 677588, ""name"": ""Jos\u00e9 Tena"", ""bats"": ""L"", ""obp"": 0.31016042780748665, ""slg"": 0.4152046783625731, ""iso"": 0.1695906432748538, ""ab"": 171}]","[{""name"": ""away_top3c_iso"", ""value"": 0.2594, ""contribution"": 0.5701}, {""name"": ""away_top3c_slg"", ""value"": 0.533, ""contribution"": -0.4698}, {""name"": ""fi_park_nrfi_rate"", ""value"": 0.4422, ""contribution"": 0.1922}, {""name"": ""away_top3_ops_vs_oppHand"", ""value"": 0.88, ""contribution"": 0.1149}, {""name"": ""era_gap_t1"", ""value"": -0.5639, ""contribution"": -0.0604}]","[{""name"": ""fi_park_nrfi_rate"", ""value"": 0.4422, ""contribution"": 0.2954}, {""name"": ""away_whiff_pct_rank"", ""value"": 3.0, ""contribution"": 0.2024}, {""name"": ""away_fip"", ""value"": 5.7554, ""contribution"": 0.1889}, {""name"": ""home_top3c_slg"", ""value"": 0.4575, ""contribution"": -0.1065}, {""name"": ""home_top3c_iso"", ""value"": 0.1993, ""contribution"": 0.0959}]",428442,0.5176,3.667,4.871,82.0,3.0,0.7136,0.7272,5.13,4.53,0.88,0.769,R,R,YRFI,WIN,0,5,5,2026-07-19T02:26:43+00:00,+145,-185,DraftKings,2026-07-19T00:01:06+00:00,0.4082,0.6491,-0.0863,0.029,0.029,Y,1,0.541,+145,-185,2026-07-19T00:01:06+00:00,0,0.4521,PASS,NO EDGE,,,,,,,
2026-07-18,2026,824008,1,N,DET,LAA,10:07 PM ET,Tarik Skubal,Grayson Rodriguez,669373,680570,live,ltd,live,live,0.99,0.5408,0.3335,0.8742,0.5754,0.3872,0.9626,0.3916,0.6084,0.2181,0.7819,,,YRFI,STRONG,STRONG YRFI,4,2026-07-19T01:06:11Z,2.784,5.646,0.929,1.47,2.835,4.492,1.39,3.68,1.07,1.19,10.81,7.97,0.313,0.314,0.398,0.393,4.254,4.412,30.1,10.7,48.0,0.0,0.8,0.4,0.8571,0.6,0.3487,0.3418,0.4464,0.4402,0.2061,0.1763,lineup,lineup,"[{""id"": 687263, ""name"": ""Zach Neto"", ""bats"": ""R"", ""obp"": 0.32786885245901637, ""slg"": 0.4533333333333333, ""iso"": 0.21599999999999997, ""ab"": 375}, {""id"": 545361, ""name"": ""Mike Trout"", ""bats"": ""R"", ""obp"": 0.388268156424581, ""slg"": 0.4738675958188153, ""iso"": 0.23693379790940766, ""ab"": 287}, {""id"": 687093, ""name"": ""Vaughn Grissom"", ""bats"": ""R"", ""obp"": 0.323943661971831, ""slg"": 0.39037433155080214, ""iso"": 0.13903743315508021, ""ab"": 187}]","[{""id"": 805808, ""name"": ""Kevin McGonigle"", ""bats"": ""L"", ""obp"": 0.38848920863309355, ""slg"": 0.4152542372881356, ""iso"": 0.13559322033898308, ""ab"": 354}, {""id"": 693307, ""name"": ""Dillon Dingler"", ""bats"": ""R"", ""obp"": 0.325068870523416, ""slg"": 0.5060975609756098, ""iso"": 0.24390243902439024, ""ab"": 328}, {""id"": 690993, ""name"": ""Colt Keith"", ""bats"": ""L"", ""obp"": 0.29304029304029305, ""slg"": 0.38976377952755903, ""iso"": 0.14566929133858264, ""ab"": 254}]","[{""name"": ""era_gap_t1"", ""value"": 2.8613, ""contribution"": 0.3104}, {""name"": ""fi_park_nrfi_rate"", ""value"": 0.4526, ""contribution"": 0.1563}, {""name"": ""home_fip"", ""value"": 4.492, ""contribution"": 0.0576}, {""name"": ""home_p_last10_pitcher_nrfi"", ""value"": 0.8571, ""contribution"": 0.0549}, {""name"": ""wx_temp_c"", ""value"": 30.1, ""contribution"": 0.053}]","[{""name"": ""fi_park_nrfi_rate"", ""value"": 0.4526, ""contribution"": 0.2403}, {""name"": ""away_whiff_pct_rank"", ""value"": 100.0, ""contribution"": -0.2163}, {""name"": ""era_gap_b1"", ""value"": -2.8613, ""contribution"": -0.1951}, {""name"": ""home_top3c_iso"", ""value"": 0.2061, ""contribution"": 0.128}, {""name"": ""away_fip"", ""value"": 2.8346, ""contribution"": -0.1232}]",605674,0.5127,4.2,2.218,50.0,100.0,0.7396,0.7272,4.33,5.53,0.81,0.8097,L,R,YRFI,WIN,4,0,4,2026-07-19T02:25:41+00:00,-140,+105,DraftKings,2026-07-19T00:01:06+00:00,0.5833,0.4878,-0.1986,0.1275,0.1275,Y,1,1.05,-140,+105,2026-07-19T00:01:06+00:00,0,0.4589,PASS,NO EDGE,,,,,,,
2026-07-18,2026,823763,1,N,MIA,MIL,4:10 PM ET,Max Meyer,Shane Drohan,676974,675660,live,ltd,live,live,1.03,0.4573,0.5306,0.9879,0.2813,0.2095,0.4908,0.6186,0.3814,0.2598,0.7402,,,NRFI,LEAN,LEAN NRFI,4,2026-07-18T19:06:20Z,3.091,3.483,1.174,1.222,3.697,3.608,3.08,2.7,1.06,0.93,9.53,8.66,0.327,0.334,0.41,0.398,4.491,4.987,,,,1.0,1.0,0.8,0.8889,0.7,0.346,0.3396,0.4612,0.482,0.1985,0.2016,lineup,lineup,"[{""id"": 592885, ""name"": ""Christian Yelich"", ""bats"": ""L"", ""obp"": 0.32857142857142857, ""slg"": 0.3805668016194332, ""iso"": 0.13765182186234817, ""ab"": 247}, {""id"": 694192, ""name"": ""Jackson Chourio"", ""bats"": ""R"", ""obp"": 0.3298611111111111, ""slg"": 0.48872180451127817, ""iso"": 0.21052631578947367, ""ab"": 266}, {""id"": 641343, ""name"": ""Jake Bauers"", ""bats"": ""L"", ""obp"": 0.3732193732193732, ""slg"": 0.5033557046979866, ""iso"": 0.23825503355704702, ""ab"": 298}]","[{""id"": 672640, ""name"": ""Otto Lopez"", ""bats"": ""R"", ""obp"": 0.3695652173913043, ""slg"": 0.5078125, ""iso"": 0.171875, ""ab"": 384}, {""id"": 681715, ""name"": ""Heriberto Hern\u00e1ndez"", ""bats"": ""R"", ""obp"": 0.3146551724137931, ""slg"": 0.4782608695652174, ""iso"": 0.24154589371980678, ""ab"": 207}, {""id"": 669065, ""name"": ""Kyle Stowers"", ""bats"": ""L"", ""obp"": 0.3181818181818182, ""slg"": 0.4485294117647059, ""iso"": 0.21323529411764708, ""ab"": 272}]","[{""name"": ""fi_park_nrfi_rate"", ""value"": 0.5899, ""contribution"": -0.3182}, {""name"": ""away_top3c_slg"", ""value"": 0.482, ""contribution"": -0.2116}, {""name"": ""away_top3c_iso"", ""value"": 0.2016, ""contribution"": 0.1629}, {""name"": ""away_top3_ops_vs_oppHand"", ""value"": 0.8463, ""contribution"": 0.0806}, {""name"": ""home_p_last10_pitcher_nrfi"", ""value"": 0.8889, ""contribution"": 0.0673}]","[{""name"": ""fi_park_nrfi_rate"", ""value"": 0.5899, ""contribution"": -0.4892}, {""name"": ""home_obp"", ""value"": 0.3342, ""contribution"": 0.1428}, {""name"": ""home_top3c_slg"", ""value"": 0.4612, ""contribution"": -0.129}, {""name"": ""away_whiff_pct_rank"", ""value"": 79.0, ""contribution"": -0.1256}, {""name"": ""home_top3c_iso"", ""value"": 0.1985, ""contribution"": 0.0921}]",658292,0.4848,4.66,4.824,50.0,79.0,0.7136,0.7136,5.47,5.8,0.8463,0.7977,R,L,NRFI,WIN,0,0,0,2026-07-18T20:28:14+00:00,-130,+100,DraftKings,2026-07-18T15:56:52+00:00,0.5652,0.5,0.0033,-0.0685,,N,,0,-130,+100,2026-07-18T15:56:52+00:00,,0.5944,NRFI,STRONG,,,,,,,
2026-07-18,2026,823441,1,N,NYM,PHI,3:05 PM ET,Sean Manaea,Jesús Luzardo,640455,666200,live,live,live,live,1.04,0.3681,0.5228,0.8909,0.2781,0.5381,0.8163,0.4348,0.5652,0.2242,0.7758,,,PASS,LOW LAMBDA,PASS - Low lambda,4,2026-07-18T17:55:44Z,4.681,3.619,1.292,1.22,4.022,2.82,2.7,2.84,1.33,0.75,9.26,10.98,0.305,0.304,0.385,0.398,4.155,4.358,26.2,13.0,83.0,0.0,1.0,0.4,1.0,0.5,0.3387,0.3381,0.4692,0.4352,0.2195,0.1773,lineup,lineup,"[{""id"": 607208, ""name"": ""Trea Turner"", ""bats"": ""R"", ""obp"": 0.2840095465393795, ""slg"": 0.36153846153846153, ""iso"": 0.12564102564102564, ""ab"": 390}, {""id"": 656941, ""name"": ""Kyle Schwarber"", ""bats"": ""L"", ""obp"": 0.3660287081339713, ""slg"": 0.559322033898305, ""iso"": 0.30508474576271183, ""ab"": 354}, {""id"": 547180, ""name"": ""Bryce Harper"", ""bats"": ""L"", ""obp"": 0.36650485436893204, ""slg"": 0.4985507246376812, ""iso"": 0.2376811594202899, ""ab"": 345}]","[{""id"": 596019, ""name"": ""Francisco Lindor"", ""bats"": ""S"", ""obp"": 0.2914285714285714, ""slg"": 0.3630573248407643, ""iso"": 0.15286624203821653, ""ab"": 157}, {""id"": 665742, ""name"": ""Juan Soto"", ""bats"": ""L"", ""obp"": 0.4124629080118694, ""slg"": 0.5631768953068592, ""iso"": 0.27075812274368233, ""ab"": 277}, {""id"": 666182, ""name"": ""Bo Bichette"", ""bats"": ""R"", ""obp"": 0.2973621103117506, ""slg"": 0.3723958333333333, ""iso"": 0.11979166666666663, ""ab"": 384}]","[{""name"": ""home_fip"", ""value"": 2.8198, ""contribution"": -0.1301}, {""name"": ""era_gap_t1"", ""value"": -1.0616, ""contribution"": -0.1143}, {""name"": ""home_p_last10_pitcher_nrfi"", ""value"": 1.0, ""contribution"": 0.1107}, {""name"": ""home_xera"", ""value"": 3.2004, ""contribution"": -0.0937}, {""name"": ""fi_park_nrfi_rate"", ""value"": 0.473, ""contribution"": 0.0859}]","[{""name"": ""home_top3c_iso"", ""value"": 0.2195, ""contribution"": 0.191}, {""name"": ""home_top3c_slg"", ""value"": 0.4692, ""contribution"": -0.1792}, {""name"": ""fi_park_nrfi_rate"", ""value"": 0.473, ""contribution"": 0.1321}, {""name"": ""home_plate_ump_nrfi_rate"", ""value"": 0.6254, ""contribution"": 0.1272}, {""name"": ""away_whiff_pct_rank"", ""value"": 24.0, ""contribution"": 0.1117}]",644760,0.6254,3.2,4.68,90.0,24.0,0.7309,0.6909,6.33,5.2,0.7323,0.7247,L,L,YRFI,PASS,0,2,2,2026-07-18T19:26:19+00:00,-115,-110,DraftKings,2026-07-18T15:56:52+00:00,0.5349,0.5238,-0.0968,0.0381,0.0587,N,1,,-115,-110,2026-07-18T15:56:52+00:00,0,0.3924,YRFI,STRONG,,,,,,,
2026-07-18,2026,824169,1,N,BAL,HOU,4:10 PM ET,Trevor Rogers,Spencer Arrighetti,669432,681293,live,live,live,live,0.99,0.5765,0.4587,1.0352,0.4407,0.3301,0.7708,0.466,0.534,0.2772,0.7228,,,PASS,NO EDGE,PASS - No edge,4,2026-07-18T20:05:25Z,3.724,4.505,1.194,1.322,3.804,4.688,2.89,4.42,0.86,1.31,7.39,8.77,0.319,0.316,0.401,0.411,4.58,4.548,,,,1.0,0.6,1.0,0.8,0.8,0.3845,0.3382,0.5068,0.3974,0.2172,0.1554,lineup,lineup,"[{""id"": 669397, ""name"": ""Nick Allen"", ""bats"": ""R"", ""obp"": 0.2916666666666667, ""slg"": 0.3103448275862069, ""iso"": 0.06896551724137931, ""ab"": 87}, {""id"": 670541, ""name"": ""Yordan Alvarez"", ""bats"": ""L"", ""obp"": 0.43058823529411766, ""slg"": 0.6363636363636364, ""iso"": 0.31534090909090906, ""ab"": 352}, {""id"": 670623, ""name"": ""Isaac Paredes"", ""bats"": ""R"", ""obp"": 0.3496143958868895, ""slg"": 0.4161676646706587, ""iso"": 0.16167664670658682, ""ab"": 334}]","[{""id"": 668939, ""name"": ""Adley Rutschman"", ""bats"": ""S"", ""obp"": 0.3333333333333333, ""slg"": 0.4403292181069959, ""iso"": 0.18518518518518517, ""ab"": 243}, {""id"": 683002, ""name"": ""Gunnar Henderson"", ""bats"": ""L"", ""obp"": 0.291196388261851, ""slg"": 0.39900249376558605, ""iso"": 0.17705735660847882, ""ab"": 401}, {""id"": 621493, ""name"": ""Taylor Ward"", ""bats"": ""R"", ""obp"": 0.38826185101580135, ""slg"": 0.36666666666666664, ""iso"": 0.1111111111111111, ""ab"": 360}]","[{""name"": ""away_top3c_slg"", ""value"": 0.3974, ""contribution"": 0.2171}, {""name"": ""away_top3c_iso"", ""value"": 0.1554, ""contribution"": -0.1628}, {""name"": ""home_xera"", ""value"": 5.4751, ""contribution"": 0.1393}, {""name"": ""era_gap_t1"", ""value"": 0.7806, ""contribution"": 0.0851}, {""name"": ""home_fip"", ""value"": 4.6885, ""contribution"": 0.0797}]","[{""name"": ""home_top3c_slg"", ""value"": 0.5068, ""contribution"": -0.4124}, {""name"": ""home_top3c_iso"", ""value"": 0.2172, ""contribution"": 0.1803}, {""name"": ""home_top3c_obp"", ""value"": 0.3845, ""contribution"": 0.1552}, {""name"": ""fi_park_nrfi_rate"", ""value"": 0.482, ""contribution"": 0.084}, {""name"": ""wx_is_dome"", ""value"": 1.0, ""contribution"": -0.0758}]",427366,0.4992,5.475,3.258,68.0,47.0,0.6796,0.7272,5.0,6.07,0.734,0.8047,L,R,NRFI,PASS,0,0,0,2026-07-18T20:23:49+00:00,-110,-120,DraftKings,2026-07-18T15:56:52+00:00,0.5238,0.5455,-0.0854,0.0161,,N,,,-110,-120,2026-07-18T15:56:52+00:00,,0.4647,PASS,NO EDGE,,,,,,,
2026-07-18,2026,824738,1,N,TB,BOS,4:10 PM ET,Ian Seymour,Patrick Sandoval,693855,663776,live,sm,live,live,1.05,0.5081,0.5143,1.0225,0.3735,0.327,0.7005,0.4795,0.5205,0.2725,0.7275,,,PASS,NO EDGE,PASS - No edge,4,2026-07-18T20:05:25Z,4.33,3.976,1.184,1.271,3.899,3.924,3.21,2.86,1.25,1.1,10.08,8.96,0.33,0.315,0.398,0.394,4.464,4.212,21.4,20.2,92.0,0.0,1.0,0.8,1.0,0.7,0.3314,0.3648,0.437,0.4994,0.1662,0.2103,lineup,lineup,"[{""id"": 678011, ""name"": ""Anthony Seigler"", ""bats"": ""S"", ""obp"": 0.34408602150537637, ""slg"": 0.4268292682926829, ""iso"": 0.15853658536585363, ""ab"": 82}, {""id"": 678882, ""name"": ""Ceddanne Rafaela"", ""bats"": ""R"", ""obp"": 0.3253333333333333, ""slg"": 0.43304843304843305, ""iso"": 0.15384615384615385, ""ab"": 351}, {""id"": 677800, ""name"": ""Wilyer Abreu"", ""bats"": ""L"", ""obp"": 0.33415233415233414, ""slg"": 0.44321329639889195, ""iso"": 0.18005540166204986, ""ab"": 361}]","[{""id"": 656775, ""name"": ""Cedric Mullins"", ""bats"": ""L"", ""obp"": 0.2807570977917981, ""slg"": 0.3392226148409894, ""iso"": 0.13780918727915198, ""ab"": 283}, {""id"": 676356, ""name"": ""Jonny DeLuca"", ""bats"": ""R"", ""obp"": 0.29120879120879123, ""slg"": 0.4161849710982659, ""iso"": 0.161849710982659, ""ab"": 173}, {""id"": 691406, ""name"": ""Junior Caminero"", ""bats"": ""R"", ""obp"": 0.3723150357995227, ""slg"": 0.559228650137741, ""iso"": 0.27823691460055094, ""ab"": 363}]","[{""name"": ""away_top3c_slg"", ""value"": 0.4994, ""contribution"": -0.2997}, {""name"": ""away_top3c_iso"", ""value"": 0.2103, ""contribution"": 0.2244}, {""name"": ""home_p_last10_pitcher_nrfi"", ""value"": 1.0, ""contribution"": 0.1107}, {""name"": ""away_top3_ops_vs_oppHand"", ""value"": 0.8707, ""contribution"": 0.1054}, {""name"": ""fi_park_nrfi_rate"", ""value"": 0.5121, ""contribution"": -0.0494}]","[{""name"": ""away_whiff_pct_rank"", ""value"": 87.0, ""contribution"": -0.1602}, {""name"": ""home_top3_ops_vs_oppHand"", ""value"": 0.8583, ""contribution"": 0.1136}, {""name"": ""wx_wind_kmh"", ""value"": 20.2, ""contribution"": 0.0916}, {""name"": ""home_plate_ump_nrfi_rate"", ""value"": 0.4271, ""contribution"": -0.0772}, {""name"": ""fi_park_nrfi_rate"", ""value"": 0.5121, ""contribution"": -0.076}]",623946,0.4271,4.2,4.59,50.0,87.0,0.7396,0.7136,4.33,4.73,0.8707,0.8583,L,L,NRFI,PASS,0,0,0,2026-07-18T21:28:48+00:00,+100,-130,DraftKings,2026-07-18T15:56:52+00:00,0.5,0.5652,-0.0833,0.0181,,N,,,+100,-130,2026-07-18T15:56:52+00:00,,0.4565,PASS,NO EDGE,,,,,,,
2026-07-18,2026,823116,1,N,SF,SEA,8:08 PM ET,Logan Webb,Bryan Woo,657277,693433,live,live,live,live,0.95,0.3455,0.3716,0.7171,0.2532,0.2944,0.5476,0.5677,0.4323,0.1618,0.8382,,,NRFI,LEAN,LEAN NRFI,4,2026-07-18T23:05:43Z,3.677,3.872,1.183,1.031,3.21,3.207,2.24,1.73,0.69,0.97,7.92,9.03,0.311,0.31,0.418,0.381,4.192,4.066,,,,1.0,1.0,0.6,1.0,0.7,0.3292,0.3438,0.4274,0.4759,0.1823,0.1783,lineup,lineup,"[{""id"": 641487, ""name"": ""J.P. Crawford"", ""bats"": ""L"", ""obp"": 0.3333333333333333, ""slg"": 0.3554006968641115, ""iso"": 0.1393728222996516, ""ab"": 287}, {""id"": 677594, ""name"": ""Julio Rodr\u00edguez"", ""bats"": ""R"", ""obp"": 0.32275132275132273, ""slg"": 0.42441860465116277, ""iso"": 0.1656976744186046, ""ab"": 344}, {""id"": 686527, ""name"": ""Dominic Canzone"", ""bats"": ""L"", ""obp"": 0.3333333333333333, ""slg"": 0.5217391304347826, ""iso"": 0.2608695652173913, ""ab"": 230}]","[{""id"": 650333, ""name"": ""Luis Arraez"", ""bats"": ""L"", ""obp"": 0.36658354114713215, ""slg"": 0.4562841530054645, ""iso"": 0.12841530054644812, ""ab"": 366}, {""id"": 805811, ""name"": ""Bryce Eldridge"", ""bats"": ""L"", ""obp"": 0.36036036036036034, ""slg"": 0.47668393782383417, ""iso"": 0.20725388601036265, ""ab"": 193}, {""id"": 669477, ""name"": ""Casey Schmitt"", ""bats"": ""R"", ""obp"": 0.30933333333333335, ""slg"": 0.49577464788732395, ""iso"": 0.2140845070422535, ""ab"": 355}]","[{""name"": ""away_top3c_slg"", ""value"": 0.4759, ""contribution"": -0.1806}, {""name"": ""home_xera"", ""value"": 2.9856, ""contribution"": -0.1158}, {""name"": ""home_p_last10_pitcher_nrfi"", ""value"": 1.0, ""contribution"": 0.1107}, {""name"": ""home_fip"", ""value"": 3.2074, ""contribution"": -0.0866}, {""name"": ""fi_park_nrfi_rate"", ""value"": 0.5131, ""contribution"": -0.0529}]","[{""name"": ""away_fip"", ""value"": 3.2105, ""contribution"": -0.0831}, {""name"": ""fi_park_nrfi_rate"", ""value"": 0.5131, ""contribution"": -0.0814}, {""name"": ""home_top3c_slg"", ""value"": 0.4274, ""contribution"": 0.0807}, {""name"": ""wx_is_dome"", ""value"": 1.0, ""contribution"": -0.0758}, {""name"": ""home_top3c_obp"", ""value"": 0.3292, ""contribution"": -0.0388}]",483564,0.5037,2.986,3.482,50.0,48.0,0.6796,0.7136,5.47,6.6,0.8117,0.7513,R,R,NRFI,WIN,0,0,0,2026-07-19T00:21:43+00:00,-150,+115,DraftKings,2026-07-18T23:55:45+00:00,0.6,0.4651,-0.0323,-0.0328,-0.0323,N,0.5,0,-145,+110,2026-07-18T22:03:13+00:00,0.0082,0.6438,NRFI,STRONG,,,,,,,
2026-07-18,2026,824088,1,N,SD,KC,4:10 PM ET,Griffin Canning,Randy Dobnak,656288,677976,live,sm,live,live,0.96,0.4596,0.6033,1.0629,0.1981,0.3283,0.5264,0.5685,0.4315,0.2874,0.7126,,,NRFI,LEAN,LEAN NRFI,4,2026-07-18T19:06:20Z,5.397,3.738,1.489,1.275,4.498,4.34,4.39,3.11,1.19,1.17,8.75,7.85,0.304,0.317,0.376,0.398,4.04,4.296,33.8,8.8,43.0,0.0,0.5,0.8,0.5,0.6,0.3288,0.3113,0.4486,0.3518,0.1858,0.1101,lineup,lineup,"[{""id"": 695600, ""name"": ""Carter Jensen"", ""bats"": ""L"", ""obp"": 0.3096590909090909, ""slg"": 0.4299363057324841, ""iso"": 0.18789808917197454, ""ab"": 314}, {""id"": 677951, ""name"": ""Bobby Witt Jr."", ""bats"": ""R"", ""obp"": 0.35294117647058826, ""slg"": 0.45604395604395603, ""iso"": 0.17307692307692307, ""ab"": 364}, {""id"": 695506, ""name"": ""Jac Caglianone"", ""bats"": ""L"", ""obp"": 0.32011331444759206, ""slg"": 0.4582043343653251, ""iso"": 0.19814241486068113, ""ab"": 323}]","[{""id"": 665487, ""name"": ""Fernando Tatis Jr."", ""bats"": ""R"", ""obp"": 0.34285714285714286, ""slg"": 0.376657824933687, ""iso"": 0.09549071618037136, ""ab"": 377}, {""id"": 701538, ""name"": ""Jackson Merrill"", ""bats"": ""L"", ""obp"": 0.27411167512690354, ""slg"": 0.3452054794520548, ""iso"": 0.12876712328767126, ""ab"": 365}, {""id"": 593428, ""name"": ""Xander Bogaerts"", ""bats"": ""R"", ""obp"": 0.31521739130434784, ""slg"": 0.3302180685358255, ""iso"": 0.10591900311526478, ""ab"": 321}]","[{""name"": ""away_top3c_iso"", ""value"": 0.1101, ""contribution"": -0.4819}, {""name"": ""away_top3c_slg"", ""value"": 0.3518, ""contribution"": 0.4479}, {""name"": ""fi_park_nrfi_rate"", ""value"": 0.5614, ""contribution"": -0.2197}, {""name"": ""era_gap_t1"", ""value"": -1.659, ""contribution"": -0.179}, {""name"": ""away_top3_ops_vs_oppHand"", ""value"": 0.6437, ""contribution"": -0.1259}]","[{""name"": ""fi_park_nrfi_rate"", ""value"": 0.5614, ""contribution"": -0.3377}, {""name"": ""era_gap_b1"", ""value"": 1.659, ""contribution"": 0.1125}, {""name"": ""wx_temp_c"", ""value"": 33.8, ""contribution"": 0.1048}, {""name"": ""away_whiff_pct_rank"", ""value"": 69.0, ""contribution"": -0.0825}, {""name"": ""away_fip"", ""value"": 4.4984, ""contribution"": 0.0545}]",691042,0.5084,4.2,4.668,50.0,69.0,0.7136,0.7272,5.0,4.8,0.6437,0.768,R,R,YRFI,LOSS,0,2,2,2026-07-18T20:29:36+00:00,+125,-165,DraftKings,2026-07-18T15:56:52+00:00,0.4444,0.6226,0.0932,-0.1602,,N,,0,+125,-165,2026-07-18T15:56:52+00:00,,0.5651,NRFI,STRONG,,,,,,,
2026-07-18,2026,822790,1,N,CWS,TOR,3:07 PM ET,Davis Martin,Shane Bieber,663436,669456,live,ltd,live,live,1.01,0.6955,0.4275,1.123,0.5129,0.2814,0.7943,0.4384,0.5616,0.3094,0.6906,,,PASS,LOW LAMBDA,PASS - Low lambda,4,2026-07-18T19:06:20Z,3.607,5.073,1.29,1.438,3.531,5.626,2.86,3.3,0.75,2.08,7.79,8.06,0.319,0.307,0.413,0.388,4.806,4.138,,,,1.0,0.4,1.0,0.6,1.0,0.3357,0.3679,0.3978,0.4819,0.1156,0.2258,lineup,lineup,"[{""id"": 676391, ""name"": ""Ernie Clement"", ""bats"": ""R"", ""obp"": 0.32189973614775724, ""slg"": 0.43370165745856354, ""iso"": 0.13535911602209943, ""ab"": 362}, {""id"": 664770, ""name"": ""Nathan Lukes"", ""bats"": ""L"", ""obp"": 0.3425925925925926, ""slg"": 0.40404040404040403, ""iso"": 0.11616161616161613, ""ab"": 198}, {""id"": 665489, ""name"": ""Vladimir Guerrero Jr."", ""bats"": ""R"", ""obp"": 0.3452685421994885, ""slg"": 0.3558823529411765, ""iso"": 0.09411764705882353, ""ab"": 340}]","[{""id"": 803011, ""name"": ""Sam Antonacci"", ""bats"": ""L"", ""obp"": 0.3811074918566775, ""slg"": 0.42857142857142855, ""iso"": 0.13909774436090222, ""ab"": 266}, {""id"": 808959, ""name"": ""Munetaka Murakami"", ""bats"": ""L"", ""obp"": 0.3712121212121212, ""slg"": 0.5348837209302325, ""iso"": 0.3023255813953488, ""ab"": 215}, {""id"": 678246, ""name"": ""Miguel Vargas"", ""bats"": ""R"", ""obp"": 0.3559322033898305, ""slg"": 0.4899135446685879, ""iso"": 0.24495677233429394, ""ab"": 347}]","[{""name"": ""away_top3c_iso"", ""value"": 0.2258, ""contribution"": 0.3335}, {""name"": ""away_top3c_slg"", ""value"": 0.4819, ""contribution"": -0.2108}, {""name"": ""home_fip"", ""value"": 5.6257, ""contribution"": 0.1849}, {""name"": ""era_gap_t1"", ""value"": 1.4662, ""contribution"": 0.1594}, {""name"": ""away_top3_ops_vs_oppHand"", ""value"": 0.884, ""contribution"": 0.119}]","[{""name"": ""home_top3c_iso"", ""value"": 0.1156, ""contribution"": -0.2995}, {""name"": ""home_top3c_slg"", ""value"": 0.3978, ""contribution"": 0.2647}, {""name"": ""era_gap_b1"", ""value"": -1.4662, ""contribution"": -0.1001}, {""name"": ""away_p_last10_pitcher_nrfi"", ""value"": 1.0, ""contribution"": -0.0929}, {""name"": ""away_whiff_pct_rank"", ""value"": 29.0, ""contribution"": 0.0902}]",484499,0.5451,4.2,4.871,50.0,29.0,0.7197,0.7272,4.53,4.4,0.884,0.7527,R,R,NRFI,PASS,0,0,0,2026-07-18T20:02:17+00:00,-105,-120,DraftKings,2026-07-18T15:56:52+00:00,0.5122,0.5455,-0.0738,0.0161,,N,,,-105,-120,2026-07-18T15:56:52+00:00,,0.4877,PASS,NO EDGE,,,,,,,
2026-07-18,2026,823523,1,N,LAD,NYY,8:08 PM ET,Emmet Sheehan,Ryan Weathers,686218,677960,live,live,live,live,1.02,0.5634,0.5359,1.0993,0.3457,0.3837,0.7294,0.4772,0.5228,0.3007,0.6993,,,PASS,LINEUP PENDING,PASS - Lineup pending,4,2026-07-18T21:01:28Z,4.331,4.139,1.189,1.248,4.006,4.049,2.83,2.62,1.43,1.44,10.16,9.77,0.339,0.317,0.429,0.421,5.093,4.737,25.6,9.8,90.0,0.0,0.6,0.8,0.6,0.8,0.3169,0.3385,0.4209,0.4287,0.169,0.169,team_fallback,team_fallback,[],[],"[{""name"": ""fi_park_nrfi_rate"", ""value"": 0.4526, ""contribution"": 0.1563}, {""name"": ""away_top3c_iso"", ""value"": 0.169, ""contribution"": -0.0668}, {""name"": ""away_top3c_slg"", ""value"": 0.4287, ""contribution"": 0.0587}, {""name"": ""away_top3_ops_vs_oppHand"", ""value"": 0.72, ""contribution"": -0.0481}, {""name"": ""home_p_last10_pitcher_nrfi"", ""value"": 0.6, ""contribution"": -0.0455}]","[{""name"": ""fi_park_nrfi_rate"", ""value"": 0.4526, ""contribution"": 0.2403}, {""name"": ""away_whiff_pct_rank"", ""value"": 96.0, ""contribution"": -0.199}, {""name"": ""home_top3c_slg"", ""value"": 0.4209, ""contribution"": 0.1214}, {""name"": ""home_top3c_obp"", ""value"": 0.3169, ""contribution"": -0.0822}, {""name"": ""home_top3_ops_vs_oppHand"", ""value"": 0.72, ""contribution"": -0.0521}]",,0.5084,4.324,2.975,88.0,96.0,0.7136,0.7136,4.67,4.6,0.72,0.72,R,L,NRFI,PASS,0,0,0,2026-07-19T16:54:16+00:00,+100,-130,DraftKings,2026-07-18T15:56:52+00:00,0.5,0.5652,-0.0228,-0.0424,,N,,,+100,-130,2026-07-18T15:56:52+00:00,,0.4535,PASS,NO EDGE,,,,,,,
2026-07-18,2026,824414,1,S,PIT,CLE,1:10 PM ET,Jared Jones,Gavin Williams,683003,668909,ltd,live,live,live,0.96,0.5284,0.4527,0.9811,0.3025,0.3747,0.6772,0.4973,0.5027,0.2573,0.7427,,,PASS,NO EDGE,PASS - No edge,4,2026-07-18T17:06:36Z,4.263,3.614,1.204,1.181,3.998,3.964,2.88,3.34,1.25,1.32,9.35,10.31,0.339,0.311,0.423,0.374,5.21,4.04,24.2,20.5,88.0,0.0,0.8,0.8,0.8,0.75,0.3399,0.3603,0.4165,0.4594,0.1508,0.1838,lineup,lineup,"[{""id"": 683953, ""name"": ""Travis Bazzana"", ""bats"": ""L"", ""obp"": 0.32978723404255317, ""slg"": 0.38934426229508196, ""iso"": 0.15163934426229508, ""ab"": 244}, {""id"": 677587, ""name"": ""Brayan Rocchio"", ""bats"": ""S"", ""obp"": 0.34269662921348315, ""slg"": 0.40752351097178685, ""iso"": 0.1316614420062696, ""ab"": 319}, {""id"": 800050, ""name"": ""Chase DeLauter"", ""bats"": ""L"", ""obp"": 0.34534534534534533, ""slg"": 0.44816053511705684, ""iso"": 0.1705685618729097, ""ab"": 299}]","[{""id"": 663968, ""name"": ""Jake Mangum"", ""bats"": ""S"", ""obp"": 0.364, ""slg"": 0.388646288209607, ""iso"": 0.07860262008733626, ""ab"": 229}, {""id"": 664040, ""name"": ""Brandon Lowe"", ""bats"": ""L"", ""obp"": 0.31592039800995025, ""slg"": 0.48739495798319327, ""iso"": 0.24089635854341734, ""ab"": 357}, {""id"": 668804, ""name"": ""Bryan Reynolds"", ""bats"": ""S"", ""obp"": 0.4004739336492891, ""slg"": 0.47714285714285715, ""iso"": 0.19428571428571428, ""ab"": 350}]","[{""name"": ""fi_park_nrfi_rate"", ""value"": 0.528, ""contribution"": -0.1042}, {""name"": ""away_top3c_slg"", ""value"": 0.4594, ""contribution"": -0.0969}, {""name"": ""era_gap_t1"", ""value"": -0.6493, ""contribution"": -0.0697}, {""name"": ""away_top3_ops_vs_oppHand"", ""value"": 0.8297, ""contribution"": 0.0636}, {""name"": ""wx_wind_kmh"", ""value"": 20.5, ""contribution"": 0.0401}]","[{""name"": ""fi_park_nrfi_rate"", ""value"": 0.528, ""contribution"": -0.1602}, {""name"": ""home_top3c_slg"", ""value"": 0.4165, ""contribution"": 0.1486}, {""name"": ""home_top3c_iso"", ""value"": 0.1508, ""contribution"": -0.1331}, {""name"": ""wx_wind_kmh"", ""value"": 20.5, ""contribution"": 0.0948}, {""name"": ""era_gap_b1"", ""value"": 0.6493, ""contribution"": 0.0438}]",577468,0.4946,4.171,4.2,88.0,50.0,0.7136,0.7136,5.33,4.33,0.8297,0.7817,R,R,NRFI,PASS,0,0,0,2026-07-18T17:24:22+00:00,-140,+105,DraftKings,2026-07-18T15:56:52+00:00,0.5833,0.4878,-0.1038,0.0327,,N,,,-140,+105,2026-07-18T15:56:52+00:00,,0.4521,PASS,NO EDGE,,,,,,,
2026-07-18,2026,824899,1,N,TEX,ATL,4:10 PM ET,MacKenzie Gore,Owen Murphy,669022,702566,live,sm,live,live,0.98,0.4374,0.5331,0.9705,0.295,0.317,0.612,0.5485,0.4515,0.2534,0.7466,,,NRFI,LEAN,LEAN NRFI,4,2026-07-18T19:06:20Z,4.503,3.995,1.307,1.168,3.71,3.903,3.54,2.66,1.06,1.1,10.02,8.77,0.319,0.315,0.399,0.413,4.174,4.887,31.3,8.9,52.0,0.0,0.5,0.8,0.5,0.7,0.3388,0.3437,0.4805,0.4611,0.213,0.1917,lineup,lineup,"[{""id"": 686948, ""name"": ""Drake Baldwin"", ""bats"": ""L"", ""obp"": 0.35185185185185186, ""slg"": 0.45229681978798586, ""iso"": 0.1908127208480565, ""ab"": 283}, {""id"": 645277, ""name"": ""Ozzie Albies"", ""bats"": ""S"", ""obp"": 0.3228915662650602, ""slg"": 0.4393530997304582, ""iso"": 0.169811320754717, ""ab"": 371}, {""id"": 621566, ""name"": ""Matt Olson"", ""bats"": ""L"", ""obp"": 0.34441805225653205, ""slg"": 0.5427807486631016, ""iso"": 0.27272727272727265, ""ab"": 374}]","[{""id"": 679822, ""name"": ""Justin Foscue"", ""bats"": ""R"", ""obp"": 0.3524590163934426, ""slg"": 0.5412844036697247, ""iso"": 0.2568807339449541, ""ab"": 109}, {""id"": 694671, ""name"": ""Wyatt Langford"", ""bats"": ""R"", ""obp"": 0.31958762886597936, ""slg"": 0.4861878453038674, ""iso"": 0.2154696132596685, ""ab"": 181}, {""id"": 673962, ""name"": ""Josh Jung"", ""bats"": ""R"", ""obp"": 0.3631578947368421, ""slg"": 0.4470588235294118, ""iso"": 0.15294117647058825, ""ab"": 340}]","[{""name"": ""away_top3c_slg"", ""value"": 0.4611, ""contribution"": -0.1057}, {""name"": ""away_top3c_iso"", ""value"": 0.1917, ""contribution"": 0.0931}, {""name"": ""home_p_last10_pitcher_nrfi"", ""value"": 0.5, ""contribution"": -0.0846}, {""name"": ""wx_temp_c"", ""value"": 31.3, ""contribution"": 0.0601}, {""name"": ""era_gap_t1"", ""value"": -0.5076, ""contribution"": -0.0543}]","[{""name"": ""home_top3c_slg"", ""value"": 0.4805, ""contribution"": -0.2494}, {""name"": ""home_top3c_iso"", ""value"": 0.213, ""contribution"": 0.1606}, {""name"": ""away_whiff_pct_rank"", ""value"": 75.0, ""contribution"": -0.1084}, {""name"": ""wx_temp_c"", ""value"": 31.3, ""contribution"": 0.0839}, {""name"": ""home_top3_ops_vs_oppHand"", ""value"": 0.818, ""contribution"": 0.0653}]",521251,0.4391,4.2,4.532,50.0,75.0,0.7136,0.7028,5.0,5.4,0.801,0.818,L,R,YRFI,LOSS,1,0,1,2026-07-18T20:26:01+00:00,-105,-125,DraftKings,2026-07-18T15:56:52+00:00,0.5122,0.5556,-0.0042,-0.0636,,N,,0,-105,-125,2026-07-18T15:56:52+00:00,,0.4877,PASS,NO EDGE,,,,,,,
2026-07-18,2026,824657,1,N,MIN,CHC,2:20 PM ET,Taj Bradley,Matthew Boyd,671737,571510,live,live,live,live,1.0,0.4388,0.5852,1.0239,0.2924,0.429,0.7214,0.4772,0.5228,0.273,0.727,,,PASS,NO EDGE,PASS - No edge,4,2026-07-18T17:55:44Z,4.0,3.9,1.244,1.192,4.104,3.515,3.53,2.34,1.29,0.97,9.73,8.52,0.321,0.333,0.413,0.409,4.81,4.942,26.3,18.0,68.0,0.0,0.8,0.8,0.8,0.6,0.3679,0.3432,0.4621,0.4177,0.1967,0.1617,lineup,lineup,"[{""id"": 691718, ""name"": ""Pete Crow-Armstrong"", ""bats"": ""L"", ""obp"": 0.3847980997624703, ""slg"": 0.5263157894736842, ""iso"": 0.23822714681440438, ""ab"": 361}, {""id"": 673548, ""name"": ""Seiya Suzuki"", ""bats"": ""R"", ""obp"": 0.34870317002881845, ""slg"": 0.46557377049180326, ""iso"": 0.19672131147540983, ""ab"": 305}, {""id"": 683737, ""name"": ""Michael Busch"", ""bats"": ""L"", ""obp"": 0.36682242990654207, ""slg"": 0.39316239316239315, ""iso"": 0.15384615384615383, ""ab"": 351}]","[{""id"": 702176, ""name"": ""Alan Roden"", ""bats"": ""L"", ""obp"": 0.2777777777777778, ""slg"": 0.1875, ""iso"": 0.0, ""ab"": 16}, {""id"": 680777, ""name"": ""Ryan Jeffers"", ""bats"": ""R"", ""obp"": 0.4, ""slg"": 0.5522388059701493, ""iso"": 0.2611940298507463, ""ab"": 134}, {""id"": 605137, ""name"": ""Josh Bell"", ""bats"": ""S"", ""obp"": 0.30606860158311344, ""slg"": 0.4265129682997118, ""iso"": 0.1786743515850144, ""ab"": 347}]","[{""name"": ""fi_park_nrfi_rate"", ""value"": 0.5429, ""contribution"": -0.1558}, {""name"": ""away_top3c_iso"", ""value"": 0.1617, ""contribution"": -0.118}, {""name"": ""away_top3c_slg"", ""value"": 0.4177, ""contribution"": 0.1142}, {""name"": ""home_xera"", ""value"": 3.564, ""contribution"": -0.0565}, {""name"": ""away_top3_ops_vs_oppHand"", ""value"": 0.821, ""contribution"": 0.0548}]","[{""name"": ""fi_park_nrfi_rate"", ""value"": 0.5429, ""contribution"": -0.2395}, {""name"": ""home_obp"", ""value"": 0.3333, ""contribution"": 0.1367}, {""name"": ""home_top3c_slg"", ""value"": 0.4621, ""contribution"": -0.1351}, {""name"": ""home_top3c_obp"", ""value"": 0.3679, ""contribution"": 0.0968}, {""name"": ""home_top3c_iso"", ""value"": 0.1967, ""contribution"": 0.0833}]",608158,0.5142,3.564,4.08,41.0,52.0,0.7396,0.7272,5.6,6.2,0.821,0.8187,R,L,YRFI,PASS,0,1,1,2026-07-18T18:33:00+00:00,-110,-120,DraftKings,2026-07-18T15:56:52+00:00,0.5238,0.5455,-0.0445,-0.0248,,N,,,-110,-120,2026-07-18T15:56:52+00:00,,0.4877,PASS,NO EDGE,,,,,,,
2026-07-18,2026,824412,2,S,PIT,CLE,7:10 PM ET,Mason Montgomery,Logan Allen,682254,671106,ltd,live,live,live,0.96,0.5429,0.4786,1.0216,0.2084,0.2999,0.5083,0.5804,0.4196,0.2722,0.7278,,,NRFI,LEAN,LEAN NRFI,4,2026-07-18T22:06:08Z,4.454,3.864,1.357,1.409,3.583,4.006,3.98,3.45,1.09,0.94,11.69,7.82,0.338,0.31,0.425,0.373,5.226,4.013,24.2,11.6,87.0,0.0,0.4,1.0,0.6,1.0,0.3399,0.3808,0.4165,0.4231,0.1508,0.1243,lineup,lineup,"[{""id"": 683953, ""name"": ""Travis Bazzana"", ""bats"": ""L"", ""obp"": 0.32978723404255317, ""slg"": 0.38934426229508196, ""iso"": 0.15163934426229508, ""ab"": 244}, {""id"": 677587, ""name"": ""Brayan Rocchio"", ""bats"": ""S"", ""obp"": 0.34269662921348315, ""slg"": 0.40752351097178685, ""iso"": 0.1316614420062696, ""ab"": 319}, {""id"": 800050, ""name"": ""Chase DeLauter"", ""bats"": ""L"", ""obp"": 0.34534534534534533, ""slg"": 0.44816053511705684, ""iso"": 0.1705685618729097, ""ab"": 299}]","[{""id"": 663968, ""name"": ""Jake Mangum"", ""bats"": ""S"", ""obp"": 0.364, ""slg"": 0.388646288209607, ""iso"": 0.07860262008733626, ""ab"": 229}, {""id"": 693304, ""name"": ""Nick Gonzales"", ""bats"": ""R"", ""obp"": 0.3699731903485255, ""slg"": 0.3905325443786982, ""iso"": 0.08284023668639051, ""ab"": 338}, {""id"": 668804, ""name"": ""Bryan Reynolds"", ""bats"": ""S"", ""obp"": 0.4004739336492891, ""slg"": 0.47714285714285715, ""iso"": 0.19428571428571428, ""ab"": 350}]","[{""name"": ""away_top3c_iso"", ""value"": 0.1243, ""contribution"": -0.3816}, {""name"": ""fi_park_nrfi_rate"", ""value"": 0.528, ""contribution"": -0.1042}, {""name"": ""away_top3c_slg"", ""value"": 0.4231, ""contribution"": 0.0869}, {""name"": ""era_gap_t1"", ""value"": -0.5906, ""contribution"": -0.0633}, {""name"": ""home_p_last10_pitcher_nrfi"", ""value"": 0.6, ""contribution"": -0.0455}]","[{""name"": ""fi_park_nrfi_rate"", ""value"": 0.528, ""contribution"": -0.1602}, {""name"": ""home_top3c_slg"", ""value"": 0.4165, ""contribution"": 0.1486}, {""name"": ""home_top3c_iso"", ""value"": 0.1508, ""contribution"": -0.1331}, {""name"": ""away_p_last10_pitcher_nrfi"", ""value"": 1.0, ""contribution"": -0.0929}, {""name"": ""home_top3_ops_vs_oppHand"", ""value"": 0.7043, ""contribution"": -0.0708}]",427554,0.4835,4.2,2.493,50.0,50.0,0.7136,0.7136,5.67,1.0,0.7453,0.7043,L,L,NRFI,WIN,0,0,0,2026-07-19T00:36:58+00:00,-125,-105,DraftKings,2026-07-18T23:55:45+00:00,0.5556,0.5122,0.0248,-0.0926,0.0248,N,0.5,0,-125,-105,2026-07-18T22:03:13+00:00,0,0.4877,PASS,NO EDGE,,,,,,,
2026-07-19,2026,824330,1,N,CIN,COL,3:10 PM ET,Hunter Greene,Ryan Feltner,668881,663372,live,ltd,live,live,1.22,0.659,0.5529,1.212,0.5957,0.531,1.1267,0.3219,0.6781,0.3417,0.6583,,,YRFI,STRONG,STRONG YRFI,4,2026-07-19T17:55:53Z,3.729,4.459,1.07,1.3,3.17,4.8,2.7,3.3,1.18,1.43,12.06,7.37,0.311,0.325,0.399,0.418,4.219,4.743,37.3,20.5,13.0,0.0,0.6,0.8,0.7,0.8,0.3313,0.3453,0.5343,0.4887,0.2589,0.2282,lineup,lineup,"[{""id"": 664983, ""name"": ""Jake McCarthy"", ""bats"": ""L"", ""obp"": 0.34935897435897434, ""slg"": 0.5156794425087108, ""iso"": 0.21254355400696862, ""ab"": 287}, {""id"": 666160, ""name"": ""Mickey Moniak"", ""bats"": ""L"", ""obp"": 0.32340425531914896, ""slg"": 0.5622119815668203, ""iso"": 0.2857142857142857, ""ab"": 217}, {""id"": 696100, ""name"": ""Hunter Goodman"", ""bats"": ""R"", ""obp"": 0.32105263157894737, ""slg"": 0.5321637426900585, ""iso"": 0.28070175438596495, ""ab"": 342}]","[{""id"": 682829, ""name"": ""Elly De La Cruz"", ""bats"": ""S"", ""obp"": 0.3524355300859599, ""slg"": 0.5096153846153846, ""iso"": 0.22756410256410253, ""ab"": 312}, {""id"": 695490, ""name"": ""Edwin Arroyo"", ""bats"": ""S"", ""obp"": 0.2743362831858407, ""slg"": 0.2830188679245283, ""iso"": 0.047169811320754707, ""ab"": 106}, {""id"": 668709, ""name"": ""JJ Bleday"", ""bats"": ""L"", ""obp"": 0.35051546391752575, ""slg"": 0.4898785425101215, ""iso"": 0.24696356275303646, ""ab"": 247}]","[{""name"": ""away_top3c_iso"", ""value"": 0.2282, ""contribution"": 0.3501}, {""name"": ""fi_park_nrfi_rate"", ""value"": 0.4241, ""contribution"": 0.2547}, {""name"": ""away_top3c_slg"", ""value"": 0.4887, ""contribution"": -0.2453}, {""name"": ""wx_temp_c"", ""value"": 37.3, ""contribution"": 0.0961}, {""name"": ""home_fip"", ""value"": 4.7997, ""contribution"": 0.0922}]","[{""name"": ""home_top3c_slg"", ""value"": 0.5343, ""contribution"": -0.5832}, {""name"": ""fi_park_nrfi_rate"", ""value"": 0.4241, ""contribution"": 0.3916}, {""name"": ""home_top3c_iso"", ""value"": 0.2589, ""contribution"": 0.377}, {""name"": ""wx_temp_c"", ""value"": 37.3, ""contribution"": 0.134}, {""name"": ""home_top3_ops_vs_oppHand"", ""value"": 0.873, ""contribution"": 0.1311}]",605673,0.4897,4.743,4.2,55.0,50.0,0.7136,0.751,5.4,5.53,0.8073,0.873,R,R,YRFI,WIN,5,1,6,2026-07-19T19:32:45+00:00,+120,-155,DraftKings,2026-07-19T15:05:47+00:00,0.4545,0.6078,-0.1264,0.0641,0.0641,Y,1,0.645,+120,-155,2026-07-19T15:05:47+00:00,0,0.3982,YRFI,STRONG,,,,,,,
2026-07-19,2026,824978,1,N,WSH,OAK,4:05 PM ET,Foster Griffin,Jacob Lopez,656492,682052,live,live,live,live,0.93,0.6813,0.4559,1.1373,0.5341,0.4002,0.9344,0.4064,0.5936,0.3146,0.6854,,,YRFI,STRONG,STRONG YRFI,4,2026-07-19T17:55:53Z,3.143,5.682,1.084,1.57,4.02,5.274,2.34,4.67,1.34,1.63,8.87,8.49,0.325,0.322,0.434,0.405,5.329,4.5,20.5,15.3,62.0,0.0,1.0,1.0,0.9,0.9,0.3316,0.3247,0.4654,0.4339,0.2042,0.169,lineup,team_fallback,"[{""id"": 805779, ""name"": ""Jacob Wilson"", ""bats"": ""R"", ""obp"": 0.3183673469387755, ""slg"": 0.4034334763948498, ""iso"": 0.11587982832618027, ""ab"": 233}, {""id"": 691016, ""name"": ""Tyler Soderstrom"", ""bats"": ""L"", ""obp"": 0.3464788732394366, ""slg"": 0.48366013071895425, ""iso"": 0.238562091503268, ""ab"": 306}, {""id"": 669127, ""name"": ""Shea Langeliers"", ""bats"": ""R"", ""obp"": 0.3265822784810127, ""slg"": 0.49019607843137253, ""iso"": 0.23249299719887956, ""ab"": 357}]","[{""id"": 695578, ""name"": ""James Wood"", ""bats"": ""L"", ""obp"": 0.4051724137931034, ""slg"": 0.5634920634920635, ""iso"": 0.28835978835978837, ""ab"": 378}, {""id"": 678554, ""name"": ""Curtis Mead"", ""bats"": ""R"", ""obp"": 0.34539473684210525, ""slg"": 0.5131086142322098, ""iso"": 0.25842696629213485, ""ab"": 267}, {""id"": 671277, ""name"": ""Luis Garc\u00eda Jr."", ""bats"": ""L"", ""obp"": 0.3126934984520124, ""slg"": 0.5472312703583062, ""iso"": 0.2671009771986971, ""ab"": 307}]","[{""name"": ""era_gap_t1"", ""value"": 2.539, ""contribution"": 0.2755}, {""name"": ""fi_park_nrfi_rate"", ""value"": 0.4422, ""contribution"": 0.1922}, {""name"": ""home_fip"", ""value"": 5.2739, ""contribution"": 0.1454}, {""name"": ""home_p_last10_pitcher_nrfi"", ""value"": 0.9, ""contribution"": 0.0716}, {""name"": ""away_top3c_iso"", ""value"": 0.169, ""contribution"": -0.0668}]","[{""name"": ""fi_park_nrfi_rate"", ""value"": 0.4422, ""contribution"": 0.2954}, {""name"": ""era_gap_b1"", ""value"": -2.539, ""contribution"": -0.1731}, {""name"": ""home_top3c_slg"", ""value"": 0.4654, ""contribution"": -0.1553}, {""name"": ""home_top3c_iso"", ""value"": 0.2042, ""contribution"": 0.1191}, {""name"": ""away_p_last10_pitcher_nrfi"", ""value"": 0.9, ""contribution"": -0.0601}]",658082,0.5146,3.53,4.362,71.0,59.0,0.7272,0.7136,3.53,6.47,0.72,0.8013,L,L,NRFI,LOSS,0,0,0,2026-07-19T20:23:08+00:00,+110,-140,DraftKings,2026-07-19T15:05:47+00:00,0.4762,0.5833,-0.0858,0.0263,0.0263,Y,1,-1,+110,-140,2026-07-19T15:05:47+00:00,0,0.4877,PASS,NO EDGE,,,,,,,
2026-07-19,2026,824007,1,N,DET,LAA,4:07 PM ET,Casey Mize,Ryan Johnson,663554,696270,live,ltd,live,live,0.99,0.5928,0.3783,0.9712,0.5324,0.421,0.9534,0.3979,0.6021,0.2536,0.7464,,,YRFI,STRONG,STRONG YRFI,4,2026-07-19T19:05:37Z,3.159,5.338,1.092,1.369,3.167,5.194,2.13,3.2,0.82,1.77,8.79,7.87,0.313,0.314,0.4,0.391,4.279,4.373,29.7,13.2,51.0,0.0,0.8,1.0,0.6667,1.0,0.3515,0.3455,0.4387,0.4441,0.1913,0.1762,lineup,lineup,"[{""id"": 687263, ""name"": ""Zach Neto"", ""bats"": ""R"", ""obp"": 0.3248259860788863, ""slg"": 0.44854881266490765, ""iso"": 0.21372031662269128, ""ab"": 379}, {""id"": 545361, ""name"": ""Mike Trout"", ""bats"": ""R"", ""obp"": 0.38950276243093923, ""slg"": 0.4724137931034483, ""iso"": 0.23448275862068965, ""ab"": 290}, {""id"": 694384, ""name"": ""Nolan Schanuel"", ""bats"": ""L"", ""obp"": 0.3445121951219512, ""slg"": 0.3924914675767918, ""iso"": 0.11945392491467577, ""ab"": 293}]","[{""id"": 805808, ""name"": ""Kevin McGonigle"", ""bats"": ""L"", ""obp"": 0.3886255924170616, ""slg"": 0.4178272980501393, ""iso"": 0.13649025069637882, ""ab"": 359}, {""id"": 693307, ""name"": ""Dillon Dingler"", ""bats"": ""R"", ""obp"": 0.328804347826087, ""slg"": 0.5075528700906344, ""iso"": 0.2447129909365559, ""ab"": 331}, {""id"": 663837, ""name"": ""Matt Vierling"", ""bats"": ""R"", ""obp"": 0.26022304832713755, ""slg"": 0.3333333333333333, ""iso"": 0.12601626016260162, ""ab"": 246}]","[{""name"": ""era_gap_t1"", ""value"": 2.1793, ""contribution"": 0.2366}, {""name"": ""fi_park_nrfi_rate"", ""value"": 0.4526, ""contribution"": 0.1563}, {""name"": ""home_fip"", ""value"": 5.1944, ""contribution"": 0.1365}, {""name"": ""away_top3_ops_vs_oppHand"", ""value"": 0.82, ""contribution"": 0.0538}, {""name"": ""wx_temp_c"", ""value"": 29.7, ""contribution"": 0.0506}]","[{""name"": ""fi_park_nrfi_rate"", ""value"": 0.4526, ""contribution"": 0.2403}, {""name"": ""era_gap_b1"", ""value"": -2.1793, ""contribution"": -0.1487}, {""name"": ""away_p_last10_pitcher_nrfi"", ""value"": 1.0, ""contribution"": -0.0929}, {""name"": ""away_fip"", ""value"": 3.1672, ""contribution"": -0.0877}, {""name"": ""wx_temp_c"", ""value"": 29.7, ""contribution"": 0.0705}]",427013,0.504,4.2,3.428,50.0,53.0,0.7136,0.751,5.0,5.93,0.82,0.793,R,R,YRFI,WIN,1,0,1,2026-07-19T20:25:21+00:00,-105,-125,DraftKings,2026-07-19T15:05:47+00:00,0.5122,0.5556,-0.1243,0.0565,0.0565,Y,1,0.8,-105,-125,2026-07-19T15:05:47+00:00,0,0.4658,PASS,NO EDGE,,,,,,,
2026-07-19,2026,823439,1,N,NYM,PHI,1:35 PM ET,Nolan McLean,Alan Rangel,690997,660604,live,sm,live,live,1.04,0.5141,0.4597,0.9739,0.4712,0.3857,0.8569,0.4064,0.5936,0.2546,0.7454,,,YRFI,STRONG,STRONG YRFI,4,2026-07-19T15:58:13Z,3.467,4.176,1.134,1.305,3.331,4.238,3.19,3.35,0.89,1.28,10.24,9.27,0.304,0.305,0.384,0.4,4.127,4.373,27.8,13.2,34.0,0.0,1.0,0.6,1.0,0.8,0.3418,0.3465,0.4745,0.445,0.2227,0.1766,lineup,lineup,"[{""id"": 607208, ""name"": ""Trea Turner"", ""bats"": ""R"", ""obp"": 0.29009433962264153, ""slg"": 0.3730964467005076, ""iso"": 0.1319796954314721, ""ab"": 394}, {""id"": 656941, ""name"": ""Kyle Schwarber"", ""bats"": ""L"", ""obp"": 0.36879432624113473, ""slg"": 0.5658263305322129, ""iso"": 0.31092436974789917, ""ab"": 357}, {""id"": 547180, ""name"": ""Bryce Harper"", ""bats"": ""L"", ""obp"": 0.3669064748201439, ""slg"": 0.49570200573065903, ""iso"": 0.23495702005730662, ""ab"": 349}]","[{""id"": 805999, ""name"": ""A.J. Ewing"", ""bats"": ""L"", ""obp"": 0.34649122807017546, ""slg"": 0.4362745098039216, ""iso"": 0.16176470588235292, ""ab"": 204}, {""id"": 665742, ""name"": ""Juan Soto"", ""bats"": ""L"", ""obp"": 0.40762463343108507, ""slg"": 0.5551601423487544, ""iso"": 0.2669039145907473, ""ab"": 281}, {""id"": 666182, ""name"": ""Bo Bichette"", ""bats"": ""R"", ""obp"": 0.29691211401425177, ""slg"": 0.3695090439276486, ""iso"": 0.11886304909560724, ""ab"": 387}]","[{""name"": ""home_p_last10_pitcher_nrfi"", ""value"": 1.0, ""contribution"": 0.1107}, {""name"": ""fi_park_nrfi_rate"", ""value"": 0.473, ""contribution"": 0.0859}, {""name"": ""era_gap_t1"", ""value"": 0.7092, ""contribution"": 0.0774}, {""name"": ""away_top3_ops_vs_oppHand"", ""value"": 0.833, ""contribution"": 0.067}, {""name"": ""home_avg_ip_per_start"", ""value"": 3.6667, ""contribution"": 0.0488}]","[{""name"": ""home_top3c_slg"", ""value"": 0.4745, ""contribution"": -0.2121}, {""name"": ""home_top3c_iso"", ""value"": 0.2227, ""contribution"": 0.2064}, {""name"": ""fi_park_nrfi_rate"", ""value"": 0.473, ""contribution"": 0.1321}, {""name"": ""home_top3_ops_vs_oppHand"", ""value"": 0.864, ""contribution"": 0.1203}, {""name"": ""away_whiff_pct_rank"", ""value"": 76.0, ""contribution"": -0.1127}]",681849,0.5084,4.2,2.723,50.0,76.0,0.7136,0.7396,3.67,6.2,0.833,0.864,R,R,YRFI,WIN,2,0,2,2026-07-19T17:55:09+00:00,+105,-135,DraftKings,2026-07-19T15:05:47+00:00,0.4878,0.5745,-0.0665,0.0042,0.0284,Y,1,0.741,+105,-135,2026-07-19T15:05:47+00:00,0,0.4606,PASS,NO EDGE,,,,,,,
2026-07-19,2026,825057,1,N,STL,ARI,4:10 PM ET,Andre Pallante,Eduardo Rodriguez,669467,593958,live,live,live,live,1.0,0.5273,0.5095,1.0369,0.3638,0.4882,0.852,0.4064,0.5936,0.2778,0.7222,,,YRFI,STRONG,STRONG YRFI,4,2026-07-19T19:05:37Z,4.346,2.999,1.311,1.266,4.169,4.346,2.85,3.19,0.98,1.08,6.39,6.79,0.318,0.309,0.391,0.388,4.504,4.358,,,,1.0,0.6,0.8,0.6,0.7,0.3375,0.362,0.4325,0.4389,0.1832,0.1722,lineup,lineup,"[{""id"": 606466, ""name"": ""Ketel Marte"", ""bats"": ""S"", ""obp"": 0.3140096618357488, ""slg"": 0.45910290237467016, ""iso"": 0.20052770448548812, ""ab"": 379}, {""id"": 672695, ""name"": ""Geraldo Perdomo"", ""bats"": ""S"", ""obp"": 0.35443037974683544, ""slg"": 0.35060975609756095, ""iso"": 0.11280487804878048, ""ab"": 328}, {""id"": 678489, ""name"": ""Jorge Barrosa"", ""bats"": ""S"", ""obp"": 0.25806451612903225, ""slg"": 0.34513274336283184, ""iso"": 0.15929203539823006, ""ab"": 113}]","[{""id"": 802139, ""name"": ""JJ Wetherholt"", ""bats"": ""L"", ""obp"": 0.3597122302158273, ""slg"": 0.4083333333333333, ""iso"": 0.14444444444444443, ""ab"": 360}, {""id"": 686780, ""name"": ""Pedro Pag\u00e9s"", ""bats"": ""R"", ""obp"": 0.2468354430379747, ""slg"": 0.3310810810810811, ""iso"": 0.12162162162162163, ""ab"": 148}, {""id"": 691023, ""name"": ""Jordan Walker"", ""bats"": ""R"", ""obp"": 0.35396039603960394, ""slg"": 0.5260273972602739, ""iso"": 0.23287671232876705, ""ab"": 365}]","[{""name"": ""fi_park_nrfi_rate"", ""value"": 0.4239, ""contribution"": 0.2555}, {""name"": ""era_gap_t1"", ""value"": -1.3466, ""contribution"": -0.1452}, {""name"": ""away_top3_ops_vs_oppHand"", ""value"": 0.832, ""contribution"": 0.066}, {""name"": ""home_p_last10_pitcher_nrfi"", ""value"": 0.6, ""contribution"": -0.0455}, {""name"": ""home_xera"", ""value"": 4.5463, ""contribution"": 0.0442}]","[{""name"": ""fi_park_nrfi_rate"", ""value"": 0.4239, ""contribution"": 0.3927}, {""name"": ""era_gap_b1"", ""value"": 1.3466, ""contribution"": 0.0912}, {""name"": ""wx_is_dome"", ""value"": 1.0, ""contribution"": -0.0758}, {""name"": ""home_top3c_slg"", ""value"": 0.4325, ""contribution"": 0.0491}, {""name"": ""home_top3_ops_vs_oppHand"", ""value"": 0.7277, ""contribution"": -0.0429}]",658325,0.5084,4.546,4.364,32.0,56.0,0.7136,0.7136,6.53,6.07,0.832,0.7277,R,L,NRFI,LOSS,0,0,0,2026-07-19T20:22:06+00:00,-110,-120,DraftKings,2026-07-19T15:05:47+00:00,0.5238,0.5455,-0.1174,0.0481,0.0481,Y,1,-1,-110,-120,2026-07-19T15:05:47+00:00,0,0.4589,PASS,NO EDGE,,,,,,,
2026-07-19,2026,823764,1,N,MIA,MIL,2:10 PM ET,Eury Pérez,Robert Gasser,691587,688107,live,ltd,live,live,1.03,0.5694,0.5682,1.1376,0.266,0.2388,0.5048,0.5879,0.4121,0.3147,0.6853,,,NRFI,LEAN,LEAN NRFI,4,2026-07-19T17:04:25Z,3.925,4.743,1.125,1.265,4.051,4.666,3.41,2.82,1.3,1.61,9.93,8.56,0.327,0.335,0.409,0.398,4.504,5.013,,,,1.0,0.6,0.8,0.6,0.6,0.3444,0.342,0.4466,0.4387,0.1841,0.1781,lineup,lineup,"[{""id"": 592885, ""name"": ""Christian Yelich"", ""bats"": ""L"", ""obp"": 0.3333333333333333, ""slg"": 0.384, ""iso"": 0.14, ""ab"": 250}, {""id"": 694192, ""name"": ""Jackson Chourio"", ""bats"": ""R"", ""obp"": 0.33447098976109213, ""slg"": 0.48698884758364314, ""iso"": 0.20817843866171004, ""ab"": 269}, {""id"": 668930, ""name"": ""Brice Turang"", ""bats"": ""L"", ""obp"": 0.3588516746411483, ""slg"": 0.4598337950138504, ""iso"": 0.19667590027700832, ""ab"": 361}]","[{""id"": 669364, ""name"": ""Xavier Edwards"", ""bats"": ""S"", ""obp"": 0.3798076923076923, ""slg"": 0.4182825484764543, ""iso"": 0.11911357340720224, ""ab"": 361}, {""id"": 681715, ""name"": ""Heriberto Hern\u00e1ndez"", ""bats"": ""R"", ""obp"": 0.31223628691983124, ""slg"": 0.46919431279620855, ""iso"": 0.23696682464454977, ""ab"": 211}, {""id"": 669065, ""name"": ""Kyle Stowers"", ""bats"": ""L"", ""obp"": 0.3141025641025641, ""slg"": 0.4420289855072464, ""iso"": 0.2101449275362319, ""ab"": 276}]","[{""name"": ""fi_park_nrfi_rate"", ""value"": 0.5899, ""contribution"": -0.3182}, {""name"": ""era_gap_t1"", ""value"": 0.818, ""contribution"": 0.0892}, {""name"": ""home_fip"", ""value"": 4.6655, ""contribution"": 0.0771}, {""name"": ""home_p_last10_pitcher_nrfi"", ""value"": 0.6, ""contribution"": -0.0455}, {""name"": ""away_top3_ops_vs_oppHand"", ""value"": 0.752, ""contribution"": -0.0155}]","[{""name"": ""fi_park_nrfi_rate"", ""value"": 0.5899, ""contribution"": -0.4892}, {""name"": ""home_obp"", ""value"": 0.3351, ""contribution"": 0.149}, {""name"": ""away_whiff_pct_rank"", ""value"": 68.0, ""contribution"": -0.0782}, {""name"": ""wx_is_dome"", ""value"": 1.0, ""contribution"": -0.0758}, {""name"": ""era_gap_b1"", ""value"": -0.818, ""contribution"": -0.056}]",427243,0.4707,4.2,3.511,50.0,68.0,0.7136,0.751,5.6,5.4,0.752,0.8077,R,L,NRFI,WIN,0,0,0,2026-07-19T18:25:04+00:00,-125,-105,DraftKings,2026-07-19T15:05:47+00:00,0.5556,0.5122,0.0129,-0.0807,,N,,0,-125,-105,2026-07-19T15:05:47+00:00,,0.6536,NRFI,STRONG,,,,,,,
2026-07-19,2026,824411,1,N,PIT,CLE,1:40 PM ET,Paul Skenes,Joey Cantillo,694973,676282,live,live,live,live,0.96,0.5601,0.3294,0.8895,0.2598,0.2884,0.5483,0.5673,0.4327,0.2237,0.7763,,,NRFI,LEAN,LEAN NRFI,4,2026-07-19T15:58:13Z,3.138,3.517,1.001,1.36,2.691,4.039,2.0,4.19,0.81,1.05,10.7,9.52,0.338,0.311,0.424,0.374,5.206,4.022,24.2,10.1,41.0,0.0,1.0,0.6,0.8,0.7,0.3411,0.3644,0.3817,0.4066,0.1288,0.1288,lineup,lineup,"[{""id"": 680757, ""name"": ""Steven Kwan"", ""bats"": ""L"", ""obp"": 0.34269662921348315, ""slg"": 0.29605263157894735, ""iso"": 0.05921052631578946, ""ab"": 304}, {""id"": 683953, ""name"": ""Travis Bazzana"", ""bats"": ""L"", ""obp"": 0.33676975945017185, ""slg"": 0.4103585657370518, ""iso"": 0.16733067729083667, ""ab"": 251}, {""id"": 800050, ""name"": ""Chase DeLauter"", ""bats"": ""L"", ""obp"": 0.34310850439882695, ""slg"": 0.44299674267100975, ""iso"": 0.16612377850162863, ""ab"": 307}]","[{""id"": 663968, ""name"": ""Jake Mangum"", ""bats"": ""S"", ""obp"": 0.35384615384615387, ""slg"": 0.37656903765690375, ""iso"": 0.07531380753138073, ""ab"": 239}, {""id"": 669707, ""name"": ""Jared Triolo"", ""bats"": ""R"", ""obp"": 0.3023255813953488, ""slg"": 0.30612244897959184, ""iso"": 0.07142857142857142, ""ab"": 196}, {""id"": 668804, ""name"": ""Bryan Reynolds"", ""bats"": ""S"", ""obp"": 0.40232558139534885, ""slg"": 0.48179271708683474, ""iso"": 0.19607843137254904, ""ab"": 357}]","[{""name"": ""away_top3c_iso"", ""value"": 0.1288, ""contribution"": -0.3501}, {""name"": ""away_top3c_slg"", ""value"": 0.4066, ""contribution"": 0.1707}, {""name"": ""fi_park_nrfi_rate"", ""value"": 0.528, ""contribution"": -0.1042}, {""name"": ""home_xera"", ""value"": 3.5746, ""contribution"": -0.0554}, {""name"": ""era_gap_t1"", ""value"": 0.3794, ""contribution"": 0.0417}]","[{""name"": ""home_top3c_slg"", ""value"": 0.3817, ""contribution"": 0.3648}, {""name"": ""home_top3c_iso"", ""value"": 0.1288, ""contribution"": -0.2372}, {""name"": ""fi_park_nrfi_rate"", ""value"": 0.528, ""contribution"": -0.1602}, {""name"": ""away_whiff_pct_rank"", ""value"": 86.0, ""contribution"": -0.1558}, {""name"": ""away_fip"", ""value"": 2.691, ""contribution"": -0.1386}]",623945,0.5123,3.575,2.094,89.0,86.0,0.7136,0.7272,5.8,5.27,0.7603,0.7587,R,L,NRFI,WIN,0,0,0,2026-07-19T17:58:35+00:00,-155,+120,DraftKings,2026-07-19T15:05:47+00:00,0.6078,0.4545,-0.0408,-0.0215,-0.0408,N,0.5,0,-160,+125,2026-07-19T15:05:47+00:00,0,0.5699,NRFI,STRONG,,,,,,,
2026-07-19,2026,823113,1,N,SF,SEA,4:10 PM ET,Robbie Ray,Logan Gilbert,592662,669302,live,live,live,live,0.95,0.3771,0.5368,0.9139,0.2217,0.3114,0.5331,0.5685,0.4315,0.2326,0.7674,,,NRFI,LEAN,LEAN NRFI,4,2026-07-19T19:05:37Z,3.454,3.351,1.254,1.0,4.599,3.348,4.19,1.96,1.22,1.18,8.06,10.04,0.311,0.31,0.417,0.379,4.181,4.066,,,,1.0,0.8,0.8,0.8,0.7,0.3214,0.3447,0.3927,0.473,0.1501,0.176,lineup,lineup,"[{""id"": 641487, ""name"": ""J.P. Crawford"", ""bats"": ""L"", ""obp"": 0.33430232558139533, ""slg"": 0.35172413793103446, ""iso"": 0.1379310344827586, ""ab"": 290}, {""id"": 677594, ""name"": ""Julio Rodr\u00edguez"", ""bats"": ""R"", ""obp"": 0.3185378590078329, ""slg"": 0.41954022988505746, ""iso"": 0.16379310344827586, ""ab"": 348}, {""id"": 702284, ""name"": ""Cole Young"", ""bats"": ""L"", ""obp"": 0.3128205128205128, ""slg"": 0.4, ""iso"": 0.14647887323943665, ""ab"": 355}]","[{""id"": 650333, ""name"": ""Luis Arraez"", ""bats"": ""L"", ""obp"": 0.3669950738916256, ""slg"": 0.4540540540540541, ""iso"": 0.12702702702702706, ""ab"": 370}, {""id"": 805811, ""name"": ""Bryce Eldridge"", ""bats"": ""L"", ""obp"": 0.3656387665198238, ""slg"": 0.47715736040609136, ""iso"": 0.20304568527918782, ""ab"": 197}, {""id"": 669477, ""name"": ""Casey Schmitt"", ""bats"": ""R"", ""obp"": 0.3078947368421053, ""slg"": 0.49025069637883006, ""iso"": 0.21169916434540387, ""ab"": 359}]","[{""name"": ""away_top3c_slg"", ""value"": 0.473, ""contribution"": -0.1658}, {""name"": ""home_xera"", ""value"": 3.1658, ""contribution"": -0.0973}, {""name"": ""home_fip"", ""value"": 3.3478, ""contribution"": -0.0708}, {""name"": ""home_avg_ip_per_start"", ""value"": 6.8667, ""contribution"": -0.0536}, {""name"": ""fi_park_nrfi_rate"", ""value"": 0.5131, ""contribution"": -0.0529}]","[{""name"": ""home_top3c_slg"", ""value"": 0.3927, ""contribution"": 0.296}, {""name"": ""home_top3c_iso"", ""value"": 0.1501, ""contribution"": -0.1367}, {""name"": ""fi_park_nrfi_rate"", ""value"": 0.5131, ""contribution"": -0.0814}, {""name"": ""home_top3_ops_vs_oppHand"", ""value"": 0.6997, ""contribution"": -0.0764}, {""name"": ""wx_is_dome"", ""value"": 1.0, ""contribution"": -0.0758}]",665298,0.5084,3.166,3.719,97.0,64.0,0.7136,0.6942,6.87,6.53,0.815,0.6997,L,R,YRFI,LOSS,2,0,2,2026-07-19T20:30:38+00:00,-145,+110,DraftKings,2026-07-19T15:05:47+00:00,0.5918,0.4762,-0.0416,-0.0264,,N,,0,-145,+110,2026-07-19T15:05:47+00:00,,0.6536,NRFI,STRONG,,,,,,,
2026-07-19,2026,824897,1,N,TEX,ATL,1:35 PM ET,Nathan Eovaldi,Grant Holmes,543135,656550,live,live,live,live,0.98,0.5697,0.463,1.0328,0.4194,0.3221,0.7415,0.4772,0.5228,0.2763,0.7237,,,PASS,NO EDGE,PASS - No edge,4,2026-07-19T17:04:25Z,3.428,3.732,1.093,1.325,3.66,4.826,1.93,4.07,1.31,1.46,9.51,8.4,0.319,0.316,0.4,0.413,4.199,4.897,32.3,8.9,50.0,0.0,0.8,1.0,0.8,0.8,0.3362,0.3451,0.476,0.4644,0.2102,0.1921,lineup,lineup,"[{""id"": 686948, ""name"": ""Drake Baldwin"", ""bats"": ""L"", ""obp"": 0.3525835866261398, ""slg"": 0.4513888888888889, ""iso"": 0.1875, ""ab"": 288}, {""id"": 645277, ""name"": ""Ozzie Albies"", ""bats"": ""S"", ""obp"": 0.319047619047619, ""slg"": 0.43466666666666665, ""iso"": 0.16799999999999998, ""ab"": 375}, {""id"": 621566, ""name"": ""Matt Olson"", ""bats"": ""L"", ""obp"": 0.3403755868544601, ""slg"": 0.5356200527704486, ""iso"": 0.2691292875989446, ""ab"": 379}]","[{""id"": 679822, ""name"": ""Justin Foscue"", ""bats"": ""R"", ""obp"": 0.34959349593495936, ""slg"": 0.5363636363636364, ""iso"": 0.2545454545454546, ""ab"": 110}, {""id"": 694671, ""name"": ""Wyatt Langford"", ""bats"": ""R"", ""obp"": 0.32160804020100503, ""slg"": 0.4838709677419355, ""iso"": 0.20967741935483875, ""ab"": 186}, {""id"": 673962, ""name"": ""Josh Jung"", ""bats"": ""R"", ""obp"": 0.36363636363636365, ""slg"": 0.4463768115942029, ""iso"": 0.1507246376811594, ""ab"": 345}]","[{""name"": ""away_top3c_slg"", ""value"": 0.4644, ""contribution"": -0.1221}, {""name"": ""away_top3c_iso"", ""value"": 0.1921, ""contribution"": 0.0959}, {""name"": ""home_fip"", ""value"": 4.8264, ""contribution"": 0.0952}, {""name"": ""home_xera"", ""value"": 4.7939, ""contribution"": 0.0695}, {""name"": ""wx_temp_c"", ""value"": 32.3, ""contribution"": 0.0661}]","[{""name"": ""home_top3c_slg"", ""value"": 0.476, ""contribution"": -0.2212}, {""name"": ""away_whiff_pct_rank"", ""value"": 84.0, ""contribution"": -0.1472}, {""name"": ""home_top3c_iso"", ""value"": 0.2102, ""contribution"": 0.1471}, {""name"": ""wx_temp_c"", ""value"": 32.3, ""contribution"": 0.0922}, {""name"": ""home_top3_ops_vs_oppHand"", ""value"": 0.8173, ""contribution"": 0.0645}]",639723,0.548,4.794,3.211,50.0,84.0,0.7272,0.7613,4.07,6.2,0.8037,0.8173,R,R,YRFI,PASS,0,1,1,2026-07-19T17:51:24+00:00,+100,-130,DraftKings,2026-07-19T15:05:47+00:00,0.5,0.5652,-0.0691,0.0039,,N,,,+100,-130,2026-07-19T15:05:47+00:00,,0.4658,PASS,NO EDGE,,,,,,,
2026-07-19,2026,824086,1,N,SD,KC,2:10 PM ET,Germán Márquez,Noah Cameron,608566,702070,live,live,live,live,0.96,0.4454,0.7102,1.1556,0.2719,0.4864,0.7584,0.4772,0.5228,0.3213,0.6787,,,PASS,NO EDGE,PASS - No edge,4,2026-07-19T17:55:53Z,5.929,4.328,1.598,1.325,5.962,4.133,3.9,2.96,1.92,1.21,6.02,8.26,0.304,0.317,0.376,0.4,4.013,4.311,33.5,9.4,52.0,0.0,0.6,0.6,0.8,0.5,0.32,0.3032,0.4365,0.3781,0.1862,0.1452,lineup,lineup,"[{""id"": 686681, ""name"": ""Michael Massey"", ""bats"": ""L"", ""obp"": 0.308300395256917, ""slg"": 0.425531914893617, ""iso"": 0.1574468085106383, ""ab"": 235}, {""id"": 679845, ""name"": ""Nick Loftin"", ""bats"": ""R"", ""obp"": 0.330188679245283, ""slg"": 0.3989071038251366, ""iso"": 0.15846994535519127, ""ab"": 183}, {""id"": 695506, ""name"": ""Jac Caglianone"", ""bats"": ""L"", ""obp"": 0.31932773109243695, ""slg"": 0.45871559633027525, ""iso"": 0.19877675840978598, ""ab"": 327}]","[{""id"": 666023, ""name"": ""Freddy Fermin"", ""bats"": ""R"", ""obp"": 0.25308641975308643, ""slg"": 0.2765957446808511, ""iso"": 0.12056737588652483, ""ab"": 141}, {""id"": 701538, ""name"": ""Jackson Merrill"", ""bats"": ""L"", ""obp"": 0.271356783919598, ""slg"": 0.34146341463414637, ""iso"": 0.12737127371273715, ""ab"": 369}, {""id"": 593974, ""name"": ""Wandy Peralta"", ""bats"": ""L"", ""obp"": null, ""slg"": null, ""iso"": null, ""ab"": null}]","[{""name"": ""away_top3c_slg"", ""value"": 0.3781, ""contribution"": 0.315}, {""name"": ""away_top3c_iso"", ""value"": 0.1452, ""contribution"": -0.2344}, {""name"": ""fi_park_nrfi_rate"", ""value"": 0.5614, ""contribution"": -0.2197}, {""name"": ""era_gap_t1"", ""value"": -1.6009, ""contribution"": -0.1727}, {""name"": ""wx_temp_c"", ""value"": 33.5, ""contribution"": 0.0733}]","[{""name"": ""fi_park_nrfi_rate"", ""value"": 0.5614, ""contribution"": -0.3377}, {""name"": ""away_fip"", ""value"": 5.9623, ""contribution"": 0.211}, {""name"": ""away_whiff_pct_rank"", ""value"": 11.0, ""contribution"": 0.1678}, {""name"": ""era_gap_b1"", ""value"": 1.6009, ""contribution"": 0.1085}, {""name"": ""wx_temp_c"", ""value"": 33.5, ""contribution"": 0.1023}]",605671,0.5497,4.444,5.612,76.0,11.0,0.7136,0.6942,5.13,5.13,0.7773,0.7487,R,L,YRFI,PASS,0,1,1,2026-07-19T18:28:20+00:00,+105,-140,DraftKings,2026-07-19T15:05:47+00:00,0.4878,0.5833,-0.0463,-0.0248,,N,,,+105,-140,2026-07-19T15:05:47+00:00,,0.4658,PASS,NO EDGE,,,,,,,
2026-07-19,2026,824653,1,N,MIN,CHC,2:20 PM ET,Zebby Matthews,Shota Imanaga,805673,684007,live,live,live,live,1.0,0.5319,0.6051,1.137,0.2989,0.4471,0.746,0.4772,0.5228,0.3145,0.6855,,,PASS,NO EDGE,PASS - No edge,4,2026-07-19T17:55:53Z,4.763,4.051,1.292,1.085,4.708,4.754,2.56,2.08,1.67,1.86,8.12,8.36,0.321,0.333,0.414,0.41,4.785,4.951,24.1,10.9,50.0,0.0,0.8,0.8,0.8,0.5,0.3675,0.3423,0.4621,0.4147,0.1971,0.1595,lineup,lineup,"[{""id"": 681909, ""name"": ""Justin Dean"", ""bats"": ""R"", ""obp"": 0.5, ""slg"": 0.8, ""iso"": 0.4, ""ab"": 5}, {""id"": 624424, ""name"": ""Michael Conforto"", ""bats"": ""L"", ""obp"": 0.32926829268292684, ""slg"": 0.4791666666666667, ""iso"": 0.23611111111111113, ""ab"": 144}, {""id"": 683737, ""name"": ""Michael Busch"", ""bats"": ""L"", ""obp"": 0.3672055427251732, ""slg"": 0.4, ""iso"": 0.16056338028169018, ""ab"": 355}]","[{""id"": 668885, ""name"": ""Austin Martin"", ""bats"": ""R"", ""obp"": 0.3574007220216607, ""slg"": 0.3218884120171674, ""iso"": 0.07725321888412018, ""ab"": 233}, {""id"": 656577, ""name"": ""Alex Jackson"", ""bats"": ""R"", ""obp"": 0.32142857142857145, ""slg"": 0.4074074074074074, ""iso"": 0.1111111111111111, ""ab"": 54}, {""id"": 605137, ""name"": ""Josh Bell"", ""bats"": ""S"", ""obp"": 0.30548302872062666, ""slg"": 0.42450142450142453, ""iso"": 0.17663817663817666, ""ab"": 351}]","[{""name"": ""fi_park_nrfi_rate"", ""value"": 0.5429, ""contribution"": -0.1558}, {""name"": ""away_top3c_iso"", ""value"": 0.1595, ""contribution"": -0.1338}, {""name"": ""away_top3c_slg"", ""value"": 0.4147, ""contribution"": 0.1295}, {""name"": ""home_fip"", ""value"": 4.7538, ""contribution"": 0.087}, {""name"": ""era_gap_t1"", ""value"": -0.7119, ""contribution"": -0.0765}]","[{""name"": ""fi_park_nrfi_rate"", ""value"": 0.5429, ""contribution"": -0.2395}, {""name"": ""home_obp"", ""value"": 0.3333, ""contribution"": 0.1369}, {""name"": ""home_top3c_slg"", ""value"": 0.4621, ""contribution"": -0.1351}, {""name"": ""home_top3c_obp"", ""value"": 0.3675, ""contribution"": 0.0953}, {""name"": ""home_top3c_iso"", ""value"": 0.1971, ""contribution"": 0.0853}]",676581,0.5084,3.775,4.2,47.0,50.0,0.6942,0.7136,5.4,6.13,0.8113,0.8183,R,L,YRFI,PASS,0,2,2,2026-07-19T18:32:04+00:00,-135,+105,DraftKings,2026-07-19T15:05:47+00:00,0.5745,0.4878,-0.0973,0.035,,N,,,-135,+105,2026-07-19T15:05:47+00:00,,0.6370,NRFI,STRONG,,,,,,,
2026-07-19,2026,824168,1,N,BAL,HOU,2:10 PM ET,Brandon Young,Hunter Brown,687064,686613,live,live,live,live,0.99,0.5161,0.562,1.0781,0.2388,0.509,0.7478,0.4772,0.5228,0.2929,0.7071,,,PASS,NO EDGE,PASS - No edge,4,2026-07-19T17:55:53Z,3.98,2.963,1.364,1.198,4.345,3.878,3.27,4.11,1.15,1.04,7.47,10.01,0.319,0.316,0.398,0.41,4.575,4.526,,,,1.0,0.6,0.6,0.7,0.7,0.3655,0.3346,0.4874,0.3757,0.2164,0.1403,lineup,lineup,"[{""id"": 514888, ""name"": ""Jose Altuve"", ""bats"": ""R"", ""obp"": 0.30153846153846153, ""slg"": 0.3945578231292517, ""iso"": 0.16326530612244897, ""ab"": 294}, {""id"": 670541, ""name"": ""Yordan Alvarez"", ""bats"": ""L"", ""obp"": 0.43023255813953487, ""slg"": 0.6348314606741573, ""iso"": 0.3146067415730337, ""ab"": 356}, {""id"": 670623, ""name"": ""Isaac Paredes"", ""bats"": ""R"", ""obp"": 0.3477157360406091, ""slg"": 0.41297935103244837, ""iso"": 0.15929203539823006, ""ab"": 339}]","[{""id"": 683002, ""name"": ""Gunnar Henderson"", ""bats"": ""L"", ""obp"": 0.28794642857142855, ""slg"": 0.39408866995073893, ""iso"": 0.1748768472906404, ""ab"": 406}, {""id"": 621493, ""name"": ""Taylor Ward"", ""bats"": ""R"", ""obp"": 0.3861607142857143, ""slg"": 0.3626373626373626, ""iso"": 0.10989010989010989, ""ab"": 364}, {""id"": 687637, ""name"": ""Dylan Beavers"", ""bats"": ""L"", ""obp"": 0.3202614379084967, ""slg"": 0.35555555555555557, ""iso"": 0.11851851851851852, ""ab"": 135}]","[{""name"": ""away_top3c_slg"", ""value"": 0.3757, ""contribution"": 0.3271}, {""name"": ""away_top3c_iso"", ""value"": 0.1403, ""contribution"": -0.2688}, {""name"": ""home_xera"", ""value"": 1.82, ""contribution"": -0.2352}, {""name"": ""era_gap_t1"", ""value"": -1.017, ""contribution"": -0.1095}, {""name"": ""away_top3_ops_vs_oppHand"", ""value"": 0.7017, ""contribution"": -0.0668}]","[{""name"": ""home_top3c_slg"", ""value"": 0.4874, ""contribution"": -0.2918}, {""name"": ""home_top3c_iso"", ""value"": 0.2164, ""contribution"": 0.1764}, {""name"": ""away_whiff_pct_rank"", ""value"": 14.0, ""contribution"": 0.1549}, {""name"": ""home_top3_ops_vs_oppHand"", ""value"": 0.8703, ""contribution"": 0.1279}, {""name"": ""home_top3c_obp"", ""value"": 0.3655, ""contribution"": 0.0883}]",503490,0.5467,1.82,4.059,55.0,14.0,0.6796,0.6942,4.93,5.6,0.7017,0.8703,R,R,NRFI,PASS,0,0,0,2026-07-19T18:25:24+00:00,-115,-110,DraftKings,2026-07-19T15:05:47+00:00,0.5349,0.5238,-0.0576,-0.0011,,N,,,-115,-110,2026-07-19T15:05:47+00:00,,0.6189,NRFI,STRONG,,,,,,,
2026-07-19,2026,823523,1,S,LAD,NYY,12:35 PM ET,Yoshinobu Yamamoto,Cam Schlittler,808967,693645,live,live,live,live,1.02,0.4131,0.4264,0.8395,0.3642,0.4137,0.7779,0.4541,0.5459,0.2055,0.7945,,,PASS,NO EDGE,PASS - No edge,4,2026-07-19T15:58:13Z,2.754,2.4,0.931,1.015,3.29,3.112,2.31,2.3,0.91,0.95,9.13,10.25,0.339,0.317,0.429,0.421,5.093,4.737,26.8,16.1,32.0,0.0,0.6,1.0,0.8,0.8,0.3435,0.3685,0.5014,0.4967,0.2453,0.2152,lineup,lineup,"[{""id"": 663757, ""name"": ""Trent Grisham"", ""bats"": ""L"", ""obp"": 0.33876221498371334, ""slg"": 0.41762452107279696, ""iso"": 0.18390804597701152, ""ab"": 261}, {""id"": 700250, ""name"": ""Ben Rice"", ""bats"": ""L"", ""obp"": 0.3730964467005076, ""slg"": 0.6011730205278593, ""iso"": 0.3196480938416422, ""ab"": 341}, {""id"": 691176, ""name"": ""Jasson Dom\u00ednguez"", ""bats"": ""S"", ""obp"": 0.2727272727272727, ""slg"": 0.4117647058823529, ""iso"": 0.1764705882352941, ""ab"": 136}]","[{""id"": 660271, ""name"": ""Shohei Ohtani"", ""bats"": ""L"", ""obp"": 0.39950980392156865, ""slg"": 0.5427728613569321, ""iso"": 0.25368731563421826, ""ab"": 339}, {""id"": 681624, ""name"": ""Andy Pages"", ""bats"": ""R"", ""obp"": 0.3349397590361446, ""slg"": 0.46900269541778977, ""iso"": 0.19946091644204855, ""ab"": 371}, {""id"": 518692, ""name"": ""Freddie Freeman"", ""bats"": ""L"", ""obp"": 0.3713592233009709, ""slg"": 0.4818941504178273, ""iso"": 0.19498607242339833, ""ab"": 359}]","[{""name"": ""away_top3c_slg"", ""value"": 0.4967, ""contribution"": -0.2859}, {""name"": ""away_top3c_iso"", ""value"": 0.2152, ""contribution"": 0.2582}, {""name"": ""fi_park_nrfi_rate"", ""value"": 0.4526, ""contribution"": 0.1563}, {""name"": ""away_top3_ops_vs_oppHand"", ""value"": 0.8807, ""contribution"": 0.1156}, {""name"": ""home_fip"", ""value"": 3.1124, ""contribution"": -0.0973}]","[{""name"": ""home_top3c_slg"", ""value"": 0.5014, ""contribution"": -0.3787}, {""name"": ""home_top3c_iso"", ""value"": 0.2453, ""contribution"": 0.3127}, {""name"": ""fi_park_nrfi_rate"", ""value"": 0.4526, ""contribution"": 0.2403}, {""name"": ""away_whiff_pct_rank"", ""value"": 86.0, ""contribution"": -0.1558}, {""name"": ""home_top3_ops_vs_oppHand"", ""value"": 0.827, ""contribution"": 0.076}]",427128,0.4785,3.568,2.53,56.0,86.0,0.7136,0.6942,5.93,6.67,0.8807,0.827,R,R,NRFI,PASS,0,0,0,2026-07-19T16:52:07+00:00,-120,-110,DraftKings,2026-07-19T15:05:47+00:00,0.5455,0.5238,-0.0844,0.0151,,N,,,-120,-110,2026-07-19T15:05:47+00:00,,0.4658,PASS,NO EDGE,,,,,,,
2026-07-19,2026,824739,1,N,TB,BOS,1:35 PM ET,Shane McClanahan,Sonny Gray,663556,543243,ltd,live,live,live,1.05,0.4411,0.452,0.8931,0.2705,0.3939,0.6645,0.5349,0.4651,0.225,0.775,,,NRFI,LEAN,LEAN NRFI,4,2026-07-19T15:58:13Z,3.255,3.055,1.171,1.138,3.513,3.527,2.93,2.16,0.81,1.04,8.63,8.63,0.33,0.315,0.4,0.396,4.478,4.237,25.8,18.7,29.0,0.0,0.8,0.6,0.5,0.8,0.3189,0.3839,0.4252,0.4986,0.1679,0.2035,lineup,lineup,"[{""id"": 663330, ""name"": ""Jahmai Jones"", ""bats"": ""R"", ""obp"": 0.22429906542056074, ""slg"": 0.25773195876288657, ""iso"": 0.11340206185567009, ""ab"": 97}, {""id"": 678882, ""name"": ""Ceddanne Rafaela"", ""bats"": ""R"", ""obp"": 0.3245382585751979, ""slg"": 0.43380281690140843, ""iso"": 0.1549295774647887, ""ab"": 355}, {""id"": 677800, ""name"": ""Wilyer Abreu"", ""bats"": ""L"", ""obp"": 0.3381995133819951, ""slg"": 0.46153846153846156, ""iso"": 0.19505494505494508, ""ab"": 364}]","[{""id"": 650490, ""name"": ""Yandy D\u00edaz"", ""bats"": ""R"", ""obp"": 0.3931203931203931, ""slg"": 0.47752808988764045, ""iso"": 0.16292134831460675, ""ab"": 356}, {""id"": 666018, ""name"": ""Jonathan Aranda"", ""bats"": ""L"", ""obp"": 0.38795180722891565, ""slg"": 0.45977011494252873, ""iso"": 0.16954022988505746, ""ab"": 348}, {""id"": 691406, ""name"": ""Junior Caminero"", ""bats"": ""R"", ""obp"": 0.37115839243498816, ""slg"": 0.555858310626703, ""iso"": 0.27520435967302453, ""ab"": 367}]","[{""name"": ""away_top3c_slg"", ""value"": 0.4986, ""contribution"": -0.2954}, {""name"": ""away_top3c_iso"", ""value"": 0.2035, ""contribution"": 0.1765}, {""name"": ""away_top3_ops_vs_oppHand"", ""value"": 0.901, ""contribution"": 0.1363}, {""name"": ""home_p_last10_pitcher_nrfi"", ""value"": 0.5, ""contribution"": -0.0846}, {""name"": ""home_fip"", ""value"": 3.5274, ""contribution"": -0.0507}]","[{""name"": ""home_top3c_slg"", ""value"": 0.4252, ""contribution"": 0.0941}, {""name"": ""fi_park_nrfi_rate"", ""value"": 0.5121, ""contribution"": -0.076}, {""name"": ""wx_wind_kmh"", ""value"": 18.7, ""contribution"": 0.0758}, {""name"": ""home_top3c_obp"", ""value"": 0.3189, ""contribution"": -0.0751}, {""name"": ""home_top3_ops_vs_oppHand"", ""value"": 0.813, ""contribution"": 0.0593}]",427315,0.5564,3.87,4.746,65.0,50.0,0.6205,0.6796,6.67,5.2,0.901,0.813,L,R,NRFI,WIN,0,0,0,2026-07-19T17:53:37+00:00,-130,+100,DraftKings,2026-07-19T15:05:47+00:00,0.5652,0.5,-0.0617,-0.0035,-0.0305,N,0.5,0,-130,+100,2026-07-19T15:05:47+00:00,0,0.4355,YRFI,STRONG,,,,,,,
2026-07-19,2026,822786,1,N,CWS,TOR,12:15 PM ET,Sean Burke,Trey Yesavage,680732,702056,live,ltd,live,live,1.01,0.5422,0.5013,1.0435,0.3567,0.3241,0.6808,0.4863,0.5137,0.2802,0.7198,,,PASS,NO EDGE,PASS - No edge,4,2026-07-19T15:58:13Z,3.633,3.877,1.244,1.195,3.948,4.166,3.21,4.07,1.23,0.97,9.59,8.44,0.319,0.307,0.411,0.387,4.763,4.111,,,,1.0,0.6,0.6,0.6,0.6,0.3347,0.3665,0.3963,0.4803,0.1153,0.2253,lineup,lineup,"[{""id"": 676391, ""name"": ""Ernie Clement"", ""bats"": ""R"", ""obp"": 0.3185378590078329, ""slg"": 0.42896174863387976, ""iso"": 0.133879781420765, ""ab"": 366}, {""id"": 664770, ""name"": ""Nathan Lukes"", ""bats"": ""L"", ""obp"": 0.33636363636363636, ""slg"": 0.39603960396039606, ""iso"": 0.11386138613861391, ""ab"": 202}, {""id"": 665489, ""name"": ""Vladimir Guerrero Jr."", ""bats"": ""R"", ""obp"": 0.3493670886075949, ""slg"": 0.36151603498542273, ""iso"": 0.09620991253644312, ""ab"": 343}]","[{""id"": 803011, ""name"": ""Sam Antonacci"", ""bats"": ""L"", ""obp"": 0.3762057877813505, ""slg"": 0.4222222222222222, ""iso"": 0.137037037037037, ""ab"": 270}, {""id"": 808959, ""name"": ""Munetaka Murakami"", ""bats"": ""L"", ""obp"": 0.373134328358209, ""slg"": 0.536697247706422, ""iso"": 0.3027522935779816, ""ab"": 218}, {""id"": 678246, ""name"": ""Miguel Vargas"", ""bats"": ""R"", ""obp"": 0.354916067146283, ""slg"": 0.49002849002849, ""iso"": 0.245014245014245, ""ab"": 351}]","[{""name"": ""away_top3c_iso"", ""value"": 0.2253, ""contribution"": 0.3295}, {""name"": ""away_top3c_slg"", ""value"": 0.4803, ""contribution"": -0.2029}, {""name"": ""home_xera"", ""value"": 2.9395, ""contribution"": -0.1205}, {""name"": ""away_top3_ops_vs_oppHand"", ""value"": 0.8803, ""contribution"": 0.1153}, {""name"": ""home_p_last10_pitcher_nrfi"", ""value"": 0.6, ""contribution"": -0.0455}]","[{""name"": ""home_top3c_iso"", ""value"": 0.1153, ""contribution"": -0.301}, {""name"": ""home_top3c_slg"", ""value"": 0.3963, ""contribution"": 0.2741}, {""name"": ""wx_is_dome"", ""value"": 1.0, ""contribution"": -0.0758}, {""name"": ""away_whiff_pct_rank"", ""value"": 35.0, ""contribution"": 0.0643}, {""name"": ""home_obp"", ""value"": 0.3073, ""contribution"": -0.0453}]",665297,0.4839,2.939,4.644,50.0,35.0,0.7136,0.7272,5.47,5.73,0.8803,0.7497,R,R,NRFI,PASS,0,0,0,2026-07-19T16:26:25+00:00,-125,-105,DraftKings,2026-07-19T15:05:47+00:00,0.5556,0.5122,-0.0693,0.0015,,N,,,-125,-105,2026-07-19T15:05:47+00:00,,0.6370,NRFI,STRONG,,,,,,,
2026-07-19,2026,823521,2,S,LAD,NYY,7:20 PM ET,Will Klein,Ryan Yarbrough,694361,642232,ltd,live,live,live,1.02,0.5786,0.5166,1.0952,0.4134,0.5816,0.9951,0.3699,0.6301,0.2992,0.7008,,,YRFI,STRONG,STRONG YRFI,4,2026-07-19T22:05:06Z,3.323,4.208,1.313,1.224,3.562,4.389,3.39,3.32,0.86,1.15,9.56,7.42,0.339,0.315,0.429,0.42,5.118,4.712,26.5,12.5,31.0,0.0,0.6,0.5,0.75,0.5,0.3464,0.3685,0.5112,0.4967,0.2521,0.2152,lineup,lineup,"[{""id"": 663757, ""name"": ""Trent Grisham"", ""bats"": ""L"", ""obp"": 0.33876221498371334, ""slg"": 0.41762452107279696, ""iso"": 0.18390804597701152, ""ab"": 261}, {""id"": 700250, ""name"": ""Ben Rice"", ""bats"": ""L"", ""obp"": 0.3730964467005076, ""slg"": 0.6011730205278593, ""iso"": 0.3196480938416422, ""ab"": 341}, {""id"": 502671, ""name"": ""Paul Goldschmidt"", ""bats"": ""R"", ""obp"": 0.3157894736842105, ""slg"": 0.48559670781893005, ""iso"": 0.23045267489711935, ""ab"": 243}]","[{""id"": 660271, ""name"": ""Shohei Ohtani"", ""bats"": ""L"", ""obp"": 0.39950980392156865, ""slg"": 0.5427728613569321, ""iso"": 0.25368731563421826, ""ab"": 339}, {""id"": 681624, ""name"": ""Andy Pages"", ""bats"": ""R"", ""obp"": 0.3349397590361446, ""slg"": 0.46900269541778977, ""iso"": 0.19946091644204855, ""ab"": 371}, {""id"": 690976, ""name"": ""Alex Freeland"", ""bats"": ""S"", ""obp"": 0.31336405529953915, ""slg"": 0.3177083333333333, ""iso"": 0.08333333333333331, ""ab"": 192}]","[{""name"": ""away_top3c_slg"", ""value"": 0.4967, ""contribution"": -0.2859}, {""name"": ""away_top3c_iso"", ""value"": 0.2152, ""contribution"": 0.2582}, {""name"": ""fi_park_nrfi_rate"", ""value"": 0.4526, ""contribution"": 0.1563}, {""name"": ""home_xera"", ""value"": 2.62, ""contribution"": -0.1532}, {""name"": ""era_gap_t1"", ""value"": 0.8851, ""contribution"": 0.0965}]","[{""name"": ""home_top3c_slg"", ""value"": 0.5112, ""contribution"": -0.4401}, {""name"": ""home_top3c_iso"", ""value"": 0.2521, ""contribution"": 0.3449}, {""name"": ""fi_park_nrfi_rate"", ""value"": 0.4526, ""contribution"": 0.2403}, {""name"": ""away_whiff_pct_rank"", ""value"": 9.0, ""contribution"": 0.1765}, {""name"": ""away_p_last10_pitcher_nrfi"", ""value"": 0.5, ""contribution"": 0.0713}]",490319,0.5366,2.62,2.2,19.0,9.0,0.7272,0.7136,5.2,1.5,0.837,0.798,R,L,YRFI,WIN,0,1,1,2026-07-19T23:36:57+00:00,-110,-120,DraftKings,2026-07-19T22:45:41+00:00,0.5238,0.5455,-0.1539,0.0846,0.0846,Y,1,0.833,-110,-120,2026-07-19T21:36:55+00:00,0,0.4658,PASS,NO EDGE,,,,,,,
2026-07-20,2026,824328,1,N,WSH,COL,8:40 PM ET,Andrew Alvarez,Kyle Freeland,674841,607536,ltd,live,live,live,1.22,0.7208,0.622,1.3428,0.7295,0.5182,1.2477,0.3219,0.6781,0.3883,0.6117,,,YRFI,STRONG,STRONG YRFI,4,2026-07-20T23:35:20Z,3.938,6.616,1.352,1.523,3.425,4.538,3.63,1.92,0.68,1.65,9.21,7.7,0.325,0.324,0.434,0.42,5.326,4.754,31.8,18.4,24.0,0.0,0.8,1.0,0.7,0.9,0.3541,0.3775,0.4802,0.5259,0.1982,0.2657,lineup,lineup,"[{""id"": 664983, ""name"": ""Jake McCarthy"", ""bats"": ""L"", ""obp"": 0.34810126582278483, ""slg"": 0.5120274914089347, ""iso"": 0.20962199312714774, ""ab"": 291}, {""id"": 691720, ""name"": ""Kyle Karros"", ""bats"": ""R"", ""obp"": 0.35347432024169184, ""slg"": 0.43006993006993005, ""iso"": 0.1713286713286713, ""ab"": 286}, {""id"": 694249, ""name"": ""Cole Carrigg"", ""bats"": ""S"", ""obp"": 0.3709677419354839, ""slg"": 0.5288461538461539, ""iso"": 0.24038461538461542, ""ab"": 104}]","[{""id"": 695578, ""name"": ""James Wood"", ""bats"": ""L"", ""obp"": 0.40085287846481876, ""slg"": 0.556135770234987, ""iso"": 0.2845953002610966, ""ab"": 383}, {""id"": 678554, ""name"": ""Curtis Mead"", ""bats"": ""R"", ""obp"": 0.34951456310679613, ""slg"": 0.5111111111111111, ""iso"": 0.25555555555555554, ""ab"": 270}, {""id"": 665953, ""name"": ""Andr\u00e9s Chaparro"", ""bats"": ""R"", ""obp"": 0.3466666666666667, ""slg"": 0.4032258064516129, ""iso"": 0.19354838709677416, ""ab"": 62}]","[{""name"": ""away_top3c_iso"", ""value"": 0.2657, ""contribution"": 0.6145}, {""name"": ""away_top3c_slg"", ""value"": 0.5259, ""contribution"": -0.4336}, {""name"": ""era_gap_t1"", ""value"": 2.6787, ""contribution"": 0.2907}, {""name"": ""fi_park_nrfi_rate"", ""value"": 0.4241, ""contribution"": 0.2547}, {""name"": ""home_xera"", ""value"": 4.9244, ""contribution"": 0.0829}]","[{""name"": ""fi_park_nrfi_rate"", ""value"": 0.4241, ""contribution"": 0.3916}, {""name"": ""home_top3c_slg"", ""value"": 0.4802, ""contribution"": -0.2471}, {""name"": ""era_gap_b1"", ""value"": -2.6787, ""contribution"": -0.1826}, {""name"": ""home_top3_ops_vs_oppHand"", ""value"": 0.8423, ""contribution"": 0.0944}, {""name"": ""home_top3c_iso"", ""value"": 0.1982, ""contribution"": 0.0908}]",429805,0.5769,4.924,4.2,24.0,50.0,0.7197,0.7136,5.87,4.4,0.8063,0.8423,L,L,YRFI,WIN,3,0,3,2026-07-21T01:02:27+00:00,+120,-155,DraftKings,2026-07-20T21:55:04+00:00,0.4545,0.6078,-0.1326,0.0703,0.0703,Y,1,0.645,+120,-155,2026-07-20T21:55:04+00:00,0,0.3772,YRFI,STRONG,,,,,,,
2026-07-20,2026,823762,1,N,NYM,MIL,7:40 PM ET,Freddy Peralta,Jacob Misiorowski,642547,694819,live,live,live,live,1.03,0.3236,0.605,0.9286,0.1548,0.272,0.4267,0.6918,0.3082,0.238,0.762,,,NRFI,LEAN,LEAN NRFI,4,2026-07-20T22:35:17Z,4.116,2.323,1.34,0.89,4.155,2.492,3.68,2.57,1.23,0.84,9.39,12.73,0.306,0.334,0.385,0.397,4.143,4.996,,,,1.0,0.6,0.6,0.8,0.6,0.3443,0.3483,0.4432,0.4437,0.1822,0.1734,lineup,lineup,"[{""id"": 592885, ""name"": ""Christian Yelich"", ""bats"": ""L"", ""obp"": 0.33217993079584773, ""slg"": 0.3794466403162055, ""iso"": 0.13833992094861658, ""ab"": 253}, {""id"": 694192, ""name"": ""Jackson Chourio"", ""bats"": ""R"", ""obp"": 0.3367003367003367, ""slg"": 0.4852941176470588, ""iso"": 0.20588235294117646, ""ab"": 272}, {""id"": 668930, ""name"": ""Brice Turang"", ""bats"": ""L"", ""obp"": 0.3578199052132701, ""slg"": 0.45604395604395603, ""iso"": 0.19505494505494503, ""ab"": 364}]","[{""id"": 805999, ""name"": ""A.J. Ewing"", ""bats"": ""L"", ""obp"": 0.34615384615384615, ""slg"": 0.43333333333333335, ""iso"": 0.15714285714285714, ""ab"": 210}, {""id"": 665742, ""name"": ""Juan Soto"", ""bats"": ""L"", ""obp"": 0.4092219020172911, ""slg"": 0.5524475524475524, ""iso"": 0.2622377622377622, ""ab"": 286}, {""id"": 666182, ""name"": ""Bo Bichette"", ""bats"": ""R"", ""obp"": 0.2997658079625293, ""slg"": 0.36989795918367346, ""iso"": 0.11734693877551022, ""ab"": 392}]","[{""name"": ""fi_park_nrfi_rate"", ""value"": 0.5899, ""contribution"": -0.3182}, {""name"": ""era_gap_t1"", ""value"": -1.7928, ""contribution"": -0.1935}, {""name"": ""home_fip"", ""value"": 2.4922, ""contribution"": -0.1669}, {""name"": ""home_xera"", ""value"": 3.1529, ""contribution"": -0.0986}, {""name"": ""away_top3_ops_vs_oppHand"", ""value"": 0.828, ""contribution"": 0.0619}]","[{""name"": ""fi_park_nrfi_rate"", ""value"": 0.5899, ""contribution"": -0.4892}, {""name"": ""away_whiff_pct_rank"", ""value"": 90.0, ""contribution"": -0.1731}, {""name"": ""home_obp"", ""value"": 0.3342, ""contribution"": 0.1431}, {""name"": ""era_gap_b1"", ""value"": 1.7928, ""contribution"": 0.1216}, {""name"": ""wx_is_dome"", ""value"": 1.0, ""contribution"": -0.0758}]",484183,0.5086,3.153,3.353,86.0,90.0,0.7272,0.7136,6.6,4.27,0.828,0.803,R,R,YRFI,LOSS,0,2,2,2026-07-20T23:59:00+00:00,-140,+105,DraftKings,2026-07-20T21:55:04+00:00,0.5833,0.4878,0.1085,-0.1796,0.1085,N,0.5,0,-140,+105,2026-07-20T21:55:04+00:00,0,0.6536,NRFI,STRONG,,,,,,,
2026-07-20,2026,824006,1,N,STL,LAA,10:10 PM ET,Kyle Leahy,José Soriano,681517,667755,live,live,live,live,0.99,0.5156,0.4826,0.9982,0.3925,0.5426,0.935,0.4064,0.5936,0.2636,0.7364,,,YRFI,STRONG,STRONG YRFI,4,2026-07-21T01:04:56Z,3.616,3.694,1.357,1.319,3.79,3.928,3.19,4.26,0.84,0.88,7.81,9.0,0.319,0.315,0.391,0.39,4.527,4.361,30.4,7.1,41.0,0.0,1.0,0.8,0.8,0.7,0.353,0.3579,0.4374,0.4186,0.1889,0.1556,lineup,lineup,"[{""id"": 687263, ""name"": ""Zach Neto"", ""bats"": ""R"", ""obp"": 0.3256880733944954, ""slg"": 0.4464751958224543, ""iso"": 0.21148825065274152, ""ab"": 383}, {""id"": 545361, ""name"": ""Mike Trout"", ""bats"": ""R"", ""obp"": 0.3896457765667575, ""slg"": 0.46757679180887374, ""iso"": 0.23208191126279865, ""ab"": 293}, {""id"": 694384, ""name"": ""Nolan Schanuel"", ""bats"": ""L"", ""obp"": 0.3483483483483483, ""slg"": 0.3959731543624161, ""iso"": 0.1174496644295302, ""ab"": 298}]","[{""id"": 802139, ""name"": ""JJ Wetherholt"", ""bats"": ""L"", ""obp"": 0.35697399527186763, ""slg"": 0.40437158469945356, ""iso"": 0.14207650273224043, ""ab"": 366}, {""id"": 671056, ""name"": ""Iv\u00e1n Herrera"", ""bats"": ""R"", ""obp"": 0.3735763097949886, ""slg"": 0.38227146814404434, ""iso"": 0.13573407202216067, ""ab"": 361}, {""id"": 676475, ""name"": ""Alec Burleson"", ""bats"": ""L"", ""obp"": 0.3422330097087379, ""slg"": 0.46774193548387094, ""iso"": 0.1881720430107527, ""ab"": 372}]","[{""name"": ""away_top3c_iso"", ""value"": 0.1556, ""contribution"": -0.1613}, {""name"": ""fi_park_nrfi_rate"", ""value"": 0.4526, ""contribution"": 0.1563}, {""name"": ""away_top3c_slg"", ""value"": 0.4186, ""contribution"": 0.11}, {""name"": ""wx_temp_c"", ""value"": 30.4, ""contribution"": 0.0548}, {""name"": ""away_top3_ops_vs_oppHand"", ""value"": 0.8167, ""contribution"": 0.0504}]","[{""name"": ""fi_park_nrfi_rate"", ""value"": 0.4526, ""contribution"": 0.2403}, {""name"": ""away_whiff_pct_rank"", ""value"": 32.0, ""contribution"": 0.0772}, {""name"": ""wx_temp_c"", ""value"": 30.4, ""contribution"": 0.0764}, {""name"": ""home_top3c_iso"", ""value"": 0.1889, ""contribution"": 0.0467}, {""name"": ""wx_wind_kmh"", ""value"": 7.1, ""contribution"": -0.0463}]",575629,0.4774,3.855,4.459,71.0,32.0,0.7136,0.7136,4.8,5.07,0.8167,0.7947,R,R,NRFI,LOSS,0,0,0,2026-07-21T02:22:35+00:00,-110,-120,DraftKings,2026-07-21T01:39:32+00:00,0.5238,0.5455,-0.1174,0.0481,0.0481,Y,1,-1,-110,-115,2026-07-20T21:55:04+00:00,0.0106,0.4541,PASS,NO EDGE,,,,,,,
2026-07-20,2026,825058,1,N,OAK,ARI,9:40 PM ET,Jeffrey Springs,Mitch Bratt,605488,683352,live,sm,live,live,1.0,0.5495,0.6958,1.2453,0.3954,0.5644,0.9598,0.3935,0.6065,0.3537,0.6463,,,YRFI,STRONG,STRONG YRFI,4,2026-07-21T00:36:04Z,5.506,4.409,1.359,1.313,5.704,4.526,3.26,3.53,2.14,1.25,7.63,8.2,0.322,0.309,0.405,0.39,4.478,4.39,,,,1.0,0.5,0.4,0.5,0.4,0.3286,0.332,0.4109,0.4648,0.1658,0.2022,lineup,lineup,"[{""id"": 606466, ""name"": ""Ketel Marte"", ""bats"": ""S"", ""obp"": 0.3126491646778043, ""slg"": 0.4557291666666667, ""iso"": 0.19791666666666669, ""ab"": 384}, {""id"": 672695, ""name"": ""Geraldo Perdomo"", ""bats"": ""S"", ""obp"": 0.355, ""slg"": 0.35843373493975905, ""iso"": 0.1204819277108434, ""ab"": 332}, {""id"": 694374, ""name"": ""Tim Tawa"", ""bats"": ""R"", ""obp"": 0.2912621359223301, ""slg"": 0.41304347826086957, ""iso"": 0.1956521739130435, ""ab"": 92}]","[{""id"": 805779, ""name"": ""Jacob Wilson"", ""bats"": ""R"", ""obp"": 0.32, ""slg"": 0.40336134453781514, ""iso"": 0.11344537815126049, ""ab"": 238}, {""id"": 691016, ""name"": ""Tyler Soderstrom"", ""bats"": ""L"", ""obp"": 0.34444444444444444, ""slg"": 0.4790996784565916, ""iso"": 0.23472668810289388, ""ab"": 311}, {""id"": 669127, ""name"": ""Shea Langeliers"", ""bats"": ""R"", ""obp"": 0.3283208020050125, ""slg"": 0.4930747922437673, ""iso"": 0.23268698060941828, ""ab"": 361}]","[{""name"": ""fi_park_nrfi_rate"", ""value"": 0.4239, ""contribution"": 0.2555}, {""name"": ""away_top3c_iso"", ""value"": 0.2022, ""contribution"": 0.167}, {""name"": ""away_top3c_slg"", ""value"": 0.4648, ""contribution"": -0.1244}, {""name"": ""era_gap_t1"", ""value"": -1.097, ""contribution"": -0.1182}, {""name"": ""home_p_last10_pitcher_nrfi"", ""value"": 0.5, ""contribution"": -0.0846}]","[{""name"": ""fi_park_nrfi_rate"", ""value"": 0.4239, ""contribution"": 0.3927}, {""name"": ""away_fip"", ""value"": 5.7043, ""contribution"": 0.1834}, {""name"": ""home_top3c_slg"", ""value"": 0.4109, ""contribution"": 0.1833}, {""name"": ""away_p_last10_pitcher_nrfi"", ""value"": 0.4, ""contribution"": 0.1041}, {""name"": ""away_whiff_pct_rank"", ""value"": 71.0, ""contribution"": -0.0911}]",544728,0.4859,4.2,4.027,50.0,71.0,0.7136,0.7272,3.0,4.53,0.7977,0.699,L,L,NRFI,LOSS,0,0,0,2026-07-21T01:59:07+00:00,+105,-135,DraftKings,2026-07-21T01:39:32+00:00,0.4878,0.5745,-0.0943,0.032,0.032,Y,1,-1,+110,-140,2026-07-20T21:55:04+00:00,-0.0089,0.4658,PASS,NO EDGE,,,,,,,
2026-07-20,2026,823522,1,N,PIT,NYY,7:05 PM ET,Braxton Ashcraft,Ryan Weathers,677952,677960,live,live,live,live,1.02,0.5671,0.4479,1.015,0.3686,0.4244,0.793,0.4384,0.5616,0.2698,0.7302,,,PASS,LOW LAMBDA,PASS - Low lambda,4,2026-07-20T22:47:06Z,3.448,4.139,1.148,1.248,3.312,4.049,2.38,2.62,1.02,1.44,9.88,9.77,0.338,0.316,0.425,0.42,5.222,4.689,26.2,13.7,38.0,0.0,0.6,0.4,0.6,0.6,0.3441,0.3623,0.5104,0.4563,0.2517,0.1766,lineup,lineup,"[{""id"": 663757, ""name"": ""Trent Grisham"", ""bats"": ""L"", ""obp"": 0.3322784810126582, ""slg"": 0.4185185185185185, ""iso"": 0.18888888888888888, ""ab"": 270}, {""id"": 700250, ""name"": ""Ben Rice"", ""bats"": ""L"", ""obp"": 0.3706467661691542, ""slg"": 0.5959885386819485, ""iso"": 0.31518624641833815, ""ab"": 349}, {""id"": 502671, ""name"": ""Paul Goldschmidt"", ""bats"": ""R"", ""obp"": 0.31851851851851853, ""slg"": 0.4898785425101215, ""iso"": 0.23076923076923078, ""ab"": 247}]","[{""id"": 693304, ""name"": ""Nick Gonzales"", ""bats"": ""R"", ""obp"": 0.3704663212435233, ""slg"": 0.4074074074074074, ""iso"": 0.09686609686609682, ""ab"": 351}, {""id"": 664040, ""name"": ""Brandon Lowe"", ""bats"": ""L"", ""obp"": 0.3170731707317073, ""slg"": 0.48484848484848486, ""iso"": 0.2369146005509642, ""ab"": 363}, {""id"": 668804, ""name"": ""Bryan Reynolds"", ""bats"": ""S"", ""obp"": 0.39770114942528734, ""slg"": 0.47513812154696133, ""iso"": 0.19337016574585636, ""ab"": 362}]","[{""name"": ""fi_park_nrfi_rate"", ""value"": 0.4526, ""contribution"": 0.1563}, {""name"": ""away_top3c_slg"", ""value"": 0.4563, ""contribution"": -0.0813}, {""name"": ""era_gap_t1"", ""value"": 0.6915, ""contribution"": 0.0755}, {""name"": ""home_p_last10_pitcher_nrfi"", ""value"": 0.6, ""contribution"": -0.0455}, {""name"": ""wx_temp_c"", ""value"": 26.2, ""contribution"": 0.0296}]","[{""name"": ""home_top3c_slg"", ""value"": 0.5104, ""contribution"": -0.4348}, {""name"": ""home_top3c_iso"", ""value"": 0.2517, ""contribution"": 0.3433}, {""name"": ""fi_park_nrfi_rate"", ""value"": 0.4526, ""contribution"": 0.2403}, {""name"": ""away_whiff_pct_rank"", ""value"": 76.0, ""contribution"": -0.1127}, {""name"": ""away_fip"", ""value"": 3.3122, ""contribution"": -0.0722}]",607884,0.5403,4.324,2.96,88.0,76.0,0.7272,0.7136,4.67,5.73,0.7427,0.7947,R,L,YRFI,PASS,0,4,4,2026-07-20T23:27:33+00:00,-125,+100,DraftKings,2026-07-20T21:55:04+00:00,0.5556,0.5,-0.1172,0.0616,,N,,,-125,+100,2026-07-20T21:55:04+00:00,,0.4144,YRFI,STRONG,,,,,,,
2026-07-20,2026,824898,1,N,SD,ATL,7:15 PM ET,JP Sears,Bryce Elder,676664,693821,live,live,live,live,0.98,0.4866,0.6426,1.1292,0.3313,0.4551,0.7865,0.4399,0.5601,0.3117,0.6883,,,PASS,LOW LAMBDA,PASS - Low lambda,4,2026-07-20T23:05:15Z,5.039,4.452,1.351,1.289,5.259,4.433,2.84,2.85,1.96,1.34,7.85,7.57,0.306,0.316,0.381,0.417,4.145,4.925,33.5,8.4,36.0,0.0,0.6,0.6,0.8,0.6,0.3387,0.3058,0.483,0.3872,0.214,0.1516,lineup,lineup,"[{""id"": 686948, ""name"": ""Drake Baldwin"", ""bats"": ""L"", ""obp"": 0.36227544910179643, ""slg"": 0.4812286689419795, ""iso"": 0.20477815699658702, ""ab"": 293}, {""id"": 645277, ""name"": ""Ozzie Albies"", ""bats"": ""S"", ""obp"": 0.31529411764705884, ""slg"": 0.42894736842105263, ""iso"": 0.16578947368421054, ""ab"": 380}, {""id"": 621566, ""name"": ""Matt Olson"", ""bats"": ""L"", ""obp"": 0.3433874709976798, ""slg"": 0.5378590078328982, ""iso"": 0.2689295039164491, ""ab"": 383}]","[{""id"": 665487, ""name"": ""Fernando Tatis Jr."", ""bats"": ""R"", ""obp"": 0.3473193473193473, ""slg"": 0.3932291666666667, ""iso"": 0.109375, ""ab"": 384}, {""id"": 701538, ""name"": ""Jackson Merrill"", ""bats"": ""L"", ""obp"": 0.27722772277227725, ""slg"": 0.3626666666666667, ""iso"": 0.14133333333333337, ""ab"": 375}, {""id"": 592518, ""name"": ""Manny Machado"", ""bats"": ""R"", ""obp"": 0.2903225806451613, ""slg"": 0.4068767908309456, ""iso"": 0.20916905444126077, ""ab"": 349}]","[{""name"": ""away_top3c_slg"", ""value"": 0.3872, ""contribution"": 0.2689}, {""name"": ""away_top3c_iso"", ""value"": 0.1516, ""contribution"": -0.1892}, {""name"": ""away_top3_ops_vs_oppHand"", ""value"": 0.658, ""contribution"": -0.1113}, {""name"": ""wx_temp_c"", ""value"": 33.5, ""contribution"": 0.0733}, {""name"": ""era_gap_t1"", ""value"": -0.5869, ""contribution"": -0.0629}]","[{""name"": ""home_top3c_slg"", ""value"": 0.483, ""contribution"": -0.2644}, {""name"": ""home_top3c_iso"", ""value"": 0.214, ""contribution"": 0.1652}, {""name"": ""away_fip"", ""value"": 5.2588, ""contribution"": 0.1358}, {""name"": ""wx_temp_c"", ""value"": 33.5, ""contribution"": 0.1023}, {""name"": ""fi_park_nrfi_rate"", ""value"": 0.5093, ""contribution"": -0.0612}]",483912,0.5511,4.332,4.2,24.0,50.0,0.6942,0.6796,4.8,5.07,0.658,0.8057,L,R,NRFI,PASS,0,0,0,2026-07-20T23:28:47+00:00,+115,-150,DraftKings,2026-07-20T21:55:04+00:00,0.4651,0.6,-0.0267,-0.0384,0.0191,N,1,,+115,-150,2026-07-20T21:55:04+00:00,0,0.4836,PASS,NO EDGE,,,,,,,
2026-07-20,2026,824654,1,N,DET,CHC,8:05 PM ET,Jack Flaherty,Jameson Taillon,656427,592791,live,live,live,live,1.0,0.6158,0.5762,1.192,0.3351,0.3883,0.7235,0.4772,0.5228,0.3345,0.6655,,,PASS,NO EDGE,PASS - No edge,4,2026-07-21T00:03:37Z,4.532,4.627,1.367,1.21,3.769,5.767,4.03,2.63,1.08,2.3,10.67,7.5,0.313,0.334,0.399,0.411,4.259,4.996,27.4,21.8,59.0,0.0,0.6,1.0,0.7,0.9,0.3693,0.3627,0.464,0.4095,0.1969,0.1374,lineup,lineup,"[{""id"": 691718, ""name"": ""Pete Crow-Armstrong"", ""bats"": ""L"", ""obp"": 0.37906976744186044, ""slg"": 0.518918918918919, ""iso"": 0.23513513513513518, ""ab"": 370}, {""id"": 673548, ""name"": ""Seiya Suzuki"", ""bats"": ""R"", ""obp"": 0.35674157303370785, ""slg"": 0.4694533762057878, ""iso"": 0.1961414790996785, ""ab"": 311}, {""id"": 683737, ""name"": ""Michael Busch"", ""bats"": ""L"", ""obp"": 0.3698630136986301, ""slg"": 0.4027777777777778, ""iso"": 0.15833333333333335, ""ab"": 360}]","[{""id"": 805808, ""name"": ""Kevin McGonigle"", ""bats"": ""L"", ""obp"": 0.38967136150234744, ""slg"": 0.425414364640884, ""iso"": 0.14364640883977903, ""ab"": 362}, {""id"": 650402, ""name"": ""Gleyber Torres"", ""bats"": ""R"", ""obp"": 0.39473684210526316, ""slg"": 0.39490445859872614, ""iso"": 0.11464968152866245, ""ab"": 157}, {""id"": 701678, ""name"": ""Hao-Yu Lee"", ""bats"": ""R"", ""obp"": 0.2865853658536585, ""slg"": 0.3885350318471338, ""iso"": 0.13375796178343952, ""ab"": 157}]","[{""name"": ""away_top3c_iso"", ""value"": 0.1374, ""contribution"": -0.2897}, {""name"": ""home_fip"", ""value"": 5.7672, ""contribution"": 0.2008}, {""name"": ""away_top3c_slg"", ""value"": 0.4095, ""contribution"": 0.1559}, {""name"": ""fi_park_nrfi_rate"", ""value"": 0.5429, ""contribution"": -0.1558}, {""name"": ""wx_wind_kmh"", ""value"": 21.8, ""contribution"": 0.0459}]","[{""name"": ""fi_park_nrfi_rate"", ""value"": 0.5429, ""contribution"": -0.2395}, {""name"": ""home_top3c_slg"", ""value"": 0.464, ""contribution"": -0.1465}, {""name"": ""home_obp"", ""value"": 0.3342, ""contribution"": 0.1431}, {""name"": ""wx_wind_kmh"", ""value"": 21.8, ""contribution"": 0.1085}, {""name"": ""home_top3c_obp"", ""value"": 0.3693, ""contribution"": 0.1017}]",503586,0.4946,3.72,3.908,48.0,57.0,0.751,0.6942,4.4,4.93,0.804,0.824,R,R,YRFI,PASS,4,0,4,2026-07-21T00:53:47+00:00,+140,-180,DraftKings,2026-07-20T21:55:04+00:00,0.4167,0.6429,0.0605,-0.1201,,N,,,+140,-180,2026-07-20T21:55:04+00:00,,0.5838,NRFI,STRONG,,,,,,,
2026-07-20,2026,824167,1,N,MIA,HOU,8:10 PM ET,Janson Junk,Ronel Blanco,676083,669854,live,ltd,live,live,0.99,0.514,0.4681,0.9821,0.3546,0.4693,0.8239,0.4271,0.5729,0.2577,0.7423,,,PASS,LOW LAMBDA,PASS - Low lambda,4,2026-07-21T00:03:37Z,4.418,4.142,1.249,1.228,3.911,4.252,1.92,3.26,1.04,1.25,6.59,8.84,0.326,0.315,0.408,0.409,4.474,4.504,,,,1.0,1.0,0.6,0.8889,0.7,0.3839,0.3419,0.505,0.4366,0.2148,0.1758,lineup,lineup,"[{""id"": 665161, ""name"": ""Jeremy Pe\u00f1a"", ""bats"": ""R"", ""obp"": 0.35874439461883406, ""slg"": 0.43, ""iso"": 0.135, ""ab"": 200}, {""id"": 670541, ""name"": ""Yordan Alvarez"", ""bats"": ""L"", ""obp"": 0.42857142857142855, ""slg"": 0.6333333333333333, ""iso"": 0.3138888888888889, ""ab"": 360}, {""id"": 670623, ""name"": ""Isaac Paredes"", ""bats"": ""R"", ""obp"": 0.3492462311557789, ""slg"": 0.4139941690962099, ""iso"": 0.1574344023323615, ""ab"": 343}]","[{""id"": 669065, ""name"": ""Kyle Stowers"", ""bats"": ""L"", ""obp"": 0.31329113924050633, ""slg"": 0.43727598566308246, ""iso"": 0.20788530465949823, ""ab"": 279}, {""id"": 681715, ""name"": ""Heriberto Hern\u00e1ndez"", ""bats"": ""R"", ""obp"": 0.3153526970954357, ""slg"": 0.4697674418604651, ""iso"": 0.2325581395348837, ""ab"": 215}, {""id"": 669364, ""name"": ""Xavier Edwards"", ""bats"": ""S"", ""obp"": 0.37857142857142856, ""slg"": 0.41643835616438357, ""iso"": 0.11780821917808221, ""ab"": 365}]","[{""name"": ""home_p_last10_pitcher_nrfi"", ""value"": 0.8889, ""contribution"": 0.0673}, {""name"": ""fi_park_nrfi_rate"", ""value"": 0.482, ""contribution"": 0.0547}, {""name"": ""home_avg_ip_per_start"", ""value"": 6.3333, ""contribution"": -0.0366}, {""name"": ""home_fip"", ""value"": 4.2515, ""contribution"": 0.0306}, {""name"": ""era_gap_t1"", ""value"": -0.2757, ""contribution"": -0.0292}]","[{""name"": ""home_top3c_slg"", ""value"": 0.505, ""contribution"": -0.4012}, {""name"": ""away_whiff_pct_rank"", ""value"": 3.0, ""contribution"": 0.2024}, {""name"": ""home_top3c_iso"", ""value"": 0.2148, ""contribution"": 0.1691}, {""name"": ""home_top3_ops_vs_oppHand"", ""value"": 0.8983, ""contribution"": 0.1614}, {""name"": ""home_top3c_obp"", ""value"": 0.3839, ""contribution"": 0.1529}]",482666,0.522,4.2,4.264,50.0,3.0,0.7136,0.6796,6.33,5.33,0.7713,0.8983,R,R,NRFI,PASS,0,0,0,2026-07-21T00:23:33+00:00,+105,-135,DraftKings,2026-07-20T21:55:04+00:00,0.4878,0.5745,-0.0607,-0.0016,,N,,,+105,-135,2026-07-20T21:55:04+00:00,,0.4658,PASS,NO EDGE,,,,,,,
2026-07-20,2026,823436,1,N,LAD,PHI,7:10 PM ET,Emmet Sheehan,Cristopher Sánchez,686218,650911,live,live,live,live,1.04,0.4101,0.5152,0.9253,0.2677,0.4262,0.6939,0.4795,0.5205,0.2368,0.7632,,,PASS,NO EDGE,PASS - No edge,4,2026-07-20T23:05:15Z,4.331,2.591,1.189,1.159,4.006,2.728,2.83,1.82,1.43,0.77,10.16,10.02,0.339,0.305,0.427,0.399,5.083,4.343,27.9,9.1,40.0,0.0,0.6,0.8,0.7,0.8,0.3409,0.3713,0.4721,0.5031,0.2216,0.2179,lineup,lineup,"[{""id"": 607208, ""name"": ""Trea Turner"", ""bats"": ""R"", ""obp"": 0.29205607476635514, ""slg"": 0.37531486146095716, ""iso"": 0.13350125944584382, ""ab"": 397}, {""id"": 656941, ""name"": ""Kyle Schwarber"", ""bats"": ""L"", ""obp"": 0.36768149882903983, ""slg"": 0.5611111111111111, ""iso"": 0.30833333333333335, ""ab"": 360}, {""id"": 547180, ""name"": ""Bryce Harper"", ""bats"": ""L"", ""obp"": 0.36342042755344417, ""slg"": 0.49008498583569404, ""iso"": 0.23229461756373937, ""ab"": 353}]","[{""id"": 660271, ""name"": ""Shohei Ohtani"", ""bats"": ""L"", ""obp"": 0.3980815347721823, ""slg"": 0.5402298850574713, ""iso"": 0.25, ""ab"": 348}, {""id"": 681624, ""name"": ""Andy Pages"", ""bats"": ""R"", ""obp"": 0.33254716981132076, ""slg"": 0.46437994722955145, ""iso"": 0.1978891820580475, ""ab"": 379}, {""id"": 669242, ""name"": ""Tommy Edman"", ""bats"": ""S"", ""obp"": 0.43023255813953487, ""slg"": 0.5263157894736842, ""iso"": 0.17105263157894735, ""ab"": 76}]","[{""name"": ""away_top3c_slg"", ""value"": 0.5031, ""contribution"": -0.3183}, {""name"": ""away_top3c_iso"", ""value"": 0.2179, ""contribution"": 0.2778}, {""name"": ""era_gap_t1"", ""value"": -1.7397, ""contribution"": -0.1877}, {""name"": ""away_top3_ops_vs_oppHand"", ""value"": 0.947, ""contribution"": 0.1832}, {""name"": ""home_fip"", ""value"": 2.7277, ""contribution"": -0.1404}]","[{""name"": ""home_top3c_iso"", ""value"": 0.2216, ""contribution"": 0.2012}, {""name"": ""away_whiff_pct_rank"", ""value"": 96.0, ""contribution"": -0.199}, {""name"": ""home_top3c_slg"", ""value"": 0.4721, ""contribution"": -0.1968}, {""name"": ""fi_park_nrfi_rate"", ""value"": 0.473, ""contribution"": 0.1321}, {""name"": ""era_gap_b1"", ""value"": 1.7397, ""contribution"": 0.118}]",427113,0.5139,2.881,2.975,95.0,96.0,0.7197,0.7136,5.67,4.6,0.947,0.8577,R,L,NRFI,PASS,0,0,0,2026-07-20T23:33:43+00:00,-115,-115,DraftKings,2026-07-20T21:55:04+00:00,0.5349,0.5349,-0.0554,-0.0144,,N,,,-115,-115,2026-07-20T21:55:04+00:00,,0.4658,PASS,NO EDGE,,,,,,,
2026-07-20,2026,824410,1,N,MIN,CLE,6:40 PM ET,Joe Ryan,Tanner Bibee,657746,676440,live,live,live,live,0.96,0.5362,0.3508,0.887,0.3838,0.2961,0.6799,0.4891,0.5109,0.2228,0.7772,,,PASS,NO EDGE,PASS - No edge,4,2026-07-20T22:35:17Z,3.002,3.989,1.047,1.171,2.995,4.73,2.05,2.7,0.96,1.53,10.4,7.21,0.321,0.311,0.412,0.373,4.752,3.996,24.8,10.4,59.0,0.0,0.6,1.0,0.6,0.8,0.341,0.3333,0.3814,0.5068,0.1283,0.242,lineup,lineup,"[{""id"": 700932, ""name"": ""Kyle Manzardo"", ""bats"": ""L"", ""obp"": 0.30094043887147337, ""slg"": 0.34767025089605735, ""iso"": 0.13978494623655915, ""ab"": 279}, {""id"": 683953, ""name"": ""Travis Bazzana"", ""bats"": ""L"", ""obp"": 0.33220338983050846, ""slg"": 0.403921568627451, ""iso"": 0.16470588235294117, ""ab"": 255}, {""id"": 800050, ""name"": ""Chase DeLauter"", ""bats"": ""L"", ""obp"": 0.34492753623188405, ""slg"": 0.44516129032258067, ""iso"": 0.167741935483871, ""ab"": 310}]","[{""id"": 663616, ""name"": ""Trevor Larnach"", ""bats"": ""L"", ""obp"": 0.3771043771043771, ""slg"": 0.444015444015444, ""iso"": 0.15830115830115832, ""ab"": 259}, {""id"": 668885, ""name"": ""Austin Martin"", ""bats"": ""R"", ""obp"": 0.35587188612099646, ""slg"": 0.3206751054852321, ""iso"": 0.07594936708860761, ""ab"": 237}, {""id"": 665019, ""name"": ""Kody Clemens"", ""bats"": ""L"", ""obp"": 0.3, ""slg"": 0.4919614147909968, ""iso"": 0.25080385852090037, ""ab"": 311}]","[{""name"": ""away_top3c_iso"", ""value"": 0.242, ""contribution"": 0.4474}, {""name"": ""away_top3c_slg"", ""value"": 0.5068, ""contribution"": -0.3372}, {""name"": ""era_gap_t1"", ""value"": 0.987, ""contribution"": 0.1075}, {""name"": ""away_top3_ops_vs_oppHand"", ""value"": 0.871, ""contribution"": 0.1058}, {""name"": ""fi_park_nrfi_rate"", ""value"": 0.528, ""contribution"": -0.1042}]","[{""name"": ""home_top3c_slg"", ""value"": 0.3814, ""contribution"": 0.3662}, {""name"": ""home_top3c_iso"", ""value"": 0.1283, ""contribution"": -0.2394}, {""name"": ""fi_park_nrfi_rate"", ""value"": 0.528, ""contribution"": -0.1602}, {""name"": ""away_fip"", ""value"": 2.9946, ""contribution"": -0.1061}, {""name"": ""era_gap_b1"", ""value"": -0.987, ""contribution"": -0.0675}]",482663,0.5317,3.633,3.262,47.0,62.0,0.7138,0.664,5.8,5.6,0.871,0.7573,R,R,YRFI,PASS,0,3,3,2026-07-20T23:01:33+00:00,-130,+100,DraftKings,2026-07-20T21:55:04+00:00,0.5652,0.5,-0.0761,0.0109,-0.0515,N,0.5,,-130,+100,2026-07-20T21:55:04+00:00,0,0.6370,NRFI,STRONG,,,,,,,
2026-07-20,2026,822788,1,N,TB,TOR,7:07 PM ET,Nick Martinez,Dylan Cease,607259,656302,live,live,live,live,1.01,0.4384,0.4213,0.8597,0.2473,0.3418,0.5891,0.5514,0.4486,0.2128,0.7872,,,NRFI,LEAN,LEAN NRFI,4,2026-07-20T22:05:03Z,3.146,3.136,1.145,1.188,4.054,2.61,1.81,3.97,1.01,0.65,5.59,12.98,0.33,0.306,0.4,0.385,4.447,4.075,,,,1.0,0.6,0.8,0.6,0.8,0.3347,0.3817,0.3948,0.494,0.1139,0.2009,lineup,lineup,"[{""id"": 676391, ""name"": ""Ernie Clement"", ""bats"": ""R"", ""obp"": 0.32041343669250644, ""slg"": 0.4281842818428184, ""iso"": 0.13279132791327913, ""ab"": 369}, {""id"": 664770, ""name"": ""Nathan Lukes"", ""bats"": ""L"", ""obp"": 0.3392857142857143, ""slg"": 0.39805825242718446, ""iso"": 0.11165048543689321, ""ab"": 206}, {""id"": 665489, ""name"": ""Vladimir Guerrero Jr."", ""bats"": ""R"", ""obp"": 0.3458646616541353, ""slg"": 0.3573487031700288, ""iso"": 0.09510086455331412, ""ab"": 347}]","[{""id"": 650490, ""name"": ""Yandy D\u00edaz"", ""bats"": ""R"", ""obp"": 0.3883495145631068, ""slg"": 0.4709141274238227, ""iso"": 0.16066481994459836, ""ab"": 361}, {""id"": 666018, ""name"": ""Jonathan Aranda"", ""bats"": ""L"", ""obp"": 0.3880952380952381, ""slg"": 0.45738636363636365, ""iso"": 0.16761363636363635, ""ab"": 352}, {""id"": 691406, ""name"": ""Junior Caminero"", ""bats"": ""R"", ""obp"": 0.3691588785046729, ""slg"": 0.5510752688172043, ""iso"": 0.271505376344086, ""ab"": 372}]","[{""name"": ""away_top3c_slg"", ""value"": 0.494, ""contribution"": -0.2722}, {""name"": ""away_top3c_iso"", ""value"": 0.2009, ""contribution"": 0.158}, {""name"": ""home_fip"", ""value"": 2.6097, ""contribution"": -0.1537}, {""name"": ""away_top3_ops_vs_oppHand"", ""value"": 0.8913, ""contribution"": 0.1265}, {""name"": ""home_xera"", ""value"": 3.2756, ""contribution"": -0.086}]","[{""name"": ""home_top3c_iso"", ""value"": 0.1139, ""contribution"": -0.3074}, {""name"": ""home_top3c_slg"", ""value"": 0.3948, ""contribution"": 0.2833}, {""name"": ""away_whiff_pct_rank"", ""value"": 18.0, ""contribution"": 0.1376}, {""name"": ""wx_is_dome"", ""value"": 1.0, ""contribution"": -0.0758}, {""name"": ""home_obp"", ""value"": 0.3064, ""contribution"": -0.0514}]",483630,0.522,3.276,4.133,97.0,18.0,0.7396,0.6796,6.07,5.53,0.8913,0.748,R,R,NRFI,WIN,0,0,0,2026-07-20T23:23:09+00:00,-140,+110,DraftKings,2026-07-20T21:55:04+00:00,0.5833,0.4762,-0.0319,-0.0276,-0.0319,N,0.5,0,-140,+110,2026-07-20T21:55:04+00:00,0,0.5914,NRFI,STRONG,,,,,,,
2026-07-20,2026,824087,1,N,SF,KC,7:40 PM ET,Trevor McDonald,Michael Wacha,686790,608379,ltd,live,live,live,0.96,0.4181,0.4707,0.8888,0.2416,0.3428,0.5844,0.5514,0.4486,0.2234,0.7766,,,NRFI,LEAN,LEAN NRFI,4,2026-07-20T22:35:17Z,4.7,3.793,1.285,1.198,3.895,3.922,2.89,2.51,0.97,0.99,7.88,7.09,0.31,0.316,0.417,0.4,4.171,4.291,36.9,10.8,40.0,0.0,1.0,0.6,0.8,0.6,0.3292,0.3445,0.4529,0.4749,0.1892,0.1782,lineup,lineup,"[{""id"": 695600, ""name"": ""Carter Jensen"", ""bats"": ""L"", ""obp"": 0.3138888888888889, ""slg"": 0.43613707165109034, ""iso"": 0.19003115264797507, ""ab"": 321}, {""id"": 679845, ""name"": ""Nick Loftin"", ""bats"": ""R"", ""obp"": 0.32407407407407407, ""slg"": 0.39037433155080214, ""iso"": 0.15508021390374332, ""ab"": 187}, {""id"": 695506, ""name"": ""Jac Caglianone"", ""bats"": ""L"", ""obp"": 0.32132963988919666, ""slg"": 0.47129909365558914, ""iso"": 0.20845921450151061, ""ab"": 331}]","[{""id"": 650333, ""name"": ""Luis Arraez"", ""bats"": ""L"", ""obp"": 0.36585365853658536, ""slg"": 0.45454545454545453, ""iso"": 0.12834224598930477, ""ab"": 374}, {""id"": 805811, ""name"": ""Bryce Eldridge"", ""bats"": ""L"", ""obp"": 0.36796536796536794, ""slg"": 0.49, ""iso"": 0.21499999999999997, ""ab"": 200}, {""id"": 669477, ""name"": ""Casey Schmitt"", ""bats"": ""R"", ""obp"": 0.3072916666666667, ""slg"": 0.48760330578512395, ""iso"": 0.209366391184573, ""ab"": 363}]","[{""name"": ""fi_park_nrfi_rate"", ""value"": 0.5614, ""contribution"": -0.2197}, {""name"": ""away_top3c_slg"", ""value"": 0.4749, ""contribution"": -0.1755}, {""name"": ""era_gap_t1"", ""value"": -0.9069, ""contribution"": -0.0976}, {""name"": ""wx_temp_c"", ""value"": 36.9, ""contribution"": 0.0937}, {""name"": ""away_top3_ops_vs_oppHand"", ""value"": 0.821, ""contribution"": 0.0548}]","[{""name"": ""fi_park_nrfi_rate"", ""value"": 0.5614, ""contribution"": -0.3377}, {""name"": ""wx_temp_c"", ""value"": 36.9, ""contribution"": 0.1307}, {""name"": ""home_top3c_slg"", ""value"": 0.4529, ""contribution"": -0.0779}, {""name"": ""era_gap_b1"", ""value"": 0.9069, ""contribution"": 0.0613}, {""name"": ""home_top3c_iso"", ""value"": 0.1892, ""contribution"": 0.0482}]",482631,0.538,4.274,4.2,40.0,50.0,0.664,0.7136,6.27,4.73,0.821,0.7787,R,R,NRFI,WIN,0,0,0,2026-07-20T23:56:26+00:00,+105,-140,DraftKings,2026-07-20T21:55:04+00:00,0.4878,0.5833,0.0636,-0.1347,0.0636,N,0.5,0,+105,-140,2026-07-20T21:55:04+00:00,0,0.4838,PASS,NO EDGE,,,,,,,
2026-07-20,2026,822874,1,N,CWS,TEX,8:05 PM ET,Erick Fedde,Jacob deGrom,607200,594798,live,live,live,live,1.07,0.4863,0.6896,1.1759,0.2452,0.4235,0.6687,0.5238,0.4762,0.3286,0.6714,,,NRFI,LEAN,LEAN NRFI,4,2026-07-20T22:47:06Z,4.564,3.342,1.449,0.984,5.249,3.575,3.77,1.96,1.42,1.41,5.84,10.59,0.318,0.319,0.41,0.4,4.748,4.206,,,,1.0,0.4,0.2,0.5,0.5,0.3452,0.3631,0.4693,0.4741,0.1952,0.2224,lineup,lineup,"[{""id"": 592626, ""name"": ""Joc Pederson"", ""bats"": ""L"", ""obp"": 0.3388704318936877, ""slg"": 0.47876447876447875, ""iso"": 0.2355212355212355, ""ab"": 259}, {""id"": 694671, ""name"": ""Wyatt Langford"", ""bats"": ""R"", ""obp"": 0.3284313725490196, ""slg"": 0.5078534031413613, ""iso"": 0.22513089005235604, ""ab"": 191}, {""id"": 673962, ""name"": ""Josh Jung"", ""bats"": ""R"", ""obp"": 0.358974358974359, ""slg"": 0.44126074498567336, ""iso"": 0.14899713467048709, ""ab"": 349}]","[{""id"": 803011, ""name"": ""Sam Antonacci"", ""bats"": ""L"", ""obp"": 0.37142857142857144, ""slg"": 0.41605839416058393, ""iso"": 0.13503649635036497, ""ab"": 274}, {""id"": 808959, ""name"": ""Munetaka Murakami"", ""bats"": ""L"", ""obp"": 0.3713235294117647, ""slg"": 0.5294117647058824, ""iso"": 0.2986425339366516, ""ab"": 221}, {""id"": 678246, ""name"": ""Miguel Vargas"", ""bats"": ""R"", ""obp"": 0.3515439429928741, ""slg"": 0.48450704225352115, ""iso"": 0.24225352112676057, ""ab"": 355}]","[{""name"": ""away_top3c_iso"", ""value"": 0.2224, ""contribution"": 0.3089}, {""name"": ""away_top3c_slg"", ""value"": 0.4741, ""contribution"": -0.1714}, {""name"": ""fi_park_nrfi_rate"", ""value"": 0.5398, ""contribution"": -0.1451}, {""name"": ""era_gap_t1"", ""value"": -1.2221, ""contribution"": -0.1317}, {""name"": ""away_top3_ops_vs_oppHand"", ""value"": 0.8703, ""contribution"": 0.1051}]","[{""name"": ""fi_park_nrfi_rate"", ""value"": 0.5398, ""contribution"": -0.2231}, {""name"": ""away_whiff_pct_rank"", ""value"": 8.0, ""contribution"": 0.1808}, {""name"": ""home_top3c_slg"", ""value"": 0.4693, ""contribution"": -0.1798}, {""name"": ""away_fip"", ""value"": 5.2486, ""contribution"": 0.1347}, {""name"": ""era_gap_b1"", ""value"": 1.2221, ""contribution"": 0.0828}]",596809,0.5038,3.231,5.185,82.0,8.0,0.7272,0.7396,6.0,4.53,0.8703,0.8133,R,R,YRFI,LOSS,0,1,1,2026-07-21T00:30:51+00:00,-120,-110,DraftKings,2026-07-20T21:55:04+00:00,0.5455,0.5238,-0.0217,-0.0476,-0.0217,N,0.5,0,-120,-110,2026-07-20T21:55:04+00:00,0,0.5504,PASS,NO EDGE,,,,,,,
2026-07-20,2026,824736,1,N,BAL,BOS,7:10 PM ET,Shane Baz,Payton Tolle,669358,801139,live,ltd,live,live,1.05,0.4583,0.5529,1.0111,0.2896,0.3703,0.6599,0.5384,0.4616,0.2683,0.7317,,,NRFI,LEAN,LEAN NRFI,4,2026-07-20T22:05:03Z,4.37,3.452,1.374,1.131,3.811,3.574,3.42,2.76,0.91,0.97,8.42,9.14,0.32,0.315,0.397,0.395,4.578,4.252,26.3,18.4,38.0,0.0,0.6,0.6,0.8,0.5,0.3318,0.3413,0.4421,0.4049,0.1712,0.1667,lineup,lineup,"[{""id"": 678011, ""name"": ""Anthony Seigler"", ""bats"": ""S"", ""obp"": 0.32989690721649484, ""slg"": 0.4069767441860465, ""iso"": 0.1511627906976744, ""ab"": 86}, {""id"": 678882, ""name"": ""Ceddanne Rafaela"", ""bats"": ""R"", ""obp"": 0.3263707571801567, ""slg"": 0.43454038997214484, ""iso"": 0.15320334261838436, ""ab"": 359}, {""id"": 677800, ""name"": ""Wilyer Abreu"", ""bats"": ""L"", ""obp"": 0.3373493975903614, ""slg"": 0.45776566757493187, ""iso"": 0.19346049046321523, ""ab"": 367}]","[{""id"": 621493, ""name"": ""Taylor Ward"", ""bats"": ""R"", ""obp"": 0.38852097130242824, ""slg"": 0.36065573770491804, ""iso"": 0.10928961748633881, ""ab"": 366}, {""id"": 624413, ""name"": ""Pete Alonso"", ""bats"": ""R"", ""obp"": 0.3464203233256351, ""slg"": 0.46216216216216216, ""iso"": 0.2162162162162162, ""ab"": 370}, {""id"": 683002, ""name"": ""Gunnar Henderson"", ""bats"": ""L"", ""obp"": 0.2891832229580574, ""slg"": 0.3926829268292683, ""iso"": 0.1731707317073171, ""ab"": 410}]","[{""name"": ""away_top3c_slg"", ""value"": 0.4049, ""contribution"": 0.1792}, {""name"": ""era_gap_t1"", ""value"": -0.918, ""contribution"": -0.0988}, {""name"": ""away_top3c_iso"", ""value"": 0.1667, ""contribution"": -0.0833}, {""name"": ""home_xera"", ""value"": 3.3267, ""contribution"": -0.0808}, {""name"": ""fi_park_nrfi_rate"", ""value"": 0.5121, ""contribution"": -0.0494}]","[{""name"": ""fi_park_nrfi_rate"", ""value"": 0.5121, ""contribution"": -0.076}, {""name"": ""wx_wind_kmh"", ""value"": 18.4, ""contribution"": 0.0727}, {""name"": ""away_p_last10_pitcher_nrfi"", ""value"": 0.5, ""contribution"": 0.0713}, {""name"": ""era_gap_b1"", ""value"": 0.918, ""contribution"": 0.0621}, {""name"": ""home_top3_ops_vs_oppHand"", ""value"": 0.725, ""contribution"": -0.0461}]",521889,0.4806,3.327,3.874,100.0,59.0,0.7136,0.7272,5.13,5.93,0.7547,0.725,R,L,YRFI,LOSS,1,0,1,2026-07-20T23:24:01+00:00,-110,-120,DraftKings,2026-07-20T21:55:04+00:00,0.5238,0.5455,0.0146,-0.0839,0.0146,N,0.5,0,-110,-120,2026-07-20T21:55:04+00:00,0,0.4877,PASS,NO EDGE,,,,,,,
2026-07-20,2026,823112,1,N,CIN,SEA,9:40 PM ET,Andrew Abbott,George Kirby,671096,669923,live,live,live,live,0.95,0.3778,0.5564,0.9342,0.2909,0.3978,0.6887,0.4795,0.5205,0.24,0.76,,,PASS,NO EDGE,PASS - No edge,4,2026-07-21T01:35:46Z,3.768,3.88,1.346,1.285,4.629,3.374,3.62,1.99,1.28,0.95,7.44,8.49,0.312,0.31,0.402,0.381,4.261,4.083,,,,1.0,0.8,0.2,0.6,0.4,0.3439,0.3451,0.4539,0.4883,0.1878,0.2282,lineup,lineup,"[{""id"": 668227, ""name"": ""Randy Arozarena"", ""bats"": ""R"", ""obp"": 0.37595907928388744, ""slg"": 0.44776119402985076, ""iso"": 0.16716417910447762, ""ab"": 335}, {""id"": 677594, ""name"": ""Julio Rodr\u00edguez"", ""bats"": ""R"", ""obp"": 0.31958762886597936, ""slg"": 0.41761363636363635, ""iso"": 0.16193181818181818, ""ab"": 352}, {""id"": 686527, ""name"": ""Dominic Canzone"", ""bats"": ""L"", ""obp"": 0.3320610687022901, ""slg"": 0.5170940170940171, ""iso"": 0.25641025641025644, ""ab"": 234}]","[{""id"": 682829, ""name"": ""Elly De La Cruz"", ""bats"": ""S"", ""obp"": 0.3531073446327684, ""slg"": 0.5063291139240507, ""iso"": 0.2246835443037975, ""ab"": 316}, {""id"": 701398, ""name"": ""Sal Stewart"", ""bats"": ""R"", ""obp"": 0.3341121495327103, ""slg"": 0.4746666666666667, ""iso"": 0.22133333333333333, ""ab"": 375}, {""id"": 668709, ""name"": ""JJ Bleday"", ""bats"": ""L"", ""obp"": 0.35135135135135137, ""slg"": 0.4860557768924303, ""iso"": 0.24302788844621515, ""ab"": 251}]","[{""name"": ""away_top3c_iso"", ""value"": 0.2282, ""contribution"": 0.3504}, {""name"": ""away_top3c_slg"", ""value"": 0.4883, ""contribution"": -0.2434}, {""name"": ""home_fip"", ""value"": 3.3736, ""contribution"": -0.0679}, {""name"": ""home_xera"", ""value"": 3.551, ""contribution"": -0.0578}, {""name"": ""fi_park_nrfi_rate"", ""value"": 0.5131, ""contribution"": -0.0529}]","[{""name"": ""home_top3_ops_vs_oppHand"", ""value"": 0.8613, ""contribution"": 0.1171}, {""name"": ""away_p_last10_pitcher_nrfi"", ""value"": 0.4, ""contribution"": 0.1041}, {""name"": ""home_top3c_slg"", ""value"": 0.4539, ""contribution"": -0.0836}, {""name"": ""fi_park_nrfi_rate"", ""value"": 0.5131, ""contribution"": -0.0814}, {""name"": ""wx_is_dome"", ""value"": 1.0, ""contribution"": -0.0758}]",665302,0.5084,3.551,3.784,72.0,43.0,0.7272,0.7136,6.4,5.07,0.8067,0.8613,L,R,NRFI,PASS,0,0,0,2026-07-21T01:56:13+00:00,-120,-110,DraftKings,2026-07-21T02:06:06+00:00,0.5455,0.5238,-0.066,-0.0033,,N,,,-120,-110,2026-07-21T01:39:32+00:00,,0.6264,NRFI,STRONG,,,,,,,
2026-07-21,2026,824329,1,N,WSH,COL,8:40 PM ET,Carson Palmquist,Michael Lorenzen,687223,547179,ltd,live,live,live,1.22,0.7897,0.7871,1.5769,0.5679,0.6874,1.2553,0.3219,0.6781,0.4676,0.5324,,,YRFI,STRONG,STRONG YRFI,4,2026-07-21T23:34:56Z,5.705,5.759,1.476,1.642,4.698,4.714,3.6,3.22,1.5,1.38,8.93,7.16,0.326,0.324,0.436,0.418,5.341,4.739,35.6,18.6,23.0,0.0,0.4,0.4,0.6,0.4,0.341,0.3531,0.5332,0.5195,0.254,0.2517,lineup,lineup,"[{""id"": 664983, ""name"": ""Jake McCarthy"", ""bats"": ""L"", ""obp"": 0.35, ""slg"": 0.511864406779661, ""iso"": 0.20677966101694917, ""ab"": 295}, {""id"": 694249, ""name"": ""Cole Carrigg"", ""bats"": ""S"", ""obp"": 0.3671875, ""slg"": 0.5185185185185185, ""iso"": 0.23148148148148145, ""ab"": 108}, {""id"": 696100, ""name"": ""Hunter Goodman"", ""bats"": ""R"", ""obp"": 0.3247422680412371, ""slg"": 0.5558739255014327, ""iso"": 0.3008595988538682, ""ab"": 349}]","[{""id"": 695578, ""name"": ""James Wood"", ""bats"": ""L"", ""obp"": 0.4008438818565401, ""slg"": 0.5529715762273901, ""iso"": 0.2816537467700258, ""ab"": 387}, {""id"": 671277, ""name"": ""Luis Garc\u00eda Jr."", ""bats"": ""L"", ""obp"": 0.31097560975609756, ""slg"": 0.5416666666666666, ""iso"": 0.2628205128205128, ""ab"": 312}, {""id"": 665953, ""name"": ""Andr\u00e9s Chaparro"", ""bats"": ""R"", ""obp"": 0.34615384615384615, ""slg"": 0.4461538461538462, ""iso"": 0.23076923076923078, ""ab"": 65}]","[{""name"": ""away_top3c_iso"", ""value"": 0.2517, ""contribution"": 0.5158}, {""name"": ""away_top3c_slg"", ""value"": 0.5195, ""contribution"": -0.401}, {""name"": ""fi_park_nrfi_rate"", ""value"": 0.4241, ""contribution"": 0.2547}, {""name"": ""away_top3_ops_vs_oppHand"", ""value"": 0.8627, ""contribution"": 0.0973}, {""name"": ""wx_temp_c"", ""value"": 35.6, ""contribution"": 0.0859}]","[{""name"": ""home_top3c_slg"", ""value"": 0.5332, ""contribution"": -0.5768}, {""name"": ""fi_park_nrfi_rate"", ""value"": 0.4241, ""contribution"": 0.3916}, {""name"": ""home_top3c_iso"", ""value"": 0.254, ""contribution"": 0.3539}, {""name"": ""home_top3_ops_vs_oppHand"", ""value"": 0.8933, ""contribution"": 0.1555}, {""name"": ""wx_temp_c"", ""value"": 35.6, ""contribution"": 0.1198}]",427129,0.4611,4.664,4.2,38.0,50.0,0.7197,0.7136,5.27,3.2,0.8627,0.8933,L,R,YRFI,WIN,2,0,2,2026-07-22T00:59:32+00:00,+190,-250,DraftKings,2026-07-22T00:10:44+00:00,0.3448,0.7143,-0.0229,-0.0362,-0.0362,Y,1,0.4,+190,-250,2026-07-21T22:44:32+00:00,0,0.3987,YRFI,STRONG,,,,,,,
2026-07-21,2026,824005,1,N,STL,LAA,9:38 PM ET,Matthew Liberatore,Walbert Ureña,669461,700712,live,ltd,live,live,0.99,0.4977,0.5727,1.0704,0.3113,0.715,1.0263,0.3497,0.6503,0.2901,0.7099,,,YRFI,STRONG,STRONG YRFI,4,2026-07-22T00:35:26Z,4.763,3.306,1.429,1.3,4.623,3.929,3.15,4.39,1.49,0.77,8.13,8.69,0.318,0.315,0.39,0.39,4.504,4.349,30.7,15.8,38.0,0.0,0.8,0.6,0.8,0.7,0.3528,0.3554,0.4355,0.4144,0.1868,0.1541,lineup,lineup,"[{""id"": 687263, ""name"": ""Zach Neto"", ""bats"": ""R"", ""obp"": 0.325, ""slg"": 0.4444444444444444, ""iso"": 0.20930232558139533, ""ab"": 387}, {""id"": 545361, ""name"": ""Mike Trout"", ""bats"": ""R"", ""obp"": 0.38544474393531, ""slg"": 0.4612794612794613, ""iso"": 0.22895622895622897, ""ab"": 297}, {""id"": 694384, ""name"": ""Nolan Schanuel"", ""bats"": ""L"", ""obp"": 0.35311572700296734, ""slg"": 0.39867109634551495, ""iso"": 0.11627906976744184, ""ab"": 301}]","[{""id"": 802139, ""name"": ""JJ Wetherholt"", ""bats"": ""L"", ""obp"": 0.3559718969555035, ""slg"": 0.4010840108401084, ""iso"": 0.14092140921409213, ""ab"": 369}, {""id"": 671056, ""name"": ""Iv\u00e1n Herrera"", ""bats"": ""R"", ""obp"": 0.37020316027088035, ""slg"": 0.3780821917808219, ""iso"": 0.13424657534246576, ""ab"": 365}, {""id"": 676475, ""name"": ""Alec Burleson"", ""bats"": ""L"", ""obp"": 0.3389423076923077, ""slg"": 0.4627659574468085, ""iso"": 0.1861702127659574, ""ab"": 376}]","[{""name"": ""away_top3c_iso"", ""value"": 0.1541, ""contribution"": -0.1721}, {""name"": ""home_xera"", ""value"": 2.4971, ""contribution"": -0.1658}, {""name"": ""era_gap_t1"", ""value"": -1.4567, ""contribution"": -0.1571}, {""name"": ""fi_park_nrfi_rate"", ""value"": 0.4526, ""contribution"": 0.1563}, {""name"": ""away_top3c_slg"", ""value"": 0.4144, ""contribution"": 0.131}]","[{""name"": ""fi_park_nrfi_rate"", ""value"": 0.4526, ""contribution"": 0.2403}, {""name"": ""away_whiff_pct_rank"", ""value"": 14.0, ""contribution"": 0.1549}, {""name"": ""era_gap_b1"", ""value"": 1.4567, ""contribution"": 0.0987}, {""name"": ""wx_temp_c"", ""value"": 30.7, ""contribution"": 0.0789}, {""name"": ""away_fip"", ""value"": 4.6229, ""contribution"": 0.0679}]",483919,0.4901,2.497,4.999,50.0,14.0,0.7136,0.7272,5.2,4.6,0.808,0.7807,L,R,YRFI,WIN,0,5,5,2026-07-22T02:04:20+00:00,-105,-120,DraftKings,2026-07-22T01:08:59+00:00,0.5122,0.5455,-0.1625,0.1048,0.1048,Y,1,0.833,-105,-120,2026-07-22T00:31:53+00:00,0,0.4521,PASS,NO EDGE,,,,,,,
2026-07-21,2026,824895,1,N,SD,ATL,7:15 PM ET,Walker Buehler,Reynaldo López,621111,625643,live,ltd,live,live,0.98,0.4978,0.619,1.1168,0.2683,0.5061,0.7744,0.4599,0.5401,0.3071,0.6929,,,PASS,NO EDGE,PASS - No edge,4,2026-07-21T23:04:42Z,5.231,3.765,1.464,1.26,4.703,4.303,3.8,3.38,1.33,1.19,7.7,8.26,0.306,0.316,0.382,0.417,4.126,4.908,31.8,13.2,52.0,0.0,0.2,0.6,0.3,0.7,0.3372,0.3129,0.4827,0.381,0.2146,0.1464,lineup,lineup,"[{""id"": 686948, ""name"": ""Drake Baldwin"", ""bats"": ""L"", ""obp"": 0.35798816568047337, ""slg"": 0.47474747474747475, ""iso"": 0.20202020202020204, ""ab"": 297}, {""id"": 645277, ""name"": ""Ozzie Albies"", ""bats"": ""S"", ""obp"": 0.317016317016317, ""slg"": 0.4375, ""iso"": 0.171875, ""ab"": 384}, {""id"": 621566, ""name"": ""Matt Olson"", ""bats"": ""L"", ""obp"": 0.34101382488479265, ""slg"": 0.533678756476684, ""iso"": 0.266839378238342, ""ab"": 386}]","[{""id"": 665487, ""name"": ""Fernando Tatis Jr."", ""bats"": ""R"", ""obp"": 0.3464203233256351, ""slg"": 0.39018087855297157, ""iso"": 0.10852713178294571, ""ab"": 387}, {""id"": 630105, ""name"": ""Jake Cronenworth"", ""bats"": ""L"", ""obp"": 0.2774566473988439, ""slg"": 0.27741935483870966, ""iso"": 0.08387096774193548, ""ab"": 155}, {""id"": 592518, ""name"": ""Manny Machado"", ""bats"": ""R"", ""obp"": 0.29238329238329236, ""slg"": 0.4164305949008499, ""iso"": 0.2152974504249292, ""ab"": 353}]","[{""name"": ""away_top3c_slg"", ""value"": 0.381, ""contribution"": 0.3002}, {""name"": ""away_top3c_iso"", ""value"": 0.1464, ""contribution"": -0.2262}, {""name"": ""home_p_last10_pitcher_nrfi"", ""value"": 0.3, ""contribution"": -0.1627}, {""name"": ""era_gap_t1"", ""value"": -1.4666, ""contribution"": -0.1582}, {""name"": ""away_top3_ops_vs_oppHand"", ""value"": 0.6573, ""contribution"": -0.112}]","[{""name"": ""home_top3c_slg"", ""value"": 0.4827, ""contribution"": -0.2626}, {""name"": ""home_top3c_iso"", ""value"": 0.2146, ""contribution"": 0.1681}, {""name"": ""away_whiff_pct_rank"", ""value"": 15.0, ""contribution"": 0.1506}, {""name"": ""era_gap_b1"", ""value"": 1.4666, ""contribution"": 0.0994}, {""name"": ""wx_temp_c"", ""value"": 31.8, ""contribution"": 0.0881}]",621660,0.499,4.898,5.249,50.0,15.0,0.7075,0.7075,3.8,4.33,0.6573,0.8353,R,R,YRFI,PASS,1,0,1,2026-07-21T23:32:34+00:00,-105,-125,DraftKings,2026-07-21T22:44:32+00:00,0.5122,0.5556,-0.0738,0.006,0.0284,N,1,,-105,-125,2026-07-21T22:44:32+00:00,0,0.4332,YRFI,STRONG,,,,,,,
2026-07-21,2026,824085,1,N,SF,KC,7:40 PM ET,Tyler Mahle,Luinder Avila,641816,679883,live,ltd,live,live,0.96,0.5578,0.549,1.1069,0.3964,0.3621,0.7585,0.4772,0.5228,0.3035,0.6965,,,PASS,NO EDGE,PASS - No edge,4,2026-07-21T23:34:56Z,4.439,4.702,1.361,1.47,4.275,4.452,3.46,4.4,1.16,1.06,8.08,8.32,0.309,0.316,0.417,0.4,4.161,4.289,31.9,19.3,43.0,0.0,0.6,0.6,0.4444,0.6,0.3219,0.3223,0.4399,0.4784,0.1907,0.204,lineup,lineup,"[{""id"": 695600, ""name"": ""Carter Jensen"", ""bats"": ""L"", ""obp"": 0.3095890410958904, ""slg"": 0.4294478527607362, ""iso"": 0.18711656441717794, ""ab"": 326}, {""id"": 657041, ""name"": ""Lane Thomas"", ""bats"": ""R"", ""obp"": 0.34265734265734266, ""slg"": 0.4186991869918699, ""iso"": 0.17479674796747968, ""ab"": 246}, {""id"": 686555, ""name"": ""Isaac Collins"", ""bats"": ""S"", ""obp"": 0.3445121951219512, ""slg"": 0.36524822695035464, ""iso"": 0.12056737588652486, ""ab"": 282}]","[{""id"": 671218, ""name"": ""Heliot Ramos"", ""bats"": ""R"", ""obp"": 0.30952380952380953, ""slg"": 0.4686192468619247, ""iso"": 0.19246861924686193, ""ab"": 239}, {""id"": 805811, ""name"": ""Bryce Eldridge"", ""bats"": ""L"", ""obp"": 0.3659574468085106, ""slg"": 0.4827586206896552, ""iso"": 0.2118226600985222, ""ab"": 203}, {""id"": 669477, ""name"": ""Casey Schmitt"", ""bats"": ""R"", ""obp"": 0.30412371134020616, ""slg"": 0.4822888283378747, ""iso"": 0.20708446866485014, ""ab"": 367}]","[{""name"": ""home_xera"", ""value"": 7.9214, ""contribution"": 0.39}, {""name"": ""fi_park_nrfi_rate"", ""value"": 0.5614, ""contribution"": -0.2197}, {""name"": ""away_top3c_slg"", ""value"": 0.4784, ""contribution"": -0.193}, {""name"": ""away_top3c_iso"", ""value"": 0.204, ""contribution"": 0.1794}, {""name"": ""home_p_last10_pitcher_nrfi"", ""value"": 0.4444, ""contribution"": -0.1063}]","[{""name"": ""fi_park_nrfi_rate"", ""value"": 0.5614, ""contribution"": -0.3377}, {""name"": ""wx_temp_c"", ""value"": 31.9, ""contribution"": 0.0889}, {""name"": ""wx_wind_kmh"", ""value"": 19.3, ""contribution"": 0.0822}, {""name"": ""home_top3c_obp"", ""value"": 0.3219, ""contribution"": -0.0647}, {""name"": ""home_top3c_iso"", ""value"": 0.1907, ""contribution"": 0.0554}]",483561,0.5039,7.921,4.327,50.0,38.0,0.7136,0.7396,4.93,5.27,0.7853,0.763,R,R,NRFI,PASS,0,0,0,2026-07-21T23:52:40+00:00,-110,-120,DraftKings,2026-07-21T22:44:32+00:00,0.5238,0.5455,-0.0646,-0.0047,,N,,,-110,-120,2026-07-21T22:44:32+00:00,,0.3767,YRFI,STRONG,,,,,,,
2026-07-21,2026,823519,1,N,PIT,NYY,7:05 PM ET,Bubba Chandler,Will Warren,696149,701542,live,live,live,live,1.02,0.5655,0.6076,1.173,0.3607,0.4139,0.7746,0.4596,0.5404,0.3276,0.6724,,,PASS,LINEUP PENDING,PASS - Lineup pending,4,2026-07-21T18:14:57Z,4.579,4.149,1.368,1.363,4.31,4.123,4.43,3.2,0.98,1.27,8.33,9.01,0.338,0.316,0.424,0.421,5.22,4.717,23.5,8.5,89.0,0.0,0.6,1.0,0.7,0.7,0.316,0.3378,0.4209,0.4244,0.169,0.169,team_fallback,team_fallback,[],[],"[{""name"": ""fi_park_nrfi_rate"", ""value"": 0.4526, ""contribution"": 0.1563}, {""name"": ""away_top3c_slg"", ""value"": 0.4244, ""contribution"": 0.0803}, {""name"": ""away_top3c_iso"", ""value"": 0.169, ""contribution"": -0.0668}, {""name"": ""away_top3_ops_vs_oppHand"", ""value"": 0.72, ""contribution"": -0.0481}, {""name"": ""era_gap_t1"", ""value"": -0.4307, ""contribution"": -0.046}]","[{""name"": ""fi_park_nrfi_rate"", ""value"": 0.4526, ""contribution"": 0.2403}, {""name"": ""home_top3c_slg"", ""value"": 0.4209, ""contribution"": 0.121}, {""name"": ""away_whiff_pct_rank"", ""value"": 76.0, ""contribution"": -0.1127}, {""name"": ""home_top3c_obp"", ""value"": 0.316, ""contribution"": -0.0852}, {""name"": ""home_top3_ops_vs_oppHand"", ""value"": 0.72, ""contribution"": -0.0521}]",,0.5084,4.345,4.349,39.0,76.0,0.7272,0.7136,5.13,5.27,0.72,0.72,R,R,NRFI,PASS,0,0,0,2026-07-22T23:27:27+00:00,+100,-130,DraftKings,2026-07-21T15:09:14+00:00,0.5,0.5652,-0.0936,0.0284,,N,,,+100,-130,2026-07-21T15:09:14+00:00,,0.4521,PASS,NO EDGE,,,,,,,
2026-07-21,2026,824735,1,N,BAL,BOS,7:10 PM ET,Kyle Bradish,Eduardo Rivera,680694,700842,live,sm,live,live,1.05,0.5235,0.5447,1.0682,0.3416,0.2575,0.599,0.5508,0.4492,0.2893,0.7107,,,NRFI,LEAN,LEAN NRFI,4,2026-07-21T21:35:02Z,3.643,3.933,1.309,1.204,4.0,4.138,3.85,3.12,1.04,1.17,9.19,8.78,0.32,0.315,0.399,0.396,4.582,4.268,21.1,11.8,95.0,0.0,0.5,1.0,0.5,0.8,0.3308,0.3419,0.4405,0.4078,0.1699,0.1681,lineup,lineup,[],[],"[{""name"": ""away_top3c_slg"", ""value"": 0.4078, ""contribution"": 0.1647}, {""name"": ""home_p_last10_pitcher_nrfi"", ""value"": 0.5, ""contribution"": -0.0846}, {""name"": ""away_top3c_iso"", ""value"": 0.1681, ""contribution"": -0.0732}, {""name"": ""home_avg_ip_per_start"", ""value"": 3.0, ""contribution"": 0.0702}, {""name"": ""fi_park_nrfi_rate"", ""value"": 0.5121, ""contribution"": -0.0494}]","[{""name"": ""away_whiff_pct_rank"", ""value"": 94.0, ""contribution"": -0.1904}, {""name"": ""fi_park_nrfi_rate"", ""value"": 0.5121, ""contribution"": -0.076}, {""name"": ""home_top3_ops_vs_oppHand"", ""value"": 0.712, ""contribution"": -0.0616}, {""name"": ""home_top3c_iso"", ""value"": 0.1699, ""contribution"": -0.043}, {""name"": ""home_plate_ump_nrfi_rate"", ""value"": 0.5366, ""contribution"": 0.0356}]",490319,0.5366,4.2,3.85,50.0,94.0,0.7136,0.7412,3.0,6.8,0.756,0.712,R,L,YRFI,LOSS,0,4,4,2026-07-22T17:55:13+00:00,-140,+110,DraftKings,2026-07-21T15:09:14+00:00,0.5833,0.4762,-0.0319,-0.0276,,N,,0,-135,+105,2026-07-21T15:09:14+00:00,,0.4877,PASS,NO EDGE,,,,,,,
2026-07-21,2026,823760,1,N,NYM,MIL,7:40 PM ET,Zac Thornton,Brandon Sproat,804267,687075,sm,live,live,live,1.03,0.5647,0.5325,1.0972,0.2844,0.2583,0.5427,0.5685,0.4315,0.2999,0.7001,,,NRFI,LEAN,LEAN NRFI,4,2026-07-21T22:35:39Z,3.7,4.87,1.158,1.331,3.853,4.582,2.84,3.85,1.01,1.44,8.49,9.22,0.305,0.334,0.383,0.4,4.134,5.022,,,,1.0,0.4,0.3333,0.6,0.3333,0.347,0.3487,0.4434,0.4421,0.1722,0.1726,lineup,lineup,"[{""id"": 694192, ""name"": ""Jackson Chourio"", ""bats"": ""R"", ""obp"": 0.3388704318936877, ""slg"": 0.48175182481751827, ""iso"": 0.20437956204379565, ""ab"": 274}, {""id"": 668930, ""name"": ""Brice Turang"", ""bats"": ""L"", ""obp"": 0.3568075117370892, ""slg"": 0.45652173913043476, ""iso"": 0.19565217391304346, ""ab"": 368}, {""id"": 661388, ""name"": ""William Contreras"", ""bats"": ""R"", ""obp"": 0.3425, ""slg"": 0.4005602240896359, ""iso"": 0.12324929971988796, ""ab"": 357}]","[{""id"": 805999, ""name"": ""A.J. Ewing"", ""bats"": ""L"", ""obp"": 0.34309623430962344, ""slg"": 0.4252336448598131, ""iso"": 0.15420560747663553, ""ab"": 214}, {""id"": 665742, ""name"": ""Juan Soto"", ""bats"": ""L"", ""obp"": 0.4074074074074074, ""slg"": 0.5467128027681661, ""iso"": 0.2595155709342561, ""ab"": 289}, {""id"": 666182, ""name"": ""Bo Bichette"", ""bats"": ""R"", ""obp"": 0.3039443155452436, ""slg"": 0.37468354430379747, ""iso"": 0.11898734177215192, ""ab"": 395}]","[{""name"": ""fi_park_nrfi_rate"", ""value"": 0.5899, ""contribution"": -0.3182}, {""name"": ""era_gap_t1"", ""value"": 1.1698, ""contribution"": 0.1273}, {""name"": ""home_fip"", ""value"": 4.5819, ""contribution"": 0.0677}, {""name"": ""away_top3_ops_vs_oppHand"", ""value"": 0.822, ""contribution"": 0.0558}, {""name"": ""home_p_last10_pitcher_nrfi"", ""value"": 0.6, ""contribution"": -0.0455}]","[{""name"": ""fi_park_nrfi_rate"", ""value"": 0.5899, ""contribution"": -0.4892}, {""name"": ""home_obp"", ""value"": 0.3343, ""contribution"": 0.1433}, {""name"": ""away_p_last10_pitcher_nrfi"", ""value"": 0.3333, ""contribution"": 0.126}, {""name"": ""era_gap_b1"", ""value"": -1.1698, ""contribution"": -0.08}, {""name"": ""wx_is_dome"", ""value"": 1.0, ""contribution"": -0.0758}]",596740,0.574,4.139,4.2,16.0,50.0,0.7136,0.7136,4.4,5.78,0.822,0.733,L,R,NRFI,WIN,0,0,0,2026-07-22T00:03:58+00:00,-105,-125,DraftKings,2026-07-21T22:39:13+00:00,0.5122,0.5556,0.0563,-0.1241,0.0563,N,0.5,0,-105,-125,2026-07-21T22:39:13+00:00,0,0.6409,NRFI,STRONG,,,,,,,
2026-07-21,2026,822787,1,N,TB,TOR,7:07 PM ET,Drew Rasmussen,Kevin Gausman,656876,592332,live,live,live,live,1.01,0.4694,0.378,0.8474,0.2874,0.3029,0.5903,0.5514,0.4486,0.2083,0.7917,,,NRFI,LEAN,LEAN NRFI,4,2026-07-21T22:05:42Z,3.116,4.135,0.97,1.178,3.484,3.679,1.74,2.51,1.09,1.15,8.53,9.18,0.33,0.306,0.403,0.384,4.469,4.048,,,,1.0,0.4,0.8,0.4,0.8,0.3347,0.3827,0.394,0.495,0.1124,0.2002,lineup,lineup,"[{""id"": 664770, ""name"": ""Nathan Lukes"", ""bats"": ""L"", ""obp"": 0.34210526315789475, ""slg"": 0.4, ""iso"": 0.10952380952380952, ""ab"": 210}, {""id"": 665489, ""name"": ""Vladimir Guerrero Jr."", ""bats"": ""R"", ""obp"": 0.3424317617866005, ""slg"": 0.35327635327635326, ""iso"": 0.09401709401709402, ""ab"": 351}, {""id"": 676391, ""name"": ""Ernie Clement"", ""bats"": ""R"", ""obp"": 0.32225063938618925, ""slg"": 0.4289544235924933, ""iso"": 0.1313672922252011, ""ab"": 373}]","[{""id"": 650490, ""name"": ""Yandy D\u00edaz"", ""bats"": ""R"", ""obp"": 0.38848920863309355, ""slg"": 0.46994535519125685, ""iso"": 0.15846994535519127, ""ab"": 366}, {""id"": 666018, ""name"": ""Jonathan Aranda"", ""bats"": ""L"", ""obp"": 0.38588235294117645, ""slg"": 0.453781512605042, ""iso"": 0.16526610644257705, ""ab"": 357}, {""id"": 691406, ""name"": ""Junior Caminero"", ""bats"": ""R"", ""obp"": 0.3741339491916859, ""slg"": 0.5585106382978723, ""iso"": 0.2739361702127659, ""ab"": 376}]","[{""name"": ""away_top3c_slg"", ""value"": 0.495, ""contribution"": -0.2772}, {""name"": ""away_top3c_iso"", ""value"": 0.2002, ""contribution"": 0.1528}, {""name"": ""away_top3_ops_vs_oppHand"", ""value"": 0.8927, ""contribution"": 0.1278}, {""name"": ""home_p_last10_pitcher_nrfi"", ""value"": 0.4, ""contribution"": -0.1236}, {""name"": ""era_gap_t1"", ""value"": 1.0192, ""contribution"": 0.111}]","[{""name"": ""home_top3c_iso"", ""value"": 0.1124, ""contribution"": -0.3143}, {""name"": ""home_top3c_slg"", ""value"": 0.394, ""contribution"": 0.2882}, {""name"": ""home_plate_ump_nrfi_rate"", ""value"": 0.6177, ""contribution"": 0.1192}, {""name"": ""wx_is_dome"", ""value"": 1.0, ""contribution"": -0.0758}, {""name"": ""era_gap_b1"", ""value"": -1.0192, ""contribution"": -0.0697}]",482620,0.6177,3.521,3.299,81.0,44.0,0.6646,0.6643,5.07,5.27,0.8927,0.7473,R,R,YRFI,LOSS,3,0,3,2026-07-21T23:35:58+00:00,-130,+100,DraftKings,2026-07-21T22:39:13+00:00,0.5652,0.5,-0.0138,-0.0514,-0.0138,N,0.5,0,-130,+100,2026-07-21T15:09:14+00:00,0,0.5250,PASS,NO EDGE,,,,,,,
2026-07-21,2026,822871,1,N,CWS,TEX,8:05 PM ET,Noah Schultz,Kumar Rocker,702273,677958,ltd,live,live,live,1.07,0.6191,0.6464,1.2655,0.3558,0.314,0.6698,0.5206,0.4794,0.3609,0.6391,,,NRFI,LEAN,LEAN NRFI,4,2026-07-21T23:04:42Z,4.985,4.587,1.317,1.369,4.677,4.375,4.07,3.3,1.29,1.26,8.31,8.08,0.319,0.319,0.412,0.401,4.794,4.196,,,,1.0,0.6,0.4,0.5,0.7,0.348,0.3669,0.4734,0.4785,0.1866,0.223,lineup,lineup,"[{""id"": 694671, ""name"": ""Wyatt Langford"", ""bats"": ""R"", ""obp"": 0.3269230769230769, ""slg"": 0.5025641025641026, ""iso"": 0.2205128205128205, ""ab"": 195}, {""id"": 679822, ""name"": ""Justin Foscue"", ""bats"": ""R"", ""obp"": 0.344, ""slg"": 0.5267857142857143, ""iso"": 0.25, ""ab"": 112}, {""id"": 670032, ""name"": ""Nicky Lopez"", ""bats"": ""L"", ""obp"": 0.34074074074074073, ""slg"": 0.35658914728682173, ""iso"": 0.04651162790697677, ""ab"": 129}]","[{""id"": 803011, ""name"": ""Sam Antonacci"", ""bats"": ""L"", ""obp"": 0.3761755485893417, ""slg"": 0.4187725631768953, ""iso"": 0.13357400722021662, ""ab"": 277}, {""id"": 808959, ""name"": ""Munetaka Murakami"", ""bats"": ""L"", ""obp"": 0.37545126353790614, ""slg"": 0.53125, ""iso"": 0.29910714285714285, ""ab"": 224}, {""id"": 678246, ""name"": ""Miguel Vargas"", ""bats"": ""R"", ""obp"": 0.3544600938967136, ""slg"": 0.49166666666666664, ""iso"": 0.2444444444444444, ""ab"": 360}]","[{""name"": ""away_top3c_iso"", ""value"": 0.223, ""contribution"": 0.3135}, {""name"": ""away_top3c_slg"", ""value"": 0.4785, ""contribution"": -0.1937}, {""name"": ""fi_park_nrfi_rate"", ""value"": 0.5398, ""contribution"": -0.1451}, {""name"": ""away_top3_ops_vs_oppHand"", ""value"": 0.881, ""contribution"": 0.1159}, {""name"": ""home_xera"", ""value"": 4.973, ""contribution"": 0.0879}]","[{""name"": ""fi_park_nrfi_rate"", ""value"": 0.5398, ""contribution"": -0.2231}, {""name"": ""home_top3c_slg"", ""value"": 0.4734, ""contribution"": -0.2053}, {""name"": ""home_top3_ops_vs_oppHand"", ""value"": 0.9317, ""contribution"": 0.2014}, {""name"": ""home_plate_ump_nrfi_rate"", ""value"": 0.4205, ""contribution"": -0.084}, {""name"": ""wx_is_dome"", ""value"": 1.0, ""contribution"": -0.0758}]",504381,0.4205,4.973,3.271,44.0,50.0,0.7272,0.7136,4.8,4.73,0.881,0.9317,L,R,YRFI,LOSS,0,2,2,2026-07-22T00:24:12+00:00,-110,-115,DraftKings,2026-07-21T22:44:32+00:00,0.5238,0.5349,-0.0032,-0.0555,-0.0032,N,0.5,0,-110,-120,2026-07-21T22:44:32+00:00,0,0.5651,NRFI,STRONG,,,,,,,
2026-07-21,2026,824165,1,N,MIA,HOU,8:10 PM ET,Tyler Phillips,Tatsuya Imai,663969,837227,live,ltd,live,live,0.99,0.6289,0.5679,1.1969,0.3176,0.3196,0.6372,0.5479,0.4521,0.3362,0.6638,,,NRFI,LEAN,LEAN NRFI,4,2026-07-21T23:04:42Z,3.409,5.238,1.32,1.396,4.399,4.617,3.73,4.5,0.98,1.41,6.82,9.97,0.326,0.315,0.408,0.41,4.478,4.534,,,,1.0,0.4,0.8,0.7,0.8,0.3852,0.3367,0.5164,0.4725,0.2243,0.1953,lineup,lineup,"[{""id"": 665161, ""name"": ""Jeremy Pe\u00f1a"", ""bats"": ""R"", ""obp"": 0.3568281938325991, ""slg"": 0.4411764705882353, ""iso"": 0.14705882352941174, ""ab"": 204}, {""id"": 670541, ""name"": ""Yordan Alvarez"", ""bats"": ""L"", ""obp"": 0.4315068493150685, ""slg"": 0.6510989010989011, ""iso"": 0.3269230769230769, ""ab"": 364}, {""id"": 670623, ""name"": ""Isaac Paredes"", ""bats"": ""R"", ""obp"": 0.35074626865671643, ""slg"": 0.4190751445086705, ""iso"": 0.16184971098265893, ""ab"": 346}]","[{""id"": 672640, ""name"": ""Otto Lopez"", ""bats"": ""R"", ""obp"": 0.36754176610978523, ""slg"": 0.5051546391752577, ""iso"": 0.17010309278350516, ""ab"": 388}, {""id"": 669065, ""name"": ""Kyle Stowers"", ""bats"": ""L"", ""obp"": 0.3146417445482866, ""slg"": 0.43462897526501765, ""iso"": 0.20494699646643108, ""ab"": 283}, {""id"": 681715, ""name"": ""Heriberto Hern\u00e1ndez"", ""bats"": ""R"", ""obp"": 0.3130081300813008, ""slg"": 0.4636363636363636, ""iso"": 0.22727272727272727, ""ab"": 220}]","[{""name"": ""home_xera"", ""value"": 0.9264, ""contribution"": -0.3268}, {""name"": ""era_gap_t1"", ""value"": 1.8293, ""contribution"": 0.1987}, {""name"": ""away_top3c_slg"", ""value"": 0.4725, ""contribution"": -0.1633}, {""name"": ""away_top3c_iso"", ""value"": 0.1953, ""contribution"": 0.1183}, {""name"": ""home_fip"", ""value"": 4.617, ""contribution"": 0.0717}]","[{""name"": ""home_top3c_slg"", ""value"": 0.5164, ""contribution"": -0.4722}, {""name"": ""home_top3c_iso"", ""value"": 0.2243, ""contribution"": 0.2137}, {""name"": ""home_top3_ops_vs_oppHand"", ""value"": 0.913, ""contribution"": 0.179}, {""name"": ""home_top3c_obp"", ""value"": 0.3852, ""contribution"": 0.1575}, {""name"": ""away_whiff_pct_rank"", ""value"": 85.0, ""contribution"": -0.1515}]",503493,0.522,0.926,4.17,50.0,85.0,0.7136,0.7136,3.53,4.53,0.7743,0.913,R,R,YRFI,LOSS,0,1,1,2026-07-22T00:26:16+00:00,+100,-130,DraftKings,2026-07-22T00:26:36+00:00,0.5,0.5652,0.0479,-0.1131,0.0479,N,0.5,0,+100,-130,2026-07-21T22:44:32+00:00,0,0.6536,NRFI,STRONG,,,,,,,
2026-07-21,2026,823114,1,N,CIN,SEA,9:40 PM ET,Chase Burns,Luis Castillo,695505,622491,live,live,live,live,0.95,0.4492,0.427,0.8762,0.3958,0.2204,0.6162,0.5479,0.4521,0.2188,0.7812,,,NRFI,LEAN,LEAN NRFI,4,2026-07-22T00:35:26Z,3.039,4.493,1.158,1.31,3.568,4.04,3.21,2.7,1.08,1.21,10.46,8.28,0.311,0.311,0.4,0.382,4.224,4.116,,,,1.0,0.6,1.0,0.7,0.9,0.344,0.3422,0.4488,0.4827,0.1823,0.2256,lineup,lineup,"[{""id"": 702284, ""name"": ""Cole Young"", ""bats"": ""L"", ""obp"": 0.314070351758794, ""slg"": 0.40607734806629836, ""iso"": 0.15193370165745856, ""ab"": 362}, {""id"": 668227, ""name"": ""Randy Arozarena"", ""bats"": ""R"", ""obp"": 0.3813131313131313, ""slg"": 0.44970414201183434, ""iso"": 0.16568047337278108, ""ab"": 338}, {""id"": 686527, ""name"": ""Dominic Canzone"", ""bats"": ""L"", ""obp"": 0.3333333333333333, ""slg"": 0.5126050420168067, ""iso"": 0.2521008403361344, ""ab"": 238}]","[{""id"": 682829, ""name"": ""Elly De La Cruz"", ""bats"": ""S"", ""obp"": 0.35195530726256985, ""slg"": 0.5015673981191222, ""iso"": 0.22257053291536044, ""ab"": 319}, {""id"": 701398, ""name"": ""Sal Stewart"", ""bats"": ""R"", ""obp"": 0.33101851851851855, ""slg"": 0.46965699208443273, ""iso"": 0.2189973614775726, ""ab"": 379}, {""id"": 668709, ""name"": ""JJ Bleday"", ""bats"": ""L"", ""obp"": 0.3466666666666667, ""slg"": 0.47843137254901963, ""iso"": 0.23921568627450981, ""ab"": 255}]","[{""name"": ""away_top3c_iso"", ""value"": 0.2256, ""contribution"": 0.3318}, {""name"": ""away_top3c_slg"", ""value"": 0.4827, ""contribution"": -0.2148}, {""name"": ""era_gap_t1"", ""value"": 1.454, ""contribution"": 0.1581}, {""name"": ""fi_park_nrfi_rate"", ""value"": 0.5131, ""contribution"": -0.0529}, {""name"": ""away_top3_ops_vs_oppHand"", ""value"": 0.795, ""contribution"": 0.0283}]","[{""name"": ""away_whiff_pct_rank"", ""value"": 100.0, ""contribution"": -0.2163}, {""name"": ""era_gap_b1"", ""value"": -1.454, ""contribution"": -0.0993}, {""name"": ""fi_park_nrfi_rate"", ""value"": 0.5131, ""contribution"": -0.0814}, {""name"": ""wx_is_dome"", ""value"": 1.0, ""contribution"": -0.0758}, {""name"": ""home_top3_ops_vs_oppHand"", ""value"": 0.8227, ""contribution"": 0.0709}]",431232,0.4946,4.328,3.446,48.0,100.0,0.7272,0.7136,5.67,5.4,0.795,0.8227,R,R,YRFI,LOSS,1,0,1,2026-07-22T01:55:22+00:00,-130,+100,DraftKings,2026-07-22T01:59:44+00:00,0.5652,0.5,-0.0173,-0.0479,-0.0173,N,0.5,0,-130,+100,2026-07-22T00:31:53+00:00,0,0.6370,NRFI,STRONG,,,,,,,
2026-07-21,2026,824409,1,N,MIN,CLE,6:40 PM ET,Kendry Rojas,Parker Messick,696070,800048,sm,live,live,live,0.96,0.4003,0.5267,0.927,0.2709,0.4153,0.6861,0.4795,0.5205,0.2374,0.7626,,,PASS,NO EDGE,PASS - No edge,4,2026-07-21T22:35:39Z,3.724,2.984,1.37,1.124,4.154,3.502,4.42,2.77,0.97,0.89,9.27,8.81,0.321,0.313,0.412,0.381,4.746,4.073,24.1,16.6,79.0,0.0,0.8,0.5,0.9,0.5,0.3431,0.3554,0.3867,0.4796,0.1216,0.2128,lineup,lineup,"[{""id"": 680757, ""name"": ""Steven Kwan"", ""bats"": ""L"", ""obp"": 0.3434065934065934, ""slg"": 0.2958199356913183, ""iso"": 0.05787781350482313, ""ab"": 311}, {""id"": 677587, ""name"": ""Brayan Rocchio"", ""bats"": ""S"", ""obp"": 0.3351206434316354, ""slg"": 0.40476190476190477, ""iso"": 0.13392857142857145, ""ab"": 336}, {""id"": 800050, ""name"": ""Chase DeLauter"", ""bats"": ""L"", ""obp"": 0.3514285714285714, ""slg"": 0.45714285714285713, ""iso"": 0.17142857142857143, ""ab"": 315}]","[{""id"": 663616, ""name"": ""Trevor Larnach"", ""bats"": ""L"", ""obp"": 0.37748344370860926, ""slg"": 0.44696969696969696, ""iso"": 0.15909090909090906, ""ab"": 264}, {""id"": 621439, ""name"": ""Byron Buxton"", ""bats"": ""R"", ""obp"": 0.33136094674556216, ""slg"": 0.5760517799352751, ""iso"": 0.3009708737864078, ""ab"": 309}, {""id"": 680777, ""name"": ""Ryan Jeffers"", ""bats"": ""R"", ""obp"": 0.40119760479041916, ""slg"": 0.539568345323741, ""iso"": 0.2517985611510791, ""ab"": 139}]","[{""name"": ""away_top3c_iso"", ""value"": 0.2128, ""contribution"": 0.2418}, {""name"": ""away_top3c_slg"", ""value"": 0.4796, ""contribution"": -0.1992}, {""name"": ""home_xera"", ""value"": 2.6176, ""contribution"": -0.1535}, {""name"": ""fi_park_nrfi_rate"", ""value"": 0.528, ""contribution"": -0.1042}, {""name"": ""era_gap_t1"", ""value"": -0.7397, ""contribution"": -0.0795}]","[{""name"": ""home_top3c_slg"", ""value"": 0.3867, ""contribution"": 0.3336}, {""name"": ""home_top3c_iso"", ""value"": 0.1216, ""contribution"": -0.2709}, {""name"": ""fi_park_nrfi_rate"", ""value"": 0.528, ""contribution"": -0.1602}, {""name"": ""home_top3_ops_vs_oppHand"", ""value"": 0.703, ""contribution"": -0.0724}, {""name"": ""away_p_last10_pitcher_nrfi"", ""value"": 0.5, ""contribution"": 0.0713}]",598411,0.5467,2.618,4.2,66.0,50.0,0.7272,0.7136,6.27,3.0,0.8223,0.703,L,L,YRFI,PASS,1,0,1,2026-07-21T22:54:01+00:00,-135,+105,DraftKings,2026-07-21T22:39:13+00:00,0.5745,0.4878,-0.095,0.0327,,N,,,-135,+105,2026-07-21T22:39:13+00:00,,0.4658,PASS,NO EDGE,,,,,,,
2026-07-21,2026,823437,1,N,LAD,PHI,6:40 PM ET,Justin Wrobleski,Zack Wheeler,680736,554430,live,live,live,live,1.04,0.398,0.4283,0.8263,0.2789,0.4239,0.7028,0.4792,0.5208,0.2007,0.7993,,,PASS,NO EDGE,PASS - No edge,4,2026-07-21T22:35:39Z,3.136,2.304,1.084,0.905,3.424,2.991,2.02,2.09,0.8,1.02,7.44,10.85,0.339,0.306,0.428,0.404,5.099,4.392,25.2,8.7,89.0,0.0,1.0,0.8,0.9,0.8,0.3421,0.3668,0.4799,0.49,0.2284,0.2101,lineup,lineup,"[{""id"": 607208, ""name"": ""Trea Turner"", ""bats"": ""R"", ""obp"": 0.2956120092378753, ""slg"": 0.39552238805970147, ""iso"": 0.14925373134328357, ""ab"": 402}, {""id"": 656941, ""name"": ""Kyle Schwarber"", ""bats"": ""L"", ""obp"": 0.3665893271461717, ""slg"": 0.5564738292011019, ""iso"": 0.30578512396694213, ""ab"": 363}, {""id"": 547180, ""name"": ""Bryce Harper"", ""bats"": ""L"", ""obp"": 0.36470588235294116, ""slg"": 0.49719101123595505, ""iso"": 0.2387640449438202, ""ab"": 356}]","[{""id"": 660271, ""name"": ""Shohei Ohtani"", ""bats"": ""L"", ""obp"": 0.3957345971563981, ""slg"": 0.5340909090909091, ""iso"": 0.24715909090909088, ""ab"": 352}, {""id"": 681624, ""name"": ""Andy Pages"", ""bats"": ""R"", ""obp"": 0.3356643356643357, ""slg"": 0.46475195822454307, ""iso"": 0.19582245430809397, ""ab"": 383}, {""id"": 518692, ""name"": ""Freddie Freeman"", ""bats"": ""L"", ""obp"": 0.36941176470588233, ""slg"": 0.4742547425474255, ""iso"": 0.18970189701897022, ""ab"": 369}]","[{""name"": ""away_top3c_slg"", ""value"": 0.49, ""contribution"": -0.2521}, {""name"": ""away_top3c_iso"", ""value"": 0.2101, ""contribution"": 0.223}, {""name"": ""home_xera"", ""value"": 1.9492, ""contribution"": -0.222}, {""name"": ""away_top3_ops_vs_oppHand"", ""value"": 0.8803, ""contribution"": 0.1153}, {""name"": ""home_fip"", ""value"": 2.9909, ""contribution"": -0.1109}]","[{""name"": ""home_top3c_slg"", ""value"": 0.4799, ""contribution"": -0.2456}, {""name"": ""home_top3c_iso"", ""value"": 0.2284, ""contribution"": 0.233}, {""name"": ""away_whiff_pct_rank"", ""value"": 17.0, ""contribution"": 0.1419}, {""name"": ""fi_park_nrfi_rate"", ""value"": 0.473, ""contribution"": 0.1321}, {""name"": ""away_fip"", ""value"": 3.4241, ""contribution"": -0.0603}]",623938,0.4993,1.949,3.401,93.0,17.0,0.7396,0.7136,6.07,6.33,0.8803,0.7543,L,R,YRFI,PASS,0,1,1,2026-07-22T00:14:50+00:00,-105,-125,DraftKings,2026-07-21T22:39:13+00:00,0.5122,0.5556,-0.033,-0.0348,,N,,,-105,-125,2026-07-21T22:39:13+00:00,,0.5331,PASS,NO EDGE,,,,,,,
2026-07-21,2026,824652,1,N,DET,CHC,8:05 PM ET,Framber Valdez,David Peterson,664285,656849,live,live,live,live,1.0,0.5568,0.5435,1.1003,0.2582,0.3147,0.573,0.5514,0.4486,0.3011,0.6989,,,NRFI,LEAN,LEAN NRFI,4,2026-07-21T23:04:42Z,3.98,5.716,1.298,1.552,3.788,4.025,3.07,3.87,0.86,0.86,7.7,7.79,0.313,0.334,0.401,0.412,4.291,5.004,25.9,13.8,70.0,0.0,0.4,1.0,0.3,0.8,0.3566,0.3727,0.4484,0.4111,0.1842,0.1341,lineup,lineup,"[{""id"": 691718, ""name"": ""Pete Crow-Armstrong"", ""bats"": ""L"", ""obp"": 0.37701149425287356, ""slg"": 0.5133689839572193, ""iso"": 0.23262032085561501, ""ab"": 374}, {""id"": 673548, ""name"": ""Seiya Suzuki"", ""bats"": ""R"", ""obp"": 0.3573407202216066, ""slg"": 0.47619047619047616, ""iso"": 0.20317460317460317, ""ab"": 315}, {""id"": 608324, ""name"": ""Alex Bregman"", ""bats"": ""R"", ""obp"": 0.3363028953229399, ""slg"": 0.3626943005181347, ""iso"": 0.1217616580310881, ""ab"": 386}]","[{""id"": 650402, ""name"": ""Gleyber Torres"", ""bats"": ""R"", ""obp"": 0.40512820512820513, ""slg"": 0.4, ""iso"": 0.11250000000000004, ""ab"": 160}, {""id"": 690993, ""name"": ""Colt Keith"", ""bats"": ""L"", ""obp"": 0.30141843971631205, ""slg"": 0.40076335877862596, ""iso"": 0.14503816793893132, ""ab"": 262}, {""id"": 701678, ""name"": ""Hao-Yu Lee"", ""bats"": ""R"", ""obp"": 0.2874251497005988, ""slg"": 0.3875, ""iso"": 0.13125000000000003, ""ab"": 160}]","[{""name"": ""away_top3c_iso"", ""value"": 0.1341, ""contribution"": -0.3126}, {""name"": ""era_gap_t1"", ""value"": 1.736, ""contribution"": 0.1886}, {""name"": ""home_p_last10_pitcher_nrfi"", ""value"": 0.3, ""contribution"": -0.1627}, {""name"": ""fi_park_nrfi_rate"", ""value"": 0.5429, ""contribution"": -0.1558}, {""name"": ""away_top3c_slg"", ""value"": 0.4111, ""contribution"": 0.1479}]","[{""name"": ""fi_park_nrfi_rate"", ""value"": 0.5429, ""contribution"": -0.2395}, {""name"": ""home_obp"", ""value"": 0.3343, ""contribution"": 0.1433}, {""name"": ""era_gap_b1"", ""value"": -1.736, ""contribution"": -0.1185}, {""name"": ""home_top3_ops_vs_oppHand"", ""value"": 0.8297, ""contribution"": 0.0792}, {""name"": ""away_whiff_pct_rank"", ""value"": 67.0, ""contribution"": -0.0738}]",521051,0.4691,4.593,3.74,68.0,67.0,0.7136,0.7396,4.67,6.0,0.709,0.8297,L,L,YRFI,LOSS,0,6,6,2026-07-22T00:36:38+00:00,-130,+100,DraftKings,2026-07-21T22:44:32+00:00,0.5652,0.5,-0.0138,-0.0514,-0.0138,N,0.5,0,-130,+100,2026-07-21T22:44:32+00:00,0,0.5651,NRFI,STRONG,,,,,,,
2026-07-21,2026,825056,1,N,OAK,ARI,9:40 PM ET,Jack Perkins,Kohl Drake,678022,684442,ltd,avg,live,live,1.0,0.5013,0.5605,1.0618,0.3502,0.4606,0.8108,0.4384,0.5616,0.287,0.713,,,PASS,NO DATA,PASS - No data,3,2026-07-22T01:34:50Z,5.762,4.17,1.353,1.26,4.169,4.17,3.51,2.93,1.39,1.21,10.26,8.75,0.323,0.309,0.406,0.39,4.483,4.37,,,,1.0,0.5,0.6,0.5,0.6,0.3372,0.333,0.4361,0.4665,0.1861,0.2024,lineup,lineup,"[{""id"": 606466, ""name"": ""Ketel Marte"", ""bats"": ""S"", ""obp"": 0.3120567375886525, ""slg"": 0.46134020618556704, ""iso"": 0.20360824742268047, ""ab"": 388}, {""id"": 672695, ""name"": ""Geraldo Perdomo"", ""bats"": ""S"", ""obp"": 0.3564356435643564, ""slg"": 0.3601190476190476, ""iso"": 0.11904761904761904, ""ab"": 336}, {""id"": 682998, ""name"": ""Corbin Carroll"", ""bats"": ""L"", ""obp"": 0.3439024390243902, ""slg"": 0.4803370786516854, ""iso"": 0.2303370786516854, ""ab"": 356}]","[{""id"": 805779, ""name"": ""Jacob Wilson"", ""bats"": ""R"", ""obp"": 0.3215686274509804, ""slg"": 0.4156378600823045, ""iso"": 0.12345679012345678, ""ab"": 243}, {""id"": 691016, ""name"": ""Tyler Soderstrom"", ""bats"": ""L"", ""obp"": 0.3452054794520548, ""slg"": 0.4778481012658228, ""iso"": 0.23101265822784808, ""ab"": 316}, {""id"": 669127, ""name"": ""Shea Langeliers"", ""bats"": ""R"", ""obp"": 0.3292079207920792, ""slg"": 0.4904109589041096, ""iso"": 0.23013698630136986, ""ab"": 365}]","[{""name"": ""fi_park_nrfi_rate"", ""value"": 0.4239, ""contribution"": 0.2555}, {""name"": ""era_gap_t1"", ""value"": -1.5915, ""contribution"": -0.1717}, {""name"": ""away_top3c_iso"", ""value"": 0.2024, ""contribution"": 0.1683}, {""name"": ""away_top3c_slg"", ""value"": 0.4665, ""contribution"": -0.1326}, {""name"": ""home_p_last10_pitcher_nrfi"", ""value"": 0.5, ""contribution"": -0.0846}]","[{""name"": ""fi_park_nrfi_rate"", ""value"": 0.4239, ""contribution"": 0.3927}, {""name"": ""away_whiff_pct_rank"", ""value"": 90.0, ""contribution"": -0.1731}, {""name"": ""era_gap_b1"", ""value"": 1.5915, ""contribution"": 0.1079}, {""name"": ""wx_is_dome"", ""value"": 1.0, ""contribution"": -0.0758}, {""name"": ""home_top3_ops_vs_oppHand"", ""value"": 0.7293, ""contribution"": -0.0409}]",427537,0.4944,4.2,3.41,50.0,90.0,0.7136,0.7272,5.0,4.53,0.8153,0.7293,R,L,YRFI,PASS,0,3,3,2026-07-22T02:00:17+00:00,-105,-125,DraftKings,2026-07-22T01:59:44+00:00,0.5122,0.5556,-0.0738,0.006,,N,,,-105,-125,2026-07-22T01:38:24+00:00,,0.4629,PASS,NO EDGE,,,,,,,
2026-07-22,2026,824004,1,N,STL,LAA,4:07 PM ET,Hunter Dobbins,Reid Detmers,690928,672282,ltd,live,live,live,0.99,0.4266,0.5201,0.9467,0.3435,0.6725,1.016,0.3563,0.6437,0.2446,0.7554,,,YRFI,STRONG,STRONG YRFI,4,2026-07-22T19:05:02Z,4.107,4.134,1.313,1.162,4.107,3.337,3.2,2.89,1.11,0.97,8.28,10.22,0.317,0.315,0.388,0.391,4.474,4.355,29.5,14.4,55.0,0.0,0.6,0.4,0.7,0.5,0.3552,0.3588,0.4356,0.4325,0.1851,0.168,lineup,lineup,"[{""id"": 687263, ""name"": ""Zach Neto"", ""bats"": ""R"", ""obp"": 0.32657657657657657, ""slg"": 0.44501278772378516, ""iso"": 0.20716112531969308, ""ab"": 391}, {""id"": 545361, ""name"": ""Mike Trout"", ""bats"": ""R"", ""obp"": 0.38666666666666666, ""slg"": 0.46, ""iso"": 0.22666666666666668, ""ab"": 300}, {""id"": 694384, ""name"": ""Nolan Schanuel"", ""bats"": ""L"", ""obp"": 0.35777126099706746, ""slg"": 0.39933993399339934, ""iso"": 0.11551155115511552, ""ab"": 303}]","[{""id"": 802139, ""name"": ""JJ Wetherholt"", ""bats"": ""L"", ""obp"": 0.35266821345707655, ""slg"": 0.3967828418230563, ""iso"": 0.1394101876675603, ""ab"": 373}, {""id"": 671056, ""name"": ""Iv\u00e1n Herrera"", ""bats"": ""R"", ""obp"": 0.3691275167785235, ""slg"": 0.37669376693766937, ""iso"": 0.13279132791327913, ""ab"": 369}, {""id"": 691023, ""name"": ""Jordan Walker"", ""bats"": ""R"", ""obp"": 0.35406698564593303, ""slg"": 0.5225464190981433, ""iso"": 0.23076923076923078, ""ab"": 377}]","[{""name"": ""fi_park_nrfi_rate"", ""value"": 0.4526, ""contribution"": 0.1563}, {""name"": ""home_xera"", ""value"": 3.1218, ""contribution"": -0.1018}, {""name"": ""away_top3c_iso"", ""value"": 0.168, ""contribution"": -0.0738}, {""name"": ""home_fip"", ""value"": 3.3368, ""contribution"": -0.0721}, {""name"": ""away_top3_ops_vs_oppHand"", ""value"": 0.8327, ""contribution"": 0.0667}]","[{""name"": ""fi_park_nrfi_rate"", ""value"": 0.4526, ""contribution"": 0.2403}, {""name"": ""away_whiff_pct_rank"", ""value"": 19.0, ""contribution"": 0.1333}, {""name"": ""away_p_last10_pitcher_nrfi"", ""value"": 0.5, ""contribution"": 0.0713}, {""name"": ""wx_temp_c"", ""value"": 29.5, ""contribution"": 0.0689}, {""name"": ""home_top3c_obp"", ""value"": 0.3552, ""contribution"": 0.0522}]",483564,0.5037,3.122,3.833,65.0,19.0,0.7272,0.7136,5.33,3.87,0.8327,0.7927,R,L,NRFI,LOSS,0,0,0,2026-07-22T20:21:58+00:00,-115,-115,DraftKings,2026-07-22T17:14:24+00:00,0.5349,0.5349,-0.1755,0.1057,0.1057,Y,1,-1,-115,-115,2026-07-22T17:14:24+00:00,0,0.4521,PASS,NO EDGE,,,,,,,
2026-07-22,2026,823518,1,S,PIT,NYY,1:05 PM ET,Mitch Keller,Gerrit Cole,656605,543037,live,ltd,live,live,1.02,0.5208,0.5563,1.0772,0.3716,0.6735,1.0451,0.3378,0.6622,0.2926,0.7074,,,YRFI,STRONG,STRONG YRFI,4,2026-07-22T15:30:10Z,4.874,4.031,1.31,1.202,4.269,4.078,2.93,2.37,1.12,1.36,6.99,8.89,0.338,0.316,0.424,0.421,5.22,4.717,29.6,20.5,42.0,0.0,0.6,0.4,0.7,0.7,0.349,0.3559,0.4993,0.4505,0.2446,0.1777,lineup,lineup,"[{""id"": 663757, ""name"": ""Trent Grisham"", ""bats"": ""L"", ""obp"": 0.328125, ""slg"": 0.4124087591240876, ""iso"": 0.18613138686131386, ""ab"": 274}, {""id"": 645305, ""name"": ""Ali S\u00e1nchez"", ""bats"": ""R"", ""obp"": 0.2631578947368421, ""slg"": 0.2857142857142857, ""iso"": 0.057142857142857134, ""ab"": 35}, {""id"": 642708, ""name"": ""Amed Rosario"", ""bats"": ""R"", ""obp"": 0.28313253012048195, ""slg"": 0.45394736842105265, ""iso"": 0.21710526315789477, ""ab"": 152}]","[{""id"": 663968, ""name"": ""Jake Mangum"", ""bats"": ""S"", ""obp"": 0.352059925093633, ""slg"": 0.37398373983739835, ""iso"": 0.07317073170731703, ""ab"": 246}, {""id"": 664040, ""name"": ""Brandon Lowe"", ""bats"": ""L"", ""obp"": 0.3132530120481928, ""slg"": 0.4782608695652174, ""iso"": 0.23369565217391305, ""ab"": 368}, {""id"": 668804, ""name"": ""Bryan Reynolds"", ""bats"": ""S"", ""obp"": 0.39863325740318906, ""slg"": 0.473972602739726, ""iso"": 0.1917808219178082, ""ab"": 365}]","[{""name"": ""fi_park_nrfi_rate"", ""value"": 0.4526, ""contribution"": 0.1563}, {""name"": ""era_gap_t1"", ""value"": -0.8434, ""contribution"": -0.0907}, {""name"": ""away_top3_ops_vs_oppHand"", ""value"": 0.8187, ""contribution"": 0.0524}, {""name"": ""away_top3c_slg"", ""value"": 0.4505, ""contribution"": -0.0516}, {""name"": ""wx_temp_c"", ""value"": 29.6, ""contribution"": 0.05}]","[{""name"": ""home_top3c_slg"", ""value"": 0.4993, ""contribution"": -0.3658}, {""name"": ""home_top3c_iso"", ""value"": 0.2446, ""contribution"": 0.3098}, {""name"": ""fi_park_nrfi_rate"", ""value"": 0.4526, ""contribution"": 0.2403}, {""name"": ""away_whiff_pct_rank"", ""value"": 18.0, ""contribution"": 0.1376}, {""name"": ""wx_wind_kmh"", ""value"": 20.5, ""contribution"": 0.0948}]",511890,0.5521,4.2,4.372,50.0,18.0,0.6796,0.7396,5.4,5.27,0.8187,0.809,R,R,NRFI,LOSS,0,0,0,2026-07-22T17:17:26+00:00,+105,-135,DraftKings,2026-07-22T17:08:28+00:00,0.4878,0.5745,-0.15,0.0877,0.0877,Y,1,-1,-105,-125,2026-07-22T13:52:04+00:00,0.0189,0.3785,YRFI,STRONG,,,,,,,
2026-07-22,2026,825055,1,N,OAK,ARI,3:40 PM ET,Gage Jump,Merrill Kelly,695611,518876,ltd,live,live,live,1.0,0.64,0.4562,1.0961,0.5025,0.4614,0.9639,0.3908,0.6092,0.2996,0.7004,,,YRFI,STRONG,STRONG YRFI,4,2026-07-22T18:08:32Z,3.949,4.715,1.294,1.382,3.541,5.349,2.93,3.29,0.92,1.69,9.27,6.41,0.323,0.309,0.407,0.389,4.487,4.384,,,,1.0,0.6,0.8,0.6,0.8,0.3355,0.334,0.4337,0.4701,0.1848,0.2062,lineup,lineup,"[{""id"": 682988, ""name"": ""Tyler Locklear"", ""bats"": ""R"", ""obp"": 0.375, ""slg"": 0.16666666666666666, ""iso"": 0.0, ""ab"": 6}, {""id"": 672695, ""name"": ""Geraldo Perdomo"", ""bats"": ""S"", ""obp"": 0.3545232273838631, ""slg"": 0.36070381231671556, ""iso"": 0.12023460410557185, ""ab"": 341}, {""id"": 678489, ""name"": ""Jorge Barrosa"", ""bats"": ""S"", ""obp"": 0.2727272727272727, ""slg"": 0.35294117647058826, ""iso"": 0.1596638655462185, ""ab"": 119}]","[{""id"": 675961, ""name"": ""Alika Williams"", ""bats"": ""R"", ""obp"": 0.3020833333333333, ""slg"": 0.43478260869565216, ""iso"": 0.16304347826086957, ""ab"": 92}, {""id"": 703607, ""name"": ""Henry Bolte"", ""bats"": ""R"", ""obp"": 0.3317757009345794, ""slg"": 0.3386243386243386, ""iso"": 0.08465608465608465, ""ab"": 189}, {""id"": 691777, ""name"": ""Max Muncy"", ""bats"": ""R"", ""obp"": 0.2994350282485876, ""slg"": 0.391025641025641, ""iso"": 0.16666666666666666, ""ab"": 156}]","[{""name"": ""fi_park_nrfi_rate"", ""value"": 0.4239, ""contribution"": 0.2555}, {""name"": ""away_top3c_iso"", ""value"": 0.2062, ""contribution"": 0.1951}, {""name"": ""home_fip"", ""value"": 5.3486, ""contribution"": 0.1538}, {""name"": ""away_top3c_slg"", ""value"": 0.4701, ""contribution"": -0.151}, {""name"": ""era_gap_t1"", ""value"": 0.7654, ""contribution"": 0.0835}]","[{""name"": ""fi_park_nrfi_rate"", ""value"": 0.4239, ""contribution"": 0.3927}, {""name"": ""home_top3_ops_vs_oppHand"", ""value"": 0.8633, ""contribution"": 0.1195}, {""name"": ""wx_is_dome"", ""value"": 1.0, ""contribution"": -0.0758}, {""name"": ""era_gap_b1"", ""value"": -0.7654, ""contribution"": -0.0525}, {""name"": ""away_fip"", ""value"": 3.5405, ""contribution"": -0.0478}]",427344,0.4727,4.616,4.2,52.0,50.0,0.7396,0.7136,5.8,4.4,0.791,0.8633,L,R,NRFI,LOSS,0,0,0,2026-07-22T19:59:12+00:00,-105,-125,DraftKings,2026-07-22T17:14:24+00:00,0.5122,0.5556,-0.1065,0.0387,0.0387,Y,1,-1,-105,-125,2026-07-22T17:14:24+00:00,0,0.4658,PASS,NO EDGE,,,,,,,
2026-07-22,2026,823438,1,N,LAD,PHI,6:40 PM ET,Eric Lauer,Aaron Nola,641778,605400,live,live,live,live,1.04,0.6477,0.6269,1.2746,0.4789,0.4829,0.9617,0.3922,0.6078,0.3642,0.6358,,,YRFI,STRONG,STRONG YRFI,4,2026-07-22T21:36:25Z,4.295,5.661,1.228,1.417,5.372,4.89,2.9,2.97,1.84,1.9,6.67,9.36,0.338,0.305,0.427,0.403,5.073,4.363,26.1,12.1,57.0,0.0,0.6,0.6,0.7,0.6,0.3405,0.3657,0.4775,0.4875,0.2268,0.2079,lineup,lineup,"[{""id"": 607208, ""name"": ""Trea Turner"", ""bats"": ""R"", ""obp"": 0.2951945080091533, ""slg"": 0.39408866995073893, ""iso"": 0.1477832512315271, ""ab"": 406}, {""id"": 656941, ""name"": ""Kyle Schwarber"", ""bats"": ""L"", ""obp"": 0.3632183908045977, ""slg"": 0.5504087193460491, ""iso"": 0.3024523160762943, ""ab"": 367}, {""id"": 547180, ""name"": ""Bryce Harper"", ""bats"": ""L"", ""obp"": 0.36363636363636365, ""slg"": 0.49722222222222223, ""iso"": 0.23888888888888887, ""ab"": 360}]","[{""id"": 660271, ""name"": ""Shohei Ohtani"", ""bats"": ""L"", ""obp"": 0.39436619718309857, ""slg"": 0.5308988764044944, ""iso"": 0.24438202247191015, ""ab"": 356}, {""id"": 681624, ""name"": ""Andy Pages"", ""bats"": ""R"", ""obp"": 0.3348729792147806, ""slg"": 0.4625322997416021, ""iso"": 0.1937984496124031, ""ab"": 387}, {""id"": 518692, ""name"": ""Freddie Freeman"", ""bats"": ""L"", ""obp"": 0.3682983682983683, ""slg"": 0.4718498659517426, ""iso"": 0.18766756032171578, ""ab"": 373}]","[{""name"": ""away_top3c_slg"", ""value"": 0.4875, ""contribution"": -0.239}, {""name"": ""away_top3c_iso"", ""value"": 0.2079, ""contribution"": 0.207}, {""name"": ""era_gap_t1"", ""value"": 1.3666, ""contribution"": 0.1486}, {""name"": ""away_top3_ops_vs_oppHand"", ""value"": 0.876, ""contribution"": 0.1108}, {""name"": ""home_fip"", ""value"": 4.8905, ""contribution"": 0.1024}]","[{""name"": ""home_top3c_slg"", ""value"": 0.4775, ""contribution"": -0.2305}, {""name"": ""home_top3c_iso"", ""value"": 0.2268, ""contribution"": 0.2257}, {""name"": ""away_fip"", ""value"": 5.3724, ""contribution"": 0.1479}, {""name"": ""fi_park_nrfi_rate"", ""value"": 0.473, ""contribution"": 0.1321}, {""name"": ""away_whiff_pct_rank"", ""value"": 20.0, ""contribution"": 0.129}]",427366,0.4992,4.083,4.073,59.0,20.0,0.7879,0.7272,5.47,5.67,0.876,0.7463,L,R,YRFI,WIN,0,2,2,2026-07-22T22:56:15+00:00,+120,-160,DraftKings,2026-07-22T21:41:19+00:00,0.4545,0.6154,-0.0623,-0.0076,-0.0076,Y,1,0.625,+110,-140,2026-07-22T17:14:24+00:00,0.0321,0.4658,PASS,NO EDGE,,,,,,,
2026-07-22,2026,824896,1,N,SD,ATL,7:15 PM ET,Michael King,Martín Pérez,650633,527048,live,live,live,live,0.98,0.4807,0.497,0.9777,0.4022,0.348,0.7502,0.4772,0.5228,0.256,0.744,,,PASS,NO EDGE,PASS - No edge,4,2026-07-22T23:07:17Z,3.441,3.651,1.177,1.19,4.066,4.392,3.45,3.44,1.01,1.1,8.03,7.24,0.307,0.316,0.385,0.415,4.159,4.891,29.0,12.3,69.0,0.0,0.8,0.8,0.8,0.8,0.3372,0.3174,0.4787,0.3865,0.2124,0.1447,lineup,lineup,"[{""id"": 686948, ""name"": ""Drake Baldwin"", ""bats"": ""L"", ""obp"": 0.36151603498542273, ""slg"": 0.47157190635451507, ""iso"": 0.20066889632107027, ""ab"": 299}, {""id"": 645277, ""name"": ""Ozzie Albies"", ""bats"": ""S"", ""obp"": 0.31336405529953915, ""slg"": 0.4318766066838046, ""iso"": 0.16966580976863754, ""ab"": 389}, {""id"": 621566, ""name"": ""Matt Olson"", ""bats"": ""L"", ""obp"": 0.3416856492027335, ""slg"": 0.5307692307692308, ""iso"": 0.2641025641025641, ""ab"": 390}]","[{""id"": 665487, ""name"": ""Fernando Tatis Jr."", ""bats"": ""R"", ""obp"": 0.3493150684931507, ""slg"": 0.4030612244897959, ""iso"": 0.11734693877551022, ""ab"": 392}, {""id"": 650859, ""name"": ""Luis Rengifo"", ""bats"": ""S"", ""obp"": 0.2986425339366516, ""slg"": 0.26903553299492383, ""iso"": 0.04568527918781723, ""ab"": 197}, {""id"": 592518, ""name"": ""Manny Machado"", ""bats"": ""R"", ""obp"": 0.2936893203883495, ""slg"": 0.4329608938547486, ""iso"": 0.22905027932960895, ""ab"": 358}]","[{""name"": ""away_top3c_slg"", ""value"": 0.3865, ""contribution"": 0.2724}, {""name"": ""away_top3c_iso"", ""value"": 0.1447, ""contribution"": -0.2382}, {""name"": ""home_xera"", ""value"": 5.4973, ""contribution"": 0.1416}, {""name"": ""away_top3_ops_vs_oppHand"", ""value"": 0.7067, ""contribution"": -0.0617}, {""name"": ""home_fip"", ""value"": 4.392, ""contribution"": 0.0464}]","[{""name"": ""home_top3c_slg"", ""value"": 0.4787, ""contribution"": -0.2377}, {""name"": ""home_top3c_iso"", ""value"": 0.2124, ""contribution"": 0.1578}, {""name"": ""home_top3_ops_vs_oppHand"", ""value"": 0.8303, ""contribution"": 0.08}, {""name"": ""wx_temp_c"", ""value"": 29.0, ""contribution"": 0.0647}, {""name"": ""fi_park_nrfi_rate"", ""value"": 0.5093, ""contribution"": -0.0612}]",573597,0.4761,5.497,3.885,6.0,56.0,0.7272,0.6796,4.93,5.67,0.7067,0.8303,R,L,YRFI,PASS,0,1,1,2026-07-22T23:39:28+00:00,-110,-120,DraftKings,2026-07-22T22:51:05+00:00,0.5238,0.5455,-0.0466,-0.0227,0.0481,N,1,,-110,-120,2026-07-22T22:51:05+00:00,0,0.4589,PASS,NO EDGE,,,,,,,
2026-07-22,2026,823761,1,N,NYM,MIL,2:10 PM ET,Christian Scott,Logan Henderson,681035,701656,ltd,ltd,live,live,1.03,0.3999,0.5679,0.9678,0.2098,0.2427,0.4526,0.6918,0.3082,0.2524,0.7476,,,NRFI,LEAN,LEAN NRFI,4,2026-07-22T17:04:44Z,3.394,3.353,1.236,1.08,3.861,3.404,3.54,2.46,1.12,1.02,10.06,9.82,0.306,0.333,0.385,0.398,4.132,4.978,,,,1.0,0.8,0.8,0.9,0.8,0.3421,0.3185,0.4394,0.3929,0.1806,0.1381,lineup,lineup,"[{""id"": 592885, ""name"": ""Christian Yelich"", ""bats"": ""L"", ""obp"": 0.3299319727891156, ""slg"": 0.3798449612403101, ""iso"": 0.13953488372093023, ""ab"": 258}, {""id"": 694192, ""name"": ""Jackson Chourio"", ""bats"": ""R"", ""obp"": 0.3377049180327869, ""slg"": 0.4784172661870504, ""iso"": 0.20143884892086333, ""ab"": 278}, {""id"": 668930, ""name"": ""Brice Turang"", ""bats"": ""L"", ""obp"": 0.35348837209302325, ""slg"": 0.45161290322580644, ""iso"": 0.1935483870967742, ""ab"": 372}]","[{""id"": 805999, ""name"": ""A.J. Ewing"", ""bats"": ""L"", ""obp"": 0.3442622950819672, ""slg"": 0.42201834862385323, ""iso"": 0.15137614678899086, ""ab"": 218}, {""id"": 596019, ""name"": ""Francisco Lindor"", ""bats"": ""S"", ""obp"": 0.3160621761658031, ""slg"": 0.4011627906976744, ""iso"": 0.1686046511627907, ""ab"": 172}, {""id"": 666182, ""name"": ""Bo Bichette"", ""bats"": ""R"", ""obp"": 0.30504587155963303, ""slg"": 0.37343358395989973, ""iso"": 0.11779448621553884, ""ab"": 399}]","[{""name"": ""fi_park_nrfi_rate"", ""value"": 0.5899, ""contribution"": -0.3182}, {""name"": ""away_top3c_iso"", ""value"": 0.1381, ""contribution"": -0.2841}, {""name"": ""away_top3c_slg"", ""value"": 0.3929, ""contribution"": 0.2399}, {""name"": ""home_p_last10_pitcher_nrfi"", ""value"": 0.9, ""contribution"": 0.0716}, {""name"": ""home_fip"", ""value"": 3.4042, ""contribution"": -0.0645}]","[{""name"": ""fi_park_nrfi_rate"", ""value"": 0.5899, ""contribution"": -0.4892}, {""name"": ""home_obp"", ""value"": 0.3334, ""contribution"": 0.1373}, {""name"": ""wx_is_dome"", ""value"": 1.0, ""contribution"": -0.0758}, {""name"": ""away_xera"", ""value"": 8.0432, ""contribution"": -0.0589}, {""name"": ""home_top3_ops_vs_oppHand"", ""value"": 0.7987, ""contribution"": 0.0421}]",427164,0.5083,3.49,8.043,59.0,50.0,0.7136,0.7136,5.07,4.73,0.7293,0.7987,R,R,NRFI,WIN,0,0,0,2026-07-22T18:26:21+00:00,-140,+105,DraftKings,2026-07-22T17:14:24+00:00,0.5833,0.4878,0.1085,-0.1796,0.1085,N,0.5,0,-140,+105,2026-07-22T17:08:28+00:00,0,0.4877,PASS,NO EDGE,,,,,,,
2026-07-22,2026,824735,1,S,BAL,BOS,1:35 PM ET,Dean Kremer,Jake Bennett,665152,687562,live,ltd,live,live,1.05,0.4196,0.5948,1.0144,0.3099,0.417,0.7269,0.4772,0.5228,0.2695,0.7305,,,PASS,NO EDGE,PASS - No edge,4,2026-07-22T17:13:04Z,4.174,3.131,1.175,1.043,4.927,3.526,2.39,2.13,1.93,0.81,8.48,7.42,0.32,0.315,0.399,0.396,4.582,4.268,20.0,10.0,60.0,0.0,1.0,0.4,1.0,0.4,0.3343,0.3419,0.4368,0.4078,0.1643,0.1681,lineup,lineup,"[{""id"": 807799, ""name"": ""Masataka Yoshida"", ""bats"": ""L"", ""obp"": 0.3411214953271028, ""slg"": 0.39790575916230364, ""iso"": 0.13089005235602091, ""ab"": 191}, {""id"": 678882, ""name"": ""Ceddanne Rafaela"", ""bats"": ""R"", ""obp"": 0.32558139534883723, ""slg"": 0.4325068870523416, ""iso"": 0.1515151515151515, ""ab"": 363}, {""id"": 677800, ""name"": ""Wilyer Abreu"", ""bats"": ""L"", ""obp"": 0.33890214797136037, ""slg"": 0.4609164420485175, ""iso"": 0.1940700808625337, ""ab"": 371}]","[{""id"": 621493, ""name"": ""Taylor Ward"", ""bats"": ""R"", ""obp"": 0.3864628820960699, ""slg"": 0.3611859838274933, ""iso"": 0.11051212938005395, ""ab"": 371}, {""id"": 624413, ""name"": ""Pete Alonso"", ""bats"": ""R"", ""obp"": 0.3470319634703196, ""slg"": 0.45989304812834225, ""iso"": 0.21390374331550802, ""ab"": 374}, {""id"": 683002, ""name"": ""Gunnar Henderson"", ""bats"": ""L"", ""obp"": 0.2925764192139738, ""slg"": 0.40240963855421685, ""iso"": 0.17831325301204817, ""ab"": 415}]","[{""name"": ""away_top3c_slg"", ""value"": 0.4078, ""contribution"": 0.1647}, {""name"": ""era_gap_t1"", ""value"": -1.0431, ""contribution"": -0.1123}, {""name"": ""home_p_last10_pitcher_nrfi"", ""value"": 1.0, ""contribution"": 0.1107}, {""name"": ""away_top3c_iso"", ""value"": 0.1681, ""contribution"": -0.0732}, {""name"": ""home_fip"", ""value"": 3.5261, ""contribution"": -0.0508}]","[{""name"": ""away_p_last10_pitcher_nrfi"", ""value"": 0.4, ""contribution"": 0.1041}, {""name"": ""away_fip"", ""value"": 4.9271, ""contribution"": 0.1004}, {""name"": ""fi_park_nrfi_rate"", ""value"": 0.5121, ""contribution"": -0.076}, {""name"": ""era_gap_b1"", ""value"": 1.0431, ""contribution"": 0.0706}, {""name"": ""home_top3c_iso"", ""value"": 0.1643, ""contribution"": -0.0693}]",681849,0.5084,4.2,3.819,50.0,41.0,0.7136,0.7508,6.6,5.2,0.756,0.719,R,L,YRFI,PASS,0,4,4,2026-07-22T17:53:54+00:00,+100,-130,DraftKings,2026-07-22T17:14:24+00:00,0.5,0.5652,-0.0228,-0.0424,,N,,,+100,-130,2026-07-22T17:14:24+00:00,,0.4658,PASS,NO EDGE,,,,,,,
2026-07-22,2026,823519,2,S,PIT,NYY,7:05 PM ET,Bubba Chandler,Max Fried,696149,608331,live,live,live,live,1.02,0.3939,0.6056,0.9996,0.2438,0.4845,0.7283,0.4772,0.5228,0.2641,0.7359,,,PASS,NO EDGE,PASS - No edge,4,2026-07-22T22:52:25Z,4.579,3.072,1.368,1.046,4.31,2.846,4.43,2.62,0.98,0.34,8.33,7.89,0.337,0.315,0.424,0.419,5.218,4.703,30.1,16.9,39.0,0.0,1.0,1.0,0.8,0.7,0.343,0.3696,0.5063,0.4132,0.2486,0.1291,lineup,lineup,"[{""id"": 663757, ""name"": ""Trent Grisham"", ""bats"": ""L"", ""obp"": 0.328125, ""slg"": 0.4124087591240876, ""iso"": 0.18613138686131386, ""ab"": 274}, {""id"": 700250, ""name"": ""Ben Rice"", ""bats"": ""L"", ""obp"": 0.37192118226600984, ""slg"": 0.59375, ""iso"": 0.3125, ""ab"": 352}, {""id"": 502671, ""name"": ""Paul Goldschmidt"", ""bats"": ""R"", ""obp"": 0.3175182481751825, ""slg"": 0.4860557768924303, ""iso"": 0.22709163346613548, ""ab"": 251}]","[{""id"": 693304, ""name"": ""Nick Gonzales"", ""bats"": ""R"", ""obp"": 0.36828644501278773, ""slg"": 0.4044943820224719, ""iso"": 0.0955056179775281, ""ab"": 356}, {""id"": 682997, ""name"": ""Tyler Callihan"", ""bats"": ""L"", ""obp"": 0.3191489361702128, ""slg"": 0.4457831325301205, ""iso"": 0.20481927710843373, ""ab"": 83}, {""id"": 668804, ""name"": ""Bryan Reynolds"", ""bats"": ""S"", ""obp"": 0.39863325740318906, ""slg"": 0.473972602739726, ""iso"": 0.1917808219178082, ""ab"": 365}]","[{""name"": ""away_top3c_iso"", ""value"": 0.1291, ""contribution"": -0.3481}, {""name"": ""era_gap_t1"", ""value"": -1.5078, ""contribution"": -0.1626}, {""name"": ""fi_park_nrfi_rate"", ""value"": 0.4526, ""contribution"": 0.1563}, {""name"": ""away_top3c_slg"", ""value"": 0.4132, ""contribution"": 0.137}, {""name"": ""home_xera"", ""value"": 2.8627, ""contribution"": -0.1284}]","[{""name"": ""home_top3c_slg"", ""value"": 0.5063, ""contribution"": -0.4092}, {""name"": ""home_top3c_iso"", ""value"": 0.2486, ""contribution"": 0.3284}, {""name"": ""fi_park_nrfi_rate"", ""value"": 0.4526, ""contribution"": 0.2403}, {""name"": ""away_whiff_pct_rank"", ""value"": 76.0, ""contribution"": -0.1127}, {""name"": ""era_gap_b1"", ""value"": 1.5078, ""contribution"": 0.1022}]",594151,0.4534,2.863,4.349,72.0,76.0,0.7709,0.7136,5.67,5.27,0.7633,0.7887,R,L,NRFI,PASS,0,0,0,2026-07-22T23:22:43+00:00,-105,-120,DraftKings,2026-07-22T22:51:05+00:00,0.5122,0.5455,-0.035,-0.0227,,N,,,-105,-120,2026-07-22T22:51:05+00:00,,0.4658,PASS,NO EDGE,,,,,,,
2026-07-22,2026,824327,1,N,WSH,COL,3:10 PM ET,Cade Cavalli,Gabriel Hughes,676917,687312,live,sm,live,live,1.22,0.6079,0.5901,1.198,0.3783,0.4868,0.8651,0.4064,0.5936,0.3366,0.6634,,,YRFI,STRONG,STRONG YRFI,4,2026-07-22T19:05:02Z,3.897,3.902,1.321,1.224,3.342,3.685,2.8,3.0,0.91,0.89,9.71,8.8,0.326,0.325,0.437,0.42,5.355,4.767,32.5,10.3,28.0,0.0,0.0,0.8,0.0,0.6,0.3341,0.3539,0.5484,0.5226,0.2685,0.2528,lineup,lineup,"[{""id"": 664983, ""name"": ""Jake McCarthy"", ""bats"": ""L"", ""obp"": 0.3507692307692308, ""slg"": 0.5133333333333333, ""iso"": 0.20666666666666667, ""ab"": 300}, {""id"": 666160, ""name"": ""Mickey Moniak"", ""bats"": ""L"", ""obp"": 0.32510288065843623, ""slg"": 0.5688888888888889, ""iso"": 0.28888888888888886, ""ab"": 225}, {""id"": 696100, ""name"": ""Hunter Goodman"", ""bats"": ""R"", ""obp"": 0.3256997455470738, ""slg"": 0.5649717514124294, ""iso"": 0.307909604519774, ""ab"": 354}]","[{""id"": 696285, ""name"": ""Jacob Young"", ""bats"": ""R"", ""obp"": 0.28524590163934427, ""slg"": 0.38162544169611307, ""iso"": 0.1519434628975265, ""ab"": 283}, {""id"": 671277, ""name"": ""Luis Garc\u00eda Jr."", ""bats"": ""L"", ""obp"": 0.3123123123123123, ""slg"": 0.5457413249211357, ""iso"": 0.2649842271293376, ""ab"": 317}, {""id"": 677588, ""name"": ""Jos\u00e9 Tena"", ""bats"": ""L"", ""obp"": 0.30927835051546393, ""slg"": 0.4067796610169492, ""iso"": 0.16384180790960454, ""ab"": 177}]","[{""name"": ""away_top3c_iso"", ""value"": 0.2528, ""contribution"": 0.5235}, {""name"": ""away_top3c_slg"", ""value"": 0.5226, ""contribution"": -0.4169}, {""name"": ""home_p_last10_pitcher_nrfi"", ""value"": 0.0, ""contribution"": -0.2798}, {""name"": ""fi_park_nrfi_rate"", ""value"": 0.4241, ""contribution"": 0.2547}, {""name"": ""away_top3_ops_vs_oppHand"", ""value"": 0.868, ""contribution"": 0.1027}]","[{""name"": ""home_top3c_slg"", ""value"": 0.5484, ""contribution"": -0.6706}, {""name"": ""home_top3c_iso"", ""value"": 0.2685, ""contribution"": 0.4224}, {""name"": ""fi_park_nrfi_rate"", ""value"": 0.4241, ""contribution"": 0.3916}, {""name"": ""home_top3_ops_vs_oppHand"", ""value"": 0.8877, ""contribution"": 0.1487}, {""name"": ""away_whiff_pct_rank"", ""value"": 80.0, ""contribution"": -0.1299}]",623949,0.5484,4.2,4.101,50.0,80.0,0.7136,0.7136,5.67,5.47,0.868,0.8877,R,R,NRFI,LOSS,0,0,0,2026-07-22T19:24:41+00:00,+130,-170,DraftKings,2026-07-22T17:14:24+00:00,0.4348,0.6296,-0.0147,-0.0497,-0.029,Y,1,-1,+130,-170,2026-07-22T17:14:24+00:00,0,0.4144,YRFI,STRONG,,,,,,,
2026-07-22,2026,823110,1,N,CIN,SEA,3:40 PM ET,Brady Singer,Emerson Hancock,663903,676106,live,live,live,live,0.95,0.4044,0.5496,0.954,0.3907,0.3621,0.7528,0.4772,0.5228,0.2473,0.7527,,,PASS,NO EDGE,PASS - No edge,4,2026-07-22T19:18:16Z,4.404,3.615,1.36,1.108,4.888,3.99,2.99,2.5,1.68,1.19,7.96,8.09,0.31,0.311,0.4,0.382,4.222,4.098,,,,1.0,0.8,0.8,0.9,0.6,0.3202,0.3406,0.4363,0.4823,0.1813,0.2266,lineup,lineup,"[{""id"": 702284, ""name"": ""Cole Young"", ""bats"": ""L"", ""obp"": 0.31017369727047145, ""slg"": 0.40054495912806537, ""iso"": 0.14986376021798364, ""ab"": 367}, {""id"": 677594, ""name"": ""Julio Rodr\u00edguez"", ""bats"": ""R"", ""obp"": 0.32061068702290074, ""slg"": 0.4257703081232493, ""iso"": 0.16806722689075632, ""ab"": 357}, {""id"": 686527, ""name"": ""Dominic Canzone"", ""bats"": ""L"", ""obp"": 0.33455882352941174, ""slg"": 0.5062240663900415, ""iso"": 0.24896265560165975, ""ab"": 241}]","[{""id"": 682829, ""name"": ""Elly De La Cruz"", ""bats"": ""S"", ""obp"": 0.35359116022099446, ""slg"": 0.5093167701863354, ""iso"": 0.22981366459627328, ""ab"": 322}, {""id"": 701398, ""name"": ""Sal Stewart"", ""bats"": ""R"", ""obp"": 0.32798165137614677, ""slg"": 0.46596858638743455, ""iso"": 0.21727748691099474, ""ab"": 382}, {""id"": 668709, ""name"": ""JJ Bleday"", ""bats"": ""L"", ""obp"": 0.3432343234323432, ""slg"": 0.4728682170542636, ""iso"": 0.2364341085271318, ""ab"": 258}]","[{""name"": ""away_top3c_iso"", ""value"": 0.2266, ""contribution"": 0.3389}, {""name"": ""away_top3c_slg"", ""value"": 0.4823, ""contribution"": -0.213}, {""name"": ""home_xera"", ""value"": 5.2305, ""contribution"": 0.1143}, {""name"": ""era_gap_t1"", ""value"": -0.7893, ""contribution"": -0.0848}, {""name"": ""home_p_last10_pitcher_nrfi"", ""value"": 0.9, ""contribution"": 0.0716}]","[{""name"": ""away_fip"", ""value"": 4.8884, ""contribution"": 0.0962}, {""name"": ""fi_park_nrfi_rate"", ""value"": 0.5131, ""contribution"": -0.0814}, {""name"": ""away_whiff_pct_rank"", ""value"": 32.0, ""contribution"": 0.0772}, {""name"": ""wx_is_dome"", ""value"": 1.0, ""contribution"": -0.0758}, {""name"": ""home_top3c_obp"", ""value"": 0.3202, ""contribution"": -0.0704}]",427344,0.4727,5.231,4.422,18.0,32.0,0.7136,0.7272,4.73,6.13,0.7927,0.768,R,R,NRFI,PASS,0,0,0,2026-07-22T19:57:49+00:00,-120,-110,DraftKings,2026-07-22T17:14:24+00:00,0.5455,0.5238,-0.0683,-0.001,,N,,,-120,-110,2026-07-22T17:14:24+00:00,,0.4877,PASS,NO EDGE,,,,,,,
2026-07-22,2026,822873,1,N,CWS,TEX,8:05 PM ET,Anthony Kay,Tyler Alexander,641743,641302,ltd,live,live,live,1.07,0.4641,0.6058,1.0699,0.2793,0.3171,0.5964,0.5513,0.4487,0.29,0.71,,,NRFI,LEAN,LEAN NRFI,4,2026-07-22T22:52:25Z,4.219,3.782,1.337,1.342,4.497,3.285,3.45,2.58,1.24,0.66,7.77,7.98,0.318,0.32,0.41,0.404,4.752,4.246,,,,1.0,0.8,0.8,0.75,0.7,0.3152,0.3665,0.466,0.4765,0.2071,0.2216,lineup,lineup,"[{""id"": 694671, ""name"": ""Wyatt Langford"", ""bats"": ""R"", ""obp"": 0.330188679245283, ""slg"": 0.5175879396984925, ""iso"": 0.23115577889447236, ""ab"": 199}, {""id"": 679822, ""name"": ""Justin Foscue"", ""bats"": ""R"", ""obp"": 0.3384615384615385, ""slg"": 0.5128205128205128, ""iso"": 0.23931623931623924, ""ab"": 117}, {""id"": 669394, ""name"": ""Jake Burger"", ""bats"": ""R"", ""obp"": 0.29949238578680204, ""slg"": 0.4222222222222222, ""iso"": 0.18333333333333332, ""ab"": 360}]","[{""id"": 803011, ""name"": ""Sam Antonacci"", ""bats"": ""L"", ""obp"": 0.3746130030959752, ""slg"": 0.4142857142857143, ""iso"": 0.13214285714285717, ""ab"": 280}, {""id"": 808959, ""name"": ""Munetaka Murakami"", ""bats"": ""L"", ""obp"": 0.37722419928825623, ""slg"": 0.5286343612334802, ""iso"": 0.2951541850220264, ""ab"": 227}, {""id"": 678246, ""name"": ""Miguel Vargas"", ""bats"": ""R"", ""obp"": 0.35348837209302325, ""slg"": 0.49175824175824173, ""iso"": 0.24450549450549447, ""ab"": 364}]","[{""name"": ""away_top3c_iso"", ""value"": 0.2216, ""contribution"": 0.3035}, {""name"": ""away_top3c_slg"", ""value"": 0.4765, ""contribution"": -0.1833}, {""name"": ""home_xera"", ""value"": 2.36, ""contribution"": -0.1799}, {""name"": ""fi_park_nrfi_rate"", ""value"": 0.5398, ""contribution"": -0.1451}, {""name"": ""home_avg_ip_per_start"", ""value"": 1.4, ""contribution"": 0.1214}]","[{""name"": ""fi_park_nrfi_rate"", ""value"": 0.5398, ""contribution"": -0.2231}, {""name"": ""home_top3_ops_vs_oppHand"", ""value"": 0.9027, ""contribution"": 0.1666}, {""name"": ""home_top3c_slg"", ""value"": 0.466, ""contribution"": -0.1589}, {""name"": ""home_top3c_iso"", ""value"": 0.2071, ""contribution"": 0.1326}, {""name"": ""home_top3c_obp"", ""value"": 0.3152, ""contribution"": -0.088}]",605674,0.5127,2.36,7.586,2.0,50.0,0.751,0.7136,1.4,4.6,0.7403,0.9027,L,L,NRFI,WIN,0,0,0,2026-07-23T00:20:21+00:00,-125,-105,DraftKings,2026-07-22T22:51:05+00:00,0.5556,0.5122,-0.0043,-0.0635,-0.0043,N,0.5,0,-125,-105,2026-07-22T22:51:05+00:00,0,0.4877,PASS,NO EDGE,,,,,,,
2026-07-22,2026,824083,1,N,SF,KC,2:10 PM ET,Landen Roupp,Seth Lugo,694738,607625,live,live,live,live,0.96,0.5138,0.4567,0.9705,0.2595,0.3148,0.5743,0.5514,0.4486,0.2534,0.7466,,,NRFI,LEAN,LEAN NRFI,4,2026-07-22T17:04:44Z,3.942,4.326,1.321,1.378,3.529,4.55,3.84,3.07,0.71,1.34,9.03,7.4,0.309,0.317,0.415,0.399,4.142,4.278,29.9,17.3,33.0,0.0,0.4,0.6,0.3,0.7,0.32,0.3477,0.3993,0.4607,0.1628,0.1657,lineup,lineup,"[{""id"": 695600, ""name"": ""Carter Jensen"", ""bats"": ""L"", ""obp"": 0.3089430894308943, ""slg"": 0.43636363636363634, ""iso"": 0.1939393939393939, ""ab"": 330}, {""id"": 657041, ""name"": ""Lane Thomas"", ""bats"": ""R"", ""obp"": 0.33793103448275863, ""slg"": 0.412, ""iso"": 0.172, ""ab"": 250}, {""id"": 686469, ""name"": ""Vinnie Pasquantino"", ""bats"": ""L"", ""obp"": 0.31645569620253167, ""slg"": 0.34306569343065696, ""iso"": 0.11678832116788324, ""ab"": 274}]","[{""id"": 650333, ""name"": ""Luis Arraez"", ""bats"": ""L"", ""obp"": 0.36231884057971014, ""slg"": 0.4497354497354497, ""iso"": 0.12698412698412698, ""ab"": 378}, {""id"": 805811, ""name"": ""Bryce Eldridge"", ""bats"": ""L"", ""obp"": 0.36401673640167365, ""slg"": 0.4782608695652174, ""iso"": 0.20772946859903385, ""ab"": 207}, {""id"": 671218, ""name"": ""Heliot Ramos"", ""bats"": ""R"", ""obp"": 0.30859375, ""slg"": 0.4628099173553719, ""iso"": 0.1900826446280992, ""ab"": 242}]","[{""name"": ""fi_park_nrfi_rate"", ""value"": 0.5614, ""contribution"": -0.2197}, {""name"": ""home_p_last10_pitcher_nrfi"", ""value"": 0.3, ""contribution"": -0.1627}, {""name"": ""away_top3c_slg"", ""value"": 0.4607, ""contribution"": -0.1035}, {""name"": ""away_top3c_iso"", ""value"": 0.1657, ""contribution"": -0.0904}, {""name"": ""home_xera"", ""value"": 4.7928, ""contribution"": 0.0694}]","[{""name"": ""fi_park_nrfi_rate"", ""value"": 0.5614, ""contribution"": -0.3377}, {""name"": ""home_top3c_slg"", ""value"": 0.3993, ""contribution"": 0.2553}, {""name"": ""home_plate_ump_nrfi_rate"", ""value"": 0.4271, ""contribution"": -0.0772}, {""name"": ""home_top3c_iso"", ""value"": 0.1628, ""contribution"": -0.0767}, {""name"": ""wx_temp_c"", ""value"": 29.9, ""contribution"": 0.0722}]",623946,0.4271,4.793,3.796,12.0,41.0,0.7613,0.7136,5.07,5.93,0.799,0.7393,R,R,NRFI,WIN,0,0,0,2026-07-22T18:20:24+00:00,-120,-110,DraftKings,2026-07-22T17:14:24+00:00,0.5455,0.5238,0.0059,-0.0752,0.0059,N,0.5,0,-120,-110,2026-07-22T17:08:28+00:00,0,0.6370,NRFI,STRONG,,,,,,,
2026-07-22,2026,822784,1,N,TB,TOR,7:07 PM ET,Griffin Jax,Braydon Fisher,643377,680755,live,ltd,live,live,1.01,0.5114,0.4949,1.0063,0.337,0.244,0.581,0.5514,0.4486,0.2666,0.7334,,,NRFI,LEAN,LEAN NRFI,4,2026-07-22T21:58:41Z,4.122,3.608,1.272,1.171,4.058,3.914,3.04,3.63,1.39,1.06,9.98,9.43,0.332,0.306,0.405,0.383,4.535,4.03,,,,1.0,1.0,0.8,0.8571,0.8,0.3337,0.3844,0.3922,0.4964,0.111,0.2002,lineup,lineup,"[{""id"": 676391, ""name"": ""Ernie Clement"", ""bats"": ""R"", ""obp"": 0.3240506329113924, ""slg"": 0.4297082228116711, ""iso"": 0.12997347480106103, ""ab"": 377}, {""id"": 664770, ""name"": ""Nathan Lukes"", ""bats"": ""L"", ""obp"": 0.34051724137931033, ""slg"": 0.397196261682243, ""iso"": 0.1074766355140187, ""ab"": 214}, {""id"": 665489, ""name"": ""Vladimir Guerrero Jr."", ""bats"": ""R"", ""obp"": 0.33906633906633904, ""slg"": 0.3492957746478873, ""iso"": 0.09295774647887323, ""ab"": 355}]","[{""id"": 650490, ""name"": ""Yandy D\u00edaz"", ""bats"": ""R"", ""obp"": 0.3877068557919622, ""slg"": 0.47580645161290325, ""iso"": 0.16397849462365593, ""ab"": 372}, {""id"": 666018, ""name"": ""Jonathan Aranda"", ""bats"": ""L"", ""obp"": 0.3851508120649652, ""slg"": 0.45179063360881544, ""iso"": 0.16253443526170802, ""ab"": 363}, {""id"": 691406, ""name"": ""Junior Caminero"", ""bats"": ""R"", ""obp"": 0.3804100227790433, ""slg"": 0.5593667546174143, ""iso"": 0.2717678100263852, ""ab"": 379}]","[{""name"": ""away_top3c_slg"", ""value"": 0.4964, ""contribution"": -0.2843}, {""name"": ""away_top3c_iso"", ""value"": 0.2002, ""contribution"": 0.1528}, {""name"": ""home_avg_ip_per_start"", ""value"": 1.1333, ""contribution"": 0.1299}, {""name"": ""away_top3_ops_vs_oppHand"", ""value"": 0.891, ""contribution"": 0.1261}, {""name"": ""home_xera"", ""value"": 3.2598, ""contribution"": -0.0877}]","[{""name"": ""home_top3c_iso"", ""value"": 0.111, ""contribution"": -0.3211}, {""name"": ""home_top3c_slg"", ""value"": 0.3922, ""contribution"": 0.2995}, {""name"": ""away_whiff_pct_rank"", ""value"": 100.0, ""contribution"": -0.2163}, {""name"": ""wx_is_dome"", ""value"": 1.0, ""contribution"": -0.0758}, {""name"": ""home_plate_ump_nrfi_rate"", ""value"": 0.4391, ""contribution"": -0.0648}]",521251,0.4391,3.26,3.203,83.0,100.0,0.7136,0.7136,1.13,5.2,0.891,0.7437,R,R,YRFI,LOSS,0,1,1,2026-07-22T23:25:47+00:00,-130,+100,DraftKings,2026-07-22T22:45:45+00:00,0.5652,0.5,-0.0138,-0.0514,-0.0138,N,0.5,0,-130,+100,2026-07-22T21:57:26+00:00,0,0.6370,NRFI,STRONG,,,,,,,
2026-07-22,2026,824408,1,N,MIN,CLE,6:40 PM ET,Bailey Ober,Slade Cecconi,641927,677944,live,live,live,live,0.96,0.5212,0.5052,1.0264,0.3711,0.3527,0.7238,0.4772,0.5228,0.2739,0.7261,,,PASS,NO EDGE,PASS - No edge,4,2026-07-22T22:36:23Z,4.587,4.478,1.228,1.347,4.79,4.421,2.27,2.64,1.63,1.31,6.99,7.12,0.32,0.313,0.411,0.381,4.722,4.081,20.6,10.1,52.0,0.0,0.8,0.6,0.8,0.8,0.3465,0.3259,0.3907,0.4533,0.1343,0.1943,lineup,lineup,"[{""id"": 680757, ""name"": ""Steven Kwan"", ""bats"": ""L"", ""obp"": 0.34688346883468835, ""slg"": 0.29936305732484075, ""iso"": 0.060509554140127375, ""ab"": 314}, {""id"": 608070, ""name"": ""Jos\u00e9 Ram\u00edrez"", ""bats"": ""S"", ""obp"": 0.33865814696485624, ""slg"": 0.417910447761194, ""iso"": 0.1791044776119403, ""ab"": 268}, {""id"": 800050, ""name"": ""Chase DeLauter"", ""bats"": ""L"", ""obp"": 0.3531073446327684, ""slg"": 0.45768025078369906, ""iso"": 0.16927899686520376, ""ab"": 319}]","[{""id"": 668885, ""name"": ""Austin Martin"", ""bats"": ""R"", ""obp"": 0.3531468531468531, ""slg"": 0.3153526970954357, ""iso"": 0.07468879668049791, ""ab"": 241}, {""id"": 686797, ""name"": ""Brooks Lee"", ""bats"": ""S"", ""obp"": 0.30927835051546393, ""slg"": 0.42857142857142855, ""iso"": 0.1764705882352941, ""ab"": 357}, {""id"": 665019, ""name"": ""Kody Clemens"", ""bats"": ""L"", ""obp"": 0.2979942693409742, ""slg"": 0.484375, ""iso"": 0.24375, ""ab"": 320}]","[{""name"": ""away_top3c_iso"", ""value"": 0.1943, ""contribution"": 0.1111}, {""name"": ""fi_park_nrfi_rate"", ""value"": 0.528, ""contribution"": -0.1042}, {""name"": ""home_xera"", ""value"": 4.9578, ""contribution"": 0.0863}, {""name"": ""away_top3c_slg"", ""value"": 0.4533, ""contribution"": -0.0659}, {""name"": ""away_top3_ops_vs_oppHand"", ""value"": 0.816, ""contribution"": 0.0497}]","[{""name"": ""home_top3c_slg"", ""value"": 0.3907, ""contribution"": 0.3088}, {""name"": ""home_top3c_iso"", ""value"": 0.1343, ""contribution"": -0.2111}, {""name"": ""fi_park_nrfi_rate"", ""value"": 0.528, ""contribution"": -0.1602}, {""name"": ""away_fip"", ""value"": 4.7901, ""contribution"": 0.0857}, {""name"": ""home_top3_ops_vs_oppHand"", ""value"": 0.7063, ""contribution"": -0.0684}]",691042,0.5084,4.958,4.06,24.0,57.0,0.7272,0.7424,5.27,5.0,0.816,0.7063,R,R,YRFI,PASS,1,1,2,2026-07-22T22:58:27+00:00,-110,-120,DraftKings,2026-07-22T22:45:45+00:00,0.5238,0.5455,-0.0466,-0.0227,,N,,,-110,-120,2026-07-22T21:57:26+00:00,,0.4658,PASS,NO EDGE,,,,,,,
2026-07-22,2026,824650,1,N,DET,CHC,8:10 PM ET,Keider Montero,Colin Rea,672456,607067,live,live,live,live,1.0,0.5304,0.5021,1.0325,0.3569,0.3789,0.7358,0.4772,0.5228,0.2762,0.7238,,,PASS,NO EDGE,PASS - No edge,4,2026-07-23T00:05:40Z,3.534,4.515,1.088,1.371,3.977,4.576,2.28,3.09,1.01,1.29,6.65,6.93,0.313,0.337,0.4,0.413,4.272,5.056,21.2,10.4,46.0,0.0,1.0,1.0,0.7,1.0,0.3713,0.3485,0.4666,0.4574,0.2004,0.1867,lineup,lineup,"[{""id"": 691718, ""name"": ""Pete Crow-Armstrong"", ""bats"": ""L"", ""obp"": 0.3840909090909091, ""slg"": 0.5212765957446809, ""iso"": 0.2367021276595745, ""ab"": 376}, {""id"": 673548, ""name"": ""Seiya Suzuki"", ""bats"": ""R"", ""obp"": 0.35967302452316074, ""slg"": 0.4716981132075472, ""iso"": 0.20125786163522014, ""ab"": 318}, {""id"": 683737, ""name"": ""Michael Busch"", ""bats"": ""L"", ""obp"": 0.36830357142857145, ""slg"": 0.4065040650406504, ""iso"": 0.16260162601626016, ""ab"": 369}]","[{""id"": 805808, ""name"": ""Kevin McGonigle"", ""bats"": ""L"", ""obp"": 0.39080459770114945, ""slg"": 0.4254742547425474, ""iso"": 0.14363143631436315, ""ab"": 369}, {""id"": 693307, ""name"": ""Dillon Dingler"", ""bats"": ""R"", ""obp"": 0.3359580052493438, ""slg"": 0.5364431486880467, ""iso"": 0.2653061224489796, ""ab"": 343}, {""id"": 663837, ""name"": ""Matt Vierling"", ""bats"": ""R"", ""obp"": 0.2608695652173913, ""slg"": 0.33201581027667987, ""iso"": 0.12252964426877472, ""ab"": 253}]","[{""name"": ""fi_park_nrfi_rate"", ""value"": 0.5429, ""contribution"": -0.1558}, {""name"": ""era_gap_t1"", ""value"": 0.9807, ""contribution"": 0.1068}, {""name"": ""away_top3c_slg"", ""value"": 0.4574, ""contribution"": -0.0869}, {""name"": ""away_top3_ops_vs_oppHand"", ""value"": 0.839, ""contribution"": 0.0731}, {""name"": ""home_fip"", ""value"": 4.5759, ""contribution"": 0.067}]","[{""name"": ""fi_park_nrfi_rate"", ""value"": 0.5429, ""contribution"": -0.2395}, {""name"": ""away_whiff_pct_rank"", ""value"": 9.0, ""contribution"": 0.1765}, {""name"": ""home_top3c_slg"", ""value"": 0.4666, ""contribution"": -0.1628}, {""name"": ""home_obp"", ""value"": 0.3369, ""contribution"": 0.1617}, {""name"": ""home_top3c_obp"", ""value"": 0.3713, ""contribution"": 0.1088}]",658292,0.4848,4.334,4.024,21.0,9.0,0.7272,0.7136,5.33,6.27,0.839,0.826,R,R,YRFI,PASS,0,1,1,2026-07-23T00:26:36+00:00,-115,-110,DraftKings,2026-07-23T00:36:15+00:00,0.5349,0.5238,-0.0577,-0.001,,N,,,-115,-115,2026-07-22T22:51:05+00:00,,0.6370,NRFI,STRONG,,,,,,,
2026-07-22,2026,824166,1,N,MIA,HOU,8:10 PM ET,Sandy Alcantara,Peter Lambert,645261,663567,live,ltd,live,live,0.99,0.4826,0.4831,0.9657,0.2792,0.396,0.6752,0.5035,0.4965,0.2516,0.7484,,,NRFI,LEAN,LEAN NRFI,4,2026-07-22T23:07:17Z,4.224,3.375,1.231,1.155,3.904,4.038,2.56,3.34,0.97,1.12,7.13,8.86,0.326,0.315,0.408,0.411,4.466,4.538,,,,1.0,1.0,1.0,0.8,0.9,0.3855,0.338,0.5216,0.4729,0.2279,0.1949,lineup,lineup,"[{""id"": 665161, ""name"": ""Jeremy Pe\u00f1a"", ""bats"": ""R"", ""obp"": 0.354978354978355, ""slg"": 0.4519230769230769, ""iso"": 0.15865384615384615, ""ab"": 208}, {""id"": 670541, ""name"": ""Yordan Alvarez"", ""bats"": ""L"", ""obp"": 0.4321266968325792, ""slg"": 0.6494565217391305, ""iso"": 0.32336956521739135, ""ab"": 368}, {""id"": 670623, ""name"": ""Isaac Paredes"", ""bats"": ""R"", ""obp"": 0.3522167487684729, ""slg"": 0.42857142857142855, ""iso"": 0.16857142857142854, ""ab"": 350}]","[{""id"": 672640, ""name"": ""Otto Lopez"", ""bats"": ""R"", ""obp"": 0.36792452830188677, ""slg"": 0.5012787723785166, ""iso"": 0.16879795396419434, ""ab"": 391}, {""id"": 669065, ""name"": ""Kyle Stowers"", ""bats"": ""L"", ""obp"": 0.3159509202453988, ""slg"": 0.4375, ""iso"": 0.2048611111111111, ""ab"": 288}, {""id"": 681715, ""name"": ""Heriberto Hern\u00e1ndez"", ""bats"": ""R"", ""obp"": 0.316, ""slg"": 0.46875, ""iso"": 0.22767857142857142, ""ab"": 224}]","[{""name"": ""away_top3c_slg"", ""value"": 0.4729, ""contribution"": -0.1651}, {""name"": ""home_xera"", ""value"": 2.829, ""contribution"": -0.1318}, {""name"": ""away_top3c_iso"", ""value"": 0.1949, ""contribution"": 0.1156}, {""name"": ""era_gap_t1"", ""value"": -0.8483, ""contribution"": -0.0912}, {""name"": ""fi_park_nrfi_rate"", ""value"": 0.482, ""contribution"": 0.0547}]","[{""name"": ""home_top3c_slg"", ""value"": 0.5216, ""contribution"": -0.5044}, {""name"": ""home_top3c_iso"", ""value"": 0.2279, ""contribution"": 0.2306}, {""name"": ""home_top3_ops_vs_oppHand"", ""value"": 0.9207, ""contribution"": 0.1882}, {""name"": ""home_top3c_obp"", ""value"": 0.3855, ""contribution"": 0.1587}, {""name"": ""away_whiff_pct_rank"", ""value"": 28.0, ""contribution"": 0.0945}]",596805,0.4819,2.829,4.417,50.0,28.0,0.7136,0.7136,5.6,6.67,0.7817,0.9207,R,R,NRFI,WIN,0,0,0,2026-07-23T00:32:01+00:00,-105,-120,DraftKings,2026-07-23T00:36:15+00:00,0.5122,0.5455,-0.0087,-0.049,-0.0087,N,0.5,0,-105,-120,2026-07-22T22:51:05+00:00,0,0.6385,NRFI,STRONG,,,,,,,
2026-07-22,2026,824732,2,S,BAL,BOS,7:10 PM ET,Kyle Bradish,Eduardo Rivera,680694,700842,live,sm,live,live,1.05,0.523,0.5456,1.0686,0.3493,0.2544,0.6037,0.55,0.45,0.2894,0.7106,,,NRFI,LEAN,LEAN NRFI,4,2026-07-22T21:58:41Z,3.643,3.933,1.309,1.204,4.0,4.138,3.85,3.12,1.04,1.17,9.19,8.78,0.32,0.315,0.399,0.397,4.568,4.283,24.7,12.2,69.0,0.0,0.5,1.0,0.5,0.8,0.3308,0.3419,0.4405,0.4078,0.1699,0.1681,lineup,lineup,"[{""id"": 678011, ""name"": ""Anthony Seigler"", ""bats"": ""S"", ""obp"": 0.31683168316831684, ""slg"": 0.3888888888888889, ""iso"": 0.14444444444444446, ""ab"": 90}, {""id"": 678882, ""name"": ""Ceddanne Rafaela"", ""bats"": ""R"", ""obp"": 0.32558139534883723, ""slg"": 0.4325068870523416, ""iso"": 0.1515151515151515, ""ab"": 363}, {""id"": 677800, ""name"": ""Wilyer Abreu"", ""bats"": ""L"", ""obp"": 0.33890214797136037, ""slg"": 0.4609164420485175, ""iso"": 0.1940700808625337, ""ab"": 371}]","[{""id"": 621493, ""name"": ""Taylor Ward"", ""bats"": ""R"", ""obp"": 0.3864628820960699, ""slg"": 0.3611859838274933, ""iso"": 0.11051212938005395, ""ab"": 371}, {""id"": 624413, ""name"": ""Pete Alonso"", ""bats"": ""R"", ""obp"": 0.3470319634703196, ""slg"": 0.45989304812834225, ""iso"": 0.21390374331550802, ""ab"": 374}, {""id"": 683002, ""name"": ""Gunnar Henderson"", ""bats"": ""L"", ""obp"": 0.2925764192139738, ""slg"": 0.40240963855421685, ""iso"": 0.17831325301204817, ""ab"": 415}]","[{""name"": ""away_top3c_slg"", ""value"": 0.4078, ""contribution"": 0.1647}, {""name"": ""home_p_last10_pitcher_nrfi"", ""value"": 0.5, ""contribution"": -0.0846}, {""name"": ""away_top3c_iso"", ""value"": 0.1681, ""contribution"": -0.0732}, {""name"": ""home_avg_ip_per_start"", ""value"": 3.0, ""contribution"": 0.0702}, {""name"": ""fi_park_nrfi_rate"", ""value"": 0.5121, ""contribution"": -0.0494}]","[{""name"": ""away_whiff_pct_rank"", ""value"": 94.0, ""contribution"": -0.1904}, {""name"": ""fi_park_nrfi_rate"", ""value"": 0.5121, ""contribution"": -0.076}, {""name"": ""home_top3_ops_vs_oppHand"", ""value"": 0.7137, ""contribution"": -0.0596}, {""name"": ""home_top3c_iso"", ""value"": 0.1699, ""contribution"": -0.043}, {""name"": ""home_top3c_obp"", ""value"": 0.3308, ""contribution"": -0.0335}]",427128,0.4785,4.2,3.85,50.0,94.0,0.7136,0.7412,3.0,6.8,0.7553,0.7137,R,L,YRFI,LOSS,4,0,4,2026-07-22T23:39:50+00:00,-115,-110,DraftKings,2026-07-22T22:45:45+00:00,0.5349,0.5238,0.0151,-0.0738,0.0151,N,0.5,0,-120,-110,2026-07-22T21:57:26+00:00,-0.0106,0.4877,PASS,NO EDGE,,,,,,,
2026-07-23,2026,824247,1,N,KC,DET,6:40 PM ET,Randy Dobnak,Troy Melton,677976,675512,sm,live,live,live,0.98,0.4386,0.5527,0.9913,0.2692,0.3887,0.658,0.5399,0.4601,0.261,0.739,,,NRFI,LEAN,LEAN NRFI,4,2026-07-23T21:33:20Z,3.589,2.574,1.322,0.995,4.593,4.08,3.5,2.66,1.23,1.2,7.65,8.17,0.316,0.313,0.4,0.401,4.284,4.278,24.5,9.2,35.0,0.0,0.6,1.0,0.6,1.0,0.3626,0.3191,0.4072,0.3977,0.1357,0.1618,lineup,lineup,"[{""id"": 805808, ""name"": ""Kevin McGonigle"", ""bats"": ""L"", ""obp"": 0.3895216400911162, ""slg"": 0.42359249329758714, ""iso"": 0.1420911528150134, ""ab"": 373}, {""id"": 650402, ""name"": ""Gleyber Torres"", ""bats"": ""R"", ""obp"": 0.3969849246231156, ""slg"": 0.3902439024390244, ""iso"": 0.1097560975609756, ""ab"": 164}, {""id"": 701678, ""name"": ""Hao-Yu Lee"", ""bats"": ""R"", ""obp"": 0.2857142857142857, ""slg"": 0.39880952380952384, ""iso"": 0.1428571428571429, ""ab"": 168}]","[{""id"": 695600, ""name"": ""Carter Jensen"", ""bats"": ""L"", ""obp"": 0.30831099195710454, ""slg"": 0.43243243243243246, ""iso"": 0.19219219219219222, ""ab"": 333}, {""id"": 657041, ""name"": ""Lane Thomas"", ""bats"": ""R"", ""obp"": 0.336734693877551, ""slg"": 0.4094488188976378, ""iso"": 0.16929133858267717, ""ab"": 254}, {""id"": 686469, ""name"": ""Vinnie Pasquantino"", ""bats"": ""L"", ""obp"": 0.315625, ""slg"": 0.34532374100719426, ""iso"": 0.11870503597122303, ""ab"": 278}]","[{""name"": ""away_top3c_slg"", ""value"": 0.3977, ""contribution"": 0.2157}, {""name"": ""fi_park_nrfi_rate"", ""value"": 0.5322, ""contribution"": -0.1188}, {""name"": ""away_top3c_iso"", ""value"": 0.1618, ""contribution"": -0.1172}, {""name"": ""era_gap_t1"", ""value"": -1.015, ""contribution"": -0.1093}, {""name"": ""home_p_last10_pitcher_nrfi"", ""value"": 0.6, ""contribution"": -0.0455}]","[{""name"": ""home_top3c_slg"", ""value"": 0.4072, ""contribution"": 0.2061}, {""name"": ""home_top3c_iso"", ""value"": 0.1357, ""contribution"": -0.2043}, {""name"": ""fi_park_nrfi_rate"", ""value"": 0.5322, ""contribution"": -0.1826}, {""name"": ""away_p_last10_pitcher_nrfi"", ""value"": 1.0, ""contribution"": -0.0929}, {""name"": ""home_top3c_obp"", ""value"": 0.3626, ""contribution"": 0.0781}]",503490,0.5467,4.2,4.2,50.0,50.0,0.7136,0.7136,5.87,4.33,0.7357,0.8067,R,R,NRFI,WIN,0,0,0,2026-07-23T23:00:51+00:00,-120,-110,DraftKings,2026-07-23T21:56:32+00:00,0.5455,0.5238,-0.0056,-0.0637,-0.0056,N,0.5,0,-120,-110,2026-07-23T21:35:49+00:00,0,0.4877,PASS,NO EDGE,,,,,,,
2026-07-23,2026,823042,1,N,ARI,STL,5:15 PM ET,Brandon Pfaadt,Michael McGreevy,694297,700241,live,live,live,live,0.97,0.4344,0.4897,0.9241,0.3143,0.3847,0.699,0.4795,0.5205,0.2364,0.7636,,,PASS,NO EDGE,PASS - No edge,4,2026-07-23T21:11:42Z,4.851,3.311,1.318,1.141,4.292,4.264,2.4,2.03,1.26,1.16,7.03,5.98,0.312,0.316,0.395,0.387,4.474,4.444,26.8,8.7,46.0,0.0,0.8,1.0,0.9,0.8,0.3482,0.3591,0.461,0.4293,0.1858,0.1692,lineup,lineup,"[{""id"": 802139, ""name"": ""JJ Wetherholt"", ""bats"": ""L"", ""obp"": 0.35172413793103446, ""slg"": 0.40318302387267907, ""iso"": 0.14588859416445626, ""ab"": 377}, {""id"": 663494, ""name"": ""Bryan Torres"", ""bats"": ""L"", ""obp"": 0.26666666666666666, ""slg"": 0.43478260869565216, ""iso"": 0.23188405797101447, ""ab"": 69}, {""id"": 676475, ""name"": ""Alec Burleson"", ""bats"": ""L"", ""obp"": 0.3419811320754717, ""slg"": 0.4621409921671018, ""iso"": 0.1827676240208877, ""ab"": 383}]","[{""id"": 682998, ""name"": ""Corbin Carroll"", ""bats"": ""L"", ""obp"": 0.3436754176610978, ""slg"": 0.4904109589041096, ""iso"": 0.2383561643835616, ""ab"": 365}, {""id"": 672695, ""name"": ""Geraldo Perdomo"", ""bats"": ""S"", ""obp"": 0.35180722891566263, ""slg"": 0.3554913294797688, ""iso"": 0.11849710982658962, ""ab"": 346}, {""id"": 672515, ""name"": ""Gabriel Moreno"", ""bats"": ""R"", ""obp"": 0.39072847682119205, ""slg"": 0.4418604651162791, ""iso"": 0.13953488372093026, ""ab"": 258}]","[{""name"": ""era_gap_t1"", ""value"": -1.5393, ""contribution"": -0.166}, {""name"": ""fi_park_nrfi_rate"", ""value"": 0.527, ""contribution"": -0.1009}, {""name"": ""home_xera"", ""value"": 4.9135, ""contribution"": 0.0818}, {""name"": ""home_p_last10_pitcher_nrfi"", ""value"": 0.9, ""contribution"": 0.0716}, {""name"": ""away_top3c_iso"", ""value"": 0.1692, ""contribution"": -0.0651}]","[{""name"": ""fi_park_nrfi_rate"", ""value"": 0.527, ""contribution"": -0.1552}, {""name"": ""home_top3c_slg"", ""value"": 0.461, ""contribution"": -0.128}, {""name"": ""era_gap_b1"", ""value"": 1.5393, ""contribution"": 0.1043}, {""name"": ""home_top3_ops_vs_oppHand"", ""value"": 0.8493, ""contribution"": 0.1028}, {""name"": ""home_plate_ump_nrfi_rate"", ""value"": 0.5564, ""contribution"": 0.0561}]",427315,0.5564,4.913,5.939,3.0,50.0,0.7136,0.664,5.93,5.4,0.7797,0.8493,R,R,YRFI,PASS,0,2,2,2026-07-23T21:36:59+00:00,-125,-105,DraftKings,2026-07-23T21:04:02+00:00,0.5556,0.5122,-0.0761,0.0083,,N,,,-125,-105,2026-07-23T21:04:02+00:00,,0.4403,PASS,NO EDGE,,,,,,,
2026-07-23,2026,824406,1,N,MIN,CLE,1:10 PM ET,Taj Bradley,Gavin Williams,671737,668909,live,live,live,live,0.96,0.5015,0.5106,1.0121,0.3605,0.4015,0.7619,0.4772,0.5228,0.2687,0.7313,,,PASS,NO EDGE,PASS - No edge,4,2026-07-23T17:02:26Z,4.175,3.764,1.265,1.18,4.142,4.043,3.59,3.22,1.31,1.44,9.77,10.54,0.32,0.313,0.412,0.382,4.767,4.097,22.8,14.4,42.0,0.0,1.0,0.6,0.8,0.5,0.3473,0.3345,0.3908,0.5086,0.1321,0.2408,lineup,lineup,"[{""id"": 680757, ""name"": ""Steven Kwan"", ""bats"": ""L"", ""obp"": 0.3502673796791444, ""slg"": 0.30407523510971785, ""iso"": 0.059561128526645746, ""ab"": 319}, {""id"": 608070, ""name"": ""Jos\u00e9 Ram\u00edrez"", ""bats"": ""S"", ""obp"": 0.33962264150943394, ""slg"": 0.4175824175824176, ""iso"": 0.17582417582417584, ""ab"": 273}, {""id"": 800050, ""name"": ""Chase DeLauter"", ""bats"": ""L"", ""obp"": 0.35097493036211697, ""slg"": 0.4537037037037037, ""iso"": 0.16666666666666669, ""ab"": 324}]","[{""id"": 686797, ""name"": ""Brooks Lee"", ""bats"": ""S"", ""obp"": 0.3104325699745547, ""slg"": 0.43646408839779005, ""iso"": 0.18232044198895025, ""ab"": 362}, {""id"": 621439, ""name"": ""Byron Buxton"", ""bats"": ""R"", ""obp"": 0.3304093567251462, ""slg"": 0.5718849840255591, ""iso"": 0.2971246006389776, ""ab"": 313}, {""id"": 680777, ""name"": ""Ryan Jeffers"", ""bats"": ""R"", ""obp"": 0.39766081871345027, ""slg"": 0.5524475524475524, ""iso"": 0.2657342657342657, ""ab"": 143}]","[{""name"": ""away_top3c_iso"", ""value"": 0.2408, ""contribution"": 0.4391}, {""name"": ""away_top3c_slg"", ""value"": 0.5086, ""contribution"": -0.3459}, {""name"": ""away_top3_ops_vs_oppHand"", ""value"": 0.899, ""contribution"": 0.1343}, {""name"": ""fi_park_nrfi_rate"", ""value"": 0.528, ""contribution"": -0.1042}, {""name"": ""era_gap_t1"", ""value"": -0.4117, ""contribution"": -0.044}]","[{""name"": ""home_top3c_slg"", ""value"": 0.3908, ""contribution"": 0.3079}, {""name"": ""home_top3c_iso"", ""value"": 0.1321, ""contribution"": -0.2215}, {""name"": ""fi_park_nrfi_rate"", ""value"": 0.528, ""contribution"": -0.1602}, {""name"": ""away_p_last10_pitcher_nrfi"", ""value"": 0.5, ""contribution"": 0.0713}, {""name"": ""home_top3_ops_vs_oppHand"", ""value"": 0.708, ""contribution"": -0.0664}]",605671,0.5497,4.171,4.08,88.0,52.0,0.7075,0.7396,5.53,6.2,0.899,0.708,R,R,NRFI,PASS,0,0,0,2026-07-23T17:28:42+00:00,-135,+100,DraftKings,2026-07-23T16:24:39+00:00,0.5745,0.5,-0.0973,0.0228,,N,,,-135,+100,2026-07-23T16:24:39+00:00,,0.4654,PASS,NO EDGE,,,,,,,
2026-07-23,2026,824893,1,N,SD,ATL,12:15 PM ET,Kyle Hart,Chris Sale,606996,519242,ltd,live,live,live,0.98,0.3219,0.5361,0.8581,0.19,0.6087,0.7986,0.4384,0.5616,0.2122,0.7878,,,PASS,LOW LAMBDA,PASS - Low lambda,4,2026-07-23T15:49:39Z,5.188,2.203,1.191,1.063,4.289,2.567,2.96,2.19,1.25,0.71,8.07,10.91,0.308,0.317,0.386,0.416,4.175,4.909,30.7,15.6,53.0,0.0,1.0,0.8,0.9,0.5714,0.3412,0.3176,0.4789,0.3889,0.2105,0.1481,lineup,lineup,"[{""id"": 686948, ""name"": ""Drake Baldwin"", ""bats"": ""L"", ""obp"": 0.367816091954023, ""slg"": 0.4735099337748344, ""iso"": 0.19867549668874168, ""ab"": 302}, {""id"": 645277, ""name"": ""Ozzie Albies"", ""bats"": ""S"", ""obp"": 0.3143507972665148, ""slg"": 0.4300254452926209, ""iso"": 0.16793893129770993, ""ab"": 393}, {""id"": 621566, ""name"": ""Matt Olson"", ""bats"": ""L"", ""obp"": 0.34684684684684686, ""slg"": 0.5318066157760815, ""iso"": 0.26208651399491095, ""ab"": 393}]","[{""id"": 665487, ""name"": ""Fernando Tatis Jr."", ""bats"": ""R"", ""obp"": 0.35214446952595935, ""slg"": 0.40759493670886077, ""iso"": 0.12151898734177213, ""ab"": 395}, {""id"": 650859, ""name"": ""Luis Rengifo"", ""bats"": ""S"", ""obp"": 0.29646017699115046, ""slg"": 0.28217821782178215, ""iso"": 0.059405940594059375, ""ab"": 202}, {""id"": 592518, ""name"": ""Manny Machado"", ""bats"": ""R"", ""obp"": 0.29256594724220625, ""slg"": 0.4281767955801105, ""iso"": 0.2265193370165746, ""ab"": 362}]","[{""name"": ""era_gap_t1"", ""value"": -2.9849, ""contribution"": -0.3226}, {""name"": ""away_top3c_slg"", ""value"": 0.3889, ""contribution"": 0.26}, {""name"": ""away_top3c_iso"", ""value"": 0.1481, ""contribution"": -0.2143}, {""name"": ""home_xera"", ""value"": 2.5201, ""contribution"": -0.1635}, {""name"": ""home_fip"", ""value"": 2.5674, ""contribution"": -0.1584}]","[{""name"": ""home_top3c_slg"", ""value"": 0.4789, ""contribution"": -0.2389}, {""name"": ""era_gap_b1"", ""value"": 2.9849, ""contribution"": 0.2027}, {""name"": ""away_whiff_pct_rank"", ""value"": 6.0, ""contribution"": 0.1894}, {""name"": ""home_top3c_iso"", ""value"": 0.2105, ""contribution"": 0.1485}, {""name"": ""home_plate_ump_nrfi_rate"", ""value"": 0.5818, ""contribution"": 0.0822}]",427139,0.5818,2.52,4.06,85.0,6.0,0.6909,0.7136,5.33,4.4,0.6943,0.8033,L,L,NRFI,PASS,0,0,0,2026-07-23T16:29:06+00:00,-115,-115,DraftKings,2026-07-23T16:19:17+00:00,0.5349,0.5349,-0.0965,0.0267,,N,,,-115,-115,2026-07-23T16:14:06+00:00,,0.4521,PASS,NO EDGE,,,,,,,
2026-07-23,2026,822785,1,N,TB,TOR,3:07 PM ET,Casey Legumina,Shane Bieber,668984,669456,ltd,ltd,live,live,1.01,0.6536,0.4924,1.1459,0.3665,0.3325,0.699,0.4795,0.5205,0.3177,0.6823,,,PASS,NO EDGE,PASS - No edge,4,2026-07-23T19:03:07Z,4.337,4.605,1.309,1.382,4.074,5.303,3.02,3.28,1.06,1.89,7.87,8.15,0.332,0.304,0.404,0.382,4.53,4.013,,,,1.0,0.4,1.0,0.6,1.0,0.3272,0.3821,0.3935,0.4925,0.1177,0.1979,lineup,lineup,"[{""id"": 665926, ""name"": ""Andr\u00e9s Gim\u00e9nez"", ""bats"": ""L"", ""obp"": 0.2668711656441718, ""slg"": 0.34868421052631576, ""iso"": 0.12499999999999997, ""ab"": 304}, {""id"": 665489, ""name"": ""Vladimir Guerrero Jr."", ""bats"": ""R"", ""obp"": 0.3381995133819951, ""slg"": 0.35097493036211697, ""iso"": 0.09470752089136486, ""ab"": 359}, {""id"": 676391, ""name"": ""Ernie Clement"", ""bats"": ""R"", ""obp"": 0.3208020050125313, ""slg"": 0.4251968503937008, ""iso"": 0.12860892388451445, ""ab"": 381}]","[{""id"": 650490, ""name"": ""Yandy D\u00edaz"", ""bats"": ""R"", ""obp"": 0.38317757009345793, ""slg"": 0.46949602122015915, ""iso"": 0.16180371352785144, ""ab"": 377}, {""id"": 666018, ""name"": ""Jonathan Aranda"", ""bats"": ""L"", ""obp"": 0.3816091954022989, ""slg"": 0.44686648501362397, ""iso"": 0.16076294277929154, ""ab"": 367}, {""id"": 691406, ""name"": ""Junior Caminero"", ""bats"": ""R"", ""obp"": 0.38148984198645597, ""slg"": 0.5587467362924282, ""iso"": 0.2689295039164491, ""ab"": 383}]","[{""name"": ""away_top3c_slg"", ""value"": 0.4925, ""contribution"": -0.2643}, {""name"": ""home_fip"", ""value"": 5.3033, ""contribution"": 0.1487}, {""name"": ""away_top3c_iso"", ""value"": 0.1979, ""contribution"": 0.1365}, {""name"": ""away_top3_ops_vs_oppHand"", ""value"": 0.882, ""contribution"": 0.117}, {""name"": ""home_p_last10_pitcher_nrfi"", ""value"": 0.6, ""contribution"": -0.0455}]","[{""name"": ""home_top3c_slg"", ""value"": 0.3935, ""contribution"": 0.2913}, {""name"": ""home_top3c_iso"", ""value"": 0.1177, ""contribution"": -0.2894}, {""name"": ""away_whiff_pct_rank"", ""value"": 17.0, ""contribution"": 0.1419}, {""name"": ""away_p_last10_pitcher_nrfi"", ""value"": 1.0, ""contribution"": -0.0929}, {""name"": ""wx_is_dome"", ""value"": 1.0, ""contribution"": -0.0758}]",639723,0.548,4.2,5.0,50.0,17.0,0.7075,0.7136,4.73,1.33,0.882,0.7327,R,R,YRFI,PASS,0,1,1,2026-07-23T19:28:25+00:00,-110,-115,DraftKings,2026-07-23T19:04:38+00:00,0.5238,0.5349,-0.0443,-0.0144,,N,,,-110,-115,2026-07-23T19:04:38+00:00,,0.4658,PASS,NO EDGE,,,,,,,
2026-07-24,2026,822707,1,N,ARI,WSH,6:45 PM ET,Eduardo Rodriguez,Carson Palmquist,593958,687223,live,ltd,live,live,0.97,0.5702,0.594,1.1642,0.5366,0.4636,1.0003,0.3665,0.6335,0.3244,0.6756,,,YRFI,STRONG,STRONG YRFI,4,2026-07-24T21:36:24Z,3.235,6.217,1.302,1.525,4.33,4.624,3.26,3.64,1.07,1.44,6.86,8.95,0.313,0.326,0.397,0.438,4.521,5.377,26.6,8.6,39.0,0.0,0.4,0.8,0.4,0.6,0.3746,0.336,0.525,0.4376,0.2645,0.1887,lineup,lineup,"[{""id"": 695578, ""name"": ""James Wood"", ""bats"": ""L"", ""obp"": 0.39669421487603307, ""slg"": 0.5505050505050505, ""iso"": 0.2803030303030303, ""ab"": 396}, {""id"": 678554, ""name"": ""Curtis Mead"", ""bats"": ""R"", ""obp"": 0.3490566037735849, ""slg"": 0.5089605734767025, ""iso"": 0.2508960573476703, ""ab"": 279}, {""id"": 677588, ""name"": ""Jos\u00e9 Tena"", ""bats"": ""L"", ""obp"": 0.31155778894472363, ""slg"": 0.4065934065934066, ""iso"": 0.15934065934065933, ""ab"": 182}]","[{""id"": 606466, ""name"": ""Ketel Marte"", ""bats"": ""S"", ""obp"": 0.3125, ""slg"": 0.4607594936708861, ""iso"": 0.20253164556962028, ""ab"": 395}, {""id"": 682998, ""name"": ""Corbin Carroll"", ""bats"": ""L"", ""obp"": 0.3411764705882353, ""slg"": 0.4918918918918919, ""iso"": 0.24054054054054058, ""ab"": 370}, {""id"": 672695, ""name"": ""Geraldo Perdomo"", ""bats"": ""S"", ""obp"": 0.3547619047619048, ""slg"": 0.35344827586206895, ""iso"": 0.11781609195402298, ""ab"": 348}]","[{""name"": ""era_gap_t1"", ""value"": 2.9825, ""contribution"": 0.3236}, {""name"": ""home_p_last10_pitcher_nrfi"", ""value"": 0.4, ""contribution"": -0.1236}, {""name"": ""away_top3_ops_vs_oppHand"", ""value"": 0.867, ""contribution"": 0.1017}, {""name"": ""home_avg_ip_per_start"", ""value"": 2.6, ""contribution"": 0.083}, {""name"": ""fi_park_nrfi_rate"", ""value"": 0.4761, ""contribution"": 0.0751}]","[{""name"": ""home_top3c_slg"", ""value"": 0.525, ""contribution"": -0.5254}, {""name"": ""home_top3c_iso"", ""value"": 0.2645, ""contribution"": 0.4036}, {""name"": ""era_gap_b1"", ""value"": -2.9825, ""contribution"": -0.2033}, {""name"": ""home_top3c_obp"", ""value"": 0.3746, ""contribution"": 0.1202}, {""name"": ""fi_park_nrfi_rate"", ""value"": 0.4761, ""contribution"": 0.1154}]",490319,0.5366,4.2,4.546,50.0,32.0,0.6942,0.6796,2.6,5.67,0.867,0.8267,L,L,NRFI,LOSS,0,0,0,2026-07-24T23:09:53+00:00,+105,-135,DraftKings,2026-07-24T21:45:25+00:00,0.4878,0.5745,-0.1213,0.059,0.059,Y,1,-1,+105,-135,2026-07-24T21:40:01+00:00,0,0.4658,PASS,NO EDGE,,,,,,,
2026-07-24,2026,822952,1,N,CLE,TB,7:10 PM ET,Joey Cantillo,Shane McClanahan,676282,663556,live,ltd,live,live,0.93,0.3813,0.5301,0.9115,0.4161,0.4363,0.8524,0.4064,0.5936,0.2317,0.7683,,,YRFI,STRONG,STRONG YRFI,4,2026-07-24T22:05:50Z,3.649,3.468,1.376,1.184,3.978,3.624,4.24,3.02,1.01,0.85,9.62,8.51,0.313,0.331,0.379,0.403,4.071,4.5,,,,1.0,0.8,1.0,0.8,0.8,0.3794,0.3166,0.4881,0.4255,0.1958,0.186,lineup,lineup,"[{""id"": 650490, ""name"": ""Yandy D\u00edaz"", ""bats"": ""R"", ""obp"": 0.3819444444444444, ""slg"": 0.4671916010498688, ""iso"": 0.16010498687664043, ""ab"": 381}, {""id"": 666018, ""name"": ""Jonathan Aranda"", ""bats"": ""L"", ""obp"": 0.37813211845102507, ""slg"": 0.4420485175202156, ""iso"": 0.15902964959568733, ""ab"": 371}, {""id"": 691406, ""name"": ""Junior Caminero"", ""bats"": ""R"", ""obp"": 0.378076062639821, ""slg"": 0.5529715762273901, ""iso"": 0.26614987080103353, ""ab"": 387}]","[{""id"": 682657, ""name"": ""Angel Mart\u00ednez"", ""bats"": ""S"", ""obp"": 0.27615062761506276, ""slg"": 0.4424778761061947, ""iso"": 0.20353982300884957, ""ab"": 226}, {""id"": 800050, ""name"": ""Chase DeLauter"", ""bats"": ""L"", ""obp"": 0.3489010989010989, ""slg"": 0.4481707317073171, ""iso"": 0.16463414634146345, ""ab"": 328}, {""id"": 656555, ""name"": ""Rhys Hoskins"", ""bats"": ""R"", ""obp"": 0.3096085409252669, ""slg"": 0.37662337662337664, ""iso"": 0.19913419913419914, ""ab"": 231}]","[{""name"": ""fi_park_nrfi_rate"", ""value"": 0.4376, ""contribution"": 0.2081}, {""name"": ""away_top3c_slg"", ""value"": 0.4255, ""contribution"": 0.0749}, {""name"": ""home_xera"", ""value"": 4.7456, ""contribution"": 0.0646}, {""name"": ""away_top3c_iso"", ""value"": 0.186, ""contribution"": 0.0528}, {""name"": ""away_top3_ops_vs_oppHand"", ""value"": 0.721, ""contribution"": -0.0471}]","[{""name"": ""fi_park_nrfi_rate"", ""value"": 0.4376, ""contribution"": 0.3199}, {""name"": ""home_top3c_slg"", ""value"": 0.4881, ""contribution"": -0.2966}, {""name"": ""away_whiff_pct_rank"", ""value"": 89.0, ""contribution"": -0.1688}, {""name"": ""home_top3c_obp"", ""value"": 0.3794, ""contribution"": 0.137}, {""name"": ""home_obp"", ""value"": 0.3308, ""contribution"": 0.1192}]",503077,0.5258,4.746,3.575,50.0,89.0,0.7272,0.7136,5.4,5.2,0.721,0.8583,L,L,NRFI,LOSS,0,0,0,2026-07-24T23:23:07+00:00,-135,+100,DraftKings,2026-07-24T22:38:39+00:00,0.5745,0.5,-0.1681,0.0936,0.0936,Y,1,-1,-135,+100,2026-07-24T22:06:20+00:00,0,0.4589,PASS,NO EDGE,,,,,,,
2026-07-24,2026,824733,1,N,TOR,BOS,7:15 PM ET,Trey Yesavage,Patrick Sandoval,702056,663776,ltd,sm,live,live,1.05,0.479,0.5551,1.0341,0.3589,0.3377,0.6966,0.4795,0.5205,0.2768,0.7232,,,PASS,NO EDGE,PASS - No edge,4,2026-07-24T23:05:05Z,3.909,4.29,1.193,1.343,4.128,3.975,4.02,2.75,1.0,1.17,8.69,8.96,0.305,0.314,0.381,0.395,4.004,4.254,26.5,13.2,41.0,0.0,1.0,0.6,1.0,0.6,0.3258,0.3224,0.436,0.4058,0.1694,0.1452,lineup,lineup,"[{""id"": 678011, ""name"": ""Anthony Seigler"", ""bats"": ""S"", ""obp"": 0.3142857142857143, ""slg"": 0.3829787234042553, ""iso"": 0.13829787234042554, ""ab"": 94}, {""id"": 678882, ""name"": ""Ceddanne Rafaela"", ""bats"": ""R"", ""obp"": 0.3240506329113924, ""slg"": 0.4366576819407008, ""iso"": 0.15633423180592992, ""ab"": 371}, {""id"": 677800, ""name"": ""Wilyer Abreu"", ""bats"": ""L"", ""obp"": 0.33021077283372363, ""slg"": 0.44854881266490765, ""iso"": 0.1899736147757256, ""ab"": 379}]","[{""id"": 676391, ""name"": ""Ernie Clement"", ""bats"": ""R"", ""obp"": 0.3200992555831266, ""slg"": 0.42337662337662335, ""iso"": 0.12727272727272726, ""ab"": 385}, {""id"": 665489, ""name"": ""Vladimir Guerrero Jr."", ""bats"": ""R"", ""obp"": 0.3397590361445783, ""slg"": 0.3526170798898072, ""iso"": 0.09366391184573003, ""ab"": 363}, {""id"": 672960, ""name"": ""Kazuma Okamoto"", ""bats"": ""R"", ""obp"": 0.3071253071253071, ""slg"": 0.4404432132963989, ""iso"": 0.21606648199445985, ""ab"": 361}]","[{""name"": ""away_top3c_iso"", ""value"": 0.1452, ""contribution"": -0.2346}, {""name"": ""away_top3c_slg"", ""value"": 0.4058, ""contribution"": 0.1747}, {""name"": ""home_p_last10_pitcher_nrfi"", ""value"": 1.0, ""contribution"": 0.1107}, {""name"": ""fi_park_nrfi_rate"", ""value"": 0.5121, ""contribution"": -0.0494}, {""name"": ""era_gap_t1"", ""value"": 0.3815, ""contribution"": 0.0419}]","[{""name"": ""home_top3_ops_vs_oppHand"", ""value"": 0.6997, ""contribution"": -0.0764}, {""name"": ""fi_park_nrfi_rate"", ""value"": 0.5121, ""contribution"": -0.076}, {""name"": ""home_top3c_obp"", ""value"": 0.3258, ""contribution"": -0.0509}, {""name"": ""home_top3c_iso"", ""value"": 0.1694, ""contribution"": -0.0452}, {""name"": ""wx_temp_c"", ""value"": 26.5, ""contribution"": 0.0438}]",482641,0.4806,4.2,2.939,50.0,50.0,0.7396,0.7136,4.67,5.2,0.7673,0.6997,R,L,YRFI,PASS,0,1,1,2026-07-24T23:42:19+00:00,-125,-105,DraftKings,2026-07-24T22:54:42+00:00,0.5556,0.5122,-0.0761,0.0083,0.0698,N,1,,-125,-105,2026-07-24T22:54:42+00:00,0,0.5651,NRFI,STRONG,,,,,,,
2026-07-24,2026,824573,1,N,HOU,CWS,7:40 PM ET,Spencer Arrighetti,Davis Martin,681293,663436,live,live,live,live,0.98,0.4121,0.6024,1.0145,0.4282,0.5385,0.9667,0.3888,0.6112,0.2696,0.7304,,,YRFI,STRONG,STRONG YRFI,4,2026-07-24T22:35:17Z,4.395,3.526,1.309,1.275,4.631,3.491,4.53,2.87,1.26,0.72,8.85,7.78,0.315,0.318,0.412,0.409,4.542,4.746,24.0,14.6,50.0,0.0,1.0,0.8,1.0,0.8,0.3633,0.3877,0.4705,0.532,0.2188,0.2345,lineup,lineup,"[{""id"": 803011, ""name"": ""Sam Antonacci"", ""bats"": ""L"", ""obp"": 0.37003058103975534, ""slg"": 0.4084507042253521, ""iso"": 0.13028169014084506, ""ab"": 284}, {""id"": 808959, ""name"": ""Munetaka Murakami"", ""bats"": ""L"", ""obp"": 0.37543859649122807, ""slg"": 0.5217391304347826, ""iso"": 0.29130434782608694, ""ab"": 230}, {""id"": 678246, ""name"": ""Miguel Vargas"", ""bats"": ""R"", ""obp"": 0.35023041474654376, ""slg"": 0.48641304347826086, ""iso"": 0.2418478260869565, ""ab"": 368}]","[{""id"": 665161, ""name"": ""Jeremy Pe\u00f1a"", ""bats"": ""R"", ""obp"": 0.3617021276595745, ""slg"": 0.4716981132075472, ""iso"": 0.169811320754717, ""ab"": 212}, {""id"": 670541, ""name"": ""Yordan Alvarez"", ""bats"": ""L"", ""obp"": 0.4327354260089686, ""slg"": 0.6559139784946236, ""iso"": 0.3279569892473118, ""ab"": 372}, {""id"": 670623, ""name"": ""Isaac Paredes"", ""bats"": ""R"", ""obp"": 0.35365853658536583, ""slg"": 0.4378531073446328, ""iso"": 0.1751412429378531, ""ab"": 354}]","[{""name"": ""away_top3c_slg"", ""value"": 0.532, ""contribution"": -0.4645}, {""name"": ""away_top3c_iso"", ""value"": 0.2345, ""contribution"": 0.3948}, {""name"": ""away_top3_ops_vs_oppHand"", ""value"": 0.9397, ""contribution"": 0.1757}, {""name"": ""home_p_last10_pitcher_nrfi"", ""value"": 1.0, ""contribution"": 0.1107}, {""name"": ""era_gap_t1"", ""value"": -0.8687, ""contribution"": -0.0934}]","[{""name"": ""home_top3c_iso"", ""value"": 0.2188, ""contribution"": 0.1879}, {""name"": ""home_top3c_slg"", ""value"": 0.4705, ""contribution"": -0.1872}, {""name"": ""fi_park_nrfi_rate"", ""value"": 0.473, ""contribution"": 0.1321}, {""name"": ""home_top3_ops_vs_oppHand"", ""value"": 0.872, ""contribution"": 0.1299}, {""name"": ""home_top3c_obp"", ""value"": 0.3633, ""contribution"": 0.0807}]",665298,0.5084,4.871,5.475,29.0,68.0,0.7272,0.7396,4.87,4.8,0.9397,0.872,R,R,YRFI,WIN,0,3,3,2026-07-25T00:02:03+00:00,+105,-135,DraftKings,2026-07-24T22:44:05+00:00,0.4878,0.5745,-0.099,0.0367,0.0367,Y,1,0.741,+105,-135,2026-07-24T22:38:39+00:00,0,0.3880,YRFI,STRONG,,,,,,,
2026-07-24,2026,824248,1,N,KC,DET,6:40 PM ET,Beck Way,Tarik Skubal,694360,669373,sm,live,live,live,0.98,0.2982,0.5496,0.8479,0.2055,0.4001,0.6056,0.5496,0.4504,0.2085,0.7915,,,NRFI,LEAN,LEAN NRFI,4,2026-07-24T21:36:24Z,3.832,2.627,1.353,0.917,4.48,2.71,3.34,1.31,1.36,1.01,8.68,10.86,0.317,0.313,0.4,0.401,4.273,4.275,25.6,10.1,42.0,0.0,0.6,0.5,0.6,0.5,0.3375,0.2969,0.4555,0.3967,0.1883,0.1694,lineup,lineup,"[{""id"": 690993, ""name"": ""Colt Keith"", ""bats"": ""L"", ""obp"": 0.2951388888888889, ""slg"": 0.3917910447761194, ""iso"": 0.14179104477611942, ""ab"": 268}, {""id"": 650402, ""name"": ""Gleyber Torres"", ""bats"": ""R"", ""obp"": 0.39408866995073893, ""slg"": 0.3869047619047619, ""iso"": 0.10714285714285715, ""ab"": 168}, {""id"": 693307, ""name"": ""Dillon Dingler"", ""bats"": ""R"", ""obp"": 0.3393316195372751, ""slg"": 0.5371428571428571, ""iso"": 0.26285714285714284, ""ab"": 350}]","[{""id"": 695600, ""name"": ""Carter Jensen"", ""bats"": ""L"", ""obp"": 0.30952380952380953, ""slg"": 0.4332344213649852, ""iso"": 0.19287833827893178, ""ab"": 337}, {""id"": 657041, ""name"": ""Lane Thomas"", ""bats"": ""R"", ""obp"": 0.33444816053511706, ""slg"": 0.40310077519379844, ""iso"": 0.16666666666666666, ""ab"": 258}, {""id"": 521692, ""name"": ""Salvador Perez"", ""bats"": ""R"", ""obp"": 0.25742574257425743, ""slg"": 0.35924932975871315, ""iso"": 0.15013404825737267, ""ab"": 373}]","[{""name"": ""away_top3c_slg"", ""value"": 0.3967, ""contribution"": 0.2207}, {""name"": ""home_xera"", ""value"": 2.2179, ""contribution"": -0.1944}, {""name"": ""home_fip"", ""value"": 2.71, ""contribution"": -0.1424}, {""name"": ""era_gap_t1"", ""value"": -1.2049, ""contribution"": -0.1298}, {""name"": ""fi_park_nrfi_rate"", ""value"": 0.5322, ""contribution"": -0.1188}]","[{""name"": ""fi_park_nrfi_rate"", ""value"": 0.5322, ""contribution"": -0.1826}, {""name"": ""home_top3c_slg"", ""value"": 0.4555, ""contribution"": -0.0937}, {""name"": ""era_gap_b1"", ""value"": 1.2049, ""contribution"": 0.0816}, {""name"": ""home_top3_ops_vs_oppHand"", ""value"": 0.8277, ""contribution"": 0.0768}, {""name"": ""away_p_last10_pitcher_nrfi"", ""value"": 0.5, ""contribution"": 0.0713}]",427113,0.5139,2.218,4.2,100.0,50.0,0.7309,0.7136,5.8,5.0,0.7773,0.8277,R,L,YRFI,LOSS,0,2,2,2026-07-24T22:57:40+00:00,-145,+110,DraftKings,2026-07-24T22:54:42+00:00,0.5918,0.4762,-0.0422,-0.0258,-0.0422,N,0.5,0,-145,+110,2026-07-24T21:40:01+00:00,0,0.6370,NRFI,STRONG,,,,,,,
2026-07-24,2026,823759,1,N,COL,MIL,4:10 PM ET,Tomoyuki Sugano,Shane Drohan,608372,675660,live,ltd,live,live,1.03,0.4502,0.6776,1.1277,0.2338,0.3935,0.6273,0.5479,0.4521,0.3111,0.6889,,,NRFI,LEAN,LEAN NRFI,4,2026-07-24T19:04:15Z,4.723,3.534,1.302,1.208,5.41,3.459,2.22,2.64,1.83,0.88,5.39,8.91,0.324,0.333,0.418,0.398,4.727,4.97,,,,1.0,1.0,0.4,0.9,0.5,0.3436,0.3568,0.4407,0.4755,0.1806,0.1916,lineup,lineup,"[{""id"": 592885, ""name"": ""Christian Yelich"", ""bats"": ""L"", ""obp"": 0.3311036789297659, ""slg"": 0.38783269961977185, ""iso"": 0.1444866920152091, ""ab"": 263}, {""id"": 694192, ""name"": ""Jackson Chourio"", ""bats"": ""R"", ""obp"": 0.3365695792880259, ""slg"": 0.475177304964539, ""iso"": 0.19858156028368795, ""ab"": 282}, {""id"": 668930, ""name"": ""Brice Turang"", ""bats"": ""L"", ""obp"": 0.35714285714285715, ""slg"": 0.45187165775401067, ""iso"": 0.1925133689839572, ""ab"": 374}]","[{""id"": 664983, ""name"": ""Jake McCarthy"", ""bats"": ""L"", ""obp"": 0.3484848484848485, ""slg"": 0.5114754098360655, ""iso"": 0.2065573770491803, ""ab"": 305}, {""id"": 691720, ""name"": ""Kyle Karros"", ""bats"": ""R"", ""obp"": 0.36151603498542273, ""slg"": 0.42662116040955633, ""iso"": 0.16723549488054612, ""ab"": 293}, {""id"": 694249, ""name"": ""Cole Carrigg"", ""bats"": ""S"", ""obp"": 0.36496350364963503, ""slg"": 0.5042735042735043, ""iso"": 0.21367521367521364, ""ab"": 117}]","[{""name"": ""fi_park_nrfi_rate"", ""value"": 0.5899, ""contribution"": -0.3182}, {""name"": ""away_top3c_slg"", ""value"": 0.4755, ""contribution"": -0.1786}, {""name"": ""era_gap_t1"", ""value"": -1.1887, ""contribution"": -0.1281}, {""name"": ""away_top3c_iso"", ""value"": 0.1916, ""contribution"": 0.0924}, {""name"": ""away_top3_ops_vs_oppHand"", ""value"": 0.8577, ""contribution"": 0.0922}]","[{""name"": ""fi_park_nrfi_rate"", ""value"": 0.5899, ""contribution"": -0.4892}, {""name"": ""away_whiff_pct_rank"", ""value"": 12.0, ""contribution"": 0.1635}, {""name"": ""away_fip"", ""value"": 5.4097, ""contribution"": 0.1519}, {""name"": ""home_obp"", ""value"": 0.3334, ""contribution"": 0.1375}, {""name"": ""era_gap_b1"", ""value"": 1.1887, ""contribution"": 0.0805}]",482663,0.5317,4.66,5.64,50.0,12.0,0.7136,0.7272,5.67,5.47,0.8577,0.7957,R,L,YRFI,LOSS,2,1,3,2026-07-24T20:34:28+00:00,-115,-110,DraftKings,2026-07-24T17:24:21+00:00,0.5349,0.5238,0.0074,-0.0661,,N,,0,-115,-110,2026-07-24T17:24:21+00:00,,0.4877,PASS,NO EDGE,,,,,,,
2026-07-24,2026,822872,1,N,SEA,TEX,8:05 PM ET,Bryce Miller,MacKenzie Gore,682243,669022,live,live,live,live,1.07,0.5135,0.4991,1.0126,0.3327,0.2321,0.5648,0.5564,0.4436,0.2689,0.7311,,,NRFI,LEAN,LEAN NRFI,4,2026-07-24T22:53:24Z,3.447,4.632,1.071,1.299,3.935,3.793,2.15,3.48,1.4,1.14,9.2,10.1,0.311,0.319,0.381,0.403,4.089,4.226,,,,1.0,0.8,0.8,0.7,0.9,0.3295,0.346,0.4719,0.4522,0.2084,0.1861,lineup,lineup,"[{""id"": 592626, ""name"": ""Joc Pederson"", ""bats"": ""L"", ""obp"": 0.33881578947368424, ""slg"": 0.48854961832061067, ""iso"": 0.24427480916030533, ""ab"": 262}, {""id"": 694671, ""name"": ""Wyatt Langford"", ""bats"": ""R"", ""obp"": 0.3287037037037037, ""slg"": 0.5099009900990099, ""iso"": 0.22772277227722776, ""ab"": 202}, {""id"": 677649, ""name"": ""Ezequiel Duran"", ""bats"": ""R"", ""obp"": 0.3218390804597701, ""slg"": 0.4339622641509434, ""iso"": 0.16666666666666669, ""ab"": 318}]","[{""id"": 668227, ""name"": ""Randy Arozarena"", ""bats"": ""R"", ""obp"": 0.3802469135802469, ""slg"": 0.4434782608695652, ""iso"": 0.16231884057971013, ""ab"": 345}, {""id"": 677594, ""name"": ""Julio Rodr\u00edguez"", ""bats"": ""R"", ""obp"": 0.3198992443324937, ""slg"": 0.4265927977839335, ""iso"": 0.16897506925207756, ""ab"": 361}, {""id"": 686527, ""name"": ""Dominic Canzone"", ""bats"": ""L"", ""obp"": 0.3333333333333333, ""slg"": 0.5020408163265306, ""iso"": 0.24489795918367352, ""ab"": 245}]","[{""name"": ""fi_park_nrfi_rate"", ""value"": 0.5398, ""contribution"": -0.1451}, {""name"": ""era_gap_t1"", ""value"": 1.1852, ""contribution"": 0.129}, {""name"": ""away_top3_ops_vs_oppHand"", ""value"": 0.8407, ""contribution"": 0.0748}, {""name"": ""away_top3c_slg"", ""value"": 0.4522, ""contribution"": -0.0602}, {""name"": ""away_top3c_iso"", ""value"": 0.1861, ""contribution"": 0.0537}]","[{""name"": ""fi_park_nrfi_rate"", ""value"": 0.5398, ""contribution"": -0.2231}, {""name"": ""home_top3c_slg"", ""value"": 0.4719, ""contribution"": -0.1955}, {""name"": ""home_top3c_iso"", ""value"": 0.2084, ""contribution"": 0.1389}, {""name"": ""era_gap_b1"", ""value"": -1.1852, ""contribution"": -0.081}, {""name"": ""wx_is_dome"", ""value"": 1.0, ""contribution"": -0.0758}]",427243,0.4707,4.532,4.2,75.0,50.0,0.7075,0.678,5.33,5.67,0.8407,0.8067,R,L,YRFI,LOSS,0,1,1,2026-07-25T00:26:01+00:00,-125,-105,DraftKings,2026-07-25T00:00:31+00:00,0.5556,0.5122,0.0008,-0.0686,0.0008,N,0.5,0,-125,-105,2026-07-24T22:54:42+00:00,0,0.6370,NRFI,STRONG,,,,,,,
2026-07-24,2026,823601,1,N,LAD,NYM,7:10 PM ET,Roki Sasaki,Sean Manaea,808963,640455,live,live,live,live,0.96,0.5351,0.5694,1.1045,0.3714,0.4301,0.8015,0.4384,0.5616,0.3026,0.6974,,,PASS,LOW LAMBDA,PASS - Low lambda,4,2026-07-24T23:05:05Z,4.751,4.796,1.331,1.32,5.089,4.145,3.6,2.76,1.77,1.44,8.67,9.47,0.338,0.306,0.428,0.386,5.106,4.123,25.3,10.8,40.0,0.0,0.4,0.8,0.5,0.7,0.3484,0.3694,0.4385,0.494,0.1697,0.2112,lineup,lineup,"[{""id"": 805999, ""name"": ""A.J. Ewing"", ""bats"": ""L"", ""obp"": 0.3453815261044177, ""slg"": 0.4260089686098655, ""iso"": 0.15246636771300448, ""ab"": 223}, {""id"": 593871, ""name"": ""Jorge Polanco"", ""bats"": ""S"", ""obp"": 0.21978021978021978, ""slg"": 0.24705882352941178, ""iso"": 0.0823529411764706, ""ab"": 85}, {""id"": 666182, ""name"": ""Bo Bichette"", ""bats"": ""R"", ""obp"": 0.30454545454545456, ""slg"": 0.37220843672456577, ""iso"": 0.11662531017369726, ""ab"": 403}]","[{""id"": 660271, ""name"": ""Shohei Ohtani"", ""bats"": ""L"", ""obp"": 0.39211136890951276, ""slg"": 0.525, ""iso"": 0.2416666666666667, ""ab"": 360}, {""id"": 681624, ""name"": ""Andy Pages"", ""bats"": ""R"", ""obp"": 0.3310502283105023, ""slg"": 0.45663265306122447, ""iso"": 0.19132653061224486, ""ab"": 392}, {""id"": 669242, ""name"": ""Tommy Edman"", ""bats"": ""S"", ""obp"": 0.4387755102040816, ""slg"": 0.5348837209302325, ""iso"": 0.17441860465116277, ""ab"": 86}]","[{""name"": ""away_top3c_slg"", ""value"": 0.494, ""contribution"": -0.2723}, {""name"": ""away_top3c_iso"", ""value"": 0.2112, ""contribution"": 0.2305}, {""name"": ""away_top3_ops_vs_oppHand"", ""value"": 0.9317, ""contribution"": 0.1676}, {""name"": ""home_p_last10_pitcher_nrfi"", ""value"": 0.5, ""contribution"": -0.0846}, {""name"": ""home_xera"", ""value"": 4.68, ""contribution"": 0.0579}]","[{""name"": ""away_fip"", ""value"": 5.0891, ""contribution"": 0.1177}, {""name"": ""home_top3_ops_vs_oppHand"", ""value"": 0.8177, ""contribution"": 0.0649}, {""name"": ""home_obp"", ""value"": 0.3055, ""contribution"": -0.0579}, {""name"": ""home_top3c_iso"", ""value"": 0.1697, ""contribution"": -0.0437}, {""name"": ""home_plate_ump_nrfi_rate"", ""value"": 0.538, ""contribution"": 0.0371}]",482631,0.538,4.68,5.909,24.0,53.0,0.6509,0.7136,5.07,4.87,0.9317,0.8177,R,L,NRFI,PASS,0,0,0,2026-07-24T23:24:09+00:00,-105,-125,DraftKings,2026-07-24T22:54:42+00:00,0.5122,0.5556,-0.0738,0.006,,N,,,-105,-125,2026-07-24T22:54:42+00:00,,0.4144,YRFI,STRONG,,,,,,,
2026-07-24,2026,823031,1,N,CIN,STL,8:15 PM ET,Rhett Lowder,Dustin May,695076,669160,ltd,live,live,live,0.97,0.4462,0.591,1.0371,0.3572,0.3914,0.7487,0.4772,0.5228,0.2779,0.7221,,,PASS,NO EDGE,PASS - No edge,4,2026-07-25T00:12:52Z,5.186,4.834,1.504,1.35,4.459,3.636,3.86,3.19,1.16,0.87,8.03,8.62,0.31,0.317,0.401,0.387,4.228,4.457,22.4,7.0,78.0,0.0,0.6,0.6,0.7,0.5,0.3498,0.3393,0.4641,0.4846,0.1861,0.23,lineup,lineup,"[{""id"": 802139, ""name"": ""JJ Wetherholt"", ""bats"": ""L"", ""obp"": 0.3522727272727273, ""slg"": 0.4031413612565445, ""iso"": 0.143979057591623, ""ab"": 382}, {""id"": 691023, ""name"": ""Jordan Walker"", ""bats"": ""R"", ""obp"": 0.352112676056338, ""slg"": 0.5194805194805194, ""iso"": 0.22857142857142854, ""ab"": 385}, {""id"": 676475, ""name"": ""Alec Burleson"", ""bats"": ""L"", ""obp"": 0.34498834498834496, ""slg"": 0.4690721649484536, ""iso"": 0.18556701030927836, ""ab"": 388}]","[{""id"": 682829, ""name"": ""Elly De La Cruz"", ""bats"": ""S"", ""obp"": 0.35149863760217986, ""slg"": 0.5030674846625767, ""iso"": 0.2269938650306748, ""ab"": 326}, {""id"": 701398, ""name"": ""Sal Stewart"", ""bats"": ""R"", ""obp"": 0.32727272727272727, ""slg"": 0.47150259067357514, ""iso"": 0.2227979274611399, ""ab"": 386}, {""id"": 668709, ""name"": ""JJ Bleday"", ""bats"": ""L"", ""obp"": 0.34201954397394135, ""slg"": 0.48091603053435117, ""iso"": 0.24427480916030536, ""ab"": 262}]","[{""name"": ""away_top3c_iso"", ""value"": 0.23, ""contribution"": 0.3627}, {""name"": ""away_top3c_slg"", ""value"": 0.4846, ""contribution"": -0.2245}, {""name"": ""fi_park_nrfi_rate"", ""value"": 0.527, ""contribution"": -0.1009}, {""name"": ""home_xera"", ""value"": 4.7959, ""contribution"": 0.0697}, {""name"": ""home_avg_ip_per_start"", ""value"": 3.2667, ""contribution"": 0.0616}]","[{""name"": ""fi_park_nrfi_rate"", ""value"": 0.527, ""contribution"": -0.1552}, {""name"": ""home_top3c_slg"", ""value"": 0.4641, ""contribution"": -0.1471}, {""name"": ""home_top3_ops_vs_oppHand"", ""value"": 0.856, ""contribution"": 0.1108}, {""name"": ""away_p_last10_pitcher_nrfi"", ""value"": 0.5, ""contribution"": 0.0713}, {""name"": ""home_plate_ump_nrfi_rate"", ""value"": 0.5511, ""contribution"": 0.0506}]",483912,0.5511,4.796,4.513,10.0,50.0,0.7136,0.7136,3.27,4.73,0.7947,0.856,R,R,NRFI,PASS,0,0,0,2026-07-25T00:24:59+00:00,-125,-105,DraftKings,2026-07-25T00:09:52+00:00,0.5556,0.5122,-0.0784,0.0106,,N,,,-125,-105,2026-07-25T00:09:52+00:00,,0.4521,PASS,NO EDGE,,,,,,,
2026-07-24,2026,823352,1,N,CHC,PIT,6:40 PM ET,Matthew Boyd,Jared Jones,571510,683003,live,ltd,live,live,0.96,0.4656,0.463,0.9286,0.3665,0.3543,0.7208,0.4772,0.5228,0.238,0.762,,,PASS,NO EDGE,PASS - No edge,4,2026-07-24T22:35:17Z,3.741,4.11,1.158,1.18,3.583,3.763,2.29,2.82,1.0,1.17,8.35,9.78,0.335,0.336,0.412,0.422,5.021,5.174,25.6,9.7,53.0,0.0,0.8,0.8,0.7778,0.8,0.3744,0.3702,0.4226,0.4665,0.1264,0.2011,lineup,lineup,"[{""id"": 663968, ""name"": ""Jake Mangum"", ""bats"": ""S"", ""obp"": 0.35294117647058826, ""slg"": 0.3745019920318725, ""iso"": 0.07171314741035856, ""ab"": 251}, {""id"": 693304, ""name"": ""Nick Gonzales"", ""bats"": ""R"", ""obp"": 0.37092731829573933, ""slg"": 0.41483516483516486, ""iso"": 0.10164835164835168, ""ab"": 364}, {""id"": 668804, ""name"": ""Bryan Reynolds"", ""bats"": ""S"", ""obp"": 0.390625, ""slg"": 0.4625668449197861, ""iso"": 0.18716577540106955, ""ab"": 374}]","[{""id"": 691718, ""name"": ""Pete Crow-Armstrong"", ""bats"": ""L"", ""obp"": 0.38288288288288286, ""slg"": 0.5171503957783641, ""iso"": 0.23482849604221634, ""ab"": 379}, {""id"": 673548, ""name"": ""Seiya Suzuki"", ""bats"": ""R"", ""obp"": 0.3584905660377358, ""slg"": 0.4782608695652174, ""iso"": 0.2080745341614907, ""ab"": 322}, {""id"": 683737, ""name"": ""Michael Busch"", ""bats"": ""L"", ""obp"": 0.3672566371681416, ""slg"": 0.40482573726541554, ""iso"": 0.16085790884718498, ""ab"": 373}]","[{""name"": ""away_top3c_iso"", ""value"": 0.2011, ""contribution"": 0.1594}, {""name"": ""away_top3c_slg"", ""value"": 0.4665, ""contribution"": -0.1327}, {""name"": ""fi_park_nrfi_rate"", ""value"": 0.5188, ""contribution"": -0.0724}, {""name"": ""away_top3_ops_vs_oppHand"", ""value"": 0.8253, ""contribution"": 0.0592}, {""name"": ""era_gap_t1"", ""value"": 0.3687, ""contribution"": 0.0405}]","[{""name"": ""home_top3c_iso"", ""value"": 0.1264, ""contribution"": -0.2484}, {""name"": ""home_obp"", ""value"": 0.3361, ""contribution"": 0.156}, {""name"": ""home_top3c_obp"", ""value"": 0.3744, ""contribution"": 0.1196}, {""name"": ""fi_park_nrfi_rate"", ""value"": 0.5188, ""contribution"": -0.1113}, {""name"": ""home_top3c_slg"", ""value"": 0.4226, ""contribution"": 0.1102}]",605673,0.4897,4.2,3.564,50.0,41.0,0.7396,0.6363,4.53,5.6,0.8253,0.7453,L,R,NRFI,PASS,0,0,0,2026-07-24T22:48:55+00:00,-140,+105,DraftKings,2026-07-24T22:54:42+00:00,0.5833,0.4878,-0.1061,0.035,,N,,,-140,+105,2026-07-24T22:38:39+00:00,,0.4765,PASS,NO EDGE,,,,,,,
2026-07-24,2026,823434,1,N,NYY,PHI,6:45 PM ET,Cam Schlittler,Jesús Luzardo,693645,666200,live,live,live,live,1.04,0.4025,0.3844,0.7869,0.4303,0.3718,0.8021,0.4384,0.5616,0.1865,0.8135,,,PASS,LOW LAMBDA,PASS - Low lambda,4,2026-07-24T22:35:17Z,2.503,3.556,1.028,1.213,3.018,2.865,2.23,2.87,0.93,0.78,10.39,11.03,0.315,0.305,0.418,0.403,4.679,4.369,26.6,6.6,44.0,0.0,1.0,0.6,1.0,0.8,0.3394,0.3326,0.4738,0.5254,0.2247,0.264,lineup,lineup,"[{""id"": 607208, ""name"": ""Trea Turner"", ""bats"": ""R"", ""obp"": 0.29411764705882354, ""slg"": 0.3902439024390244, ""iso"": 0.14634146341463417, ""ab"": 410}, {""id"": 656941, ""name"": ""Kyle Schwarber"", ""bats"": ""L"", ""obp"": 0.3621867881548975, ""slg"": 0.5471698113207547, ""iso"": 0.2991913746630728, ""ab"": 371}, {""id"": 547180, ""name"": ""Bryce Harper"", ""bats"": ""L"", ""obp"": 0.3625866050808314, ""slg"": 0.4931129476584022, ""iso"": 0.2369146005509642, ""ab"": 363}]","[{""id"": 502671, ""name"": ""Paul Goldschmidt"", ""bats"": ""R"", ""obp"": 0.3129496402877698, ""slg"": 0.47843137254901963, ""iso"": 0.22352941176470592, ""ab"": 255}, {""id"": 700250, ""name"": ""Ben Rice"", ""bats"": ""L"", ""obp"": 0.36626506024096384, ""slg"": 0.590027700831025, ""iso"": 0.31301939058171746, ""ab"": 361}, {""id"": 641857, ""name"": ""Ryan McMahon"", ""bats"": ""L"", ""obp"": 0.2727272727272727, ""slg"": 0.3794642857142857, ""iso"": 0.16517857142857142, ""ab"": 224}]","[{""name"": ""away_top3c_iso"", ""value"": 0.264, ""contribution"": 0.6021}, {""name"": ""away_top3c_slg"", ""value"": 0.5254, ""contribution"": -0.431}, {""name"": ""home_fip"", ""value"": 2.8653, ""contribution"": -0.125}, {""name"": ""era_gap_t1"", ""value"": 1.0536, ""contribution"": 0.1147}, {""name"": ""home_p_last10_pitcher_nrfi"", ""value"": 1.0, ""contribution"": 0.1107}]","[{""name"": ""home_top3c_iso"", ""value"": 0.2247, ""contribution"": 0.2154}, {""name"": ""home_top3c_slg"", ""value"": 0.4738, ""contribution"": -0.2074}, {""name"": ""fi_park_nrfi_rate"", ""value"": 0.473, ""contribution"": 0.1321}, {""name"": ""home_top3_ops_vs_oppHand"", ""value"": 0.865, ""contribution"": 0.1215}, {""name"": ""away_fip"", ""value"": 3.0177, ""contribution"": -0.1037}]",483630,0.522,3.2,3.568,90.0,56.0,0.7396,0.7136,5.93,5.6,0.8587,0.865,R,L,NRFI,PASS,0,0,0,2026-07-24T22:56:08+00:00,-130,+100,DraftKings,2026-07-24T22:54:42+00:00,0.5652,0.5,-0.1284,0.0632,,N,,,-130,+100,2026-07-24T22:44:05+00:00,,0.4658,PASS,NO EDGE,,,,,,,
2026-07-24,2026,823196,1,N,LAA,SF,10:15 PM ET,Grayson Rodriguez,Logan Webb,680570,657277,ltd,live,live,live,0.94,0.358,0.5475,0.9055,0.2589,0.4191,0.678,0.4949,0.5051,0.2295,0.7705,,,PASS,NO EDGE,PASS - No edge,4,2026-07-25T02:06:18Z,6.065,3.693,1.498,1.145,4.558,3.252,3.6,2.2,1.25,0.72,7.91,7.85,0.315,0.308,0.39,0.415,4.318,4.141,21.4,28.4,70.0,0.0,0.6,0.6,0.8,0.75,0.3432,0.3541,0.4547,0.4338,0.1635,0.1841,lineup,lineup,"[{""id"": 650333, ""name"": ""Luis Arraez"", ""bats"": ""L"", ""obp"": 0.3588516746411483, ""slg"": 0.4461942257217848, ""iso"": 0.12598425196850394, ""ab"": 381}, {""id"": 671218, ""name"": ""Heliot Ramos"", ""bats"": ""R"", ""obp"": 0.3038461538461538, ""slg"": 0.45528455284552843, ""iso"": 0.18699186991869915, ""ab"": 246}, {""id"": 805811, ""name"": ""Bryce Eldridge"", ""bats"": ""L"", ""obp"": 0.35802469135802467, ""slg"": 0.46919431279620855, ""iso"": 0.2037914691943128, ""ab"": 211}]","[{""id"": 687263, ""name"": ""Zach Neto"", ""bats"": ""R"", ""obp"": 0.32589285714285715, ""slg"": 0.44556962025316454, ""iso"": 0.20759493670886076, ""ab"": 395}, {""id"": 545361, ""name"": ""Mike Trout"", ""bats"": ""R"", ""obp"": 0.38786279683377306, ""slg"": 0.45874587458745875, ""iso"": 0.22442244224422442, ""ab"": 303}, {""id"": 694384, ""name"": ""Nolan Schanuel"", ""bats"": ""L"", ""obp"": 0.3536231884057971, ""slg"": 0.3941368078175896, ""iso"": 0.11400651465798045, ""ab"": 307}]","[{""name"": ""era_gap_t1"", ""value"": -2.3715, ""contribution"": -0.2562}, {""name"": ""home_fip"", ""value"": 3.2522, ""contribution"": -0.0816}, {""name"": ""wx_wind_kmh"", ""value"": 28.4, ""contribution"": 0.0753}, {""name"": ""home_xera"", ""value"": 3.4815, ""contribution"": -0.0649}, {""name"": ""away_top3c_iso"", ""value"": 0.1841, ""contribution"": 0.0394}]","[{""name"": ""wx_wind_kmh"", ""value"": 28.4, ""contribution"": 0.1779}, {""name"": ""era_gap_b1"", ""value"": 2.3715, ""contribution"": 0.161}, {""name"": ""home_top3c_slg"", ""value"": 0.4547, ""contribution"": -0.0886}, {""name"": ""home_top3c_iso"", ""value"": 0.1635, ""contribution"": -0.0733}, {""name"": ""home_plate_ump_nrfi_rate"", ""value"": 0.4415, ""contribution"": -0.0624}]",554242,0.4415,3.482,4.2,48.0,50.0,0.7272,0.7136,6.33,4.13,0.7887,0.7867,R,R,YRFI,PASS,1,2,3,2026-07-25T02:34:35+00:00,-120,-110,DraftKings,2026-07-25T02:06:05+00:00,0.5455,0.5238,-0.0506,-0.0187,,N,,,-120,-110,2026-07-25T02:06:05+00:00,,0.4601,PASS,NO EDGE,,,,,,,
2026-07-24,2026,823680,1,N,OAK,MIN,8:10 PM ET,Jacob Lopez,Zebby Matthews,682052,805673,live,live,live,live,0.97,0.5517,0.6893,1.2411,0.3162,0.3898,0.7061,0.4788,0.5212,0.3522,0.6478,,,PASS,NO EDGE,PASS - No edge,4,2026-07-25T00:06:06Z,5.616,5.286,1.544,1.366,5.129,4.795,4.66,2.74,1.56,1.7,8.68,8.23,0.323,0.319,0.408,0.41,4.491,4.752,26.0,21.1,58.0,0.0,0.6,1.0,0.5,0.9,0.3515,0.3346,0.4746,0.4693,0.2105,0.204,lineup,lineup,"[{""id"": 668885, ""name"": ""Austin Martin"", ""bats"": ""R"", ""obp"": 0.3506944444444444, ""slg"": 0.31275720164609055, ""iso"": 0.0740740740740741, ""ab"": 243}, {""id"": 621439, ""name"": ""Byron Buxton"", ""bats"": ""R"", ""obp"": 0.3314121037463977, ""slg"": 0.5678233438485805, ""iso"": 0.29337539432176657, ""ab"": 317}, {""id"": 680777, ""name"": ""Ryan Jeffers"", ""bats"": ""R"", ""obp"": 0.39204545454545453, ""slg"": 0.5405405405405406, ""iso"": 0.2567567567567568, ""ab"": 148}]","[{""id"": 805779, ""name"": ""Jacob Wilson"", ""bats"": ""R"", ""obp"": 0.32196969696969696, ""slg"": 0.42231075697211157, ""iso"": 0.13147410358565736, ""ab"": 251}, {""id"": 691016, ""name"": ""Tyler Soderstrom"", ""bats"": ""L"", ""obp"": 0.34584450402144773, ""slg"": 0.47368421052631576, ""iso"": 0.22600619195046437, ""ab"": 323}, {""id"": 669127, ""name"": ""Shea Langeliers"", ""bats"": ""R"", ""obp"": 0.3325242718446602, ""slg"": 0.49731182795698925, ""iso"": 0.2338709677419355, ""ab"": 372}]","[{""name"": ""away_top3c_iso"", ""value"": 0.204, ""contribution"": 0.1798}, {""name"": ""away_top3c_slg"", ""value"": 0.4693, ""contribution"": -0.1473}, {""name"": ""fi_park_nrfi_rate"", ""value"": 0.5348, ""contribution"": -0.1278}, {""name"": ""home_fip"", ""value"": 4.795, ""contribution"": 0.0916}, {""name"": ""home_p_last10_pitcher_nrfi"", ""value"": 0.5, ""contribution"": -0.0846}]","[{""name"": ""home_top3c_slg"", ""value"": 0.4746, ""contribution"": -0.2123}, {""name"": ""fi_park_nrfi_rate"", ""value"": 0.5348, ""contribution"": -0.1964}, {""name"": ""home_top3c_iso"", ""value"": 0.2105, ""contribution"": 0.1484}, {""name"": ""away_fip"", ""value"": 5.129, ""contribution"": 0.1219}, {""name"": ""wx_wind_kmh"", ""value"": 21.1, ""contribution"": 0.1011}]",489985,0.4845,4.2,3.53,50.0,71.0,0.7136,0.7272,5.33,3.33,0.7907,0.8283,L,R,NRFI,PASS,0,0,0,2026-07-25T00:25:20+00:00,+115,-150,DraftKings,2026-07-25T00:05:49+00:00,0.4651,0.6,0.0137,-0.0788,,N,,,+115,-150,2026-07-25T00:05:49+00:00,,0.5129,PASS,NO EDGE,,,,,,,
2026-07-24,2026,823843,1,N,SD,MIA,7:10 PM ET,Germán Márquez,Ryan Gusto,608566,687473,live,live,live,live,0.95,0.4806,0.7328,1.2134,0.339,0.6041,0.9431,0.405,0.595,0.3422,0.6578,,,YRFI,STRONG,STRONG YRFI,4,2026-07-24T22:05:50Z,5.934,5.108,1.621,1.41,6.043,4.169,3.98,3.08,1.96,1.22,6.02,8.39,0.308,0.325,0.386,0.406,4.182,4.445,,,,1.0,0.8,0.4,0.6,0.4,0.3369,0.3194,0.471,0.3946,0.1934,0.1548,lineup,lineup,"[{""id"": 672640, ""name"": ""Otto Lopez"", ""bats"": ""R"", ""obp"": 0.36682242990654207, ""slg"": 0.49873417721518987, ""iso"": 0.1670886075949367, ""ab"": 395}, {""id"": 669065, ""name"": ""Kyle Stowers"", ""bats"": ""L"", ""obp"": 0.31212121212121213, ""slg"": 0.4315068493150685, ""iso"": 0.20205479452054795, ""ab"": 292}, {""id"": 681715, ""name"": ""Heriberto Hern\u00e1ndez"", ""bats"": ""R"", ""obp"": 0.3188976377952756, ""slg"": 0.47368421052631576, ""iso"": 0.22807017543859648, ""ab"": 228}]","[{""id"": 665487, ""name"": ""Fernando Tatis Jr."", ""bats"": ""R"", ""obp"": 0.35267857142857145, ""slg"": 0.40601503759398494, ""iso"": 0.12030075187969924, ""ab"": 399}, {""id"": 630105, ""name"": ""Jake Cronenworth"", ""bats"": ""L"", ""obp"": 0.2956989247311828, ""slg"": 0.2909090909090909, ""iso"": 0.08484848484848484, ""ab"": 165}, {""id"": 592518, ""name"": ""Manny Machado"", ""bats"": ""R"", ""obp"": 0.29453681710213775, ""slg"": 0.42896174863387976, ""iso"": 0.2240437158469945, ""ab"": 366}]","[{""name"": ""away_top3c_slg"", ""value"": 0.3946, ""contribution"": 0.2312}, {""name"": ""away_top3c_iso"", ""value"": 0.1548, ""contribution"": -0.1666}, {""name"": ""fi_park_nrfi_rate"", ""value"": 0.455, ""contribution"": 0.1479}, {""name"": ""era_gap_t1"", ""value"": -0.8251, ""contribution"": -0.0887}, {""name"": ""away_top3_ops_vs_oppHand"", ""value"": 0.6937, ""contribution"": -0.075}]","[{""name"": ""fi_park_nrfi_rate"", ""value"": 0.455, ""contribution"": 0.2273}, {""name"": ""away_fip"", ""value"": 6.0431, ""contribution"": 0.2196}, {""name"": ""home_top3c_slg"", ""value"": 0.471, ""contribution"": -0.1904}, {""name"": ""away_whiff_pct_rank"", ""value"": 11.0, ""contribution"": 0.1678}, {""name"": ""away_p_last10_pitcher_nrfi"", ""value"": 0.4, ""contribution"": 0.1041}]",427013,0.504,4.2,5.612,50.0,11.0,0.7272,0.6942,3.87,4.6,0.6937,0.781,R,R,NRFI,LOSS,0,0,0,2026-07-24T23:27:13+00:00,-115,-115,DraftKings,2026-07-24T22:38:39+00:00,0.5349,0.5349,-0.1299,0.0601,0.0601,Y,1,-1,-115,-115,2026-07-24T22:06:20+00:00,0,0.4658,PASS,NO EDGE,,,,,,,
2026-07-24,2026,824812,1,N,ATL,BAL,7:05 PM ET,Grant Holmes,Trevor Rogers,656550,669432,live,live,live,live,1.06,0.4756,0.663,1.1386,0.3024,0.4136,0.716,0.4776,0.5224,0.3151,0.6849,,,PASS,NO EDGE,PASS - No edge,4,2026-07-24T22:53:24Z,3.79,3.617,1.339,1.192,4.781,3.683,4.06,2.83,1.4,0.82,8.22,7.59,0.317,0.321,0.417,0.399,4.919,4.572,25.8,8.7,36.0,0.0,1.0,0.8,0.9,0.8,0.3216,0.3403,0.4217,0.4818,0.184,0.2136,lineup,lineup,"[{""id"": 687637, ""name"": ""Dylan Beavers"", ""bats"": ""L"", ""obp"": 0.32926829268292684, ""slg"": 0.36551724137931035, ""iso"": 0.11724137931034484, ""ab"": 145}, {""id"": 624413, ""name"": ""Pete Alonso"", ""bats"": ""R"", ""obp"": 0.34598214285714285, ""slg"": 0.4609375, ""iso"": 0.21354166666666666, ""ab"": 384}, {""id"": 683002, ""name"": ""Gunnar Henderson"", ""bats"": ""L"", ""obp"": 0.2955032119914347, ""slg"": 0.4052132701421801, ""iso"": 0.18009478672985785, ""ab"": 422}]","[{""id"": 686948, ""name"": ""Drake Baldwin"", ""bats"": ""L"", ""obp"": 0.3664772727272727, ""slg"": 0.4803921568627451, ""iso"": 0.20588235294117646, ""ab"": 306}, {""id"": 645277, ""name"": ""Ozzie Albies"", ""bats"": ""S"", ""obp"": 0.3160270880361174, ""slg"": 0.43828715365239296, ""iso"": 0.17380352644836272, ""ab"": 397}, {""id"": 621566, ""name"": ""Matt Olson"", ""bats"": ""L"", ""obp"": 0.34375, ""slg"": 0.5264483627204031, ""iso"": 0.25944584382871544, ""ab"": 397}]","[{""name"": ""away_top3c_iso"", ""value"": 0.2136, ""contribution"": 0.2475}, {""name"": ""away_top3c_slg"", ""value"": 0.4818, ""contribution"": -0.2104}, {""name"": ""home_xera"", ""value"": 3.2577, ""contribution"": -0.0879}, {""name"": ""fi_park_nrfi_rate"", ""value"": 0.519, ""contribution"": -0.0733}, {""name"": ""home_p_last10_pitcher_nrfi"", ""value"": 0.9, ""contribution"": 0.0716}]","[{""name"": ""home_top3c_slg"", ""value"": 0.4217, ""contribution"": 0.1164}, {""name"": ""fi_park_nrfi_rate"", ""value"": 0.519, ""contribution"": -0.1127}, {""name"": ""away_fip"", ""value"": 4.7811, ""contribution"": 0.0848}, {""name"": ""home_top3c_obp"", ""value"": 0.3216, ""contribution"": -0.0656}, {""name"": ""home_obp"", ""value"": 0.3212, ""contribution"": 0.0521}]",428442,0.5176,3.258,4.794,47.0,50.0,0.678,0.7272,6.13,4.33,0.797,0.7617,R,L,NRFI,PASS,0,0,0,2026-07-24T23:21:35+00:00,-110,-115,DraftKings,2026-07-24T22:54:42+00:00,0.5238,0.5349,-0.0462,-0.0125,,N,,,-110,-115,2026-07-24T22:54:42+00:00,,0.4877,PASS,NO EDGE,,,,,,,
2026-07-25,2026,822948,1,N,CLE,TB,6:10 PM ET,Tanner Bibee,Nick Martinez,676440,607259,live,live,live,live,0.93,0.3697,0.5338,0.9035,0.3606,0.6223,0.9829,0.378,0.622,0.2288,0.7712,,,YRFI,STRONG,STRONG YRFI,4,2026-07-25T21:02:18Z,3.956,3.082,1.17,1.144,4.629,4.041,2.65,1.8,1.47,0.97,7.22,5.37,0.312,0.332,0.379,0.405,4.062,4.555,,,,1.0,0.8,0.8,0.8,0.6,0.3781,0.3442,0.4844,0.3704,0.1936,0.1284,lineup,lineup,"[{""id"": 650490, ""name"": ""Yandy D\u00edaz"", ""bats"": ""R"", ""obp"": 0.37986270022883295, ""slg"": 0.4623376623376623, ""iso"": 0.15844155844155844, ""ab"": 385}, {""id"": 666018, ""name"": ""Jonathan Aranda"", ""bats"": ""L"", ""obp"": 0.3783783783783784, ""slg"": 0.44, ""iso"": 0.15733333333333333, ""ab"": 375}, {""id"": 691406, ""name"": ""Junior Caminero"", ""bats"": ""R"", ""obp"": 0.37610619469026546, ""slg"": 0.548469387755102, ""iso"": 0.2627551020408163, ""ab"": 392}]","[{""id"": 680757, ""name"": ""Steven Kwan"", ""bats"": ""L"", ""obp"": 0.35356200527704484, ""slg"": 0.3065015479876161, ""iso"": 0.05882352941176469, ""ab"": 323}, {""id"": 608070, ""name"": ""Jos\u00e9 Ram\u00edrez"", ""bats"": ""S"", ""obp"": 0.34055727554179566, ""slg"": 0.41304347826086957, ""iso"": 0.17391304347826086, ""ab"": 276}, {""id"": 683953, ""name"": ""Travis Bazzana"", ""bats"": ""L"", ""obp"": 0.33647798742138363, ""slg"": 0.40293040293040294, ""iso"": 0.16483516483516486, ""ab"": 273}]","[{""name"": ""away_top3c_slg"", ""value"": 0.3704, ""contribution"": 0.3538}, {""name"": ""away_top3c_iso"", ""value"": 0.1284, ""contribution"": -0.3525}, {""name"": ""fi_park_nrfi_rate"", ""value"": 0.4376, ""contribution"": 0.2081}, {""name"": ""era_gap_t1"", ""value"": -0.8732, ""contribution"": -0.0939}, {""name"": ""home_p_last10_pitcher_nrfi"", ""value"": 0.8, ""contribution"": 0.0326}]","[{""name"": ""fi_park_nrfi_rate"", ""value"": 0.4376, ""contribution"": 0.3199}, {""name"": ""home_top3c_slg"", ""value"": 0.4844, ""contribution"": -0.2732}, {""name"": ""home_top3c_obp"", ""value"": 0.3781, ""contribution"": 0.1326}, {""name"": ""home_top3_ops_vs_oppHand"", ""value"": 0.872, ""contribution"": 0.1299}, {""name"": ""home_obp"", ""value"": 0.3317, ""contribution"": 0.1254}]",429805,0.5769,4.133,3.633,18.0,47.0,0.7272,0.7709,5.67,5.93,0.738,0.872,R,R,NRFI,LOSS,0,0,0,2026-07-25T22:26:33+00:00,-115,-110,DraftKings,2026-07-25T21:39:39+00:00,0.5349,0.5238,-0.1569,0.0982,0.0982,Y,1,-1,-115,-115,2026-07-25T21:02:01+00:00,-0.0111,0.4591,PASS,NO EDGE,,,,,,,
2026-07-25,2026,822704,1,N,ARI,WSH,4:05 PM ET,Mitch Bratt,Foster Griffin,683352,656492,sm,live,live,live,0.97,0.4388,0.6419,1.0806,0.3599,0.5759,0.9358,0.4064,0.5936,0.2939,0.7061,,,YRFI,STRONG,STRONG YRFI,4,2026-07-25T19:04:11Z,4.351,3.059,1.366,1.089,4.836,3.979,3.41,2.29,1.5,1.28,8.23,8.59,0.313,0.326,0.396,0.438,4.508,5.349,27.1,11.7,41.0,0.0,1.0,0.6667,1.0,0.6667,0.3744,0.3616,0.5227,0.4303,0.2627,0.1687,lineup,lineup,"[{""id"": 695578, ""name"": ""James Wood"", ""bats"": ""L"", ""obp"": 0.39549180327868855, ""slg"": 0.5475, ""iso"": 0.27749999999999997, ""ab"": 400}, {""id"": 678554, ""name"": ""Curtis Mead"", ""bats"": ""R"", ""obp"": 0.35093167701863354, ""slg"": 0.505338078291815, ""iso"": 0.24911032028469754, ""ab"": 281}, {""id"": 671277, ""name"": ""Luis Garc\u00eda Jr."", ""bats"": ""L"", ""obp"": 0.30994152046783624, ""slg"": 0.5446153846153846, ""iso"": 0.2676923076923077, ""ab"": 325}]","[{""id"": 682998, ""name"": ""Corbin Carroll"", ""bats"": ""L"", ""obp"": 0.34418604651162793, ""slg"": 0.4906166219839142, ""iso"": 0.2386058981233244, ""ab"": 373}, {""id"": 672695, ""name"": ""Geraldo Perdomo"", ""bats"": ""S"", ""obp"": 0.3552941176470588, ""slg"": 0.3504273504273504, ""iso"": 0.11680911680911679, ""ab"": 351}, {""id"": 672515, ""name"": ""Gabriel Moreno"", ""bats"": ""R"", ""obp"": 0.3942307692307692, ""slg"": 0.45112781954887216, ""iso"": 0.13909774436090222, ""ab"": 266}]","[{""name"": ""era_gap_t1"", ""value"": -1.2915, ""contribution"": -0.1392}, {""name"": ""home_p_last10_pitcher_nrfi"", ""value"": 1.0, ""contribution"": 0.1107}, {""name"": ""fi_park_nrfi_rate"", ""value"": 0.4761, ""contribution"": 0.0751}, {""name"": ""away_top3c_iso"", ""value"": 0.1687, ""contribution"": -0.069}, {""name"": ""away_top3_ops_vs_oppHand"", ""value"": 0.8257, ""contribution"": 0.0595}]","[{""name"": ""home_top3c_slg"", ""value"": 0.5227, ""contribution"": -0.5111}, {""name"": ""home_top3c_iso"", ""value"": 0.2627, ""contribution"": 0.3949}, {""name"": ""home_top3c_obp"", ""value"": 0.3744, ""contribution"": 0.1198}, {""name"": ""fi_park_nrfi_rate"", ""value"": 0.4761, ""contribution"": 0.1154}, {""name"": ""away_fip"", ""value"": 4.8356, ""contribution"": 0.0906}]",521889,0.4806,4.362,4.2,59.0,50.0,0.7136,0.7136,6.67,3.56,0.8257,0.8307,L,L,NRFI,LOSS,0,0,0,2026-07-25T20:18:38+00:00,+100,-125,DraftKings,2026-07-25T16:01:14+00:00,0.5,0.5556,-0.0936,0.038,0.038,Y,1,-1,+100,-125,2026-07-25T16:01:14+00:00,0,0.4521,PASS,NO EDGE,,,,,,,
2026-07-25,2026,823841,1,N,SD,MIA,4:10 PM ET,Randy Vásquez,Eury Pérez,681190,691587,live,live,live,live,0.95,0.4371,0.5848,1.0219,0.2966,0.5525,0.8491,0.4064,0.5936,0.2723,0.7277,,,YRFI,STRONG,STRONG YRFI,4,2026-07-25T19:04:11Z,4.443,3.744,1.457,1.105,4.798,3.945,3.02,3.46,1.33,1.24,6.11,10.09,0.308,0.325,0.385,0.407,4.181,4.424,,,,1.0,0.8,0.4,0.6,0.4,0.3362,0.3206,0.4726,0.3921,0.1948,0.153,lineup,lineup,"[{""id"": 672640, ""name"": ""Otto Lopez"", ""bats"": ""R"", ""obp"": 0.3648960739030023, ""slg"": 0.495, ""iso"": 0.16499999999999998, ""ab"": 400}, {""id"": 669065, ""name"": ""Kyle Stowers"", ""bats"": ""L"", ""obp"": 0.31044776119402984, ""slg"": 0.4276094276094276, ""iso"": 0.19865319865319864, ""ab"": 297}, {""id"": 681715, ""name"": ""Heriberto Hern\u00e1ndez"", ""bats"": ""R"", ""obp"": 0.32170542635658916, ""slg"": 0.49137931034482757, ""iso"": 0.24137931034482757, ""ab"": 232}]","[{""id"": 665487, ""name"": ""Fernando Tatis Jr."", ""bats"": ""R"", ""obp"": 0.3509933774834437, ""slg"": 0.40198511166253104, ""iso"": 0.11910669975186106, ""ab"": 403}, {""id"": 630105, ""name"": ""Jake Cronenworth"", ""bats"": ""L"", ""obp"": 0.3036649214659686, ""slg"": 0.2874251497005988, ""iso"": 0.08383233532934131, ""ab"": 167}, {""id"": 592518, ""name"": ""Manny Machado"", ""bats"": ""R"", ""obp"": 0.29577464788732394, ""slg"": 0.42857142857142855, ""iso"": 0.22102425876010778, ""ab"": 371}]","[{""name"": ""away_top3c_slg"", ""value"": 0.3921, ""contribution"": 0.2438}, {""name"": ""away_top3c_iso"", ""value"": 0.153, ""contribution"": -0.1793}, {""name"": ""fi_park_nrfi_rate"", ""value"": 0.455, ""contribution"": 0.1479}, {""name"": ""era_gap_t1"", ""value"": -0.6988, ""contribution"": -0.075}, {""name"": ""away_top3_ops_vs_oppHand"", ""value"": 0.6937, ""contribution"": -0.075}]","[{""name"": ""fi_park_nrfi_rate"", ""value"": 0.455, ""contribution"": 0.2273}, {""name"": ""home_top3c_slg"", ""value"": 0.4726, ""contribution"": -0.1998}, {""name"": ""away_whiff_pct_rank"", ""value"": 7.0, ""contribution"": 0.1851}, {""name"": ""away_p_last10_pitcher_nrfi"", ""value"": 0.4, ""contribution"": 0.1041}, {""name"": ""away_fip"", ""value"": 4.7981, ""contribution"": 0.0866}]",596809,0.5038,3.511,5.245,68.0,7.0,0.7272,0.6942,5.8,4.07,0.6937,0.7797,R,R,NRFI,LOSS,0,0,0,2026-07-25T20:27:36+00:00,-125,-105,DraftKings,2026-07-25T16:01:14+00:00,0.5556,0.5122,-0.1721,0.1043,0.1043,Y,1,-1,-125,-105,2026-07-25T16:01:14+00:00,0,0.4877,PASS,NO EDGE,,,,,,,
2026-07-25,2026,822869,1,N,SEA,TEX,7:15 PM ET,Bryan Woo,Nathan Eovaldi,693433,543135,live,live,live,live,1.07,0.4674,0.4275,0.8949,0.2379,0.2417,0.4796,0.6435,0.3565,0.2257,0.7743,,,NRFI,LEAN,LEAN NRFI,4,2026-07-25T22:05:29Z,3.835,3.57,1.047,1.117,3.328,3.913,1.78,2.0,1.05,1.46,9.09,9.38,0.311,0.319,0.38,0.404,4.088,4.233,,,,1.0,0.8,1.0,0.7,1.0,0.3284,0.3202,0.4723,0.4354,0.2091,0.1788,lineup,lineup,"[{""id"": 592626, ""name"": ""Joc Pederson"", ""bats"": ""L"", ""obp"": 0.33766233766233766, ""slg"": 0.4849624060150376, ""iso"": 0.2406015037593985, ""ab"": 266}, {""id"": 695508, ""name"": ""Cam Cauley"", ""bats"": ""R"", ""obp"": 0.35, ""slg"": 0.45714285714285713, ""iso"": 0.2, ""ab"": 35}, {""id"": 677649, ""name"": ""Ezequiel Duran"", ""bats"": ""R"", ""obp"": 0.3210227272727273, ""slg"": 0.43167701863354035, ""iso"": 0.16459627329192544, ""ab"": 322}]","[{""id"": 702284, ""name"": ""Cole Young"", ""bats"": ""L"", ""obp"": 0.31386861313868614, ""slg"": 0.4026666666666667, ""iso"": 0.14666666666666667, ""ab"": 375}, {""id"": 677594, ""name"": ""Julio Rodr\u00edguez"", ""bats"": ""R"", ""obp"": 0.31840796019900497, ""slg"": 0.42349726775956287, ""iso"": 0.16666666666666669, ""ab"": 366}, {""id"": 686527, ""name"": ""Dominic Canzone"", ""bats"": ""L"", ""obp"": 0.33214285714285713, ""slg"": 0.5020080321285141, ""iso"": 0.2449799196787149, ""ab"": 249}]","[{""name"": ""fi_park_nrfi_rate"", ""value"": 0.5398, ""contribution"": -0.1451}, {""name"": ""home_xera"", ""value"": 3.2112, ""contribution"": -0.0926}, {""name"": ""era_gap_t1"", ""value"": -0.2645, ""contribution"": -0.028}, {""name"": ""home_pvt_nrfi_rate"", ""value"": 0.6301, ""contribution"": -0.0268}, {""name"": ""away_top3c_slg"", ""value"": 0.4354, ""contribution"": 0.0249}]","[{""name"": ""fi_park_nrfi_rate"", ""value"": 0.5398, ""contribution"": -0.2231}, {""name"": ""home_top3c_slg"", ""value"": 0.4723, ""contribution"": -0.1981}, {""name"": ""home_top3c_iso"", ""value"": 0.2091, ""contribution"": 0.1419}, {""name"": ""away_p_last10_pitcher_nrfi"", ""value"": 1.0, ""contribution"": -0.0929}, {""name"": ""wx_is_dome"", ""value"": 1.0, ""contribution"": -0.0758}]",503586,0.4946,3.211,2.986,84.0,50.0,0.6301,0.7138,5.6,5.67,0.761,0.8067,R,R,YRFI,LOSS,0,3,3,2026-07-25T23:34:57+00:00,-140,+105,DraftKings,2026-07-25T23:36:10+00:00,0.5833,0.4878,0.0602,-0.1313,0.0602,N,0.5,0,-135,+100,2026-07-25T21:45:02+00:00,0.0089,0.6536,NRFI,STRONG,,,,,,,
2026-07-25,2026,823758,1,N,COL,MIL,7:10 PM ET,Ryan Feltner,Robert Gasser,663372,688107,ltd,ltd,live,live,1.03,0.5649,0.704,1.2689,0.2436,0.3069,0.5504,0.5658,0.4342,0.3621,0.6379,,,NRFI,LEAN,LEAN NRFI,4,2026-07-25T22:05:29Z,5.037,4.585,1.38,1.232,5.196,4.62,3.57,2.67,1.66,1.62,7.48,8.58,0.324,0.333,0.418,0.398,4.729,4.945,,,,1.0,0.6,0.6,0.6,0.7,0.3441,0.356,0.4464,0.478,0.1845,0.1937,lineup,lineup,"[{""id"": 592885, ""name"": ""Christian Yelich"", ""bats"": ""L"", ""obp"": 0.32894736842105265, ""slg"": 0.39552238805970147, ""iso"": 0.15298507462686564, ""ab"": 268}, {""id"": 694192, ""name"": ""Jackson Chourio"", ""bats"": ""R"", ""obp"": 0.3354632587859425, ""slg"": 0.47202797202797203, ""iso"": 0.19580419580419584, ""ab"": 286}, {""id"": 668930, ""name"": ""Brice Turang"", ""bats"": ""L"", ""obp"": 0.3607305936073059, ""slg"": 0.46296296296296297, ""iso"": 0.19841269841269843, ""ab"": 378}]","[{""id"": 664983, ""name"": ""Jake McCarthy"", ""bats"": ""L"", ""obp"": 0.34626865671641793, ""slg"": 0.5129032258064516, ""iso"": 0.20967741935483875, ""ab"": 310}, {""id"": 691720, ""name"": ""Kyle Karros"", ""bats"": ""R"", ""obp"": 0.3631123919308357, ""slg"": 0.43097643097643096, ""iso"": 0.1683501683501683, ""ab"": 297}, {""id"": 694249, ""name"": ""Cole Carrigg"", ""bats"": ""S"", ""obp"": 0.3617021276595745, ""slg"": 0.5041322314049587, ""iso"": 0.21487603305785125, ""ab"": 121}]","[{""name"": ""fi_park_nrfi_rate"", ""value"": 0.5899, ""contribution"": -0.3182}, {""name"": ""away_top3c_slg"", ""value"": 0.478, ""contribution"": -0.1912}, {""name"": ""away_top3_ops_vs_oppHand"", ""value"": 0.873, ""contribution"": 0.1078}, {""name"": ""away_top3c_iso"", ""value"": 0.1937, ""contribution"": 0.107}, {""name"": ""home_fip"", ""value"": 4.6197, ""contribution"": 0.072}]","[{""name"": ""fi_park_nrfi_rate"", ""value"": 0.5899, ""contribution"": -0.4892}, {""name"": ""home_obp"", ""value"": 0.3326, ""contribution"": 0.1315}, {""name"": ""away_fip"", ""value"": 5.1961, ""contribution"": 0.1291}, {""name"": ""wx_is_dome"", ""value"": 1.0, ""contribution"": -0.0758}, {""name"": ""home_top3_ops_vs_oppHand"", ""value"": 0.803, ""contribution"": 0.0473}]",598411,0.5467,4.2,4.743,50.0,55.0,0.7136,0.7613,5.47,4.93,0.873,0.803,R,L,NRFI,WIN,0,0,0,2026-07-25T23:21:52+00:00,-105,-125,DraftKings,2026-07-25T23:36:10+00:00,0.5122,0.5556,0.0536,-0.1214,0.0536,N,0.5,0,-105,-125,2026-07-25T21:45:02+00:00,0,0.6370,NRFI,STRONG,,,,,,,
2026-07-25,2026,823197,1,N,LAA,SF,4:05 PM ET,Ryan Johnson,Robbie Ray,696270,592662,ltd,live,live,live,0.94,0.5193,0.5914,1.1107,0.3274,0.4697,0.797,0.4384,0.5616,0.3049,0.6951,,,PASS,LOW LAMBDA,PASS - Low lambda,4,2026-07-25T19:04:11Z,5.112,3.415,1.343,1.283,5.222,4.523,3.34,4.2,1.77,1.19,7.94,8.2,0.315,0.308,0.39,0.415,4.332,4.165,21.3,30.2,57.0,0.0,0.8,0.8,0.7,0.5714,0.3441,0.347,0.4536,0.44,0.1622,0.1998,lineup,lineup,"[{""id"": 683679, ""name"": ""Jesus Rodriguez"", ""bats"": ""R"", ""obp"": 0.30612244897959184, ""slg"": 0.4222222222222222, ""iso"": 0.17777777777777778, ""ab"": 45}, {""id"": 671218, ""name"": ""Heliot Ramos"", ""bats"": ""R"", ""obp"": 0.2981132075471698, ""slg"": 0.44621513944223107, ""iso"": 0.18326693227091634, ""ab"": 251}, {""id"": 701852, ""name"": ""Drew Cavanaugh"", ""bats"": ""L"", ""obp"": 0.34782608695652173, ""slg"": 0.23076923076923078, ""iso"": 0.0, ""ab"": 39}]","[{""id"": 672724, ""name"": ""Oswald Peraza"", ""bats"": ""R"", ""obp"": 0.2837370242214533, ""slg"": 0.3726937269372694, ""iso"": 0.13284132841328414, ""ab"": 271}, {""id"": 666139, ""name"": ""Josh Lowe"", ""bats"": ""L"", ""obp"": 0.25380710659898476, ""slg"": 0.358695652173913, ""iso"": 0.15217391304347824, ""ab"": 184}, {""id"": 687093, ""name"": ""Vaughn Grissom"", ""bats"": ""R"", ""obp"": 0.31932773109243695, ""slg"": 0.4009433962264151, ""iso"": 0.14622641509433965, ""ab"": 212}]","[{""name"": ""era_gap_t1"", ""value"": -1.6963, ""contribution"": -0.183}, {""name"": ""away_top3c_iso"", ""value"": 0.1998, ""contribution"": 0.15}, {""name"": ""wx_wind_kmh"", ""value"": 30.2, ""contribution"": 0.0833}, {""name"": ""home_fip"", ""value"": 4.523, ""contribution"": 0.0611}, {""name"": ""home_xera"", ""value"": 3.719, ""contribution"": -0.0406}]","[{""name"": ""wx_wind_kmh"", ""value"": 30.2, ""contribution"": 0.1969}, {""name"": ""away_fip"", ""value"": 5.2223, ""contribution"": 0.1319}, {""name"": ""era_gap_b1"", ""value"": 1.6963, ""contribution"": 0.115}, {""name"": ""home_top3c_slg"", ""value"": 0.4536, ""contribution"": -0.0819}, {""name"": ""home_top3c_iso"", ""value"": 0.1622, ""contribution"": -0.0795}]",544728,0.4859,3.719,4.2,64.0,50.0,0.6363,0.7136,6.2,5.0,0.8043,0.7893,R,L,NRFI,PASS,0,0,0,2026-07-25T20:18:17+00:00,+100,-130,DraftKings,2026-07-25T16:01:14+00:00,0.5,0.5652,-0.0677,0.0025,,N,,,+100,-130,2026-07-25T16:01:14+00:00,,0.4658,PASS,NO EDGE,,,,,,,
2026-07-25,2026,824571,1,N,HOU,CWS,7:10 PM ET,Hunter Brown,Sean Burke,686613,680732,live,live,live,live,0.98,0.4777,0.5638,1.0415,0.3933,0.5069,0.9002,0.4064,0.5936,0.2795,0.7205,,,YRFI,STRONG,STRONG YRFI,4,2026-07-25T22:05:29Z,3.24,3.468,1.24,1.212,3.963,3.869,4.54,3.12,0.98,1.18,9.85,9.45,0.316,0.318,0.413,0.408,4.579,4.748,24.6,12.2,75.0,0.0,0.8,0.6,0.6,0.7,0.3648,0.3884,0.4703,0.5289,0.2184,0.2313,lineup,lineup,"[{""id"": 545341, ""name"": ""Randal Grichuk"", ""bats"": ""R"", ""obp"": 0.27741935483870966, ""slg"": 0.5102040816326531, ""iso"": 0.2653061224489796, ""ab"": 147}, {""id"": 808959, ""name"": ""Munetaka Murakami"", ""bats"": ""L"", ""obp"": 0.3758620689655172, ""slg"": 0.5213675213675214, ""iso"": 0.2905982905982906, ""ab"": 234}, {""id"": 678246, ""name"": ""Miguel Vargas"", ""bats"": ""R"", ""obp"": 0.35079726651480636, ""slg"": 0.48247978436657685, ""iso"": 0.23989218328840972, ""ab"": 371}]","[{""id"": 665161, ""name"": ""Jeremy Pe\u00f1a"", ""bats"": ""R"", ""obp"": 0.3651452282157676, ""slg"": 0.4724770642201835, ""iso"": 0.1651376146788991, ""ab"": 218}, {""id"": 670541, ""name"": ""Yordan Alvarez"", ""bats"": ""L"", ""obp"": 0.43237250554323725, ""slg"": 0.651595744680851, ""iso"": 0.3244680851063829, ""ab"": 376}, {""id"": 670623, ""name"": ""Isaac Paredes"", ""bats"": ""R"", ""obp"": 0.3542168674698795, ""slg"": 0.4341736694677871, ""iso"": 0.17366946778711484, ""ab"": 357}]","[{""name"": ""away_top3c_slg"", ""value"": 0.5289, ""contribution"": -0.449}, {""name"": ""away_top3c_iso"", ""value"": 0.2313, ""contribution"": 0.3722}, {""name"": ""away_top3_ops_vs_oppHand"", ""value"": 0.9363, ""contribution"": 0.1723}, {""name"": ""fi_park_nrfi_rate"", ""value"": 0.473, ""contribution"": 0.0859}, {""name"": ""home_xera"", ""value"": 4.6445, ""contribution"": 0.0542}]","[{""name"": ""home_top3c_slg"", ""value"": 0.4703, ""contribution"": -0.1859}, {""name"": ""home_top3c_iso"", ""value"": 0.2184, ""contribution"": 0.1858}, {""name"": ""fi_park_nrfi_rate"", ""value"": 0.473, ""contribution"": 0.1321}, {""name"": ""home_top3_ops_vs_oppHand"", ""value"": 0.8697, ""contribution"": 0.1271}, {""name"": ""home_top3c_obp"", ""value"": 0.3648, ""contribution"": 0.0858}]",575629,0.4774,4.644,1.82,35.0,55.0,0.7136,0.664,6.27,4.73,0.9363,0.8697,R,R,NRFI,LOSS,0,0,0,2026-07-25T23:22:56+00:00,-110,-115,DraftKings,2026-07-25T22:48:33+00:00,0.5238,0.5349,-0.1174,0.0587,0.0587,Y,1,-1,-110,-115,2026-07-25T21:45:02+00:00,0,0.4658,PASS,NO EDGE,,,,,,,
2026-07-25,2026,823600,1,N,LAD,NYM,7:15 PM ET,Yoshinobu Yamamoto,Nolan McLean,808967,690997,live,live,live,live,0.96,0.4409,0.3603,0.8012,0.31,0.2837,0.5936,0.5514,0.4486,0.1916,0.8084,,,NRFI,LEAN,LEAN NRFI,4,2026-07-25T22:05:29Z,2.707,3.336,0.908,1.111,3.281,3.236,2.18,3.18,0.92,0.86,9.01,10.42,0.338,0.305,0.43,0.386,5.097,4.105,24.3,14.7,42.0,0.0,0.6,1.0,0.8,0.8,0.3141,0.3675,0.387,0.4904,0.1351,0.2088,lineup,lineup,"[{""id"": 805999, ""name"": ""A.J. Ewing"", ""bats"": ""L"", ""obp"": 0.33992094861660077, ""slg"": 0.4185022026431718, ""iso"": 0.14977973568281938, ""ab"": 227}, {""id"": 596019, ""name"": ""Francisco Lindor"", ""bats"": ""S"", ""obp"": 0.30845771144278605, ""slg"": 0.3888888888888889, ""iso"": 0.16111111111111112, ""ab"": 180}, {""id"": 666182, ""name"": ""Bo Bichette"", ""bats"": ""R"", ""obp"": 0.30180180180180183, ""slg"": 0.36855036855036855, ""iso"": 0.11547911547911549, ""ab"": 407}]","[{""id"": 660271, ""name"": ""Shohei Ohtani"", ""bats"": ""L"", ""obp"": 0.3922018348623853, ""slg"": 0.5274725274725275, ""iso"": 0.2417582417582418, ""ab"": 364}, {""id"": 681624, ""name"": ""Andy Pages"", ""bats"": ""R"", ""obp"": 0.3340857787810384, ""slg"": 0.4607594936708861, ""iso"": 0.19493670886075953, ""ab"": 395}, {""id"": 518692, ""name"": ""Freddie Freeman"", ""bats"": ""L"", ""obp"": 0.3767123287671233, ""slg"": 0.48556430446194226, ""iso"": 0.19160104986876642, ""ab"": 381}]","[{""name"": ""away_top3c_slg"", ""value"": 0.4904, ""contribution"": -0.2537}, {""name"": ""away_top3c_iso"", ""value"": 0.2088, ""contribution"": 0.2133}, {""name"": ""home_xera"", ""value"": 2.7225, ""contribution"": -0.1427}, {""name"": ""away_top3_ops_vs_oppHand"", ""value"": 0.873, ""contribution"": 0.1078}, {""name"": ""home_fip"", ""value"": 3.2358, ""contribution"": -0.0834}]","[{""name"": ""home_top3c_slg"", ""value"": 0.387, ""contribution"": 0.3318}, {""name"": ""home_top3c_iso"", ""value"": 0.1351, ""contribution"": -0.2071}, {""name"": ""away_whiff_pct_rank"", ""value"": 86.0, ""contribution"": -0.1558}, {""name"": ""home_top3c_obp"", ""value"": 0.3141, ""contribution"": -0.0919}, {""name"": ""away_fip"", ""value"": 3.2807, ""contribution"": -0.0756}]",483561,0.5039,2.723,2.53,76.0,86.0,0.6796,0.6942,6.0,6.8,0.873,0.7147,R,R,NRFI,WIN,0,0,0,2026-07-25T23:30:23+00:00,-140,+110,DraftKings,2026-07-25T23:36:10+00:00,0.5833,0.4762,-0.0319,-0.0276,-0.0319,N,0.5,0,-140,+110,2026-07-25T21:45:02+00:00,0,0.6370,NRFI,STRONG,,,,,,,
2026-07-25,2026,824734,1,N,TOR,BOS,4:10 PM ET,Dylan Cease,Sonny Gray,656302,543243,live,live,live,live,1.05,0.4198,0.4699,0.8897,0.2505,0.2681,0.5186,0.5685,0.4315,0.2237,0.7763,,,NRFI,LEAN,LEAN NRFI,4,2026-07-25T19:04:11Z,3.192,2.99,1.193,1.151,2.74,3.621,3.87,2.32,0.75,1.05,12.88,8.58,0.305,0.315,0.382,0.397,4.004,4.269,20.6,14.1,69.0,0.0,1.0,0.6,0.5,0.6,0.328,0.329,0.4452,0.4013,0.176,0.1471,lineup,lineup,"[{""id"": 678011, ""name"": ""Anthony Seigler"", ""bats"": ""S"", ""obp"": 0.33636363636363636, ""slg"": 0.45454545454545453, ""iso"": 0.18181818181818182, ""ab"": 99}, {""id"": 678882, ""name"": ""Ceddanne Rafaela"", ""bats"": ""R"", ""obp"": 0.325, ""slg"": 0.4441489361702128, ""iso"": 0.16223404255319152, ""ab"": 376}, {""id"": 677800, ""name"": ""Wilyer Abreu"", ""bats"": ""L"", ""obp"": 0.3287037037037037, ""slg"": 0.44386422976501305, ""iso"": 0.18798955613577023, ""ab"": 383}]","[{""id"": 664770, ""name"": ""Nathan Lukes"", ""bats"": ""L"", ""obp"": 0.3403361344537815, ""slg"": 0.3972602739726027, ""iso"": 0.1095890410958904, ""ab"": 219}, {""id"": 665489, ""name"": ""Vladimir Guerrero Jr."", ""bats"": ""R"", ""obp"": 0.34285714285714286, ""slg"": 0.3542234332425068, ""iso"": 0.0926430517711172, ""ab"": 367}, {""id"": 672960, ""name"": ""Kazuma Okamoto"", ""bats"": ""R"", ""obp"": 0.308252427184466, ""slg"": 0.45081967213114754, ""iso"": 0.22404371584699453, ""ab"": 366}]","[{""name"": ""away_top3c_iso"", ""value"": 0.1471, ""contribution"": -0.2214}, {""name"": ""away_top3c_slg"", ""value"": 0.4013, ""contribution"": 0.1976}, {""name"": ""home_p_last10_pitcher_nrfi"", ""value"": 0.5, ""contribution"": -0.0846}, {""name"": ""fi_park_nrfi_rate"", ""value"": 0.5121, ""contribution"": -0.0494}, {""name"": ""home_avg_ip_per_start"", ""value"": 6.4667, ""contribution"": -0.0408}]","[{""name"": ""away_whiff_pct_rank"", ""value"": 97.0, ""contribution"": -0.2033}, {""name"": ""away_fip"", ""value"": 2.7396, ""contribution"": -0.1334}, {""name"": ""fi_park_nrfi_rate"", ""value"": 0.5121, ""contribution"": -0.076}, {""name"": ""home_top3c_obp"", ""value"": 0.328, ""contribution"": -0.043}, {""name"": ""home_plate_ump_nrfi_rate"", ""value"": 0.5403, ""contribution"": 0.0395}]",607884,0.5403,3.87,3.276,65.0,97.0,0.7396,0.7309,6.47,6.27,0.747,0.7513,R,R,NRFI,WIN,0,0,0,2026-07-25T20:22:32+00:00,-155,+120,DraftKings,2026-07-25T16:01:14+00:00,0.6078,0.4545,-0.0599,-0.0024,,N,,0,-155,+120,2026-07-25T16:01:14+00:00,,0.4877,PASS,NO EDGE,,,,,,,
2026-07-25,2026,824811,1,N,ATL,BAL,7:05 PM ET,Bryce Elder,Brandon Young,693821,687064,live,live,live,live,1.06,0.5711,0.599,1.1701,0.3308,0.4532,0.784,0.444,0.556,0.3265,0.6735,,,PASS,NO EDGE,PASS - No edge,4,2026-07-25T22:45:04Z,4.395,3.832,1.273,1.335,4.526,4.201,2.8,3.17,1.41,1.09,7.5,7.55,0.316,0.321,0.418,0.399,4.936,4.584,26.3,8.5,41.0,0.0,0.6,0.8,0.7,0.8,0.3218,0.3394,0.4201,0.4843,0.1826,0.2161,lineup,lineup,"[{""id"": 687637, ""name"": ""Dylan Beavers"", ""bats"": ""L"", ""obp"": 0.33136094674556216, ""slg"": 0.3624161073825503, ""iso"": 0.1140939597315436, ""ab"": 149}, {""id"": 624413, ""name"": ""Pete Alonso"", ""bats"": ""R"", ""obp"": 0.3465783664459161, ""slg"": 0.46272493573264784, ""iso"": 0.21336760925449874, ""ab"": 389}, {""id"": 683002, ""name"": ""Gunnar Henderson"", ""bats"": ""L"", ""obp"": 0.2944915254237288, ""slg"": 0.4014084507042254, ""iso"": 0.17840375586854462, ""ab"": 426}]","[{""id"": 686948, ""name"": ""Drake Baldwin"", ""bats"": ""L"", ""obp"": 0.3641456582633053, ""slg"": 0.4855305466237942, ""iso"": 0.21221864951768488, ""ab"": 311}, {""id"": 645277, ""name"": ""Ozzie Albies"", ""bats"": ""S"", ""obp"": 0.31473214285714285, ""slg"": 0.43532338308457713, ""iso"": 0.17164179104477612, ""ab"": 402}, {""id"": 621566, ""name"": ""Matt Olson"", ""bats"": ""L"", ""obp"": 0.3443708609271523, ""slg"": 0.5323383084577115, ""iso"": 0.263681592039801, ""ab"": 402}]","[{""name"": ""away_top3c_iso"", ""value"": 0.2161, ""contribution"": 0.2652}, {""name"": ""away_top3c_slg"", ""value"": 0.4843, ""contribution"": -0.223}, {""name"": ""away_top3_ops_vs_oppHand"", ""value"": 0.851, ""contribution"": 0.0854}, {""name"": ""fi_park_nrfi_rate"", ""value"": 0.519, ""contribution"": -0.0733}, {""name"": ""era_gap_t1"", ""value"": -0.5629, ""contribution"": -0.0603}]","[{""name"": ""home_top3c_slg"", ""value"": 0.4201, ""contribution"": 0.1259}, {""name"": ""fi_park_nrfi_rate"", ""value"": 0.519, ""contribution"": -0.1127}, {""name"": ""away_whiff_pct_rank"", ""value"": 24.0, ""contribution"": 0.1117}, {""name"": ""home_top3c_obp"", ""value"": 0.3218, ""contribution"": -0.065}, {""name"": ""away_fip"", ""value"": 4.5257, ""contribution"": 0.0575}]",482666,0.522,4.059,4.332,14.0,24.0,0.7136,0.7136,5.8,4.8,0.851,0.7593,R,R,NRFI,PASS,0,0,0,2026-07-25T23:22:14+00:00,+105,-135,DraftKings,2026-07-25T22:59:12+00:00,0.4878,0.5745,-0.0438,-0.0185,,N,,,+105,-135,2026-07-25T22:59:12+00:00,,0.4877,PASS,NO EDGE,,,,,,,
2026-07-25,2026,823027,1,N,CIN,STL,7:15 PM ET,Hunter Greene,Andre Pallante,668881,669467,live,live,live,live,0.97,0.4635,0.4254,0.8888,0.3886,0.3112,0.6999,0.4795,0.5205,0.2234,0.7766,,,PASS,NO EDGE,PASS - No edge,4,2026-07-25T23:05:49Z,3.814,4.376,1.027,1.31,3.391,4.136,2.42,2.87,1.38,0.94,11.9,6.35,0.31,0.316,0.401,0.385,4.226,4.436,32.1,1.9,62.0,0.0,0.8,0.6,0.8,0.7,0.3481,0.3392,0.4601,0.4818,0.1845,0.2267,lineup,lineup,"[{""id"": 802139, ""name"": ""JJ Wetherholt"", ""bats"": ""L"", ""obp"": 0.3536036036036036, ""slg"": 0.4010416666666667, ""iso"": 0.14322916666666669, ""ab"": 384}, {""id"": 691023, ""name"": ""Jordan Walker"", ""bats"": ""R"", ""obp"": 0.3488372093023256, ""slg"": 0.5141388174807198, ""iso"": 0.22622107969151667, ""ab"": 389}, {""id"": 676475, ""name"": ""Alec Burleson"", ""bats"": ""L"", ""obp"": 0.3418013856812933, ""slg"": 0.4642857142857143, ""iso"": 0.18367346938775514, ""ab"": 392}]","[{""id"": 682829, ""name"": ""Elly De La Cruz"", ""bats"": ""S"", ""obp"": 0.3521505376344086, ""slg"": 0.5, ""iso"": 0.22424242424242424, ""ab"": 330}, {""id"": 701398, ""name"": ""Sal Stewart"", ""bats"": ""R"", ""obp"": 0.32808988764044944, ""slg"": 0.47058823529411764, ""iso"": 0.21994884910485935, ""ab"": 391}, {""id"": 668709, ""name"": ""JJ Bleday"", ""bats"": ""L"", ""obp"": 0.33974358974358976, ""slg"": 0.4756554307116105, ""iso"": 0.2397003745318352, ""ab"": 267}]","[{""name"": ""away_top3c_iso"", ""value"": 0.2267, ""contribution"": 0.3397}, {""name"": ""away_top3c_slg"", ""value"": 0.4818, ""contribution"": -0.2102}, {""name"": ""fi_park_nrfi_rate"", ""value"": 0.527, ""contribution"": -0.1009}, {""name"": ""wx_temp_c"", ""value"": 32.1, ""contribution"": 0.0649}, {""name"": ""era_gap_t1"", ""value"": 0.5613, ""contribution"": 0.0614}]","[{""name"": ""fi_park_nrfi_rate"", ""value"": 0.527, ""contribution"": -0.1552}, {""name"": ""home_top3c_slg"", ""value"": 0.4601, ""contribution"": -0.1223}, {""name"": ""home_top3_ops_vs_oppHand"", ""value"": 0.8487, ""contribution"": 0.102}, {""name"": ""wx_wind_kmh"", ""value"": 1.9, ""contribution"": -0.101}, {""name"": ""wx_temp_c"", ""value"": 32.1, ""contribution"": 0.0906}]",621660,0.499,4.364,4.2,56.0,50.0,0.7797,0.7597,5.73,6.27,0.79,0.8487,R,R,YRFI,PASS,0,1,1,2026-07-25T23:30:37+00:00,-130,+100,DraftKings,2026-07-25T23:36:10+00:00,0.5652,0.5,-0.0857,0.0205,,N,,,-130,+100,2026-07-25T23:14:44+00:00,,0.4877,PASS,NO EDGE,,,,,,,
2026-07-25,2026,823355,1,N,CHC,PIT,6:40 PM ET,Shota Imanaga,Paul Skenes,684007,694973,live,live,live,live,0.96,0.3514,0.5482,0.8997,0.237,0.4353,0.6724,0.5124,0.4876,0.2274,0.7726,,,NRFI,LEAN,LEAN NRFI,4,2026-07-25T21:35:48Z,3.864,3.053,1.079,1.017,4.653,2.651,2.04,2.03,1.78,0.77,8.21,10.69,0.334,0.335,0.41,0.42,5.004,5.147,28.1,10.5,37.0,0.0,0.8,0.8,0.8,0.8,0.3721,0.369,0.4193,0.4664,0.1245,0.2024,lineup,lineup,"[{""id"": 663968, ""name"": ""Jake Mangum"", ""bats"": ""S"", ""obp"": 0.35379061371841153, ""slg"": 0.375, ""iso"": 0.0703125, ""ab"": 256}, {""id"": 693304, ""name"": ""Nick Gonzales"", ""bats"": ""R"", ""obp"": 0.3688118811881188, ""slg"": 0.41192411924119243, ""iso"": 0.10027100271002715, ""ab"": 369}, {""id"": 682997, ""name"": ""Tyler Callihan"", ""bats"": ""L"", ""obp"": 0.30927835051546393, ""slg"": 0.43023255813953487, ""iso"": 0.19767441860465115, ""ab"": 86}]","[{""id"": 624424, ""name"": ""Michael Conforto"", ""bats"": ""L"", ""obp"": 0.3236994219653179, ""slg"": 0.48026315789473684, ""iso"": 0.24342105263157895, ""ab"": 152}, {""id"": 673548, ""name"": ""Seiya Suzuki"", ""bats"": ""R"", ""obp"": 0.35638297872340424, ""slg"": 0.4723926380368098, ""iso"": 0.20552147239263802, ""ab"": 326}, {""id"": 665871, ""name"": ""Javier Assad"", ""bats"": ""R"", ""obp"": null, ""slg"": null, ""iso"": null, ""ab"": null}]","[{""name"": ""home_xera"", ""value"": 2.0935, ""contribution"": -0.2072}, {""name"": ""away_top3c_iso"", ""value"": 0.2024, ""contribution"": 0.1683}, {""name"": ""home_fip"", ""value"": 2.6508, ""contribution"": -0.1491}, {""name"": ""away_top3c_slg"", ""value"": 0.4664, ""contribution"": -0.1325}, {""name"": ""era_gap_t1"", ""value"": -0.8101, ""contribution"": -0.0871}]","[{""name"": ""home_top3c_iso"", ""value"": 0.1245, ""contribution"": -0.2573}, {""name"": ""home_obp"", ""value"": 0.3352, ""contribution"": 0.15}, {""name"": ""home_top3c_slg"", ""value"": 0.4193, ""contribution"": 0.1309}, {""name"": ""home_top3c_obp"", ""value"": 0.3721, ""contribution"": 0.1115}, {""name"": ""fi_park_nrfi_rate"", ""value"": 0.5188, ""contribution"": -0.1113}]",484183,0.5086,2.094,3.775,86.0,47.0,0.6909,0.7613,5.47,5.67,0.8267,0.743,L,R,NRFI,WIN,0,0,0,2026-07-25T22:53:37+00:00,-155,+120,DraftKings,2026-07-25T21:39:39+00:00,0.6078,0.4545,-0.0939,0.0316,-0.0939,N,0.5,0,-155,+120,2026-07-25T21:39:39+00:00,0,0.6370,NRFI,STRONG,,,,,,,
2026-07-25,2026,824244,1,N,KC,DET,1:10 PM ET,Michael Wacha,Casey Mize,608379,663554,live,live,live,live,0.98,0.3528,0.4538,0.8066,0.2982,0.3922,0.6904,0.4795,0.5205,0.1936,0.8064,,,PASS,NO EDGE,PASS - No edge,4,2026-07-25T17:04:41Z,3.708,3.149,1.182,1.11,3.951,3.111,2.53,2.15,1.01,0.8,7.1,8.93,0.316,0.313,0.398,0.4,4.246,4.256,28.5,13.5,32.0,0.0,1.0,1.0,1.0,0.8,0.362,0.3162,0.4042,0.4315,0.1331,0.1881,lineup,lineup,"[{""id"": 690993, ""name"": ""Colt Keith"", ""bats"": ""L"", ""obp"": 0.2945205479452055, ""slg"": 0.3897058823529412, ""iso"": 0.13970588235294118, ""ab"": 272}, {""id"": 805808, ""name"": ""Kevin McGonigle"", ""bats"": ""L"", ""obp"": 0.38826185101580135, ""slg"": 0.4217506631299735, ""iso"": 0.14058355437665787, ""ab"": 377}, {""id"": 650402, ""name"": ""Gleyber Torres"", ""bats"": ""R"", ""obp"": 0.40096618357487923, ""slg"": 0.38823529411764707, ""iso"": 0.10588235294117648, ""ab"": 170}]","[{""id"": 695600, ""name"": ""Carter Jensen"", ""bats"": ""L"", ""obp"": 0.306282722513089, ""slg"": 0.4281524926686217, ""iso"": 0.1906158357771261, ""ab"": 341}, {""id"": 657041, ""name"": ""Lane Thomas"", ""bats"": ""R"", ""obp"": 0.33003300330033003, ""slg"": 0.3969465648854962, ""iso"": 0.16412213740458015, ""ab"": 262}, {""id"": 695506, ""name"": ""Jac Caglianone"", ""bats"": ""L"", ""obp"": 0.31521739130434784, ""slg"": 0.46153846153846156, ""iso"": 0.20414201183431957, ""ab"": 338}]","[{""name"": ""fi_park_nrfi_rate"", ""value"": 0.5322, ""contribution"": -0.1188}, {""name"": ""home_p_last10_pitcher_nrfi"", ""value"": 1.0, ""contribution"": 0.1107}, {""name"": ""home_fip"", ""value"": 3.1106, ""contribution"": -0.0975}, {""name"": ""home_xera"", ""value"": 3.4275, ""contribution"": -0.0705}, {""name"": ""away_top3c_iso"", ""value"": 0.1881, ""contribution"": 0.0677}]","[{""name"": ""home_top3c_slg"", ""value"": 0.4042, ""contribution"": 0.2251}, {""name"": ""home_top3c_iso"", ""value"": 0.1331, ""contribution"": -0.2168}, {""name"": ""fi_park_nrfi_rate"", ""value"": 0.5322, ""contribution"": -0.1826}, {""name"": ""home_top3c_obp"", ""value"": 0.362, ""contribution"": 0.0761}, {""name"": ""wx_temp_c"", ""value"": 28.5, ""contribution"": 0.0605}]",623938,0.4993,3.428,4.274,53.0,40.0,0.7197,0.699,5.67,6.27,0.749,0.8073,R,R,NRFI,PASS,0,0,0,2026-07-25T17:26:18+00:00,-135,+105,DraftKings,2026-07-25T16:01:14+00:00,0.5745,0.4878,-0.095,0.0327,,N,,,-135,+105,2026-07-25T16:01:14+00:00,,0.5109,PASS,NO EDGE,,,,,,,
2026-07-25,2026,823435,1,N,NYY,PHI,6:05 PM ET,Ryan Weathers,Tim Mayza,677960,641835,live,ltd,live,live,1.04,0.4656,0.5411,1.0067,0.4109,0.4152,0.826,0.4249,0.5751,0.2667,0.7333,,,PASS,LOW LAMBDA,PASS - Low lambda,4,2026-07-25T21:46:03Z,4.319,4.08,1.269,1.207,4.084,3.637,2.65,2.54,1.46,0.99,9.75,8.78,0.314,0.304,0.417,0.401,4.648,4.332,26.0,11.7,41.0,0.0,0.6667,0.6,0.6667,0.6,0.3371,0.3295,0.4706,0.5231,0.2232,0.2641,lineup,lineup,"[{""id"": 607208, ""name"": ""Trea Turner"", ""bats"": ""R"", ""obp"": 0.2914798206278027, ""slg"": 0.3864734299516908, ""iso"": 0.14492753623188406, ""ab"": 414}, {""id"": 656941, ""name"": ""Kyle Schwarber"", ""bats"": ""L"", ""obp"": 0.3611738148984199, ""slg"": 0.5466666666666666, ""iso"": 0.29866666666666664, ""ab"": 375}, {""id"": 547180, ""name"": ""Bryce Harper"", ""bats"": ""L"", ""obp"": 0.35926773455377575, ""slg"": 0.4877384196185286, ""iso"": 0.23433242506811985, ""ab"": 367}]","[{""id"": 641857, ""name"": ""Ryan McMahon"", ""bats"": ""L"", ""obp"": 0.2757201646090535, ""slg"": 0.3794642857142857, ""iso"": 0.16517857142857142, ""ab"": 224}, {""id"": 700250, ""name"": ""Ben Rice"", ""bats"": ""L"", ""obp"": 0.3627684964200477, ""slg"": 0.5835616438356165, ""iso"": 0.30958904109589047, ""ab"": 365}, {""id"": 502671, ""name"": ""Paul Goldschmidt"", ""bats"": ""R"", ""obp"": 0.3120567375886525, ""slg"": 0.4864864864864865, ""iso"": 0.2316602316602317, ""ab"": 259}]","[{""name"": ""away_top3c_iso"", ""value"": 0.2641, ""contribution"": 0.603}, {""name"": ""away_top3c_slg"", ""value"": 0.5231, ""contribution"": -0.4194}, {""name"": ""home_xera"", ""value"": 2.72, ""contribution"": -0.143}, {""name"": ""home_avg_ip_per_start"", ""value"": 1.4444, ""contribution"": 0.12}, {""name"": ""away_top3_ops_vs_oppHand"", ""value"": 0.8517, ""contribution"": 0.086}]","[{""name"": ""home_top3c_iso"", ""value"": 0.2232, ""contribution"": 0.2085}, {""name"": ""home_top3c_slg"", ""value"": 0.4706, ""contribution"": -0.1876}, {""name"": ""away_whiff_pct_rank"", ""value"": 88.0, ""contribution"": -0.1645}, {""name"": ""fi_park_nrfi_rate"", ""value"": 0.473, ""contribution"": 0.1321}, {""name"": ""home_plate_ump_nrfi_rate"", ""value"": 0.6177, ""contribution"": 0.1192}]",482620,0.6177,2.72,4.324,32.0,88.0,0.7136,0.7396,1.44,4.33,0.8517,0.7327,L,L,YRFI,PASS,0,1,1,2026-07-25T22:20:57+00:00,+100,-130,DraftKings,2026-07-25T21:45:02+00:00,0.5,0.5652,-0.075,0.0098,,N,,,+100,-130,2026-07-25T21:45:02+00:00,,0.4135,YRFI,STRONG,,,,,,,
2026-07-25,2026,823679,1,N,OAK,MIN,7:10 PM ET,Brady Basso,Mike Paredes,669620,702474,sm,ltd,live,live,0.97,0.5438,0.5246,1.0683,0.3506,0.2739,0.6245,0.5479,0.4521,0.2893,0.7107,,,NRFI,LEAN,LEAN NRFI,4,2026-07-25T22:05:29Z,4.559,4.423,1.371,1.338,4.116,4.804,2.81,3.16,1.19,1.38,8.59,7.03,0.323,0.32,0.406,0.408,4.47,4.713,29.5,6.8,68.0,0.0,0.6,1.0,0.6,1.0,0.334,0.3623,0.5022,0.4656,0.2354,0.2,lineup,lineup,"[{""id"": 668885, ""name"": ""Austin Martin"", ""bats"": ""R"", ""obp"": 0.3561643835616438, ""slg"": 0.3183673469387755, ""iso"": 0.07755102040816325, ""ab"": 245}, {""id"": 621439, ""name"": ""Byron Buxton"", ""bats"": ""R"", ""obp"": 0.33048433048433046, ""slg"": 0.5625, ""iso"": 0.290625, ""ab"": 320}, {""id"": 665019, ""name"": ""Kody Clemens"", ""bats"": ""L"", ""obp"": 0.29526462395543174, ""slg"": 0.47878787878787876, ""iso"": 0.23939393939393938, ""ab"": 330}]","[{""id"": 805779, ""name"": ""Jacob Wilson"", ""bats"": ""R"", ""obp"": 0.31716417910447764, ""slg"": 0.41568627450980394, ""iso"": 0.1294117647058824, ""ab"": 255}, {""id"": 701762, ""name"": ""Nick Kurtz"", ""bats"": ""L"", ""obp"": 0.4053398058252427, ""slg"": 0.49700598802395207, ""iso"": 0.2305389221556886, ""ab"": 334}, {""id"": 691016, ""name"": ""Tyler Soderstrom"", ""bats"": ""L"", ""obp"": 0.34748010610079577, ""slg"": 0.4723926380368098, ""iso"": 0.22392638036809814, ""ab"": 326}]","[{""name"": ""away_top3c_iso"", ""value"": 0.2, ""contribution"": 0.1515}, {""name"": ""away_top3c_slg"", ""value"": 0.4656, ""contribution"": -0.1282}, {""name"": ""fi_park_nrfi_rate"", ""value"": 0.5348, ""contribution"": -0.1278}, {""name"": ""away_top3_ops_vs_oppHand"", ""value"": 0.859, ""contribution"": 0.0935}, {""name"": ""home_fip"", ""value"": 4.8035, ""contribution"": 0.0926}]","[{""name"": ""home_top3c_slg"", ""value"": 0.5022, ""contribution"": -0.3837}, {""name"": ""home_top3c_iso"", ""value"": 0.2354, ""contribution"": 0.266}, {""name"": ""fi_park_nrfi_rate"", ""value"": 0.5348, ""contribution"": -0.1964}, {""name"": ""away_p_last10_pitcher_nrfi"", ""value"": 1.0, ""contribution"": -0.0929}, {""name"": ""home_top3_ops_vs_oppHand"", ""value"": 0.7017, ""contribution"": -0.074}]",665302,0.5084,4.2,4.2,50.0,50.0,0.7136,0.7136,4.4,1.33,0.859,0.7017,L,R,NRFI,WIN,0,0,0,2026-07-25T23:35:55+00:00,+120,-155,DraftKings,2026-07-25T23:36:10+00:00,0.4545,0.6078,0.0934,-0.1557,0.0934,N,0.5,0,+120,-155,2026-07-25T21:45:02+00:00,0,0.4877,PASS,NO EDGE,,,,,,,
2026-07-26,2026,823840,1,N,SD,MIA,1:40 PM ET,Walker Buehler,Janson Junk,621111,676083,live,live,live,live,0.95,0.4337,0.5844,1.0181,0.3762,0.4413,0.8175,0.4336,0.5664,0.2709,0.7291,,,PASS,LOW LAMBDA,PASS - Low lambda,4,2026-07-26T17:05:22Z,5.145,4.752,1.457,1.277,4.713,4.152,3.99,2.1,1.28,1.17,7.6,6.6,0.309,0.325,0.385,0.405,4.204,4.404,,,,1.0,0.8,0.6,0.8,0.8,0.3362,0.3207,0.4701,0.3903,0.193,0.1522,lineup,lineup,"[{""id"": 672640, ""name"": ""Otto Lopez"", ""bats"": ""R"", ""obp"": 0.36613272311212813, ""slg"": 0.49502487562189057, ""iso"": 0.16417910447761197, ""ab"": 402}, {""id"": 669065, ""name"": ""Kyle Stowers"", ""bats"": ""L"", ""obp"": 0.31268436578171094, ""slg"": 0.4266666666666667, ""iso"": 0.19666666666666668, ""ab"": 300}, {""id"": 681715, ""name"": ""Heriberto Hern\u00e1ndez"", ""bats"": ""R"", ""obp"": 0.31679389312977096, ""slg"": 0.4830508474576271, ""iso"": 0.23728813559322032, ""ab"": 236}]","[{""id"": 665487, ""name"": ""Fernando Tatis Jr."", ""bats"": ""R"", ""obp"": 0.34934497816593885, ""slg"": 0.39803439803439805, ""iso"": 0.11793611793611797, ""ab"": 407}, {""id"": 630105, ""name"": ""Jake Cronenworth"", ""bats"": ""L"", ""obp"": 0.3112244897959184, ""slg"": 0.28823529411764703, ""iso"": 0.08235294117647057, ""ab"": 170}, {""id"": 592518, ""name"": ""Manny Machado"", ""bats"": ""R"", ""obp"": 0.29466357308584684, ""slg"": 0.42819148936170215, ""iso"": 0.22074468085106386, ""ab"": 376}]","[{""name"": ""away_top3c_slg"", ""value"": 0.3903, ""contribution"": 0.2529}, {""name"": ""away_top3c_iso"", ""value"": 0.1522, ""contribution"": -0.1855}, {""name"": ""fi_park_nrfi_rate"", ""value"": 0.455, ""contribution"": 0.1479}, {""name"": ""away_top3_ops_vs_oppHand"", ""value"": 0.6903, ""contribution"": -0.0784}, {""name"": ""era_gap_t1"", ""value"": -0.3928, ""contribution"": -0.0419}]","[{""name"": ""fi_park_nrfi_rate"", ""value"": 0.455, ""contribution"": 0.2273}, {""name"": ""home_top3c_slg"", ""value"": 0.4701, ""contribution"": -0.1848}, {""name"": ""away_whiff_pct_rank"", ""value"": 15.0, ""contribution"": 0.1506}, {""name"": ""home_plate_ump_nrfi_rate"", ""value"": 0.4205, ""contribution"": -0.084}, {""name"": ""away_fip"", ""value"": 4.7127, ""contribution"": 0.0774}]",504381,0.4205,4.264,5.249,3.0,15.0,0.7136,0.6942,4.93,4.4,0.6903,0.7803,R,R,NRFI,PASS,0,0,0,2026-07-26T17:55:14+00:00,-105,-125,DraftKings,2026-07-26T17:05:13+00:00,0.5122,0.5556,-0.0786,0.0108,0.0629,N,1,,-105,-125,2026-07-26T17:05:13+00:00,0,0.4877,PASS,NO EDGE,,,,,,,
2026-07-26,2026,822950,1,N,CLE,TB,12:15 PM ET,Parker Messick,Drew Rasmussen,800048,656876,live,live,live,live,0.93,0.3338,0.4027,0.7365,0.3209,0.4515,0.7724,0.4633,0.5367,0.1686,0.8314,,,PASS,NO EDGE,PASS - No edge,4,2026-07-26T16:03:28Z,2.939,3.136,1.108,0.991,3.499,3.426,2.68,1.74,0.91,1.05,8.87,8.55,0.312,0.332,0.377,0.405,4.029,4.542,,,,1.0,0.8,0.6,0.8,0.8,0.3696,0.3479,0.5027,0.3881,0.2128,0.1301,lineup,lineup,"[{""id"": 650490, ""name"": ""Yandy D\u00edaz"", ""bats"": ""R"", ""obp"": 0.38095238095238093, ""slg"": 0.4652956298200514, ""iso"": 0.1593830334190231, ""ab"": 389}, {""id"": 668723, ""name"": ""Ryan Vilade"", ""bats"": ""R"", ""obp"": 0.3254437869822485, ""slg"": 0.48, ""iso"": 0.21999999999999997, ""ab"": 150}, {""id"": 691406, ""name"": ""Junior Caminero"", ""bats"": ""R"", ""obp"": 0.375, ""slg"": 0.547979797979798, ""iso"": 0.26262626262626265, ""ab"": 396}]","[{""id"": 680757, ""name"": ""Steven Kwan"", ""bats"": ""L"", ""obp"": 0.3524804177545692, ""slg"": 0.3058103975535168, ""iso"": 0.05810397553516816, ""ab"": 327}, {""id"": 608070, ""name"": ""Jos\u00e9 Ram\u00edrez"", ""bats"": ""S"", ""obp"": 0.3394495412844037, ""slg"": 0.4107142857142857, ""iso"": 0.1714285714285714, ""ab"": 280}, {""id"": 800050, ""name"": ""Chase DeLauter"", ""bats"": ""L"", ""obp"": 0.35054347826086957, ""slg"": 0.4501510574018127, ""iso"": 0.1661631419939577, ""ab"": 331}]","[{""name"": ""away_top3c_iso"", ""value"": 0.1301, ""contribution"": -0.3411}, {""name"": ""away_top3c_slg"", ""value"": 0.3881, ""contribution"": 0.2645}, {""name"": ""fi_park_nrfi_rate"", ""value"": 0.4376, ""contribution"": 0.2081}, {""name"": ""home_xera"", ""value"": 3.2993, ""contribution"": -0.0836}, {""name"": ""away_top3_ops_vs_oppHand"", ""value"": 0.703, ""contribution"": -0.0655}]","[{""name"": ""home_top3c_slg"", ""value"": 0.5027, ""contribution"": -0.3869}, {""name"": ""fi_park_nrfi_rate"", ""value"": 0.4376, ""contribution"": 0.3199}, {""name"": ""home_top3_ops_vs_oppHand"", ""value"": 0.9057, ""contribution"": 0.1702}, {""name"": ""home_top3c_iso"", ""value"": 0.2128, ""contribution"": 0.1597}, {""name"": ""home_obp"", ""value"": 0.3317, ""contribution"": 0.1256}]",658325,0.5084,3.299,2.618,44.0,66.0,0.7396,0.751,4.87,6.2,0.703,0.9057,L,R,NRFI,PASS,0,0,0,2026-07-26T16:26:52+00:00,-140,+110,DraftKings,2026-07-26T14:59:14+00:00,0.5833,0.4762,-0.12,0.0605,0.0814,N,1,,-140,+110,2026-07-26T14:59:14+00:00,0,0.5651,NRFI,STRONG,,,,,,,
2026-07-26,2026,822706,1,N,ARI,WSH,1:35 PM ET,Kohl Drake,Miles Mikolas,684442,571945,sm,live,live,live,0.97,0.5557,0.5395,1.0952,0.5244,0.474,0.9984,0.3677,0.6323,0.2992,0.7008,,,YRFI,STRONG,STRONG YRFI,4,2026-07-26T16:03:28Z,3.907,5.38,1.253,1.334,3.977,5.439,3.0,1.92,1.08,1.85,8.78,5.0,0.313,0.327,0.395,0.439,4.496,5.346,30.1,8.0,46.0,0.0,0.6,1.0,0.7,1.0,0.363,0.3599,0.4837,0.427,0.2344,0.167,lineup,lineup,"[{""id"": 695578, ""name"": ""James Wood"", ""bats"": ""L"", ""obp"": 0.3935091277890467, ""slg"": 0.5432098765432098, ""iso"": 0.274074074074074, ""ab"": 405}, {""id"": 695734, ""name"": ""Daylen Lile"", ""bats"": ""L"", ""obp"": 0.2956120092378753, ""slg"": 0.40703517587939697, ""iso"": 0.16331658291457285, ""ab"": 398}, {""id"": 686611, ""name"": ""Dylan Crews"", ""bats"": ""R"", ""obp"": 0.3031674208144796, ""slg"": 0.37055837563451777, ""iso"": 0.15228426395939088, ""ab"": 197}]","[{""id"": 682998, ""name"": ""Corbin Carroll"", ""bats"": ""L"", ""obp"": 0.3433179723502304, ""slg"": 0.4867021276595745, ""iso"": 0.2367021276595745, ""ab"": 376}, {""id"": 672695, ""name"": ""Geraldo Perdomo"", ""bats"": ""S"", ""obp"": 0.352803738317757, ""slg"": 0.3474576271186441, ""iso"": 0.11581920903954804, ""ab"": 354}, {""id"": 672515, ""name"": ""Gabriel Moreno"", ""bats"": ""R"", ""obp"": 0.3924050632911392, ""slg"": 0.44814814814814813, ""iso"": 0.137037037037037, ""ab"": 270}]","[{""name"": ""home_fip"", ""value"": 5.4387, ""contribution"": 0.1639}, {""name"": ""era_gap_t1"", ""value"": 1.473, ""contribution"": 0.1601}, {""name"": ""home_xera"", ""value"": 5.2867, ""contribution"": 0.12}, {""name"": ""away_top3c_iso"", ""value"": 0.167, ""contribution"": -0.0809}, {""name"": ""fi_park_nrfi_rate"", ""value"": 0.4761, ""contribution"": 0.0751}]","[{""name"": ""home_top3c_slg"", ""value"": 0.4837, ""contribution"": -0.2689}, {""name"": ""home_top3c_iso"", ""value"": 0.2344, ""contribution"": 0.2616}, {""name"": ""fi_park_nrfi_rate"", ""value"": 0.4761, ""contribution"": 0.1154}, {""name"": ""home_top3_ops_vs_oppHand"", ""value"": 0.857, ""contribution"": 0.112}, {""name"": ""era_gap_b1"", ""value"": -1.473, ""contribution"": -0.1006}]",605670,0.5573,5.287,4.2,5.0,50.0,0.7309,0.7136,5.13,5.0,0.7763,0.857,L,R,YRFI,WIN,1,0,1,2026-07-26T17:52:32+00:00,+125,-160,DraftKings,2026-07-26T16:59:53+00:00,0.4444,0.6154,-0.0767,0.0169,0.0169,Y,1,0.625,+120,-155,2026-07-26T14:59:14+00:00,0.0075,0.4332,YRFI,STRONG,,,,,,,
2026-07-26,2026,824572,1,N,HOU,CWS,2:10 PM ET,Ronel Blanco,Erick Fedde,669854,607200,ltd,live,live,live,0.98,0.6125,0.5784,1.1909,0.4479,0.4921,0.94,0.4064,0.5936,0.3341,0.6659,,,YRFI,STRONG,STRONG YRFI,4,2026-07-26T17:05:22Z,4.481,4.558,1.213,1.434,4.584,5.195,3.56,3.66,1.54,1.45,9.63,6.07,0.316,0.317,0.411,0.406,4.574,4.716,31.2,4.4,57.0,0.0,0.2,1.0,0.4,0.9,0.3629,0.3896,0.4668,0.5281,0.2157,0.2287,lineup,lineup,"[{""id"": 678577, ""name"": ""Junior Perez"", ""bats"": ""R"", ""obp"": 0.17142857142857143, ""slg"": 0.3235294117647059, ""iso"": 0.17647058823529413, ""ab"": 34}, {""id"": 808959, ""name"": ""Munetaka Murakami"", ""bats"": ""L"", ""obp"": 0.3741496598639456, ""slg"": 0.5168067226890757, ""iso"": 0.28571428571428575, ""ab"": 238}, {""id"": 678246, ""name"": ""Miguel Vargas"", ""bats"": ""R"", ""obp"": 0.34988713318284426, ""slg"": 0.48, ""iso"": 0.2373333333333333, ""ab"": 375}]","[{""id"": 669397, ""name"": ""Nick Allen"", ""bats"": ""R"", ""obp"": 0.28846153846153844, ""slg"": 0.30526315789473685, ""iso"": 0.06315789473684211, ""ab"": 95}, {""id"": 543877, ""name"": ""Christian V\u00e1zquez"", ""bats"": ""R"", ""obp"": 0.26865671641791045, ""slg"": 0.3333333333333333, ""iso"": 0.1182795698924731, ""ab"": 186}, {""id"": 670623, ""name"": ""Isaac Paredes"", ""bats"": ""R"", ""obp"": 0.3556085918854415, ""slg"": 0.43490304709141275, ""iso"": 0.17174515235457066, ""ab"": 361}]","[{""name"": ""away_top3c_slg"", ""value"": 0.5281, ""contribution"": -0.4447}, {""name"": ""away_top3c_iso"", ""value"": 0.2287, ""contribution"": 0.3536}, {""name"": ""away_top3_ops_vs_oppHand"", ""value"": 0.9383, ""contribution"": 0.1744}, {""name"": ""home_fip"", ""value"": 5.1954, ""contribution"": 0.1366}, {""name"": ""home_p_last10_pitcher_nrfi"", ""value"": 0.4, ""contribution"": -0.1236}]","[{""name"": ""home_top3c_iso"", ""value"": 0.2157, ""contribution"": 0.1732}, {""name"": ""home_top3c_slg"", ""value"": 0.4668, ""contribution"": -0.1641}, {""name"": ""fi_park_nrfi_rate"", ""value"": 0.473, ""contribution"": 0.1321}, {""name"": ""home_top3_ops_vs_oppHand"", ""value"": 0.8617, ""contribution"": 0.1175}, {""name"": ""wx_temp_c"", ""value"": 31.2, ""contribution"": 0.0831}]",483919,0.4901,5.185,4.2,8.0,50.0,0.7396,0.7136,4.4,5.93,0.9383,0.8617,R,R,YRFI,WIN,1,2,3,2026-07-26T18:30:19+00:00,+105,-140,DraftKings,2026-07-26T17:05:13+00:00,0.4878,0.5833,-0.0814,0.0103,0.0103,Y,1,0.714,+105,-140,2026-07-26T17:05:13+00:00,0,0.4622,PASS,NO EDGE,,,,,,,
2026-07-26,2026,822870,1,N,SEA,TEX,2:35 PM ET,Logan Gilbert,Jacob deGrom,669302,594798,live,live,live,live,1.07,0.45,0.4555,0.9055,0.2313,0.2079,0.4392,0.6918,0.3082,0.2295,0.7705,,,NRFI,LEAN,LEAN NRFI,4,2026-07-26T17:05:22Z,3.395,3.542,0.992,1.014,3.318,3.522,1.94,2.02,1.19,1.37,10.23,10.6,0.31,0.32,0.379,0.405,4.062,4.256,,,,1.0,0.4,0.8,0.6,0.7,0.3326,0.3167,0.4808,0.4301,0.2119,0.1766,lineup,lineup,"[{""id"": 592626, ""name"": ""Joc Pederson"", ""bats"": ""L"", ""obp"": 0.34185303514376997, ""slg"": 0.4907749077490775, ""iso"": 0.23985239852398527, ""ab"": 271}, {""id"": 694671, ""name"": ""Wyatt Langford"", ""bats"": ""R"", ""obp"": 0.33482142857142855, ""slg"": 0.5333333333333333, ""iso"": 0.24285714285714283, ""ab"": 210}, {""id"": 677649, ""name"": ""Ezequiel Duran"", ""bats"": ""R"", ""obp"": 0.32303370786516855, ""slg"": 0.4386503067484663, ""iso"": 0.16871165644171782, ""ab"": 326}]","[{""id"": 702284, ""name"": ""Cole Young"", ""bats"": ""L"", ""obp"": 0.3108433734939759, ""slg"": 0.39841688654353563, ""iso"": 0.14511873350923482, ""ab"": 379}, {""id"": 677594, ""name"": ""Julio Rodr\u00edguez"", ""bats"": ""R"", ""obp"": 0.31527093596059114, ""slg"": 0.4189189189189189, ""iso"": 0.16486486486486485, ""ab"": 370}, {""id"": 686527, ""name"": ""Dominic Canzone"", ""bats"": ""L"", ""obp"": 0.3274647887323944, ""slg"": 0.49407114624505927, ""iso"": 0.24110671936758893, ""ab"": 253}]","[{""name"": ""fi_park_nrfi_rate"", ""value"": 0.5398, ""contribution"": -0.1451}, {""name"": ""home_xera"", ""value"": 3.231, ""contribution"": -0.0906}, {""name"": ""away_top3c_slg"", ""value"": 0.4301, ""contribution"": 0.0513}, {""name"": ""home_fip"", ""value"": 3.5219, ""contribution"": -0.0513}, {""name"": ""home_p_last10_pitcher_nrfi"", ""value"": 0.6, ""contribution"": -0.0455}]","[{""name"": ""home_top3c_slg"", ""value"": 0.4808, ""contribution"": -0.251}, {""name"": ""fi_park_nrfi_rate"", ""value"": 0.5398, ""contribution"": -0.2231}, {""name"": ""away_whiff_pct_rank"", ""value"": 97.0, ""contribution"": -0.2033}, {""name"": ""home_top3c_iso"", ""value"": 0.2119, ""contribution"": 0.1552}, {""name"": ""wx_is_dome"", ""value"": 1.0, ""contribution"": -0.0758}]",521051,0.4691,3.231,3.166,82.0,97.0,0.7138,0.7185,5.73,6.67,0.75,0.825,R,R,YRFI,LOSS,0,1,1,2026-07-26T18:52:53+00:00,-150,+115,DraftKings,2026-07-26T17:05:13+00:00,0.6,0.4651,0.0918,-0.1569,0.0918,N,0.5,0,-150,+115,2026-07-26T17:05:13+00:00,0,0.6536,NRFI,STRONG,,,,,,,
2026-07-26,2026,823755,1,N,COL,MIL,2:10 PM ET,Kyle Freeland,Jacob Misiorowski,607536,694819,live,live,live,live,1.03,0.353,0.6431,0.996,0.1465,0.4052,0.5517,0.565,0.435,0.2628,0.7372,,,NRFI,LEAN,LEAN NRFI,4,2026-07-26T17:05:22Z,6.593,2.268,1.518,0.894,4.659,2.453,1.97,2.57,1.71,0.82,7.63,12.75,0.324,0.333,0.417,0.4,4.731,4.971,,,,1.0,0.6,0.6,0.8,0.6,0.3583,0.3334,0.469,0.5413,0.1909,0.2629,lineup,lineup,"[{""id"": 694192, ""name"": ""Jackson Chourio"", ""bats"": ""R"", ""obp"": 0.3333333333333333, ""slg"": 0.46735395189003437, ""iso"": 0.1924398625429553, ""ab"": 291}, {""id"": 668930, ""name"": ""Brice Turang"", ""bats"": ""L"", ""obp"": 0.36199095022624433, ""slg"": 0.46596858638743455, ""iso"": 0.19895287958115182, ""ab"": 382}, {""id"": 683734, ""name"": ""Andrew Vaughn"", ""bats"": ""R"", ""obp"": 0.3915343915343915, ""slg"": 0.47878787878787876, ""iso"": 0.16969696969696968, ""ab"": 165}]","[{""id"": 664983, ""name"": ""Jake McCarthy"", ""bats"": ""L"", ""obp"": 0.34411764705882353, ""slg"": 0.5079365079365079, ""iso"": 0.20634920634920634, ""ab"": 315}, {""id"": 664954, ""name"": ""Brett Sullivan"", ""bats"": ""L"", ""obp"": 0.25874125874125875, ""slg"": 0.38345864661654133, ""iso"": 0.16541353383458646, ""ab"": 133}, {""id"": 690924, ""name"": ""Braxton Fulford"", ""bats"": ""R"", ""obp"": 0.2571428571428571, ""slg"": 0.29508196721311475, ""iso"": 0.11475409836065573, ""ab"": 61}]","[{""name"": ""away_top3c_iso"", ""value"": 0.2629, ""contribution"": 0.5947}, {""name"": ""away_top3c_slg"", ""value"": 0.5413, ""contribution"": -0.5115}, {""name"": ""era_gap_t1"", ""value"": -4.3255, ""contribution"": -0.4677}, {""name"": ""fi_park_nrfi_rate"", ""value"": 0.5899, ""contribution"": -0.3182}, {""name"": ""home_fip"", ""value"": 2.4531, ""contribution"": -0.1713}]","[{""name"": ""fi_park_nrfi_rate"", ""value"": 0.5899, ""contribution"": -0.4892}, {""name"": ""era_gap_b1"", ""value"": 4.3255, ""contribution"": 0.2939}, {""name"": ""home_top3c_slg"", ""value"": 0.469, ""contribution"": -0.1775}, {""name"": ""home_obp"", ""value"": 0.3335, ""contribution"": 0.1378}, {""name"": ""home_top3_ops_vs_oppHand"", ""value"": 0.859, ""contribution"": 0.1144}]",691042,0.5084,3.153,4.924,86.0,24.0,0.7136,0.7508,5.6,5.6,0.879,0.859,L,R,YRFI,LOSS,0,3,3,2026-07-26T18:28:47+00:00,-140,+105,DraftKings,2026-07-26T17:05:13+00:00,0.5833,0.4878,-0.0183,-0.0528,-0.0183,N,0.5,0,-140,+105,2026-07-26T17:05:13+00:00,0,0.5820,NRFI,STRONG,,,,,,,
2026-07-26,2026,823028,1,N,CIN,STL,2:15 PM ET,Andrew Abbott,Kyle Leahy,671096,681517,live,live,live,live,0.97,0.4329,0.5793,1.0122,0.3598,0.4735,0.8332,0.4176,0.5824,0.2687,0.7313,,,PASS,LOW LAMBDA,PASS - Low lambda,4,2026-07-26T18:00:20Z,3.62,3.523,1.334,1.317,4.533,3.803,3.6,3.05,1.23,0.87,7.5,7.73,0.309,0.316,0.398,0.385,4.191,4.458,38.9,8.7,40.0,0.0,1.0,0.4,0.7,0.5,0.3565,0.3392,0.4302,0.4649,0.1672,0.2128,lineup,lineup,"[{""id"": 802139, ""name"": ""JJ Wetherholt"", ""bats"": ""L"", ""obp"": 0.35267857142857145, ""slg"": 0.3979328165374677, ""iso"": 0.1421188630490956, ""ab"": 387}, {""id"": 691023, ""name"": ""Jordan Walker"", ""bats"": ""R"", ""obp"": 0.35023041474654376, ""slg"": 0.5165394402035624, ""iso"": 0.22646310432569977, ""ab"": 393}, {""id"": 671056, ""name"": ""Iv\u00e1n Herrera"", ""bats"": ""R"", ""obp"": 0.3660130718954248, ""slg"": 0.3736842105263158, ""iso"": 0.13157894736842105, ""ab"": 380}]","[{""id"": 682829, ""name"": ""Elly De La Cruz"", ""bats"": ""S"", ""obp"": 0.3537234042553192, ""slg"": 0.4984984984984985, ""iso"": 0.2222222222222222, ""ab"": 333}, {""id"": 695490, ""name"": ""Edwin Arroyo"", ""bats"": ""S"", ""obp"": 0.2923076923076923, ""slg"": 0.2892561983471074, ""iso"": 0.04132231404958675, ""ab"": 121}, {""id"": 668709, ""name"": ""JJ Bleday"", ""bats"": ""L"", ""obp"": 0.3449367088607595, ""slg"": 0.4758364312267658, ""iso"": 0.2379182156133829, ""ab"": 269}]","[{""name"": ""away_top3c_iso"", ""value"": 0.2128, ""contribution"": 0.2414}, {""name"": ""away_top3c_slg"", ""value"": 0.4649, ""contribution"": -0.1247}, {""name"": ""wx_temp_c"", ""value"": 38.9, ""contribution"": 0.1057}, {""name"": ""fi_park_nrfi_rate"", ""value"": 0.527, ""contribution"": -0.1009}, {""name"": ""home_xera"", ""value"": 4.4591, ""contribution"": 0.0352}]","[{""name"": ""fi_park_nrfi_rate"", ""value"": 0.527, ""contribution"": -0.1552}, {""name"": ""wx_temp_c"", ""value"": 38.9, ""contribution"": 0.1474}, {""name"": ""home_top3_ops_vs_oppHand"", ""value"": 0.826, ""contribution"": 0.0748}, {""name"": ""away_p_last10_pitcher_nrfi"", ""value"": 0.5, ""contribution"": 0.0713}, {""name"": ""home_top3c_slg"", ""value"": 0.4302, ""contribution"": 0.0635}]",573597,0.4761,4.459,3.784,32.0,43.0,0.7136,0.7508,5.07,5.27,0.752,0.826,L,R,NRFI,PASS,0,0,0,2026-07-26T18:31:01+00:00,-110,-115,DraftKings,2026-07-26T17:05:13+00:00,0.5238,0.5349,-0.1084,0.0497,,N,,,-110,-115,2026-07-26T17:05:13+00:00,,0.4658,PASS,NO EDGE,,,,,,,
2026-07-26,2026,824730,1,N,TOR,BOS,1:35 PM ET,Kevin Gausman,Ranger Suarez,592332,624133,live,live,live,live,1.05,0.3715,0.5054,0.8769,0.1673,0.3442,0.5115,0.5736,0.4264,0.2191,0.7809,,,NRFI,LEAN,LEAN NRFI,4,2026-07-26T16:03:28Z,4.273,3.165,1.223,1.178,3.696,2.829,2.57,2.45,1.12,0.59,9.06,9.3,0.305,0.314,0.383,0.394,4.021,4.233,19.7,12.8,62.0,0.0,0.6,0.4,0.7,0.4,0.3274,0.3388,0.4278,0.3707,0.1629,0.1037,lineup,lineup,"[{""id"": 663330, ""name"": ""Jahmai Jones"", ""bats"": ""R"", ""obp"": 0.23008849557522124, ""slg"": 0.2549019607843137, ""iso"": 0.10784313725490194, ""ab"": 102}, {""id"": 678882, ""name"": ""Ceddanne Rafaela"", ""bats"": ""R"", ""obp"": 0.3217821782178218, ""slg"": 0.4394736842105263, ""iso"": 0.16052631578947368, ""ab"": 380}, {""id"": 677800, ""name"": ""Wilyer Abreu"", ""bats"": ""L"", ""obp"": 0.3256880733944954, ""slg"": 0.4392764857881137, ""iso"": 0.18604651162790697, ""ab"": 387}]","[{""id"": 664770, ""name"": ""Nathan Lukes"", ""bats"": ""L"", ""obp"": 0.34156378600823045, ""slg"": 0.40625, ""iso"": 0.11607142857142855, ""ab"": 224}, {""id"": 665489, ""name"": ""Vladimir Guerrero Jr."", ""bats"": ""R"", ""obp"": 0.34823529411764703, ""slg"": 0.3584905660377358, ""iso"": 0.09164420485175201, ""ab"": 371}, {""id"": 672386, ""name"": ""Alejandro Kirk"", ""bats"": ""R"", ""obp"": 0.3008130081300813, ""slg"": 0.3394495412844037, ""iso"": 0.11926605504587157, ""ab"": 109}]","[{""name"": ""away_top3c_iso"", ""value"": 0.1037, ""contribution"": -0.5268}, {""name"": ""away_top3c_slg"", ""value"": 0.3707, ""contribution"": 0.3522}, {""name"": ""away_top3_ops_vs_oppHand"", ""value"": 0.628, ""contribution"": -0.1419}, {""name"": ""home_fip"", ""value"": 2.8293, ""contribution"": -0.129}, {""name"": ""home_xera"", ""value"": 2.8963, ""contribution"": -0.1249}]","[{""name"": ""away_whiff_pct_rank"", ""value"": 81.0, ""contribution"": -0.1343}, {""name"": ""away_p_last10_pitcher_nrfi"", ""value"": 0.4, ""contribution"": 0.1041}, {""name"": ""home_top3c_slg"", ""value"": 0.4278, ""contribution"": 0.078}, {""name"": ""home_top3c_iso"", ""value"": 0.1629, ""contribution"": -0.0761}, {""name"": ""fi_park_nrfi_rate"", ""value"": 0.5121, ""contribution"": -0.076}]",511890,0.5521,2.896,3.521,31.0,81.0,0.7396,0.7355,5.27,5.33,0.628,0.7037,R,L,NRFI,WIN,0,0,0,2026-07-26T17:50:08+00:00,-140,+110,DraftKings,2026-07-26T16:59:53+00:00,0.5833,0.4762,-0.0097,-0.0498,-0.0097,N,0.5,0,-140,+110,2026-07-26T14:59:14+00:00,0,0.4877,PASS,NO EDGE,,,,,,,
2026-07-26,2026,824246,1,N,KC,DET,1:40 PM ET,Luinder Avila,Framber Valdez,679883,664285,ltd,live,live,live,0.98,0.4829,0.5762,1.0591,0.3178,0.3896,0.7074,0.4786,0.5214,0.286,0.714,,,PASS,NO EDGE,PASS - No edge,4,2026-07-26T17:05:22Z,4.592,4.324,1.443,1.342,4.265,3.812,4.2,3.17,0.99,0.86,8.38,7.72,0.315,0.312,0.398,0.4,4.236,4.238,30.6,7.0,42.0,0.0,0.8,0.6,0.7,0.5,0.3606,0.2981,0.4024,0.3854,0.1325,0.1598,lineup,lineup,"[{""id"": 690993, ""name"": ""Colt Keith"", ""bats"": ""L"", ""obp"": 0.2972972972972973, ""slg"": 0.39492753623188404, ""iso"": 0.14130434782608692, ""ab"": 276}, {""id"": 805808, ""name"": ""Kevin McGonigle"", ""bats"": ""L"", ""obp"": 0.38478747203579416, ""slg"": 0.41732283464566927, ""iso"": 0.1391076115485564, ""ab"": 381}, {""id"": 650402, ""name"": ""Gleyber Torres"", ""bats"": ""R"", ""obp"": 0.3981042654028436, ""slg"": 0.3815028901734104, ""iso"": 0.10404624277456648, ""ab"": 173}]","[{""id"": 657041, ""name"": ""Lane Thomas"", ""bats"": ""R"", ""obp"": 0.3257328990228013, ""slg"": 0.39097744360902253, ""iso"": 0.16165413533834586, ""ab"": 266}, {""id"": 679845, ""name"": ""Nick Loftin"", ""bats"": ""R"", ""obp"": 0.3333333333333333, ""slg"": 0.4117647058823529, ""iso"": 0.16176470588235292, ""ab"": 204}, {""id"": 521692, ""name"": ""Salvador Perez"", ""bats"": ""R"", ""obp"": 0.25728155339805825, ""slg"": 0.3674540682414698, ""iso"": 0.15748031496062992, ""ab"": 381}]","[{""name"": ""away_top3c_slg"", ""value"": 0.3854, ""contribution"": 0.2778}, {""name"": ""away_top3c_iso"", ""value"": 0.1598, ""contribution"": -0.1316}, {""name"": ""fi_park_nrfi_rate"", ""value"": 0.5322, ""contribution"": -0.1188}, {""name"": ""wx_temp_c"", ""value"": 30.6, ""contribution"": 0.056}, {""name"": ""home_xera"", ""value"": 3.7403, ""contribution"": -0.0384}]","[{""name"": ""home_top3c_slg"", ""value"": 0.4024, ""contribution"": 0.236}, {""name"": ""home_top3c_iso"", ""value"": 0.1325, ""contribution"": -0.2194}, {""name"": ""fi_park_nrfi_rate"", ""value"": 0.5322, ""contribution"": -0.1826}, {""name"": ""wx_temp_c"", ""value"": 30.6, ""contribution"": 0.078}, {""name"": ""away_p_last10_pitcher_nrfi"", ""value"": 0.5, ""contribution"": 0.0713}]",427366,0.4992,3.74,7.921,67.0,50.0,0.7197,0.7136,4.93,5.07,0.7883,0.8047,R,L,YRFI,PASS,2,0,2,2026-07-26T18:02:52+00:00,-110,-115,DraftKings,2026-07-26T17:05:13+00:00,0.5238,0.5349,-0.0452,-0.0135,,N,,,-110,-115,2026-07-26T17:05:13+00:00,,0.4160,YRFI,STRONG,,,,,,,
2026-07-26,2026,823599,1,N,LAD,NYM,1:40 PM ET,Emmet Sheehan,Freddy Peralta,686218,642547,live,live,live,live,0.96,0.5653,0.471,1.0363,0.3081,0.2997,0.6078,0.5492,0.4508,0.2776,0.7224,,,NRFI,LEAN,LEAN NRFI,4,2026-07-26T16:03:28Z,4.57,4.391,1.211,1.358,4.108,4.257,2.79,3.68,1.52,1.31,10.18,9.43,0.338,0.305,0.429,0.384,5.088,4.096,26.1,13.8,49.0,0.0,0.6,0.8,0.5,0.8,0.3133,0.3669,0.3833,0.4883,0.133,0.2064,lineup,lineup,"[{""id"": 805999, ""name"": ""A.J. Ewing"", ""bats"": ""L"", ""obp"": 0.3333333333333333, ""slg"": 0.40948275862068967, ""iso"": 0.14655172413793105, ""ab"": 232}, {""id"": 596019, ""name"": ""Francisco Lindor"", ""bats"": ""S"", ""obp"": 0.3106796116504854, ""slg"": 0.3825136612021858, ""iso"": 0.15846994535519124, ""ab"": 183}, {""id"": 666182, ""name"": ""Bo Bichette"", ""bats"": ""R"", ""obp"": 0.3028953229398664, ""slg"": 0.36893203883495146, ""iso"": 0.11407766990291263, ""ab"": 412}]","[{""id"": 669743, ""name"": ""Alex Call"", ""bats"": ""R"", ""obp"": 0.35714285714285715, ""slg"": 0.3162393162393162, ""iso"": 0.06837606837606836, ""ab"": 117}, {""id"": 681624, ""name"": ""Andy Pages"", ""bats"": ""R"", ""obp"": 0.3333333333333333, ""slg"": 0.45864661654135336, ""iso"": 0.19298245614035087, ""ab"": 399}, {""id"": 690976, ""name"": ""Alex Freeland"", ""bats"": ""S"", ""obp"": 0.3105022831050228, ""slg"": 0.31443298969072164, ""iso"": 0.0824742268041237, ""ab"": 194}]","[{""name"": ""away_top3c_slg"", ""value"": 0.4883, ""contribution"": -0.2432}, {""name"": ""away_top3c_iso"", ""value"": 0.2064, ""contribution"": 0.1967}, {""name"": ""away_top3_ops_vs_oppHand"", ""value"": 0.8687, ""contribution"": 0.1034}, {""name"": ""home_p_last10_pitcher_nrfi"", ""value"": 0.5, ""contribution"": -0.0846}, {""name"": ""home_xera"", ""value"": 3.3533, ""contribution"": -0.0781}]","[{""name"": ""home_top3c_slg"", ""value"": 0.3833, ""contribution"": 0.3546}, {""name"": ""home_top3c_iso"", ""value"": 0.133, ""contribution"": -0.2171}, {""name"": ""away_whiff_pct_rank"", ""value"": 96.0, ""contribution"": -0.199}, {""name"": ""home_top3c_obp"", ""value"": 0.3133, ""contribution"": -0.0947}, {""name"": ""home_plate_ump_nrfi_rate"", ""value"": 0.4271, ""contribution"": -0.0772}]",623946,0.4271,3.353,2.975,90.0,96.0,0.664,0.7136,4.8,4.67,0.8687,0.709,R,R,YRFI,LOSS,0,1,1,2026-07-26T18:05:15+00:00,-110,-120,DraftKings,2026-07-26T16:59:53+00:00,0.5238,0.5455,0.0254,-0.0947,0.0254,N,0.5,0,-105,-125,2026-07-26T14:59:14+00:00,0.0116,0.6366,NRFI,STRONG,,,,,,,
2026-07-26,2026,823354,1,N,CHC,PIT,1:35 PM ET,Jameson Taillon,Braxton Ashcraft,592791,677952,live,live,live,live,0.96,0.4434,0.7071,1.1505,0.242,0.5585,0.8005,0.4384,0.5616,0.3194,0.6806,,,PASS,LOW LAMBDA,PASS - Low lambda,4,2026-07-26T17:05:22Z,4.773,3.791,1.227,1.192,5.837,3.471,2.68,2.39,2.36,1.11,7.66,9.81,0.336,0.334,0.412,0.418,5.055,5.104,27.5,5.8,50.0,0.0,0.2,0.6,0.5,0.6,0.3497,0.3711,0.4382,0.4714,0.1706,0.204,lineup,lineup,"[{""id"": 663968, ""name"": ""Jake Mangum"", ""bats"": ""S"", ""obp"": 0.35231316725978645, ""slg"": 0.3730769230769231, ""iso"": 0.06923076923076926, ""ab"": 260}, {""id"": 664040, ""name"": ""Brandon Lowe"", ""bats"": ""L"", ""obp"": 0.3114754098360656, ""slg"": 0.46825396825396826, ""iso"": 0.22751322751322753, ""ab"": 378}, {""id"": 668804, ""name"": ""Bryan Reynolds"", ""bats"": ""S"", ""obp"": 0.38377192982456143, ""slg"": 0.45287958115183247, ""iso"": 0.18324607329842935, ""ab"": 382}]","[{""id"": 691718, ""name"": ""Pete Crow-Armstrong"", ""bats"": ""L"", ""obp"": 0.3898678414096916, ""slg"": 0.5438144329896907, ""iso"": 0.2525773195876288, ""ab"": 388}, {""id"": 673548, ""name"": ""Seiya Suzuki"", ""bats"": ""R"", ""obp"": 0.35602094240837695, ""slg"": 0.46827794561933533, ""iso"": 0.202416918429003, ""ab"": 331}, {""id"": 683737, ""name"": ""Michael Busch"", ""bats"": ""L"", ""obp"": 0.3650107991360691, ""slg"": 0.4010416666666667, ""iso"": 0.15625000000000003, ""ab"": 384}]","[{""name"": ""away_top3c_iso"", ""value"": 0.204, ""contribution"": 0.1796}, {""name"": ""away_top3c_slg"", ""value"": 0.4714, ""contribution"": -0.1579}, {""name"": ""home_xera"", ""value"": 2.9598, ""contribution"": -0.1184}, {""name"": ""era_gap_t1"", ""value"": -0.9822, ""contribution"": -0.1057}, {""name"": ""home_p_last10_pitcher_nrfi"", ""value"": 0.5, ""contribution"": -0.0846}]","[{""name"": ""away_fip"", ""value"": 5.8371, ""contribution"": 0.1976}, {""name"": ""home_obp"", ""value"": 0.3344, ""contribution"": 0.1441}, {""name"": ""fi_park_nrfi_rate"", ""value"": 0.5188, ""contribution"": -0.1113}, {""name"": ""home_plate_ump_nrfi_rate"", ""value"": 0.574, ""contribution"": 0.0742}, {""name"": ""era_gap_b1"", ""value"": 0.9822, ""contribution"": 0.0664}]",596740,0.574,2.96,3.72,76.0,48.0,0.751,0.724,5.13,4.27,0.837,0.8063,R,R,NRFI,PASS,0,0,0,2026-07-26T17:53:43+00:00,-110,-120,DraftKings,2026-07-26T17:05:13+00:00,0.5238,0.5455,-0.0854,0.0161,,N,,,-110,-120,2026-07-26T17:05:13+00:00,,0.5251,PASS,NO EDGE,,,,,,,
2026-07-26,2026,823194,1,N,LAA,SF,4:05 PM ET,José Soriano,Carson Whisenhunt,667755,687931,live,ltd,live,live,0.94,0.5232,0.4848,1.0081,0.4372,0.328,0.7653,0.4753,0.5247,0.2672,0.7328,,,PASS,NO EDGE,PASS - No edge,4,2026-07-26T19:11:40Z,3.64,4.138,1.288,1.321,3.827,4.758,4.13,3.68,0.85,1.32,9.0,7.66,0.316,0.309,0.39,0.417,4.312,4.206,19.3,33.4,70.0,0.0,0.8,1.0,0.5714,0.8,0.3436,0.3483,0.4508,0.4384,0.1599,0.1976,lineup,lineup,"[{""id"": 650333, ""name"": ""Luis Arraez"", ""bats"": ""L"", ""obp"": 0.3629976580796253, ""slg"": 0.44871794871794873, ""iso"": 0.12307692307692308, ""ab"": 390}, {""id"": 671218, ""name"": ""Heliot Ramos"", ""bats"": ""R"", ""obp"": 0.2962962962962963, ""slg"": 0.44140625, ""iso"": 0.1796875, ""ab"": 256}, {""id"": 805811, ""name"": ""Bryce Eldridge"", ""bats"": ""L"", ""obp"": 0.3611111111111111, ""slg"": 0.46543778801843316, ""iso"": 0.20276497695852536, ""ab"": 217}]","[{""id"": 687263, ""name"": ""Zach Neto"", ""bats"": ""R"", ""obp"": 0.32603938730853393, ""slg"": 0.44527363184079605, ""iso"": 0.20895522388059704, ""ab"": 402}, {""id"": 545361, ""name"": ""Mike Trout"", ""bats"": ""R"", ""obp"": 0.3917525773195876, ""slg"": 0.4577922077922078, ""iso"": 0.2207792207792208, ""ab"": 308}, {""id"": 672724, ""name"": ""Oswald Peraza"", ""bats"": ""R"", ""obp"": 0.2827586206896552, ""slg"": 0.3713235294117647, ""iso"": 0.1323529411764706, ""ab"": 272}]","[{""name"": ""away_top3c_iso"", ""value"": 0.1976, ""contribution"": 0.1348}, {""name"": ""wx_wind_kmh"", ""value"": 33.4, ""contribution"": 0.0976}, {""name"": ""home_fip"", ""value"": 4.7578, ""contribution"": 0.0875}, {""name"": ""home_p_last10_pitcher_nrfi"", ""value"": 0.5714, ""contribution"": -0.0567}, {""name"": ""era_gap_t1"", ""value"": 0.4982, ""contribution"": 0.0546}]","[{""name"": ""wx_wind_kmh"", ""value"": 33.4, ""contribution"": 0.2306}, {""name"": ""away_whiff_pct_rank"", ""value"": 71.0, ""contribution"": -0.0911}, {""name"": ""home_top3c_iso"", ""value"": 0.1599, ""contribution"": -0.0902}, {""name"": ""home_top3c_slg"", ""value"": 0.4508, ""contribution"": -0.0644}, {""name"": ""fi_park_nrfi_rate"", ""value"": 0.5059, ""contribution"": -0.0432}]",427537,0.4944,4.2,3.855,50.0,71.0,0.7136,0.7136,4.73,5.2,0.8077,0.7897,R,L,YRFI,PASS,1,0,1,2026-07-26T20:20:19+00:00,-115,-115,DraftKings,2026-07-26T17:05:13+00:00,0.5349,0.5349,-0.0577,-0.0121,,N,,,-115,-115,2026-07-26T17:05:13+00:00,,0.4589,PASS,NO EDGE,,,,,,,
2026-07-26,2026,824810,1,N,ATL,BAL,1:35 PM ET,Reynaldo López,Shane Baz,625643,669358,ltd,live,live,live,1.06,0.5474,0.6386,1.186,0.3127,0.4642,0.7769,0.4558,0.5442,0.3323,0.6677,,,PASS,NO EDGE,PASS - No edge,4,2026-07-26T17:05:22Z,4.033,4.259,1.322,1.36,4.472,3.713,3.48,3.29,1.31,0.87,8.4,8.44,0.315,0.321,0.417,0.398,4.912,4.571,28.4,9.0,43.0,0.0,0.8,0.2,0.5,0.3,0.3216,0.3386,0.4211,0.484,0.1834,0.2167,lineup,lineup,"[{""id"": 687637, ""name"": ""Dylan Beavers"", ""bats"": ""L"", ""obp"": 0.3390804597701149, ""slg"": 0.3660130718954248, ""iso"": 0.1111111111111111, ""ab"": 153}, {""id"": 624413, ""name"": ""Pete Alonso"", ""bats"": ""R"", ""obp"": 0.3435448577680525, ""slg"": 0.4580152671755725, ""iso"": 0.21119592875318063, ""ab"": 393}, {""id"": 683002, ""name"": ""Gunnar Henderson"", ""bats"": ""L"", ""obp"": 0.29411764705882354, ""slg"": 0.4069767441860465, ""iso"": 0.18372093023255814, ""ab"": 430}]","[{""id"": 686948, ""name"": ""Drake Baldwin"", ""bats"": ""L"", ""obp"": 0.3628808864265928, ""slg"": 0.48253968253968255, ""iso"": 0.20952380952380956, ""ab"": 315}, {""id"": 645277, ""name"": ""Ozzie Albies"", ""bats"": ""S"", ""obp"": 0.3141592920353982, ""slg"": 0.4408866995073892, ""iso"": 0.17733990147783252, ""ab"": 406}, {""id"": 621566, ""name"": ""Matt Olson"", ""bats"": ""L"", ""obp"": 0.3435448577680525, ""slg"": 0.528395061728395, ""iso"": 0.26172839506172835, ""ab"": 405}]","[{""name"": ""away_top3c_iso"", ""value"": 0.2167, ""contribution"": 0.2691}, {""name"": ""away_top3c_slg"", ""value"": 0.484, ""contribution"": -0.2216}, {""name"": ""home_p_last10_pitcher_nrfi"", ""value"": 0.5, ""contribution"": -0.0846}, {""name"": ""away_top3_ops_vs_oppHand"", ""value"": 0.85, ""contribution"": 0.0843}, {""name"": ""fi_park_nrfi_rate"", ""value"": 0.519, ""contribution"": -0.0733}]","[{""name"": ""away_p_last10_pitcher_nrfi"", ""value"": 0.3, ""contribution"": 0.137}, {""name"": ""home_top3c_slg"", ""value"": 0.4211, ""contribution"": 0.1198}, {""name"": ""fi_park_nrfi_rate"", ""value"": 0.519, ""contribution"": -0.1127}, {""name"": ""home_top3c_obp"", ""value"": 0.3216, ""contribution"": -0.0656}, {""name"": ""wx_temp_c"", ""value"": 28.4, ""contribution"": 0.0597}]",503493,0.522,3.874,4.898,59.0,50.0,0.7136,0.7272,5.73,4.47,0.85,0.7617,R,R,NRFI,PASS,0,0,0,2026-07-26T17:55:35+00:00,-110,-120,DraftKings,2026-07-26T17:05:13+00:00,0.5238,0.5455,-0.068,-0.0013,,N,,,-110,-120,2026-07-26T17:05:13+00:00,,0.4621,PASS,NO EDGE,,,,,,,
2026-07-26,2026,823678,1,N,OAK,MIN,2:10 PM ET,Jeffrey Springs,Connor Prielipp,605488,687570,live,ltd,live,live,0.97,0.4865,0.7043,1.1907,0.2381,0.4882,0.7263,0.4772,0.5228,0.334,0.666,,,PASS,NO EDGE,PASS - No edge,4,2026-07-26T18:00:20Z,5.44,4.687,1.361,1.329,5.702,3.932,3.2,3.22,2.12,1.13,7.49,9.31,0.322,0.32,0.404,0.407,4.433,4.69,37.1,14.8,35.0,0.0,0.6,0.6,0.6,0.4,0.3507,0.3474,0.4702,0.4491,0.208,0.187,lineup,lineup,"[{""id"": 668885, ""name"": ""Austin Martin"", ""bats"": ""R"", ""obp"": 0.3561643835616438, ""slg"": 0.3183673469387755, ""iso"": 0.07755102040816325, ""ab"": 245}, {""id"": 621439, ""name"": ""Byron Buxton"", ""bats"": ""R"", ""obp"": 0.3267605633802817, ""slg"": 0.5555555555555556, ""iso"": 0.28703703703703703, ""ab"": 324}, {""id"": 680777, ""name"": ""Ryan Jeffers"", ""bats"": ""R"", ""obp"": 0.3888888888888889, ""slg"": 0.5328947368421053, ""iso"": 0.25000000000000006, ""ab"": 152}]","[{""id"": 805779, ""name"": ""Jacob Wilson"", ""bats"": ""R"", ""obp"": 0.3125, ""slg"": 0.4092664092664093, ""iso"": 0.12741312741312744, ""ab"": 259}, {""id"": 701762, ""name"": ""Nick Kurtz"", ""bats"": ""L"", ""obp"": 0.4014423076923077, ""slg"": 0.4911242603550296, ""iso"": 0.22781065088757396, ""ab"": 338}, {""id"": 641680, ""name"": ""Jonah Heim"", ""bats"": ""S"", ""obp"": 0.28502415458937197, ""slg"": 0.42857142857142855, ""iso"": 0.19576719576719576, ""ab"": 189}]","[{""name"": ""home_xera"", ""value"": 1.9461, ""contribution"": -0.2223}, {""name"": ""fi_park_nrfi_rate"", ""value"": 0.5348, ""contribution"": -0.1278}, {""name"": ""wx_temp_c"", ""value"": 37.1, ""contribution"": 0.0949}, {""name"": ""era_gap_t1"", ""value"": -0.7522, ""contribution"": -0.0808}, {""name"": ""away_top3c_iso"", ""value"": 0.187, ""contribution"": 0.0601}]","[{""name"": ""fi_park_nrfi_rate"", ""value"": 0.5348, ""contribution"": -0.1964}, {""name"": ""home_top3c_slg"", ""value"": 0.4702, ""contribution"": -0.185}, {""name"": ""away_fip"", ""value"": 5.7017, ""contribution"": 0.1831}, {""name"": ""home_top3c_iso"", ""value"": 0.208, ""contribution"": 0.1371}, {""name"": ""wx_temp_c"", ""value"": 37.1, ""contribution"": 0.1323}]",431232,0.4946,1.946,4.027,50.0,71.0,0.7136,0.7396,5.47,4.73,0.7747,0.812,L,L,YRFI,PASS,0,3,3,2026-07-26T18:30:19+00:00,+110,-145,DraftKings,2026-07-26T17:05:13+00:00,0.4762,0.5918,0.001,-0.069,,N,,,+110,-145,2026-07-26T17:05:13+00:00,,0.6396,NRFI,STRONG,,,,,,,
2026-07-26,2026,823433,1,N,NYY,PHI,7:20 PM ET,Will Warren,Cristopher Sánchez,701542,650911,live,live,live,live,1.04,0.3743,0.5344,0.9087,0.2928,0.4871,0.7799,0.4508,0.5492,0.2307,0.7693,,,PASS,NO EDGE,PASS - No edge,4,2026-07-26T23:04:20Z,4.127,2.615,1.37,1.16,4.124,2.661,3.24,1.76,1.26,0.75,9.01,10.09,0.313,0.303,0.417,0.4,4.634,4.304,26.9,11.4,51.0,0.0,0.6,0.6,0.7,0.7,0.3371,0.3284,0.47,0.5196,0.2221,0.2611,lineup,lineup,"[{""id"": 607208, ""name"": ""Trea Turner"", ""bats"": ""R"", ""obp"": 0.29333333333333333, ""slg"": 0.38609112709832133, ""iso"": 0.14388489208633093, ""ab"": 417}, {""id"": 656941, ""name"": ""Kyle Schwarber"", ""bats"": ""L"", ""obp"": 0.3624161073825503, ""slg"": 0.5488126649076517, ""iso"": 0.29815303430079154, ""ab"": 379}, {""id"": 547180, ""name"": ""Bryce Harper"", ""bats"": ""L"", ""obp"": 0.35600907029478457, ""slg"": 0.4837837837837838, ""iso"": 0.23243243243243245, ""ab"": 370}]","[{""id"": 502671, ""name"": ""Paul Goldschmidt"", ""bats"": ""R"", ""obp"": 0.3146853146853147, ""slg"": 0.4866920152091255, ""iso"": 0.22813688212927757, ""ab"": 263}, {""id"": 700250, ""name"": ""Ben Rice"", ""bats"": ""L"", ""obp"": 0.35933806146572106, ""slg"": 0.5772357723577236, ""iso"": 0.30623306233062336, ""ab"": 369}, {""id"": 641857, ""name"": ""Ryan McMahon"", ""bats"": ""L"", ""obp"": 0.27235772357723576, ""slg"": 0.3744493392070485, ""iso"": 0.1629955947136564, ""ab"": 227}]","[{""name"": ""away_top3c_iso"", ""value"": 0.2611, ""contribution"": 0.5818}, {""name"": ""away_top3c_slg"", ""value"": 0.5196, ""contribution"": -0.402}, {""name"": ""era_gap_t1"", ""value"": -1.5115, ""contribution"": -0.163}, {""name"": ""home_fip"", ""value"": 2.6613, ""contribution"": -0.1479}, {""name"": ""home_xera"", ""value"": 2.8811, ""contribution"": -0.1265}]","[{""name"": ""home_top3c_iso"", ""value"": 0.2221, ""contribution"": 0.2035}, {""name"": ""home_top3c_slg"", ""value"": 0.47, ""contribution"": -0.1838}, {""name"": ""fi_park_nrfi_rate"", ""value"": 0.473, ""contribution"": 0.1321}, {""name"": ""home_top3_ops_vs_oppHand"", ""value"": 0.854, ""contribution"": 0.1084}, {""name"": ""era_gap_b1"", ""value"": 1.5115, ""contribution"": 0.1024}]",521251,0.4391,2.881,4.345,95.0,39.0,0.7272,0.6942,5.53,5.13,0.842,0.854,R,L,YRFI,PASS,0,1,1,2026-07-26T23:35:53+00:00,-125,-105,DraftKings,2026-07-26T23:29:19+00:00,0.5556,0.5122,-0.1048,0.037,,N,,,-125,-105,2026-07-26T23:18:45+00:00,,0.4877,PASS,NO EDGE,,,,,,,
2026-07-27,2026,822705,1,N,TOR,WSH,6:45 PM ET,Max Scherzer,Eddy Yean,453286,678868,live,sm,live,live,0.97,0.4307,0.798,1.2286,0.2952,0.7399,1.0351,0.344,0.656,0.3477,0.6523,,,YRFI,STRONG,STRONG YRFI,4,2026-07-27T17:03:44Z,6.786,3.698,1.44,1.181,6.192,4.019,3.26,3.0,2.45,1.07,7.65,8.56,0.305,0.327,0.382,0.442,3.996,5.384,30.6,15.6,49.0,0.0,0.5,0.2,0.5,0.2,0.3274,0.3046,0.442,0.3825,0.169,0.169,team_fallback,team_fallback,[],[],"[{""name"": ""era_gap_t1"", ""value"": -3.088, ""contribution"": -0.3337}, {""name"": ""away_top3c_slg"", ""value"": 0.3825, ""contribution"": 0.2928}, {""name"": ""home_p_last10_pitcher_nrfi"", ""value"": 0.5, ""contribution"": -0.0846}, {""name"": ""fi_park_nrfi_rate"", ""value"": 0.4761, ""contribution"": 0.0751}, {""name"": ""away_top3c_iso"", ""value"": 0.169, ""contribution"": -0.0668}]","[{""name"": ""away_fip"", ""value"": 6.1918, ""contribution"": 0.2355}, {""name"": ""era_gap_b1"", ""value"": 3.088, ""contribution"": 0.2097}, {""name"": ""away_p_last10_pitcher_nrfi"", ""value"": 0.2, ""contribution"": 0.1698}, {""name"": ""fi_park_nrfi_rate"", ""value"": 0.4761, ""contribution"": 0.1154}, {""name"": ""home_obp"", ""value"": 0.3274, ""contribution"": 0.0952}]",,0.5084,4.2,4.629,50.0,39.0,0.7136,0.6909,5.0,3.2,0.72,0.72,R,R,NRFI,LOSS,0,0,0,2026-07-27T23:02:14+00:00,+110,-140,DraftKings,2026-07-27T21:45:02+00:00,0.4762,0.5833,-0.0777,0.0182,0.0182,Y,1,-1,+110,-140,2026-07-27T21:45:02+00:00,0,,,,,,,,,,
2026-07-27,2026,824001,1,N,HOU,LAA,9:38 PM ET,Tatsuya Imai,Walbert Ureña,837227,700712,ltd,ltd,live,live,0.99,0.4942,0.6227,1.1169,0.3013,0.6618,0.9632,0.3912,0.6088,0.3072,0.6928,,,YRFI,STRONG,STRONG YRFI,4,2026-07-27T17:03:44Z,5.01,3.217,1.384,1.294,4.461,3.841,4.5,4.25,1.32,0.73,10.09,8.63,0.316,0.316,0.411,0.39,4.561,4.31,29.2,14.3,63.0,0.0,1.0,0.6,0.8,0.7,0.316,0.316,0.3904,0.4114,0.169,0.169,team_fallback,team_fallback,[],[],"[{""name"": ""era_gap_t1"", ""value"": -1.793, ""contribution"": -0.1935}, {""name"": ""home_xera"", ""value"": 2.4971, ""contribution"": -0.1658}, {""name"": ""fi_park_nrfi_rate"", ""value"": 0.4526, ""contribution"": 0.1563}, {""name"": ""away_top3c_slg"", ""value"": 0.4114, ""contribution"": 0.1463}, {""name"": ""away_top3c_iso"", ""value"": 0.169, ""contribution"": -0.0668}]","[{""name"": ""home_top3c_slg"", ""value"": 0.3904, ""contribution"": 0.3108}, {""name"": ""fi_park_nrfi_rate"", ""value"": 0.4526, ""contribution"": 0.2403}, {""name"": ""era_gap_b1"", ""value"": 1.793, ""contribution"": 0.1216}, {""name"": ""home_top3c_obp"", ""value"": 0.316, ""contribution"": -0.0852}, {""name"": ""wx_temp_c"", ""value"": 29.2, ""contribution"": 0.0664}]",,0.5084,2.497,0.926,50.0,50.0,0.7136,0.7272,5.0,4.6,0.72,0.72,R,R,YRFI,WIN,0,2,2,2026-07-28T02:07:20+00:00,-115,-115,DraftKings,2026-07-28T00:41:33+00:00,0.5349,0.5349,-0.1736,0.1038,0.1038,Y,1,0.87,-115,-115,2026-07-28T00:36:10+00:00,0,,,,,,,,,,
2026-07-27,2026,824977,1,N,BOS,OAK,9:40 PM ET,Payton Tolle,Jack Perkins,801139,678022,ltd,live,live,live,0.93,0.4987,0.4275,0.9262,0.4536,0.3992,0.8527,0.4064,0.5936,0.2371,0.7629,,,YRFI,STRONG,STRONG YRFI,4,2026-07-27T17:03:44Z,3.576,5.743,1.15,1.345,3.544,4.202,2.72,3.42,1.0,1.41,9.4,10.11,0.314,0.322,0.394,0.404,4.248,4.463,22.6,14.9,57.0,0.0,0.6,0.4,0.5,0.7,0.3221,0.3143,0.4044,0.3939,0.169,0.169,team_fallback,team_fallback,[],[],"[{""name"": ""era_gap_t1"", ""value"": 2.1665, ""contribution"": 0.2352}, {""name"": ""away_top3c_slg"", ""value"": 0.3939, ""contribution"": 0.2349}, {""name"": ""fi_park_nrfi_rate"", ""value"": 0.4422, ""contribution"": 0.1922}, {""name"": ""home_p_last10_pitcher_nrfi"", ""value"": 0.5, ""contribution"": -0.0846}, {""name"": ""home_xera"", ""value"": 3.41, ""contribution"": -0.0723}]","[{""name"": ""fi_park_nrfi_rate"", ""value"": 0.4422, ""contribution"": 0.2954}, {""name"": ""home_top3c_slg"", ""value"": 0.4044, ""contribution"": 0.2237}, {""name"": ""away_whiff_pct_rank"", ""value"": 100.0, ""contribution"": -0.2163}, {""name"": ""era_gap_b1"", ""value"": -2.1665, ""contribution"": -0.1478}, {""name"": ""home_top3c_obp"", ""value"": 0.3221, ""contribution"": -0.0637}]",,0.5084,3.41,3.327,90.0,100.0,0.7136,0.6796,4.73,5.07,0.72,0.72,L,R,YRFI,PASS,0,1,1,2026-07-28T01:56:10+00:00,-105,-125,DraftKings,2026-07-28T02:39:18+00:00,0.5122,0.5556,-0.0738,0.006,0.0284,N,1,,-105,-125,2026-07-28T01:35:08+00:00,0,,,,,,,,,,
2026-07-27,2026,823195,1,N,MIL,SF,9:45 PM ET,Brandon Sproat,Tyler Mahle,687075,641816,live,live,live,live,0.94,0.5521,0.5704,1.1225,0.3585,0.5089,0.8675,0.4064,0.5936,0.3092,0.6908,,,YRFI,STRONG,STRONG YRFI,4,2026-07-27T17:03:44Z,4.831,4.474,1.339,1.358,4.672,4.297,4.01,3.39,1.46,1.18,9.2,8.05,0.334,0.309,0.403,0.416,5.021,4.196,20.1,32.1,65.0,0.0,0.6,0.4,0.6,0.6,0.309,0.3344,0.4158,0.4026,0.169,0.169,team_fallback,team_fallback,[],[],"[{""name"": ""away_top3c_slg"", ""value"": 0.4026, ""contribution"": 0.1907}, {""name"": ""wx_wind_kmh"", ""value"": 32.1, ""contribution"": 0.0918}, {""name"": ""away_top3c_iso"", ""value"": 0.169, ""contribution"": -0.0668}, {""name"": ""away_top3_ops_vs_oppHand"", ""value"": 0.72, ""contribution"": -0.0481}, {""name"": ""home_p_last10_pitcher_nrfi"", ""value"": 0.6, ""contribution"": -0.0455}]","[{""name"": ""wx_wind_kmh"", ""value"": 32.1, ""contribution"": 0.2169}, {""name"": ""home_top3c_slg"", ""value"": 0.4158, ""contribution"": 0.1531}, {""name"": ""away_whiff_pct_rank"", ""value"": 16.0, ""contribution"": 0.1463}, {""name"": ""home_top3c_obp"", ""value"": 0.309, ""contribution"": -0.1098}, {""name"": ""away_fip"", ""value"": 4.6717, ""contribution"": 0.0731}]",,0.5084,4.327,4.139,38.0,16.0,0.7272,0.7136,5.27,4.6,0.72,0.72,R,R,NRFI,PASS,0,0,0,2026-07-28T01:59:44+00:00,-120,-105,DraftKings,2026-07-28T02:39:18+00:00,0.5455,0.5122,-0.1362,0.0785,0.0814,N,1,,-120,-105,2026-07-28T01:40:44+00:00,0,,,,,,,,,,
2026-07-27,2026,823353,1,N,ARI,PIT,6:40 PM ET,Merrill Kelly,Mitch Keller,518876,656605,live,live,live,live,0.96,0.4746,0.6929,1.1674,0.3754,0.5043,0.8798,0.4064,0.5936,0.3256,0.6744,,,YRFI,STRONG,STRONG YRFI,4,2026-07-27T17:03:44Z,4.674,4.708,1.379,1.296,5.344,4.193,3.24,2.95,1.7,1.08,6.38,7.11,0.314,0.335,0.396,0.42,4.517,5.128,30.7,17.5,42.0,0.0,0.6,0.6,0.7,0.6,0.3353,0.3142,0.4201,0.3965,0.169,0.169,team_fallback,team_fallback,[],[],"[{""name"": ""away_top3c_slg"", ""value"": 0.3965, ""contribution"": 0.2218}, {""name"": ""fi_park_nrfi_rate"", ""value"": 0.5188, ""contribution"": -0.0724}, {""name"": ""away_top3c_iso"", ""value"": 0.169, ""contribution"": -0.0668}, {""name"": ""wx_temp_c"", ""value"": 30.7, ""contribution"": 0.0565}, {""name"": ""away_top3_ops_vs_oppHand"", ""value"": 0.72, ""contribution"": -0.0481}]","[{""name"": ""home_obp"", ""value"": 0.3353, ""contribution"": 0.1504}, {""name"": ""away_fip"", ""value"": 5.3444, ""contribution"": 0.1449}, {""name"": ""home_top3c_slg"", ""value"": 0.4201, ""contribution"": 0.1258}, {""name"": ""fi_park_nrfi_rate"", ""value"": 0.5188, ""contribution"": -0.1113}, {""name"": ""wx_temp_c"", ""value"": 30.7, ""contribution"": 0.0789}]",,0.5084,4.372,4.616,18.0,52.0,0.7272,0.7197,5.2,5.6,0.72,0.72,R,R,NRFI,LOSS,0,0,0,2026-07-27T22:55:26+00:00,+105,-135,DraftKings,2026-07-27T21:45:02+00:00,0.4878,0.5745,-0.0814,0.0191,0.0191,Y,1,-1,+105,-135,2026-07-27T21:39:44+00:00,0,,,,,,,,,,
2026-07-27,2026,824490,1,N,CLE,CIN,7:10 PM ET,Slade Cecconi,Chase Burns,677944,695505,live,live,live,live,1.09,0.455,0.6022,1.0572,0.3401,0.5315,0.8716,0.4064,0.5936,0.2853,0.7147,,,YRFI,STRONG,STRONG YRFI,4,2026-07-27T17:03:44Z,4.516,2.935,1.377,1.157,4.561,3.516,2.75,3.22,1.4,1.05,7.23,10.47,0.31,0.309,0.375,0.398,3.996,4.197,33.6,11.6,38.0,0.0,1.0,0.6,0.9,0.8,0.309,0.3099,0.3983,0.3754,0.169,0.169,team_fallback,team_fallback,[],[],"[{""name"": ""away_top3c_slg"", ""value"": 0.3754, ""contribution"": 0.3284}, {""name"": ""era_gap_t1"", ""value"": -1.5816, ""contribution"": -0.1706}, {""name"": ""wx_temp_c"", ""value"": 33.6, ""contribution"": 0.0739}, {""name"": ""home_p_last10_pitcher_nrfi"", ""value"": 0.9, ""contribution"": 0.0716}, {""name"": ""home_xera"", ""value"": 3.4465, ""contribution"": -0.0685}]","[{""name"": ""home_top3c_slg"", ""value"": 0.3983, ""contribution"": 0.2617}, {""name"": ""away_whiff_pct_rank"", ""value"": 24.0, ""contribution"": 0.1117}, {""name"": ""home_top3c_obp"", ""value"": 0.309, ""contribution"": -0.1098}, {""name"": ""era_gap_b1"", ""value"": 1.5816, ""contribution"": 0.1072}, {""name"": ""wx_temp_c"", ""value"": 33.6, ""contribution"": 0.1031}]",,0.5084,3.446,4.958,100.0,24.0,0.7136,0.7272,5.4,5.07,0.72,0.72,R,R,YRFI,WIN,4,0,4,2026-07-28T18:12:41+00:00,-105,-125,DraftKings,2026-07-28T02:39:18+00:00,0.5122,0.5556,-0.035,-0.0328,0.0587,Y,1,0.8,-105,-125,2026-07-27T23:05:14+00:00,0,,,,,,,,,,
2026-07-27,2026,823597,1,N,ATL,NYM,7:10 PM ET,Martín Pérez,Zac Thornton,527048,804267,live,sm,live,live,0.96,0.4441,0.4972,0.9412,0.2985,0.513,0.8115,0.4384,0.5616,0.2426,0.7574,,,PASS,LINEUP PENDING,PASS - Lineup pending,4,2026-07-27T17:03:44Z,3.539,3.35,1.197,1.114,4.403,3.778,3.62,2.71,1.07,0.91,7.22,7.97,0.316,0.305,0.416,0.384,4.896,4.128,25.3,18.0,68.0,0.0,0.5,0.8,0.5,0.8,0.3055,0.316,0.3842,0.4158,0.169,0.169,team_fallback,team_fallback,[],[],"[{""name"": ""away_top3c_slg"", ""value"": 0.4158, ""contribution"": 0.1242}, {""name"": ""home_p_last10_pitcher_nrfi"", ""value"": 0.5, ""contribution"": -0.0846}, {""name"": ""away_top3c_iso"", ""value"": 0.169, ""contribution"": -0.0668}, {""name"": ""away_top3_ops_vs_oppHand"", ""value"": 0.72, ""contribution"": -0.0481}, {""name"": ""wx_wind_kmh"", ""value"": 18.0, ""contribution"": 0.029}]","[{""name"": ""home_top3c_slg"", ""value"": 0.3842, ""contribution"": 0.3489}, {""name"": ""away_whiff_pct_rank"", ""value"": 6.0, ""contribution"": 0.1894}, {""name"": ""home_top3c_obp"", ""value"": 0.3055, ""contribution"": -0.1221}, {""name"": ""wx_wind_kmh"", ""value"": 18.0, ""contribution"": 0.0685}, {""name"": ""home_obp"", ""value"": 0.3055, ""contribution"": -0.0581}]",,0.5084,4.2,5.497,50.0,6.0,0.7136,0.7075,5.83,4.67,0.72,0.72,L,L,YRFI,PASS,1,1,2,2026-07-27T23:30:50+00:00,-105,-125,DraftKings,2026-07-28T02:39:18+00:00,0.5122,0.5556,-0.035,-0.0328,,N,,,-105,-125,2026-07-27T23:05:14+00:00,,,,,,,,,,,
2026-07-27,2026,822868,1,N,SEA,TEX,2:35 PM ET,George Kirby,Kumar Rocker,669923,677958,live,live,live,live,1.07,0.5567,0.4436,1.0003,0.3264,0.2329,0.5593,0.56,0.44,0.2643,0.7357,,,NRFI,LEAN,LEAN NRFI,4,2026-07-27T17:03:44Z,3.734,4.388,1.257,1.327,3.31,4.28,1.97,3.29,0.91,1.2,8.51,8.13,0.311,0.32,0.381,0.404,4.079,4.254,,,,1.0,0.6,0.8,0.6,0.6,0.3315,0.3187,0.4829,0.436,0.2139,0.1801,lineup,lineup,"[{""id"": 592626, ""name"": ""Joc Pederson"", ""bats"": ""L"", ""obp"": 0.34069400630914826, ""slg"": 0.4909090909090909, ""iso"": 0.24, ""ab"": 275}, {""id"": 694671, ""name"": ""Wyatt Langford"", ""bats"": ""R"", ""obp"": 0.3333333333333333, ""slg"": 0.5280373831775701, ""iso"": 0.23831775700934582, ""ab"": 214}, {""id"": 677649, ""name"": ""Ezequiel Duran"", ""bats"": ""R"", ""obp"": 0.32222222222222224, ""slg"": 0.44680851063829785, ""iso"": 0.17629179331306988, ""ab"": 329}]","[{""id"": 702284, ""name"": ""Cole Young"", ""bats"": ""L"", ""obp"": 0.3119047619047619, ""slg"": 0.4036458333333333, ""iso"": 0.1484375, ""ab"": 384}, {""id"": 677594, ""name"": ""Julio Rodr\u00edguez"", ""bats"": ""R"", ""obp"": 0.31630170316301703, ""slg"": 0.41711229946524064, ""iso"": 0.16310160427807485, ""ab"": 374}, {""id"": 686527, ""name"": ""Dominic Canzone"", ""bats"": ""L"", ""obp"": 0.33217993079584773, ""slg"": 0.5116279069767442, ""iso"": 0.25193798449612403, ""ab"": 258}]","[{""name"": ""fi_park_nrfi_rate"", ""value"": 0.5398, ""contribution"": -0.1451}, {""name"": ""home_xera"", ""value"": 4.973, ""contribution"": 0.0879}, {""name"": ""era_gap_t1"", ""value"": 0.6543, ""contribution"": 0.0715}, {""name"": ""home_p_last10_pitcher_nrfi"", ""value"": 0.6, ""contribution"": -0.0455}, {""name"": ""home_fip"", ""value"": 4.2804, ""contribution"": 0.0339}]","[{""name"": ""home_top3c_slg"", ""value"": 0.4829, ""contribution"": -0.264}, {""name"": ""fi_park_nrfi_rate"", ""value"": 0.5398, ""contribution"": -0.2231}, {""name"": ""home_top3c_iso"", ""value"": 0.2139, ""contribution"": 0.1649}, {""name"": ""away_whiff_pct_rank"", ""value"": 72.0, ""contribution"": -0.0954}, {""name"": ""wx_is_dome"", ""value"": 1.0, ""contribution"": -0.0758}]",658292,0.4848,4.973,3.551,44.0,72.0,0.7396,0.7897,5.07,6.4,0.76,0.825,R,R,YRFI,LOSS,0,1,1,2026-07-27T18:51:10+00:00,-125,-105,DraftKings,2026-07-28T02:39:18+00:00,0.5556,0.5122,0.0044,-0.0722,0.0044,N,0.5,0,-125,-105,2026-07-27T17:33:07+00:00,0,,,,,,,,,,
2026-07-27,2026,824245,1,N,BAL,DET,6:40 PM ET,Kyle Bradish,Keider Montero,680694,672456,live,live,live,live,0.98,0.4315,0.4932,0.9246,0.3567,0.299,0.6557,0.5416,0.4584,0.2365,0.7635,,,PASS,LINEUP PENDING,PASS - Lineup pending,4,2026-07-27T17:03:44Z,3.553,3.463,1.288,1.069,3.937,3.926,3.76,2.19,1.0,1.03,9.06,6.88,0.32,0.312,0.397,0.399,4.55,4.236,32.6,13.8,37.0,0.0,0.8,1.0,0.9,0.9,0.3125,0.3204,0.3991,0.3974,0.169,0.169,team_fallback,team_fallback,[],[],"[{""name"": ""away_top3c_slg"", ""value"": 0.3974, ""contribution"": 0.2173}, {""name"": ""fi_park_nrfi_rate"", ""value"": 0.5322, ""contribution"": -0.1188}, {""name"": ""home_p_last10_pitcher_nrfi"", ""value"": 0.9, ""contribution"": 0.0716}, {""name"": ""wx_temp_c"", ""value"": 32.6, ""contribution"": 0.0679}, {""name"": ""away_top3c_iso"", ""value"": 0.169, ""contribution"": -0.0668}]","[{""name"": ""home_top3c_slg"", ""value"": 0.3991, ""contribution"": 0.2564}, {""name"": ""away_whiff_pct_rank"", ""value"": 94.0, ""contribution"": -0.1904}, {""name"": ""fi_park_nrfi_rate"", ""value"": 0.5322, ""contribution"": -0.1826}, {""name"": ""home_top3c_obp"", ""value"": 0.3125, ""contribution"": -0.0975}, {""name"": ""wx_temp_c"", ""value"": 32.6, ""contribution"": 0.0948}]",,0.5084,4.024,3.85,9.0,94.0,0.7272,0.7272,6.13,6.47,0.72,0.72,R,R,YRFI,LOSS,1,0,1,2026-07-27T22:58:19+00:00,-120,-105,DraftKings,2026-07-28T02:39:18+00:00,0.5455,0.5122,0.0024,-0.0601,0.0024,N,0.5,0,-120,-110,2026-07-27T21:39:44+00:00,0,,,,,,,,,,
2026-07-27,2026,823839,1,N,PHI,MIA,6:40 PM ET,Zack Wheeler,Tyler Phillips,554430,663969,live,live,live,live,0.95,0.5064,0.3448,0.8511,0.4396,0.3287,0.7683,0.4701,0.5299,0.2097,0.7903,,,PASS,LINEUP PENDING,PASS - Lineup pending,4,2026-07-27T17:03:44Z,2.317,3.438,0.897,1.323,2.967,4.459,1.98,3.68,1.03,1.03,10.88,6.74,0.305,0.324,0.402,0.404,4.36,4.393,,,,1.0,0.6,1.0,0.7,0.9,0.3239,0.3046,0.4044,0.4017,0.169,0.169,team_fallback,team_fallback,[],[],"[{""name"": ""away_top3c_slg"", ""value"": 0.4017, ""contribution"": 0.1951}, {""name"": ""fi_park_nrfi_rate"", ""value"": 0.455, ""contribution"": 0.1479}, {""name"": ""era_gap_t1"", ""value"": 1.1208, ""contribution"": 0.122}, {""name"": ""away_top3c_iso"", ""value"": 0.169, ""contribution"": -0.0668}, {""name"": ""home_fip"", ""value"": 4.4593, ""contribution"": 0.054}]","[{""name"": ""fi_park_nrfi_rate"", ""value"": 0.455, ""contribution"": 0.2273}, {""name"": ""home_top3c_slg"", ""value"": 0.4044, ""contribution"": 0.2238}, {""name"": ""away_whiff_pct_rank"", ""value"": 93.0, ""contribution"": -0.1861}, {""name"": ""away_fip"", ""value"": 2.9672, ""contribution"": -0.1091}, {""name"": ""era_gap_b1"", ""value"": -1.1208, ""contribution"": -0.0766}]",,0.5084,4.17,1.949,85.0,93.0,0.7272,0.8025,4.2,6.33,0.72,0.72,R,R,YRFI,PASS,2,2,4,2026-07-27T22:57:28+00:00,-130,+100,DraftKings,2026-07-28T02:39:18+00:00,0.5652,0.5,-0.1268,0.0616,,N,,,-130,+100,2026-07-27T22:38:30+00:00,,,,,,,,,,,
2026-07-27,2026,824570,1,N,NYY,CWS,7:40 PM ET,Max Fried,Noah Schultz,608331,702273,live,ltd,live,live,0.98,0.59,0.3626,0.9527,0.4402,0.3618,0.802,0.4384,0.5616,0.2468,0.7532,,,PASS,LINEUP PENDING,PASS - Lineup pending,4,2026-07-27T17:03:44Z,2.929,5.262,1.013,1.377,2.761,4.723,2.58,3.93,0.33,1.35,8.11,8.22,0.313,0.318,0.417,0.41,4.629,4.777,23.9,26.8,85.0,0.0,0.4,1.0,0.6,0.8,0.3177,0.3134,0.4096,0.4166,0.169,0.169,team_fallback,team_fallback,[],[],"[{""name"": ""era_gap_t1"", ""value"": 2.3339, ""contribution"": 0.2533}, {""name"": ""away_top3c_slg"", ""value"": 0.4166, ""contribution"": 0.1198}, {""name"": ""home_xera"", ""value"": 3.2713, ""contribution"": -0.0865}, {""name"": ""fi_park_nrfi_rate"", ""value"": 0.473, ""contribution"": 0.0859}, {""name"": ""home_fip"", ""value"": 4.7227, ""contribution"": 0.0835}]","[{""name"": ""home_top3c_slg"", ""value"": 0.4096, ""contribution"": 0.1912}, {""name"": ""wx_wind_kmh"", ""value"": 26.8, ""contribution"": 0.1611}, {""name"": ""era_gap_b1"", ""value"": -2.3339, ""contribution"": -0.1592}, {""name"": ""fi_park_nrfi_rate"", ""value"": 0.473, ""contribution"": 0.1321}, {""name"": ""away_fip"", ""value"": 2.7609, ""contribution"": -0.1311}]",,0.5084,3.271,2.863,50.0,72.0,0.7136,0.7272,4.4,5.07,0.72,0.72,L,L,YRFI,WIN,0,3,3,2026-07-28T00:30:47+00:00,-120,-110,DraftKings,2026-07-27T22:43:47+00:00,0.5455,0.5238,-0.2236,0.1543,0.1543,Y,1,0.909,-120,-110,2026-07-27T22:38:30+00:00,0,,,,,,,,,,
2026-07-27,2026,823025,1,N,CHC,STL,7:45 PM ET,David Peterson,TBD,656849,,live,avg,live,live,0.97,0.519,0.556,1.0751,0.2874,0.4927,0.7801,0.4505,0.5495,0.2918,0.7082,,,PASS,LINEUP PENDING,PASS - Lineup pending + Starter pending,3,2026-07-27T17:03:44Z,5.426,4.17,1.505,1.26,3.943,4.17,3.73,2.93,0.81,1.21,7.65,8.75,0.336,0.316,0.413,0.384,5.071,4.446,38.4,15.6,34.0,0.0,0.5,0.6,0.5,0.4,0.316,0.3361,0.3842,0.4131,0.169,0.169,team_fallback,team_fallback,[],[],"[{""name"": ""away_top3c_slg"", ""value"": 0.4131, ""contribution"": 0.1375}, {""name"": ""era_gap_t1"", ""value"": -1.2555, ""contribution"": -0.1353}, {""name"": ""wx_temp_c"", ""value"": 38.4, ""contribution"": 0.1027}, {""name"": ""fi_park_nrfi_rate"", ""value"": 0.527, ""contribution"": -0.1009}, {""name"": ""home_p_last10_pitcher_nrfi"", ""value"": 0.5, ""contribution"": -0.0846}]","[{""name"": ""home_top3c_slg"", ""value"": 0.3842, ""contribution"": 0.3488}, {""name"": ""fi_park_nrfi_rate"", ""value"": 0.527, ""contribution"": -0.1552}, {""name"": ""wx_temp_c"", ""value"": 38.4, ""contribution"": 0.1432}, {""name"": ""away_p_last10_pitcher_nrfi"", ""value"": 0.4, ""contribution"": 0.1041}, {""name"": ""home_top3c_obp"", ""value"": 0.316, ""contribution"": -0.0852}]",,0.5084,4.2,4.593,50.0,68.0,0.7136,0.7272,5.0,5.0,0.72,0.72,L,,YRFI,WIN,1,0,1,2026-07-28T01:50:24+00:00,+110,-140,DraftKings,2026-07-27T22:49:06+00:00,0.4762,0.5833,-0.0698,0.0103,0.0103,Y,1,0.714,+110,-140,2026-07-27T22:43:47+00:00,0,,,,,,,,,,
2026-07-28,2026,824569,1,N,NYY,CWS,7:40 PM ET,Gerrit Cole,Anthony Kay,543037,641743,ltd,ltd,live,live,0.98,0.5434,0.4835,1.0268,0.6445,0.5322,1.1767,0.2872,0.7128,0.2741,0.7259,,,YRFI,STRONG,STRONG YRFI,4,2026-07-28T21:36:01Z,4.018,4.198,1.163,1.338,4.059,4.531,2.21,3.46,1.45,1.26,9.25,7.75,0.313,0.319,0.417,0.41,4.665,4.779,20.4,19.8,83.0,0.0,0.8,0.6,0.8,0.7,0.3646,0.3315,0.4762,0.5216,0.2225,0.2602,lineup,lineup,"[{""id"": 803011, ""name"": ""Sam Antonacci"", ""bats"": ""L"", ""obp"": 0.3735294117647059, ""slg"": 0.4135593220338983, ""iso"": 0.13220338983050844, ""ab"": 295}, {""id"": 808959, ""name"": ""Munetaka Murakami"", ""bats"": ""L"", ""obp"": 0.3815789473684211, ""slg"": 0.540650406504065, ""iso"": 0.30081300813008127, ""ab"": 246}, {""id"": 678246, ""name"": ""Miguel Vargas"", ""bats"": ""R"", ""obp"": 0.3465783664459161, ""slg"": 0.4831168831168831, ""iso"": 0.24155844155844156, ""ab"": 385}]","[{""id"": 502671, ""name"": ""Paul Goldschmidt"", ""bats"": ""R"", ""obp"": 0.31756756756756754, ""slg"": 0.4797047970479705, ""iso"": 0.22140221402214022, ""ab"": 271}, {""id"": 700250, ""name"": ""Ben Rice"", ""bats"": ""L"", ""obp"": 0.3625866050808314, ""slg"": 0.5846560846560847, ""iso"": 0.30952380952380953, ""ab"": 378}, {""id"": 642708, ""name"": ""Amed Rosario"", ""bats"": ""R"", ""obp"": 0.2784090909090909, ""slg"": 0.4444444444444444, ""iso"": 0.20987654320987653, ""ab"": 162}]","[{""name"": ""away_top3c_iso"", ""value"": 0.2602, ""contribution"": 0.5753}, {""name"": ""away_top3c_slg"", ""value"": 0.5216, ""contribution"": -0.4118}, {""name"": ""home_xera"", ""value"": 7.5858, ""contribution"": 0.3556}, {""name"": ""away_top3_ops_vs_oppHand"", ""value"": 0.8533, ""contribution"": 0.0877}, {""name"": ""fi_park_nrfi_rate"", ""value"": 0.473, ""contribution"": 0.0859}]","[{""name"": ""home_top3c_slg"", ""value"": 0.4762, ""contribution"": -0.2227}, {""name"": ""home_top3c_iso"", ""value"": 0.2225, ""contribution"": 0.2051}, {""name"": ""home_top3_ops_vs_oppHand"", ""value"": 0.88, ""contribution"": 0.1395}, {""name"": ""fi_park_nrfi_rate"", ""value"": 0.473, ""contribution"": 0.1321}, {""name"": ""wx_wind_kmh"", ""value"": 19.8, ""contribution"": 0.0874}]",577468,0.4946,7.586,4.2,50.0,50.0,0.7136,0.7396,4.4,5.93,0.8533,0.88,R,L,NRFI,LOSS,0,0,0,2026-07-28T23:55:08+00:00,-115,-115,DraftKings,2026-07-28T22:08:12+00:00,0.5349,0.5349,-0.2477,0.1779,0.1779,Y,9.56,-9.56,-115,-115,2026-07-28T22:08:12+00:00,0,,,,,,,,,,
2026-07-28,2026,824490,1,S,CLE,CIN,1:40 PM ET,Slade Cecconi,Chase Burns,677944,695505,live,live,live,live,1.09,0.455,0.6022,1.0572,0.2522,0.53,0.7821,0.4835,0.5165,0.2853,0.7147,,,PASS,NO EDGE,PASS - No edge,4,2026-07-28T17:24:34Z,4.516,2.935,1.377,1.157,4.561,3.516,2.75,3.22,1.4,1.05,7.23,10.47,0.31,0.309,0.375,0.398,3.996,4.197,29.4,15.0,50.0,0.0,1.0,0.6,0.9,0.8,0.3411,0.3468,0.4816,0.3861,0.2254,0.1297,lineup,lineup,"[{""id"": 682829, ""name"": ""Elly De La Cruz"", ""bats"": ""S"", ""obp"": 0.3543307086614173, ""slg"": 0.5059171597633136, ""iso"": 0.22781065088757402, ""ab"": 338}, {""id"": 701398, ""name"": ""Sal Stewart"", ""bats"": ""R"", ""obp"": 0.3288888888888889, ""slg"": 0.4696969696969697, ""iso"": 0.21717171717171718, ""ab"": 396}, {""id"": 668709, ""name"": ""JJ Bleday"", ""bats"": ""L"", ""obp"": 0.3426791277258567, ""slg"": 0.46886446886446886, ""iso"": 0.23443223443223443, ""ab"": 273}]","[{""id"": 680757, ""name"": ""Steven Kwan"", ""bats"": ""L"", ""obp"": 0.35142118863049093, ""slg"": 0.3081570996978852, ""iso"": 0.060422960725075525, ""ab"": 331}, {""id"": 608070, ""name"": ""Jos\u00e9 Ram\u00edrez"", ""bats"": ""S"", ""obp"": 0.33534743202416917, ""slg"": 0.40492957746478875, ""iso"": 0.16901408450704228, ""ab"": 284}, {""id"": 800050, ""name"": ""Chase DeLauter"", ""bats"": ""L"", ""obp"": 0.3521505376344086, ""slg"": 0.44744744744744747, ""iso"": 0.16516516516516516, ""ab"": 333}]","[{""name"": ""away_top3c_iso"", ""value"": 0.1297, ""contribution"": -0.3433}, {""name"": ""away_top3c_slg"", ""value"": 0.3861, ""contribution"": 0.2745}, {""name"": ""era_gap_t1"", ""value"": -1.5816, ""contribution"": -0.1706}, {""name"": ""home_p_last10_pitcher_nrfi"", ""value"": 0.9, ""contribution"": 0.0716}, {""name"": ""away_top3_ops_vs_oppHand"", ""value"": 0.6987, ""contribution"": -0.0699}]","[{""name"": ""home_top3c_slg"", ""value"": 0.4816, ""contribution"": -0.2561}, {""name"": ""home_top3c_iso"", ""value"": 0.2254, ""contribution"": 0.2191}, {""name"": ""away_whiff_pct_rank"", ""value"": 24.0, ""contribution"": 0.1117}, {""name"": ""era_gap_b1"", ""value"": 1.5816, ""contribution"": 0.1072}, {""name"": ""wx_temp_c"", ""value"": 29.4, ""contribution"": 0.068}]",427315,0.5564,3.446,4.958,100.0,24.0,0.7136,0.7272,5.4,5.07,0.6987,0.7947,R,R,YRFI,PASS,4,0,4,2026-07-28T18:09:09+00:00,+100,-130,DraftKings,2026-07-28T17:41:43+00:00,0.5,0.5652,-0.0165,-0.0487,,N,,,+100,-130,2026-07-28T17:36:09+00:00,,0.4144,YRFI,STRONG,,,,,,,
2026-07-28,2026,823838,1,N,PHI,MIA,6:40 PM ET,Aaron Nola,Sandy Alcantara,605400,645261,live,live,live,live,0.95,0.4394,0.5794,1.0188,0.3637,0.4555,0.8192,0.4674,0.5326,0.2711,0.7289,,,PASS,NO EDGE,PASS - No edge,4,2026-07-28T21:36:01Z,5.764,4.305,1.418,1.239,4.975,4.075,2.93,2.51,1.95,1.08,9.28,7.01,0.305,0.325,0.403,0.407,4.381,4.422,,,,1.0,1.0,0.8,0.9,0.7,0.3361,0.3218,0.4761,0.4293,0.1981,0.1793,lineup,lineup,"[{""id"": 672640, ""name"": ""Otto Lopez"", ""bats"": ""R"", ""obp"": 0.3654708520179372, ""slg"": 0.49635036496350365, ""iso"": 0.16545012165450124, ""ab"": 411}, {""id"": 669065, ""name"": ""Kyle Stowers"", ""bats"": ""L"", ""obp"": 0.3160919540229885, ""slg"": 0.44155844155844154, ""iso"": 0.20779220779220778, ""ab"": 308}, {""id"": 681715, ""name"": ""Heriberto Hern\u00e1ndez"", ""bats"": ""R"", ""obp"": 0.31365313653136534, ""slg"": 0.4857142857142857, ""iso"": 0.24081632653061225, ""ab"": 245}]","[{""id"": 607208, ""name"": ""Trea Turner"", ""bats"": ""R"", ""obp"": 0.29347826086956524, ""slg"": 0.38875878220140514, ""iso"": 0.1451990632318501, ""ab"": 427}, {""id"": 681082, ""name"": ""Bryson Stott"", ""bats"": ""L"", ""obp"": 0.3118556701030928, ""slg"": 0.41292134831460675, ""iso"": 0.15730337078651685, ""ab"": 356}, {""id"": 547180, ""name"": ""Bryce Harper"", ""bats"": ""L"", ""obp"": 0.35920177383592017, ""slg"": 0.4907161803713528, ""iso"": 0.23872679045092837, ""ab"": 377}]","[{""name"": ""era_gap_t1"", ""value"": -1.4593, ""contribution"": -0.1574}, {""name"": ""fi_park_nrfi_rate"", ""value"": 0.455, ""contribution"": 0.1479}, {""name"": ""home_p_last10_pitcher_nrfi"", ""value"": 0.9, ""contribution"": 0.0716}, {""name"": ""away_top3c_slg"", ""value"": 0.4293, ""contribution"": 0.0555}, {""name"": ""home_avg_ip_per_start"", ""value"": 6.7333, ""contribution"": -0.0494}]","[{""name"": ""fi_park_nrfi_rate"", ""value"": 0.455, ""contribution"": 0.2273}, {""name"": ""home_top3c_slg"", ""value"": 0.4761, ""contribution"": -0.2221}, {""name"": ""away_fip"", ""value"": 4.9751, ""contribution"": 0.1055}, {""name"": ""era_gap_b1"", ""value"": 1.4593, ""contribution"": 0.0989}, {""name"": ""home_top3c_iso"", ""value"": 0.1981, ""contribution"": 0.0903}]",665298,0.5084,4.417,4.083,28.0,59.0,0.6862,0.724,6.73,5.53,0.8,0.7927,R,R,YRFI,PASS,0,1,1,2026-07-28T22:51:50+00:00,-115,-110,DraftKings,2026-07-28T22:08:12+00:00,0.5349,0.5238,-0.0675,0.0088,,N,,,-115,-110,2026-07-28T22:08:12+00:00,,,,,,,,,,,
2026-07-28,2026,822703,1,N,TOR,WSH,6:45 PM ET,Shane Bieber,Cade Cavalli,669456,676917,ltd,live,live,live,0.97,0.3934,0.6546,1.0481,0.2431,0.501,0.7441,0.4892,0.5108,0.2819,0.7181,,,PASS,NO EDGE,PASS - No edge,4,2026-07-28T21:36:01Z,4.284,3.746,1.287,1.306,5.011,3.271,2.95,2.8,1.7,0.87,7.72,9.8,0.305,0.327,0.382,0.441,3.988,5.357,26.2,7.9,80.0,0.0,0.8,0.6,0.6,0.6,0.3508,0.3329,0.5147,0.3769,0.2495,0.1088,lineup,lineup,"[{""id"": 695578, ""name"": ""James Wood"", ""bats"": ""L"", ""obp"": 0.3976143141153082, ""slg"": 0.5558252427184466, ""iso"": 0.28398058252427183, ""ab"": 412}, {""id"": 671277, ""name"": ""Luis Garc\u00eda Jr."", ""bats"": ""L"", ""obp"": 0.311614730878187, ""slg"": 0.5446428571428571, ""iso"": 0.26488095238095233, ""ab"": 336}, {""id"": 686611, ""name"": ""Dylan Crews"", ""bats"": ""R"", ""obp"": 0.30869565217391304, ""slg"": 0.38349514563106796, ""iso"": 0.1553398058252427, ""ab"": 206}]","[{""id"": 682818, ""name"": ""Yohendrick Pi\u00f1ango"", ""bats"": ""L"", ""obp"": 0.3023255813953488, ""slg"": 0.4012345679012346, ""iso"": 0.14197530864197533, ""ab"": 162}, {""id"": 664770, ""name"": ""Nathan Lukes"", ""bats"": ""L"", ""obp"": 0.3346613545816733, ""slg"": 0.3939393939393939, ""iso"": 0.11255411255411252, ""ab"": 231}, {""id"": 665489, ""name"": ""Vladimir Guerrero Jr."", ""bats"": ""R"", ""obp"": 0.3441108545034642, ""slg"": 0.3562005277044855, ""iso"": 0.09234828496042219, ""ab"": 379}]","[{""name"": ""away_top3c_iso"", ""value"": 0.1088, ""contribution"": -0.4908}, {""name"": ""away_top3c_slg"", ""value"": 0.3769, ""contribution"": 0.3208}, {""name"": ""home_fip"", ""value"": 3.271, ""contribution"": -0.0795}, {""name"": ""fi_park_nrfi_rate"", ""value"": 0.4761, ""contribution"": 0.0751}, {""name"": ""era_gap_t1"", ""value"": -0.5381, ""contribution"": -0.0576}]","[{""name"": ""home_top3c_slg"", ""value"": 0.5147, ""contribution"": -0.4614}, {""name"": ""home_top3c_iso"", ""value"": 0.2495, ""contribution"": 0.3326}, {""name"": ""fi_park_nrfi_rate"", ""value"": 0.4761, ""contribution"": 0.1154}, {""name"": ""away_fip"", ""value"": 5.0111, ""contribution"": 0.1093}, {""name"": ""home_obp"", ""value"": 0.3274, ""contribution"": 0.0953}]",485856,0.5084,4.101,4.2,80.0,50.0,0.7136,0.6796,5.47,5.4,0.7413,0.8167,R,R,YRFI,PASS,0,4,4,2026-07-29T00:23:11+00:00,-105,-125,DraftKings,2026-07-28T22:08:12+00:00,0.5122,0.5556,-0.0273,-0.0405,,N,,,-105,-125,2026-07-28T22:08:12+00:00,,,,,,,,,,,
2026-07-28,2026,823598,1,N,ATL,NYM,7:10 PM ET,Chris Sale,Christian Scott,519242,681035,live,ltd,live,live,0.96,0.4921,0.3251,0.8172,0.5508,0.2797,0.8306,0.4614,0.5386,0.1974,0.8026,,,PASS,LINEUP PENDING,PASS - Lineup pending,4,2026-07-28T17:24:34Z,2.293,3.533,1.055,1.26,2.468,3.808,2.16,3.67,0.69,1.08,11.13,10.2,0.315,0.308,0.415,0.389,4.88,4.209,23.6,12.1,92.0,0.0,1.0,1.0,0.9,0.9,0.3081,0.3151,0.3895,0.4149,0.169,0.169,team_fallback,team_fallback,[],[],"[{""name"": ""home_xera"", ""value"": 8.0432, ""contribution"": 0.4025}, {""name"": ""era_gap_t1"", ""value"": 1.2402, ""contribution"": 0.1349}, {""name"": ""away_top3c_slg"", ""value"": 0.4149, ""contribution"": 0.1286}, {""name"": ""home_p_last10_pitcher_nrfi"", ""value"": 0.9, ""contribution"": 0.0716}, {""name"": ""away_top3c_iso"", ""value"": 0.169, ""contribution"": -0.0668}]","[{""name"": ""home_top3c_slg"", ""value"": 0.3895, ""contribution"": 0.3164}, {""name"": ""away_fip"", ""value"": 2.4679, ""contribution"": -0.1624}, {""name"": ""away_whiff_pct_rank"", ""value"": 85.0, ""contribution"": -0.1515}, {""name"": ""home_top3c_obp"", ""value"": 0.3081, ""contribution"": -0.1129}, {""name"": ""era_gap_b1"", ""value"": -1.2402, ""contribution"": -0.0848}]",,0.5084,8.043,2.52,50.0,85.0,0.7272,0.7396,4.53,5.4,0.72,0.72,L,R,NRFI,PASS,0,0,0,2026-07-29T23:25:36+00:00,-135,+105,DraftKings,2026-07-28T16:40:57+00:00,0.5745,0.4878,-0.1234,0.0611,,N,,,-135,+105,2026-07-28T16:40:57+00:00,,0.3767,PASS,NO EDGE,,,,,,,
2026-07-28,2026,824003,1,N,HOU,LAA,9:38 PM ET,Peter Lambert,Reid Detmers,663567,672282,ltd,live,live,live,0.99,0.4337,0.4899,0.9237,0.3638,0.525,0.8887,0.4362,0.5638,0.2362,0.7638,,,PASS,LINEUP PENDING,PASS - Lineup pending,4,2026-07-28T21:36:01Z,3.36,4.052,1.161,1.145,4.002,3.377,3.33,2.9,1.07,0.99,8.67,10.19,0.316,0.316,0.411,0.389,4.573,4.307,29.7,13.4,49.0,0.0,0.8,1.0,0.7,0.8,0.316,0.316,0.3895,0.4105,0.169,0.169,team_fallback,team_fallback,[],[],"[{""name"": ""fi_park_nrfi_rate"", ""value"": 0.4526, ""contribution"": 0.1563}, {""name"": ""away_top3c_slg"", ""value"": 0.4105, ""contribution"": 0.1507}, {""name"": ""home_xera"", ""value"": 3.1218, ""contribution"": -0.1018}, {""name"": ""era_gap_t1"", ""value"": 0.6919, ""contribution"": 0.0755}, {""name"": ""home_fip"", ""value"": 3.3766, ""contribution"": -0.0676}]","[{""name"": ""home_top3c_slg"", ""value"": 0.3895, ""contribution"": 0.3164}, {""name"": ""fi_park_nrfi_rate"", ""value"": 0.4526, ""contribution"": 0.2403}, {""name"": ""home_top3c_obp"", ""value"": 0.316, ""contribution"": -0.0852}, {""name"": ""wx_temp_c"", ""value"": 29.7, ""contribution"": 0.0705}, {""name"": ""home_top3_ops_vs_oppHand"", ""value"": 0.72, ""contribution"": -0.0521}]",,0.5084,3.122,2.829,65.0,50.0,0.7197,0.7136,5.2,5.87,0.72,0.72,R,L,YRFI,PASS,1,0,1,2026-07-29T02:03:02+00:00,-110,-120,DraftKings,2026-07-28T22:08:12+00:00,0.5238,0.5455,-0.0856,0.0163,,N,,0,-110,-120,2026-07-28T22:08:12+00:00,,,,,,,,,,,
2026-07-28,2026,824976,1,N,BOS,OAK,9:40 PM ET,Jake Bennett,Gage Jump,687562,695611,ltd,ltd,live,live,0.93,0.4462,0.3898,0.836,0.4962,0.4478,0.9441,0.4223,0.5777,0.2042,0.7958,,,PASS,LINEUP PENDING,PASS - Lineup pending,4,2026-07-28T21:36:01Z,3.222,4.317,1.069,1.354,3.559,3.948,2.0,3.16,0.85,1.15,7.35,9.27,0.314,0.32,0.394,0.403,4.246,4.442,25.1,13.0,51.0,0.0,0.8,1.0,0.8,1.0,0.3204,0.3142,0.4035,0.3939,0.169,0.169,team_fallback,team_fallback,[],[],"[{""name"": ""away_top3c_slg"", ""value"": 0.3939, ""contribution"": 0.235}, {""name"": ""fi_park_nrfi_rate"", ""value"": 0.4422, ""contribution"": 0.1922}, {""name"": ""era_gap_t1"", ""value"": 1.0951, ""contribution"": 0.1192}, {""name"": ""away_top3c_iso"", ""value"": 0.169, ""contribution"": -0.0668}, {""name"": ""away_top3_ops_vs_oppHand"", ""value"": 0.72, ""contribution"": -0.0481}]","[{""name"": ""fi_park_nrfi_rate"", ""value"": 0.4422, ""contribution"": 0.2954}, {""name"": ""home_top3c_slg"", ""value"": 0.4035, ""contribution"": 0.2292}, {""name"": ""away_p_last10_pitcher_nrfi"", ""value"": 1.0, ""contribution"": -0.0929}, {""name"": ""era_gap_b1"", ""value"": -1.0951, ""contribution"": -0.0749}, {""name"": ""home_top3c_obp"", ""value"": 0.3204, ""contribution"": -0.0699}]",,0.5084,4.2,4.2,50.0,50.0,0.7136,0.7136,4.33,6.53,0.72,0.72,L,L,NRFI,PASS,0,0,0,2026-07-29T02:03:02+00:00,+105,-140,DraftKings,2026-07-28T22:08:12+00:00,0.4878,0.5833,-0.0664,-0.0047,,N,,0,+105,-140,2026-07-28T22:08:12+00:00,,,,,,,,,,,
2026-07-28,2026,824243,1,N,BAL,DET,6:40 PM ET,Dean Kremer,Troy Melton,665152,675512,live,live,live,live,0.98,0.4757,0.5574,1.0331,0.2779,0.5444,0.8223,0.4657,0.5343,0.2764,0.7236,,,PASS,NO EDGE,PASS - No edge,4,2026-07-28T21:36:01Z,4.577,2.626,1.201,1.036,4.869,4.188,2.31,2.89,1.89,1.23,8.4,8.21,0.321,0.312,0.399,0.399,4.578,4.242,26.3,18.8,51.0,0.0,0.8,0.4,0.6,0.4,0.3798,0.3216,0.4271,0.4206,0.148,0.1828,lineup,lineup,"[{""id"": 805808, ""name"": ""Kevin McGonigle"", ""bats"": ""L"", ""obp"": 0.387308533916849, ""slg"": 0.41794871794871796, ""iso"": 0.13589743589743591, ""ab"": 390}, {""id"": 650402, ""name"": ""Gleyber Torres"", ""bats"": ""R"", ""obp"": 0.3870967741935484, ""slg"": 0.3687150837988827, ""iso"": 0.1005586592178771, ""ab"": 179}, {""id"": 682985, ""name"": ""Riley Greene"", ""bats"": ""L"", ""obp"": 0.3685393258426966, ""slg"": 0.4635416666666667, ""iso"": 0.18229166666666669, ""ab"": 384}]","[{""id"": 687637, ""name"": ""Dylan Beavers"", ""bats"": ""L"", ""obp"": 0.33516483516483514, ""slg"": 0.35625, ""iso"": 0.10625000000000001, ""ab"": 160}, {""id"": 624413, ""name"": ""Pete Alonso"", ""bats"": ""R"", ""obp"": 0.3468950749464668, ""slg"": 0.46766169154228854, ""iso"": 0.21641791044776115, ""ab"": 402}, {""id"": 683002, ""name"": ""Gunnar Henderson"", ""bats"": ""L"", ""obp"": 0.29218106995884774, ""slg"": 0.4009111617312073, ""iso"": 0.17995444191343962, ""ab"": 439}]","[{""name"": ""era_gap_t1"", ""value"": -1.9511, ""contribution"": -0.2106}, {""name"": ""fi_park_nrfi_rate"", ""value"": 0.5322, ""contribution"": -0.1188}, {""name"": ""away_top3c_slg"", ""value"": 0.4206, ""contribution"": 0.0997}, {""name"": ""home_p_last10_pitcher_nrfi"", ""value"": 0.6, ""contribution"": -0.0455}, {""name"": ""wx_wind_kmh"", ""value"": 18.8, ""contribution"": 0.0325}]","[{""name"": ""fi_park_nrfi_rate"", ""value"": 0.5322, ""contribution"": -0.1826}, {""name"": ""home_top3c_iso"", ""value"": 0.148, ""contribution"": -0.1466}, {""name"": ""home_top3c_obp"", ""value"": 0.3798, ""contribution"": 0.1386}, {""name"": ""era_gap_b1"", ""value"": 1.9511, ""contribution"": 0.1324}, {""name"": ""home_top3_ops_vs_oppHand"", ""value"": 0.8537, ""contribution"": 0.108}]",489985,0.4845,4.2,3.819,50.0,41.0,0.7136,0.6796,5.67,5.4,0.7543,0.8537,R,R,YRFI,PASS,0,2,2,2026-07-28T23:01:59+00:00,+105,-135,DraftKings,2026-07-28T22:08:12+00:00,0.4878,0.5745,-0.0189,-0.0434,,N,,,+105,-135,2026-07-28T22:08:12+00:00,,,,,,,,,,,
2026-07-28,2026,823676,1,N,KC,MIN,7:40 PM ET,Seth Lugo,Taj Bradley,607625,671737,live,live,live,live,0.97,0.5021,0.5646,1.0667,0.2927,0.429,0.7217,0.4938,0.5062,0.2888,0.7112,,,PASS,NO EDGE,PASS - No edge,4,2026-07-28T21:36:01Z,4.307,4.042,1.35,1.242,4.466,4.179,3.04,3.6,1.28,1.3,7.35,9.61,0.315,0.32,0.398,0.408,4.242,4.742,31.5,3.0,44.0,0.0,0.6,0.6,0.6,0.4,0.3594,0.3138,0.5118,0.4278,0.231,0.1869,lineup,lineup,"[{""id"": 663616, ""name"": ""Trevor Larnach"", ""bats"": ""L"", ""obp"": 0.38095238095238093, ""slg"": 0.45652173913043476, ""iso"": 0.1630434782608695, ""ab"": 276}, {""id"": 621439, ""name"": ""Byron Buxton"", ""bats"": ""R"", ""obp"": 0.32222222222222224, ""slg"": 0.547112462006079, ""iso"": 0.2826747720364741, ""ab"": 329}, {""id"": 680777, ""name"": ""Ryan Jeffers"", ""bats"": ""R"", ""obp"": 0.3945945945945946, ""slg"": 0.535031847133758, ""iso"": 0.24203821656050956, ""ab"": 157}]","[{""id"": 695600, ""name"": ""Carter Jensen"", ""bats"": ""L"", ""obp"": 0.30927835051546393, ""slg"": 0.4277456647398844, ""iso"": 0.1878612716763006, ""ab"": 346}, {""id"": 657041, ""name"": ""Lane Thomas"", ""bats"": ""R"", ""obp"": 0.3269230769230769, ""slg"": 0.4, ""iso"": 0.1703703703703704, ""ab"": 270}, {""id"": 695506, ""name"": ""Jac Caglianone"", ""bats"": ""L"", ""obp"": 0.3076923076923077, ""slg"": 0.4495677233429395, ""iso"": 0.1988472622478386, ""ab"": 347}]","[{""name"": ""fi_park_nrfi_rate"", ""value"": 0.5348, ""contribution"": -0.1278}, {""name"": ""away_top3c_slg"", ""value"": 0.4278, ""contribution"": 0.063}, {""name"": ""wx_temp_c"", ""value"": 31.5, ""contribution"": 0.0613}, {""name"": ""away_top3c_iso"", ""value"": 0.1869, ""contribution"": 0.0593}, {""name"": ""home_p_last10_pitcher_nrfi"", ""value"": 0.6, ""contribution"": -0.0455}]","[{""name"": ""home_top3c_slg"", ""value"": 0.5118, ""contribution"": -0.4436}, {""name"": ""home_top3c_iso"", ""value"": 0.231, ""contribution"": 0.2453}, {""name"": ""fi_park_nrfi_rate"", ""value"": 0.5348, ""contribution"": -0.1964}, {""name"": ""home_top3_ops_vs_oppHand"", ""value"": 0.9057, ""contribution"": 0.1702}, {""name"": ""away_whiff_pct_rank"", ""value"": 12.0, ""contribution"": 0.1635}]",427243,0.4707,4.08,4.793,52.0,12.0,0.7197,0.6643,6.2,5.47,0.7357,0.9057,R,R,NRFI,PASS,0,0,0,2026-07-28T23:52:46+00:00,-105,-125,DraftKings,2026-07-28T22:08:12+00:00,0.5122,0.5556,-0.0175,-0.0503,,N,,,-105,-125,2026-07-28T22:08:12+00:00,,,,,,,,,,,
2026-07-28,2026,823275,1,N,COL,SD,9:40 PM ET,Michael Lorenzen,Michael King,547179,650633,live,live,live,live,0.95,0.4603,0.5775,1.0378,0.2675,0.4456,0.7131,0.4959,0.5041,0.2781,0.7219,,,PASS,NO EDGE,PASS - No edge,4,2026-07-28T21:36:01Z,5.991,3.362,1.659,1.183,4.815,4.022,3.21,3.55,1.48,0.97,7.32,8.12,0.323,0.309,0.416,0.387,4.709,4.211,25.2,10.8,72.0,0.0,0.6,0.2,0.8,0.5,0.3209,0.3317,0.3936,0.537,0.1539,0.2598,lineup,lineup,"[{""id"": 665487, ""name"": ""Fernando Tatis Jr."", ""bats"": ""R"", ""obp"": 0.34557235421166305, ""slg"": 0.3932038834951456, ""iso"": 0.11650485436893204, ""ab"": 412}, {""id"": 630105, ""name"": ""Jake Cronenworth"", ""bats"": ""L"", ""obp"": 0.31840796019900497, ""slg"": 0.29714285714285715, ""iso"": 0.08000000000000002, ""ab"": 175}, {""id"": 592518, ""name"": ""Manny Machado"", ""bats"": ""R"", ""obp"": 0.2958715596330275, ""slg"": 0.43832020997375326, ""iso"": 0.22834645669291337, ""ab"": 381}]","[{""id"": 664983, ""name"": ""Jake McCarthy"", ""bats"": ""L"", ""obp"": 0.34011627906976744, ""slg"": 0.5015673981191222, ""iso"": 0.20376175548589337, ""ab"": 319}, {""id"": 666160, ""name"": ""Mickey Moniak"", ""bats"": ""L"", ""obp"": 0.3215686274509804, ""slg"": 0.5531914893617021, ""iso"": 0.2765957446808511, ""ab"": 235}, {""id"": 696100, ""name"": ""Hunter Goodman"", ""bats"": ""R"", ""obp"": 0.33088235294117646, ""slg"": 0.5573770491803278, ""iso"": 0.29781420765027317, ""ab"": 366}]","[{""name"": ""away_top3c_iso"", ""value"": 0.2598, ""contribution"": 0.5726}, {""name"": ""away_top3c_slg"", ""value"": 0.537, ""contribution"": -0.4897}, {""name"": ""era_gap_t1"", ""value"": -2.6288, ""contribution"": -0.284}, {""name"": ""fi_park_nrfi_rate"", ""value"": 0.5409, ""contribution"": -0.149}, {""name"": ""away_top3_ops_vs_oppHand"", ""value"": 0.8703, ""contribution"": 0.1051}]","[{""name"": ""home_top3c_slg"", ""value"": 0.3936, ""contribution"": 0.2907}, {""name"": ""fi_park_nrfi_rate"", ""value"": 0.5409, ""contribution"": -0.229}, {""name"": ""era_gap_b1"", ""value"": 2.6288, ""contribution"": 0.1785}, {""name"": ""home_top3c_iso"", ""value"": 0.1539, ""contribution"": -0.1184}, {""name"": ""away_fip"", ""value"": 4.8153, ""contribution"": 0.0884}]",482666,0.522,3.885,4.664,56.0,38.0,0.7396,0.7396,5.47,4.93,0.8703,0.698,R,R,NRFI,PASS,0,0,0,2026-07-29T02:03:02+00:00,-115,-110,DraftKings,2026-07-28T22:08:12+00:00,0.5349,0.5238,-0.0329,-0.0258,-0.0329,N,0.5,,-115,-110,2026-07-28T22:08:12+00:00,0,,,,,,,,,,
2026-07-28,2026,823350,1,N,ARI,PIT,6:40 PM ET,Brandon Pfaadt,Bubba Chandler,694297,696149,live,live,live,live,0.96,0.5113,0.5376,1.0488,0.326,0.4368,0.7627,0.4864,0.5136,0.2822,0.7178,,,PASS,NO EDGE,PASS - No edge,4,2026-07-28T21:36:01Z,4.742,4.373,1.324,1.329,4.27,4.213,2.43,4.3,1.19,0.94,6.72,8.29,0.313,0.334,0.395,0.419,4.496,5.111,25.3,12.5,67.0,0.0,1.0,0.8,0.8,0.7,0.3504,0.3609,0.4407,0.4291,0.1702,0.1691,lineup,lineup,"[{""id"": 663968, ""name"": ""Jake Mangum"", ""bats"": ""S"", ""obp"": 0.3482758620689655, ""slg"": 0.3680297397769517, ""iso"": 0.06691449814126393, ""ab"": 269}, {""id"": 664040, ""name"": ""Brandon Lowe"", ""bats"": ""L"", ""obp"": 0.31880733944954126, ""slg"": 0.4780361757105943, ""iso"": 0.22739018087855295, ""ab"": 387}, {""id"": 668804, ""name"": ""Bryan Reynolds"", ""bats"": ""S"", ""obp"": 0.38146551724137934, ""slg"": 0.45384615384615384, ""iso"": 0.18461538461538463, ""ab"": 390}]","[{""id"": 682998, ""name"": ""Corbin Carroll"", ""bats"": ""L"", ""obp"": 0.34234234234234234, ""slg"": 0.4831168831168831, ""iso"": 0.23376623376623376, ""ab"": 385}, {""id"": 672695, ""name"": ""Geraldo Perdomo"", ""bats"": ""S"", ""obp"": 0.3561643835616438, ""slg"": 0.3545706371191136, ""iso"": 0.12188365650969529, ""ab"": 361}, {""id"": 672515, ""name"": ""Gabriel Moreno"", ""bats"": ""R"", ""obp"": 0.39263803680981596, ""slg"": 0.45126353790613716, ""iso"": 0.14079422382671475, ""ab"": 277}]","[{""name"": ""fi_park_nrfi_rate"", ""value"": 0.5188, ""contribution"": -0.0724}, {""name"": ""away_top3c_iso"", ""value"": 0.1691, ""contribution"": -0.0661}, {""name"": ""away_top3c_slg"", ""value"": 0.4291, ""contribution"": 0.0564}, {""name"": ""era_gap_t1"", ""value"": -0.3691, ""contribution"": -0.0393}, {""name"": ""home_p_last10_pitcher_nrfi"", ""value"": 0.8, ""contribution"": 0.0326}]","[{""name"": ""home_obp"", ""value"": 0.3344, ""contribution"": 0.1444}, {""name"": ""fi_park_nrfi_rate"", ""value"": 0.5188, ""contribution"": -0.1113}, {""name"": ""home_top3_ops_vs_oppHand"", ""value"": 0.8077, ""contribution"": 0.0529}, {""name"": ""home_plate_ump_nrfi_rate"", ""value"": 0.5488, ""contribution"": 0.0482}, {""name"": ""home_top3c_iso"", ""value"": 0.1702, ""contribution"": -0.0417}]",545402,0.5488,4.349,5.939,76.0,50.0,0.7136,0.6796,5.33,5.4,0.782,0.8077,R,R,YRFI,PASS,1,0,1,2026-07-28T22:58:42+00:00,+100,-130,DraftKings,2026-07-28T22:08:12+00:00,0.5,0.5652,-0.0149,-0.0503,,N,,,+100,-130,2026-07-28T22:08:12+00:00,,,,,,,,,,,
2026-07-28,2026,823193,1,N,MIL,SF,9:45 PM ET,Logan Henderson,Landen Roupp,701656,694738,ltd,live,live,live,0.94,0.4504,0.3997,0.8501,0.3578,0.3269,0.6847,0.5032,0.4968,0.2093,0.7907,,,PASS,LINEUP PENDING,PASS - Lineup pending,4,2026-07-28T21:36:01Z,3.368,3.907,1.075,1.297,3.495,3.51,2.3,3.69,1.18,0.74,10.23,9.09,0.334,0.309,0.401,0.415,4.979,4.186,23.0,25.4,59.0,0.0,0.8,1.0,0.8,0.9,0.3417,0.3335,0.4447,0.4009,0.1569,0.169,lineup,team_fallback,"[{""id"": 650333, ""name"": ""Luis Arraez"", ""bats"": ""L"", ""obp"": 0.3623853211009174, ""slg"": 0.44862155388471175, ""iso"": 0.12280701754385964, ""ab"": 399}, {""id"": 805811, ""name"": ""Bryce Eldridge"", ""bats"": ""L"", ""obp"": 0.3576923076923077, ""slg"": 0.452914798206278, ""iso"": 0.1973094170403587, ""ab"": 223}, {""id"": 671218, ""name"": ""Heliot Ramos"", ""bats"": ""R"", ""obp"": 0.2939068100358423, ""slg"": 0.4318181818181818, ""iso"": 0.17424242424242425, ""ab"": 264}]",[],"[{""name"": ""away_top3c_slg"", ""value"": 0.4009, ""contribution"": 0.1996}, {""name"": ""away_top3c_iso"", ""value"": 0.169, ""contribution"": -0.0668}, {""name"": ""wx_wind_kmh"", ""value"": 25.4, ""contribution"": 0.0619}, {""name"": ""era_gap_t1"", ""value"": 0.5391, ""contribution"": 0.059}, {""name"": ""home_fip"", ""value"": 3.5099, ""contribution"": -0.0526}]","[{""name"": ""wx_wind_kmh"", ""value"": 25.4, ""contribution"": 0.1464}, {""name"": ""home_top3c_iso"", ""value"": 0.1569, ""contribution"": -0.1044}, {""name"": ""away_p_last10_pitcher_nrfi"", ""value"": 0.9, ""contribution"": -0.0601}, {""name"": ""away_fip"", ""value"": 3.4955, ""contribution"": -0.0526}, {""name"": ""home_plate_ump_nrfi_rate"", ""value"": 0.5511, ""contribution"": 0.0506}]",483912,0.5511,3.796,3.49,41.0,59.0,0.6796,0.7136,5.93,5.07,0.72,0.7747,R,R,NRFI,PASS,0,0,0,2026-07-29T02:08:23+00:00,-150,+115,DraftKings,2026-07-28T22:08:12+00:00,0.6,0.4651,-0.0954,0.0303,,N,,,-150,+115,2026-07-28T22:08:12+00:00,,,,,,,,,,,
2026-07-28,2026,822949,1,N,TEX,TB,6:40 PM ET,Cal Quantrill,Griffin Jax,615698,643377,live,live,live,live,0.93,0.4466,0.576,1.0226,0.3393,0.5828,0.9222,0.4277,0.5723,0.2726,0.7274,,,YRFI,LEAN,LEAN YRFI,4,2026-07-28T21:36:01Z,4.889,3.993,1.371,1.238,5.008,3.959,2.8,2.96,1.49,1.32,5.92,9.86,0.32,0.331,0.407,0.404,4.277,4.513,,,,1.0,0.6,0.8,0.7,0.6,0.3755,0.3315,0.4812,0.4916,0.192,0.2217,lineup,lineup,"[{""id"": 650490, ""name"": ""Yandy D\u00edaz"", ""bats"": ""R"", ""obp"": 0.3775280898876405, ""slg"": 0.46055979643765904, ""iso"": 0.1577608142493639, ""ab"": 393}, {""id"": 666018, ""name"": ""Jonathan Aranda"", ""bats"": ""L"", ""obp"": 0.37723214285714285, ""slg"": 0.43799472295514513, ""iso"": 0.1556728232189974, ""ab"": 379}, {""id"": 691406, ""name"": ""Junior Caminero"", ""bats"": ""R"", ""obp"": 0.3717391304347826, ""slg"": 0.5425, ""iso"": 0.26, ""ab"": 400}]","[{""id"": 592626, ""name"": ""Joc Pederson"", ""bats"": ""L"", ""obp"": 0.3426791277258567, ""slg"": 0.5125448028673835, ""iso"": 0.2580645161290322, ""ab"": 279}, {""id"": 694671, ""name"": ""Wyatt Langford"", ""bats"": ""R"", ""obp"": 0.3275862068965517, ""slg"": 0.518348623853211, ""iso"": 0.23394495412844035, ""ab"": 218}, {""id"": 677649, ""name"": ""Ezequiel Duran"", ""bats"": ""R"", ""obp"": 0.3241758241758242, ""slg"": 0.45645645645645644, ""iso"": 0.18318318318318316, ""ab"": 333}]","[{""name"": ""away_top3c_iso"", ""value"": 0.2217, ""contribution"": 0.3042}, {""name"": ""away_top3c_slg"", ""value"": 0.4916, ""contribution"": -0.2598}, {""name"": ""fi_park_nrfi_rate"", ""value"": 0.4376, ""contribution"": 0.2081}, {""name"": ""era_gap_t1"", ""value"": -0.8958, ""contribution"": -0.0964}, {""name"": ""home_xera"", ""value"": 3.2026, ""contribution"": -0.0935}]","[{""name"": ""fi_park_nrfi_rate"", ""value"": 0.4376, ""contribution"": 0.3199}, {""name"": ""home_top3c_slg"", ""value"": 0.4812, ""contribution"": -0.2537}, {""name"": ""home_top3_ops_vs_oppHand"", ""value"": 0.872, ""contribution"": 0.1299}, {""name"": ""home_top3c_obp"", ""value"": 0.3755, ""contribution"": 0.1233}, {""name"": ""home_obp"", ""value"": 0.3309, ""contribution"": 0.1196}]",427128,0.4785,3.203,4.2,100.0,50.0,0.7136,0.664,5.4,4.2,0.8327,0.872,R,R,NRFI,LOSS,0,0,0,2026-07-28T22:51:50+00:00,+100,-130,DraftKings,2026-07-28T22:08:12+00:00,0.5,0.5652,-0.0723,0.0071,0.0071,N,0.5,0,+100,-130,2026-07-28T21:35:56+00:00,0,,,,,,,,,,
2026-07-28,2026,823923,1,N,SEA,LAD,10:10 PM ET,Luis Castillo,Justin Wrobleski,622491,680736,live,live,live,live,0.97,0.3631,0.5502,0.9132,0.3115,0.5523,0.8637,0.4442,0.5558,0.2324,0.7676,,,PASS,LINEUP PENDING,PASS - Lineup pending,4,2026-07-28T21:36:01Z,4.46,3.067,1.285,1.074,4.192,3.341,2.7,2.0,1.28,0.76,8.05,7.56,0.31,0.337,0.381,0.428,4.07,5.07,29.9,14.2,49.0,0.0,0.6,0.4,0.7,0.6,0.337,0.3099,0.428,0.3807,0.169,0.169,team_fallback,team_fallback,[],[],"[{""name"": ""away_top3c_slg"", ""value"": 0.3807, ""contribution"": 0.3018}, {""name"": ""era_gap_t1"", ""value"": -1.3928, ""contribution"": -0.1502}, {""name"": ""home_xera"", ""value"": 3.4006, ""contribution"": -0.0732}, {""name"": ""home_fip"", ""value"": 3.3407, ""contribution"": -0.0716}, {""name"": ""away_top3c_iso"", ""value"": 0.169, ""contribution"": -0.0668}]","[{""name"": ""home_obp"", ""value"": 0.337, ""contribution"": 0.1626}, {""name"": ""era_gap_b1"", ""value"": 1.3928, ""contribution"": 0.0944}, {""name"": ""fi_park_nrfi_rate"", ""value"": 0.4823, ""contribution"": 0.0827}, {""name"": ""home_top3c_slg"", ""value"": 0.428, ""contribution"": 0.0768}, {""name"": ""wx_temp_c"", ""value"": 29.9, ""contribution"": 0.0722}]",,0.5084,3.401,4.328,17.0,48.0,0.7136,0.7272,6.67,5.93,0.72,0.72,R,L,YRFI,PASS,0,1,1,2026-07-29T02:24:43+00:00,+100,-130,DraftKings,2026-07-29T01:55:56+00:00,0.5,0.5652,-0.0468,-0.0184,,N,,,+100,-130,2026-07-29T01:55:56+00:00,,,,,,,,,,,
2026-07-28,2026,823026,1,N,CHC,STL,7:45 PM ET,Colin Rea,Michael McGreevy,607067,700241,live,live,live,live,0.97,0.4867,0.5497,1.0364,0.373,0.4804,0.8534,0.4495,0.5505,0.2776,0.7224,,,PASS,NO EDGE,PASS - No edge,4,2026-07-28T21:36:01Z,4.602,3.407,1.373,1.162,4.66,4.327,3.04,2.12,1.37,1.17,7.0,5.92,0.336,0.315,0.414,0.384,5.087,4.434,33.6,11.8,54.0,0.0,0.8,1.0,0.9,0.7,0.347,0.3687,0.4555,0.4708,0.1807,0.2053,lineup,lineup,"[{""id"": 802139, ""name"": ""JJ Wetherholt"", ""bats"": ""L"", ""obp"": 0.3479212253829322, ""slg"": 0.39141414141414144, ""iso"": 0.1388888888888889, ""ab"": 396}, {""id"": 691023, ""name"": ""Jordan Walker"", ""bats"": ""R"", ""obp"": 0.3476297968397291, ""slg"": 0.5075, ""iso"": 0.22249999999999998, ""ab"": 400}, {""id"": 676475, ""name"": ""Alec Burleson"", ""bats"": ""L"", ""obp"": 0.3452914798206278, ""slg"": 0.4666666666666667, ""iso"": 0.18024691358024691, ""ab"": 405}]","[{""id"": 691718, ""name"": ""Pete Crow-Armstrong"", ""bats"": ""L"", ""obp"": 0.3879310344827586, ""slg"": 0.5404040404040404, ""iso"": 0.25252525252525254, ""ab"": 396}, {""id"": 673548, ""name"": ""Seiya Suzuki"", ""bats"": ""R"", ""obp"": 0.3520408163265306, ""slg"": 0.47214076246334313, ""iso"": 0.2082111436950147, ""ab"": 341}, {""id"": 683737, ""name"": ""Michael Busch"", ""bats"": ""L"", ""obp"": 0.36363636363636365, ""slg"": 0.3994910941475827, ""iso"": 0.15521628498727738, ""ab"": 393}]","[{""name"": ""away_top3c_iso"", ""value"": 0.2053, ""contribution"": 0.1889}, {""name"": ""away_top3c_slg"", ""value"": 0.4708, ""contribution"": -0.1546}, {""name"": ""era_gap_t1"", ""value"": -1.1951, ""contribution"": -0.1288}, {""name"": ""fi_park_nrfi_rate"", ""value"": 0.527, ""contribution"": -0.1009}, {""name"": ""home_xera"", ""value"": 4.9135, ""contribution"": 0.0818}]","[{""name"": ""fi_park_nrfi_rate"", ""value"": 0.527, ""contribution"": -0.1552}, {""name"": ""away_whiff_pct_rank"", ""value"": 21.0, ""contribution"": 0.1247}, {""name"": ""wx_temp_c"", ""value"": 33.6, ""contribution"": 0.1031}, {""name"": ""home_top3_ops_vs_oppHand"", ""value"": 0.8493, ""contribution"": 0.1028}, {""name"": ""home_top3c_slg"", ""value"": 0.4555, ""contribution"": -0.0936}]",503077,0.5258,4.913,4.334,3.0,21.0,0.7075,0.7309,6.2,5.27,0.829,0.8493,R,R,YRFI,PASS,2,0,2,2026-07-29T00:08:08+00:00,-105,-125,DraftKings,2026-07-28T22:08:12+00:00,0.5122,0.5556,-0.0552,-0.0126,,N,,,-105,-125,2026-07-28T22:08:12+00:00,,,,,,,,,,,
2026-07-28,2026,824489,2,S,CLE,CIN,7:10 PM ET,Gavin Williams,Caleb Ferguson,668909,657571,live,ltd,live,live,1.09,0.51,0.5395,1.0495,0.3241,0.3448,0.6688,0.5093,0.4907,0.2824,0.7176,,,NRFI,LEAN,LEAN NRFI,4,2026-07-28T21:36:01Z,3.607,3.854,1.141,1.332,3.876,3.933,3.08,3.44,1.38,0.9,10.7,8.08,0.31,0.31,0.375,0.399,4.012,4.204,29.4,12.7,54.0,0.0,0.5,1.0,0.5,0.8,0.3411,0.3468,0.4816,0.3861,0.2254,0.1297,lineup,lineup,"[{""id"": 682829, ""name"": ""Elly De La Cruz"", ""bats"": ""S"", ""obp"": 0.3543307086614173, ""slg"": 0.5059171597633136, ""iso"": 0.22781065088757402, ""ab"": 338}, {""id"": 701398, ""name"": ""Sal Stewart"", ""bats"": ""R"", ""obp"": 0.3288888888888889, ""slg"": 0.4696969696969697, ""iso"": 0.21717171717171718, ""ab"": 396}, {""id"": 668709, ""name"": ""JJ Bleday"", ""bats"": ""L"", ""obp"": 0.3426791277258567, ""slg"": 0.46886446886446886, ""iso"": 0.23443223443223443, ""ab"": 273}]","[{""id"": 680757, ""name"": ""Steven Kwan"", ""bats"": ""L"", ""obp"": 0.35142118863049093, ""slg"": 0.3081570996978852, ""iso"": 0.060422960725075525, ""ab"": 331}, {""id"": 608070, ""name"": ""Jos\u00e9 Ram\u00edrez"", ""bats"": ""S"", ""obp"": 0.33534743202416917, ""slg"": 0.40492957746478875, ""iso"": 0.16901408450704228, ""ab"": 284}, {""id"": 800050, ""name"": ""Chase DeLauter"", ""bats"": ""L"", ""obp"": 0.3521505376344086, ""slg"": 0.44744744744744747, ""iso"": 0.16516516516516516, ""ab"": 333}]","[{""name"": ""away_top3c_iso"", ""value"": 0.1297, ""contribution"": -0.3433}, {""name"": ""away_top3c_slg"", ""value"": 0.3861, ""contribution"": 0.2745}, {""name"": ""home_p_last10_pitcher_nrfi"", ""value"": 0.5, ""contribution"": -0.0846}, {""name"": ""wx_temp_c"", ""value"": 29.4, ""contribution"": 0.0488}, {""name"": ""away_top3_ops_vs_oppHand"", ""value"": 0.8113, ""contribution"": 0.0449}]","[{""name"": ""home_top3c_slg"", ""value"": 0.4816, ""contribution"": -0.2561}, {""name"": ""home_top3c_iso"", ""value"": 0.2254, ""contribution"": 0.2191}, {""name"": ""away_whiff_pct_rank"", ""value"": 88.0, ""contribution"": -0.1645}, {""name"": ""wx_temp_c"", ""value"": 29.4, ""contribution"": 0.068}, {""name"": ""fi_park_nrfi_rate"", ""value"": 0.4892, ""contribution"": 0.0458}]",482631,0.538,4.2,4.171,50.0,88.0,0.7136,0.7136,5.0,5.93,0.8113,0.7933,R,L,YRFI,LOSS,0,1,1,2026-07-28T23:22:32+00:00,-110,-120,DraftKings,2026-07-28T22:08:12+00:00,0.5238,0.5455,-0.0173,-0.052,-0.0173,N,0.5,0,-110,-120,2026-07-28T22:08:12+00:00,0,,,,,,,,,,
2026-07-29,2026,824973,1,N,BOS,OAK,9:40 PM ET,Patrick Sandoval,Jacob Lopez,663776,682052,sm,live,live,live,0.93,0.5901,0.4724,1.0625,0.5517,0.3921,0.9438,0.4224,0.5776,0.2872,0.7128,0.389134,0.610866,YRFI,LEAN,LEAN YRFI,4,2026-07-30T00:36:34Z,3.921,5.345,1.359,1.516,3.908,5.076,2.84,4.78,1.06,1.49,8.65,8.61,0.315,0.32,0.394,0.404,4.236,4.439,21.9,12.1,65.0,0.0,1.0,1.0,1.0,1.0,0.3621,0.312,0.4482,0.4196,0.1768,0.1674,lineup,lineup,"[{""id"": 805779, ""name"": ""Jacob Wilson"", ""bats"": ""R"", ""obp"": 0.30526315789473685, ""slg"": 0.3985239852398524, ""iso"": 0.1254612546125461, ""ab"": 271}, {""id"": 643446, ""name"": ""Jeff McNeil"", ""bats"": ""L"", ""obp"": 0.30625, ""slg"": 0.3310344827586207, ""iso"": 0.08620689655172414, ""ab"": 290}, {""id"": 695720, ""name"": ""Tommy White"", ""bats"": ""R"", ""obp"": 0.3902439024390244, ""slg"": 0.41025641025641024, ""iso"": 0.051282051282051266, ""ab"": 39}]","[{""id"": 680776, ""name"": ""Jarren Duran"", ""bats"": ""L"", ""obp"": 0.25653206650831356, ""slg"": 0.34293193717277487, ""iso"": 0.14397905759162305, ""ab"": 382}, {""id"": 678882, ""name"": ""Ceddanne Rafaela"", ""bats"": ""R"", ""obp"": 0.31971153846153844, ""slg"": 0.4413265306122449, ""iso"": 0.163265306122449, ""ab"": 392}, {""id"": 677800, ""name"": ""Wilyer Abreu"", ""bats"": ""L"", ""obp"": 0.3236607142857143, ""slg"": 0.43467336683417085, ""iso"": 0.1834170854271357, ""ab"": 398}]","[{""name"": ""fi_park_nrfi_rate"", ""value"": 0.4422, ""contribution"": 0.1922}, {""name"": ""era_gap_t1"", ""value"": 1.4238, ""contribution"": 0.1548}, {""name"": ""home_fip"", ""value"": 5.0762, ""contribution"": 0.1232}, {""name"": ""home_p_last10_pitcher_nrfi"", ""value"": 1.0, ""contribution"": 0.1107}, {""name"": ""away_top3c_slg"", ""value"": 0.4196, ""contribution"": 0.1045}]","[{""name"": ""fi_park_nrfi_rate"", ""value"": 0.4422, ""contribution"": 0.2954}, {""name"": ""era_gap_b1"", ""value"": -1.4238, ""contribution"": -0.0973}, {""name"": ""away_p_last10_pitcher_nrfi"", ""value"": 1.0, ""contribution"": -0.0929}, {""name"": ""home_top3_ops_vs_oppHand"", ""value"": 0.693, ""contribution"": -0.0844}, {""name"": ""home_top3c_obp"", ""value"": 0.3621, ""contribution"": 0.0765}]",427129,0.4611,3.53,4.2,71.0,50.0,0.7136,0.751,3.33,4.67,0.8203,0.693,L,L,NRFI,LOSS,0,0,0,2026-07-30T02:05:06+00:00,+110,-145,DraftKings,2026-07-30T01:21:17+00:00,0.4762,0.5918,-0.0538,-0.0142,-0.0142,N,0.5,0,+115,-150,2026-07-30T00:06:48+00:00,-0.0082,0.4877,PASS,NO EDGE,,,,,,,
2026-07-29,2026,824002,1,N,HOU,LAA,9:38 PM ET,Hayden Wesneski,Grayson Rodriguez,669713,680570,ltd,ltd,live,live,0.99,0.602,0.5071,1.109,0.5613,0.525,1.0863,0.2979,0.7021,0.3043,0.6957,0.337467,0.662533,YRFI,STRONG,STRONG YRFI,4,2026-07-30T00:36:34Z,4.258,6.327,1.215,1.522,4.344,4.82,2.6,3.65,1.41,1.41,8.59,7.85,0.316,0.315,0.411,0.389,4.56,4.289,29.6,14.5,45.0,0.0,0.4,0.6,0.6667,0.6667,0.3551,0.3876,0.4292,0.5266,0.1783,0.2307,lineup,lineup,"[{""id"": 687263, ""name"": ""Zach Neto"", ""bats"": ""R"", ""obp"": 0.3248407643312102, ""slg"": 0.43719806763285024, ""iso"": 0.20289855072463767, ""ab"": 414}, {""id"": 545361, ""name"": ""Mike Trout"", ""bats"": ""R"", ""obp"": 0.3940149625935162, ""slg"": 0.459375, ""iso"": 0.21562499999999998, ""ab"": 320}, {""id"": 694384, ""name"": ""Nolan Schanuel"", ""bats"": ""L"", ""obp"": 0.35149863760217986, ""slg"": 0.3895705521472393, ""iso"": 0.11042944785276076, ""ab"": 326}]","[{""id"": 665161, ""name"": ""Jeremy Pe\u00f1a"", ""bats"": ""R"", ""obp"": 0.3667953667953668, ""slg"": 0.4957627118644068, ""iso"": 0.1822033898305085, ""ab"": 236}, {""id"": 670541, ""name"": ""Yordan Alvarez"", ""bats"": ""L"", ""obp"": 0.4349680170575693, ""slg"": 0.6469072164948454, ""iso"": 0.32216494845360827, ""ab"": 388}, {""id"": 670623, ""name"": ""Isaac Paredes"", ""bats"": ""R"", ""obp"": 0.34872979214780603, ""slg"": 0.42091152815013405, ""iso"": 0.16621983914209115, ""ab"": 373}]","[{""name"": ""away_top3c_slg"", ""value"": 0.5266, ""contribution"": -0.4372}, {""name"": ""away_top3c_iso"", ""value"": 0.2307, ""contribution"": 0.3677}, {""name"": ""era_gap_t1"", ""value"": 2.0693, ""contribution"": 0.2247}, {""name"": ""away_top3_ops_vs_oppHand"", ""value"": 0.9423, ""contribution"": 0.1785}, {""name"": ""fi_park_nrfi_rate"", ""value"": 0.4526, ""contribution"": 0.1563}]","[{""name"": ""fi_park_nrfi_rate"", ""value"": 0.4526, ""contribution"": 0.2403}, {""name"": ""era_gap_b1"", ""value"": -2.0693, ""contribution"": -0.1412}, {""name"": ""wx_temp_c"", ""value"": 29.6, ""contribution"": 0.0697}, {""name"": ""home_top3c_slg"", ""value"": 0.4292, ""contribution"": 0.0693}, {""name"": ""home_top3c_obp"", ""value"": 0.3551, ""contribution"": 0.052}]",658082,0.5146,4.2,4.2,50.0,50.0,0.7136,0.6942,4.2,5.4,0.9423,0.7833,R,R,YRFI,WIN,0,3,3,2026-07-30T02:02:34+00:00,+110,-145,DraftKings,2026-07-30T00:40:37+00:00,0.4762,0.5918,-0.1783,0.1103,0.1103,Y,5.97,4.117,+110,-145,2026-07-30T00:06:48+00:00,0,0.4521,PASS,NO EDGE,,,,,,,
2026-07-29,2026,822702,1,N,TOR,WSH,1:05 PM ET,Trey Yesavage,Zack Littell,702056,641793,ltd,live,live,live,0.97,0.5534,0.5943,1.1477,0.4946,0.4972,0.9918,0.3948,0.6052,0.3184,0.6816,0.370904,0.629096,YRFI,STRONG,STRONG YRFI,4,2026-07-29T15:48:46Z,4.0,4.784,1.206,1.274,4.187,5.722,3.96,2.42,1.11,2.09,9.06,6.0,0.305,0.328,0.382,0.441,4.004,5.378,28.0,20.6,48.0,0.0,0.4,0.6,0.5,0.6,0.3492,0.314,0.5259,0.4218,0.2575,0.1718,lineup,lineup,"[{""id"": 695578, ""name"": ""James Wood"", ""bats"": ""L"", ""obp"": 0.3956692913385827, ""slg"": 0.5504807692307693, ""iso"": 0.28125000000000006, ""ab"": 416}, {""id"": 671277, ""name"": ""Luis Garc\u00eda Jr."", ""bats"": ""L"", ""obp"": 0.3128491620111732, ""slg"": 0.5513196480938416, ""iso"": 0.26979472140762456, ""ab"": 341}, {""id"": 677588, ""name"": ""Jos\u00e9 Tena"", ""bats"": ""L"", ""obp"": 0.3069306930693069, ""slg"": 0.4, ""iso"": 0.15675675675675677, ""ab"": 185}]","[{""id"": 664702, ""name"": ""Myles Straw"", ""bats"": ""R"", ""obp"": 0.2727272727272727, ""slg"": 0.31176470588235294, ""iso"": 0.09411764705882353, ""ab"": 170}, {""id"": 664770, ""name"": ""Nathan Lukes"", ""bats"": ""L"", ""obp"": 0.33725490196078434, ""slg"": 0.39574468085106385, ""iso"": 0.11063829787234042, ""ab"": 235}, {""id"": 672960, ""name"": ""Kazuma Okamoto"", ""bats"": ""R"", ""obp"": 0.3044496487119438, ""slg"": 0.44881889763779526, ""iso"": 0.22309711286089237, ""ab"": 381}]","[{""name"": ""home_fip"", ""value"": 5.7215, ""contribution"": 0.1957}, {""name"": ""away_top3c_slg"", ""value"": 0.4218, ""contribution"": 0.0936}, {""name"": ""era_gap_t1"", ""value"": 0.7845, ""contribution"": 0.0856}, {""name"": ""home_p_last10_pitcher_nrfi"", ""value"": 0.5, ""contribution"": -0.0846}, {""name"": ""home_xera"", ""value"": 4.871, ""contribution"": 0.0774}]","[{""name"": ""home_top3c_slg"", ""value"": 0.5259, ""contribution"": -0.5309}, {""name"": ""home_top3c_iso"", ""value"": 0.2575, ""contribution"": 0.3707}, {""name"": ""fi_park_nrfi_rate"", ""value"": 0.4761, ""contribution"": 0.1154}, {""name"": ""home_obp"", ""value"": 0.3283, ""contribution"": 0.1015}, {""name"": ""wx_wind_kmh"", ""value"": 20.6, ""contribution"": 0.0958}]",427013,0.504,4.871,2.939,3.0,50.0,0.7613,0.7136,4.53,4.87,0.7697,0.822,R,R,NRFI,LOSS,0,0,0,2026-07-29T17:19:58+00:00,+100,-130,DraftKings,2026-07-29T16:26:32+00:00,0.5,0.5652,-0.1052,0.04,0.04,Y,2.08,-2.08,+105,-135,2026-07-29T05:57:08+00:00,-0.0093,0.4658,PASS,NO EDGE,,,,,,,
2026-07-29,2026,822947,1,N,TEX,TB,6:40 PM ET,MacKenzie Gore,Casey Legumina,669022,668984,live,ltd,live,live,0.93,0.4601,0.4976,0.9576,0.4452,0.4498,0.895,0.4345,0.5655,0.2487,0.7513,0.408599,0.591401,YRFI,LEAN,LEAN YRFI,4,2026-07-29T21:36:43Z,4.652,4.339,1.32,1.325,3.749,4.078,3.48,3.17,1.1,1.04,10.06,7.89,0.32,0.33,0.407,0.403,4.275,4.483,,,,1.0,0.75,0.8,0.75,0.7,0.3758,0.3288,0.4827,0.4598,0.1927,0.186,lineup,lineup,"[{""id"": 650490, ""name"": ""Yandy D\u00edaz"", ""bats"": ""R"", ""obp"": 0.37639198218262804, ""slg"": 0.45707070707070707, ""iso"": 0.15656565656565657, ""ab"": 396}, {""id"": 666018, ""name"": ""Jonathan Aranda"", ""bats"": ""L"", ""obp"": 0.37831858407079644, ""slg"": 0.4386422976501306, ""iso"": 0.154046997389034, ""ab"": 383}, {""id"": 691406, ""name"": ""Junior Caminero"", ""bats"": ""R"", ""obp"": 0.3728448275862069, ""slg"": 0.5495049504950495, ""iso"": 0.2648514851485149, ""ab"": 404}]","[{""id"": 694671, ""name"": ""Wyatt Langford"", ""bats"": ""R"", ""obp"": 0.32489451476793246, ""slg"": 0.515695067264574, ""iso"": 0.23318385650224221, ""ab"": 223}, {""id"": 677649, ""name"": ""Ezequiel Duran"", ""bats"": ""R"", ""obp"": 0.32608695652173914, ""slg"": 0.45671641791044776, ""iso"": 0.18208955223880596, ""ab"": 335}, {""id"": 607043, ""name"": ""Brandon Nimmo"", ""bats"": ""L"", ""obp"": 0.3333333333333333, ""slg"": 0.43041237113402064, ""iso"": 0.1623711340206186, ""ab"": 388}]","[{""name"": ""fi_park_nrfi_rate"", ""value"": 0.4376, ""contribution"": 0.2081}, {""name"": ""home_avg_ip_per_start"", ""value"": 1.5, ""contribution"": 0.1182}, {""name"": ""away_top3c_slg"", ""value"": 0.4598, ""contribution"": -0.0991}, {""name"": ""home_xera"", ""value"": 5.0, ""contribution"": 0.0906}, {""name"": ""away_top3c_iso"", ""value"": 0.186, ""contribution"": 0.0532}]","[{""name"": ""fi_park_nrfi_rate"", ""value"": 0.4376, ""contribution"": 0.3199}, {""name"": ""home_top3c_slg"", ""value"": 0.4827, ""contribution"": -0.2626}, {""name"": ""home_top3c_obp"", ""value"": 0.3758, ""contribution"": 0.1246}, {""name"": ""home_obp"", ""value"": 0.33, ""contribution"": 0.1136}, {""name"": ""away_whiff_pct_rank"", ""value"": 75.0, ""contribution"": -0.1084}]",490319,0.5366,5.0,4.532,17.0,75.0,0.7136,0.7136,1.5,4.93,0.7833,0.8187,L,R,YRFI,WIN,0,3,3,2026-07-29T22:57:42+00:00,-125,-105,DraftKings,2026-07-29T22:36:38+00:00,0.5556,0.5122,-0.1211,0.0533,0.0533,N,0.5,0,-125,-105,2026-07-29T21:35:46+00:00,0,0.4114,YRFI,STRONG,,,,,,,
2026-07-29,2026,823924,1,N,SEA,LAD,10:10 PM ET,Emerson Hancock,Eric Lauer,676106,641778,live,live,live,live,0.97,0.5482,0.4893,1.0375,0.3778,0.502,0.8798,0.4385,0.5615,0.278,0.722,0.414871,0.585129,YRFI,LEAN,LEAN YRFI,4,2026-07-30T01:06:35Z,3.589,4.331,1.104,1.215,4.028,5.439,2.46,2.85,1.2,1.91,7.94,6.76,0.31,0.338,0.383,0.429,4.093,5.078,29.5,14.9,54.0,0.0,0.4,1.0,0.5,0.9,0.3668,0.3357,0.4894,0.4249,0.207,0.1607,lineup,lineup,"[{""id"": 660271, ""name"": ""Shohei Ohtani"", ""bats"": ""L"", ""obp"": 0.39111111111111113, ""slg"": 0.53315649867374, ""iso"": 0.24668435013262596, ""ab"": 377}, {""id"": 681624, ""name"": ""Andy Pages"", ""bats"": ""R"", ""obp"": 0.3304157549234136, ""slg"": 0.45098039215686275, ""iso"": 0.18872549019607843, ""ab"": 408}, {""id"": 518692, ""name"": ""Freddie Freeman"", ""bats"": ""L"", ""obp"": 0.37915742793791574, ""slg"": 0.4873096446700508, ""iso"": 0.18781725888324874, ""ab"": 394}]","[{""id"": 702284, ""name"": ""Cole Young"", ""bats"": ""L"", ""obp"": 0.3146853146853147, ""slg"": 0.40153452685422, ""iso"": 0.14578005115089515, ""ab"": 391}, {""id"": 668227, ""name"": ""Randy Arozarena"", ""bats"": ""R"", ""obp"": 0.3747072599531616, ""slg"": 0.44959128065395093, ""iso"": 0.16893732970027248, ""ab"": 367}, {""id"": 677594, ""name"": ""Julio Rodr\u00edguez"", ""bats"": ""R"", ""obp"": 0.31742243436754175, ""slg"": 0.4251968503937008, ""iso"": 0.1679790026246719, ""ab"": 381}]","[{""name"": ""home_fip"", ""value"": 5.439, ""contribution"": 0.1639}, {""name"": ""away_top3c_iso"", ""value"": 0.1607, ""contribution"": -0.1255}, {""name"": ""home_p_last10_pitcher_nrfi"", ""value"": 0.5, ""contribution"": -0.0846}, {""name"": ""era_gap_t1"", ""value"": 0.7416, ""contribution"": 0.0809}, {""name"": ""away_top3c_slg"", ""value"": 0.4249, ""contribution"": 0.0777}]","[{""name"": ""home_top3c_slg"", ""value"": 0.4894, ""contribution"": -0.3044}, {""name"": ""home_obp"", ""value"": 0.3379, ""contribution"": 0.1689}, {""name"": ""away_whiff_pct_rank"", ""value"": 18.0, ""contribution"": 0.1376}, {""name"": ""home_top3_ops_vs_oppHand"", ""value"": 0.8763, ""contribution"": 0.1351}, {""name"": ""home_top3c_iso"", ""value"": 0.207, ""contribution"": 0.1319}]",554242,0.4415,4.073,5.231,20.0,18.0,0.7272,0.7136,5.8,5.13,0.7397,0.8763,R,L,YRFI,WIN,0,1,1,2026-07-30T02:35:20+00:00,+105,-140,DraftKings,2026-07-30T02:08:58+00:00,0.4878,0.5833,-0.0493,-0.0218,-0.0218,N,0.5,0,+100,-135,2026-07-30T01:07:36+00:00,0.0089,0.4877,PASS,NO EDGE,,,,,,,
2026-07-29,2026,824242,1,N,BAL,DET,1:10 PM ET,Trevor Rogers,Tarik Skubal,669432,669373,live,live,live,live,0.98,0.2972,0.4199,0.7171,0.2068,0.3328,0.5396,0.5589,0.4411,0.1618,0.8382,0.583,0.417,NRFI,LEAN,LEAN NRFI,4,2026-07-29T15:48:46Z,3.57,2.549,1.176,0.911,3.577,2.603,2.69,1.37,0.78,0.95,7.59,11.04,0.32,0.314,0.397,0.403,4.541,4.321,26.9,18.0,33.0,0.0,0.8,1.0,0.6,1.0,0.3728,0.34,0.4192,0.4048,0.138,0.1663,lineup,lineup,"[{""id"": 681546, ""name"": ""James Outman"", ""bats"": ""L"", ""obp"": 0.21818181818181817, ""slg"": 0.2922077922077922, ""iso"": 0.12987012987012986, ""ab"": 154}, {""id"": 805808, ""name"": ""Kevin McGonigle"", ""bats"": ""L"", ""obp"": 0.3930885529157667, ""slg"": 0.42278481012658226, ""iso"": 0.1341772151898734, ""ab"": 395}, {""id"": 701162, ""name"": ""Ben Malgeri"", ""bats"": ""R"", ""obp"": 0.36585365853658536, ""slg"": 0.34285714285714286, ""iso"": 0.05714285714285716, ""ab"": 35}]","[{""id"": 621493, ""name"": ""Taylor Ward"", ""bats"": ""R"", ""obp"": 0.3836734693877551, ""slg"": 0.35175879396984927, ""iso"": 0.10301507537688445, ""ab"": 398}, {""id"": 624413, ""name"": ""Pete Alonso"", ""bats"": ""R"", ""obp"": 0.3468085106382979, ""slg"": 0.46534653465346537, ""iso"": 0.21534653465346537, ""ab"": 404}, {""id"": 683002, ""name"": ""Gunnar Henderson"", ""bats"": ""L"", ""obp"": 0.2897959183673469, ""slg"": 0.3972911963882618, ""iso"": 0.1783295711060948, ""ab"": 443}]","[{""name"": ""home_xera"", ""value"": 2.2179, ""contribution"": -0.1944}, {""name"": ""away_top3c_slg"", ""value"": 0.4048, ""contribution"": 0.1796}, {""name"": ""home_fip"", ""value"": 2.6027, ""contribution"": -0.1545}, {""name"": ""fi_park_nrfi_rate"", ""value"": 0.5322, ""contribution"": -0.1188}, {""name"": ""era_gap_t1"", ""value"": -1.0209, ""contribution"": -0.1099}]","[{""name"": ""home_top3c_iso"", ""value"": 0.138, ""contribution"": -0.1937}, {""name"": ""fi_park_nrfi_rate"", ""value"": 0.5322, ""contribution"": -0.1826}, {""name"": ""home_top3c_slg"", ""value"": 0.4192, ""contribution"": 0.1317}, {""name"": ""home_top3c_obp"", ""value"": 0.3728, ""contribution"": 0.114}, {""name"": ""home_top3_ops_vs_oppHand"", ""value"": 0.6753, ""contribution"": -0.1055}]",665281,0.5305,2.218,3.258,100.0,47.0,0.7136,0.7136,6.07,6.13,0.775,0.6753,L,L,NRFI,WIN,0,0,0,2026-07-29T17:21:19+00:00,-160,+120,DraftKings,2026-07-29T17:59:13+00:00,0.6154,0.4545,-0.0565,-0.0134,-0.0565,N,0.5,0,-140,+105,2026-07-29T05:57:08+00:00,0.0321,0.6327,NRFI,STRONG,,,,,,,
2026-07-29,2026,823598,2,S,ATL,NYM,7:10 PM ET,Chris Sale,Christian Scott,519242,681035,live,ltd,live,live,0.96,0.4913,0.3247,0.8159,0.6356,0.2707,0.9063,0.4317,0.5683,0.1969,0.8031,0.404016,0.595984,YRFI,LEAN,LEAN YRFI,4,2026-07-29T21:49:20Z,2.293,3.533,1.055,1.26,2.468,3.808,2.16,3.67,0.69,1.08,11.13,10.2,0.315,0.308,0.415,0.389,4.857,4.199,23.7,7.9,82.0,0.0,1.0,1.0,0.9,0.9,0.3108,0.3581,0.3833,0.4861,0.1375,0.2206,lineup,lineup,"[{""id"": 596019, ""name"": ""Francisco Lindor"", ""bats"": ""S"", ""obp"": 0.31797235023041476, ""slg"": 0.42487046632124353, ""iso"": 0.1917098445595855, ""ab"": 193}, {""id"": 666182, ""name"": ""Bo Bichette"", ""bats"": ""R"", ""obp"": 0.30718954248366015, ""slg"": 0.37292161520190026, ""iso"": 0.11163895486935871, ""ab"": 421}, {""id"": 673357, ""name"": ""Luis Robert Jr."", ""bats"": ""R"", ""obp"": 0.3114754098360656, ""slg"": 0.3490566037735849, ""iso"": 0.14150943396226412, ""ab"": 106}]","[{""id"": 686948, ""name"": ""Drake Baldwin"", ""bats"": ""L"", ""obp"": 0.3692722371967655, ""slg"": 0.4813664596273292, ""iso"": 0.20496894409937888, ""ab"": 322}, {""id"": 660670, ""name"": ""Ronald Acu\u00f1a Jr."", ""bats"": ""R"", ""obp"": 0.37083333333333335, ""slg"": 0.41708542713567837, ""iso"": 0.1658291457286432, ""ab"": 199}, {""id"": 621566, ""name"": ""Matt Olson"", ""bats"": ""L"", ""obp"": 0.3426124197002141, ""slg"": 0.5230024213075061, ""iso"": 0.2590799031476998, ""ab"": 413}]","[{""name"": ""home_xera"", ""value"": 8.0432, ""contribution"": 0.4025}, {""name"": ""away_top3c_iso"", ""value"": 0.2206, ""contribution"": 0.2963}, {""name"": ""away_top3c_slg"", ""value"": 0.4861, ""contribution"": -0.232}, {""name"": ""era_gap_t1"", ""value"": 1.2402, ""contribution"": 0.1349}, {""name"": ""away_top3_ops_vs_oppHand"", ""value"": 0.899, ""contribution"": 0.1343}]","[{""name"": ""home_top3c_slg"", ""value"": 0.3833, ""contribution"": 0.3545}, {""name"": ""home_top3c_iso"", ""value"": 0.1375, ""contribution"": -0.196}, {""name"": ""away_fip"", ""value"": 2.4679, ""contribution"": -0.1624}, {""name"": ""away_whiff_pct_rank"", ""value"": 85.0, ""contribution"": -0.1515}, {""name"": ""home_top3c_obp"", ""value"": 0.3108, ""contribution"": -0.1036}]",484499,0.5451,8.043,2.52,50.0,85.0,0.7272,0.7396,4.53,5.4,0.899,0.7747,L,R,NRFI,LOSS,0,0,0,2026-07-29T23:25:37+00:00,-135,+105,DraftKings,2026-07-29T22:58:11+00:00,0.5745,0.4878,-0.1428,0.0805,0.0805,N,0.5,0,-135,+105,2026-07-29T22:09:18+00:00,0,0.3767,PASS,NO EDGE,,,,,,,
2026-07-29,2026,824487,1,N,CLE,CIN,7:10 PM ET,Joey Cantillo,Brady Singer,676282,663903,live,live,live,live,1.09,0.571,0.5876,1.1586,0.3513,0.3772,0.7285,0.4921,0.5079,0.3224,0.6776,0.482651,0.517349,PASS,NO EDGE,PASS - No edge,4,2026-07-29T23:05:58Z,3.856,4.39,1.406,1.341,4.015,4.746,4.2,2.9,1.05,1.6,9.66,7.96,0.31,0.309,0.373,0.398,3.98,4.186,27.1,13.7,47.0,0.0,0.8,1.0,0.7,0.8,0.3448,0.3432,0.4682,0.3807,0.2034,0.1265,lineup,lineup,"[{""id"": 682829, ""name"": ""Elly De La Cruz"", ""bats"": ""S"", ""obp"": 0.35128205128205126, ""slg"": 0.49855907780979825, ""iso"": 0.22190201729106623, ""ab"": 347}, {""id"": 701398, ""name"": ""Sal Stewart"", ""bats"": ""R"", ""obp"": 0.3318777292576419, ""slg"": 0.47512437810945274, ""iso"": 0.22139303482587064, ""ab"": 402}, {""id"": 667472, ""name"": ""Dane Myers"", ""bats"": ""R"", ""obp"": 0.36470588235294116, ""slg"": 0.3767123287671233, ""iso"": 0.1095890410958904, ""ab"": 146}]","[{""id"": 680757, ""name"": ""Steven Kwan"", ""bats"": ""L"", ""obp"": 0.3484848484848485, ""slg"": 0.30383480825958703, ""iso"": 0.058997050147492625, ""ab"": 339}, {""id"": 608070, ""name"": ""Jos\u00e9 Ram\u00edrez"", ""bats"": ""S"", ""obp"": 0.3323529411764706, ""slg"": 0.3993174061433447, ""iso"": 0.16382252559726962, ""ab"": 293}, {""id"": 682657, ""name"": ""Angel Mart\u00ednez"", ""bats"": ""S"", ""obp"": 0.25984251968503935, ""slg"": 0.4149377593360996, ""iso"": 0.19087136929460582, ""ab"": 241}]","[{""name"": ""away_top3c_iso"", ""value"": 0.1265, ""contribution"": -0.3659}, {""name"": ""away_top3c_slg"", ""value"": 0.3807, ""contribution"": 0.3019}, {""name"": ""home_fip"", ""value"": 4.7456, ""contribution"": 0.0861}, {""name"": ""away_top3_ops_vs_oppHand"", ""value"": 0.6897, ""contribution"": -0.0791}, {""name"": ""era_gap_t1"", ""value"": 0.534, ""contribution"": 0.0584}]","[{""name"": ""home_top3_ops_vs_oppHand"", ""value"": 0.9133, ""contribution"": 0.1794}, {""name"": ""home_top3c_slg"", ""value"": 0.4682, ""contribution"": -0.1725}, {""name"": ""away_whiff_pct_rank"", ""value"": 89.0, ""contribution"": -0.1688}, {""name"": ""home_top3c_iso"", ""value"": 0.2034, ""contribution"": 0.1149}, {""name"": ""wx_temp_c"", ""value"": 27.1, ""contribution"": 0.0488}]",483561,0.5039,4.422,3.575,32.0,89.0,0.7272,0.7136,6.07,4.73,0.6897,0.9133,L,R,NRFI,PASS,0,0,0,2026-07-29T23:29:14+00:00,-115,-115,DraftKings,2026-07-29T23:03:31+00:00,0.5349,0.5349,-0.0428,-0.027,,N,,,-115,-115,2026-07-29T23:03:31+00:00,,0.4877,PASS,NO EDGE,,,,,,,
2026-07-29,2026,823351,1,N,ARI,PIT,12:35 PM ET,Eduardo Rodriguez,Jared Jones,593958,683003,live,ltd,live,live,0.96,0.4251,0.5866,1.0117,0.3535,0.4533,0.8068,0.474,0.526,0.2686,0.7314,0.446278,0.553722,PASS,NO EDGE,PASS - No edge,4,2026-07-29T16:22:38Z,3.227,3.929,1.314,1.132,4.376,3.795,3.31,2.72,1.08,1.19,6.83,9.62,0.314,0.334,0.396,0.42,4.524,5.126,25.9,17.9,43.0,0.0,0.8,0.8,0.8,0.7,0.3583,0.3599,0.4527,0.4275,0.1739,0.1681,lineup,lineup,"[{""id"": 693304, ""name"": ""Nick Gonzales"", ""bats"": ""R"", ""obp"": 0.3696682464454976, ""slg"": 0.4108527131782946, ""iso"": 0.09560723514211888, ""ab"": 387}, {""id"": 664040, ""name"": ""Brandon Lowe"", ""bats"": ""L"", ""obp"": 0.3212669683257919, ""slg"": 0.4872448979591837, ""iso"": 0.23469387755102045, ""ab"": 392}, {""id"": 668804, ""name"": ""Bryan Reynolds"", ""bats"": ""S"", ""obp"": 0.3829787234042553, ""slg"": 0.4593908629441624, ""iso"": 0.1903553299492386, ""ab"": 394}]","[{""id"": 682998, ""name"": ""Corbin Carroll"", ""bats"": ""L"", ""obp"": 0.3458980044345898, ""slg"": 0.48205128205128206, ""iso"": 0.23076923076923078, ""ab"": 390}, {""id"": 672695, ""name"": ""Geraldo Perdomo"", ""bats"": ""S"", ""obp"": 0.35280898876404493, ""slg"": 0.35597826086956524, ""iso"": 0.12500000000000003, ""ab"": 368}, {""id"": 672515, ""name"": ""Gabriel Moreno"", ""bats"": ""R"", ""obp"": 0.3885542168674699, ""slg"": 0.4452296819787986, ""iso"": 0.13780918727915192, ""ab"": 283}]","[{""name"": ""era_gap_t1"", ""value"": 0.7024, ""contribution"": 0.0767}, {""name"": ""away_top3c_iso"", ""value"": 0.1681, ""contribution"": -0.0731}, {""name"": ""fi_park_nrfi_rate"", ""value"": 0.5188, ""contribution"": -0.0724}, {""name"": ""away_top3c_slg"", ""value"": 0.4275, ""contribution"": 0.0648}, {""name"": ""home_p_last10_pitcher_nrfi"", ""value"": 0.8, ""contribution"": 0.0326}]","[{""name"": ""home_obp"", ""value"": 0.3344, ""contribution"": 0.1445}, {""name"": ""home_plate_ump_nrfi_rate"", ""value"": 0.6177, ""contribution"": 0.1192}, {""name"": ""fi_park_nrfi_rate"", ""value"": 0.5188, ""contribution"": -0.1113}, {""name"": ""away_whiff_pct_rank"", ""value"": 32.0, ""contribution"": 0.0772}, {""name"": ""home_top3c_slg"", ""value"": 0.4527, ""contribution"": -0.0764}]",482620,0.6177,4.2,4.546,50.0,32.0,0.7136,0.6942,5.13,5.53,0.7797,0.719,L,R,NRFI,PASS,0,0,0,2026-07-29T16:46:04+00:00,-120,-105,DraftKings,2026-07-29T16:59:29+00:00,0.5455,0.5122,-0.0715,0.0138,,N,,,-120,-105,2026-07-29T16:32:01+00:00,,0.4391,YRFI,STRONG,,,,,,,
2026-07-29,2026,824567,1,N,NYY,CWS,7:40 PM ET,Cam Schlittler,Davis Martin,693645,663436,live,live,live,live,0.98,0.405,0.3651,0.7701,0.516,0.4107,0.9267,0.4266,0.5734,0.1805,0.8195,0.395846,0.604154,YRFI,LEAN,LEAN YRFI,4,2026-07-29T22:36:30Z,2.391,3.652,1.002,1.275,2.885,3.443,2.14,2.77,0.89,0.69,10.59,7.7,0.313,0.318,0.415,0.409,4.652,4.756,21.5,13.6,67.0,0.0,1.0,0.6,1.0,0.8,0.3637,0.3288,0.4744,0.4754,0.2212,0.2295,lineup,lineup,"[{""id"": 545341, ""name"": ""Randal Grichuk"", ""bats"": ""R"", ""obp"": 0.2795031055900621, ""slg"": 0.5098039215686274, ""iso"": 0.261437908496732, ""ab"": 153}, {""id"": 808959, ""name"": ""Munetaka Murakami"", ""bats"": ""L"", ""obp"": 0.37987012987012986, ""slg"": 0.54, ""iso"": 0.30000000000000004, ""ab"": 250}, {""id"": 678246, ""name"": ""Miguel Vargas"", ""bats"": ""R"", ""obp"": 0.3479212253829322, ""slg"": 0.48195876288659795, ""iso"": 0.23969072164948454, ""ab"": 388}]","[{""id"": 663757, ""name"": ""Trent Grisham"", ""bats"": ""L"", ""obp"": 0.3188405797101449, ""slg"": 0.3885135135135135, ""iso"": 0.17229729729729726, ""ab"": 296}, {""id"": 700250, ""name"": ""Ben Rice"", ""bats"": ""L"", ""obp"": 0.35926773455377575, ""slg"": 0.5785340314136126, ""iso"": 0.306282722513089, ""ab"": 382}, {""id"": 645305, ""name"": ""Ali S\u00e1nchez"", ""bats"": ""R"", ""obp"": 0.29411764705882354, ""slg"": 0.3617021276595745, ""iso"": 0.1063829787234043, ""ab"": 47}]","[{""name"": ""away_top3c_iso"", ""value"": 0.2295, ""contribution"": 0.3593}, {""name"": ""away_top3c_slg"", ""value"": 0.4754, ""contribution"": -0.178}, {""name"": ""era_gap_t1"", ""value"": 1.2609, ""contribution"": 0.1371}, {""name"": ""home_p_last10_pitcher_nrfi"", ""value"": 1.0, ""contribution"": 0.1107}, {""name"": ""fi_park_nrfi_rate"", ""value"": 0.473, ""contribution"": 0.0859}]","[{""name"": ""home_top3c_slg"", ""value"": 0.4744, ""contribution"": -0.211}, {""name"": ""home_top3c_iso"", ""value"": 0.2212, ""contribution"": 0.1989}, {""name"": ""home_top3_ops_vs_oppHand"", ""value"": 0.8753, ""contribution"": 0.1339}, {""name"": ""fi_park_nrfi_rate"", ""value"": 0.473, ""contribution"": 0.1321}, {""name"": ""away_fip"", ""value"": 2.8855, ""contribution"": -0.1178}]",427554,0.4835,4.871,3.568,29.0,56.0,0.6487,0.7272,4.67,6.07,0.7777,0.8753,R,R,YRFI,WIN,4,0,4,2026-07-29T23:59:56+00:00,-140,+110,DraftKings,2026-07-30T00:06:48+00:00,0.5833,0.4762,-0.1567,0.0972,0.0972,N,0.5,0,-130,+100,2026-07-29T22:36:38+00:00,-0.0238,0.4086,PASS,NO EDGE,,,,,,,
2026-07-29,2026,823022,1,N,CHC,STL,7:45 PM ET,Matthew Boyd,Dustin May,571510,669160,live,live,live,live,0.97,0.4862,0.4203,0.9065,0.4219,0.3878,0.8097,0.4724,0.5276,0.2299,0.7701,0.445,0.555,PASS,NO EDGE,PASS - No edge,4,2026-07-29T23:35:45Z,3.568,4.695,1.179,1.348,3.568,3.529,2.4,3.12,0.93,0.83,8.12,8.77,0.338,0.315,0.416,0.383,5.127,4.414,29.8,11.8,45.0,0.0,0.8,0.8,0.8,0.8,0.3527,0.3683,0.4246,0.4703,0.165,0.2037,lineup,lineup,"[{""id"": 802139, ""name"": ""JJ Wetherholt"", ""bats"": ""L"", ""obp"": 0.35, ""slg"": 0.39195979899497485, ""iso"": 0.13819095477386933, ""ab"": 398}, {""id"": 691023, ""name"": ""Jordan Walker"", ""bats"": ""R"", ""obp"": 0.3452914798206278, ""slg"": 0.5037220843672456, ""iso"": 0.22084367245657566, ""ab"": 403}, {""id"": 671056, ""name"": ""Iv\u00e1n Herrera"", ""bats"": ""R"", ""obp"": 0.3622881355932203, ""slg"": 0.37659033078880405, ""iso"": 0.13486005089058523, ""ab"": 393}]","[{""id"": 691718, ""name"": ""Pete Crow-Armstrong"", ""bats"": ""L"", ""obp"": 0.3837953091684435, ""slg"": 0.535, ""iso"": 0.25000000000000006, ""ab"": 400}, {""id"": 673548, ""name"": ""Seiya Suzuki"", ""bats"": ""R"", ""obp"": 0.35768261964735515, ""slg"": 0.4797687861271676, ""iso"": 0.20809248554913296, ""ab"": 346}, {""id"": 683737, ""name"": ""Michael Busch"", ""bats"": ""L"", ""obp"": 0.3619246861924686, ""slg"": 0.3969849246231156, ""iso"": 0.15326633165829145, ""ab"": 398}]","[{""name"": ""away_top3c_iso"", ""value"": 0.2037, ""contribution"": 0.1774}, {""name"": ""away_top3c_slg"", ""value"": 0.4703, ""contribution"": -0.152}, {""name"": ""era_gap_t1"", ""value"": 1.1271, ""contribution"": 0.1227}, {""name"": ""fi_park_nrfi_rate"", ""value"": 0.527, ""contribution"": -0.1009}, {""name"": ""home_xera"", ""value"": 4.7959, ""contribution"": 0.0697}]","[{""name"": ""fi_park_nrfi_rate"", ""value"": 0.527, ""contribution"": -0.1552}, {""name"": ""home_top3c_slg"", ""value"": 0.4246, ""contribution"": 0.098}, {""name"": ""home_plate_ump_nrfi_rate"", ""value"": 0.5769, ""contribution"": 0.0772}, {""name"": ""era_gap_b1"", ""value"": -1.1271, ""contribution"": -0.0771}, {""name"": ""wx_temp_c"", ""value"": 29.8, ""contribution"": 0.0714}]",429805,0.5769,4.796,3.564,10.0,41.0,0.7136,0.7709,4.07,6.07,0.8317,0.81,L,R,NRFI,PASS,0,0,0,2026-07-29T23:59:57+00:00,-130,+100,DraftKings,2026-07-30T00:06:48+00:00,0.5652,0.5,-0.0902,0.025,,N,,,-130,+100,2026-07-29T23:39:53+00:00,,0.4128,YRFI,STRONG,,,,,,,
2026-07-29,2026,823596,1,S,ATL,NYM,1:10 PM ET,AJ Smith-Shawver,Sean Manaea,700363,640455,ltd,live,live,live,0.96,0.5014,0.4941,0.9954,0.3515,0.3293,0.6808,0.5047,0.4953,0.2626,0.7374,0.506214,0.493786,NRFI,LEAN,LEAN NRFI,4,2026-07-29T17:06:01Z,4.056,4.644,1.319,1.315,4.083,4.101,3.43,2.77,1.07,1.37,8.68,9.23,0.315,0.308,0.415,0.389,4.88,4.209,25.1,5.1,78.0,0.0,0.4,0.8,0.6,0.5556,0.3196,0.3581,0.397,0.4861,0.1393,0.2206,lineup,lineup,"[{""id"": 805999, ""name"": ""A.J. Ewing"", ""bats"": ""L"", ""obp"": 0.3420074349442379, ""slg"": 0.4166666666666667, ""iso"": 0.14583333333333337, ""ab"": 240}, {""id"": 596019, ""name"": ""Francisco Lindor"", ""bats"": ""S"", ""obp"": 0.31797235023041476, ""slg"": 0.42487046632124353, ""iso"": 0.1917098445595855, ""ab"": 193}, {""id"": 666182, ""name"": ""Bo Bichette"", ""bats"": ""R"", ""obp"": 0.30718954248366015, ""slg"": 0.37292161520190026, ""iso"": 0.11163895486935871, ""ab"": 421}]","[{""id"": 660670, ""name"": ""Ronald Acu\u00f1a Jr."", ""bats"": ""R"", ""obp"": 0.37083333333333335, ""slg"": 0.41708542713567837, ""iso"": 0.1658291457286432, ""ab"": 199}, {""id"": 686948, ""name"": ""Drake Baldwin"", ""bats"": ""L"", ""obp"": 0.3692722371967655, ""slg"": 0.4813664596273292, ""iso"": 0.20496894409937888, ""ab"": 322}, {""id"": 621566, ""name"": ""Matt Olson"", ""bats"": ""L"", ""obp"": 0.3426124197002141, ""slg"": 0.5230024213075061, ""iso"": 0.2590799031476998, ""ab"": 413}]","[{""name"": ""away_top3c_iso"", ""value"": 0.2206, ""contribution"": 0.2963}, {""name"": ""away_top3c_slg"", ""value"": 0.4861, ""contribution"": -0.232}, {""name"": ""era_gap_t1"", ""value"": 0.5877, ""contribution"": 0.0643}, {""name"": ""home_xera"", ""value"": 4.68, ""contribution"": 0.0579}, {""name"": ""home_p_last10_pitcher_nrfi"", ""value"": 0.6, ""contribution"": -0.0455}]","[{""name"": ""home_top3c_slg"", ""value"": 0.397, ""contribution"": 0.2698}, {""name"": ""home_top3c_iso"", ""value"": 0.1393, ""contribution"": -0.1872}, {""name"": ""home_top3c_obp"", ""value"": 0.3196, ""contribution"": -0.0725}, {""name"": ""wx_wind_kmh"", ""value"": 5.1, ""contribution"": -0.0673}, {""name"": ""home_top3_ops_vs_oppHand"", ""value"": 0.712, ""contribution"": -0.0616}]",482608,0.452,4.68,4.2,24.0,50.0,0.6796,0.7136,5.67,5.07,0.7303,0.712,R,L,NRFI,WIN,0,0,0,2026-07-29T17:23:11+00:00,-115,-115,DraftKings,2026-07-29T17:59:13+00:00,0.5349,0.5349,-0.0302,-0.0396,-0.0302,N,0.5,0,-115,-110,2026-07-29T16:48:19+00:00,0,0.4877,PASS,NO EDGE,,,,,,,
2026-07-29,2026,823677,1,N,KC,MIN,7:40 PM ET,Randy Dobnak,Joe Ryan,677976,657746,sm,live,live,live,0.97,0.3923,0.5522,0.9445,0.2694,0.3078,0.5772,0.5458,0.4542,0.2438,0.7562,0.561466,0.438534,NRFI,LEAN,LEAN NRFI,4,2026-07-29T22:36:30Z,3.284,3.39,1.295,1.084,4.427,3.468,3.36,1.99,1.13,1.29,7.46,10.3,0.314,0.32,0.396,0.409,4.224,4.728,20.0,10.0,60.0,0.0,0.8,1.0,0.7,1.0,0.3255,0.3131,0.4545,0.4245,0.1962,0.185,lineup,lineup,"[{""id"": 668885, ""name"": ""Austin Martin"", ""bats"": ""R"", ""obp"": 0.3569023569023569, ""slg"": 0.3225806451612903, ""iso"": 0.08064516129032256, ""ab"": 248}, {""id"": 686797, ""name"": ""Brooks Lee"", ""bats"": ""S"", ""obp"": 0.3050847457627119, ""slg"": 0.4236842105263158, ""iso"": 0.1763157894736842, ""ab"": 380}, {""id"": 665019, ""name"": ""Kody Clemens"", ""bats"": ""L"", ""obp"": 0.3010752688172043, ""slg"": 0.4897360703812317, ""iso"": 0.24633431085043989, ""ab"": 341}]","[{""id"": 695600, ""name"": ""Carter Jensen"", ""bats"": ""L"", ""obp"": 0.30612244897959184, ""slg"": 0.4228571428571429, ""iso"": 0.18571428571428572, ""ab"": 350}, {""id"": 657041, ""name"": ""Lane Thomas"", ""bats"": ""R"", ""obp"": 0.3259493670886076, ""slg"": 0.3978102189781022, ""iso"": 0.16788321167883213, ""ab"": 274}, {""id"": 695506, ""name"": ""Jac Caglianone"", ""bats"": ""L"", ""obp"": 0.30971128608923887, ""slg"": 0.4469914040114613, ""iso"": 0.1977077363896848, ""ab"": 349}]","[{""name"": ""fi_park_nrfi_rate"", ""value"": 0.5348, ""contribution"": -0.1278}, {""name"": ""home_xera"", ""value"": 3.2616, ""contribution"": -0.0875}, {""name"": ""away_top3c_slg"", ""value"": 0.4245, ""contribution"": 0.0801}, {""name"": ""home_fip"", ""value"": 3.468, ""contribution"": -0.0573}, {""name"": ""away_top3c_iso"", ""value"": 0.185, ""contribution"": 0.0458}]","[{""name"": ""fi_park_nrfi_rate"", ""value"": 0.5348, ""contribution"": -0.1964}, {""name"": ""away_p_last10_pitcher_nrfi"", ""value"": 1.0, ""contribution"": -0.0929}, {""name"": ""home_top3c_slg"", ""value"": 0.4545, ""contribution"": -0.0873}, {""name"": ""home_top3c_iso"", ""value"": 0.1962, ""contribution"": 0.0811}, {""name"": ""home_top3_ops_vs_oppHand"", ""value"": 0.8167, ""contribution"": 0.0637}]",503586,0.4946,3.262,4.2,62.0,50.0,0.724,0.7136,5.4,4.67,0.7307,0.8167,R,R,NRFI,WIN,0,0,0,2026-07-29T23:55:44+00:00,-105,-120,DraftKings,2026-07-30T00:06:48+00:00,0.5122,0.5455,0.0336,-0.0913,0.0336,N,0.5,0,-105,-120,2026-07-29T22:36:38+00:00,0,0.6412,NRFI,STRONG,,,,,,,
2026-07-29,2026,823837,1,N,PHI,MIA,12:10 PM ET,Jesús Luzardo,Ryan Gusto,666200,687473,live,live,live,live,0.95,0.475,0.3753,0.8502,0.4493,0.2537,0.7029,0.4984,0.5016,0.2094,0.7906,0.495134,0.504866,PASS,NO EDGE,PASS - No edge,4,2026-07-29T15:48:46Z,3.461,4.996,1.182,1.385,2.869,4.053,2.8,3.05,0.8,1.16,11.06,8.44,0.305,0.325,0.4,0.406,4.346,4.394,,,,1.0,0.8,1.0,0.6,1.0,0.348,0.3196,0.4705,0.4258,0.1798,0.1775,lineup,lineup,"[{""id"": 672640, ""name"": ""Otto Lopez"", ""bats"": ""R"", ""obp"": 0.3622222222222222, ""slg"": 0.491566265060241, ""iso"": 0.163855421686747, ""ab"": 415}, {""id"": 681715, ""name"": ""Heriberto Hern\u00e1ndez"", ""bats"": ""R"", ""obp"": 0.3090909090909091, ""slg"": 0.4779116465863454, ""iso"": 0.23694779116465864, ""ab"": 249}, {""id"": 689414, ""name"": ""Liam Hicks"", ""bats"": ""L"", ""obp"": 0.35917312661498707, ""slg"": 0.4391691394658754, ""iso"": 0.1572700296735905, ""ab"": 337}]","[{""id"": 607208, ""name"": ""Trea Turner"", ""bats"": ""R"", ""obp"": 0.29094827586206895, ""slg"": 0.3851508120649652, ""iso"": 0.14385150812064967, ""ab"": 431}, {""id"": 681082, ""name"": ""Bryson Stott"", ""bats"": ""L"", ""obp"": 0.3086734693877551, ""slg"": 0.4083333333333333, ""iso"": 0.15555555555555556, ""ab"": 360}, {""id"": 547180, ""name"": ""Bryce Harper"", ""bats"": ""L"", ""obp"": 0.35824175824175825, ""slg"": 0.4881889763779528, ""iso"": 0.2362204724409449, ""ab"": 381}]","[{""name"": ""era_gap_t1"", ""value"": 1.5351, ""contribution"": 0.1668}, {""name"": ""fi_park_nrfi_rate"", ""value"": 0.455, ""contribution"": 0.1479}, {""name"": ""away_top3c_slg"", ""value"": 0.4258, ""contribution"": 0.0735}, {""name"": ""home_avg_ip_per_start"", ""value"": 3.7333, ""contribution"": 0.0467}, {""name"": ""home_p_last10_pitcher_nrfi"", ""value"": 0.6, ""contribution"": -0.0455}]","[{""name"": ""fi_park_nrfi_rate"", ""value"": 0.455, ""contribution"": 0.2273}, {""name"": ""home_top3c_slg"", ""value"": 0.4705, ""contribution"": -0.1872}, {""name"": ""away_whiff_pct_rank"", ""value"": 90.0, ""contribution"": -0.1731}, {""name"": ""away_fip"", ""value"": 2.8687, ""contribution"": -0.1196}, {""name"": ""era_gap_b1"", ""value"": -1.5351, ""contribution"": -0.1048}]",575629,0.4774,4.2,3.2,50.0,90.0,0.7136,0.751,3.73,6.0,0.791,0.7943,L,R,NRFI,PASS,0,0,0,2026-07-29T16:20:58+00:00,-130,+100,DraftKings,2026-07-29T05:57:08+00:00,0.5652,0.5,-0.077,0.0118,,N,,,-130,+100,2026-07-29T05:57:08+00:00,,0.5651,NRFI,STRONG,,,,,,,
2026-07-29,2026,823192,1,N,MIL,SF,3:45 PM ET,Thomas Pannone,Logan Webb,623381,657277,avg,live,live,live,0.94,0.3911,0.4755,0.8665,0.3039,0.4196,0.7236,0.4933,0.5067,0.2153,0.7847,0.485023,0.514977,PASS,NO DATA,PASS - No data,3,2026-07-29T19:16:23Z,4.17,3.781,1.26,1.151,4.17,3.238,2.93,2.23,1.21,0.69,8.75,7.78,0.334,0.309,0.402,0.414,5.004,4.168,21.5,26.9,65.0,0.0,0.4,0.5,0.7,0.5,0.3406,0.357,0.4454,0.4717,0.1581,0.2012,lineup,lineup,"[{""id"": 678545, ""name"": ""Osleivis Basabe"", ""bats"": ""R"", ""obp"": null, ""slg"": null, ""iso"": null, ""ab"": null}, {""id"": 805811, ""name"": ""Bryce Eldridge"", ""bats"": ""L"", ""obp"": 0.3560606060606061, ""slg"": 0.46255506607929514, ""iso"": 0.20704845814977973, ""ab"": 227}, {""id"": 671218, ""name"": ""Heliot Ramos"", ""bats"": ""R"", ""obp"": 0.29328621908127206, ""slg"": 0.4291044776119403, ""iso"": 0.17164179104477612, ""ab"": 268}]","[{""id"": 668930, ""name"": ""Brice Turang"", ""bats"": ""L"", ""obp"": 0.3626373626373626, ""slg"": 0.4619289340101523, ""iso"": 0.19289340101522845, ""ab"": 394}, {""id"": 694192, ""name"": ""Jackson Chourio"", ""bats"": ""R"", ""obp"": 0.33433734939759036, ""slg"": 0.46885245901639344, ""iso"": 0.19016393442622953, ""ab"": 305}, {""id"": 641343, ""name"": ""Jake Bauers"", ""bats"": ""L"", ""obp"": 0.3700787401574803, ""slg"": 0.48615384615384616, ""iso"": 0.22153846153846152, ""ab"": 325}]","[{""name"": ""away_top3c_iso"", ""value"": 0.2012, ""contribution"": 0.1598}, {""name"": ""away_top3c_slg"", ""value"": 0.4717, ""contribution"": -0.1591}, {""name"": ""away_top3_ops_vs_oppHand"", ""value"": 0.8543, ""contribution"": 0.0888}, {""name"": ""home_fip"", ""value"": 3.2383, ""contribution"": -0.0831}, {""name"": ""wx_wind_kmh"", ""value"": 26.9, ""contribution"": 0.0686}]","[{""name"": ""wx_wind_kmh"", ""value"": 26.9, ""contribution"": 0.1622}, {""name"": ""home_top3c_iso"", ""value"": 0.1581, ""contribution"": -0.0986}, {""name"": ""away_p_last10_pitcher_nrfi"", ""value"": 0.5, ""contribution"": 0.0713}, {""name"": ""home_top3_ops_vs_oppHand"", ""value"": 0.8133, ""contribution"": 0.0597}, {""name"": ""fi_park_nrfi_rate"", ""value"": 0.5059, ""contribution"": -0.0432}]",621660,0.499,3.482,4.2,48.0,50.0,0.7396,0.7136,5.93,5.0,0.8543,0.8133,L,R,NRFI,PASS,0,0,0,2026-07-29T20:01:36+00:00,-130,+100,DraftKings,2026-07-29T19:04:46+00:00,0.5652,0.5,-0.0719,0.0067,,N,,,-130,+100,2026-07-29T19:04:46+00:00,,0.4545,PASS,NO EDGE,,,,,,,
2026-07-29,2026,823273,1,N,COL,SD,4:10 PM ET,Gabriel Hughes,Kyle Hart,687312,606996,sm,ltd,live,live,0.95,0.4777,0.4309,0.9086,0.4121,0.3199,0.732,0.4913,0.5087,0.2307,0.7693,0.480938,0.519062,PASS,NO EDGE,PASS - No edge,4,2026-07-29T19:16:23Z,3.724,4.987,1.221,1.174,3.528,4.172,2.9,2.85,0.82,1.21,8.82,8.11,0.323,0.312,0.417,0.388,4.728,4.242,25.6,11.6,69.0,0.0,0.8,0.3333,0.625,0.3333,0.3247,0.3385,0.3961,0.5254,0.1517,0.2464,lineup,lineup,"[{""id"": 665487, ""name"": ""Fernando Tatis Jr."", ""bats"": ""R"", ""obp"": 0.3525641025641026, ""slg"": 0.40047961630695444, ""iso"": 0.11510791366906475, ""ab"": 417}, {""id"": 630105, ""name"": ""Jake Cronenworth"", ""bats"": ""L"", ""obp"": 0.3106796116504854, ""slg"": 0.28888888888888886, ""iso"": 0.07777777777777775, ""ab"": 180}, {""id"": 592518, ""name"": ""Manny Machado"", ""bats"": ""R"", ""obp"": 0.30158730158730157, ""slg"": 0.44155844155844154, ""iso"": 0.22597402597402597, ""ab"": 385}]","[{""id"": 664983, ""name"": ""Jake McCarthy"", ""bats"": ""L"", ""obp"": 0.33810888252148996, ""slg"": 0.49691358024691357, ""iso"": 0.2006172839506173, ""ab"": 324}, {""id"": 694249, ""name"": ""Cole Carrigg"", ""bats"": ""S"", ""obp"": 0.37012987012987014, ""slg"": 0.5263157894736842, ""iso"": 0.22556390977443608, ""ab"": 133}, {""id"": 696100, ""name"": ""Hunter Goodman"", ""bats"": ""R"", ""obp"": 0.3268765133171913, ""slg"": 0.5498652291105122, ""iso"": 0.29380053908355797, ""ab"": 371}]","[{""name"": ""away_top3c_iso"", ""value"": 0.2464, ""contribution"": 0.4781}, {""name"": ""away_top3c_slg"", ""value"": 0.5254, ""contribution"": -0.431}, {""name"": ""fi_park_nrfi_rate"", ""value"": 0.5409, ""contribution"": -0.149}, {""name"": ""away_top3_ops_vs_oppHand"", ""value"": 0.9087, ""contribution"": 0.1441}, {""name"": ""era_gap_t1"", ""value"": 1.2632, ""contribution"": 0.1374}]","[{""name"": ""home_top3c_slg"", ""value"": 0.3961, ""contribution"": 0.275}, {""name"": ""fi_park_nrfi_rate"", ""value"": 0.5409, ""contribution"": -0.229}, {""name"": ""home_top3c_iso"", ""value"": 0.1517, ""contribution"": -0.1288}, {""name"": ""away_p_last10_pitcher_nrfi"", ""value"": 0.3333, ""contribution"": 0.126}, {""name"": ""era_gap_b1"", ""value"": -1.2632, ""contribution"": -0.0863}]",427248,0.5131,4.06,4.2,6.0,50.0,0.7272,0.7136,3.4,5.44,0.9087,0.701,R,L,NRFI,PASS,0,0,0,2026-07-29T20:26:54+00:00,-120,-110,DraftKings,2026-07-29T19:04:46+00:00,0.5455,0.5238,-0.0368,-0.0325,,N,,,-120,-110,2026-07-29T19:04:46+00:00,,0.4725,PASS,NO EDGE,,,,,,,
2026-07-30,2026,823921,1,N,SEA,LAD,10:10 PM ET,Bryan Woo,Roki Sasaki,693433,808963,live,live,live,live,0.97,0.5372,0.4378,0.9751,0.4949,0.4452,0.9401,0.4233,0.5767,0.2551,0.7449,0.39058,0.60942,YRFI,LEAN,LEAN YRFI,4,2026-07-31T01:06:04Z,4.001,4.574,1.086,1.296,3.299,4.999,1.84,3.54,1.02,1.74,9.08,8.82,0.31,0.338,0.382,0.43,4.077,5.069,29.8,15.4,54.0,0.0,0.8,0.8,0.7,0.9,0.3624,0.3425,0.4749,0.4516,0.1856,0.1847,lineup,lineup,"[{""id"": 669242, ""name"": ""Tommy Edman"", ""bats"": ""S"", ""obp"": 0.40336134453781514, ""slg"": 0.4811320754716981, ""iso"": 0.15094339622641512, ""ab"": 106}, {""id"": 681624, ""name"": ""Andy Pages"", ""bats"": ""R"", ""obp"": 0.33405639913232105, ""slg"": 0.46116504854368934, ""iso"": 0.19417475728155342, ""ab"": 412}, {""id"": 518692, ""name"": ""Freddie Freeman"", ""bats"": ""L"", ""obp"": 0.3802197802197802, ""slg"": 0.48743718592964824, ""iso"": 0.18592964824120606, ""ab"": 398}]","[{""id"": 702284, ""name"": ""Cole Young"", ""bats"": ""L"", ""obp"": 0.3187066974595843, ""slg"": 0.4035532994923858, ""iso"": 0.1446700507614213, ""ab"": 394}, {""id"": 668227, ""name"": ""Randy Arozarena"", ""bats"": ""R"", ""obp"": 0.37122969837587005, ""slg"": 0.444743935309973, ""iso"": 0.16711590296495954, ""ab"": 371}, {""id"": 686527, ""name"": ""Dominic Canzone"", ""bats"": ""L"", ""obp"": 0.33554817275747506, ""slg"": 0.5315985130111525, ""iso"": 0.2676579925650558, ""ab"": 269}]","[{""name"": ""home_xera"", ""value"": 5.9092, ""contribution"": 0.1838}, {""name"": ""home_fip"", ""value"": 4.9989, ""contribution"": 0.1145}, {""name"": ""era_gap_t1"", ""value"": 0.5728, ""contribution"": 0.0626}, {""name"": ""away_top3c_slg"", ""value"": 0.4516, ""contribution"": -0.0576}, {""name"": ""fi_park_nrfi_rate"", ""value"": 0.4823, ""contribution"": 0.0538}]","[{""name"": ""home_top3c_slg"", ""value"": 0.4749, ""contribution"": -0.2143}, {""name"": ""home_obp"", ""value"": 0.338, ""contribution"": 0.1691}, {""name"": ""home_top3_ops_vs_oppHand"", ""value"": 0.8677, ""contribution"": 0.1247}, {""name"": ""fi_park_nrfi_rate"", ""value"": 0.4823, ""contribution"": 0.0827}, {""name"": ""home_top3c_obp"", ""value"": 0.3624, ""contribution"": 0.0775}]",544728,0.4859,5.909,2.986,53.0,50.0,0.7136,0.7136,5.13,5.27,0.815,0.8677,R,R,YRFI,WIN,0,2,2,2026-07-31T02:32:48+00:00,-115,-110,DraftKings,2026-07-31T01:06:50+00:00,0.5349,0.5238,-0.1116,0.0529,0.0529,N,0.5,0,-115,-110,2026-07-31T01:06:50+00:00,0,0.4144,YRFI,STRONG,,,,,,,
2026-07-30,2026,822946,1,N,TEX,TB,12:10 PM ET,Cole Winn,Shane McClanahan,668390,663556,ltd,ltd,live,live,0.93,0.393,0.5081,0.9011,0.3592,0.5118,0.871,0.4408,0.5592,0.2279,0.7721,0.418531,0.581469,YRFI,LEAN,LEAN YRFI,4,2026-07-30T15:04:26Z,4.59,3.408,1.252,1.175,4.3,3.609,2.9,3.05,1.38,0.82,8.77,8.4,0.319,0.328,0.405,0.403,4.24,4.471,,,,1.0,0.8,0.5,0.8,0.5,0.375,0.326,0.4837,0.4562,0.1945,0.1848,lineup,lineup,"[{""id"": 650490, ""name"": ""Yandy D\u00edaz"", ""bats"": ""R"", ""obp"": 0.37748344370860926, ""slg"": 0.46365914786967416, ""iso"": 0.16290726817042606, ""ab"": 399}, {""id"": 666018, ""name"": ""Jonathan Aranda"", ""bats"": ""L"", ""obp"": 0.37719298245614036, ""slg"": 0.4392764857881137, ""iso"": 0.15503875968992248, ""ab"": 387}, {""id"": 691406, ""name"": ""Junior Caminero"", ""bats"": ""R"", ""obp"": 0.37044967880085655, ""slg"": 0.5454545454545454, ""iso"": 0.26289926289926285, ""ab"": 407}]","[{""id"": 694671, ""name"": ""Wyatt Langford"", ""bats"": ""R"", ""obp"": 0.31950207468879666, ""slg"": 0.5066079295154186, ""iso"": 0.22907488986784147, ""ab"": 227}, {""id"": 677649, ""name"": ""Ezequiel Duran"", ""bats"": ""R"", ""obp"": 0.3225806451612903, ""slg"": 0.45132743362831856, ""iso"": 0.1799410029498525, ""ab"": 339}, {""id"": 607043, ""name"": ""Brandon Nimmo"", ""bats"": ""L"", ""obp"": 0.3325635103926097, ""slg"": 0.43112244897959184, ""iso"": 0.163265306122449, ""ab"": 392}]","[{""name"": ""fi_park_nrfi_rate"", ""value"": 0.4376, ""contribution"": 0.2081}, {""name"": ""era_gap_t1"", ""value"": -1.1826, ""contribution"": -0.1274}, {""name"": ""away_top3c_slg"", ""value"": 0.4562, ""contribution"": -0.0805}, {""name"": ""home_xera"", ""value"": 4.7456, ""contribution"": 0.0646}, {""name"": ""away_top3_ops_vs_oppHand"", ""value"": 0.8107, ""contribution"": 0.0443}]","[{""name"": ""fi_park_nrfi_rate"", ""value"": 0.4376, ""contribution"": 0.3199}, {""name"": ""home_top3c_slg"", ""value"": 0.4837, ""contribution"": -0.2687}, {""name"": ""away_whiff_pct_rank"", ""value"": 84.0, ""contribution"": -0.1472}, {""name"": ""home_top3_ops_vs_oppHand"", ""value"": 0.8737, ""contribution"": 0.1319}, {""name"": ""home_top3c_obp"", ""value"": 0.375, ""contribution"": 0.1217}]",521889,0.4806,4.746,3.45,50.0,84.0,0.7396,0.7136,5.67,5.0,0.8107,0.8737,R,L,NRFI,LOSS,0,0,0,2026-07-30T16:24:27+00:00,-120,-105,DraftKings,2026-07-30T16:57:25+00:00,0.5455,0.5122,-0.1047,0.047,0.047,N,0.5,0,-120,-105,2026-07-30T15:07:51+00:00,0,0.4589,PASS,NO EDGE,,,,,,,
2026-07-30,2026,824894,1,N,WSH,ATL,7:15 PM ET,Jake Irvin,Grant Holmes,663623,656550,live,live,live,live,0.98,0.6265,0.6331,1.2597,0.4023,0.6206,1.0228,0.3619,0.6381,0.3588,0.6412,0.359569,0.640431,YRFI,STRONG,STRONG YRFI,4,2026-07-30T22:05:20Z,5.436,3.851,1.385,1.353,4.732,4.695,3.53,4.04,1.52,1.35,8.44,8.25,0.327,0.315,0.44,0.413,5.351,4.825,30.4,13.3,33.0,0.0,1.0,0.6,0.8,0.5,0.3566,0.3514,0.4848,0.5169,0.2194,0.2513,lineup,lineup,"[{""id"": 686948, ""name"": ""Drake Baldwin"", ""bats"": ""L"", ""obp"": 0.3720316622691293, ""slg"": 0.48484848484848486, ""iso"": 0.20303030303030306, ""ab"": 330}, {""id"": 660670, ""name"": ""Ronald Acu\u00f1a Jr."", ""bats"": ""R"", ""obp"": 0.3629032258064516, ""slg"": 0.4029126213592233, ""iso"": 0.16019417475728154, ""ab"": 206}, {""id"": 621566, ""name"": ""Matt Olson"", ""bats"": ""L"", ""obp"": 0.3410526315789474, ""slg"": 0.5249406175771971, ""iso"": 0.26128266033254155, ""ab"": 421}]","[{""id"": 695578, ""name"": ""James Wood"", ""bats"": ""L"", ""obp"": 0.39766081871345027, ""slg"": 0.5523809523809524, ""iso"": 0.280952380952381, ""ab"": 420}, {""id"": 671277, ""name"": ""Luis Garc\u00eda Jr."", ""bats"": ""L"", ""obp"": 0.31215469613259667, ""slg"": 0.5478260869565217, ""iso"": 0.2666666666666666, ""ab"": 345}, {""id"": 686611, ""name"": ""Dylan Crews"", ""bats"": ""R"", ""obp"": 0.31063829787234043, ""slg"": 0.3952380952380952, ""iso"": 0.16666666666666666, ""ab"": 210}]","[{""name"": ""away_top3c_iso"", ""value"": 0.2513, ""contribution"": 0.5127}, {""name"": ""away_top3c_slg"", ""value"": 0.5169, ""contribution"": -0.3882}, {""name"": ""era_gap_t1"", ""value"": -1.5856, ""contribution"": -0.1711}, {""name"": ""home_fip"", ""value"": 4.6954, ""contribution"": 0.0805}, {""name"": ""home_xera"", ""value"": 4.7939, ""contribution"": 0.0695}]","[{""name"": ""home_top3c_slg"", ""value"": 0.4848, ""contribution"": -0.2761}, {""name"": ""home_top3c_iso"", ""value"": 0.2194, ""contribution"": 0.1908}, {""name"": ""away_whiff_pct_rank"", ""value"": 7.0, ""contribution"": 0.1851}, {""name"": ""home_top3_ops_vs_oppHand"", ""value"": 0.8943, ""contribution"": 0.1567}, {""name"": ""era_gap_b1"", ""value"": 1.5856, ""contribution"": 0.1075}]",431232,0.4946,4.794,5.257,50.0,7.0,0.7136,0.7879,4.93,4.4,0.8233,0.8943,R,R,NRFI,LOSS,0,0,0,2026-07-30T23:26:50+00:00,+120,-155,DraftKings,2026-07-30T22:37:59+00:00,0.4545,0.6078,-0.0926,0.0303,0.0303,Y,2,-2,+120,-155,2026-07-30T22:02:52+00:00,0,0.4059,YRFI,STRONG,,,,,,,
2026-07-30,2026,823023,1,N,CHC,STL,2:15 PM ET,Javier Assad,Andre Pallante,665871,669467,live,live,live,live,0.97,0.5015,0.5038,1.0053,0.365,0.4304,0.7954,0.4802,0.5198,0.2662,0.7338,0.451403,0.548597,PASS,NO EDGE,PASS - No edge,4,2026-07-30T18:13:08Z,3.917,4.175,1.169,1.27,4.711,4.009,2.48,2.8,1.43,0.9,6.56,6.53,0.337,0.315,0.414,0.382,5.102,4.402,32.3,8.7,37.0,0.0,0.8,1.0,0.8,0.9,0.3455,0.3672,0.4505,0.4693,0.1777,0.204,lineup,lineup,"[{""id"": 802139, ""name"": ""JJ Wetherholt"", ""bats"": ""L"", ""obp"": 0.34838709677419355, ""slg"": 0.3880597014925373, ""iso"": 0.13681592039800994, ""ab"": 402}, {""id"": 691023, ""name"": ""Jordan Walker"", ""bats"": ""R"", ""obp"": 0.3436807095343681, ""slg"": 0.5, ""iso"": 0.2181372549019608, ""ab"": 408}, {""id"": 676475, ""name"": ""Alec Burleson"", ""bats"": ""L"", ""obp"": 0.34216335540838855, ""slg"": 0.45985401459854014, ""iso"": 0.17761557177615572, ""ab"": 411}]","[{""id"": 691718, ""name"": ""Pete Crow-Armstrong"", ""bats"": ""L"", ""obp"": 0.3818565400843882, ""slg"": 0.5382716049382716, ""iso"": 0.25432098765432104, ""ab"": 405}, {""id"": 673548, ""name"": ""Seiya Suzuki"", ""bats"": ""R"", ""obp"": 0.36069651741293535, ""slg"": 0.4785100286532951, ""iso"": 0.20630372492836674, ""ab"": 349}, {""id"": 683737, ""name"": ""Michael Busch"", ""bats"": ""L"", ""obp"": 0.3581780538302277, ""slg"": 0.3920595533498759, ""iso"": 0.15136476426799006, ""ab"": 403}]","[{""name"": ""away_top3c_iso"", ""value"": 0.204, ""contribution"": 0.1795}, {""name"": ""away_top3c_slg"", ""value"": 0.4693, ""contribution"": -0.1471}, {""name"": ""fi_park_nrfi_rate"", ""value"": 0.527, ""contribution"": -0.1009}, {""name"": ""wx_temp_c"", ""value"": 32.3, ""contribution"": 0.0661}, {""name"": ""away_top3_ops_vs_oppHand"", ""value"": 0.8317, ""contribution"": 0.0657}]","[{""name"": ""away_whiff_pct_rank"", ""value"": 3.0, ""contribution"": 0.2024}, {""name"": ""fi_park_nrfi_rate"", ""value"": 0.527, ""contribution"": -0.1552}, {""name"": ""home_top3_ops_vs_oppHand"", ""value"": 0.8443, ""contribution"": 0.0968}, {""name"": ""wx_temp_c"", ""value"": 32.3, ""contribution"": 0.0922}, {""name"": ""away_fip"", ""value"": 4.7112, ""contribution"": 0.0773}]",658325,0.5084,4.364,4.762,56.0,3.0,0.6942,0.7309,5.93,5.27,0.8317,0.8443,R,R,NRFI,PASS,0,0,0,2026-07-30T18:30:48+00:00,-115,-115,DraftKings,2026-07-30T18:02:13+00:00,0.5349,0.5349,-0.0547,-0.0151,,N,,,-115,-115,2026-07-30T18:02:13+00:00,,0.4620,PASS,NO EDGE,,,,,,,
2026-07-30,2026,824488,1,N,PIT,CIN,7:10 PM ET,Yohan Ramírez,Rhett Lowder,670990,695076,ltd,ltd,live,live,1.09,0.672,0.5796,1.2516,0.4157,0.3754,0.7911,0.4822,0.5178,0.3559,0.6441,0.453346,0.546654,PASS,NO EDGE,PASS - No edge,4,2026-07-30T23:05:27Z,3.751,5.118,1.354,1.464,3.83,4.389,4.48,3.85,0.87,1.11,9.86,7.99,0.334,0.308,0.418,0.396,5.085,4.16,29.2,10.2,41.0,0.0,0.8,0.5,0.6,0.5,0.3392,0.352,0.4783,0.4457,0.2243,0.1742,lineup,lineup,"[{""id"": 682829, ""name"": ""Elly De La Cruz"", ""bats"": ""S"", ""obp"": 0.3493670886075949, ""slg"": 0.4928774928774929, ""iso"": 0.21937321937321935, ""ab"": 351}, {""id"": 701398, ""name"": ""Sal Stewart"", ""bats"": ""R"", ""obp"": 0.3304535637149028, ""slg"": 0.47174447174447176, ""iso"": 0.2186732186732187, ""ab"": 407}, {""id"": 668709, ""name"": ""JJ Bleday"", ""bats"": ""L"", ""obp"": 0.3393939393939394, ""slg"": 0.4697508896797153, ""iso"": 0.2384341637010676, ""ab"": 281}]","[{""id"": 663968, ""name"": ""Jake Mangum"", ""bats"": ""S"", ""obp"": 0.34797297297297297, ""slg"": 0.3709090909090909, ""iso"": 0.06909090909090909, ""ab"": 275}, {""id"": 664040, ""name"": ""Brandon Lowe"", ""bats"": ""L"", ""obp"": 0.32062780269058294, ""slg"": 0.48484848484848486, ""iso"": 0.23232323232323232, ""ab"": 396}, {""id"": 668804, ""name"": ""Bryan Reynolds"", ""bats"": ""S"", ""obp"": 0.38396624472573837, ""slg"": 0.45843828715365237, ""iso"": 0.18891687657430728, ""ab"": 397}]","[{""name"": ""era_gap_t1"", ""value"": 1.3663, ""contribution"": 0.1486}, {""name"": ""away_top3_ops_vs_oppHand"", ""value"": 0.817, ""contribution"": 0.0507}, {""name"": ""wx_temp_c"", ""value"": 29.2, ""contribution"": 0.0476}, {""name"": ""home_fip"", ""value"": 4.389, ""contribution"": 0.0461}, {""name"": ""home_p_last10_pitcher_nrfi"", ""value"": 0.6, ""contribution"": -0.0455}]","[{""name"": ""home_top3c_slg"", ""value"": 0.4783, ""contribution"": -0.2357}, {""name"": ""home_top3c_iso"", ""value"": 0.2243, ""contribution"": 0.2136}, {""name"": ""away_whiff_pct_rank"", ""value"": 76.0, ""contribution"": -0.1127}, {""name"": ""era_gap_b1"", ""value"": -1.3663, ""contribution"": -0.0934}, {""name"": ""away_p_last10_pitcher_nrfi"", ""value"": 0.5, ""contribution"": 0.0713}]",605670,0.5573,4.513,2.85,50.0,76.0,0.7136,0.7136,4.6,5.0,0.817,0.7877,R,R,NRFI,PASS,0,0,0,2026-07-30T23:26:49+00:00,+105,-135,DraftKings,2026-07-30T22:53:50+00:00,0.4878,0.5745,-0.0056,-0.0567,,N,,,+105,-135,2026-07-30T22:59:05+00:00,,0.4540,PASS,NO EDGE,,,,,,,
2026-07-30,2026,823595,1,N,MIA,NYM,7:10 PM ET,Eury Pérez,Nolan McLean,691587,690997,live,live,live,live,0.96,0.4091,0.4519,0.861,0.2077,0.2866,0.4944,0.6165,0.3835,0.2133,0.7867,0.609954,0.390046,NRFI,LEAN,LEAN NRFI,4,2026-07-30T22:05:20Z,3.755,3.322,1.105,1.126,3.902,3.267,3.35,3.18,1.18,0.88,9.71,10.43,0.326,0.306,0.407,0.386,4.423,4.165,22.4,3.4,88.0,0.0,0.6,0.8,0.8,0.7,0.3172,0.365,0.3908,0.4439,0.1368,0.1425,lineup,lineup,"[{""id"": 805999, ""name"": ""A.J. Ewing"", ""bats"": ""L"", ""obp"": 0.3443223443223443, ""slg"": 0.41735537190082644, ""iso"": 0.14462809917355374, ""ab"": 242}, {""id"": 596019, ""name"": ""Francisco Lindor"", ""bats"": ""S"", ""obp"": 0.31555555555555553, ""slg"": 0.4120603015075377, ""iso"": 0.18592964824120603, ""ab"": 199}, {""id"": 666182, ""name"": ""Bo Bichette"", ""bats"": ""R"", ""obp"": 0.3019271948608137, ""slg"": 0.36596736596736595, ""iso"": 0.10955710955710957, ""ab"": 429}]","[{""id"": 689414, ""name"": ""Liam Hicks"", ""bats"": ""L"", ""obp"": 0.35805626598465473, ""slg"": 0.43529411764705883, ""iso"": 0.15588235294117647, ""ab"": 340}, {""id"": 669364, ""name"": ""Xavier Edwards"", ""bats"": ""S"", ""obp"": 0.37336244541484714, ""slg"": 0.4020100502512563, ""iso"": 0.11055276381909551, ""ab"": 398}, {""id"": 672640, ""name"": ""Otto Lopez"", ""bats"": ""R"", ""obp"": 0.3626373626373626, ""slg"": 0.49047619047619045, ""iso"": 0.16190476190476188, ""ab"": 420}]","[{""name"": ""away_top3c_iso"", ""value"": 0.1425, ""contribution"": -0.2536}, {""name"": ""home_xera"", ""value"": 2.7225, ""contribution"": -0.1427}, {""name"": ""home_fip"", ""value"": 3.267, ""contribution"": -0.0799}, {""name"": ""away_top3_ops_vs_oppHand"", ""value"": 0.826, ""contribution"": 0.0599}, {""name"": ""era_gap_t1"", ""value"": -0.4334, ""contribution"": -0.0463}]","[{""name"": ""home_top3c_slg"", ""value"": 0.3908, ""contribution"": 0.308}, {""name"": ""home_top3c_iso"", ""value"": 0.1368, ""contribution"": -0.1993}, {""name"": ""wx_wind_kmh"", ""value"": 3.4, ""contribution"": -0.0852}, {""name"": ""home_top3c_obp"", ""value"": 0.3172, ""contribution"": -0.0812}, {""name"": ""away_whiff_pct_rank"", ""value"": 68.0, ""contribution"": -0.0782}]",521251,0.4391,2.723,3.511,76.0,68.0,0.7136,0.6487,6.0,6.27,0.826,0.706,R,R,NRFI,WIN,0,0,0,2026-07-31T00:32:01+00:00,-160,+120,DraftKings,2026-07-30T22:53:50+00:00,0.6154,0.4545,0.0011,-0.071,0.0011,N,0.5,0,-160,+120,2026-07-30T22:02:52+00:00,0,0.6536,NRFI,STRONG,,,,,,,
2026-07-30,2026,824568,1,N,NYY,CWS,2:10 PM ET,Ryan Weathers,Sean Burke,677960,680732,live,live,live,live,0.98,0.4658,0.5281,0.994,0.3895,0.4883,0.8778,0.439,0.561,0.262,0.738,0.415687,0.584313,YRFI,LEAN,LEAN YRFI,4,2026-07-30T17:04:17Z,4.213,3.451,1.269,1.201,3.975,3.737,2.61,3.06,1.4,1.13,9.78,9.66,0.312,0.317,0.414,0.408,4.654,4.766,25.1,12.4,59.0,0.0,0.8,0.4,0.7,0.5,0.3551,0.3272,0.4656,0.47,0.2114,0.227,lineup,lineup,"[{""id"": 805367, ""name"": ""Chase Meidroth"", ""bats"": ""R"", ""obp"": 0.34418604651162793, ""slg"": 0.3974025974025974, ""iso"": 0.12207792207792212, ""ab"": 385}, {""id"": 808959, ""name"": ""Munetaka Murakami"", ""bats"": ""L"", ""obp"": 0.3801916932907348, ""slg"": 0.547244094488189, ""iso"": 0.30708661417322836, ""ab"": 254}, {""id"": 678246, ""name"": ""Miguel Vargas"", ""bats"": ""R"", ""obp"": 0.3484848484848485, ""slg"": 0.47959183673469385, ""iso"": 0.23724489795918366, ""ab"": 392}]","[{""id"": 663757, ""name"": ""Trent Grisham"", ""bats"": ""L"", ""obp"": 0.3162393162393162, ""slg"": 0.38205980066445183, ""iso"": 0.16943521594684385, ""ab"": 301}, {""id"": 700250, ""name"": ""Ben Rice"", ""bats"": ""L"", ""obp"": 0.35891647855530473, ""slg"": 0.5762273901808785, ""iso"": 0.3049095607235142, ""ab"": 387}, {""id"": 691176, ""name"": ""Jasson Dom\u00ednguez"", ""bats"": ""S"", ""obp"": 0.2736842105263158, ""slg"": 0.3888888888888889, ""iso"": 0.15555555555555556, ""ab"": 180}]","[{""name"": ""away_top3c_iso"", ""value"": 0.227, ""contribution"": 0.3414}, {""name"": ""away_top3c_slg"", ""value"": 0.47, ""contribution"": -0.1508}, {""name"": ""fi_park_nrfi_rate"", ""value"": 0.473, ""contribution"": 0.0859}, {""name"": ""era_gap_t1"", ""value"": -0.7623, ""contribution"": -0.0819}, {""name"": ""home_xera"", ""value"": 4.6445, ""contribution"": 0.0542}]","[{""name"": ""away_whiff_pct_rank"", ""value"": 88.0, ""contribution"": -0.1645}, {""name"": ""home_top3c_slg"", ""value"": 0.4656, ""contribution"": -0.1564}, {""name"": ""home_top3c_iso"", ""value"": 0.2114, ""contribution"": 0.1531}, {""name"": ""fi_park_nrfi_rate"", ""value"": 0.473, ""contribution"": 0.1321}, {""name"": ""home_top3_ops_vs_oppHand"", ""value"": 0.842, ""contribution"": 0.094}]",623945,0.5123,4.644,4.324,35.0,88.0,0.7136,0.7136,6.2,4.27,0.7693,0.842,L,R,NRFI,LOSS,0,0,0,2026-07-30T18:38:34+00:00,-135,+105,DraftKings,2026-07-30T18:02:13+00:00,0.5745,0.4878,-0.1355,0.0732,0.0732,N,0.5,0,-135,+105,2026-07-30T17:05:42+00:00,0,0.4113,YRFI,STRONG,,,,,,,
2026-07-30,2026,823674,1,N,KC,MIN,1:40 PM ET,Noah Cameron,Bailey Ober,702070,641927,live,live,live,live,0.97,0.4956,0.5211,1.0166,0.3826,0.3738,0.7564,0.4873,0.5127,0.2704,0.7296,0.46934,0.53066,PASS,NO EDGE,PASS - No edge,4,2026-07-30T17:20:59Z,4.403,4.739,1.326,1.267,4.127,4.73,3.02,2.27,1.17,1.58,8.13,6.91,0.314,0.32,0.398,0.407,4.222,4.69,31.5,13.7,33.0,0.0,0.4,0.8,0.7,0.8,0.3452,0.3085,0.3976,0.4388,0.1528,0.1953,lineup,lineup,"[{""id"": 605170, ""name"": ""Victor Caratini"", ""bats"": ""S"", ""obp"": 0.31986531986531985, ""slg"": 0.3543307086614173, ""iso"": 0.11811023622047243, ""ab"": 254}, {""id"": 680777, ""name"": ""Ryan Jeffers"", ""bats"": ""R"", ""obp"": 0.3968253968253968, ""slg"": 0.53125, ""iso"": 0.2375, ""ab"": 160}, {""id"": 668904, ""name"": ""Royce Lewis"", ""bats"": ""R"", ""obp"": 0.29900332225913623, ""slg"": 0.3849056603773585, ""iso"": 0.169811320754717, ""ab"": 265}]","[{""id"": 695600, ""name"": ""Carter Jensen"", ""bats"": ""L"", ""obp"": 0.3047858942065491, ""slg"": 0.4225352112676056, ""iso"": 0.18591549295774648, ""ab"": 355}, {""id"": 657041, ""name"": ""Lane Thomas"", ""bats"": ""R"", ""obp"": 0.32398753894080995, ""slg"": 0.3942652329749104, ""iso"": 0.16487455197132617, ""ab"": 279}, {""id"": 695506, ""name"": ""Jac Caglianone"", ""bats"": ""L"", ""obp"": 0.31088082901554404, ""slg"": 0.4463276836158192, ""iso"": 0.19491525423728812, ""ab"": 354}]","[{""name"": ""fi_park_nrfi_rate"", ""value"": 0.5348, ""contribution"": -0.1278}, {""name"": ""away_top3c_iso"", ""value"": 0.1953, ""contribution"": 0.1186}, {""name"": ""home_fip"", ""value"": 4.7302, ""contribution"": 0.0844}, {""name"": ""wx_temp_c"", ""value"": 31.5, ""contribution"": 0.0613}, {""name"": ""away_top3_ops_vs_oppHand"", ""value"": 0.8157, ""contribution"": 0.0494}]","[{""name"": ""home_top3c_slg"", ""value"": 0.3976, ""contribution"": 0.2657}, {""name"": ""fi_park_nrfi_rate"", ""value"": 0.5348, ""contribution"": -0.1964}, {""name"": ""home_top3c_iso"", ""value"": 0.1528, ""contribution"": -0.1236}, {""name"": ""away_whiff_pct_rank"", ""value"": 76.0, ""contribution"": -0.1127}, {""name"": ""wx_temp_c"", ""value"": 31.5, ""contribution"": 0.0856}]",521051,0.4691,4.06,4.444,57.0,76.0,0.696,0.751,4.8,5.13,0.8157,0.807,L,R,NRFI,PASS,0,0,0,2026-07-30T17:55:12+00:00,+105,-135,DraftKings,2026-07-30T18:02:13+00:00,0.4878,0.5745,-0.0005,-0.0618,,N,,,+105,-135,2026-07-30T17:32:29+00:00,,0.4877,PASS,NO EDGE,,,,,,,
2026-07-30,2026,824974,1,N,BOS,OAK,9:40 PM ET,Sonny Gray,Mason Barnett,543243,686930,live,ltd,live,live,0.93,0.5303,0.418,0.9483,0.4413,0.5062,0.9475,0.4215,0.5785,0.2452,0.7548,0.387699,0.612301,YRFI,LEAN,LEAN YRFI,4,2026-07-31T00:36:00Z,3.19,4.692,1.179,1.351,3.656,4.798,2.24,3.83,1.08,1.46,8.47,8.51,0.315,0.32,0.395,0.404,4.234,4.419,21.9,15.2,61.0,0.0,0.6,1.0,0.6,0.6,0.3536,0.3216,0.4556,0.4354,0.1973,0.1724,lineup,lineup,"[{""id"": 701762, ""name"": ""Nick Kurtz"", ""bats"": ""L"", ""obp"": 0.39906103286384975, ""slg"": 0.4913294797687861, ""iso"": 0.23121387283236994, ""ab"": 346}, {""id"": 805779, ""name"": ""Jacob Wilson"", ""bats"": ""R"", ""obp"": 0.30344827586206896, ""slg"": 0.39492753623188404, ""iso"": 0.12318840579710144, ""ab"": 276}, {""id"": 691016, ""name"": ""Tyler Soderstrom"", ""bats"": ""L"", ""obp"": 0.3417085427135678, ""slg"": 0.4682080924855491, ""iso"": 0.22254335260115607, ""ab"": 346}]","[{""id"": 678011, ""name"": ""Anthony Seigler"", ""bats"": ""S"", ""obp"": 0.3305084745762712, ""slg"": 0.42857142857142855, ""iso"": 0.17142857142857143, ""ab"": 105}, {""id"": 678882, ""name"": ""Ceddanne Rafaela"", ""bats"": ""R"", ""obp"": 0.32066508313539194, ""slg"": 0.4433249370277078, ""iso"": 0.16372795969773302, ""ab"": 397}, {""id"": 677800, ""name"": ""Wilyer Abreu"", ""bats"": ""L"", ""obp"": 0.3200883002207506, ""slg"": 0.4292803970223325, ""iso"": 0.18114143920595532, ""ab"": 403}]","[{""name"": ""fi_park_nrfi_rate"", ""value"": 0.4422, ""contribution"": 0.1922}, {""name"": ""era_gap_t1"", ""value"": 1.502, ""contribution"": 0.1632}, {""name"": ""home_fip"", ""value"": 4.7982, ""contribution"": 0.092}, {""name"": ""home_p_last10_pitcher_nrfi"", ""value"": 0.6, ""contribution"": -0.0455}, {""name"": ""away_top3c_iso"", ""value"": 0.1724, ""contribution"": -0.0431}]","[{""name"": ""fi_park_nrfi_rate"", ""value"": 0.4422, ""contribution"": 0.2954}, {""name"": ""home_top3_ops_vs_oppHand"", ""value"": 0.8557, ""contribution"": 0.1104}, {""name"": ""era_gap_b1"", ""value"": -1.502, ""contribution"": -0.1026}, {""name"": ""home_top3c_slg"", ""value"": 0.4556, ""contribution"": -0.0943}, {""name"": ""home_top3c_iso"", ""value"": 0.1973, ""contribution"": 0.0864}]",608158,0.5142,4.2,3.87,50.0,65.0,0.6942,0.7309,4.47,6.07,0.7277,0.8557,R,R,NRFI,LOSS,0,0,0,2026-07-31T01:53:31+00:00,+120,-160,DraftKings,2026-07-31T01:06:50+00:00,0.4545,0.6154,-0.0315,-0.0384,-0.0384,N,0.5,0,+125,-160,2026-07-31T00:39:55+00:00,0,0.4658,PASS,NO EDGE,,,,,,,
2026-07-30,2026,823271,1,N,SF,SD,9:40 PM ET,Robbie Ray,JP Sears,592662,676664,live,live,live,live,0.95,0.5237,0.5349,1.0585,0.3234,0.2766,0.6,0.5331,0.4669,0.2858,0.7142,0.548821,0.451179,NRFI,LEAN,LEAN NRFI,4,2026-07-31T00:36:00Z,3.285,4.556,1.284,1.261,4.448,5.055,4.15,2.6,1.14,1.84,8.17,7.63,0.311,0.311,0.416,0.387,4.264,4.232,26.5,11.2,64.0,0.0,0.8,0.8,0.6,0.8,0.323,0.3448,0.3951,0.4469,0.1476,0.1555,lineup,lineup,"[{""id"": 665487, ""name"": ""Fernando Tatis Jr."", ""bats"": ""R"", ""obp"": 0.3538135593220339, ""slg"": 0.4023809523809524, ""iso"": 0.1166666666666667, ""ab"": 420}, {""id"": 650859, ""name"": ""Luis Rengifo"", ""bats"": ""S"", ""obp"": 0.30364372469635625, ""slg"": 0.3031674208144796, ""iso"": 0.07239819004524883, ""ab"": 221}, {""id"": 592518, ""name"": ""Manny Machado"", ""bats"": ""R"", ""obp"": 0.30112359550561796, ""slg"": 0.43958868894601544, ""iso"": 0.22365038560411313, ""ab"": 389}]","[{""id"": 650333, ""name"": ""Luis Arraez"", ""bats"": ""L"", ""obp"": 0.36629213483146067, ""slg"": 0.45098039215686275, ""iso"": 0.12009803921568629, ""ab"": 408}, {""id"": 671218, ""name"": ""Heliot Ramos"", ""bats"": ""R"", ""obp"": 0.3044982698961938, ""slg"": 0.4358974358974359, ""iso"": 0.1684981684981685, ""ab"": 273}, {""id"": 805811, ""name"": ""Bryce Eldridge"", ""bats"": ""L"", ""obp"": 0.35185185185185186, ""slg"": 0.4525862068965517, ""iso"": 0.2025862068965517, ""ab"": 232}]","[{""name"": ""away_top3c_iso"", ""value"": 0.1555, ""contribution"": -0.1617}, {""name"": ""fi_park_nrfi_rate"", ""value"": 0.5409, ""contribution"": -0.149}, {""name"": ""era_gap_t1"", ""value"": 1.2704, ""contribution"": 0.1382}, {""name"": ""home_fip"", ""value"": 5.0551, ""contribution"": 0.1208}, {""name"": ""away_top3_ops_vs_oppHand"", ""value"": 0.8213, ""contribution"": 0.0551}]","[{""name"": ""home_top3c_slg"", ""value"": 0.3951, ""contribution"": 0.2811}, {""name"": ""fi_park_nrfi_rate"", ""value"": 0.5409, ""contribution"": -0.229}, {""name"": ""home_top3c_iso"", ""value"": 0.1476, ""contribution"": -0.1484}, {""name"": ""home_top3_ops_vs_oppHand"", ""value"": 0.688, ""contribution"": -0.0904}, {""name"": ""era_gap_b1"", ""value"": -1.2704, ""contribution"": -0.0868}]",691042,0.5084,4.2,3.719,50.0,64.0,0.7709,0.7075,4.93,5.8,0.8213,0.688,L,L,YRFI,LOSS,1,0,1,2026-07-31T01:57:07+00:00,-115,-115,DraftKings,2026-07-31T01:06:50+00:00,0.5349,0.5349,0.0008,-0.0706,0.0008,N,0.5,0,-115,-115,2026-07-31T00:39:55+00:00,0,0.6417,NRFI,STRONG,,,,,,,
2026-07-31,2026,822945,1,N,CWS,TB,7:10 PM ET,Erick Fedde,Nick Martinez,607200,607259,live,live,live,live,0.93,0.3876,0.6309,1.0185,0.426,0.736,1.162,0.2872,0.7128,0.271,0.729,0.312855,0.687145,YRFI,STRONG,STRONG YRFI,4,2026-07-31T22:05:43Z,4.61,2.959,1.433,1.128,5.414,3.947,3.62,1.73,1.6,0.94,6.02,5.45,0.317,0.328,0.407,0.403,4.744,4.459,,,,1.0,0.8,0.2,0.8,0.3,0.3746,0.3633,0.4817,0.4755,0.1927,0.2221,lineup,lineup,"[{""id"": 650490, ""name"": ""Yandy D\u00edaz"", ""bats"": ""R"", ""obp"": 0.3785557986870897, ""slg"": 0.4640198511166253, ""iso"": 0.16129032258064513, ""ab"": 403}, {""id"": 666018, ""name"": ""Jonathan Aranda"", ""bats"": ""L"", ""obp"": 0.3760869565217391, ""slg"": 0.4373401534526854, ""iso"": 0.15345268542199486, ""ab"": 391}, {""id"": 691406, ""name"": ""Junior Caminero"", ""bats"": ""R"", ""obp"": 0.36942675159235666, ""slg"": 0.5414634146341464, ""iso"": 0.26097560975609757, ""ab"": 410}]","[{""id"": 803011, ""name"": ""Sam Antonacci"", ""bats"": ""L"", ""obp"": 0.37249283667621774, ""slg"": 0.42105263157894735, ""iso"": 0.1381578947368421, ""ab"": 304}, {""id"": 808959, ""name"": ""Munetaka Murakami"", ""bats"": ""L"", ""obp"": 0.3805031446540881, ""slg"": 0.5426356589147286, ""iso"": 0.3023255813953488, ""ab"": 258}, {""id"": 678246, ""name"": ""Miguel Vargas"", ""bats"": ""R"", ""obp"": 0.34475374732334046, ""slg"": 0.473551637279597, ""iso"": 0.23425692695214106, ""ab"": 397}]","[{""name"": ""away_top3c_iso"", ""value"": 0.2221, ""contribution"": 0.3072}, {""name"": ""fi_park_nrfi_rate"", ""value"": 0.4376, ""contribution"": 0.2081}, {""name"": ""away_top3c_slg"", ""value"": 0.4755, ""contribution"": -0.1784}, {""name"": ""era_gap_t1"", ""value"": -1.6509, ""contribution"": -0.1781}, {""name"": ""away_top3_ops_vs_oppHand"", ""value"": 0.8853, ""contribution"": 0.1204}]","[{""name"": ""fi_park_nrfi_rate"", ""value"": 0.4376, ""contribution"": 0.3199}, {""name"": ""home_top3c_slg"", ""value"": 0.4817, ""contribution"": -0.2568}, {""name"": ""away_whiff_pct_rank"", ""value"": 8.0, ""contribution"": 0.1808}, {""name"": ""away_fip"", ""value"": 5.4138, ""contribution"": 0.1524}, {""name"": ""away_p_last10_pitcher_nrfi"", ""value"": 0.3, ""contribution"": 0.137}]",623946,0.4271,4.133,5.185,18.0,8.0,0.7396,0.7396,5.67,4.27,0.8853,0.8697,R,R,YRFI,WIN,1,0,1,2026-07-31T23:21:09+00:00,+100,-130,DraftKings,2026-07-31T22:14:38+00:00,0.5,0.5652,-0.2128,0.1476,0.1476,Y,8,6.154,+100,-130,2026-07-31T22:09:15+00:00,0,0.4531,PASS,NO EDGE,,,,,,,
2026-07-31,2026,824325,1,N,KC,COL,8:40 PM ET,Michael Wacha,Tomoyuki Sugano,608379,608372,live,live,live,live,1.22,0.7078,0.601,1.3088,0.5846,0.4896,1.0742,0.3097,0.6903,0.3763,0.6237,0.341559,0.658441,YRFI,STRONG,STRONG YRFI,4,2026-07-31T23:35:54Z,3.66,4.675,1.182,1.302,3.998,5.456,2.53,2.2,1.02,1.88,6.97,5.49,0.314,0.322,0.397,0.415,4.212,4.698,33.5,7.4,20.0,0.0,0.2,1.0,0.5,0.8,0.3279,0.3133,0.5307,0.4247,0.2569,0.1847,lineup,lineup,"[{""id"": 664983, ""name"": ""Jake McCarthy"", ""bats"": ""L"", ""obp"": 0.3342776203966006, ""slg"": 0.49085365853658536, ""iso"": 0.19817073170731708, ""ab"": 328}, {""id"": 666160, ""name"": ""Mickey Moniak"", ""bats"": ""L"", ""obp"": 0.32196969696969696, ""slg"": 0.5614754098360656, ""iso"": 0.2827868852459017, ""ab"": 244}, {""id"": 696100, ""name"": ""Hunter Goodman"", ""bats"": ""R"", ""obp"": 0.3261390887290168, ""slg"": 0.5454545454545454, ""iso"": 0.2914438502673796, ""ab"": 374}]","[{""id"": 695600, ""name"": ""Carter Jensen"", ""bats"": ""L"", ""obp"": 0.30597014925373134, ""slg"": 0.41899441340782123, ""iso"": 0.18435754189944134, ""ab"": 358}, {""id"": 657041, ""name"": ""Lane Thomas"", ""bats"": ""R"", ""obp"": 0.32298136645962733, ""slg"": 0.39285714285714285, ""iso"": 0.16428571428571428, ""ab"": 280}, {""id"": 695506, ""name"": ""Jac Caglianone"", ""bats"": ""L"", ""obp"": 0.3128205128205128, ""slg"": 0.4553072625698324, ""iso"": 0.2011173184357542, ""ab"": 358}]","[{""name"": ""fi_park_nrfi_rate"", ""value"": 0.4241, ""contribution"": 0.2547}, {""name"": ""home_fip"", ""value"": 5.4565, ""contribution"": 0.1659}, {""name"": ""home_xera"", ""value"": 5.6402, ""contribution"": 0.1562}, {""name"": ""era_gap_t1"", ""value"": 1.0149, ""contribution"": 0.1105}, {""name"": ""home_p_last10_pitcher_nrfi"", ""value"": 0.5, ""contribution"": -0.0846}]","[{""name"": ""home_top3c_slg"", ""value"": 0.5307, ""contribution"": -0.5607}, {""name"": ""fi_park_nrfi_rate"", ""value"": 0.4241, ""contribution"": 0.3916}, {""name"": ""home_top3c_iso"", ""value"": 0.2569, ""contribution"": 0.3676}, {""name"": ""home_top3_ops_vs_oppHand"", ""value"": 0.8637, ""contribution"": 0.1199}, {""name"": ""wx_temp_c"", ""value"": 33.5, ""contribution"": 0.1023}]",427537,0.4944,5.64,4.274,12.0,40.0,0.7396,0.7396,5.53,6.27,0.731,0.8637,R,R,YRFI,WIN,0,1,1,2026-08-01T01:54:07+00:00,+120,-155,DraftKings,2026-08-01T00:15:15+00:00,0.4545,0.6078,-0.1448,0.0825,0.0825,Y,5,3.226,+120,-155,2026-07-31T23:35:48+00:00,0,0.4378,YRFI,STRONG,,,,,,,
2026-07-31,2026,823999,1,N,MIL,LAA,9:38 PM ET,Shane Drohan,Ryan Johnson,675660,696270,ltd,ltd,live,live,0.99,0.6585,0.4286,1.0871,0.5405,0.4735,1.014,0.3712,0.6288,0.2962,0.7038,0.362763,0.637237,YRFI,STRONG,STRONG YRFI,4,2026-08-01T00:35:43Z,3.726,5.778,1.22,1.402,3.399,5.245,2.66,3.33,0.84,1.82,8.92,8.08,0.334,0.315,0.401,0.389,4.988,4.286,30.9,14.6,50.0,0.0,0.8,0.8,0.625,0.8,0.3546,0.3432,0.4286,0.441,0.1783,0.1776,lineup,lineup,"[{""id"": 687263, ""name"": ""Zach Neto"", ""bats"": ""R"", ""obp"": 0.3235294117647059, ""slg"": 0.43301435406698563, ""iso"": 0.20095693779904306, ""ab"": 418}, {""id"": 545361, ""name"": ""Mike Trout"", ""bats"": ""R"", ""obp"": 0.3925925925925926, ""slg"": 0.45987654320987653, ""iso"": 0.21604938271604937, ""ab"": 324}, {""id"": 694384, ""name"": ""Nolan Schanuel"", ""bats"": ""L"", ""obp"": 0.353099730458221, ""slg"": 0.39209726443769, ""iso"": 0.1124620060790274, ""ab"": 329}]","[{""id"": 668930, ""name"": ""Brice Turang"", ""bats"": ""L"", ""obp"": 0.3630434782608696, ""slg"": 0.46115288220551376, ""iso"": 0.19047619047619047, ""ab"": 399}, {""id"": 694192, ""name"": ""Jackson Chourio"", ""bats"": ""R"", ""obp"": 0.3293768545994065, ""slg"": 0.4612903225806452, ""iso"": 0.18709677419354842, ""ab"": 310}, {""id"": 592885, ""name"": ""Christian Yelich"", ""bats"": ""L"", ""obp"": 0.32919254658385094, ""slg"": 0.3900709219858156, ""iso"": 0.14893617021276598, ""ab"": 282}]","[{""name"": ""era_gap_t1"", ""value"": 2.052, ""contribution"": 0.2228}, {""name"": ""fi_park_nrfi_rate"", ""value"": 0.4526, ""contribution"": 0.1563}, {""name"": ""home_fip"", ""value"": 5.2448, ""contribution"": 0.1421}, {""name"": ""wx_temp_c"", ""value"": 30.9, ""contribution"": 0.0577}, {""name"": ""home_p_last10_pitcher_nrfi"", ""value"": 0.625, ""contribution"": -0.0358}]","[{""name"": ""fi_park_nrfi_rate"", ""value"": 0.4526, ""contribution"": 0.2403}, {""name"": ""era_gap_b1"", ""value"": -2.052, ""contribution"": -0.14}, {""name"": ""wx_temp_c"", ""value"": 30.9, ""contribution"": 0.0806}, {""name"": ""home_top3c_slg"", ""value"": 0.4286, ""contribution"": 0.0734}, {""name"": ""away_fip"", ""value"": 3.3989, ""contribution"": -0.063}]",547380,0.5173,4.2,4.66,50.0,50.0,0.7136,0.7136,4.47,6.0,0.7953,0.794,L,R,NRFI,LOSS,0,0,0,2026-08-01T01:53:26+00:00,-115,-115,DraftKings,2026-08-01T01:09:45+00:00,0.5349,0.5349,-0.1637,0.0939,0.0939,Y,1.5,-1.5,-115,-115,2026-08-01T00:36:26+00:00,0,0.4144,YRFI,STRONG,,,,,,,
2026-07-31,2026,824975,1,N,DET,OAK,9:40 PM ET,Tyler Holton,Jeffrey Springs,663947,605488,live,live,live,live,0.93,0.6247,0.4711,1.0958,0.4358,0.5405,0.9764,0.4115,0.5885,0.2994,0.7006,0.376675,0.623325,YRFI,STRONG,STRONG YRFI,4,2026-08-01T00:35:43Z,3.406,5.641,1.232,1.383,4.257,5.692,2.19,3.23,1.33,2.1,7.43,7.39,0.314,0.32,0.404,0.404,4.359,4.415,24.5,12.2,53.0,0.0,0.4,0.8,0.4,0.75,0.342,0.3666,0.447,0.4501,0.1895,0.1746,lineup,lineup,"[{""id"": 701762, ""name"": ""Nick Kurtz"", ""bats"": ""L"", ""obp"": 0.39675174013921116, ""slg"": 0.4857142857142857, ""iso"": 0.2285714285714286, ""ab"": 350}, {""id"": 805779, ""name"": ""Jacob Wilson"", ""bats"": ""R"", ""obp"": 0.30612244897959184, ""slg"": 0.4, ""iso"": 0.125, ""ab"": 280}, {""id"": 641680, ""name"": ""Jonah Heim"", ""bats"": ""S"", ""obp"": 0.2850877192982456, ""slg"": 0.4449760765550239, ""iso"": 0.21052631578947367, ""ab"": 209}]","[{""id"": 805808, ""name"": ""Kevin McGonigle"", ""bats"": ""L"", ""obp"": 0.3880597014925373, ""slg"": 0.4175, ""iso"": 0.1325, ""ab"": 400}, {""id"": 650402, ""name"": ""Gleyber Torres"", ""bats"": ""R"", ""obp"": 0.3832599118942731, ""slg"": 0.3915343915343915, ""iso"": 0.12169312169312169, ""ab"": 189}, {""id"": 693307, ""name"": ""Dillon Dingler"", ""bats"": ""R"", ""obp"": 0.3333333333333333, ""slg"": 0.514745308310992, ""iso"": 0.24664879356568364, ""ab"": 373}]","[{""name"": ""era_gap_t1"", ""value"": 2.2348, ""contribution"": 0.2426}, {""name"": ""home_fip"", ""value"": 5.6917, ""contribution"": 0.1923}, {""name"": ""fi_park_nrfi_rate"", ""value"": 0.4422, ""contribution"": 0.1922}, {""name"": ""home_p_last10_pitcher_nrfi"", ""value"": 0.4, ""contribution"": -0.1236}, {""name"": ""away_top3_ops_vs_oppHand"", ""value"": 0.661, ""contribution"": -0.1083}]","[{""name"": ""fi_park_nrfi_rate"", ""value"": 0.4422, ""contribution"": 0.2954}, {""name"": ""era_gap_b1"", ""value"": -2.2348, ""contribution"": -0.1524}, {""name"": ""home_plate_ump_nrfi_rate"", ""value"": 0.6254, ""contribution"": 0.1272}, {""name"": ""away_avg_ip_per_start"", ""value"": 1.2, ""contribution"": 0.0614}, {""name"": ""home_top3c_iso"", ""value"": 0.1895, ""contribution"": 0.0496}]",644760,0.6254,4.027,4.122,71.0,45.0,0.751,0.7136,4.27,1.2,0.661,0.7537,L,L,YRFI,WIN,0,1,1,2026-08-01T01:58:40+00:00,+110,-140,DraftKings,2026-08-01T01:09:45+00:00,0.4762,0.5833,-0.0647,0.0052,0.0052,Y,0.5,0.357,+110,-140,2026-08-01T00:36:26+00:00,0,0.4144,YRFI,STRONG,,,,,,,
2026-07-31,2026,824164,1,N,TEX,HOU,8:15 PM ET,Nathan Eovaldi,Hunter Brown,543135,686613,live,live,live,live,0.99,0.4829,0.4689,0.9518,0.3242,0.3585,0.6828,0.504,0.496,0.2465,0.7535,0.505209,0.494791,NRFI,LEAN,LEAN NRFI,4,2026-07-31T23:05:19Z,3.478,2.981,1.091,1.165,3.804,3.744,1.97,4.17,1.39,0.9,9.42,9.78,0.319,0.316,0.403,0.411,4.222,4.58,,,,1.0,0.6,0.8,0.8,0.8,0.3852,0.3203,0.5242,0.4702,0.2305,0.2287,lineup,lineup,"[{""id"": 665161, ""name"": ""Jeremy Pe\u00f1a"", ""bats"": ""R"", ""obp"": 0.36363636363636365, ""slg"": 0.5020746887966805, ""iso"": 0.1908713692946058, ""ab"": 241}, {""id"": 670541, ""name"": ""Yordan Alvarez"", ""bats"": ""L"", ""obp"": 0.43248945147679324, ""slg"": 0.6403061224489796, ""iso"": 0.3188775510204081, ""ab"": 392}, {""id"": 670623, ""name"": ""Isaac Paredes"", ""bats"": ""R"", ""obp"": 0.3470319634703196, ""slg"": 0.41798941798941797, ""iso"": 0.164021164021164, ""ab"": 378}]","[{""id"": 592626, ""name"": ""Joc Pederson"", ""bats"": ""L"", ""obp"": 0.3384146341463415, ""slg"": 0.5034965034965035, ""iso"": 0.2517482517482518, ""ab"": 286}, {""id"": 694671, ""name"": ""Wyatt Langford"", ""bats"": ""R"", ""obp"": 0.32113821138211385, ""slg"": 0.5064935064935064, ""iso"": 0.22943722943722938, ""ab"": 231}, {""id"": 608369, ""name"": ""Corey Seager"", ""bats"": ""L"", ""obp"": 0.2922374429223744, ""slg"": 0.37433155080213903, ""iso"": 0.1925133689839572, ""ab"": 187}]","[{""name"": ""away_top3c_iso"", ""value"": 0.2287, ""contribution"": 0.3536}, {""name"": ""home_xera"", ""value"": 1.82, ""contribution"": -0.2352}, {""name"": ""away_top3c_slg"", ""value"": 0.4702, ""contribution"": -0.1514}, {""name"": ""fi_park_nrfi_rate"", ""value"": 0.482, ""contribution"": 0.0547}, {""name"": ""era_gap_t1"", ""value"": -0.4965, ""contribution"": -0.0531}]","[{""name"": ""home_top3c_slg"", ""value"": 0.5242, ""contribution"": -0.5208}, {""name"": ""home_top3c_iso"", ""value"": 0.2305, ""contribution"": 0.2429}, {""name"": ""home_top3_ops_vs_oppHand"", ""value"": 0.942, ""contribution"": 0.2137}, {""name"": ""home_top3c_obp"", ""value"": 0.3852, ""contribution"": 0.1575}, {""name"": ""away_whiff_pct_rank"", ""value"": 84.0, ""contribution"": -0.1472}]",623949,0.5484,1.82,3.211,55.0,84.0,0.7954,0.6883,5.53,5.8,0.8073,0.942,R,R,NRFI,WIN,0,0,0,2026-08-01T00:33:34+00:00,-130,+100,DraftKings,2026-08-01T00:36:26+00:00,0.5652,0.5,-0.0612,-0.004,-0.0612,N,0.5,0,-130,+100,2026-07-31T23:14:31+00:00,0,0.6439,NRFI,STRONG,,,,,,,
2026-07-31,2026,823593,1,N,MIA,NYM,7:10 PM ET,Janson Junk,Kodai Senga,676083,673540,live,live,live,live,0.96,0.7025,0.4433,1.1458,0.3548,0.4011,0.7559,0.4874,0.5126,0.3177,0.6823,0.469586,0.530414,PASS,NO EDGE,PASS - No edge,4,2026-07-31T23:05:19Z,4.636,5.975,1.286,1.574,4.012,5.53,2.02,5.51,1.12,1.83,6.83,9.83,0.325,0.306,0.407,0.385,4.404,4.164,25.0,13.1,79.0,0.0,0.6,1.0,0.6,0.8,0.3163,0.365,0.39,0.4426,0.1361,0.1413,lineup,lineup,"[{""id"": 805999, ""name"": ""A.J. Ewing"", ""bats"": ""L"", ""obp"": 0.33935018050541516, ""slg"": 0.4105691056910569, ""iso"": 0.14227642276422764, ""ab"": 246}, {""id"": 596019, ""name"": ""Francisco Lindor"", ""bats"": ""S"", ""obp"": 0.314410480349345, ""slg"": 0.4088669950738916, ""iso"": 0.18226600985221675, ""ab"": 203}, {""id"": 666182, ""name"": ""Bo Bichette"", ""bats"": ""R"", ""obp"": 0.3036093418259023, ""slg"": 0.3695150115473441, ""iso"": 0.11085450346420322, ""ab"": 433}]","[{""id"": 689414, ""name"": ""Liam Hicks"", ""bats"": ""L"", ""obp"": 0.3620253164556962, ""slg"": 0.43731778425655976, ""iso"": 0.15451895043731778, ""ab"": 343}, {""id"": 669364, ""name"": ""Xavier Edwards"", ""bats"": ""S"", ""obp"": 0.37310195227765725, ""slg"": 0.4014962593516209, ""iso"": 0.10972568578553615, ""ab"": 401}, {""id"": 672640, ""name"": ""Otto Lopez"", ""bats"": ""R"", ""obp"": 0.35947712418300654, ""slg"": 0.4858490566037736, ""iso"": 0.16037735849056606, ""ab"": 424}]","[{""name"": ""away_top3c_iso"", ""value"": 0.1413, ""contribution"": -0.2622}, {""name"": ""home_fip"", ""value"": 5.5304, ""contribution"": 0.1742}, {""name"": ""era_gap_t1"", ""value"": 1.3397, ""contribution"": 0.1457}, {""name"": ""home_avg_ip_per_start"", ""value"": 3.2, ""contribution"": 0.0638}, {""name"": ""away_top3_ops_vs_oppHand"", ""value"": 0.825, ""contribution"": 0.0589}]","[{""name"": ""home_top3c_slg"", ""value"": 0.39, ""contribution"": 0.3129}, {""name"": ""home_top3c_iso"", ""value"": 0.1361, ""contribution"": -0.2028}, {""name"": ""away_whiff_pct_rank"", ""value"": 3.0, ""contribution"": 0.2024}, {""name"": ""era_gap_b1"", ""value"": -1.3397, ""contribution"": -0.0915}, {""name"": ""home_top3c_obp"", ""value"": 0.3163, ""contribution"": -0.0841}]",639723,0.548,3.93,4.264,74.0,3.0,0.6487,0.7136,3.2,4.73,0.825,0.7013,R,R,NRFI,PASS,0,0,0,2026-07-31T23:23:51+00:00,-120,-110,DraftKings,2026-07-31T23:30:29+00:00,0.5455,0.5238,-0.0581,-0.0112,,N,,,-120,-110,2026-07-31T23:09:09+00:00,,0.4877,PASS,NO EDGE,,,,,,,
2026-07-31,2026,822782,1,N,STL,TOR,7:07 PM ET,Kyle Leahy,Dylan Cease,681517,656302,live,live,live,live,1.01,0.4178,0.4648,0.8826,0.2249,0.3602,0.5851,0.5427,0.4573,0.2212,0.7788,0.557076,0.442924,NRFI,LEAN,LEAN NRFI,4,2026-07-31T22:05:43Z,3.497,3.006,1.311,1.153,3.856,2.67,2.99,3.82,0.96,0.71,7.98,12.83,0.314,0.305,0.382,0.383,4.383,4.012,,,,1.0,0.8,1.0,0.6,0.7,0.3292,0.3447,0.402,0.4502,0.1463,0.1781,lineup,lineup,"[{""id"": 664702, ""name"": ""Myles Straw"", ""bats"": ""R"", ""obp"": 0.2727272727272727, ""slg"": 0.31176470588235294, ""iso"": 0.09411764705882353, ""ab"": 170}, {""id"": 665489, ""name"": ""Vladimir Guerrero Jr."", ""bats"": ""R"", ""obp"": 0.3448275862068966, ""slg"": 0.3569553805774278, ""iso"": 0.09186351706036744, ""ab"": 381}, {""id"": 672960, ""name"": ""Kazuma Okamoto"", ""bats"": ""R"", ""obp"": 0.30787037037037035, ""slg"": 0.4533678756476684, ""iso"": 0.2227979274611399, ""ab"": 386}]","[{""id"": 802139, ""name"": ""JJ Wetherholt"", ""bats"": ""L"", ""obp"": 0.34893617021276596, ""slg"": 0.3955773955773956, ""iso"": 0.14250614250614252, ""ab"": 407}, {""id"": 691023, ""name"": ""Jordan Walker"", ""bats"": ""R"", ""obp"": 0.34210526315789475, ""slg"": 0.4963680387409201, ""iso"": 0.21549636803874095, ""ab"": 413}, {""id"": 676475, ""name"": ""Alec Burleson"", ""bats"": ""L"", ""obp"": 0.34279475982532753, ""slg"": 0.4578313253012048, ""iso"": 0.17590361445783131, ""ab"": 415}]","[{""name"": ""home_fip"", ""value"": 2.6705, ""contribution"": -0.1469}, {""name"": ""home_xera"", ""value"": 3.2756, ""contribution"": -0.086}, {""name"": ""away_top3_ops_vs_oppHand"", ""value"": 0.8383, ""contribution"": 0.0725}, {""name"": ""home_avg_ip_per_start"", ""value"": 6.9333, ""contribution"": -0.0558}, {""name"": ""era_gap_t1"", ""value"": -0.491, ""contribution"": -0.0525}]","[{""name"": ""home_top3c_slg"", ""value"": 0.402, ""contribution"": 0.2386}, {""name"": ""home_top3c_iso"", ""value"": 0.1463, ""contribution"": -0.1546}, {""name"": ""away_whiff_pct_rank"", ""value"": 32.0, ""contribution"": 0.0772}, {""name"": ""wx_is_dome"", ""value"": 1.0, ""contribution"": -0.0758}, {""name"": ""home_obp"", ""value"": 0.3055, ""contribution"": -0.0584}]",608093,0.5118,3.276,4.459,97.0,32.0,0.6796,0.7136,6.93,5.0,0.8383,0.747,R,R,NRFI,WIN,0,0,0,2026-07-31T23:23:10+00:00,-140,+110,DraftKings,2026-07-31T23:05:30+00:00,0.5833,0.4762,-0.0406,-0.0189,-0.0406,N,0.5,0,-150,+115,2026-07-31T22:02:29+00:00,-0.0167,0.6276,NRFI,STRONG,,,,,,,
2026-07-31,2026,824407,1,N,ARI,CLE,7:10 PM ET,Mitch Bratt,Tanner Bibee,683352,676440,sm,live,live,live,0.96,0.5015,0.5839,1.0854,0.2868,0.385,0.6719,0.5081,0.4919,0.2956,0.7044,0.510762,0.489238,NRFI,LEAN,LEAN NRFI,4,2026-07-31T22:05:43Z,4.762,3.975,1.458,1.192,5.089,4.554,3.92,2.67,1.53,1.41,7.97,7.23,0.313,0.311,0.395,0.374,4.512,3.996,26.3,9.7,71.0,0.0,0.8,0.75,0.7,0.75,0.3206,0.358,0.419,0.4278,0.1687,0.1702,lineup,lineup,"[{""id"": 682657, ""name"": ""Angel Mart\u00ednez"", ""bats"": ""S"", ""obp"": 0.25984251968503935, ""slg"": 0.4149377593360996, ""iso"": 0.19087136929460582, ""ab"": 241}, {""id"": 608070, ""name"": ""Jos\u00e9 Ram\u00edrez"", ""bats"": ""S"", ""obp"": 0.33236994219653176, ""slg"": 0.3979933110367893, ""iso"": 0.1605351170568562, ""ab"": 299}, {""id"": 800050, ""name"": ""Chase DeLauter"", ""bats"": ""L"", ""obp"": 0.35064935064935066, ""slg"": 0.4402332361516035, ""iso"": 0.16034985422740522, ""ab"": 343}]","[{""id"": 682998, ""name"": ""Corbin Carroll"", ""bats"": ""L"", ""obp"": 0.34285714285714286, ""slg"": 0.4796954314720812, ""iso"": 0.23096446700507614, ""ab"": 394}, {""id"": 672695, ""name"": ""Geraldo Perdomo"", ""bats"": ""S"", ""obp"": 0.34966592427616927, ""slg"": 0.3521505376344086, ""iso"": 0.12365591397849465, ""ab"": 372}, {""id"": 672515, ""name"": ""Gabriel Moreno"", ""bats"": ""R"", ""obp"": 0.3898809523809524, ""slg"": 0.45454545454545453, ""iso"": 0.14685314685314682, ""ab"": 286}]","[{""name"": ""fi_park_nrfi_rate"", ""value"": 0.528, ""contribution"": -0.1042}, {""name"": ""era_gap_t1"", ""value"": -0.7872, ""contribution"": -0.0846}, {""name"": ""home_fip"", ""value"": 4.5543, ""contribution"": 0.0646}, {""name"": ""away_top3c_slg"", ""value"": 0.4278, ""contribution"": 0.0634}, {""name"": ""away_top3c_iso"", ""value"": 0.1702, ""contribution"": -0.0587}]","[{""name"": ""fi_park_nrfi_rate"", ""value"": 0.528, ""contribution"": -0.1602}, {""name"": ""home_top3c_slg"", ""value"": 0.419, ""contribution"": 0.1327}, {""name"": ""away_fip"", ""value"": 5.0887, ""contribution"": 0.1176}, {""name"": ""home_top3_ops_vs_oppHand"", ""value"": 0.8357, ""contribution"": 0.0864}, {""name"": ""home_plate_ump_nrfi_rate"", ""value"": 0.4205, ""contribution"": -0.084}]",504381,0.4205,3.633,4.2,47.0,50.0,0.7396,0.7136,5.93,3.92,0.7783,0.8357,L,R,YRFI,LOSS,0,1,1,2026-07-31T23:28:15+00:00,-110,-115,DraftKings,2026-07-31T23:30:29+00:00,0.5238,0.5349,-0.0157,-0.043,-0.0157,N,0.5,0,-110,-115,2026-07-31T22:09:15+00:00,0,0.6408,NRFI,STRONG,,,,,,,
2026-07-31,2026,824892,1,N,WSH,ATL,7:15 PM ET,Foster Griffin,Bryce Elder,656492,693821,live,live,live,live,0.98,0.5824,0.4729,1.0553,0.481,0.279,0.76,0.4868,0.5132,0.2846,0.7154,0.467687,0.532313,PASS,NO EDGE,PASS - No edge,4,2026-07-31T23:05:19Z,3.104,4.31,1.086,1.287,3.941,4.542,2.25,2.94,1.23,1.42,8.34,7.73,0.327,0.314,0.441,0.413,5.34,4.827,31.4,8.3,42.0,0.0,1.0,1.0,0.8,1.0,0.3555,0.3523,0.484,0.5203,0.2203,0.2546,lineup,lineup,"[{""id"": 660670, ""name"": ""Ronald Acu\u00f1a Jr."", ""bats"": ""R"", ""obp"": 0.36507936507936506, ""slg"": 0.41626794258373206, ""iso"": 0.1722488038277512, ""ab"": 209}, {""id"": 686948, ""name"": ""Drake Baldwin"", ""bats"": ""L"", ""obp"": 0.370757180156658, ""slg"": 0.4804804804804805, ""iso"": 0.20120120120120122, ""ab"": 333}, {""id"": 621566, ""name"": ""Matt Olson"", ""bats"": ""L"", ""obp"": 0.33820459290187893, ""slg"": 0.52, ""iso"": 0.25882352941176473, ""ab"": 425}]","[{""id"": 695578, ""name"": ""James Wood"", ""bats"": ""L"", ""obp"": 0.3996138996138996, ""slg"": 0.5497630331753555, ""iso"": 0.2796208530805687, ""ab"": 422}, {""id"": 665953, ""name"": ""Andr\u00e9s Chaparro"", ""bats"": ""R"", ""obp"": 0.3333333333333333, ""slg"": 0.4805194805194805, ""iso"": 0.2597402597402597, ""ab"": 77}, {""id"": 686611, ""name"": ""Dylan Crews"", ""bats"": ""R"", ""obp"": 0.3054393305439331, ""slg"": 0.3878504672897196, ""iso"": 0.16355140186915887, ""ab"": 214}]","[{""name"": ""away_top3c_iso"", ""value"": 0.2546, ""contribution"": 0.5358}, {""name"": ""away_top3c_slg"", ""value"": 0.5203, ""contribution"": -0.4053}, {""name"": ""era_gap_t1"", ""value"": 1.206, ""contribution"": 0.1312}, {""name"": ""home_fip"", ""value"": 4.5421, ""contribution"": 0.0633}, {""name"": ""wx_temp_c"", ""value"": 31.4, ""contribution"": 0.0607}]","[{""name"": ""home_top3c_slg"", ""value"": 0.484, ""contribution"": -0.2707}, {""name"": ""home_top3c_iso"", ""value"": 0.2203, ""contribution"": 0.1948}, {""name"": ""away_p_last10_pitcher_nrfi"", ""value"": 1.0, ""contribution"": -0.0929}, {""name"": ""wx_temp_c"", ""value"": 31.4, ""contribution"": 0.0847}, {""name"": ""era_gap_b1"", ""value"": -1.206, ""contribution"": -0.0824}]",427344,0.4727,4.332,4.362,24.0,59.0,0.6509,0.7272,5.0,6.53,0.826,0.725,L,R,YRFI,PASS,0,1,1,2026-07-31T23:34:32+00:00,+100,-130,DraftKings,2026-07-31T23:30:29+00:00,0.5,0.5652,-0.0132,-0.052,,N,,,+100,-130,2026-07-31T23:14:31+00:00,,0.4658,PASS,NO EDGE,,,,,,,
2026-07-31,2026,824486,1,N,PIT,CIN,6:10 PM ET,Paul Skenes,Hunter Greene,694973,668881,live,live,live,live,1.09,0.5044,0.3744,0.8788,0.355,0.2857,0.6406,0.5155,0.4845,0.2198,0.7802,0.526954,0.473046,NRFI,LEAN,LEAN NRFI,4,2026-07-31T21:05:35Z,3.231,4.348,1.033,1.101,2.569,3.377,2.08,2.51,0.75,1.26,10.96,11.35,0.334,0.31,0.418,0.396,5.06,4.15,30.3,7.2,39.0,0.0,0.4,0.8,0.7,0.8,0.3416,0.3507,0.48,0.4454,0.2248,0.175,lineup,lineup,"[{""id"": 682829, ""name"": ""Elly De La Cruz"", ""bats"": ""S"", ""obp"": 0.355, ""slg"": 0.504225352112676, ""iso"": 0.22535211267605632, ""ab"": 355}, {""id"": 701398, ""name"": ""Sal Stewart"", ""bats"": ""R"", ""obp"": 0.3333333333333333, ""slg"": 0.47073170731707314, ""iso"": 0.2170731707317073, ""ab"": 410}, {""id"": 668709, ""name"": ""JJ Bleday"", ""bats"": ""L"", ""obp"": 0.3373134328358209, ""slg"": 0.4631578947368421, ""iso"": 0.23508771929824562, ""ab"": 285}]","[{""id"": 663968, ""name"": ""Jake Mangum"", ""bats"": ""S"", ""obp"": 0.3488372093023256, ""slg"": 0.36917562724014336, ""iso"": 0.06810035842293904, ""ab"": 279}, {""id"": 664040, ""name"": ""Brandon Lowe"", ""bats"": ""L"", ""obp"": 0.32, ""slg"": 0.49, ""iso"": 0.2375, ""ab"": 400}, {""id"": 668804, ""name"": ""Bryan Reynolds"", ""bats"": ""S"", ""obp"": 0.3807531380753138, ""slg"": 0.4538653366583541, ""iso"": 0.18703241895261846, ""ab"": 401}]","[{""name"": ""era_gap_t1"", ""value"": 1.1173, ""contribution"": 0.1216}, {""name"": ""home_fip"", ""value"": 3.3772, ""contribution"": -0.0675}, {""name"": ""wx_temp_c"", ""value"": 30.3, ""contribution"": 0.0542}, {""name"": ""away_top3_ops_vs_oppHand"", ""value"": 0.815, ""contribution"": 0.0487}, {""name"": ""fi_park_nrfi_rate"", ""value"": 0.4892, ""contribution"": 0.0298}]","[{""name"": ""home_top3c_slg"", ""value"": 0.48, ""contribution"": -0.246}, {""name"": ""home_top3c_iso"", ""value"": 0.2248, ""contribution"": 0.216}, {""name"": ""away_whiff_pct_rank"", ""value"": 86.0, ""contribution"": -0.1558}, {""name"": ""away_fip"", ""value"": 2.5694, ""contribution"": -0.1516}, {""name"": ""era_gap_b1"", ""value"": -1.1173, ""contribution"": -0.0764}]",483564,0.5037,4.2,2.094,50.0,86.0,0.7075,0.751,5.53,5.53,0.815,0.785,R,R,YRFI,LOSS,2,2,4,2026-07-31T22:36:48+00:00,-145,+110,DraftKings,2026-07-31T22:36:04+00:00,0.5918,0.4762,-0.0763,0.0083,-0.0763,N,0.5,0,-145,+110,2026-07-31T20:18:55+00:00,0,0.4658,PASS,NO EDGE,,,,,,,
2026-07-31,2026,824651,1,N,NYY,CHC,2:20 PM ET,Will Warren,Shota Imanaga,701542,684007,live,live,live,live,1.0,0.4932,0.5844,1.0777,0.3366,0.4201,0.7567,0.4873,0.5127,0.2928,0.7072,0.46922,0.53078,PASS,NO EDGE,PASS - No edge,4,2026-07-31T18:19:16Z,4.418,3.722,1.399,1.073,4.169,4.569,3.3,2.02,1.29,1.71,9.14,8.13,0.312,0.337,0.412,0.414,4.625,5.093,22.3,8.4,76.0,0.0,0.8,0.4,0.8,0.6,0.3696,0.3287,0.4659,0.5089,0.1971,0.2521,lineup,lineup,"[{""id"": 691718, ""name"": ""Pete Crow-Armstrong"", ""bats"": ""L"", ""obp"": 0.38204592901878914, ""slg"": 0.5414634146341464, ""iso"": 0.2560975609756098, ""ab"": 410}, {""id"": 699393, ""name"": ""Pedro Ram\u00edrez"", ""bats"": ""S"", ""obp"": 0.36363636363636365, ""slg"": 0.45555555555555555, ""iso"": 0.14444444444444443, ""ab"": 90}, {""id"": 683737, ""name"": ""Michael Busch"", ""bats"": ""L"", ""obp"": 0.35860655737704916, ""slg"": 0.39215686274509803, ""iso"": 0.14950980392156862, ""ab"": 408}]","[{""id"": 502671, ""name"": ""Paul Goldschmidt"", ""bats"": ""R"", ""obp"": 0.31511254019292606, ""slg"": 0.4647887323943662, ""iso"": 0.2112676056338028, ""ab"": 284}, {""id"": 700250, ""name"": ""Ben Rice"", ""bats"": ""L"", ""obp"": 0.359375, ""slg"": 0.5717948717948718, ""iso"": 0.30256410256410254, ""ab"": 390}, {""id"": 641857, ""name"": ""Ryan McMahon"", ""bats"": ""L"", ""obp"": 0.26953125, ""slg"": 0.3644067796610169, ""iso"": 0.15677966101694912, ""ab"": 236}]","[{""name"": ""away_top3c_iso"", ""value"": 0.2521, ""contribution"": 0.5183}, {""name"": ""away_top3c_slg"", ""value"": 0.5089, ""contribution"": -0.3477}, {""name"": ""fi_park_nrfi_rate"", ""value"": 0.5429, ""contribution"": -0.1558}, {""name"": ""era_gap_t1"", ""value"": -0.696, ""contribution"": -0.0747}, {""name"": ""home_fip"", ""value"": 4.5686, ""contribution"": 0.0662}]","[{""name"": ""fi_park_nrfi_rate"", ""value"": 0.5429, ""contribution"": -0.2395}, {""name"": ""home_obp"", ""value"": 0.3371, ""contribution"": 0.1631}, {""name"": ""home_top3c_slg"", ""value"": 0.4659, ""contribution"": -0.1582}, {""name"": ""home_top3c_obp"", ""value"": 0.3696, ""contribution"": 0.1028}, {""name"": ""home_top3c_iso"", ""value"": 0.1971, ""contribution"": 0.0856}]",665297,0.4839,3.775,4.345,47.0,39.0,0.7272,0.6796,5.8,4.6,0.831,0.8277,R,L,NRFI,PASS,0,0,0,2026-07-31T18:36:25+00:00,+100,-130,DraftKings,2026-07-31T15:52:12+00:00,0.5,0.5652,-0.0153,-0.0499,,N,,,-105,-125,2026-07-31T15:57:34+00:00,,0.5651,NRFI,STRONG,,,,,,,
2026-07-31,2026,823111,1,N,MIN,SEA,10:10 PM ET,Zebby Matthews,Bryce Miller,805673,682243,live,live,live,live,0.95,0.4394,0.5258,0.9652,0.3106,0.3905,0.7011,0.4989,0.5011,0.2514,0.7486,0.496038,0.503962,PASS,NO EDGE,PASS - No edge,4,2026-08-01T02:05:19Z,5.167,3.694,1.352,1.087,4.774,4.17,2.83,2.13,1.62,1.5,7.88,8.76,0.319,0.31,0.405,0.382,4.684,4.06,,,,1.0,0.6,0.8,0.8,0.6,0.3449,0.3486,0.4541,0.4836,0.1855,0.2141,lineup,lineup,"[{""id"": 702284, ""name"": ""Cole Young"", ""bats"": ""L"", ""obp"": 0.319634703196347, ""slg"": 0.40852130325814534, ""iso"": 0.14786967418546365, ""ab"": 399}, {""id"": 668227, ""name"": ""Randy Arozarena"", ""bats"": ""R"", ""obp"": 0.3761467889908257, ""slg"": 0.45066666666666666, ""iso"": 0.16799999999999998, ""ab"": 375}, {""id"": 686527, ""name"": ""Dominic Canzone"", ""bats"": ""L"", ""obp"": 0.3366013071895425, ""slg"": 0.5257352941176471, ""iso"": 0.2647058823529412, ""ab"": 272}]","[{""id"": 663616, ""name"": ""Trevor Larnach"", ""bats"": ""L"", ""obp"": 0.37577639751552794, ""slg"": 0.44680851063829785, ""iso"": 0.15957446808510634, ""ab"": 282}, {""id"": 680777, ""name"": ""Ryan Jeffers"", ""bats"": ""R"", ""obp"": 0.39896373056994816, ""slg"": 0.5276073619631901, ""iso"": 0.23312883435582815, ""ab"": 163}, {""id"": 665019, ""name"": ""Kody Clemens"", ""bats"": ""L"", ""obp"": 0.3, ""slg"": 0.49283667621776506, ""iso"": 0.2492836676217765, ""ab"": 349}]","[{""name"": ""away_top3c_iso"", ""value"": 0.2141, ""contribution"": 0.2508}, {""name"": ""away_top3c_slg"", ""value"": 0.4836, ""contribution"": -0.2196}, {""name"": ""era_gap_t1"", ""value"": -1.4732, ""contribution"": -0.1589}, {""name"": ""away_top3_ops_vs_oppHand"", ""value"": 0.859, ""contribution"": 0.0935}, {""name"": ""fi_park_nrfi_rate"", ""value"": 0.5131, ""contribution"": -0.0529}]","[{""name"": ""era_gap_b1"", ""value"": 1.4732, ""contribution"": 0.0998}, {""name"": ""home_top3c_slg"", ""value"": 0.4541, ""contribution"": -0.0852}, {""name"": ""away_fip"", ""value"": 4.7744, ""contribution"": 0.084}, {""name"": ""fi_park_nrfi_rate"", ""value"": 0.5131, ""contribution"": -0.0814}, {""name"": ""wx_is_dome"", ""value"": 1.0, ""contribution"": -0.0758}]",484198,0.5395,4.2,4.2,50.0,50.0,0.7396,0.7136,5.73,5.33,0.859,0.822,R,R,YRFI,PASS,0,2,2,2026-08-01T02:32:06+00:00,-125,-105,DraftKings,2026-08-01T02:06:15+00:00,0.5556,0.5122,-0.0567,-0.0111,,N,,,-125,-105,2026-08-01T02:06:15+00:00,,0.4932,PASS,NO EDGE,,,,,,,
2026-07-31,2026,823922,1,N,BOS,LAD,10:10 PM ET,Ranger Suarez,Edgardo Henriquez,624133,683618,live,ltd,live,live,0.97,0.4219,0.4075,0.8294,0.2961,0.4769,0.773,0.4848,0.5152,0.2018,0.7982,0.461606,0.538394,PASS,NO EDGE,PASS - No edge,4,2026-08-01T02:05:19Z,3.073,3.463,1.171,1.152,2.752,3.518,2.38,3.51,0.57,0.7,9.42,8.88,0.315,0.338,0.395,0.43,4.24,5.077,30.5,13.4,49.0,0.0,0.5,0.6,0.5,0.7,0.3585,0.3226,0.4831,0.4375,0.2034,0.1722,lineup,lineup,"[{""id"": 660271, ""name"": ""Shohei Ohtani"", ""bats"": ""L"", ""obp"": 0.394273127753304, ""slg"": 0.5368421052631579, ""iso"": 0.24736842105263157, ""ab"": 380}, {""id"": 681624, ""name"": ""Andy Pages"", ""bats"": ""R"", ""obp"": 0.33548387096774196, ""slg"": 0.46153846153846156, ""iso"": 0.19230769230769235, ""ab"": 416}, {""id"": 500743, ""name"": ""Miguel Rojas"", ""bats"": ""R"", ""obp"": 0.3253012048192771, ""slg"": 0.40540540540540543, ""iso"": 0.12162162162162166, ""ab"": 148}]","[{""id"": 686765, ""name"": ""Nick Sogard"", ""bats"": ""S"", ""obp"": 0.35555555555555557, ""slg"": 0.375, ""iso"": 0.09999999999999998, ""ab"": 40}, {""id"": 678882, ""name"": ""Ceddanne Rafaela"", ""bats"": ""R"", ""obp"": 0.32235294117647056, ""slg"": 0.4463840399002494, ""iso"": 0.16458852867830426, ""ab"": 401}, {""id"": 677800, ""name"": ""Wilyer Abreu"", ""bats"": ""L"", ""obp"": 0.31947483588621445, ""slg"": 0.4348894348894349, ""iso"": 0.18673218673218672, ""ab"": 407}]","[{""name"": ""home_p_last10_pitcher_nrfi"", ""value"": 0.5, ""contribution"": -0.0846}, {""name"": ""home_xera"", ""value"": 3.5, ""contribution"": -0.0631}, {""name"": ""wx_temp_c"", ""value"": 30.5, ""contribution"": 0.0554}, {""name"": ""fi_park_nrfi_rate"", ""value"": 0.4823, ""contribution"": 0.0538}, {""name"": ""home_fip"", ""value"": 3.5178, ""contribution"": -0.0517}]","[{""name"": ""home_top3c_slg"", ""value"": 0.4831, ""contribution"": -0.265}, {""name"": ""home_obp"", ""value"": 0.338, ""contribution"": 0.1693}, {""name"": ""away_fip"", ""value"": 2.7524, ""contribution"": -0.132}, {""name"": ""home_top3_ops_vs_oppHand"", ""value"": 0.8677, ""contribution"": 0.1247}, {""name"": ""home_top3c_iso"", ""value"": 0.2034, ""contribution"": 0.1151}]",573597,0.4761,3.5,2.896,61.0,31.0,0.7136,0.6363,5.0,5.07,0.7537,0.8677,L,R,NRFI,PASS,0,0,0,2026-08-01T02:26:22+00:00,-135,+105,DraftKings,2026-08-01T02:06:15+00:00,0.5745,0.4878,-0.0897,0.0274,,N,,,-135,+105,2026-08-01T02:06:15+00:00,,0.5245,PASS,NO EDGE,,,,,,,
2026-07-31,2026,824809,1,N,PHI,BAL,7:05 PM ET,Andrew Painter,Brandon Young,691725,687064,ltd,live,live,live,1.06,0.5204,0.6842,1.2046,0.3144,0.467,0.7814,0.4836,0.5164,0.339,0.661,0.457752,0.542248,PASS,NO EDGE,PASS - No edge,4,2026-07-31T22:50:51Z,5.959,3.721,1.508,1.32,4.998,4.114,3.17,3.16,1.66,1.04,7.88,7.61,0.305,0.32,0.401,0.396,4.359,4.585,28.8,8.5,52.0,0.0,0.8,0.6,0.7,0.7,0.3181,0.3379,0.4131,0.4726,0.1787,0.2239,lineup,lineup,"[{""id"": 687637, ""name"": ""Dylan Beavers"", ""bats"": ""L"", ""obp"": 0.324468085106383, ""slg"": 0.3433734939759036, ""iso"": 0.10240963855421686, ""ab"": 166}, {""id"": 624413, ""name"": ""Pete Alonso"", ""bats"": ""R"", ""obp"": 0.3445378151260504, ""slg"": 0.4609756097560976, ""iso"": 0.21219512195121953, ""ab"": 410}, {""id"": 683002, ""name"": ""Gunnar Henderson"", ""bats"": ""L"", ""obp"": 0.2903225806451613, ""slg"": 0.3950892857142857, ""iso"": 0.1763392857142857, ""ab"": 448}]","[{""id"": 607208, ""name"": ""Trea Turner"", ""bats"": ""R"", ""obp"": 0.2921108742004264, ""slg"": 0.3922018348623853, ""iso"": 0.14908256880733942, ""ab"": 436}, {""id"": 656941, ""name"": ""Kyle Schwarber"", ""bats"": ""L"", ""obp"": 0.36542669584245074, ""slg"": 0.5454545454545454, ""iso"": 0.2935064935064935, ""ab"": 385}, {""id"": 547180, ""name"": ""Bryce Harper"", ""bats"": ""L"", ""obp"": 0.3572984749455338, ""slg"": 0.4909090909090909, ""iso"": 0.23896103896103899, ""ab"": 385}]","[{""name"": ""away_top3c_iso"", ""value"": 0.2239, ""contribution"": 0.3197}, {""name"": ""era_gap_t1"", ""value"": -2.2382, ""contribution"": -0.2417}, {""name"": ""away_top3c_slg"", ""value"": 0.4726, ""contribution"": -0.1639}, {""name"": ""away_top3_ops_vs_oppHand"", ""value"": 0.86, ""contribution"": 0.0945}, {""name"": ""fi_park_nrfi_rate"", ""value"": 0.519, ""contribution"": -0.0733}]","[{""name"": ""home_top3c_slg"", ""value"": 0.4131, ""contribution"": 0.1696}, {""name"": ""era_gap_b1"", ""value"": 2.2382, ""contribution"": 0.1519}, {""name"": ""fi_park_nrfi_rate"", ""value"": 0.519, ""contribution"": -0.1127}, {""name"": ""away_fip"", ""value"": 4.9976, ""contribution"": 0.1079}, {""name"": ""home_top3c_obp"", ""value"": 0.3181, ""contribution"": -0.0778}]",658292,0.4848,4.059,5.526,14.0,50.0,0.7136,0.7136,6.07,4.47,0.86,0.7387,R,R,YRFI,PASS,2,2,4,2026-07-31T23:27:25+00:00,+105,-135,DraftKings,2026-07-31T23:05:30+00:00,0.4878,0.5745,-0.0042,-0.0581,,N,,,+105,-135,2026-07-31T22:59:51+00:00,,0.4658,PASS,NO EDGE,,,,,,,
2026-07-31,2026,823272,1,N,SF,SD,9:45 PM ET,Carson Whisenhunt,Bradgley Rodriguez,687931,699134,ltd,ltd,live,live,0.95,0.4067,0.5652,0.9719,0.2047,0.3883,0.593,0.5376,0.4624,0.2539,0.7461,0.552645,0.447355,NRFI,LEAN,LEAN NRFI,4,2026-08-01T00:35:43Z,4.406,3.185,1.326,1.212,4.945,3.434,3.67,3.03,1.52,0.77,8.11,8.98,0.312,0.311,0.416,0.386,4.262,4.206,25.5,11.5,77.0,0.0,1.0,0.8,1.0,0.5,0.3231,0.3446,0.3948,0.4438,0.147,0.1533,lineup,lineup,"[{""id"": 665487, ""name"": ""Fernando Tatis Jr."", ""bats"": ""R"", ""obp"": 0.35294117647058826, ""slg"": 0.4009433962264151, ""iso"": 0.11556603773584906, ""ab"": 424}, {""id"": 650859, ""name"": ""Luis Rengifo"", ""bats"": ""S"", ""obp"": 0.3107569721115538, ""slg"": 0.3125, ""iso"": 0.07589285714285715, ""ab"": 224}, {""id"": 592518, ""name"": ""Manny Machado"", ""bats"": ""R"", ""obp"": 0.2984409799554566, ""slg"": 0.4351145038167939, ""iso"": 0.22137404580152673, ""ab"": 393}]","[{""id"": 650333, ""name"": ""Luis Arraez"", ""bats"": ""L"", ""obp"": 0.36444444444444446, ""slg"": 0.44660194174757284, ""iso"": 0.11893203883495146, ""ab"": 412}, {""id"": 671218, ""name"": ""Heliot Ramos"", ""bats"": ""R"", ""obp"": 0.30612244897959184, ""slg"": 0.4332129963898917, ""iso"": 0.16606498194945846, ""ab"": 277}, {""id"": 805811, ""name"": ""Bryce Eldridge"", ""bats"": ""L"", ""obp"": 0.3527272727272727, ""slg"": 0.45147679324894513, ""iso"": 0.1983122362869198, ""ab"": 237}]","[{""name"": ""home_xera"", ""value"": 1.65, ""contribution"": -0.2526}, {""name"": ""away_top3c_iso"", ""value"": 0.1533, ""contribution"": -0.1771}, {""name"": ""fi_park_nrfi_rate"", ""value"": 0.5409, ""contribution"": -0.149}, {""name"": ""home_avg_ip_per_start"", ""value"": 1.0, ""contribution"": 0.1342}, {""name"": ""era_gap_t1"", ""value"": -1.2208, ""contribution"": -0.1316}]","[{""name"": ""home_top3c_slg"", ""value"": 0.3948, ""contribution"": 0.2831}, {""name"": ""fi_park_nrfi_rate"", ""value"": 0.5409, ""contribution"": -0.229}, {""name"": ""home_top3c_iso"", ""value"": 0.147, ""contribution"": -0.1512}, {""name"": ""away_fip"", ""value"": 4.9455, ""contribution"": 0.1023}, {""name"": ""home_top3_ops_vs_oppHand"", ""value"": 0.6883, ""contribution"": -0.09}]",427197,0.5268,1.65,4.2,85.0,50.0,0.7136,0.7136,1.0,4.93,0.775,0.6883,L,R,YRFI,LOSS,0,2,2,2026-08-01T02:05:14+00:00,-110,-120,DraftKings,2026-08-01T02:06:15+00:00,0.5238,0.5455,0.0138,-0.0831,0.0138,N,0.5,0,-110,-120,2026-08-01T00:36:26+00:00,0,0.6403,NRFI,STRONG,,,,,,,
2026-08-01,2026,824326,1,N,KC,COL,8:10 PM ET,Luinder Avila,Ryan Feltner,679883,663372,ltd,live,live,live,1.22,0.7294,0.7626,1.492,0.5779,0.6278,1.2057,0.2872,0.7128,0.4395,0.5605,0.299475,0.700525,YRFI,STRONG,STRONG YRFI,4,2026-08-01T23:05:06Z,4.659,5.217,1.454,1.407,4.3,5.18,4.37,3.49,0.96,1.66,8.23,7.47,0.314,0.321,0.397,0.414,4.187,4.684,34.7,19.1,13.0,0.0,0.6,0.8,0.7,0.6,0.3579,0.3126,0.4603,0.425,0.1766,0.1857,lineup,lineup,"[{""id"": 664983, ""name"": ""Jake McCarthy"", ""bats"": ""L"", ""obp"": 0.33053221288515405, ""slg"": 0.48493975903614456, ""iso"": 0.19578313253012047, ""ab"": 332}, {""id"": 691720, ""name"": ""Kyle Karros"", ""bats"": ""R"", ""obp"": 0.3649025069637883, ""slg"": 0.42857142857142855, ""iso"": 0.16233766233766234, ""ab"": 308}, {""id"": 681198, ""name"": ""TJ Rumfield"", ""bats"": ""L"", ""obp"": 0.375, ""slg"": 0.46437994722955145, ""iso"": 0.17150395778364114, ""ab"": 379}]","[{""id"": 695600, ""name"": ""Carter Jensen"", ""bats"": ""L"", ""obp"": 0.3054187192118227, ""slg"": 0.425414364640884, ""iso"": 0.19060773480662985, ""ab"": 362}, {""id"": 516782, ""name"": ""Starling Marte"", ""bats"": ""R"", ""obp"": 0.3146853146853147, ""slg"": 0.31007751937984496, ""iso"": 0.054263565891472854, ""ab"": 129}, {""id"": 695506, ""name"": ""Jac Caglianone"", ""bats"": ""L"", ""obp"": 0.3096446700507614, ""slg"": 0.45027624309392267, ""iso"": 0.19889502762430938, ""ab"": 362}]","[{""name"": ""fi_park_nrfi_rate"", ""value"": 0.4241, ""contribution"": 0.2547}, {""name"": ""home_fip"", ""value"": 5.1795, ""contribution"": 0.1348}, {""name"": ""wx_temp_c"", ""value"": 34.7, ""contribution"": 0.0805}, {""name"": ""away_top3c_slg"", ""value"": 0.425, ""contribution"": 0.0772}, {""name"": ""home_xera"", ""value"": 4.7432, ""contribution"": 0.0643}]","[{""name"": ""fi_park_nrfi_rate"", ""value"": 0.4241, ""contribution"": 0.3916}, {""name"": ""home_top3c_slg"", ""value"": 0.4603, ""contribution"": -0.1234}, {""name"": ""wx_temp_c"", ""value"": 34.7, ""contribution"": 0.1123}, {""name"": ""wx_wind_kmh"", ""value"": 19.1, ""contribution"": 0.0801}, {""name"": ""home_top3_ops_vs_oppHand"", ""value"": 0.8277, ""contribution"": 0.0768}]",483569,0.5176,4.743,7.921,55.0,50.0,0.7272,0.7136,4.73,4.93,0.7313,0.8277,R,R,NRFI,LOSS,0,0,0,2026-08-02T00:26:09+00:00,+115,-150,DraftKings,2026-08-01T22:39:35+00:00,0.4651,0.6,-0.1779,0.1128,0.1128,Y,7,-7,+115,-150,2026-08-01T22:44:54+00:00,0,0.3767,YRFI,STRONG,,,,,,,
2026-08-01,2026,822944,1,N,CWS,TB,4:10 PM ET,Jordan Hicks,Drew Rasmussen,663855,656876,ltd,live,live,live,0.93,0.351,0.5423,0.8933,0.3709,0.6792,1.0501,0.334,0.666,0.2251,0.7749,0.349918,0.650082,YRFI,STRONG,STRONG YRFI,4,2026-08-01T19:04:49Z,4.607,2.988,1.481,0.954,3.837,3.318,4.88,1.72,0.68,1.0,9.22,8.69,0.317,0.327,0.408,0.403,4.754,4.431,,,,1.0,0.8,0.4,0.8,0.3333,0.3591,0.3636,0.4577,0.4799,0.1665,0.2255,lineup,lineup,"[{""id"": 656775, ""name"": ""Cedric Mullins"", ""bats"": ""L"", ""obp"": 0.27932960893854747, ""slg"": 0.359375, ""iso"": 0.15625, ""ab"": 320}, {""id"": 802415, ""name"": ""Chandler Simpson"", ""bats"": ""L"", ""obp"": 0.3225, ""slg"": 0.35106382978723405, ""iso"": 0.061170212765957466, ""ab"": 376}, {""id"": 691406, ""name"": ""Junior Caminero"", ""bats"": ""R"", ""obp"": 0.3726315789473684, ""slg"": 0.5485436893203883, ""iso"": 0.2669902912621359, ""ab"": 412}]","[{""id"": 803011, ""name"": ""Sam Antonacci"", ""bats"": ""L"", ""obp"": 0.3700564971751412, ""slg"": 0.4174757281553398, ""iso"": 0.13592233009708737, ""ab"": 309}, {""id"": 808959, ""name"": ""Munetaka Murakami"", ""bats"": ""L"", ""obp"": 0.38198757763975155, ""slg"": 0.5534351145038168, ""iso"": 0.30916030534351147, ""ab"": 262}, {""id"": 678246, ""name"": ""Miguel Vargas"", ""bats"": ""R"", ""obp"": 0.346072186836518, ""slg"": 0.48, ""iso"": 0.24, ""ab"": 400}]","[{""name"": ""away_top3c_iso"", ""value"": 0.2255, ""contribution"": 0.3314}, {""name"": ""fi_park_nrfi_rate"", ""value"": 0.4376, ""contribution"": 0.2081}, {""name"": ""away_top3c_slg"", ""value"": 0.4799, ""contribution"": -0.2008}, {""name"": ""era_gap_t1"", ""value"": -1.619, ""contribution"": -0.1747}, {""name"": ""away_top3_ops_vs_oppHand"", ""value"": 0.8913, ""contribution"": 0.1265}]","[{""name"": ""fi_park_nrfi_rate"", ""value"": 0.4376, ""contribution"": 0.3199}, {""name"": ""away_whiff_pct_rank"", ""value"": 1.0, ""contribution"": 0.211}, {""name"": ""away_p_last10_pitcher_nrfi"", ""value"": 0.3333, ""contribution"": 0.126}, {""name"": ""era_gap_b1"", ""value"": 1.619, ""contribution"": 0.1098}, {""name"": ""home_top3c_slg"", ""value"": 0.4577, ""contribution"": -0.1078}]",427315,0.5564,3.299,3.81,44.0,1.0,0.6796,0.7136,5.07,4.6,0.8913,0.8177,R,R,NRFI,LOSS,0,0,0,2026-08-01T20:20:37+00:00,-110,-115,DraftKings,2026-08-01T19:01:04+00:00,0.5238,0.5349,-0.1898,0.1311,0.1311,Y,7,-7,-110,-115,2026-08-01T19:01:04+00:00,0,0.4521,PASS,NO EDGE,,,,,,,
2026-08-01,2026,824000,1,N,MIL,LAA,9:38 PM ET,Robert Gasser,Brent Suter,688107,608718,ltd,live,live,live,0.99,0.4892,0.5104,0.9996,0.3663,0.5908,0.9571,0.4191,0.5809,0.2641,0.7359,0.383999,0.616001,YRFI,STRONG,STRONG YRFI,4,2026-08-02T00:36:22Z,4.488,4.302,1.207,1.267,4.451,3.941,2.5,2.29,1.52,1.16,8.42,7.9,0.335,0.314,0.402,0.388,4.996,4.268,32.3,12.4,42.0,0.0,0.6,0.8,0.6,0.7,0.3528,0.3449,0.4257,0.4394,0.1764,0.1673,lineup,lineup,"[{""id"": 687263, ""name"": ""Zach Neto"", ""bats"": ""R"", ""obp"": 0.3229166666666667, ""slg"": 0.4312796208530806, ""iso"": 0.1990521327014218, ""ab"": 422}, {""id"": 545361, ""name"": ""Mike Trout"", ""bats"": ""R"", ""obp"": 0.38875305623471884, ""slg"": 0.45426829268292684, ""iso"": 0.2134146341463415, ""ab"": 328}, {""id"": 694384, ""name"": ""Nolan Schanuel"", ""bats"": ""L"", ""obp"": 0.352, ""slg"": 0.39039039039039036, ""iso"": 0.1111111111111111, ""ab"": 333}]","[{""id"": 694192, ""name"": ""Jackson Chourio"", ""bats"": ""R"", ""obp"": 0.32748538011695905, ""slg"": 0.45714285714285713, ""iso"": 0.18412698412698414, ""ab"": 315}, {""id"": 668930, ""name"": ""Brice Turang"", ""bats"": ""L"", ""obp"": 0.3655913978494624, ""slg"": 0.46766169154228854, ""iso"": 0.19651741293532338, ""ab"": 402}, {""id"": 661388, ""name"": ""William Contreras"", ""bats"": ""R"", ""obp"": 0.33640552995391704, ""slg"": 0.39588688946015427, ""iso"": 0.1233933161953728, ""ab"": 389}]","[{""name"": ""fi_park_nrfi_rate"", ""value"": 0.4526, ""contribution"": 0.1563}, {""name"": ""home_avg_ip_per_start"", ""value"": 2.3333, ""contribution"": 0.0915}, {""name"": ""away_top3c_iso"", ""value"": 0.1673, ""contribution"": -0.079}, {""name"": ""wx_temp_c"", ""value"": 32.3, ""contribution"": 0.0661}, {""name"": ""home_p_last10_pitcher_nrfi"", ""value"": 0.6, ""contribution"": -0.0455}]","[{""name"": ""fi_park_nrfi_rate"", ""value"": 0.4526, ""contribution"": 0.2403}, {""name"": ""wx_temp_c"", ""value"": 32.3, ""contribution"": 0.0922}, {""name"": ""home_top3c_slg"", ""value"": 0.4257, ""contribution"": 0.0915}, {""name"": ""away_fip"", ""value"": 4.4514, ""contribution"": 0.0495}, {""name"": ""home_top3c_obp"", ""value"": 0.3528, ""contribution"": 0.044}]",427533,0.5151,3.979,4.2,25.0,50.0,0.7136,0.7136,2.33,5.47,0.725,0.783,L,L,YRFI,WIN,0,1,1,2026-08-02T01:53:53+00:00,-115,-115,DraftKings,2026-08-01T22:39:35+00:00,0.5349,0.5349,-0.1163,0.0465,0.0465,Y,1,0.87,-115,-115,2026-08-01T22:44:54+00:00,0,0.4144,YRFI,STRONG,,,,,,,
2026-08-01,2026,824972,1,N,DET,OAK,9:40 PM ET,Framber Valdez,Jack Perkins,664285,678022,live,live,live,live,0.93,0.5036,0.5036,1.0072,0.4143,0.4542,0.8685,0.4418,0.5582,0.2669,0.7331,0.419566,0.580434,YRFI,LEAN,LEAN YRFI,4,2026-08-02T00:36:22Z,4.303,5.609,1.343,1.311,3.885,4.158,3.24,3.49,0.89,1.33,7.7,9.89,0.316,0.32,0.407,0.403,4.428,4.388,26.2,11.9,48.0,0.0,0.6,0.6,0.6,0.6,0.3152,0.3661,0.4358,0.4529,0.1849,0.1783,lineup,lineup,"[{""id"": 805779, ""name"": ""Jacob Wilson"", ""bats"": ""R"", ""obp"": 0.3087248322147651, ""slg"": 0.3992932862190813, ""iso"": 0.12367491166077738, ""ab"": 283}, {""id"": 641680, ""name"": ""Jonah Heim"", ""bats"": ""S"", ""obp"": 0.28879310344827586, ""slg"": 0.4481132075471698, ""iso"": 0.21226415094339623, ""ab"": 212}, {""id"": 691016, ""name"": ""Tyler Soderstrom"", ""bats"": ""L"", ""obp"": 0.33497536945812806, ""slg"": 0.4576271186440678, ""iso"": 0.2175141242937853, ""ab"": 354}]","[{""id"": 805808, ""name"": ""Kevin McGonigle"", ""bats"": ""L"", ""obp"": 0.3894736842105263, ""slg"": 0.42431761786600497, ""iso"": 0.13895781637717125, ""ab"": 403}, {""id"": 650402, ""name"": ""Gleyber Torres"", ""bats"": ""R"", ""obp"": 0.3776824034334764, ""slg"": 0.38144329896907214, ""iso"": 0.1185567010309278, ""ab"": 194}, {""id"": 693307, ""name"": ""Dillon Dingler"", ""bats"": ""R"", ""obp"": 0.3333333333333333, ""slg"": 0.5197889182058048, ""iso"": 0.25065963060686014, ""ab"": 379}]","[{""name"": ""fi_park_nrfi_rate"", ""value"": 0.4422, ""contribution"": 0.1922}, {""name"": ""era_gap_t1"", ""value"": 1.306, ""contribution"": 0.142}, {""name"": ""away_top3_ops_vs_oppHand"", ""value"": 0.8653, ""contribution"": 0.1}, {""name"": ""home_xera"", ""value"": 3.41, ""contribution"": -0.0723}, {""name"": ""away_top3c_slg"", ""value"": 0.4529, ""contribution"": -0.0638}]","[{""name"": ""fi_park_nrfi_rate"", ""value"": 0.4422, ""contribution"": 0.2954}, {""name"": ""era_gap_b1"", ""value"": -1.306, ""contribution"": -0.0892}, {""name"": ""home_top3c_obp"", ""value"": 0.3152, ""contribution"": -0.0882}, {""name"": ""away_whiff_pct_rank"", ""value"": 67.0, ""contribution"": -0.0738}, {""name"": ""wx_temp_c"", ""value"": 26.2, ""contribution"": 0.0413}]",665299,0.5084,3.41,3.74,90.0,67.0,0.7136,0.7709,4.87,4.73,0.8653,0.745,L,R,YRFI,WIN,2,0,2,2026-08-02T01:59:42+00:00,-105,-125,DraftKings,2026-08-01T22:39:35+00:00,0.5122,0.5556,-0.0725,0.0047,0.0047,N,0.5,0,-105,-125,2026-08-01T22:44:54+00:00,0,0.4658,PASS,NO EDGE,,,,,,,
2026-08-01,2026,823109,1,N,MIN,SEA,4:10 PM ET,Connor Prielipp,Logan Gilbert,687570,669302,ltd,live,live,live,0.95,0.3985,0.4541,0.8526,0.2364,0.3292,0.5656,0.5498,0.4502,0.2102,0.7898,0.568003,0.431997,NRFI,LEAN,LEAN NRFI,4,2026-08-01T19:04:49Z,4.53,3.44,1.286,1.0,3.833,3.303,3.13,1.99,1.07,1.15,9.22,10.12,0.318,0.309,0.406,0.381,4.687,4.052,,,,1.0,0.6,0.6,0.6,0.7,0.3439,0.3451,0.4551,0.4814,0.1873,0.2146,lineup,lineup,"[{""id"": 702284, ""name"": ""Cole Young"", ""bats"": ""L"", ""obp"": 0.3190045248868778, ""slg"": 0.4143920595533499, ""iso"": 0.15384615384615385, ""ab"": 403}, {""id"": 668227, ""name"": ""Randy Arozarena"", ""bats"": ""R"", ""obp"": 0.375, ""slg"": 0.4470899470899471, ""iso"": 0.16666666666666669, ""ab"": 378}, {""id"": 686527, ""name"": ""Dominic Canzone"", ""bats"": ""L"", ""obp"": 0.33548387096774196, ""slg"": 0.5253623188405797, ""iso"": 0.2644927536231884, ""ab"": 276}]","[{""id"": 663616, ""name"": ""Trevor Larnach"", ""bats"": ""L"", ""obp"": 0.37116564417177916, ""slg"": 0.4405594405594406, ""iso"": 0.15734265734265734, ""ab"": 286}, {""id"": 680777, ""name"": ""Ryan Jeffers"", ""bats"": ""R"", ""obp"": 0.39593908629441626, ""slg"": 0.5389221556886228, ""iso"": 0.2455089820359282, ""ab"": 167}, {""id"": 665019, ""name"": ""Kody Clemens"", ""bats"": ""L"", ""obp"": 0.296875, ""slg"": 0.48725212464589235, ""iso"": 0.24645892351274787, ""ab"": 353}]","[{""name"": ""away_top3c_iso"", ""value"": 0.2146, ""contribution"": 0.2546}, {""name"": ""away_top3c_slg"", ""value"": 0.4814, ""contribution"": -0.2083}, {""name"": ""era_gap_t1"", ""value"": -1.0902, ""contribution"": -0.1174}, {""name"": ""home_xera"", ""value"": 3.1658, ""contribution"": -0.0973}, {""name"": ""away_top3_ops_vs_oppHand"", ""value"": 0.8567, ""contribution"": 0.0911}]","[{""name"": ""home_top3c_slg"", ""value"": 0.4551, ""contribution"": -0.0911}, {""name"": ""fi_park_nrfi_rate"", ""value"": 0.5131, ""contribution"": -0.0814}, {""name"": ""wx_is_dome"", ""value"": 1.0, ""contribution"": -0.0758}, {""name"": ""era_gap_b1"", ""value"": 1.0902, ""contribution"": 0.0738}, {""name"": ""home_top3_ops_vs_oppHand"", ""value"": 0.7993, ""contribution"": 0.0429}]",577468,0.4946,3.166,1.946,97.0,50.0,0.678,0.7272,6.53,5.73,0.8567,0.7993,L,R,YRFI,LOSS,0,2,2,2026-08-01T20:37:03+00:00,-155,+120,DraftKings,2026-08-01T19:01:04+00:00,0.6078,0.4545,-0.058,-0.0043,-0.058,N,0.5,0,-155,+120,2026-08-01T19:01:04+00:00,0,0.6536,NRFI,STRONG,,,,,,,
2026-08-01,2026,823269,1,N,SF,SD,8:40 PM ET,Tyler Mahle,Walker Buehler,641816,621111,live,live,live,live,0.95,0.5346,0.5198,1.0543,0.3441,0.3479,0.692,0.5012,0.4988,0.2842,0.7158,0.500556,0.499444,NRFI,LEAN,LEAN NRFI,4,2026-08-01T23:36:36Z,4.272,5.077,1.328,1.441,4.247,4.687,3.37,3.95,1.13,1.29,7.88,7.74,0.31,0.312,0.413,0.387,4.228,4.228,29.9,8.4,53.0,0.0,0.6,0.6,0.8,0.6,0.3234,0.3425,0.3941,0.4406,0.1505,0.1519,lineup,lineup,"[{""id"": 665487, ""name"": ""Fernando Tatis Jr."", ""bats"": ""R"", ""obp"": 0.35550935550935553, ""slg"": 0.4028103044496487, ""iso"": 0.11709601873536302, ""ab"": 427}, {""id"": 630105, ""name"": ""Jake Cronenworth"", ""bats"": ""L"", ""obp"": 0.30660377358490565, ""slg"": 0.2849462365591398, ""iso"": 0.07526881720430109, ""ab"": 186}, {""id"": 592518, ""name"": ""Manny Machado"", ""bats"": ""R"", ""obp"": 0.2973568281938326, ""slg"": 0.4357682619647355, ""iso"": 0.2216624685138539, ""ab"": 397}]","[{""id"": 805811, ""name"": ""Bryce Eldridge"", ""bats"": ""L"", ""obp"": 0.3489208633093525, ""slg"": 0.44583333333333336, ""iso"": 0.19583333333333336, ""ab"": 240}, {""id"": 808982, ""name"": ""Jung Hoo Lee"", ""bats"": ""L"", ""obp"": 0.3358208955223881, ""slg"": 0.4323607427055703, ""iso"": 0.13262599469496023, ""ab"": 377}, {""id"": 671218, ""name"": ""Heliot Ramos"", ""bats"": ""R"", ""obp"": 0.30303030303030304, ""slg"": 0.42857142857142855, ""iso"": 0.16428571428571426, ""ab"": 280}]","[{""name"": ""away_top3c_iso"", ""value"": 0.1519, ""contribution"": -0.1875}, {""name"": ""fi_park_nrfi_rate"", ""value"": 0.5409, ""contribution"": -0.149}, {""name"": ""home_xera"", ""value"": 5.2493, ""contribution"": 0.1162}, {""name"": ""era_gap_t1"", ""value"": 0.8055, ""contribution"": 0.0878}, {""name"": ""home_fip"", ""value"": 4.687, ""contribution"": 0.0795}]","[{""name"": ""home_top3c_slg"", ""value"": 0.3941, ""contribution"": 0.2878}, {""name"": ""fi_park_nrfi_rate"", ""value"": 0.5409, ""contribution"": -0.229}, {""name"": ""home_top3c_iso"", ""value"": 0.1505, ""contribution"": -0.1346}, {""name"": ""home_top3_ops_vs_oppHand"", ""value"": 0.6987, ""contribution"": -0.0776}, {""name"": ""wx_temp_c"", ""value"": 29.9, ""contribution"": 0.0722}]",598411,0.5467,5.249,4.327,15.0,38.0,0.7396,0.6796,4.4,5.33,0.771,0.6987,R,R,YRFI,LOSS,0,2,2,2026-08-02T01:04:26+00:00,-115,-110,DraftKings,2026-08-01T22:39:35+00:00,0.5349,0.5238,-0.0329,-0.0258,-0.0329,N,0.5,0,-115,-110,2026-08-01T22:44:54+00:00,0,0.4658,PASS,NO EDGE,,,,,,,
2026-08-01,2026,824808,1,N,PHI,BAL,7:05 PM ET,Cristopher Sánchez,Shane Baz,650911,669358,live,live,live,live,1.06,0.5116,0.4027,0.9143,0.4046,0.3412,0.7459,0.4889,0.5111,0.2327,0.7673,0.474321,0.525679,PASS,NO EDGE,PASS - No edge,4,2026-08-01T22:45:28Z,2.678,4.2,1.169,1.375,2.664,3.711,1.85,3.3,0.73,0.85,10.05,8.3,0.305,0.32,0.4,0.396,4.356,4.596,27.8,13.7,67.0,0.0,1.0,0.8,0.6,0.7,0.3224,0.3393,0.3838,0.4745,0.1586,0.2245,lineup,lineup,"[{""id"": 687637, ""name"": ""Dylan Beavers"", ""bats"": ""L"", ""obp"": 0.328125, ""slg"": 0.34911242603550297, ""iso"": 0.10650887573964499, ""ab"": 169}, {""id"": 621493, ""name"": ""Taylor Ward"", ""bats"": ""R"", ""obp"": 0.384, ""slg"": 0.34814814814814815, ""iso"": 0.10123456790123458, ""ab"": 405}, {""id"": 683002, ""name"": ""Gunnar Henderson"", ""bats"": ""L"", ""obp"": 0.29, ""slg"": 0.39823008849557523, ""iso"": 0.17920353982300885, ""ab"": 452}]","[{""id"": 607208, ""name"": ""Trea Turner"", ""bats"": ""R"", ""obp"": 0.2959830866807611, ""slg"": 0.4022727272727273, ""iso"": 0.15454545454545454, ""ab"": 440}, {""id"": 656941, ""name"": ""Kyle Schwarber"", ""bats"": ""L"", ""obp"": 0.3665943600867679, ""slg"": 0.5426356589147286, ""iso"": 0.2919896640826873, ""ab"": 387}, {""id"": 547180, ""name"": ""Bryce Harper"", ""bats"": ""L"", ""obp"": 0.3563714902807775, ""slg"": 0.4884318766066838, ""iso"": 0.2365038560411311, ""ab"": 389}]","[{""name"": ""away_top3c_iso"", ""value"": 0.2245, ""contribution"": 0.3241}, {""name"": ""away_top3c_slg"", ""value"": 0.4745, ""contribution"": -0.1734}, {""name"": ""era_gap_t1"", ""value"": 1.5214, ""contribution"": 0.1653}, {""name"": ""away_top3_ops_vs_oppHand"", ""value"": 0.8633, ""contribution"": 0.0979}, {""name"": ""fi_park_nrfi_rate"", ""value"": 0.519, ""contribution"": -0.0733}]","[{""name"": ""home_top3c_slg"", ""value"": 0.3838, ""contribution"": 0.3517}, {""name"": ""away_whiff_pct_rank"", ""value"": 95.0, ""contribution"": -0.1947}, {""name"": ""home_top3_ops_vs_oppHand"", ""value"": 0.885, ""contribution"": 0.1455}, {""name"": ""away_fip"", ""value"": 2.6636, ""contribution"": -0.1415}, {""name"": ""fi_park_nrfi_rate"", ""value"": 0.519, ""contribution"": -0.1127}]",427243,0.4707,3.874,2.881,59.0,95.0,0.6796,0.7136,5.6,5.73,0.8633,0.885,L,R,NRFI,PASS,0,0,0,2026-08-01T23:20:30+00:00,-110,-120,DraftKings,2026-08-01T22:39:35+00:00,0.5238,0.5455,-0.0383,-0.031,,N,,,-110,-120,2026-08-01T22:44:54+00:00,,0.5651,NRFI,STRONG,,,,,,,
2026-08-01,2026,824485,1,N,PIT,CIN,6:40 PM ET,Braxton Ashcraft,Andrew Abbott,677952,671096,live,live,live,live,1.09,0.6786,0.4718,1.1504,0.2961,0.3791,0.6752,0.5069,0.4931,0.3194,0.6806,0.50906,0.49094,NRFI,LEAN,LEAN NRFI,4,2026-08-01T21:35:10Z,3.872,3.6,1.206,1.321,3.437,4.592,2.42,3.69,1.07,1.24,9.72,7.45,0.334,0.311,0.418,0.398,5.075,4.181,23.8,12.1,88.0,0.0,0.6,0.4,0.6,0.5,0.344,0.3529,0.4863,0.4497,0.23,0.1764,lineup,lineup,"[{""id"": 682829, ""name"": ""Elly De La Cruz"", ""bats"": ""S"", ""obp"": 0.35802469135802467, ""slg"": 0.5083798882681564, ""iso"": 0.22905027932960892, ""ab"": 358}, {""id"": 701398, ""name"": ""Sal Stewart"", ""bats"": ""R"", ""obp"": 0.33403805496828753, ""slg"": 0.4771084337349398, ""iso"": 0.22168674698795182, ""ab"": 415}, {""id"": 668709, ""name"": ""JJ Bleday"", ""bats"": ""L"", ""obp"": 0.3411764705882353, ""slg"": 0.4722222222222222, ""iso"": 0.24305555555555555, ""ab"": 288}]","[{""id"": 663968, ""name"": ""Jake Mangum"", ""bats"": ""S"", ""obp"": 0.35294117647058826, ""slg"": 0.38162544169611307, ""iso"": 0.07773851590106007, ""ab"": 283}, {""id"": 664040, ""name"": ""Brandon Lowe"", ""bats"": ""L"", ""obp"": 0.3230769230769231, ""slg"": 0.49382716049382713, ""iso"": 0.237037037037037, ""ab"": 405}, {""id"": 668804, ""name"": ""Bryan Reynolds"", ""bats"": ""S"", ""obp"": 0.38095238095238093, ""slg"": 0.45320197044334976, ""iso"": 0.18472906403940886, ""ab"": 406}]","[{""name"": ""home_fip"", ""value"": 4.5917, ""contribution"": 0.0688}, {""name"": ""away_top3_ops_vs_oppHand"", ""value"": 0.719, ""contribution"": -0.0492}, {""name"": ""away_top3c_slg"", ""value"": 0.4497, ""contribution"": -0.0479}, {""name"": ""home_p_last10_pitcher_nrfi"", ""value"": 0.6, ""contribution"": -0.0455}, {""name"": ""home_xera"", ""value"": 3.7838, ""contribution"": -0.034}]","[{""name"": ""home_top3c_slg"", ""value"": 0.4863, ""contribution"": -0.2854}, {""name"": ""home_top3c_iso"", ""value"": 0.23, ""contribution"": 0.2406}, {""name"": ""away_whiff_pct_rank"", ""value"": 76.0, ""contribution"": -0.1127}, {""name"": ""away_p_last10_pitcher_nrfi"", ""value"": 0.5, ""contribution"": 0.0713}, {""name"": ""away_fip"", ""value"": 3.4372, ""contribution"": -0.0589}]",665298,0.5084,3.784,2.96,43.0,76.0,0.6942,0.751,5.4,5.13,0.719,0.7993,R,L,NRFI,WIN,0,0,0,2026-08-01T22:54:53+00:00,-125,-105,DraftKings,2026-08-01T22:39:35+00:00,0.5556,0.5122,-0.0487,-0.0191,-0.0487,N,0.5,0,-125,-105,2026-08-01T21:33:54+00:00,0,0.4658,PASS,NO EDGE,,,,,,,
2026-08-01,2026,824890,1,N,WSH,ATL,7:15 PM ET,Miles Mikolas,Reynaldo López,571945,625643,live,ltd,live,live,0.98,0.5967,0.626,1.2228,0.3186,0.6613,0.9799,0.4077,0.5923,0.3456,0.6544,0.375355,0.624645,YRFI,STRONG,STRONG YRFI,4,2026-08-01T22:06:15Z,5.422,3.831,1.327,1.311,5.567,4.333,1.93,3.4,1.93,1.24,4.92,8.49,0.327,0.315,0.441,0.414,5.313,4.836,30.3,13.8,55.0,0.0,0.4,0.4,0.3,0.6,0.3537,0.3509,0.4837,0.5165,0.2214,0.2513,lineup,lineup,"[{""id"": 686948, ""name"": ""Drake Baldwin"", ""bats"": ""L"", ""obp"": 0.36597938144329895, ""slg"": 0.47337278106508873, ""iso"": 0.19822485207100587, ""ab"": 338}, {""id"": 660670, ""name"": ""Ronald Acu\u00f1a Jr."", ""bats"": ""R"", ""obp"": 0.36186770428015563, ""slg"": 0.4084507042253521, ""iso"": 0.16901408450704228, ""ab"": 213}, {""id"": 621566, ""name"": ""Matt Olson"", ""bats"": ""L"", ""obp"": 0.33954451345755693, ""slg"": 0.5291375291375291, ""iso"": 0.2657342657342657, ""ab"": 429}]","[{""id"": 695578, ""name"": ""James Wood"", ""bats"": ""L"", ""obp"": 0.3977055449330784, ""slg"": 0.5456674473067916, ""iso"": 0.2763466042154567, ""ab"": 427}, {""id"": 665953, ""name"": ""Andr\u00e9s Chaparro"", ""bats"": ""R"", ""obp"": 0.33695652173913043, ""slg"": 0.5189873417721519, ""iso"": 0.2911392405063291, ""ab"": 79}, {""id"": 686611, ""name"": ""Dylan Crews"", ""bats"": ""R"", ""obp"": 0.3073770491803279, ""slg"": 0.3881278538812785, ""iso"": 0.1598173515981735, ""ab"": 219}]","[{""name"": ""away_top3c_iso"", ""value"": 0.2513, ""contribution"": 0.5125}, {""name"": ""away_top3c_slg"", ""value"": 0.5165, ""contribution"": -0.3862}, {""name"": ""era_gap_t1"", ""value"": -1.5912, ""contribution"": -0.1717}, {""name"": ""home_p_last10_pitcher_nrfi"", ""value"": 0.3, ""contribution"": -0.1627}, {""name"": ""home_xera"", ""value"": 4.8984, ""contribution"": 0.0802}]","[{""name"": ""home_top3c_slg"", ""value"": 0.4837, ""contribution"": -0.2688}, {""name"": ""home_top3c_iso"", ""value"": 0.2214, ""contribution"": 0.2002}, {""name"": ""away_whiff_pct_rank"", ""value"": 5.0, ""contribution"": 0.1937}, {""name"": ""away_fip"", ""value"": 5.5666, ""contribution"": 0.1687}, {""name"": ""home_top3_ops_vs_oppHand"", ""value"": 0.891, ""contribution"": 0.1527}]",545402,0.5488,4.898,5.287,50.0,5.0,0.678,0.6909,5.0,5.13,0.8227,0.891,R,R,YRFI,WIN,0,2,2,2026-08-01T23:28:48+00:00,+115,-150,DraftKings,2026-08-01T22:36:37+00:00,0.4651,0.6,-0.0574,-0.0077,-0.0077,N,,0,+115,-150,2026-08-01T22:09:58+00:00,0,0.4062,YRFI,STRONG,,,,,,,
2026-08-01,2026,824405,1,N,ARI,CLE,7:15 PM ET,Kohl Drake,Parker Messick,684442,800048,sm,live,live,live,0.96,0.3683,0.504,0.8723,0.2213,0.4014,0.6228,0.5186,0.4814,0.2174,0.7826,0.536458,0.463542,NRFI,LEAN,LEAN NRFI,4,2026-08-01T22:06:15Z,4.322,2.858,1.293,1.097,4.528,3.414,3.13,2.55,1.36,0.87,8.24,8.77,0.313,0.31,0.393,0.372,4.508,3.972,27.2,7.2,59.0,0.0,0.6,1.0,0.8,1.0,0.3453,0.3586,0.3803,0.4266,0.1247,0.1685,lineup,lineup,"[{""id"": 680757, ""name"": ""Steven Kwan"", ""bats"": ""L"", ""obp"": 0.3530864197530864, ""slg"": 0.31213872832369943, ""iso"": 0.06069364161849711, ""ab"": 346}, {""id"": 608070, ""name"": ""Jos\u00e9 Ram\u00edrez"", ""bats"": ""S"", ""obp"": 0.3342857142857143, ""slg"": 0.3953488372093023, ""iso"": 0.15946843853820597, ""ab"": 301}, {""id"": 800050, ""name"": ""Chase DeLauter"", ""bats"": ""L"", ""obp"": 0.34704370179948585, ""slg"": 0.43515850144092216, ""iso"": 0.15850144092219015, ""ab"": 347}]","[{""id"": 682998, ""name"": ""Corbin Carroll"", ""bats"": ""L"", ""obp"": 0.3420479302832244, ""slg"": 0.4760705289672544, ""iso"": 0.22921914357682616, ""ab"": 397}, {""id"": 672695, ""name"": ""Geraldo Perdomo"", ""bats"": ""S"", ""obp"": 0.3509933774834437, ""slg"": 0.3537234042553192, ""iso"": 0.12234042553191493, ""ab"": 376}, {""id"": 672515, ""name"": ""Gabriel Moreno"", ""bats"": ""R"", ""obp"": 0.3911764705882353, ""slg"": 0.4532871972318339, ""iso"": 0.1453287197231834, ""ab"": 289}]","[{""name"": ""era_gap_t1"", ""value"": -1.4644, ""contribution"": -0.1579}, {""name"": ""home_xera"", ""value"": 2.6176, ""contribution"": -0.1535}, {""name"": ""fi_park_nrfi_rate"", ""value"": 0.528, ""contribution"": -0.1042}, {""name"": ""away_top3c_iso"", ""value"": 0.1685, ""contribution"": -0.07}, {""name"": ""away_top3c_slg"", ""value"": 0.4266, ""contribution"": 0.0695}]","[{""name"": ""home_top3c_slg"", ""value"": 0.3803, ""contribution"": 0.3734}, {""name"": ""home_top3c_iso"", ""value"": 0.1247, ""contribution"": -0.2561}, {""name"": ""fi_park_nrfi_rate"", ""value"": 0.528, ""contribution"": -0.1602}, {""name"": ""era_gap_b1"", ""value"": 1.4644, ""contribution"": 0.0992}, {""name"": ""away_p_last10_pitcher_nrfi"", ""value"": 1.0, ""contribution"": -0.0929}]",605674,0.5127,2.618,4.2,66.0,50.0,0.6796,0.7136,6.2,4.5,0.8173,0.8083,L,L,YRFI,LOSS,0,2,2,2026-08-01T23:35:56+00:00,-110,-120,DraftKings,2026-08-01T22:39:35+00:00,0.5238,0.5455,-0.0052,-0.0641,-0.0052,N,0.5,0,-110,-115,2026-08-01T22:09:58+00:00,0,0.6370,NRFI,STRONG,,,,,,,
2026-08-01,2026,823920,1,N,BOS,LAD,9:10 PM ET,Payton Tolle,Yoshinobu Yamamoto,801139,808967,ltd,live,live,live,0.97,0.3631,0.4936,0.8567,0.2553,0.5072,0.7625,0.4864,0.5136,0.2117,0.7883,0.466502,0.533498,PASS,NO EDGE,PASS - No edge,4,2026-08-02T01:05:11Z,3.572,2.664,1.154,0.922,3.642,3.273,2.67,2.27,1.09,0.88,9.46,8.96,0.316,0.338,0.396,0.43,4.278,5.068,31.2,13.7,49.0,0.0,1.0,0.2,0.9,0.6,0.3689,0.3222,0.4967,0.4398,0.2123,0.1753,lineup,lineup,"[{""id"": 660271, ""name"": ""Shohei Ohtani"", ""bats"": ""L"", ""obp"": 0.39433551198257083, ""slg"": 0.5454545454545454, ""iso"": 0.2545454545454545, ""ab"": 385}, {""id"": 681624, ""name"": ""Andy Pages"", ""bats"": ""R"", ""obp"": 0.33617021276595743, ""slg"": 0.4595238095238095, ""iso"": 0.19047619047619047, ""ab"": 420}, {""id"": 669242, ""name"": ""Tommy Edman"", ""bats"": ""S"", ""obp"": 0.3983739837398374, ""slg"": 0.46788990825688076, ""iso"": 0.14678899082568808, ""ab"": 109}]","[{""id"": 678011, ""name"": ""Anthony Seigler"", ""bats"": ""S"", ""obp"": 0.31746031746031744, ""slg"": 0.40707964601769914, ""iso"": 0.15929203539823011, ""ab"": 113}, {""id"": 678882, ""name"": ""Ceddanne Rafaela"", ""bats"": ""R"", ""obp"": 0.32558139534883723, ""slg"": 0.45566502463054187, ""iso"": 0.16995073891625617, ""ab"": 406}, {""id"": 677800, ""name"": ""Wilyer Abreu"", ""bats"": ""L"", ""obp"": 0.3203463203463203, ""slg"": 0.43309002433090027, ""iso"": 0.18491484184914844, ""ab"": 411}]","[{""name"": ""home_xera"", ""value"": 2.5295, ""contribution"": -0.1625}, {""name"": ""era_gap_t1"", ""value"": -0.9075, ""contribution"": -0.0976}, {""name"": ""home_fip"", ""value"": 3.2728, ""contribution"": -0.0793}, {""name"": ""home_p_last10_pitcher_nrfi"", ""value"": 0.9, ""contribution"": 0.0716}, {""name"": ""wx_temp_c"", ""value"": 31.2, ""contribution"": 0.0595}]","[{""name"": ""home_top3c_slg"", ""value"": 0.4967, ""contribution"": -0.3499}, {""name"": ""away_whiff_pct_rank"", ""value"": 100.0, ""contribution"": -0.2163}, {""name"": ""home_obp"", ""value"": 0.338, ""contribution"": 0.1694}, {""name"": ""home_top3c_iso"", ""value"": 0.2123, ""contribution"": 0.1569}, {""name"": ""home_top3_ops_vs_oppHand"", ""value"": 0.8827, ""contribution"": 0.1427}]",427139,0.5818,2.53,3.327,86.0,100.0,0.7136,0.7136,6.8,4.73,0.7263,0.8827,L,R,YRFI,PASS,1,0,1,2026-08-02T01:20:34+00:00,-140,+105,DraftKings,2026-08-01T22:39:35+00:00,0.5833,0.4878,-0.0989,0.0278,,N,,,-140,+105,2026-08-01T22:44:54+00:00,,0.4521,PASS,NO EDGE,,,,,,,
2026-08-01,2026,823594,1,N,MIA,NYM,4:10 PM ET,Tyler Phillips,Zac Thornton,663969,804267,live,sm,live,live,0.96,0.4364,0.5272,0.9636,0.2738,0.3574,0.6313,0.5169,0.4831,0.2509,0.7491,0.531913,0.468087,NRFI,LEAN,LEAN NRFI,4,2026-08-01T19:04:49Z,3.441,3.436,1.305,1.112,4.482,3.817,3.67,2.6,1.06,0.96,6.83,7.92,0.325,0.305,0.407,0.384,4.409,4.147,26.1,18.5,72.0,0.0,0.4,0.4,0.4,0.6,0.3165,0.3447,0.3919,0.4632,0.1377,0.177,lineup,lineup,"[{""id"": 805999, ""name"": ""A.J. Ewing"", ""bats"": ""L"", ""obp"": 0.33807829181494664, ""slg"": 0.408, ""iso"": 0.13999999999999996, ""ab"": 250}, {""id"": 596019, ""name"": ""Francisco Lindor"", ""bats"": ""S"", ""obp"": 0.3218884120171674, ""slg"": 0.42718446601941745, ""iso"": 0.19417475728155337, ""ab"": 206}, {""id"": 666182, ""name"": ""Bo Bichette"", ""bats"": ""R"", ""obp"": 0.30105263157894735, ""slg"": 0.36613272311212813, ""iso"": 0.10983981693363842, ""ab"": 437}]","[{""id"": 672640, ""name"": ""Otto Lopez"", ""bats"": ""R"", ""obp"": 0.3563714902807775, ""slg"": 0.48130841121495327, ""iso"": 0.15887850467289721, ""ab"": 428}, {""id"": 681715, ""name"": ""Heriberto Hern\u00e1ndez"", ""bats"": ""R"", ""obp"": 0.30662020905923343, ""slg"": 0.4749034749034749, ""iso"": 0.23938223938223938, ""ab"": 259}, {""id"": 689414, ""name"": ""Liam Hicks"", ""bats"": ""L"", ""obp"": 0.3583959899749373, ""slg"": 0.4322766570605187, ""iso"": 0.15273775216138324, ""ab"": 347}]","[{""name"": ""home_p_last10_pitcher_nrfi"", ""value"": 0.4, ""contribution"": -0.1236}, {""name"": ""away_top3c_slg"", ""value"": 0.4632, ""contribution"": -0.1164}, {""name"": ""away_top3_ops_vs_oppHand"", ""value"": 0.8003, ""contribution"": 0.0337}, {""name"": ""wx_wind_kmh"", ""value"": 18.5, ""contribution"": 0.0312}, {""name"": ""wx_temp_c"", ""value"": 26.1, ""contribution"": 0.029}]","[{""name"": ""home_top3c_slg"", ""value"": 0.3919, ""contribution"": 0.301}, {""name"": ""home_top3c_iso"", ""value"": 0.1377, ""contribution"": -0.1948}, {""name"": ""away_whiff_pct_rank"", ""value"": 85.0, ""contribution"": -0.1515}, {""name"": ""home_top3c_obp"", ""value"": 0.3165, ""contribution"": -0.0834}, {""name"": ""wx_wind_kmh"", ""value"": 18.5, ""contribution"": 0.0737}]",665576,0.4578,4.2,4.17,50.0,85.0,0.7136,0.7136,5.93,3.73,0.8003,0.7097,R,L,YRFI,LOSS,1,0,1,2026-08-01T20:49:13+00:00,-110,-115,DraftKings,2026-08-01T20:56:21+00:00,0.5238,0.5349,-0.0069,-0.0518,-0.0069,N,0.5,0,-110,-115,2026-08-01T19:01:04+00:00,0,0.4658,PASS,NO EDGE,,,,,,,
2026-08-01,2026,824162,1,N,TEX,HOU,7:10 PM ET,Jacob deGrom,Ronel Blanco,594798,669854,live,ltd,live,live,0.99,0.5683,0.462,1.0302,0.5045,0.3223,0.8268,0.4633,0.5367,0.2754,0.7246,0.437448,0.562552,PASS,NO EDGE,PASS - No edge,4,2026-08-01T23:05:06Z,3.483,4.934,1.03,1.222,3.459,4.967,1.95,3.68,1.32,1.72,10.49,9.23,0.318,0.318,0.403,0.415,4.204,4.631,,,,1.0,0.8,0.6,0.8,0.7,0.3901,0.3238,0.5294,0.4761,0.2319,0.2317,lineup,lineup,"[{""id"": 665161, ""name"": ""Jeremy Pe\u00f1a"", ""bats"": ""R"", ""obp"": 0.37037037037037035, ""slg"": 0.508130081300813, ""iso"": 0.19105691056910573, ""ab"": 246}, {""id"": 670541, ""name"": ""Yordan Alvarez"", ""bats"": ""L"", ""obp"": 0.4363256784968685, ""slg"": 0.640506329113924, ""iso"": 0.3164556962025316, ""ab"": 395}, {""id"": 670623, ""name"": ""Isaac Paredes"", ""bats"": ""R"", ""obp"": 0.35214446952595935, ""slg"": 0.42782152230971127, ""iso"": 0.17060367454068237, ""ab"": 381}]","[{""id"": 669394, ""name"": ""Jake Burger"", ""bats"": ""R"", ""obp"": 0.29577464788732394, ""slg"": 0.4230769230769231, ""iso"": 0.18717948717948718, ""ab"": 390}, {""id"": 694671, ""name"": ""Wyatt Langford"", ""bats"": ""R"", ""obp"": 0.32, ""slg"": 0.502127659574468, ""iso"": 0.22553191489361696, ""ab"": 235}, {""id"": 608369, ""name"": ""Corey Seager"", ""bats"": ""L"", ""obp"": 0.2972972972972973, ""slg"": 0.38421052631578945, ""iso"": 0.19473684210526312, ""ab"": 190}]","[{""name"": ""away_top3c_iso"", ""value"": 0.2317, ""contribution"": 0.3751}, {""name"": ""away_top3c_slg"", ""value"": 0.4761, ""contribution"": -0.1816}, {""name"": ""era_gap_t1"", ""value"": 1.4501, ""contribution"": 0.1576}, {""name"": ""home_fip"", ""value"": 4.9672, ""contribution"": 0.111}, {""name"": ""fi_park_nrfi_rate"", ""value"": 0.482, ""contribution"": 0.0547}]","[{""name"": ""home_top3c_slg"", ""value"": 0.5294, ""contribution"": -0.5526}, {""name"": ""home_top3c_iso"", ""value"": 0.2319, ""contribution"": 0.2497}, {""name"": ""home_top3_ops_vs_oppHand"", ""value"": 0.9547, ""contribution"": 0.2289}, {""name"": ""home_top3c_obp"", ""value"": 0.3901, ""contribution"": 0.1747}, {""name"": ""away_whiff_pct_rank"", ""value"": 82.0, ""contribution"": -0.1386}]",503077,0.5258,4.2,3.231,50.0,82.0,0.6509,0.678,6.0,5.53,0.8177,0.9547,R,R,NRFI,PASS,0,0,0,2026-08-01T23:29:09+00:00,-105,-125,DraftKings,2026-08-01T22:39:35+00:00,0.5122,0.5556,-0.0489,-0.0189,,N,,,-110,-120,2026-08-01T22:44:54+00:00,,0.5327,PASS,NO EDGE,,,,,,,
2026-08-01,2026,824649,1,N,NYY,CHC,7:15 PM ET,Max Fried,David Peterson,608331,656849,live,live,live,live,1.0,0.5589,0.4024,0.9613,0.4177,0.34,0.7577,0.4871,0.5129,0.25,0.75,0.468733,0.531267,PASS,NO EDGE,PASS - No edge,4,2026-08-01T23:05:06Z,3.094,5.332,1.049,1.479,2.755,4.013,2.67,3.72,0.32,0.85,8.22,7.56,0.312,0.336,0.412,0.412,4.604,5.052,20.9,26.4,85.0,0.0,0.8,0.8,0.5,0.7,0.3599,0.3053,0.4622,0.4459,0.1958,0.2068,lineup,lineup,"[{""id"": 691718, ""name"": ""Pete Crow-Armstrong"", ""bats"": ""L"", ""obp"": 0.37888198757763975, ""slg"": 0.5362318840579711, ""iso"": 0.2536231884057972, ""ab"": 414}, {""id"": 673548, ""name"": ""Seiya Suzuki"", ""bats"": ""R"", ""obp"": 0.36117936117936117, ""slg"": 0.4744318181818182, ""iso"": 0.20454545454545453, ""ab"": 352}, {""id"": 608324, ""name"": ""Alex Bregman"", ""bats"": ""R"", ""obp"": 0.34012219959266804, ""slg"": 0.37971698113207547, ""iso"": 0.1320754716981132, ""ab"": 424}]","[{""id"": 663757, ""name"": ""Trent Grisham"", ""bats"": ""L"", ""obp"": 0.3147632311977716, ""slg"": 0.3786407766990291, ""iso"": 0.1650485436893204, ""ab"": 309}, {""id"": 502671, ""name"": ""Paul Goldschmidt"", ""bats"": ""R"", ""obp"": 0.3111111111111111, ""slg"": 0.4583333333333333, ""iso"": 0.20833333333333331, ""ab"": 288}, {""id"": 642708, ""name"": ""Amed Rosario"", ""bats"": ""R"", ""obp"": 0.27717391304347827, ""slg"": 0.45294117647058824, ""iso"": 0.21764705882352942, ""ab"": 170}]","[{""name"": ""era_gap_t1"", ""value"": 2.2371, ""contribution"": 0.2428}, {""name"": ""away_top3c_iso"", ""value"": 0.2068, ""contribution"": 0.1996}, {""name"": ""fi_park_nrfi_rate"", ""value"": 0.5429, ""contribution"": -0.1558}, {""name"": ""home_p_last10_pitcher_nrfi"", ""value"": 0.5, ""contribution"": -0.0846}, {""name"": ""wx_wind_kmh"", ""value"": 26.4, ""contribution"": 0.0664}]","[{""name"": ""fi_park_nrfi_rate"", ""value"": 0.5429, ""contribution"": -0.2395}, {""name"": ""home_obp"", ""value"": 0.3362, ""contribution"": 0.1571}, {""name"": ""wx_wind_kmh"", ""value"": 26.4, ""contribution"": 0.1569}, {""name"": ""era_gap_b1"", ""value"": -2.2371, ""contribution"": -0.1526}, {""name"": ""home_top3c_slg"", ""value"": 0.4622, ""contribution"": -0.1354}]",427292,0.5307,4.593,2.863,68.0,72.0,0.6942,0.7197,5.33,4.47,0.823,0.867,L,L,YRFI,PASS,0,1,1,2026-08-01T23:34:24+00:00,-165,+125,DraftKings,2026-08-01T22:39:35+00:00,0.6226,0.4444,-0.1369,0.0699,,N,,,-165,+125,2026-08-01T22:44:54+00:00,,0.4658,PASS,NO EDGE,,,,,,,
2026-08-01,2026,822781,1,N,STL,TOR,3:07 PM ET,Quinn Mathews,Kevin Gausman,687273,592332,avg,live,live,live,1.01,0.4536,0.4942,0.9478,0.2744,0.3492,0.6236,0.5181,0.4819,0.245,0.755,0.536032,0.463968,PASS,NO DATA,PASS - No data,3,2026-08-01T19:04:49Z,4.17,4.282,1.26,1.218,4.17,3.623,2.93,2.53,1.21,1.08,8.75,9.05,0.314,0.306,0.381,0.383,4.356,4.004,,,,1.0,0.6,0.5,0.5,0.5,0.325,0.3446,0.4095,0.449,0.1626,0.1775,lineup,lineup,"[{""id"": 665926, ""name"": ""Andr\u00e9s Gim\u00e9nez"", ""bats"": ""L"", ""obp"": 0.2737752161383285, ""slg"": 0.35294117647058826, ""iso"": 0.12074303405572759, ""ab"": 323}, {""id"": 665489, ""name"": ""Vladimir Guerrero Jr."", ""bats"": ""R"", ""obp"": 0.3439635535307517, ""slg"": 0.35844155844155845, ""iso"": 0.09350649350649354, ""ab"": 385}, {""id"": 672960, ""name"": ""Kazuma Okamoto"", ""bats"": ""R"", ""obp"": 0.3073394495412844, ""slg"": 0.45384615384615384, ""iso"": 0.22307692307692306, ""ab"": 390}]","[{""id"": 802139, ""name"": ""JJ Wetherholt"", ""bats"": ""L"", ""obp"": 0.34810126582278483, ""slg"": 0.3926829268292683, ""iso"": 0.14146341463414636, ""ab"": 410}, {""id"": 691023, ""name"": ""Jordan Walker"", ""bats"": ""R"", ""obp"": 0.34130434782608693, ""slg"": 0.4940047961630695, ""iso"": 0.21342925659472423, ""ab"": 417}, {""id"": 676475, ""name"": ""Alec Burleson"", ""bats"": ""L"", ""obp"": 0.34415584415584416, ""slg"": 0.45933014354066987, ""iso"": 0.17703349282296654, ""ab"": 418}]","[{""name"": ""home_p_last10_pitcher_nrfi"", ""value"": 0.5, ""contribution"": -0.0846}, {""name"": ""away_top3_ops_vs_oppHand"", ""value"": 0.8363, ""contribution"": 0.0704}, {""name"": ""home_xera"", ""value"": 3.5212, ""contribution"": -0.0609}, {""name"": ""away_top3c_slg"", ""value"": 0.449, ""contribution"": -0.0442}, {""name"": ""home_fip"", ""value"": 3.6228, ""contribution"": -0.04}]","[{""name"": ""home_top3c_slg"", ""value"": 0.4095, ""contribution"": 0.1917}, {""name"": ""home_top3c_iso"", ""value"": 0.1626, ""contribution"": -0.0775}, {""name"": ""wx_is_dome"", ""value"": 1.0, ""contribution"": -0.0758}, {""name"": ""away_p_last10_pitcher_nrfi"", ""value"": 0.5, ""contribution"": 0.0713}, {""name"": ""home_top3c_obp"", ""value"": 0.325, ""contribution"": -0.0536}]",427128,0.4785,3.521,4.2,81.0,50.0,0.7197,0.7136,5.33,5.0,0.8363,0.7297,L,R,NRFI,PASS,0,0,0,2026-08-01T19:23:21+00:00,-120,-110,DraftKings,2026-08-01T19:01:04+00:00,0.5455,0.5238,-0.0274,-0.0419,,N,,,-120,-110,2026-08-01T19:01:04+00:00,,0.6370,NRFI,STRONG,,,,,,,
2026-08-02,2026,824323,1,N,KC,COL,3:10 PM ET,Seth Lugo,Kyle Freeland,607625,607536,live,live,live,live,1.22,0.6705,0.7094,1.3798,0.6208,0.6145,1.2353,0.2872,0.7128,0.4012,0.5988,0.290746,0.709254,YRFI,STRONG,STRONG YRFI,4,2026-08-02T17:59:38Z,4.203,6.661,1.35,1.513,4.433,4.693,3.04,1.97,1.24,1.71,7.19,7.48,0.314,0.322,0.4,0.417,4.201,4.742,39.4,16.6,7.0,0.0,0.6,0.8,0.6,0.5,0.3371,0.3143,0.5152,0.4351,0.2287,0.1893,lineup,lineup,"[{""id"": 664983, ""name"": ""Jake McCarthy"", ""bats"": ""L"", ""obp"": 0.3314917127071823, ""slg"": 0.486646884272997, ""iso"": 0.19584569732937684, ""ab"": 337}, {""id"": 666160, ""name"": ""Mickey Moniak"", ""bats"": ""L"", ""obp"": 0.31868131868131866, ""slg"": 0.5555555555555556, ""iso"": 0.2777777777777778, ""ab"": 252}, {""id"": 694249, ""name"": ""Cole Carrigg"", ""bats"": ""S"", ""obp"": 0.3803680981595092, ""slg"": 0.5109489051094891, ""iso"": 0.2189781021897811, ""ab"": 137}]","[{""id"": 695600, ""name"": ""Carter Jensen"", ""bats"": ""L"", ""obp"": 0.30656934306569344, ""slg"": 0.42896174863387976, ""iso"": 0.19398907103825133, ""ab"": 366}, {""id"": 679845, ""name"": ""Nick Loftin"", ""bats"": ""R"", ""obp"": 0.3359375, ""slg"": 0.4125560538116592, ""iso"": 0.15695067264573992, ""ab"": 223}, {""id"": 695506, ""name"": ""Jac Caglianone"", ""bats"": ""L"", ""obp"": 0.3082706766917293, ""slg"": 0.4550408719346049, ""iso"": 0.20435967302452318, ""ab"": 367}]","[{""name"": ""era_gap_t1"", ""value"": 2.4585, ""contribution"": 0.2668}, {""name"": ""fi_park_nrfi_rate"", ""value"": 0.4241, ""contribution"": 0.2547}, {""name"": ""wx_temp_c"", ""value"": 39.4, ""contribution"": 0.1087}, {""name"": ""home_xera"", ""value"": 4.9244, ""contribution"": 0.0829}, {""name"": ""home_fip"", ""value"": 4.6929, ""contribution"": 0.0802}]","[{""name"": ""home_top3c_slg"", ""value"": 0.5152, ""contribution"": -0.4644}, {""name"": ""fi_park_nrfi_rate"", ""value"": 0.4241, ""contribution"": 0.3916}, {""name"": ""home_top3c_iso"", ""value"": 0.2287, ""contribution"": 0.2343}, {""name"": ""era_gap_b1"", ""value"": -2.4585, ""contribution"": -0.1677}, {""name"": ""away_whiff_pct_rank"", ""value"": 12.0, ""contribution"": 0.1635}]",554242,0.4415,4.924,4.793,24.0,12.0,0.664,0.7197,5.47,5.47,0.7293,0.89,R,L,YRFI,WIN,0,1,1,2026-08-02T19:27:56+00:00,+120,-155,DraftKings,2026-08-02T16:02:14+00:00,0.4545,0.6078,-0.1673,0.105,0.105,Y,7,4.516,+120,-155,2026-08-02T16:02:14+00:00,0,0.4144,YRFI,STRONG,,,,,,,
2026-08-02,2026,824971,1,N,DET,OAK,4:05 PM ET,Keider Montero,Gage Jump,672456,695611,live,ltd,live,live,0.93,0.4582,0.4359,0.8941,0.3946,0.5935,0.9881,0.3988,0.6012,0.2254,0.7746,0.372288,0.627712,YRFI,STRONG,STRONG YRFI,4,2026-08-02T17:59:38Z,3.601,4.066,1.11,1.346,4.001,3.886,2.19,3.32,1.06,1.08,6.75,9.34,0.316,0.32,0.409,0.403,4.456,4.401,30.3,13.0,33.0,0.0,0.8,0.6,0.9,0.8,0.3262,0.3674,0.4551,0.4586,0.2072,0.1818,lineup,lineup,"[{""id"": 622268, ""name"": ""Donovan Walton"", ""bats"": ""L"", ""obp"": 0.375, ""slg"": 0.47368421052631576, ""iso"": 0.17543859649122806, ""ab"": 114}, {""id"": 691016, ""name"": ""Tyler Soderstrom"", ""bats"": ""L"", ""obp"": 0.3357664233576642, ""slg"": 0.4596100278551532, ""iso"": 0.21727019498607242, ""ab"": 359}, {""id"": 641680, ""name"": ""Jonah Heim"", ""bats"": ""S"", ""obp"": 0.28270042194092826, ""slg"": 0.4377880184331797, ""iso"": 0.2073732718894009, ""ab"": 217}]","[{""id"": 650402, ""name"": ""Gleyber Torres"", ""bats"": ""R"", ""obp"": 0.37815126050420167, ""slg"": 0.3969849246231156, ""iso"": 0.1306532663316583, ""ab"": 199}, {""id"": 693307, ""name"": ""Dillon Dingler"", ""bats"": ""R"", ""obp"": 0.33176470588235296, ""slg"": 0.515625, ""iso"": 0.24739583333333331, ""ab"": 384}, {""id"": 805808, ""name"": ""Kevin McGonigle"", ""bats"": ""L"", ""obp"": 0.39375, ""slg"": 0.4348894348894349, ""iso"": 0.14496314496314494, ""ab"": 407}]","[{""name"": ""fi_park_nrfi_rate"", ""value"": 0.4422, ""contribution"": 0.1922}, {""name"": ""away_top3_ops_vs_oppHand"", ""value"": 0.658, ""contribution"": -0.1113}, {""name"": ""away_top3c_slg"", ""value"": 0.4586, ""contribution"": -0.0928}, {""name"": ""home_p_last10_pitcher_nrfi"", ""value"": 0.9, ""contribution"": 0.0716}, {""name"": ""wx_temp_c"", ""value"": 30.3, ""contribution"": 0.0542}]","[{""name"": ""fi_park_nrfi_rate"", ""value"": 0.4422, ""contribution"": 0.2954}, {""name"": ""away_whiff_pct_rank"", ""value"": 9.0, ""contribution"": 0.1765}, {""name"": ""home_top3c_iso"", ""value"": 0.2072, ""contribution"": 0.1333}, {""name"": ""home_top3c_slg"", ""value"": 0.4551, ""contribution"": -0.0912}, {""name"": ""wx_temp_c"", ""value"": 30.3, ""contribution"": 0.0755}]",605672,0.5283,4.2,4.024,50.0,9.0,0.7136,0.7136,4.6,6.0,0.658,0.7667,R,L,YRFI,WIN,2,0,2,2026-08-02T20:22:33+00:00,+115,-145,DraftKings,2026-08-02T16:02:14+00:00,0.4651,0.5918,-0.1645,0.1076,0.1076,Y,7,4.828,+115,-145,2026-08-02T16:02:14+00:00,0,0.4144,YRFI,STRONG,,,,,,,
2026-08-02,2026,822783,1,N,STL,TOR,1:37 PM ET,Matthew Liberatore,Max Scherzer,669461,453286,live,live,live,live,1.01,0.7057,0.5809,1.2866,0.4323,0.3845,0.8168,0.4687,0.5313,0.3684,0.6316,0.441857,0.558143,PASS,NO EDGE,PASS - No edge,4,2026-08-02T17:04:34Z,4.965,6.626,1.49,1.484,4.633,6.106,3.2,3.57,1.52,2.37,8.37,7.95,0.314,0.306,0.381,0.382,4.329,4.012,,,,1.0,0.4,0.4,0.3,0.6,0.3241,0.3432,0.4077,0.4574,0.1604,0.1815,lineup,lineup,"[{""id"": 649966, ""name"": ""Luis Ur\u00edas"", ""bats"": ""R"", ""obp"": 0.3137254901960784, ""slg"": 0.4666666666666667, ""iso"": 0.22222222222222224, ""ab"": 45}, {""id"": 665489, ""name"": ""Vladimir Guerrero Jr."", ""bats"": ""R"", ""obp"": 0.34459459459459457, ""slg"": 0.358974358974359, ""iso"": 0.09230769230769231, ""ab"": 390}, {""id"": 672960, ""name"": ""Kazuma Okamoto"", ""bats"": ""R"", ""obp"": 0.30454545454545456, ""slg"": 0.44923857868020306, ""iso"": 0.22081218274111677, ""ab"": 394}]","[{""id"": 663457, ""name"": ""Lars Nootbaar"", ""bats"": ""L"", ""obp"": 0.33707865168539325, ""slg"": 0.35294117647058826, ""iso"": 0.11764705882352944, ""ab"": 153}, {""id"": 691023, ""name"": ""Jordan Walker"", ""bats"": ""R"", ""obp"": 0.3419354838709677, ""slg"": 0.4928909952606635, ""iso"": 0.21090047393364925, ""ab"": 422}, {""id"": 676475, ""name"": ""Alec Burleson"", ""bats"": ""L"", ""obp"": 0.3468950749464668, ""slg"": 0.4597156398104265, ""iso"": 0.1753554502369668, ""ab"": 422}]","[{""name"": ""home_fip"", ""value"": 6.1059, ""contribution"": 0.2388}, {""name"": ""era_gap_t1"", ""value"": 1.6609, ""contribution"": 0.1805}, {""name"": ""home_p_last10_pitcher_nrfi"", ""value"": 0.3, ""contribution"": -0.1627}, {""name"": ""away_top3c_slg"", ""value"": 0.4574, ""contribution"": -0.0866}, {""name"": ""away_top3_ops_vs_oppHand"", ""value"": 0.8313, ""contribution"": 0.0653}]","[{""name"": ""home_top3c_slg"", ""value"": 0.4077, ""contribution"": 0.203}, {""name"": ""away_whiff_pct_rank"", ""value"": 14.0, ""contribution"": 0.1549}, {""name"": ""era_gap_b1"", ""value"": -1.6609, ""contribution"": -0.1134}, {""name"": ""home_top3c_iso"", ""value"": 0.1604, ""contribution"": -0.0877}, {""name"": ""wx_is_dome"", ""value"": 1.0, ""contribution"": -0.0758}]",490319,0.5366,4.629,4.999,39.0,14.0,0.7075,0.7272,3.33,5.0,0.8313,0.7267,L,R,NRFI,PASS,0,0,0,2026-08-02T17:51:18+00:00,+105,-135,DraftKings,2026-08-02T16:02:14+00:00,0.4878,0.5745,-0.0191,-0.0432,,N,,,+105,-135,2026-08-02T16:02:14+00:00,,0.4877,PASS,NO EDGE,,,,,,,
2026-08-02,2026,822943,1,N,CWS,TB,1:40 PM ET,Anthony Kay,Griffin Jax,641743,643377,live,live,live,live,0.93,0.4514,0.5234,0.9748,0.421,0.4873,0.9083,0.4312,0.5688,0.255,0.745,0.403193,0.596807,YRFI,LEAN,LEAN YRFI,4,2026-08-02T16:01:47Z,4.228,3.886,1.332,1.244,4.407,3.842,3.4,3.06,1.22,1.27,7.91,10.16,0.316,0.327,0.406,0.401,4.716,4.404,,,,1.0,0.8,1.0,0.8,0.8,0.3743,0.3615,0.4816,0.4756,0.1933,0.223,lineup,lineup,"[{""id"": 680700, ""name"": ""Richie Palacios"", ""bats"": ""L"", ""obp"": 0.3204633204633205, ""slg"": 0.33185840707964603, ""iso"": 0.10619469026548675, ""ab"": 226}, {""id"": 666018, ""name"": ""Jonathan Aranda"", ""bats"": ""L"", ""obp"": 0.3728448275862069, ""slg"": 0.43291139240506327, ""iso"": 0.15189873417721517, ""ab"": 395}, {""id"": 691406, ""name"": ""Junior Caminero"", ""bats"": ""R"", ""obp"": 0.37160751565762007, ""slg"": 0.5445783132530121, ""iso"": 0.26506024096385544, ""ab"": 415}]","[{""id"": 803011, ""name"": ""Sam Antonacci"", ""bats"": ""L"", ""obp"": 0.3687150837988827, ""slg"": 0.41346153846153844, ""iso"": 0.13461538461538458, ""ab"": 312}, {""id"": 682668, ""name"": ""Luisangel Acu\u00f1a"", ""bats"": ""R"", ""obp"": 0.2727272727272727, ""slg"": 0.27710843373493976, ""iso"": 0.03614457831325302, ""ab"": 166}, {""id"": 678246, ""name"": ""Miguel Vargas"", ""bats"": ""R"", ""obp"": 0.3431578947368421, ""slg"": 0.4752475247524752, ""iso"": 0.2376237623762376, ""ab"": 404}]","[{""name"": ""away_top3c_iso"", ""value"": 0.223, ""contribution"": 0.3136}, {""name"": ""fi_park_nrfi_rate"", ""value"": 0.4376, ""contribution"": 0.2081}, {""name"": ""away_top3c_slg"", ""value"": 0.4756, ""contribution"": -0.1787}, {""name"": ""away_top3_ops_vs_oppHand"", ""value"": 0.8833, ""contribution"": 0.1183}, {""name"": ""home_xera"", ""value"": 3.2026, ""contribution"": -0.0935}]","[{""name"": ""fi_park_nrfi_rate"", ""value"": 0.4376, ""contribution"": 0.3199}, {""name"": ""home_top3c_slg"", ""value"": 0.4816, ""contribution"": -0.2558}, {""name"": ""home_top3c_obp"", ""value"": 0.3743, ""contribution"": 0.1192}, {""name"": ""home_obp"", ""value"": 0.3274, ""contribution"": 0.0955}, {""name"": ""home_top3_ops_vs_oppHand"", ""value"": 0.8297, ""contribution"": 0.0792}]",482631,0.538,3.203,7.586,100.0,50.0,0.7272,0.7136,5.33,4.73,0.8833,0.8297,L,R,YRFI,WIN,2,0,2,2026-08-02T17:57:57+00:00,-135,+105,DraftKings,2026-08-02T16:02:14+00:00,0.5745,0.4878,-0.1433,0.081,0.081,N,0.5,0,-135,+105,2026-08-02T16:02:14+00:00,0,0.4114,YRFI,STRONG,,,,,,,
2026-08-02,2026,823996,1,N,MIL,LAA,3:15 PM ET,Jacob Misiorowski,Walbert Ureña,694819,700712,live,ltd,live,live,0.99,0.5163,0.3269,0.8432,0.3952,0.4,0.7953,0.4803,0.5197,0.2068,0.7932,0.451468,0.548532,PASS,NO EDGE,PASS - No edge,4,2026-08-02T19:05:00Z,2.254,3.142,0.875,1.26,2.409,3.881,2.49,4.19,0.85,0.77,13.02,8.58,0.334,0.314,0.401,0.386,4.98,4.242,29.7,12.9,59.0,0.0,1.0,0.6,0.8,0.8,0.3519,0.3526,0.4232,0.4543,0.1746,0.1838,lineup,lineup,"[{""id"": 687263, ""name"": ""Zach Neto"", ""bats"": ""R"", ""obp"": 0.3202479338842975, ""slg"": 0.4272300469483568, ""iso"": 0.1971830985915493, ""ab"": 426}, {""id"": 545361, ""name"": ""Mike Trout"", ""bats"": ""R"", ""obp"": 0.3922518159806295, ""slg"": 0.4561933534743202, ""iso"": 0.21148036253776434, ""ab"": 331}, {""id"": 694384, ""name"": ""Nolan Schanuel"", ""bats"": ""L"", ""obp"": 0.3482849604221636, ""slg"": 0.3857566765578635, ""iso"": 0.10979228486646886, ""ab"": 337}]","[{""id"": 668930, ""name"": ""Brice Turang"", ""bats"": ""L"", ""obp"": 0.3646055437100213, ""slg"": 0.46551724137931033, ""iso"": 0.19458128078817732, ""ab"": 406}, {""id"": 694192, ""name"": ""Jackson Chourio"", ""bats"": ""R"", ""obp"": 0.3265895953757225, ""slg"": 0.45768025078369906, ""iso"": 0.18495297805642635, ""ab"": 319}, {""id"": 669003, ""name"": ""Garrett Mitchell"", ""bats"": ""L"", ""obp"": 0.36187845303867405, ""slg"": 0.43630573248407645, ""iso"": 0.16878980891719747, ""ab"": 314}]","[{""name"": ""home_xera"", ""value"": 2.4971, ""contribution"": -0.1658}, {""name"": ""fi_park_nrfi_rate"", ""value"": 0.4526, ""contribution"": 0.1563}, {""name"": ""era_gap_t1"", ""value"": 0.8881, ""contribution"": 0.0968}, {""name"": ""away_top3c_slg"", ""value"": 0.4543, ""contribution"": -0.071}, {""name"": ""away_top3_ops_vs_oppHand"", ""value"": 0.835, ""contribution"": 0.0691}]","[{""name"": ""fi_park_nrfi_rate"", ""value"": 0.4526, ""contribution"": 0.2403}, {""name"": ""away_fip"", ""value"": 2.4087, ""contribution"": -0.1688}, {""name"": ""away_whiff_pct_rank"", ""value"": 86.0, ""contribution"": -0.1558}, {""name"": ""home_top3c_slg"", ""value"": 0.4232, ""contribution"": 0.1067}, {""name"": ""wx_temp_c"", ""value"": 29.7, ""contribution"": 0.0705}]",676580,0.5084,2.497,3.153,50.0,86.0,0.7136,0.7136,5.2,5.4,0.835,0.7757,R,R,NRFI,PASS,0,0,0,2026-08-02T19:25:53+00:00,-155,+120,DraftKings,2026-08-02T16:02:14+00:00,0.6078,0.4545,-0.1369,0.0746,,N,,,-155,+120,2026-08-02T16:02:14+00:00,,0.4658,PASS,NO EDGE,,,,,,,
2026-08-02,2026,823107,1,N,MIN,SEA,4:10 PM ET,Taj Bradley,George Kirby,671737,669923,live,live,live,live,0.95,0.4117,0.4912,0.9028,0.2679,0.3049,0.5728,0.5473,0.4527,0.2285,0.7715,0.563934,0.436066,NRFI,LEAN,LEAN NRFI,4,2026-08-02T19:05:00Z,3.999,4.037,1.234,1.272,4.074,3.596,3.64,1.92,1.26,1.11,9.82,8.47,0.318,0.31,0.407,0.381,4.673,4.051,,,,1.0,0.6,0.8,0.6,0.7,0.3455,0.3459,0.4584,0.446,0.1899,0.1796,lineup,lineup,"[{""id"": 702284, ""name"": ""Cole Young"", ""bats"": ""L"", ""obp"": 0.319910514541387, ""slg"": 0.4166666666666667, ""iso"": 0.15441176470588236, ""ab"": 408}, {""id"": 668227, ""name"": ""Randy Arozarena"", ""bats"": ""R"", ""obp"": 0.3775280898876405, ""slg"": 0.4581151832460733, ""iso"": 0.17539267015706805, ""ab"": 382}, {""id"": 686527, ""name"": ""Dominic Canzone"", ""bats"": ""L"", ""obp"": 0.33650793650793653, ""slg"": 0.5197132616487455, ""iso"": 0.2616487455197133, ""ab"": 279}]","[{""id"": 656484, ""name"": ""Tristan Gray"", ""bats"": ""L"", ""obp"": 0.2677595628415301, ""slg"": 0.32941176470588235, ""iso"": 0.1, ""ab"": 170}, {""id"": 680777, ""name"": ""Ryan Jeffers"", ""bats"": ""R"", ""obp"": 0.39303482587064675, ""slg"": 0.5321637426900585, ""iso"": 0.23976608187134507, ""ab"": 171}, {""id"": 605137, ""name"": ""Josh Bell"", ""bats"": ""S"", ""obp"": 0.30303030303030304, ""slg"": 0.40561224489795916, ""iso"": 0.16326530612244897, ""ab"": 392}]","[{""name"": ""away_top3_ops_vs_oppHand"", ""value"": 0.8307, ""contribution"": 0.0646}, {""name"": ""home_xera"", ""value"": 3.551, ""contribution"": -0.0578}, {""name"": ""fi_park_nrfi_rate"", ""value"": 0.5131, ""contribution"": -0.0529}, {""name"": ""home_p_last10_pitcher_nrfi"", ""value"": 0.6, ""contribution"": -0.0455}, {""name"": ""home_fip"", ""value"": 3.5959, ""contribution"": -0.043}]","[{""name"": ""home_top3c_slg"", ""value"": 0.4584, ""contribution"": -0.1117}, {""name"": ""fi_park_nrfi_rate"", ""value"": 0.5131, ""contribution"": -0.0814}, {""name"": ""wx_is_dome"", ""value"": 1.0, ""contribution"": -0.0758}, {""name"": ""home_top3_ops_vs_oppHand"", ""value"": 0.8207, ""contribution"": 0.0685}, {""name"": ""home_top3c_iso"", ""value"": 0.1899, ""contribution"": 0.0514}]",427554,0.4835,3.551,4.08,72.0,52.0,0.6942,0.7272,6.0,6.4,0.8307,0.8207,R,R,YRFI,LOSS,0,2,2,2026-08-02T20:29:53+00:00,-140,+110,DraftKings,2026-08-02T16:02:14+00:00,0.5833,0.4762,-0.0605,0.001,,N,,0,-140,+110,2026-08-02T16:02:14+00:00,,0.6423,NRFI,STRONG,,,,,,,
2026-08-02,2026,823919,1,N,BOS,LAD,7:20 PM ET,Jake Bennett,Emmet Sheehan,687562,686218,ltd,live,live,live,0.97,0.4675,0.452,0.9195,0.3535,0.4472,0.8006,0.4773,0.5227,0.2347,0.7653,0.449041,0.550959,PASS,NO EDGE,PASS - No edge,4,2026-08-02T23:05:02Z,3.284,4.465,1.08,1.2,3.644,4.045,2.06,2.82,0.89,1.46,7.26,10.13,0.315,0.338,0.396,0.43,4.268,5.044,31.5,12.9,42.0,0.0,0.8,1.0,0.8,1.0,0.3685,0.325,0.4935,0.4443,0.21,0.178,lineup,lineup,"[{""id"": 660271, ""name"": ""Shohei Ohtani"", ""bats"": ""L"", ""obp"": 0.3952483801295896, ""slg"": 0.5438144329896907, ""iso"": 0.2525773195876288, ""ab"": 388}, {""id"": 681624, ""name"": ""Andy Pages"", ""bats"": ""R"", ""obp"": 0.33544303797468356, ""slg"": 0.45754716981132076, ""iso"": 0.18867924528301888, ""ab"": 424}, {""id"": 669242, ""name"": ""Tommy Edman"", ""bats"": ""S"", ""obp"": 0.3937007874015748, ""slg"": 0.45535714285714285, ""iso"": 0.14285714285714285, ""ab"": 112}]","[{""id"": 686765, ""name"": ""Nick Sogard"", ""bats"": ""S"", ""obp"": 0.37037037037037035, ""slg"": 0.34782608695652173, ""iso"": 0.08695652173913043, ""ab"": 46}, {""id"": 678882, ""name"": ""Ceddanne Rafaela"", ""bats"": ""R"", ""obp"": 0.3271889400921659, ""slg"": 0.47073170731707314, ""iso"": 0.18292682926829268, ""ab"": 410}, {""id"": 677800, ""name"": ""Wilyer Abreu"", ""bats"": ""L"", ""obp"": 0.31759656652360513, ""slg"": 0.42891566265060244, ""iso"": 0.18313253012048195, ""ab"": 415}]","[{""name"": ""era_gap_t1"", ""value"": 1.1814, ""contribution"": 0.1285}, {""name"": ""home_xera"", ""value"": 2.9748, ""contribution"": -0.1169}, {""name"": ""wx_temp_c"", ""value"": 31.5, ""contribution"": 0.0613}, {""name"": ""fi_park_nrfi_rate"", ""value"": 0.4823, ""contribution"": 0.0538}, {""name"": ""home_p_last10_pitcher_nrfi"", ""value"": 0.8, ""contribution"": 0.0326}]","[{""name"": ""home_top3c_slg"", ""value"": 0.4935, ""contribution"": -0.3299}, {""name"": ""home_obp"", ""value"": 0.338, ""contribution"": 0.1696}, {""name"": ""home_top3c_iso"", ""value"": 0.21, ""contribution"": 0.1461}, {""name"": ""home_top3_ops_vs_oppHand"", ""value"": 0.8713, ""contribution"": 0.1291}, {""name"": ""home_top3c_obp"", ""value"": 0.3685, ""contribution"": 0.099}]",483912,0.5511,2.975,4.2,96.0,50.0,0.7272,0.7136,5.0,6.53,0.743,0.8713,L,R,YRFI,PASS,2,0,2,2026-08-02T23:45:09+00:00,-125,-105,DraftKings,2026-08-02T23:29:46+00:00,0.5556,0.5122,-0.0783,0.0105,,N,,,-125,-105,2026-08-02T23:19:10+00:00,,0.4877,PASS,NO EDGE,,,,,,,
2026-08-02,2026,823270,1,N,SF,SD,4:10 PM ET,Landen Roupp,Kyle Hart,694738,606996,live,ltd,live,live,0.95,0.4442,0.4428,0.887,0.2944,0.3205,0.6149,0.5236,0.4764,0.2228,0.7772,0.540693,0.459307,NRFI,LEAN,LEAN NRFI,4,2026-08-02T19:05:00Z,4.048,4.823,1.311,1.172,3.55,4.109,3.79,2.88,0.72,1.17,8.96,8.22,0.311,0.312,0.414,0.387,4.234,4.242,24.5,11.4,82.0,0.0,0.8,0.8,0.6667,0.8,0.3059,0.3431,0.3646,0.4396,0.1451,0.1504,lineup,lineup,"[{""id"": 650859, ""name"": ""Luis Rengifo"", ""bats"": ""S"", ""obp"": 0.3192307692307692, ""slg"": 0.31004366812227074, ""iso"": 0.07423580786026202, ""ab"": 229}, {""id"": 630105, ""name"": ""Jake Cronenworth"", ""bats"": ""L"", ""obp"": 0.3087557603686636, ""slg"": 0.2879581151832461, ""iso"": 0.07329842931937175, ""ab"": 191}, {""id"": 592518, ""name"": ""Manny Machado"", ""bats"": ""R"", ""obp"": 0.29694323144104806, ""slg"": 0.4325, ""iso"": 0.22, ""ab"": 400}]","[{""id"": 650333, ""name"": ""Luis Arraez"", ""bats"": ""L"", ""obp"": 0.36423841059602646, ""slg"": 0.4457831325301205, ""iso"": 0.11807228915662649, ""ab"": 415}, {""id"": 805811, ""name"": ""Bryce Eldridge"", ""bats"": ""L"", ""obp"": 0.3498233215547703, ""slg"": 0.4448979591836735, ""iso"": 0.19183673469387758, ""ab"": 245}, {""id"": 671218, ""name"": ""Heliot Ramos"", ""bats"": ""R"", ""obp"": 0.304635761589404, ""slg"": 0.426056338028169, ""iso"": 0.1619718309859155, ""ab"": 284}]","[{""name"": ""away_top3c_iso"", ""value"": 0.1504, ""contribution"": -0.1977}, {""name"": ""fi_park_nrfi_rate"", ""value"": 0.5409, ""contribution"": -0.149}, {""name"": ""era_gap_t1"", ""value"": 0.7754, ""contribution"": 0.0846}, {""name"": ""home_avg_ip_per_start"", ""value"": 2.9333, ""contribution"": 0.0723}, {""name"": ""away_top3_ops_vs_oppHand"", ""value"": 0.8023, ""contribution"": 0.0358}]","[{""name"": ""home_top3c_slg"", ""value"": 0.3646, ""contribution"": 0.4706}, {""name"": ""fi_park_nrfi_rate"", ""value"": 0.5409, ""contribution"": -0.229}, {""name"": ""home_top3c_iso"", ""value"": 0.1451, ""contribution"": -0.16}, {""name"": ""home_top3c_obp"", ""value"": 0.3059, ""contribution"": -0.1206}, {""name"": ""home_top3_ops_vs_oppHand"", ""value"": 0.6907, ""contribution"": -0.0872}]",483630,0.522,4.06,3.796,6.0,41.0,0.7136,0.7197,2.93,5.47,0.8023,0.6907,R,L,NRFI,WIN,0,0,0,2026-08-02T20:24:36+00:00,-135,+100,DraftKings,2026-08-02T16:02:14+00:00,0.5745,0.5,-0.0577,-0.0168,,N,,0,-135,+100,2026-08-02T16:02:14+00:00,,0.5303,PASS,NO EDGE,,,,,,,
2026-08-02,2026,824404,1,N,ARI,CLE,1:40 PM ET,Merrill Kelly,Gavin Williams,518876,668909,live,live,live,live,0.96,0.4594,0.5823,1.0417,0.2643,0.4157,0.6799,0.5051,0.4949,0.2796,0.7204,0.506661,0.493339,NRFI,LEAN,LEAN NRFI,4,2026-08-02T16:01:47Z,4.501,3.56,1.361,1.116,5.2,3.804,3.17,3.01,1.63,1.38,6.49,10.89,0.314,0.311,0.396,0.374,4.567,4.004,23.4,14.8,89.0,0.0,0.8,0.8,0.7,0.6,0.3452,0.359,0.3819,0.431,0.126,0.1715,lineup,lineup,"[{""id"": 680757, ""name"": ""Steven Kwan"", ""bats"": ""L"", ""obp"": 0.35609756097560974, ""slg"": 0.3162393162393162, ""iso"": 0.05982905982905984, ""ab"": 351}, {""id"": 608070, ""name"": ""Jos\u00e9 Ram\u00edrez"", ""bats"": ""S"", ""obp"": 0.3323943661971831, ""slg"": 0.3901639344262295, ""iso"": 0.15737704918032785, ""ab"": 305}, {""id"": 682657, ""name"": ""Angel Mart\u00ednez"", ""bats"": ""S"", ""obp"": 0.2595419847328244, ""slg"": 0.41365461847389556, ""iso"": 0.18875502008032127, ""ab"": 249}]","[{""id"": 682998, ""name"": ""Corbin Carroll"", ""bats"": ""L"", ""obp"": 0.34408602150537637, ""slg"": 0.48258706467661694, ""iso"": 0.2338308457711443, ""ab"": 402}, {""id"": 672695, ""name"": ""Geraldo Perdomo"", ""bats"": ""S"", ""obp"": 0.355119825708061, ""slg"": 0.36649214659685864, ""iso"": 0.12827225130890052, ""ab"": 382}, {""id"": 672515, ""name"": ""Gabriel Moreno"", ""bats"": ""R"", ""obp"": 0.38439306358381503, ""slg"": 0.4440677966101695, ""iso"": 0.14237288135593218, ""ab"": 295}]","[{""name"": ""fi_park_nrfi_rate"", ""value"": 0.528, ""contribution"": -0.1042}, {""name"": ""era_gap_t1"", ""value"": -0.9417, ""contribution"": -0.1013}, {""name"": ""away_top3c_iso"", ""value"": 0.1715, ""contribution"": -0.0496}, {""name"": ""away_top3c_slg"", ""value"": 0.431, ""contribution"": 0.0472}, {""name"": ""home_avg_ip_per_start"", ""value"": 6.3333, ""contribution"": -0.0366}]","[{""name"": ""home_top3c_slg"", ""value"": 0.3819, ""contribution"": 0.3631}, {""name"": ""home_top3c_iso"", ""value"": 0.126, ""contribution"": -0.2503}, {""name"": ""fi_park_nrfi_rate"", ""value"": 0.528, ""contribution"": -0.1602}, {""name"": ""away_fip"", ""value"": 5.2004, ""contribution"": 0.1296}, {""name"": ""home_top3_ops_vs_oppHand"", ""value"": 0.694, ""contribution"": -0.0832}]",485856,0.5084,4.171,4.616,88.0,52.0,0.7272,0.7272,6.33,5.53,0.78,0.694,R,R,NRFI,WIN,0,0,0,2026-08-02T17:54:03+00:00,-125,-105,DraftKings,2026-08-02T16:02:14+00:00,0.5556,0.5122,-0.0505,-0.0173,-0.0505,N,0.5,0,-125,-105,2026-08-02T16:02:14+00:00,0,0.4877,PASS,NO EDGE,,,,,,,
2026-08-02,2026,824648,1,N,NYY,CHC,2:20 PM ET,Gerrit Cole,Colin Rea,543037,607067,ltd,live,live,live,1.0,0.5407,0.5024,1.0431,0.4456,0.3681,0.8137,0.4703,0.5297,0.2801,0.7199,0.443209,0.556791,PASS,NO EDGE,PASS - No edge,4,2026-08-02T17:59:38Z,3.792,4.48,1.153,1.36,3.939,4.617,2.25,3.04,1.36,1.31,9.32,6.84,0.312,0.336,0.411,0.412,4.583,5.052,21.5,18.9,89.0,0.0,1.0,0.8,0.8,0.7,0.3659,0.3277,0.4663,0.4772,0.202,0.2346,lineup,lineup,"[{""id"": 691718, ""name"": ""Pete Crow-Armstrong"", ""bats"": ""L"", ""obp"": 0.3798767967145791, ""slg"": 0.539568345323741, ""iso"": 0.25659472422062346, ""ab"": 417}, {""id"": 673548, ""name"": ""Seiya Suzuki"", ""bats"": ""R"", ""obp"": 0.36253041362530414, ""slg"": 0.4732394366197183, ""iso"": 0.2028169014084507, ""ab"": 355}, {""id"": 608348, ""name"": ""Carson Kelly"", ""bats"": ""R"", ""obp"": 0.34812286689419797, ""slg"": 0.3682170542635659, ""iso"": 0.10852713178294571, ""ab"": 258}]","[{""id"": 663757, ""name"": ""Trent Grisham"", ""bats"": ""L"", ""obp"": 0.31666666666666665, ""slg"": 0.3786407766990291, ""iso"": 0.1650485436893204, ""ab"": 309}, {""id"": 700250, ""name"": ""Ben Rice"", ""bats"": ""L"", ""obp"": 0.3576158940397351, ""slg"": 0.5670886075949367, ""iso"": 0.2987341772151899, ""ab"": 395}, {""id"": 642708, ""name"": ""Amed Rosario"", ""bats"": ""R"", ""obp"": 0.2765957446808511, ""slg"": 0.4482758620689655, ""iso"": 0.21264367816091956, ""ab"": 174}]","[{""name"": ""away_top3c_iso"", ""value"": 0.2346, ""contribution"": 0.3954}, {""name"": ""away_top3c_slg"", ""value"": 0.4772, ""contribution"": -0.1872}, {""name"": ""fi_park_nrfi_rate"", ""value"": 0.5429, ""contribution"": -0.1558}, {""name"": ""away_top3_ops_vs_oppHand"", ""value"": 0.8527, ""contribution"": 0.0871}, {""name"": ""era_gap_t1"", ""value"": 0.6873, ""contribution"": 0.075}]","[{""name"": ""fi_park_nrfi_rate"", ""value"": 0.5429, ""contribution"": -0.2395}, {""name"": ""home_top3c_slg"", ""value"": 0.4663, ""contribution"": -0.1611}, {""name"": ""home_obp"", ""value"": 0.3363, ""contribution"": 0.1573}, {""name"": ""home_top3c_iso"", ""value"": 0.202, ""contribution"": 0.1086}, {""name"": ""home_top3c_obp"", ""value"": 0.3659, ""contribution"": 0.0897}]",482608,0.452,4.334,4.2,21.0,50.0,0.6942,0.6942,5.47,6.07,0.8527,0.826,R,R,NRFI,PASS,0,0,0,2026-08-02T18:36:22+00:00,-150,+115,DraftKings,2026-08-02T16:02:14+00:00,0.6,0.4651,-0.1324,0.0673,,N,,,-150,+115,2026-08-02T16:02:14+00:00,,0.4877,PASS,NO EDGE,,,,,,,
2026-08-02,2026,824483,1,N,PIT,CIN,1:40 PM ET,Mitch Keller,Chase Burns,656605,695505,live,live,live,live,1.09,0.5329,0.539,1.0719,0.2547,0.4682,0.7229,0.4935,0.5065,0.2907,0.7093,0.485337,0.514663,PASS,NO EDGE,PASS - No edge,4,2026-08-02T17:04:34Z,4.663,2.903,1.297,1.162,4.128,3.579,2.91,3.23,1.04,1.07,7.11,10.36,0.334,0.31,0.417,0.397,5.067,4.156,21.9,7.4,87.0,0.0,0.8,0.6,0.8,0.7,0.3423,0.3535,0.4818,0.4481,0.2278,0.1743,lineup,lineup,"[{""id"": 682829, ""name"": ""Elly De La Cruz"", ""bats"": ""S"", ""obp"": 0.3545232273838631, ""slg"": 0.5027624309392266, ""iso"": 0.22651933701657462, ""ab"": 362}, {""id"": 701398, ""name"": ""Sal Stewart"", ""bats"": ""R"", ""obp"": 0.33542976939203356, ""slg"": 0.4748201438848921, ""iso"": 0.22062350119904078, ""ab"": 417}, {""id"": 668709, ""name"": ""JJ Bleday"", ""bats"": ""L"", ""obp"": 0.3372093023255814, ""slg"": 0.4657534246575342, ""iso"": 0.23972602739726026, ""ab"": 292}]","[{""id"": 663968, ""name"": ""Jake Mangum"", ""bats"": ""S"", ""obp"": 0.3536977491961415, ""slg"": 0.3819444444444444, ""iso"": 0.07638888888888884, ""ab"": 288}, {""id"": 669707, ""name"": ""Jared Triolo"", ""bats"": ""R"", ""obp"": 0.3172690763052209, ""slg"": 0.3080357142857143, ""iso"": 0.06696428571428573, ""ab"": 224}, {""id"": 668804, ""name"": ""Bryan Reynolds"", ""bats"": ""S"", ""obp"": 0.38114754098360654, ""slg"": 0.45121951219512196, ""iso"": 0.18292682926829268, ""ab"": 410}]","[{""name"": ""era_gap_t1"", ""value"": -1.76, ""contribution"": -0.1899}, {""name"": ""home_xera"", ""value"": 3.4465, ""contribution"": -0.0685}, {""name"": ""away_top3_ops_vs_oppHand"", ""value"": 0.8243, ""contribution"": 0.0582}, {""name"": ""home_fip"", ""value"": 3.5789, ""contribution"": -0.0449}, {""name"": ""away_top3c_slg"", ""value"": 0.4481, ""contribution"": -0.0394}]","[{""name"": ""home_top3c_slg"", ""value"": 0.4818, ""contribution"": -0.2572}, {""name"": ""home_top3c_iso"", ""value"": 0.2278, ""contribution"": 0.2304}, {""name"": ""away_whiff_pct_rank"", ""value"": 18.0, ""contribution"": 0.1376}, {""name"": ""era_gap_b1"", ""value"": 1.76, ""contribution"": 0.1194}, {""name"": ""fi_park_nrfi_rate"", ""value"": 0.4892, ""contribution"": 0.0458}]",658082,0.5146,3.446,4.372,100.0,18.0,0.7396,0.7075,5.4,5.07,0.8243,0.79,R,R,YRFI,PASS,0,3,3,2026-08-02T18:00:50+00:00,-115,-110,DraftKings,2026-08-02T16:02:14+00:00,0.5349,0.5238,-0.0402,-0.0185,,N,,,-115,-110,2026-08-02T16:02:14+00:00,,0.4589,PASS,NO EDGE,,,,,,,
2026-08-02,2026,824163,1,N,TEX,HOU,2:10 PM ET,Kumar Rocker,Peter Lambert,677958,663567,live,live,live,live,0.99,0.4618,0.5771,1.0389,0.3561,0.4835,0.8396,0.4566,0.5434,0.2785,0.7215,0.431884,0.568116,YRFI,LEAN,LEAN YRFI,4,2026-08-02T17:04:34Z,4.305,3.37,1.312,1.181,4.27,3.913,3.27,3.27,1.21,1.03,8.21,8.74,0.318,0.319,0.403,0.415,4.202,4.634,,,,1.0,1.0,0.8,0.9,0.6,0.3919,0.324,0.5315,0.4772,0.2333,0.2324,lineup,lineup,"[{""id"": 665161, ""name"": ""Jeremy Pe\u00f1a"", ""bats"": ""R"", ""obp"": 0.3709090909090909, ""slg"": 0.5179282868525896, ""iso"": 0.199203187250996, ""ab"": 251}, {""id"": 828599, ""name"": ""Lucas Spence"", ""bats"": ""L"", ""obp"": 0.24390243902439024, ""slg"": 0.1891891891891892, ""iso"": 0.02702702702702703, ""ab"": 37}, {""id"": 670623, ""name"": ""Isaac Paredes"", ""bats"": ""R"", ""obp"": 0.3549107142857143, ""slg"": 0.4270833333333333, ""iso"": 0.16927083333333331, ""ab"": 384}]","[{""id"": 679822, ""name"": ""Justin Foscue"", ""bats"": ""R"", ""obp"": 0.3191489361702128, ""slg"": 0.4765625, ""iso"": 0.21875, ""ab"": 128}, {""id"": 694671, ""name"": ""Wyatt Langford"", ""bats"": ""R"", ""obp"": 0.3176470588235294, ""slg"": 0.5083333333333333, ""iso"": 0.23333333333333328, ""ab"": 240}, {""id"": 608369, ""name"": ""Corey Seager"", ""bats"": ""L"", ""obp"": 0.3008849557522124, ""slg"": 0.38341968911917096, ""iso"": 0.19170984455958548, ""ab"": 193}]","[{""name"": ""away_top3c_iso"", ""value"": 0.2324, ""contribution"": 0.3795}, {""name"": ""away_top3c_slg"", ""value"": 0.4772, ""contribution"": -0.1869}, {""name"": ""home_xera"", ""value"": 2.829, ""contribution"": -0.1318}, {""name"": ""era_gap_t1"", ""value"": -0.9348, ""contribution"": -0.1006}, {""name"": ""home_p_last10_pitcher_nrfi"", ""value"": 0.9, ""contribution"": 0.0716}]","[{""name"": ""home_top3c_slg"", ""value"": 0.5315, ""contribution"": -0.5657}, {""name"": ""home_top3c_iso"", ""value"": 0.2333, ""contribution"": 0.2563}, {""name"": ""home_top3_ops_vs_oppHand"", ""value"": 0.964, ""contribution"": 0.2401}, {""name"": ""home_top3c_obp"", ""value"": 0.3919, ""contribution"": 0.1809}, {""name"": ""fi_park_nrfi_rate"", ""value"": 0.482, ""contribution"": 0.084}]",429805,0.5769,2.829,4.973,50.0,44.0,0.7136,0.7136,5.73,5.73,0.8243,0.964,R,R,NRFI,LOSS,0,0,0,2026-08-02T18:27:53+00:00,-105,-125,DraftKings,2026-08-02T16:02:14+00:00,0.5122,0.5556,-0.0556,-0.0122,-0.0122,N,0.5,0,-105,-125,2026-08-02T16:02:14+00:00,0,0.4658,PASS,NO EDGE,,,,,,,
2026-08-02,2026,824807,1,N,PHI,BAL,1:35 PM ET,Zack Wheeler,Kyle Bradish,554430,680694,live,live,live,live,1.06,0.5042,0.4041,0.9084,0.432,0.2933,0.7253,0.4929,0.5071,0.2306,0.7694,0.484177,0.515823,PASS,NO EDGE,PASS - No edge,4,2026-08-02T17:04:34Z,2.58,3.738,0.926,1.319,3.092,3.883,2.0,3.7,1.14,0.97,11.03,9.01,0.305,0.32,0.4,0.394,4.361,4.56,24.1,23.0,92.0,0.0,1.0,0.8,0.9,0.9,0.3201,0.3399,0.4175,0.4744,0.1814,0.2238,lineup,lineup,"[{""id"": 687637, ""name"": ""Dylan Beavers"", ""bats"": ""L"", ""obp"": 0.3316062176165803, ""slg"": 0.35294117647058826, ""iso"": 0.10588235294117648, ""ab"": 170}, {""id"": 624413, ""name"": ""Pete Alonso"", ""bats"": ""R"", ""obp"": 0.3450413223140496, ""slg"": 0.46522781774580335, ""iso"": 0.2158273381294964, ""ab"": 417}, {""id"": 683002, ""name"": ""Gunnar Henderson"", ""bats"": ""L"", ""obp"": 0.2916666666666667, ""slg"": 0.3978021978021978, ""iso"": 0.178021978021978, ""ab"": 455}]","[{""id"": 607208, ""name"": ""Trea Turner"", ""bats"": ""R"", ""obp"": 0.29707112970711297, ""slg"": 0.4044943820224719, ""iso"": 0.15505617977528088, ""ab"": 445}, {""id"": 656941, ""name"": ""Kyle Schwarber"", ""bats"": ""L"", ""obp"": 0.3648068669527897, ""slg"": 0.5370843989769821, ""iso"": 0.28900255754475707, ""ab"": 391}, {""id"": 547180, ""name"": ""Bryce Harper"", ""bats"": ""L"", ""obp"": 0.358974358974359, ""slg"": 0.4910941475826972, ""iso"": 0.2366412213740458, ""ab"": 393}]","[{""name"": ""away_top3c_iso"", ""value"": 0.2238, ""contribution"": 0.3188}, {""name"": ""away_top3c_slg"", ""value"": 0.4744, ""contribution"": -0.1727}, {""name"": ""era_gap_t1"", ""value"": 1.1578, ""contribution"": 0.126}, {""name"": ""away_top3_ops_vs_oppHand"", ""value"": 0.862, ""contribution"": 0.0966}, {""name"": ""fi_park_nrfi_rate"", ""value"": 0.519, ""contribution"": -0.0733}]","[{""name"": ""away_whiff_pct_rank"", ""value"": 93.0, ""contribution"": -0.1861}, {""name"": ""home_top3c_slg"", ""value"": 0.4175, ""contribution"": 0.1424}, {""name"": ""wx_wind_kmh"", ""value"": 23.0, ""contribution"": 0.1211}, {""name"": ""fi_park_nrfi_rate"", ""value"": 0.519, ""contribution"": -0.1127}, {""name"": ""away_fip"", ""value"": 3.0916, ""contribution"": -0.0958}]",503586,0.4946,3.85,1.949,94.0,93.0,0.6942,0.6796,5.8,5.53,0.862,0.748,R,R,NRFI,PASS,0,0,0,2026-08-02T17:50:07+00:00,-130,+100,DraftKings,2026-08-02T16:02:14+00:00,0.5652,0.5,-0.0753,0.0101,,N,,,-130,+100,2026-08-02T16:02:14+00:00,,0.4880,PASS,NO EDGE,,,,,,,
2026-08-02,2026,824891,1,N,WSH,ATL,1:35 PM ET,Cade Cavalli,JR Ritchie,676917,702275,live,ltd,live,live,0.98,0.6436,0.4678,1.1114,0.5065,0.3785,0.8849,0.4371,0.5629,0.3051,0.6949,0.412743,0.587257,YRFI,LEAN,LEAN YRFI,4,2026-08-02T16:01:47Z,3.717,4.36,1.305,1.346,3.353,4.885,2.81,4.41,0.9,1.38,9.6,8.41,0.327,0.315,0.44,0.416,5.295,4.861,29.4,17.7,50.0,0.0,0.8,1.0,0.7143,0.7,0.3546,0.3522,0.4874,0.5209,0.225,0.2518,lineup,lineup,"[{""id"": 686948, ""name"": ""Drake Baldwin"", ""bats"": ""L"", ""obp"": 0.366412213740458, ""slg"": 0.47076023391812866, ""iso"": 0.19590643274853803, ""ab"": 342}, {""id"": 660670, ""name"": ""Ronald Acu\u00f1a Jr."", ""bats"": ""R"", ""obp"": 0.36259541984732824, ""slg"": 0.41935483870967744, ""iso"": 0.1797235023041475, ""ab"": 217}, {""id"": 621566, ""name"": ""Matt Olson"", ""bats"": ""L"", ""obp"": 0.3408624229979466, ""slg"": 0.5347222222222222, ""iso"": 0.2708333333333333, ""ab"": 432}]","[{""id"": 695578, ""name"": ""James Wood"", ""bats"": ""L"", ""obp"": 0.396584440227704, ""slg"": 0.541860465116279, ""iso"": 0.2744186046511628, ""ab"": 430}, {""id"": 695734, ""name"": ""Daylen Lile"", ""bats"": ""L"", ""obp"": 0.2975929978118162, ""slg"": 0.4156769596199525, ""iso"": 0.16864608076009502, ""ab"": 421}, {""id"": 686611, ""name"": ""Dylan Crews"", ""bats"": ""R"", ""obp"": 0.3064516129032258, ""slg"": 0.3901345291479821, ""iso"": 0.16143497757847536, ""ab"": 223}]","[{""name"": ""away_top3c_iso"", ""value"": 0.2518, ""contribution"": 0.5162}, {""name"": ""away_top3c_slg"", ""value"": 0.5209, ""contribution"": -0.4084}, {""name"": ""home_xera"", ""value"": 5.1495, ""contribution"": 0.106}, {""name"": ""home_fip"", ""value"": 4.8853, ""contribution"": 0.1018}, {""name"": ""away_top3_ops_vs_oppHand"", ""value"": 0.8653, ""contribution"": 0.1}]","[{""name"": ""home_top3c_slg"", ""value"": 0.4874, ""contribution"": -0.2919}, {""name"": ""home_top3c_iso"", ""value"": 0.225, ""contribution"": 0.2172}, {""name"": ""home_top3_ops_vs_oppHand"", ""value"": 0.8983, ""contribution"": 0.1614}, {""name"": ""away_whiff_pct_rank"", ""value"": 80.0, ""contribution"": -0.1299}, {""name"": ""wx_temp_c"", ""value"": 29.4, ""contribution"": 0.068}]",665281,0.5305,5.149,4.101,50.0,80.0,0.6796,0.7272,4.67,5.27,0.8653,0.8983,R,R,NRFI,LOSS,0,0,0,2026-08-02T17:47:54+00:00,-105,-125,DraftKings,2026-08-02T16:02:14+00:00,0.5122,0.5556,-0.0751,0.0073,0.0073,N,0.5,0,-105,-125,2026-08-02T16:02:14+00:00,0,0.4138,YRFI,STRONG,,,,,,,
2026-08-02,2026,823592,1,N,MIA,NYM,1:40 PM ET,Sandy Alcantara,Robert Stock,645261,476594,live,avg,live,live,0.96,0.4806,0.4425,0.9231,0.3182,0.4156,0.7339,0.4908,0.5092,0.236,0.764,0.480039,0.519961,PASS,NO DATA,PASS - No data,3,2026-08-02T17:04:34Z,4.144,4.17,1.223,1.26,4.007,4.17,2.46,2.93,1.04,1.21,6.98,8.75,0.325,0.305,0.408,0.384,4.421,4.13,25.6,18.9,87.0,0.0,0.5,1.0,0.5,0.9,0.3167,0.3481,0.3912,0.4616,0.1359,0.1771,lineup,lineup,"[{""id"": 805999, ""name"": ""A.J. Ewing"", ""bats"": ""L"", ""obp"": 0.3368421052631579, ""slg"": 0.40551181102362205, ""iso"": 0.13779527559055116, ""ab"": 254}, {""id"": 596019, ""name"": ""Francisco Lindor"", ""bats"": ""S"", ""obp"": 0.32489451476793246, ""slg"": 0.42857142857142855, ""iso"": 0.19047619047619047, ""ab"": 210}, {""id"": 666182, ""name"": ""Bo Bichette"", ""bats"": ""R"", ""obp"": 0.30062630480167013, ""slg"": 0.36507936507936506, ""iso"": 0.10884353741496594, ""ab"": 441}]","[{""id"": 689414, ""name"": ""Liam Hicks"", ""bats"": ""L"", ""obp"": 0.36386138613861385, ""slg"": 0.4342857142857143, ""iso"": 0.1514285714285714, ""ab"": 350}, {""id"": 669065, ""name"": ""Kyle Stowers"", ""bats"": ""L"", ""obp"": 0.3224932249322493, ""slg"": 0.4646153846153846, ""iso"": 0.22769230769230767, ""ab"": 325}, {""id"": 672640, ""name"": ""Otto Lopez"", ""bats"": ""R"", ""obp"": 0.3547008547008547, ""slg"": 0.48148148148148145, ""iso"": 0.1597222222222222, ""ab"": 432}]","[{""name"": ""away_top3c_slg"", ""value"": 0.4616, ""contribution"": -0.1081}, {""name"": ""home_p_last10_pitcher_nrfi"", ""value"": 0.5, ""contribution"": -0.0846}, {""name"": ""away_top3_ops_vs_oppHand"", ""value"": 0.849, ""contribution"": 0.0833}, {""name"": ""wx_wind_kmh"", ""value"": 18.9, ""contribution"": 0.033}, {""name"": ""wx_temp_c"", ""value"": 25.6, ""contribution"": 0.026}]","[{""name"": ""home_top3c_slg"", ""value"": 0.3912, ""contribution"": 0.3058}, {""name"": ""home_top3c_iso"", ""value"": 0.1359, ""contribution"": -0.2035}, {""name"": ""home_plate_ump_nrfi_rate"", ""value"": 0.6177, ""contribution"": 0.1192}, {""name"": ""away_whiff_pct_rank"", ""value"": 28.0, ""contribution"": 0.0945}, {""name"": ""home_top3c_obp"", ""value"": 0.3167, ""contribution"": -0.0827}]",482620,0.6177,4.2,4.417,50.0,28.0,0.7136,0.7138,5.0,7.0,0.849,0.7097,R,R,NRFI,PASS,0,0,0,2026-08-02T17:51:39+00:00,-110,-120,DraftKings,2026-08-02T16:02:14+00:00,0.5238,0.5455,-0.0326,-0.0367,,N,,,-110,-120,2026-08-02T16:02:14+00:00,,0.4392,YRFI,STRONG,,,,,,,
2026-08-03,2026,824324,1,N,TB,COL,8:40 PM ET,Ian Seymour,Michael Lorenzen,693855,547179,live,live,live,live,1.22,0.7316,0.6301,1.3617,0.5547,0.5058,1.0604,0.3235,0.6765,0.3949,0.6051,0.346306,0.653694,YRFI,STRONG,STRONG YRFI,4,2026-08-03T23:34:10Z,4.215,6.013,1.155,1.677,3.888,4.764,3.14,3.19,1.26,1.44,10.04,7.24,0.327,0.323,0.401,0.418,4.377,4.768,37.6,12.8,9.0,0.0,0.4,0.8,0.5,0.7,0.3552,0.373,0.4736,0.4789,0.1897,0.1912,lineup,lineup,"[{""id"": 664983, ""name"": ""Jake McCarthy"", ""bats"": ""L"", ""obp"": 0.329700272479564, ""slg"": 0.49122807017543857, ""iso"": 0.20175438596491224, ""ab"": 342}, {""id"": 691720, ""name"": ""Kyle Karros"", ""bats"": ""R"", ""obp"": 0.36538461538461536, ""slg"": 0.43130990415335463, ""iso"": 0.16293929712460065, ""ab"": 313}, {""id"": 694249, ""name"": ""Cole Carrigg"", ""bats"": ""S"", ""obp"": 0.38922155688622756, ""slg"": 0.524822695035461, ""iso"": 0.21985815602836878, ""ab"": 141}]","[{""id"": 650490, ""name"": ""Yandy D\u00edaz"", ""bats"": ""R"", ""obp"": 0.3752665245202559, ""slg"": 0.4602409638554217, ""iso"": 0.15903614457831322, ""ab"": 415}, {""id"": 666018, ""name"": ""Jonathan Aranda"", ""bats"": ""L"", ""obp"": 0.37100213219616207, ""slg"": 0.43, ""iso"": 0.14999999999999997, ""ab"": 400}, {""id"": 691406, ""name"": ""Junior Caminero"", ""bats"": ""R"", ""obp"": 0.37267080745341613, ""slg"": 0.5441527446300716, ""iso"": 0.2625298329355608, ""ab"": 419}]","[{""name"": ""fi_park_nrfi_rate"", ""value"": 0.4241, ""contribution"": 0.2547}, {""name"": ""away_top3c_slg"", ""value"": 0.4789, ""contribution"": -0.1958}, {""name"": ""era_gap_t1"", ""value"": 1.7976, ""contribution"": 0.1953}, {""name"": ""away_top3_ops_vs_oppHand"", ""value"": 0.865, ""contribution"": 0.0996}, {""name"": ""wx_temp_c"", ""value"": 37.6, ""contribution"": 0.0979}]","[{""name"": ""fi_park_nrfi_rate"", ""value"": 0.4241, ""contribution"": 0.3916}, {""name"": ""home_top3c_slg"", ""value"": 0.4736, ""contribution"": -0.2064}, {""name"": ""away_whiff_pct_rank"", ""value"": 87.0, ""contribution"": -0.1602}, {""name"": ""wx_temp_c"", ""value"": 37.6, ""contribution"": 0.1365}, {""name"": ""home_top3_ops_vs_oppHand"", ""value"": 0.8667, ""contribution"": 0.1235}]",623945,0.5123,4.664,4.59,38.0,87.0,0.751,0.7136,4.6,4.53,0.865,0.8667,L,R,YRFI,WIN,2,0,2,2026-08-04T00:59:27+00:00,+115,-150,DraftKings,2026-08-04T00:36:35+00:00,0.4651,0.6,-0.1416,0.0765,0.0765,Y,5,3.333,+115,-150,2026-08-03T22:51:18+00:00,0,0.4084,YRFI,STRONG,,,,,,,
2026-08-03,2026,825095,1,N,SD,ARI,9:40 PM ET,Michael King,Brandon Pfaadt,650633,694297,live,live,live,live,1.0,0.4617,0.4927,0.9545,0.4812,0.4463,0.9275,0.4264,0.5736,0.2475,0.7525,0.395522,0.604478,YRFI,LEAN,LEAN YRFI,4,2026-08-04T00:33:55Z,3.464,4.446,1.183,1.304,4.096,4.16,3.48,2.36,1.04,1.12,8.15,6.62,0.312,0.313,0.387,0.394,4.248,4.531,,,,1.0,0.8,0.6,0.7,0.8,0.358,0.3213,0.4279,0.3889,0.1699,0.1474,lineup,lineup,"[{""id"": 682998, ""name"": ""Corbin Carroll"", ""bats"": ""L"", ""obp"": 0.34328358208955223, ""slg"": 0.47901234567901235, ""iso"": 0.23209876543209879, ""ab"": 405}, {""id"": 672695, ""name"": ""Geraldo Perdomo"", ""bats"": ""S"", ""obp"": 0.3563714902807775, ""slg"": 0.36623376623376624, ""iso"": 0.1272727272727273, ""ab"": 385}, {""id"": 545121, ""name"": ""Ildemaro Vargas"", ""bats"": ""S"", ""obp"": 0.3179190751445087, ""slg"": 0.4055727554179567, ""iso"": 0.13312693498452016, ""ab"": 323}]","[{""id"": 665487, ""name"": ""Fernando Tatis Jr."", ""bats"": ""R"", ""obp"": 0.35390946502057613, ""slg"": 0.3990719257540603, ""iso"": 0.11600928074245936, ""ab"": 431}, {""id"": 630105, ""name"": ""Jake Cronenworth"", ""bats"": ""L"", ""obp"": 0.3063063063063063, ""slg"": 0.2857142857142857, ""iso"": 0.07142857142857142, ""ab"": 196}, {""id"": 592518, ""name"": ""Manny Machado"", ""bats"": ""R"", ""obp"": 0.2943722943722944, ""slg"": 0.4282178217821782, ""iso"": 0.21782178217821782, ""ab"": 404}]","[{""name"": ""away_top3c_slg"", ""value"": 0.3889, ""contribution"": 0.26}, {""name"": ""fi_park_nrfi_rate"", ""value"": 0.4239, ""contribution"": 0.2555}, {""name"": ""away_top3c_iso"", ""value"": 0.1474, ""contribution"": -0.2188}, {""name"": ""home_xera"", ""value"": 5.9388, ""contribution"": 0.1868}, {""name"": ""era_gap_t1"", ""value"": 0.9828, ""contribution"": 0.107}]","[{""name"": ""fi_park_nrfi_rate"", ""value"": 0.4239, ""contribution"": 0.3927}, {""name"": ""home_top3c_slg"", ""value"": 0.4279, ""contribution"": 0.0775}, {""name"": ""wx_is_dome"", ""value"": 1.0, ""contribution"": -0.0758}, {""name"": ""era_gap_b1"", ""value"": -0.9828, ""contribution"": -0.0673}, {""name"": ""home_top3c_obp"", ""value"": 0.358, ""contribution"": 0.0622}]",594151,0.4534,5.939,3.885,50.0,56.0,0.6909,0.7272,5.73,5.8,0.6937,0.7743,R,R,NRFI,LOSS,0,0,0,2026-08-04T02:00:30+00:00,-115,-115,DraftKings,2026-08-04T01:58:17+00:00,0.5349,0.5349,-0.1085,0.0387,0.0387,N,0.5,0,-110,-120,2026-08-04T00:36:35+00:00,-0.0106,0.4144,YRFI,STRONG,,,,,,,
2026-08-03,2026,823757,1,N,PIT,MIL,7:40 PM ET,Bubba Chandler,Brandon Sproat,696149,687075,live,live,live,live,1.03,0.6552,0.6096,1.2647,0.2666,0.2254,0.492,0.6196,0.3804,0.3606,0.6394,0.611399,0.388601,NRFI,LEAN,LEAN NRFI,4,2026-08-03T22:34:01Z,4.441,4.815,1.345,1.348,4.165,4.697,4.24,4.03,0.91,1.46,8.25,9.12,0.333,0.335,0.415,0.4,5.043,4.94,,,,1.0,0.4,0.8,0.6,0.7,0.3423,0.3535,0.4389,0.4457,0.176,0.1731,lineup,lineup,"[{""id"": 668930, ""name"": ""Brice Turang"", ""bats"": ""L"", ""obp"": 0.36363636363636365, ""slg"": 0.4634146341463415, ""iso"": 0.1926829268292683, ""ab"": 410}, {""id"": 694192, ""name"": ""Jackson Chourio"", ""bats"": ""R"", ""obp"": 0.3314285714285714, ""slg"": 0.45962732919254656, ""iso"": 0.18322981366459623, ""ab"": 322}, {""id"": 592885, ""name"": ""Christian Yelich"", ""bats"": ""L"", ""obp"": 0.32326283987915405, ""slg"": 0.38144329896907214, ""iso"": 0.14432989690721648, ""ab"": 291}]","[{""id"": 663968, ""name"": ""Jake Mangum"", ""bats"": ""S"", ""obp"": 0.35555555555555557, ""slg"": 0.3793103448275862, ""iso"": 0.07586206896551723, ""ab"": 290}, {""id"": 664040, ""name"": ""Brandon Lowe"", ""bats"": ""L"", ""obp"": 0.32181425485961124, ""slg"": 0.4878640776699029, ""iso"": 0.23300970873786409, ""ab"": 412}, {""id"": 668804, ""name"": ""Bryan Reynolds"", ""bats"": ""S"", ""obp"": 0.3821138211382114, ""slg"": 0.45036319612590797, ""iso"": 0.18159806295399517, ""ab"": 413}]","[{""name"": ""fi_park_nrfi_rate"", ""value"": 0.5899, ""contribution"": -0.3182}, {""name"": ""home_fip"", ""value"": 4.697, ""contribution"": 0.0806}, {""name"": ""away_top3_ops_vs_oppHand"", ""value"": 0.8213, ""contribution"": 0.0551}, {""name"": ""home_p_last10_pitcher_nrfi"", ""value"": 0.6, ""contribution"": -0.0455}, {""name"": ""era_gap_t1"", ""value"": 0.3743, ""contribution"": 0.0411}]","[{""name"": ""fi_park_nrfi_rate"", ""value"": 0.5899, ""contribution"": -0.4892}, {""name"": ""home_obp"", ""value"": 0.3345, ""contribution"": 0.1449}, {""name"": ""away_whiff_pct_rank"", ""value"": 76.0, ""contribution"": -0.1127}, {""name"": ""wx_is_dome"", ""value"": 1.0, ""contribution"": -0.0758}, {""name"": ""home_top3_ops_vs_oppHand"", ""value"": 0.7893, ""contribution"": 0.0309}]",596805,0.4819,4.139,4.349,16.0,76.0,0.7136,0.6796,4.6,5.07,0.8213,0.7893,R,R,NRFI,WIN,0,0,0,2026-08-03T23:54:32+00:00,-125,-105,DraftKings,2026-08-03T22:51:18+00:00,0.5556,0.5122,0.064,-0.1318,0.064,N,0.5,0,-125,-105,2026-08-03T21:14:03+00:00,0,0.6530,NRFI,STRONG,,,,,,,
2026-08-03,2026,823520,1,N,STL,NYY,7:05 PM ET,Michael McGreevy,Cam Schlittler,700241,693645,live,live,live,live,1.02,0.3343,0.5101,0.8444,0.2824,0.5894,0.8718,0.4405,0.5595,0.2072,0.7928,0.418185,0.581815,YRFI,LEAN,LEAN YRFI,4,2026-08-03T22:03:56Z,3.775,2.356,1.213,0.984,4.327,2.824,2.21,2.12,1.16,0.86,5.96,10.64,0.314,0.311,0.379,0.411,4.335,4.563,24.8,12.7,74.0,0.0,0.8,0.6,0.8,0.8,0.3289,0.3455,0.5061,0.4467,0.2507,0.1744,lineup,lineup,"[{""id"": 663757, ""name"": ""Trent Grisham"", ""bats"": ""L"", ""obp"": 0.3131868131868132, ""slg"": 0.3738019169329074, ""iso"": 0.16293929712460067, ""ab"": 313}, {""id"": 700250, ""name"": ""Ben Rice"", ""bats"": ""L"", ""obp"": 0.3544857768052516, ""slg"": 0.5614035087719298, ""iso"": 0.2957393483709273, ""ab"": 399}, {""id"": 671277, ""name"": ""Luis Garc\u00eda Jr."", ""bats"": ""L"", ""obp"": 0.31283422459893045, ""slg"": 0.5602240896358543, ""iso"": 0.2773109243697479, ""ab"": 357}]","[{""id"": 802139, ""name"": ""JJ Wetherholt"", ""bats"": ""L"", ""obp"": 0.3465553235908142, ""slg"": 0.3888888888888889, ""iso"": 0.14009661835748793, ""ab"": 414}, {""id"": 691023, ""name"": ""Jordan Walker"", ""bats"": ""R"", ""obp"": 0.3425531914893617, ""slg"": 0.4918032786885246, ""iso"": 0.20843091334894615, ""ab"": 427}, {""id"": 676475, ""name"": ""Alec Burleson"", ""bats"": ""L"", ""obp"": 0.3474576271186441, ""slg"": 0.45774647887323944, ""iso"": 0.17370892018779344, ""ab"": 426}]","[{""name"": ""fi_park_nrfi_rate"", ""value"": 0.4526, ""contribution"": 0.1563}, {""name"": ""era_gap_t1"", ""value"": -1.4183, ""contribution"": -0.1529}, {""name"": ""home_fip"", ""value"": 2.8236, ""contribution"": -0.1297}, {""name"": ""away_top3_ops_vs_oppHand"", ""value"": 0.8333, ""contribution"": 0.0674}, {""name"": ""home_xera"", ""value"": 3.5683, ""contribution"": -0.0561}]","[{""name"": ""home_top3c_slg"", ""value"": 0.5061, ""contribution"": -0.408}, {""name"": ""home_top3c_iso"", ""value"": 0.2507, ""contribution"": 0.3384}, {""name"": ""fi_park_nrfi_rate"", ""value"": 0.4526, ""contribution"": 0.2403}, {""name"": ""away_whiff_pct_rank"", ""value"": 3.0, ""contribution"": 0.2024}, {""name"": ""home_top3_ops_vs_oppHand"", ""value"": 0.8633, ""contribution"": 0.1195}]",427164,0.5083,3.568,4.913,56.0,3.0,0.7136,0.7136,6.53,5.33,0.8333,0.8633,R,R,YRFI,WIN,2,0,2,2026-08-03T23:34:53+00:00,-125,-105,DraftKings,2026-08-03T22:51:18+00:00,0.5556,0.5122,-0.1151,0.0473,0.0473,N,0.5,0,-125,-105,2026-08-03T21:14:03+00:00,0,0.4155,YRFI,STRONG,,,,,,,
2026-08-03,2026,824160,1,N,TOR,HOU,8:10 PM ET,Shane Bieber,Cristian Javier,669456,664299,ltd,ltd,live,live,0.99,0.5334,0.6846,1.218,0.3376,0.4621,0.7997,0.4778,0.5222,0.3439,0.6561,0.449465,0.550535,PASS,NO EDGE,PASS - No edge,4,2026-08-04T00:04:26Z,4.744,5.297,1.377,1.459,5.242,4.43,3.67,4.27,1.68,1.14,7.62,8.72,0.305,0.32,0.381,0.417,3.988,4.652,,,,1.0,0.6,0.6,0.6,0.6,0.3928,0.3256,0.5358,0.3971,0.2359,0.144,lineup,lineup,"[{""id"": 665161, ""name"": ""Jeremy Pe\u00f1a"", ""bats"": ""R"", ""obp"": 0.375, ""slg"": 0.5294117647058824, ""iso"": 0.20784313725490194, ""ab"": 255}, {""id"": 670541, ""name"": ""Yordan Alvarez"", ""bats"": ""L"", ""obp"": 0.44171779141104295, ""slg"": 0.6501240694789082, ""iso"": 0.3200992555831266, ""ab"": 403}, {""id"": 670623, ""name"": ""Isaac Paredes"", ""bats"": ""R"", ""obp"": 0.3509933774834437, ""slg"": 0.42159383033419023, ""iso"": 0.16709511568123392, ""ab"": 389}]","[{""id"": 664770, ""name"": ""Nathan Lukes"", ""bats"": ""L"", ""obp"": 0.33458646616541354, ""slg"": 0.38271604938271603, ""iso"": 0.10699588477366251, ""ab"": 243}, {""id"": 665489, ""name"": ""Vladimir Guerrero Jr."", ""bats"": ""R"", ""obp"": 0.34151785714285715, ""slg"": 0.3553299492385787, ""iso"": 0.09137055837563451, ""ab"": 394}, {""id"": 672960, ""name"": ""Kazuma Okamoto"", ""bats"": ""R"", ""obp"": 0.30405405405405406, ""slg"": 0.4472361809045226, ""iso"": 0.2185929648241206, ""ab"": 398}]","[{""name"": ""away_top3c_iso"", ""value"": 0.144, ""contribution"": -0.2432}, {""name"": ""away_top3c_slg"", ""value"": 0.3971, ""contribution"": 0.2187}, {""name"": ""era_gap_t1"", ""value"": 0.5529, ""contribution"": 0.0605}, {""name"": ""home_avg_ip_per_start"", ""value"": 3.4, ""contribution"": 0.0573}, {""name"": ""fi_park_nrfi_rate"", ""value"": 0.482, ""contribution"": 0.0547}]","[{""name"": ""home_top3c_slg"", ""value"": 0.5358, ""contribution"": -0.5928}, {""name"": ""home_top3c_iso"", ""value"": 0.2359, ""contribution"": 0.2686}, {""name"": ""home_top3_ops_vs_oppHand"", ""value"": 0.9723, ""contribution"": 0.25}, {""name"": ""home_top3c_obp"", ""value"": 0.3928, ""contribution"": 0.1842}, {""name"": ""away_fip"", ""value"": 5.2417, ""contribution"": 0.134}]",621660,0.499,3.582,4.2,27.0,50.0,0.7075,0.7136,3.4,4.47,0.742,0.9723,R,R,NRFI,PASS,0,0,0,2026-08-04T00:27:08+00:00,+100,-130,DraftKings,2026-08-03T22:51:18+00:00,0.5,0.5652,-0.0222,-0.043,,N,,,+100,-130,2026-08-03T22:51:18+00:00,,0.6370,NRFI,STRONG,,,,,,,
2026-08-03,2026,822867,1,N,SF,TEX,8:05 PM ET,Logan Webb,Cal Quantrill,657277,615698,live,live,live,live,1.07,0.5757,0.4251,1.0008,0.3225,0.2688,0.5914,0.5386,0.4614,0.2646,0.7354,0.553569,0.446431,NRFI,LEAN,LEAN NRFI,4,2026-08-03T23:03:38Z,3.751,4.721,1.15,1.327,3.207,4.804,2.2,2.75,0.66,1.42,7.71,6.25,0.311,0.318,0.414,0.403,4.232,4.193,,,,1.0,0.8,0.4,0.7,0.7,0.3208,0.3081,0.4707,0.425,0.2292,0.1637,lineup,lineup,"[{""id"": 592626, ""name"": ""Joc Pederson"", ""bats"": ""L"", ""obp"": 0.34124629080118696, ""slg"": 0.5085324232081911, ""iso"": 0.2559726962457338, ""ab"": 293}, {""id"": 694671, ""name"": ""Wyatt Langford"", ""bats"": ""R"", ""obp"": 0.3166023166023166, ""slg"": 0.5020576131687243, ""iso"": 0.2304526748971194, ""ab"": 243}, {""id"": 608369, ""name"": ""Corey Seager"", ""bats"": ""L"", ""obp"": 0.2956521739130435, ""slg"": 0.3756345177664975, ""iso"": 0.18781725888324874, ""ab"": 197}]","[{""id"": 801501, ""name"": ""Nate Furman"", ""bats"": ""L"", ""obp"": null, ""slg"": null, ""iso"": null, ""ab"": null}, {""id"": 808982, ""name"": ""Jung Hoo Lee"", ""bats"": ""L"", ""obp"": 0.3381995133819951, ""slg"": 0.43376623376623374, ""iso"": 0.13246753246753246, ""ab"": 385}, {""id"": 642715, ""name"": ""Willy Adames"", ""bats"": ""R"", ""obp"": 0.2806236080178174, ""slg"": 0.41686746987951806, ""iso"": 0.19277108433734938, ""ab"": 415}]","[{""name"": ""fi_park_nrfi_rate"", ""value"": 0.5398, ""contribution"": -0.1451}, {""name"": ""era_gap_t1"", ""value"": 0.9694, ""contribution"": 0.1056}, {""name"": ""away_top3c_iso"", ""value"": 0.1637, ""contribution"": -0.1038}, {""name"": ""home_fip"", ""value"": 4.8038, ""contribution"": 0.0926}, {""name"": ""away_top3c_slg"", ""value"": 0.425, ""contribution"": 0.0773}]","[{""name"": ""home_top3c_iso"", ""value"": 0.2292, ""contribution"": 0.2369}, {""name"": ""fi_park_nrfi_rate"", ""value"": 0.5398, ""contribution"": -0.2231}, {""name"": ""home_top3c_slg"", ""value"": 0.4707, ""contribution"": -0.1881}, {""name"": ""away_fip"", ""value"": 3.2065, ""contribution"": -0.0835}, {""name"": ""wx_is_dome"", ""value"": 1.0, ""contribution"": -0.0758}]",427248,0.5131,4.2,3.482,50.0,48.0,0.7412,0.7396,4.87,5.73,0.7443,0.816,R,R,NRFI,WIN,0,0,0,2026-08-04T00:25:05+00:00,-125,-105,DraftKings,2026-08-03T22:51:18+00:00,0.5556,0.5122,-0.017,-0.0508,-0.017,N,0.5,0,-125,-105,2026-08-03T22:51:18+00:00,0,0.6373,NRFI,STRONG,,,,,,,
2026-08-03,2026,823431,1,N,WSH,PHI,6:40 PM ET,Andrew Alvarez,Aaron Nola,674841,605400,ltd,live,live,live,1.04,0.6555,0.5028,1.1583,0.4964,0.3346,0.831,0.4611,0.5389,0.3223,0.6777,0.435623,0.564377,PASS,NO EDGE,PASS - No edge,4,2026-08-03T22:34:01Z,3.958,5.611,1.395,1.419,3.491,4.999,3.87,2.99,0.62,1.94,8.9,9.16,0.327,0.305,0.437,0.402,5.27,4.39,28.2,5.6,69.0,0.0,0.6,1.0,0.6,0.9,0.3406,0.3695,0.4753,0.4937,0.2247,0.2349,lineup,lineup,"[{""id"": 607208, ""name"": ""Trea Turner"", ""bats"": ""R"", ""obp"": 0.2987551867219917, ""slg"": 0.40401785714285715, ""iso"": 0.15401785714285715, ""ab"": 448}, {""id"": 702222, ""name"": ""Justin Crawford"", ""bats"": ""L"", ""obp"": 0.3076923076923077, ""slg"": 0.3432343234323432, ""iso"": 0.08250825082508251, ""ab"": 303}, {""id"": 547180, ""name"": ""Bryce Harper"", ""bats"": ""L"", ""obp"": 0.3601694915254237, ""slg"": 0.49747474747474746, ""iso"": 0.24242424242424243, ""ab"": 396}]","[{""id"": 686611, ""name"": ""Dylan Crews"", ""bats"": ""R"", ""obp"": 0.3055555555555556, ""slg"": 0.38495575221238937, ""iso"": 0.1592920353982301, ""ab"": 226}, {""id"": 665953, ""name"": ""Andr\u00e9s Chaparro"", ""bats"": ""R"", ""obp"": 0.3469387755102041, ""slg"": 0.5, ""iso"": 0.2804878048780488, ""ab"": 82}, {""id"": 677588, ""name"": ""Jos\u00e9 Tena"", ""bats"": ""L"", ""obp"": 0.3101851851851852, ""slg"": 0.39593908629441626, ""iso"": 0.15228426395939088, ""ab"": 197}]","[{""name"": ""away_top3c_iso"", ""value"": 0.2349, ""contribution"": 0.3975}, {""name"": ""away_top3c_slg"", ""value"": 0.4937, ""contribution"": -0.2704}, {""name"": ""era_gap_t1"", ""value"": 1.6528, ""contribution"": 0.1796}, {""name"": ""home_fip"", ""value"": 4.9991, ""contribution"": 0.1146}, {""name"": ""fi_park_nrfi_rate"", ""value"": 0.473, ""contribution"": 0.0859}]","[{""name"": ""home_top3c_slg"", ""value"": 0.4753, ""contribution"": -0.2171}, {""name"": ""home_top3c_iso"", ""value"": 0.2247, ""contribution"": 0.2159}, {""name"": ""fi_park_nrfi_rate"", ""value"": 0.473, ""contribution"": 0.1321}, {""name"": ""era_gap_b1"", ""value"": -1.6528, ""contribution"": -0.1128}, {""name"": ""wx_wind_kmh"", ""value"": 5.6, ""contribution"": -0.0621}]",484499,0.5451,4.083,4.2,59.0,50.0,0.7897,0.7136,5.8,4.47,0.7933,0.7453,L,R,YRFI,PASS,1,0,1,2026-08-03T22:55:23+00:00,+105,-135,DraftKings,2026-08-03T21:14:03+00:00,0.4878,0.5745,0.0061,-0.0684,,N,,,+105,-135,2026-08-03T21:14:03+00:00,,0.4589,PASS,NO EDGE,,,,,,,
2026-08-03,2026,824647,1,N,LAD,CHC,8:05 PM ET,Justin Wrobleski,Matthew Boyd,680736,571510,live,live,live,live,1.0,0.4461,0.4662,0.9124,0.2837,0.4413,0.725,0.493,0.507,0.232,0.768,0.484319,0.515681,PASS,NO EDGE,PASS - No edge,4,2026-08-04T00:04:26Z,3.241,3.335,1.079,1.158,3.586,3.508,1.92,2.41,0.97,0.87,7.67,8.01,0.337,0.335,0.428,0.411,5.035,5.02,23.5,10.9,79.0,0.0,1.0,0.6,0.8,0.7,0.3623,0.3684,0.4623,0.4915,0.1955,0.2083,lineup,lineup,"[{""id"": 691718, ""name"": ""Pete Crow-Armstrong"", ""bats"": ""L"", ""obp"": 0.38289205702647655, ""slg"": 0.5382775119617225, ""iso"": 0.25598086124401914, ""ab"": 418}, {""id"": 673548, ""name"": ""Seiya Suzuki"", ""bats"": ""R"", ""obp"": 0.363855421686747, ""slg"": 0.4763231197771588, ""iso"": 0.20334261838440115, ""ab"": 359}, {""id"": 608324, ""name"": ""Alex Bregman"", ""bats"": ""R"", ""obp"": 0.3406813627254509, ""slg"": 0.3767441860465116, ""iso"": 0.13023255813953485, ""ab"": 430}]","[{""id"": 660271, ""name"": ""Shohei Ohtani"", ""bats"": ""L"", ""obp"": 0.3974358974358974, ""slg"": 0.5421994884910486, ""iso"": 0.2506393861892583, ""ab"": 391}, {""id"": 681624, ""name"": ""Andy Pages"", ""bats"": ""R"", ""obp"": 0.33611691022964507, ""slg"": 0.4592074592074592, ""iso"": 0.1888111888111888, ""ab"": 429}, {""id"": 669242, ""name"": ""Tommy Edman"", ""bats"": ""S"", ""obp"": 0.3816793893129771, ""slg"": 0.4396551724137931, ""iso"": 0.13793103448275862, ""ab"": 116}]","[{""name"": ""away_top3c_slg"", ""value"": 0.4915, ""contribution"": -0.2592}, {""name"": ""away_top3c_iso"", ""value"": 0.2083, ""contribution"": 0.2102}, {""name"": ""fi_park_nrfi_rate"", ""value"": 0.5429, ""contribution"": -0.1558}, {""name"": ""away_top3_ops_vs_oppHand"", ""value"": 0.8493, ""contribution"": 0.0837}, {""name"": ""home_xera"", ""value"": 3.564, ""contribution"": -0.0565}]","[{""name"": ""fi_park_nrfi_rate"", ""value"": 0.5429, ""contribution"": -0.2395}, {""name"": ""home_obp"", ""value"": 0.3354, ""contribution"": 0.1513}, {""name"": ""away_whiff_pct_rank"", ""value"": 17.0, ""contribution"": 0.1419}, {""name"": ""home_top3c_slg"", ""value"": 0.4623, ""contribution"": -0.1361}, {""name"": ""home_top3_ops_vs_oppHand"", ""value"": 0.87, ""contribution"": 0.1275}]",503490,0.5467,3.564,3.401,41.0,17.0,0.751,0.7136,6.47,6.67,0.8493,0.87,L,L,YRFI,PASS,3,2,5,2026-08-04T00:22:14+00:00,-125,-105,DraftKings,2026-08-03T22:51:18+00:00,0.5556,0.5122,-0.0547,-0.0131,,N,,,-125,-105,2026-08-03T22:51:18+00:00,,0.4877,PASS,NO EDGE,,,,,,,
2026-08-04,2026,825054,1,N,SD,ARI,9:40 PM ET,Randy Vásquez,Eduardo Rodriguez,681190,593958,live,live,live,live,1.0,0.5058,0.6014,1.1072,0.3609,0.7103,1.0712,0.3127,0.6873,0.3036,0.6964,0.342588,0.657412,YRFI,STRONG,STRONG YRFI,4,2026-08-05T00:36:09Z,4.269,3.077,1.426,1.288,4.759,4.316,3.04,3.2,1.25,1.03,5.83,6.62,0.312,0.314,0.386,0.394,4.223,4.535,,,,1.0,0.8,0.4,0.7,0.5,0.3443,0.3224,0.4168,0.3874,0.1755,0.1437,lineup,lineup,"[{""id"": 682998, ""name"": ""Corbin Carroll"", ""bats"": ""L"", ""obp"": 0.339662447257384, ""slg"": 0.47317073170731705, ""iso"": 0.2292682926829268, ""ab"": 410}, {""id"": 672695, ""name"": ""Geraldo Perdomo"", ""bats"": ""S"", ""obp"": 0.35974304068522484, ""slg"": 0.36855670103092786, ""iso"": 0.12628865979381446, ""ab"": 388}, {""id"": 678489, ""name"": ""Jorge Barrosa"", ""bats"": ""S"", ""obp"": 0.2733812949640288, ""slg"": 0.34146341463414637, ""iso"": 0.1544715447154472, ""ab"": 123}]","[{""id"": 669398, ""name"": ""Gage Workman"", ""bats"": ""L"", ""obp"": 0.15789473684210525, ""slg"": 0.39473684210526316, ""iso"": 0.2368421052631579, ""ab"": 38}, {""id"": 650859, ""name"": ""Luis Rengifo"", ""bats"": ""S"", ""obp"": 0.32342007434944237, ""slg"": 0.3093220338983051, ""iso"": 0.07203389830508475, ""ab"": 236}, {""id"": 592518, ""name"": ""Manny Machado"", ""bats"": ""R"", ""obp"": 0.2918454935622318, ""slg"": 0.42401960784313725, ""iso"": 0.2156862745098039, ""ab"": 408}]","[{""name"": ""away_top3c_slg"", ""value"": 0.3874, ""contribution"": 0.2678}, {""name"": ""fi_park_nrfi_rate"", ""value"": 0.4239, ""contribution"": 0.2555}, {""name"": ""away_top3c_iso"", ""value"": 0.1437, ""contribution"": -0.2454}, {""name"": ""era_gap_t1"", ""value"": -1.1923, ""contribution"": -0.1285}, {""name"": ""away_top3_ops_vs_oppHand"", ""value"": 0.7027, ""contribution"": -0.0658}]","[{""name"": ""fi_park_nrfi_rate"", ""value"": 0.4239, ""contribution"": 0.3927}, {""name"": ""away_whiff_pct_rank"", ""value"": 7.0, ""contribution"": 0.1851}, {""name"": ""home_top3c_slg"", ""value"": 0.4168, ""contribution"": 0.1468}, {""name"": ""away_fip"", ""value"": 4.7594, ""contribution"": 0.0824}, {""name"": ""era_gap_b1"", ""value"": 1.1923, ""contribution"": 0.0807}]",607884,0.5403,4.546,5.245,32.0,7.0,0.7075,0.7396,5.73,3.6,0.7027,0.7033,R,L,YRFI,WIN,3,0,3,2026-08-05T02:03:50+00:00,-105,-120,DraftKings,2026-08-04T22:06:01+00:00,0.5122,0.5455,-0.225,0.1673,0.1673,Y,9,7.5,-105,-120,2026-08-04T22:06:01+00:00,0,0.4020,YRFI,STRONG,,,,,,,
2026-08-04,2026,823756,1,N,PIT,MIL,7:40 PM ET,Jared Jones,Logan Henderson,683003,701656,ltd,ltd,live,live,1.03,0.4501,0.5111,0.9612,0.2145,0.2637,0.4782,0.6377,0.3623,0.25,0.75,0.61988,0.38012,NRFI,LEAN,LEAN NRFI,4,2026-08-04T22:35:45Z,3.967,3.141,1.124,1.05,3.856,3.382,2.74,2.35,1.21,1.1,9.48,10.26,0.333,0.335,0.413,0.398,5.035,4.925,,,,1.0,1.0,1.0,0.9,0.9,0.352,0.3525,0.4485,0.4434,0.1804,0.1708,lineup,lineup,"[{""id"": 668930, ""name"": ""Brice Turang"", ""bats"": ""L"", ""obp"": 0.36268343815513626, ""slg"": 0.4600484261501211, ""iso"": 0.19128329297820829, ""ab"": 413}, {""id"": 694192, ""name"": ""Jackson Chourio"", ""bats"": ""R"", ""obp"": 0.3323943661971831, ""slg"": 0.4553846153846154, ""iso"": 0.18153846153846154, ""ab"": 325}, {""id"": 669003, ""name"": ""Garrett Mitchell"", ""bats"": ""L"", ""obp"": 0.3567567567567568, ""slg"": 0.42679127725856697, ""iso"": 0.1651090342679128, ""ab"": 321}]","[{""id"": 663968, ""name"": ""Jake Mangum"", ""bats"": ""S"", ""obp"": 0.353125, ""slg"": 0.376271186440678, ""iso"": 0.07457627118644067, ""ab"": 295}, {""id"": 664040, ""name"": ""Brandon Lowe"", ""bats"": ""L"", ""obp"": 0.32051282051282054, ""slg"": 0.4844124700239808, ""iso"": 0.2302158273381295, ""ab"": 417}, {""id"": 668804, ""name"": ""Bryan Reynolds"", ""bats"": ""S"", ""obp"": 0.3822937625754527, ""slg"": 0.44976076555023925, ""iso"": 0.17942583732057416, ""ab"": 418}]","[{""name"": ""fi_park_nrfi_rate"", ""value"": 0.5899, ""contribution"": -0.3182}, {""name"": ""era_gap_t1"", ""value"": -0.8255, ""contribution"": -0.0888}, {""name"": ""home_p_last10_pitcher_nrfi"", ""value"": 0.9, ""contribution"": 0.0716}, {""name"": ""home_fip"", ""value"": 3.3816, ""contribution"": -0.067}, {""name"": ""home_xera"", ""value"": 3.4903, ""contribution"": -0.064}]","[{""name"": ""fi_park_nrfi_rate"", ""value"": 0.5899, ""contribution"": -0.4892}, {""name"": ""home_obp"", ""value"": 0.3345, ""contribution"": 0.1451}, {""name"": ""wx_is_dome"", ""value"": 1.0, ""contribution"": -0.0758}, {""name"": ""home_top3_ops_vs_oppHand"", ""value"": 0.8267, ""contribution"": 0.0756}, {""name"": ""away_p_last10_pitcher_nrfi"", ""value"": 0.9, ""contribution"": -0.0601}]",428442,0.5176,3.49,4.2,59.0,50.0,0.7272,0.7272,5.2,5.4,0.8177,0.8267,R,R,NRFI,WIN,0,0,0,2026-08-04T23:53:39+00:00,-135,+105,DraftKings,2026-08-04T22:06:01+00:00,0.5745,0.4878,0.0632,-0.1255,0.0632,N,0.5,0,-135,+105,2026-08-04T22:06:01+00:00,0,0.6446,NRFI,STRONG,,,,,,,
2026-08-04,2026,824321,1,N,TB,COL,8:40 PM ET,Freddy Peralta,Gabriel Hughes,642547,687312,live,sm,live,live,1.22,0.5429,0.7224,1.2653,0.3464,0.5156,0.8621,0.445,0.555,0.3608,0.6392,0.422283,0.577717,YRFI,LEAN,LEAN YRFI,4,2026-08-04T23:36:12Z,4.392,3.854,1.376,1.234,4.231,3.489,3.7,2.81,1.28,0.76,9.36,8.41,0.327,0.323,0.403,0.42,4.445,4.801,24.4,7.7,32.0,0.0,0.5,0.6,0.5,0.5,0.3374,0.3733,0.5239,0.484,0.2354,0.1947,lineup,lineup,"[{""id"": 664983, ""name"": ""Jake McCarthy"", ""bats"": ""L"", ""obp"": 0.3279569892473118, ""slg"": 0.4913294797687861, ""iso"": 0.20231213872832365, ""ab"": 346}, {""id"": 694249, ""name"": ""Cole Carrigg"", ""bats"": ""S"", ""obp"": 0.38953488372093026, ""slg"": 0.5273972602739726, ""iso"": 0.2191780821917808, ""ab"": 146}, {""id"": 671289, ""name"": ""Tyler Freeman"", ""bats"": ""R"", ""obp"": 0.3212996389891697, ""slg"": 0.3187250996015936, ""iso"": 0.06772908366533864, ""ab"": 251}]","[{""id"": 650490, ""name"": ""Yandy D\u00edaz"", ""bats"": ""R"", ""obp"": 0.37130801687763715, ""slg"": 0.45584725536992843, ""iso"": 0.15751789976133657, ""ab"": 419}, {""id"": 666018, ""name"": ""Jonathan Aranda"", ""bats"": ""L"", ""obp"": 0.3755274261603376, ""slg"": 0.43703703703703706, ""iso"": 0.1506172839506173, ""ab"": 405}, {""id"": 691406, ""name"": ""Junior Caminero"", ""bats"": ""R"", ""obp"": 0.3729508196721312, ""slg"": 0.5566037735849056, ""iso"": 0.27358490566037735, ""ab"": 424}]","[{""name"": ""fi_park_nrfi_rate"", ""value"": 0.4241, ""contribution"": 0.2547}, {""name"": ""away_top3c_slg"", ""value"": 0.484, ""contribution"": -0.2214}, {""name"": ""away_top3c_iso"", ""value"": 0.1947, ""contribution"": 0.1142}, {""name"": ""away_top3_ops_vs_oppHand"", ""value"": 0.872, ""contribution"": 0.1068}, {""name"": ""home_p_last10_pitcher_nrfi"", ""value"": 0.5, ""contribution"": -0.0846}]","[{""name"": ""home_top3c_slg"", ""value"": 0.5239, ""contribution"": -0.519}, {""name"": ""fi_park_nrfi_rate"", ""value"": 0.4241, ""contribution"": 0.3916}, {""name"": ""home_top3c_iso"", ""value"": 0.2354, ""contribution"": 0.2661}, {""name"": ""away_whiff_pct_rank"", ""value"": 90.0, ""contribution"": -0.1731}, {""name"": ""home_top3_ops_vs_oppHand"", ""value"": 0.9047, ""contribution"": 0.169}]",484198,0.5395,4.2,3.353,50.0,90.0,0.7136,0.751,5.33,4.47,0.872,0.9047,R,R,YRFI,WIN,0,1,1,2026-08-05T00:50:48+00:00,+115,-150,DraftKings,2026-08-04T22:06:01+00:00,0.4651,0.6,-0.025,-0.0401,-0.0401,N,0.5,0,+115,-150,2026-08-04T22:06:01+00:00,0,0.4393,YRFI,STRONG,,,,,,,
2026-08-04,2026,823432,1,N,WSH,PHI,6:40 PM ET,Carson Palmquist,Jesús Luzardo,687223,666200,ltd,live,live,live,1.04,0.4297,0.6454,1.0751,0.3377,0.5252,0.8629,0.4446,0.5554,0.2918,0.7082,0.421935,0.578065,YRFI,LEAN,LEAN YRFI,4,2026-08-04T22:05:09Z,6.029,3.653,1.524,1.197,4.681,2.953,3.96,2.86,1.32,0.83,8.33,10.92,0.326,0.306,0.437,0.402,5.252,4.402,28.8,9.1,45.0,0.0,1.0,0.6,1.0,0.5,0.3398,0.3038,0.4747,0.4073,0.2253,0.1815,lineup,lineup,"[{""id"": 656941, ""name"": ""Kyle Schwarber"", ""bats"": ""L"", ""obp"": 0.3649789029535865, ""slg"": 0.5316455696202531, ""iso"": 0.2860759493670886, ""ab"": 395}, {""id"": 607208, ""name"": ""Trea Turner"", ""bats"": ""R"", ""obp"": 0.2962962962962963, ""slg"": 0.4004424778761062, ""iso"": 0.15265486725663718, ""ab"": 452}, {""id"": 656537, ""name"": ""Derek Hill"", ""bats"": ""R"", ""obp"": 0.2981366459627329, ""slg"": 0.4429530201342282, ""iso"": 0.20134228187919465, ""ab"": 149}]","[{""id"": 686611, ""name"": ""Dylan Crews"", ""bats"": ""R"", ""obp"": 0.3055555555555556, ""slg"": 0.38495575221238937, ""iso"": 0.1592920353982301, ""ab"": 226}, {""id"": 665953, ""name"": ""Andr\u00e9s Chaparro"", ""bats"": ""R"", ""obp"": 0.3434343434343434, ""slg"": 0.4939759036144578, ""iso"": 0.27710843373493976, ""ab"": 83}, {""id"": 694673, ""name"": ""Abimelec Ortiz"", ""bats"": ""L"", ""obp"": 0.4, ""slg"": 1.2, ""iso"": 0.7999999999999999, ""ab"": 5}]","[{""name"": ""era_gap_t1"", ""value"": -2.376, ""contribution"": -0.2566}, {""name"": ""away_top3c_slg"", ""value"": 0.4073, ""contribution"": 0.1672}, {""name"": ""away_top3_ops_vs_oppHand"", ""value"": 0.9047, ""contribution"": 0.1401}, {""name"": ""home_fip"", ""value"": 2.9531, ""contribution"": -0.1151}, {""name"": ""home_p_last10_pitcher_nrfi"", ""value"": 1.0, ""contribution"": 0.1107}]","[{""name"": ""home_top3c_iso"", ""value"": 0.2253, ""contribution"": 0.2187}, {""name"": ""home_top3c_slg"", ""value"": 0.4747, ""contribution"": -0.2134}, {""name"": ""era_gap_b1"", ""value"": 2.376, ""contribution"": 0.1613}, {""name"": ""fi_park_nrfi_rate"", ""value"": 0.473, ""contribution"": 0.1321}, {""name"": ""away_fip"", ""value"": 4.6809, ""contribution"": 0.074}]",665297,0.4839,3.2,4.2,90.0,50.0,0.7396,0.6796,6.27,2.07,0.9047,0.733,L,L,YRFI,WIN,0,1,1,2026-08-04T22:57:39+00:00,-105,-120,DraftKings,2026-08-04T22:06:01+00:00,0.5122,0.5455,-0.0676,0.0099,0.0099,N,0.5,0,-105,-120,2026-08-04T21:55:19+00:00,0,0.4522,PASS,NO EDGE,,,,,,,
2026-08-04,2026,823517,1,N,STL,NYY,7:05 PM ET,Hunter Dobbins,Ryan Weathers,690928,677960,ltd,live,live,live,1.02,0.4987,0.5184,1.0172,0.3682,0.533,0.9012,0.433,0.567,0.2706,0.7294,0.40609,0.59391,YRFI,LEAN,LEAN YRFI,4,2026-08-04T21:35:31Z,3.964,4.022,1.302,1.247,3.947,3.948,2.84,2.66,1.06,1.34,8.13,9.57,0.315,0.311,0.383,0.413,4.402,4.582,26.0,9.2,55.0,0.0,0.6,0.6,0.6,0.5,0.3286,0.35,0.5102,0.4186,0.2542,0.1603,lineup,lineup,"[{""id"": 663757, ""name"": ""Trent Grisham"", ""bats"": ""L"", ""obp"": 0.3143631436314363, ""slg"": 0.3867924528301887, ""iso"": 0.1729559748427673, ""ab"": 318}, {""id"": 700250, ""name"": ""Ben Rice"", ""bats"": ""L"", ""obp"": 0.351409978308026, ""slg"": 0.5558312655086849, ""iso"": 0.2928039702233251, ""ab"": 403}, {""id"": 671277, ""name"": ""Luis Garc\u00eda Jr."", ""bats"": ""L"", ""obp"": 0.3148148148148148, ""slg"": 0.5678670360110804, ""iso"": 0.28254847645429365, ""ab"": 361}]","[{""id"": 802139, ""name"": ""JJ Wetherholt"", ""bats"": ""L"", ""obp"": 0.34917355371900827, ""slg"": 0.38848920863309355, ""iso"": 0.1390887290167866, ""ab"": 417}, {""id"": 671056, ""name"": ""Iv\u00e1n Herrera"", ""bats"": ""R"", ""obp"": 0.357429718875502, ""slg"": 0.37410071942446044, ""iso"": 0.1342925659472422, ""ab"": 417}, {""id"": 676475, ""name"": ""Alec Burleson"", ""bats"": ""L"", ""obp"": 0.350104821802935, ""slg"": 0.4802784222737819, ""iso"": 0.19257540603248263, ""ab"": 431}]","[{""name"": ""fi_park_nrfi_rate"", ""value"": 0.4526, ""contribution"": 0.1563}, {""name"": ""away_top3c_iso"", ""value"": 0.1603, ""contribution"": -0.1278}, {""name"": ""away_top3c_slg"", ""value"": 0.4186, ""contribution"": 0.1096}, {""name"": ""home_p_last10_pitcher_nrfi"", ""value"": 0.6, ""contribution"": -0.0455}, {""name"": ""away_top3_ops_vs_oppHand"", ""value"": 0.8087, ""contribution"": 0.0422}]","[{""name"": ""home_top3c_slg"", ""value"": 0.5102, ""contribution"": -0.4334}, {""name"": ""home_top3c_iso"", ""value"": 0.2542, ""contribution"": 0.3547}, {""name"": ""fi_park_nrfi_rate"", ""value"": 0.4526, ""contribution"": 0.2403}, {""name"": ""away_whiff_pct_rank"", ""value"": 19.0, ""contribution"": 0.1333}, {""name"": ""home_top3_ops_vs_oppHand"", ""value"": 0.8647, ""contribution"": 0.1211}]",605673,0.4897,4.324,3.833,88.0,19.0,0.7272,0.6942,5.33,4.27,0.8087,0.8647,R,L,NRFI,LOSS,0,0,0,2026-08-04T23:20:31+00:00,-115,-115,DraftKings,2026-08-04T22:06:01+00:00,0.5349,0.5349,-0.1046,0.0348,0.0348,N,0.5,0,-115,-115,2026-08-04T22:00:41+00:00,0,0.4569,PASS,NO EDGE,,,,,,,
2026-08-04,2026,822865,1,N,SF,TEX,8:05 PM ET,Blade Tidwell,MacKenzie Gore,694918,669022,sm,live,live,live,1.07,0.5231,0.5179,1.041,0.2737,0.2315,0.5052,0.6025,0.3975,0.2793,0.7207,0.603394,0.396606,NRFI,LEAN,LEAN NRFI,4,2026-08-04T22:54:27Z,3.9,4.622,1.218,1.282,3.992,3.776,2.77,3.33,1.1,1.17,8.46,10.13,0.311,0.317,0.413,0.402,4.238,4.168,,,,1.0,0.6,1.0,0.7,1.0,0.321,0.31,0.467,0.439,0.2261,0.1756,lineup,lineup,"[{""id"": 669394, ""name"": ""Jake Burger"", ""bats"": ""R"", ""obp"": 0.29357798165137616, ""slg"": 0.4175, ""iso"": 0.1825, ""ab"": 400}, {""id"": 694671, ""name"": ""Wyatt Langford"", ""bats"": ""R"", ""obp"": 0.3155893536121673, ""slg"": 0.4959349593495935, ""iso"": 0.2276422764227642, ""ab"": 246}, {""id"": 608369, ""name"": ""Corey Seager"", ""bats"": ""L"", ""obp"": 0.29914529914529914, ""slg"": 0.375, ""iso"": 0.185, ""ab"": 200}]","[{""id"": 678545, ""name"": ""Osleivis Basabe"", ""bats"": ""R"", ""obp"": 0.35714285714285715, ""slg"": 0.9166666666666666, ""iso"": 0.5833333333333333, ""ab"": 12}, {""id"": 808982, ""name"": ""Jung Hoo Lee"", ""bats"": ""L"", ""obp"": 0.34134615384615385, ""slg"": 0.4524421593830334, ""iso"": 0.1465295629820051, ""ab"": 389}, {""id"": 642715, ""name"": ""Willy Adames"", ""bats"": ""R"", ""obp"": 0.27973568281938327, ""slg"": 0.4128878281622912, ""iso"": 0.19093078758949883, ""ab"": 419}]","[{""name"": ""fi_park_nrfi_rate"", ""value"": 0.5398, ""contribution"": -0.1451}, {""name"": ""away_top3_ops_vs_oppHand"", ""value"": 0.686, ""contribution"": -0.0828}, {""name"": ""era_gap_t1"", ""value"": 0.722, ""contribution"": 0.0788}, {""name"": ""home_xera"", ""value"": 4.5318, ""contribution"": 0.0427}, {""name"": ""home_pvt_nrfi_rate"", ""value"": 0.7613, ""contribution"": 0.025}]","[{""name"": ""fi_park_nrfi_rate"", ""value"": 0.5398, ""contribution"": -0.2231}, {""name"": ""home_top3c_iso"", ""value"": 0.2261, ""contribution"": 0.2223}, {""name"": ""home_top3c_slg"", ""value"": 0.467, ""contribution"": -0.1654}, {""name"": ""away_whiff_pct_rank"", ""value"": 82.0, ""contribution"": -0.1386}, {""name"": ""away_p_last10_pitcher_nrfi"", ""value"": 1.0, ""contribution"": -0.0929}]",482641,0.4806,4.532,3.43,75.0,82.0,0.7613,0.7136,5.33,3.67,0.686,0.8127,R,L,YRFI,LOSS,0,2,2,2026-08-05T00:30:01+00:00,-115,-110,DraftKings,2026-08-04T22:06:01+00:00,0.5349,0.5238,0.0676,-0.1263,0.0676,N,0.5,0,-115,-110,2026-08-04T22:06:01+00:00,0,0.6410,NRFI,STRONG,,,,,,,
2026-08-04,2026,824084,1,N,MIN,KC,7:40 PM ET,Joe Ryan,Randy Dobnak,657746,677976,live,sm,live,live,0.96,0.4858,0.4039,0.8896,0.322,0.2859,0.6079,0.5281,0.4719,0.2237,0.7763,0.544507,0.455493,NRFI,LEAN,LEAN NRFI,4,2026-08-04T22:35:45Z,3.495,2.937,1.093,1.232,3.49,4.224,1.92,3.14,1.3,1.01,10.14,7.21,0.318,0.313,0.408,0.399,4.684,4.176,32.9,11.2,45.0,0.0,1.0,0.8,1.0,0.7,0.3206,0.3467,0.4432,0.4492,0.1892,0.1813,lineup,lineup,"[{""id"": 695600, ""name"": ""Carter Jensen"", ""bats"": ""L"", ""obp"": 0.3036144578313253, ""slg"": 0.4243243243243243, ""iso"": 0.19189189189189187, ""ab"": 370}, {""id"": 677951, ""name"": ""Bobby Witt Jr."", ""bats"": ""R"", ""obp"": 0.3502415458937198, ""slg"": 0.44986449864498645, ""iso"": 0.17073170731707316, ""ab"": 369}, {""id"": 695506, ""name"": ""Jac Caglianone"", ""bats"": ""L"", ""obp"": 0.3076923076923077, ""slg"": 0.4555256064690027, ""iso"": 0.20485175202156336, ""ab"": 371}]","[{""id"": 663616, ""name"": ""Trevor Larnach"", ""bats"": ""L"", ""obp"": 0.373134328358209, ""slg"": 0.45918367346938777, ""iso"": 0.17346938775510207, ""ab"": 294}, {""id"": 680777, ""name"": ""Ryan Jeffers"", ""bats"": ""R"", ""obp"": 0.3932038834951456, ""slg"": 0.5257142857142857, ""iso"": 0.23428571428571426, ""ab"": 175}, {""id"": 605137, ""name"": ""Josh Bell"", ""bats"": ""S"", ""obp"": 0.30414746543778803, ""slg"": 0.4080604534005038, ""iso"": 0.16372795969773302, ""ab"": 397}]","[{""name"": ""fi_park_nrfi_rate"", ""value"": 0.5614, ""contribution"": -0.2197}, {""name"": ""home_p_last10_pitcher_nrfi"", ""value"": 1.0, ""contribution"": 0.1107}, {""name"": ""wx_temp_c"", ""value"": 32.9, ""contribution"": 0.0697}, {""name"": ""away_top3_ops_vs_oppHand"", ""value"": 0.8333, ""contribution"": 0.0674}, {""name"": ""era_gap_t1"", ""value"": -0.558, ""contribution"": -0.0598}]","[{""name"": ""fi_park_nrfi_rate"", ""value"": 0.5614, ""contribution"": -0.3377}, {""name"": ""wx_temp_c"", ""value"": 32.9, ""contribution"": 0.0973}, {""name"": ""home_top3c_obp"", ""value"": 0.3206, ""contribution"": -0.069}, {""name"": ""away_fip"", ""value"": 3.4903, ""contribution"": -0.0532}, {""name"": ""away_whiff_pct_rank"", ""value"": 62.0, ""contribution"": -0.0523}]",691042,0.5084,4.2,3.262,50.0,62.0,0.7136,0.724,5.44,5.4,0.8333,0.769,R,R,YRFI,LOSS,0,2,2,2026-08-05T00:06:02+00:00,-105,-120,DraftKings,2026-08-04T22:06:01+00:00,0.5122,0.5455,0.0159,-0.0736,0.0159,N,0.5,0,-105,-120,2026-08-04T22:06:01+00:00,0,0.4941,PASS,NO EDGE,,,,,,,
2026-08-04,2026,824403,1,N,NYM,CLE,6:40 PM ET,Sean Manaea,Joey Cantillo,640455,676282,live,live,live,live,0.96,0.4748,0.4808,0.9557,0.259,0.43,0.689,0.5019,0.4981,0.2479,0.7521,0.502066,0.497934,NRFI,LEAN,LEAN NRFI,4,2026-08-04T21:35:31Z,4.569,3.757,1.309,1.4,4.145,3.91,2.78,4.15,1.37,1.03,9.08,9.87,0.305,0.311,0.383,0.374,4.098,4.012,24.9,13.0,53.0,0.0,1.0,0.6,0.8,0.6,0.3306,0.3136,0.3869,0.3878,0.129,0.1351,lineup,lineup,"[{""id"": 680757, ""name"": ""Steven Kwan"", ""bats"": ""L"", ""obp"": 0.36231884057971014, ""slg"": 0.32011331444759206, ""iso"": 0.05949008498583569, ""ab"": 353}, {""id"": 666176, ""name"": ""Jo Adell"", ""bats"": ""R"", ""obp"": 0.28728070175438597, ""slg"": 0.3947990543735225, ""iso"": 0.15602836879432624, ""ab"": 423}, {""id"": 800050, ""name"": ""Chase DeLauter"", ""bats"": ""L"", ""obp"": 0.34673366834170855, ""slg"": 0.4438202247191011, ""iso"": 0.16573033707865165, ""ab"": 356}]","[{""id"": 805999, ""name"": ""A.J. Ewing"", ""bats"": ""L"", ""obp"": 0.3310344827586207, ""slg"": 0.39768339768339767, ""iso"": 0.13513513513513514, ""ab"": 259}, {""id"": 596019, ""name"": ""Francisco Lindor"", ""bats"": ""S"", ""obp"": 0.3236514522821577, ""slg"": 0.42990654205607476, ""iso"": 0.19158878504672897, ""ab"": 214}, {""id"": 666182, ""name"": ""Bo Bichette"", ""bats"": ""R"", ""obp"": 0.2981366459627329, ""slg"": 0.36179775280898874, ""iso"": 0.10786516853932582, ""ab"": 445}]","[{""name"": ""away_top3c_iso"", ""value"": 0.1351, ""contribution"": -0.3058}, {""name"": ""away_top3c_slg"", ""value"": 0.3878, ""contribution"": 0.2658}, {""name"": ""fi_park_nrfi_rate"", ""value"": 0.528, ""contribution"": -0.1042}, {""name"": ""era_gap_t1"", ""value"": -0.8115, ""contribution"": -0.0872}, {""name"": ""home_xera"", ""value"": 3.5746, ""contribution"": -0.0554}]","[{""name"": ""home_top3c_slg"", ""value"": 0.3869, ""contribution"": 0.3321}, {""name"": ""home_top3c_iso"", ""value"": 0.129, ""contribution"": -0.2362}, {""name"": ""fi_park_nrfi_rate"", ""value"": 0.528, ""contribution"": -0.1602}, {""name"": ""away_whiff_pct_rank"", ""value"": 24.0, ""contribution"": 0.1117}, {""name"": ""era_gap_b1"", ""value"": 0.8115, ""contribution"": 0.0548}]",431232,0.4946,3.575,4.68,89.0,24.0,0.7136,0.6942,4.53,5.73,0.7523,0.799,L,L,NRFI,WIN,0,0,0,2026-08-04T22:59:11+00:00,-140,+110,DraftKings,2026-08-04T22:06:01+00:00,0.5833,0.4762,-0.0814,0.0219,-0.0814,N,0.5,0,-140,+110,2026-08-04T21:39:15+00:00,0,0.5063,PASS,NO EDGE,,,,,,,
2026-08-04,2026,824161,1,N,TOR,HOU,8:10 PM ET,Trey Yesavage,Hayden Wesneski,702056,669713,ltd,ltd,live,live,0.99,0.4544,0.5553,1.0098,0.3169,0.4212,0.7381,0.4901,0.5099,0.2678,0.7322,0.478024,0.521976,PASS,NO EDGE,PASS - No edge,4,2026-08-05T00:06:35Z,3.864,4.316,1.19,1.258,4.149,4.172,3.98,2.7,1.05,1.25,8.91,8.4,0.305,0.32,0.381,0.415,3.98,4.624,,,,1.0,0.4,0.6,0.5714,0.6,0.3929,0.3239,0.5321,0.3945,0.2335,0.1423,lineup,lineup,"[{""id"": 665161, ""name"": ""Jeremy Pe\u00f1a"", ""bats"": ""R"", ""obp"": 0.37543859649122807, ""slg"": 0.525096525096525, ""iso"": 0.20463320463320456, ""ab"": 259}, {""id"": 670541, ""name"": ""Yordan Alvarez"", ""bats"": ""L"", ""obp"": 0.4433198380566802, ""slg"": 0.6477832512315271, ""iso"": 0.3177339901477833, ""ab"": 406}, {""id"": 670623, ""name"": ""Isaac Paredes"", ""bats"": ""R"", ""obp"": 0.34934497816593885, ""slg"": 0.4173027989821883, ""iso"": 0.16539440203562344, ""ab"": 393}]","[{""id"": 664770, ""name"": ""Nathan Lukes"", ""bats"": ""L"", ""obp"": 0.3296296296296296, ""slg"": 0.3765182186234818, ""iso"": 0.10526315789473684, ""ab"": 247}, {""id"": 665489, ""name"": ""Vladimir Guerrero Jr."", ""bats"": ""R"", ""obp"": 0.33849557522123896, ""slg"": 0.35175879396984927, ""iso"": 0.09045226130653267, ""ab"": 398}, {""id"": 672960, ""name"": ""Kazuma Okamoto"", ""bats"": ""R"", ""obp"": 0.30580357142857145, ""slg"": 0.44776119402985076, ""iso"": 0.2164179104477612, ""ab"": 402}]","[{""name"": ""away_top3c_iso"", ""value"": 0.1423, ""contribution"": -0.2548}, {""name"": ""away_top3c_slg"", ""value"": 0.3945, ""contribution"": 0.232}, {""name"": ""home_p_last10_pitcher_nrfi"", ""value"": 0.5714, ""contribution"": -0.0567}, {""name"": ""fi_park_nrfi_rate"", ""value"": 0.482, ""contribution"": 0.0547}, {""name"": ""era_gap_t1"", ""value"": 0.4516, ""contribution"": 0.0495}]","[{""name"": ""home_top3c_slg"", ""value"": 0.5321, ""contribution"": -0.5699}, {""name"": ""home_top3c_iso"", ""value"": 0.2335, ""contribution"": 0.257}, {""name"": ""home_top3_ops_vs_oppHand"", ""value"": 0.9677, ""contribution"": 0.2445}, {""name"": ""home_top3c_obp"", ""value"": 0.3929, ""contribution"": 0.1845}, {""name"": ""fi_park_nrfi_rate"", ""value"": 0.482, ""contribution"": 0.084}]",573597,0.4761,4.2,2.939,50.0,50.0,0.7136,0.7136,5.13,4.87,0.7353,0.9677,R,R,NRFI,PASS,0,0,0,2026-08-05T00:28:09+00:00,-120,-110,DraftKings,2026-08-04T22:06:01+00:00,0.5455,0.5238,-0.0554,-0.0139,,N,,,-120,-110,2026-08-04T22:06:01+00:00,,0.6370,NRFI,STRONG,,,,,,,
2026-08-04,2026,824645,1,N,LAD,CHC,8:05 PM ET,Tarik Skubal,Javier Assad,669373,665871,live,live,live,live,1.0,0.539,0.3366,0.8756,0.4068,0.2676,0.6743,0.5072,0.4928,0.2186,0.7814,0.509494,0.490506,NRFI,LEAN,LEAN NRFI,4,2026-08-04T22:54:27Z,2.62,3.845,0.904,1.192,2.565,4.601,1.37,2.56,0.9,1.38,10.93,6.8,0.337,0.336,0.429,0.413,5.035,5.059,25.8,1.5,78.0,0.0,1.0,1.0,0.9,0.6,0.362,0.3723,0.4631,0.494,0.1967,0.2032,lineup,lineup,"[{""id"": 691718, ""name"": ""Pete Crow-Armstrong"", ""bats"": ""L"", ""obp"": 0.38306451612903225, ""slg"": 0.5355450236966824, ""iso"": 0.2535545023696682, ""ab"": 422}, {""id"": 673548, ""name"": ""Seiya Suzuki"", ""bats"": ""R"", ""obp"": 0.36428571428571427, ""slg"": 0.4820936639118457, ""iso"": 0.209366391184573, ""ab"": 363}, {""id"": 608324, ""name"": ""Alex Bregman"", ""bats"": ""R"", ""obp"": 0.3392857142857143, ""slg"": 0.37701149425287356, ""iso"": 0.13103448275862067, ""ab"": 435}]","[{""id"": 660271, ""name"": ""Shohei Ohtani"", ""bats"": ""L"", ""obp"": 0.3983050847457627, ""slg"": 0.5417721518987342, ""iso"": 0.2481012658227848, ""ab"": 395}, {""id"": 681624, ""name"": ""Andy Pages"", ""bats"": ""R"", ""obp"": 0.33540372670807456, ""slg"": 0.45727482678983833, ""iso"": 0.18706697459584293, ""ab"": 433}, {""id"": 518692, ""name"": ""Freddie Freeman"", ""bats"": ""L"", ""obp"": 0.38396624472573837, ""slg"": 0.486810551558753, ""iso"": 0.1774580335731415, ""ab"": 417}]","[{""name"": ""away_top3c_slg"", ""value"": 0.494, ""contribution"": -0.272}, {""name"": ""away_top3c_iso"", ""value"": 0.2032, ""contribution"": 0.1741}, {""name"": ""fi_park_nrfi_rate"", ""value"": 0.5429, ""contribution"": -0.1558}, {""name"": ""era_gap_t1"", ""value"": 1.2255, ""contribution"": 0.1333}, {""name"": ""away_top3_ops_vs_oppHand"", ""value"": 0.881, ""contribution"": 0.1159}]","[{""name"": ""fi_park_nrfi_rate"", ""value"": 0.5429, ""contribution"": -0.2395}, {""name"": ""away_whiff_pct_rank"", ""value"": 100.0, ""contribution"": -0.2163}, {""name"": ""home_obp"", ""value"": 0.3363, ""contribution"": 0.1576}, {""name"": ""away_fip"", ""value"": 2.5652, ""contribution"": -0.152}, {""name"": ""home_top3c_slg"", ""value"": 0.4631, ""contribution"": -0.1411}]",427113,0.5139,4.762,2.218,3.0,100.0,0.7136,0.7272,4.93,6.2,0.881,0.8763,L,R,NRFI,WIN,0,0,0,2026-08-05T00:20:10+00:00,-105,-125,DraftKings,2026-08-04T22:06:01+00:00,0.5122,0.5556,-0.006,-0.0618,,N,,0,-105,-125,2026-08-04T22:06:01+00:00,,0.4877,PASS,NO EDGE,,,,,,,
2026-08-04,2026,824484,1,N,OAK,CIN,6:40 PM ET,J.T. Ginn,Brady Singer,669372,663903,live,live,live,live,1.09,0.6129,0.6136,1.2265,0.3895,0.338,0.7275,0.4924,0.5076,0.3469,0.6531,0.483104,0.516896,PASS,NO EDGE,PASS - No edge,4,2026-08-04T22:35:45Z,3.834,4.503,1.251,1.378,4.33,4.744,3.78,3.07,1.21,1.56,8.61,7.92,0.32,0.311,0.402,0.399,4.366,4.202,29.7,0.7,39.0,0.0,0.8,0.6,0.7,0.7,0.343,0.318,0.482,0.3996,0.2281,0.1571,lineup,lineup,"[{""id"": 682829, ""name"": ""Elly De La Cruz"", ""bats"": ""S"", ""obp"": 0.35507246376811596, ""slg"": 0.5, ""iso"": 0.22404371584699456, ""ab"": 366}, {""id"": 701398, ""name"": ""Sal Stewart"", ""bats"": ""R"", ""obp"": 0.33402489626556015, ""slg"": 0.4786729857819905, ""iso"": 0.22511848341232227, ""ab"": 422}, {""id"": 668709, ""name"": ""JJ Bleday"", ""bats"": ""L"", ""obp"": 0.34097421203438394, ""slg"": 0.46440677966101696, ""iso"": 0.23728813559322035, ""ab"": 295}]","[{""id"": 671732, ""name"": ""Lawrence Butler"", ""bats"": ""L"", ""obp"": 0.3067484662576687, ""slg"": 0.3263157894736842, ""iso"": 0.11578947368421055, ""ab"": 285}, {""id"": 805779, ""name"": ""Jacob Wilson"", ""bats"": ""R"", ""obp"": 0.3069306930693069, ""slg"": 0.3958333333333333, ""iso"": 0.12152777777777773, ""ab"": 288}, {""id"": 691016, ""name"": ""Tyler Soderstrom"", ""bats"": ""L"", ""obp"": 0.3349397590361446, ""slg"": 0.46005509641873277, ""iso"": 0.21763085399449034, ""ab"": 363}]","[{""name"": ""away_top3c_slg"", ""value"": 0.3996, ""contribution"": 0.2061}, {""name"": ""away_top3c_iso"", ""value"": 0.1571, ""contribution"": -0.151}, {""name"": ""home_fip"", ""value"": 4.7441, ""contribution"": 0.0859}, {""name"": ""era_gap_t1"", ""value"": 0.6696, ""contribution"": 0.0731}, {""name"": ""wx_temp_c"", ""value"": 29.7, ""contribution"": 0.0506}]","[{""name"": ""home_top3c_slg"", ""value"": 0.482, ""contribution"": -0.2584}, {""name"": ""home_top3c_iso"", ""value"": 0.2281, ""contribution"": 0.2316}, {""name"": ""away_whiff_pct_rank"", ""value"": 82.0, ""contribution"": -0.1386}, {""name"": ""wx_wind_kmh"", ""value"": 0.7, ""contribution"": -0.1136}, {""name"": ""wx_temp_c"", ""value"": 29.7, ""contribution"": 0.0705}]",427013,0.504,4.422,3.667,32.0,82.0,0.6942,0.7272,6.07,5.33,0.739,0.792,R,R,NRFI,PASS,0,0,0,2026-08-04T22:55:30+00:00,-110,-120,DraftKings,2026-08-04T22:06:01+00:00,0.5238,0.5455,-0.0314,-0.0379,,N,,,-110,-120,2026-08-04T22:06:01+00:00,,0.4877,PASS,NO EDGE,,,,,,,
2026-08-04,2026,824731,1,N,CWS,BOS,7:10 PM ET,Davis Martin,Patrick Sandoval,663436,663776,live,sm,live,live,1.05,0.542,0.4518,0.9939,0.4306,0.338,0.7686,0.4855,0.5145,0.262,0.738,0.463648,0.536352,PASS,NO EDGE,PASS - No edge,4,2026-08-04T23:06:26Z,3.742,3.896,1.268,1.363,3.479,4.155,2.78,2.9,0.72,1.28,7.75,8.98,0.316,0.316,0.408,0.397,4.75,4.298,28.4,9.5,41.0,0.0,1.0,0.8,1.0,0.9,0.3261,0.3532,0.4491,0.4638,0.1821,0.2119,lineup,lineup,"[{""id"": 686765, ""name"": ""Nick Sogard"", ""bats"": ""S"", ""obp"": 0.3559322033898305, ""slg"": 0.32, ""iso"": 0.08000000000000002, ""ab"": 50}, {""id"": 642201, ""name"": ""Eli White"", ""bats"": ""R"", ""obp"": 0.2847222222222222, ""slg"": 0.40601503759398494, ""iso"": 0.17293233082706766, ""ab"": 133}, {""id"": 677800, ""name"": ""Wilyer Abreu"", ""bats"": ""L"", ""obp"": 0.3205944798301486, ""slg"": 0.43675417661097854, ""iso"": 0.1885441527446301, ""ab"": 419}]","[{""id"": 805367, ""name"": ""Chase Meidroth"", ""bats"": ""R"", ""obp"": 0.3475336322869955, ""slg"": 0.39141414141414144, ""iso"": 0.11868686868686873, ""ab"": 396}, {""id"": 808959, ""name"": ""Munetaka Murakami"", ""bats"": ""L"", ""obp"": 0.3776435045317221, ""slg"": 0.5461254612546126, ""iso"": 0.3025830258302583, ""ab"": 271}, {""id"": 678246, ""name"": ""Miguel Vargas"", ""bats"": ""R"", ""obp"": 0.3416666666666667, ""slg"": 0.4792176039119804, ""iso"": 0.24205378973105132, ""ab"": 409}]","[{""name"": ""away_top3c_iso"", ""value"": 0.2119, ""contribution"": 0.2353}, {""name"": ""away_top3c_slg"", ""value"": 0.4638, ""contribution"": -0.1189}, {""name"": ""home_p_last10_pitcher_nrfi"", ""value"": 1.0, ""contribution"": 0.1107}, {""name"": ""away_top3_ops_vs_oppHand"", ""value"": 0.8237, ""contribution"": 0.0575}, {""name"": ""fi_park_nrfi_rate"", ""value"": 0.5121, ""contribution"": -0.0494}]","[{""name"": ""away_whiff_pct_rank"", ""value"": 29.0, ""contribution"": 0.0902}, {""name"": ""fi_park_nrfi_rate"", ""value"": 0.5121, ""contribution"": -0.076}, {""name"": ""away_p_last10_pitcher_nrfi"", ""value"": 0.9, ""contribution"": -0.0601}, {""name"": ""wx_temp_c"", ""value"": 28.4, ""contribution"": 0.0597}, {""name"": ""away_fip"", ""value"": 3.4793, ""contribution"": -0.0544}]",639723,0.548,4.2,4.871,50.0,29.0,0.6796,0.7396,4.75,4.8,0.8237,0.737,R,L,YRFI,PASS,0,6,6,2026-08-04T23:32:44+00:00,-110,-115,DraftKings,2026-08-04T22:06:01+00:00,0.5238,0.5349,-0.0388,-0.0199,,N,,,-110,-115,2026-08-04T22:06:01+00:00,,0.4320,YRFI,STRONG,,,,,,,
2026-08-04,2026,824888,1,N,MIA,ATL,7:15 PM ET,Ryan Gusto,Grant Holmes,687473,656550,live,live,live,live,0.98,0.5892,0.5636,1.1527,0.3549,0.4488,0.8037,0.4757,0.5243,0.3202,0.6798,0.447655,0.552345,PASS,NO EDGE,PASS - No edge,4,2026-08-04T23:06:26Z,5.364,3.913,1.44,1.353,4.165,4.905,3.08,4.03,1.2,1.49,8.25,8.22,0.324,0.315,0.407,0.417,4.402,4.854,26.6,3.9,74.0,0.0,1.0,0.8,0.8,0.6,0.3544,0.3411,0.488,0.4815,0.2255,0.1998,lineup,lineup,"[{""id"": 686948, ""name"": ""Drake Baldwin"", ""bats"": ""L"", ""obp"": 0.36523929471032746, ""slg"": 0.4666666666666667, ""iso"": 0.19420289855072465, ""ab"": 345}, {""id"": 660670, ""name"": ""Ronald Acu\u00f1a Jr."", ""bats"": ""R"", ""obp"": 0.3609022556390977, ""slg"": 0.416289592760181, ""iso"": 0.17647058823529413, ""ab"": 221}, {""id"": 621566, ""name"": ""Matt Olson"", ""bats"": ""L"", ""obp"": 0.3421588594704684, ""slg"": 0.5412844036697247, ""iso"": 0.2752293577981651, ""ab"": 436}]","[{""id"": 669065, ""name"": ""Kyle Stowers"", ""bats"": ""L"", ""obp"": 0.3190348525469169, ""slg"": 0.45896656534954405, ""iso"": 0.2249240121580547, ""ab"": 329}, {""id"": 665052, ""name"": ""Griffin Conine"", ""bats"": ""L"", ""obp"": 0.35664335664335667, ""slg"": 0.5476190476190477, ""iso"": 0.27777777777777785, ""ab"": 126}, {""id"": 672640, ""name"": ""Otto Lopez"", ""bats"": ""R"", ""obp"": 0.3538135593220339, ""slg"": 0.4793577981651376, ""iso"": 0.15825688073394495, ""ab"": 436}]","[{""name"": ""away_top3c_slg"", ""value"": 0.4815, ""contribution"": -0.2087}, {""name"": ""era_gap_t1"", ""value"": -1.451, ""contribution"": -0.1565}, {""name"": ""away_top3c_iso"", ""value"": 0.1998, ""contribution"": 0.1499}, {""name"": ""away_top3_ops_vs_oppHand"", ""value"": 0.884, ""contribution"": 0.119}, {""name"": ""home_fip"", ""value"": 4.9054, ""contribution"": 0.104}]","[{""name"": ""home_top3c_slg"", ""value"": 0.488, ""contribution"": -0.2959}, {""name"": ""home_top3c_iso"", ""value"": 0.2255, ""contribution"": 0.2197}, {""name"": ""home_top3_ops_vs_oppHand"", ""value"": 0.896, ""contribution"": 0.1587}, {""name"": ""era_gap_b1"", ""value"": 1.451, ""contribution"": 0.0983}, {""name"": ""wx_wind_kmh"", ""value"": 3.9, ""contribution"": -0.0799}]",658325,0.5084,4.794,4.2,50.0,50.0,0.7396,0.7136,4.93,3.8,0.884,0.896,R,R,NRFI,PASS,0,0,0,2026-08-04T23:31:06+00:00,+100,-135,DraftKings,2026-08-04T22:06:01+00:00,0.5,0.5745,-0.0299,-0.0446,,N,,,+100,-135,2026-08-04T22:06:01+00:00,,0.4611,PASS,NO EDGE,,,,,,,
2026-08-04,2026,824805,1,N,LAA,BAL,6:35 PM ET,Grayson Rodriguez,Cade Povich,680570,700249,ltd,live,live,live,1.06,0.5965,0.6892,1.2857,0.3333,0.4723,0.8056,0.4746,0.5254,0.3681,0.6319,0.446809,0.553191,PASS,NO EDGE,PASS - No edge,4,2026-08-04T22:05:09Z,6.166,5.135,1.517,1.438,4.963,4.744,3.65,3.38,1.54,1.53,8.02,8.21,0.313,0.32,0.385,0.393,4.232,4.524,28.5,9.0,60.0,0.0,0.4,0.4,0.5,0.7,0.3199,0.3502,0.4166,0.4204,0.1802,0.1727,lineup,lineup,"[{""id"": 665750, ""name"": ""Leody Taveras"", ""bats"": ""S"", ""obp"": 0.3003003003003003, ""slg"": 0.3367003367003367, ""iso"": 0.11784511784511786, ""ab"": 297}, {""id"": 624413, ""name"": ""Pete Alonso"", ""bats"": ""R"", ""obp"": 0.345679012345679, ""slg"": 0.46539379474940334, ""iso"": 0.21479713603818618, ""ab"": 419}, {""id"": 683002, ""name"": ""Gunnar Henderson"", ""bats"": ""L"", ""obp"": 0.29051383399209485, ""slg"": 0.39606126914660833, ""iso"": 0.17724288840262584, ""ab"": 457}]","[{""id"": 687263, ""name"": ""Zach Neto"", ""bats"": ""R"", ""obp"": 0.319672131147541, ""slg"": 0.4255813953488372, ""iso"": 0.19534883720930232, ""ab"": 430}, {""id"": 545361, ""name"": ""Mike Trout"", ""bats"": ""R"", ""obp"": 0.3908872901678657, ""slg"": 0.4537313432835821, ""iso"": 0.20895522388059704, ""ab"": 335}, {""id"": 694384, ""name"": ""Nolan Schanuel"", ""bats"": ""L"", ""obp"": 0.34464751958224543, ""slg"": 0.3812316715542522, ""iso"": 0.10850439882697949, ""ab"": 341}]","[{""name"": ""era_gap_t1"", ""value"": -1.0311, ""contribution"": -0.111}, {""name"": ""home_xera"", ""value"": 5.1843, ""contribution"": 0.1095}, {""name"": ""away_top3c_slg"", ""value"": 0.4204, ""contribution"": 0.1005}, {""name"": ""home_fip"", ""value"": 4.744, ""contribution"": 0.0859}, {""name"": ""home_p_last10_pitcher_nrfi"", ""value"": 0.5, ""contribution"": -0.0846}]","[{""name"": ""home_top3c_slg"", ""value"": 0.4166, ""contribution"": 0.1479}, {""name"": ""fi_park_nrfi_rate"", ""value"": 0.519, ""contribution"": -0.1127}, {""name"": ""away_fip"", ""value"": 4.9633, ""contribution"": 0.1042}, {""name"": ""home_top3c_obp"", ""value"": 0.3199, ""contribution"": -0.0716}, {""name"": ""era_gap_b1"", ""value"": 1.0311, ""contribution"": 0.0698}]",605670,0.5573,5.184,4.2,46.0,50.0,0.7136,0.7136,4.87,4.13,0.7833,0.7473,R,L,NRFI,PASS,0,0,0,2026-08-04T22:48:55+00:00,+105,-135,DraftKings,2026-08-04T22:06:01+00:00,0.4878,0.5745,-0.0132,-0.0491,,N,,,+105,-135,2026-08-04T22:06:01+00:00,,0.4294,YRFI,STRONG,,,,,,,
2026-08-04,2026,823108,1,N,DET,SEA,9:40 PM ET,Troy Melton,Emerson Hancock,675512,676106,live,live,live,live,0.95,0.4251,0.4436,0.8688,0.4173,0.3044,0.7217,0.4938,0.5062,0.2161,0.7839,0.485942,0.514058,PASS,NO EDGE,PASS - No edge,4,2026-08-05T01:35:40Z,2.456,3.648,1.018,1.123,4.088,4.041,2.87,2.43,1.15,1.22,8.1,7.98,0.318,0.311,0.409,0.382,4.508,4.074,,,,1.0,0.8,0.8,0.8,0.6,0.347,0.3703,0.458,0.4565,0.1874,0.1798,lineup,lineup,"[{""id"": 702284, ""name"": ""Cole Young"", ""bats"": ""L"", ""obp"": 0.3252212389380531, ""slg"": 0.4213075060532688, ""iso"": 0.15254237288135597, ""ab"": 413}, {""id"": 668227, ""name"": ""Randy Arozarena"", ""bats"": ""R"", ""obp"": 0.37777777777777777, ""slg"": 0.45595854922279794, ""iso"": 0.17357512953367876, ""ab"": 386}, {""id"": 686527, ""name"": ""Dominic Canzone"", ""bats"": ""L"", ""obp"": 0.334375, ""slg"": 0.5140845070422535, ""iso"": 0.25704225352112675, ""ab"": 284}]","[{""id"": 805808, ""name"": ""Kevin McGonigle"", ""bats"": ""L"", ""obp"": 0.39300411522633744, ""slg"": 0.4306569343065693, ""iso"": 0.1435523114355231, ""ab"": 411}, {""id"": 650402, ""name"": ""Gleyber Torres"", ""bats"": ""R"", ""obp"": 0.38934426229508196, ""slg"": 0.39800995024875624, ""iso"": 0.1293532338308458, ""ab"": 201}, {""id"": 693307, ""name"": ""Dillon Dingler"", ""bats"": ""R"", ""obp"": 0.33410672853828305, ""slg"": 0.5141388174807198, ""iso"": 0.24421593830334187, ""ab"": 389}]","[{""name"": ""era_gap_t1"", ""value"": 1.1923, ""contribution"": 0.1297}, {""name"": ""away_top3_ops_vs_oppHand"", ""value"": 0.8797, ""contribution"": 0.1146}, {""name"": ""home_xera"", ""value"": 5.2305, ""contribution"": 0.1143}, {""name"": ""away_top3c_slg"", ""value"": 0.4565, ""contribution"": -0.0824}, {""name"": ""fi_park_nrfi_rate"", ""value"": 0.5131, ""contribution"": -0.0529}]","[{""name"": ""home_top3c_slg"", ""value"": 0.458, ""contribution"": -0.1093}, {""name"": ""era_gap_b1"", ""value"": -1.1923, ""contribution"": -0.0815}, {""name"": ""fi_park_nrfi_rate"", ""value"": 0.5131, ""contribution"": -0.0814}, {""name"": ""wx_is_dome"", ""value"": 1.0, ""contribution"": -0.0758}, {""name"": ""home_top3_ops_vs_oppHand"", ""value"": 0.8183, ""contribution"": 0.0657}]",608158,0.5142,5.231,4.2,18.0,50.0,0.7136,0.7136,5.07,5.87,0.8797,0.8183,R,R,NRFI,PASS,0,0,0,2026-08-05T01:53:13+00:00,-130,+100,DraftKings,2026-08-04T22:06:01+00:00,0.5652,0.5,-0.0714,0.0062,,N,,,-130,+100,2026-08-04T22:06:01+00:00,,0.4658,PASS,NO EDGE,,,,,,,
2026-08-05,2026,824322,1,N,TB,COL,3:10 PM ET,Nick Martinez,Tomoyuki Sugano,607259,608372,live,live,live,live,1.22,0.7259,0.5744,1.3003,0.5928,0.5484,1.1412,0.2872,0.7128,0.3733,0.6267,0.319437,0.680563,YRFI,STRONG,STRONG YRFI,4,2026-08-05T17:27:12Z,3.182,4.518,1.127,1.28,4.215,5.423,1.66,2.1,1.12,1.86,5.36,5.38,0.328,0.323,0.403,0.421,4.48,4.818,29.7,8.9,19.0,0.0,0.4,0.8,0.5,0.7,0.3393,0.3615,0.5262,0.4825,0.2356,0.2093,lineup,lineup,"[{""id"": 664983, ""name"": ""Jake McCarthy"", ""bats"": ""L"", ""obp"": 0.33156498673740054, ""slg"": 0.4928774928774929, ""iso"": 0.19943019943019946, ""ab"": 351}, {""id"": 694249, ""name"": ""Cole Carrigg"", ""bats"": ""S"", ""obp"": 0.3898305084745763, ""slg"": 0.52, ""iso"": 0.21333333333333337, ""ab"": 150}, {""id"": 696100, ""name"": ""Hunter Goodman"", ""bats"": ""R"", ""obp"": 0.32339449541284404, ""slg"": 0.548469387755102, ""iso"": 0.2933673469387755, ""ab"": 392}]","[{""id"": 683748, ""name"": ""Victor Mesa Jr."", ""bats"": ""L"", ""obp"": 0.2808219178082192, ""slg"": 0.4, ""iso"": 0.2, ""ab"": 130}, {""id"": 666018, ""name"": ""Jonathan Aranda"", ""bats"": ""L"", ""obp"": 0.375, ""slg"": 0.43414634146341463, ""iso"": 0.14878048780487807, ""ab"": 410}, {""id"": 691406, ""name"": ""Junior Caminero"", ""bats"": ""R"", ""obp"": 0.3724696356275304, ""slg"": 0.5534883720930233, ""iso"": 0.26976744186046514, ""ab"": 430}]","[{""name"": ""fi_park_nrfi_rate"", ""value"": 0.4241, ""contribution"": 0.2547}, {""name"": ""away_top3c_iso"", ""value"": 0.2093, ""contribution"": 0.2168}, {""name"": ""away_top3c_slg"", ""value"": 0.4825, ""contribution"": -0.2138}, {""name"": ""home_fip"", ""value"": 5.4227, ""contribution"": 0.1621}, {""name"": ""home_xera"", ""value"": 5.6402, ""contribution"": 0.1562}]","[{""name"": ""home_top3c_slg"", ""value"": 0.5262, ""contribution"": -0.5329}, {""name"": ""fi_park_nrfi_rate"", ""value"": 0.4241, ""contribution"": 0.3916}, {""name"": ""home_top3c_iso"", ""value"": 0.2356, ""contribution"": 0.2671}, {""name"": ""home_top3_ops_vs_oppHand"", ""value"": 0.9103, ""contribution"": 0.1758}, {""name"": ""away_whiff_pct_rank"", ""value"": 18.0, ""contribution"": 0.1376}]",577468,0.4946,5.64,4.133,12.0,18.0,0.7272,0.6909,5.87,5.73,0.8227,0.9103,R,R,YRFI,WIN,2,0,2,2026-08-05T19:32:04+00:00,+130,-170,DraftKings,2026-08-05T18:59:39+00:00,0.4348,0.6296,-0.1476,0.0832,0.0832,Y,6,3.529,+130,-170,2026-08-05T18:59:39+00:00,0,0.4144,YRFI,STRONG,,,,,,,
2026-08-05,2026,823753,1,N,PIT,MIL,7:40 PM ET,Paul Skenes,Kyle Harrison,694973,690986,live,live,live,live,1.03,0.4548,0.4208,0.8756,0.2113,0.2146,0.4259,0.6587,0.3413,0.2186,0.7814,0.65318,0.34682,NRFI,LEAN,LEAN NRFI,4,2026-08-05T22:36:12Z,3.43,3.373,1.071,1.149,2.732,3.397,2.25,2.47,0.84,1.11,11.08,10.31,0.332,0.335,0.413,0.399,5.012,4.918,,,,1.0,0.8,0.6,0.8,0.7,0.3515,0.3524,0.4496,0.4417,0.181,0.1691,lineup,lineup,"[{""id"": 668930, ""name"": ""Brice Turang"", ""bats"": ""L"", ""obp"": 0.36099585062240663, ""slg"": 0.4569377990430622, ""iso"": 0.18899521531100477, ""ab"": 418}, {""id"": 694192, ""name"": ""Jackson Chourio"", ""bats"": ""R"", ""obp"": 0.3370473537604457, ""slg"": 0.46808510638297873, ""iso"": 0.18844984802431614, ""ab"": 329}, {""id"": 669003, ""name"": ""Garrett Mitchell"", ""bats"": ""L"", ""obp"": 0.35294117647058826, ""slg"": 0.42153846153846153, ""iso"": 0.16307692307692306, ""ab"": 325}]","[{""id"": 663968, ""name"": ""Jake Mangum"", ""bats"": ""S"", ""obp"": 0.3549382716049383, ""slg"": 0.37583892617449666, ""iso"": 0.0738255033557047, ""ab"": 298}, {""id"": 664040, ""name"": ""Brandon Lowe"", ""bats"": ""L"", ""obp"": 0.3220338983050847, ""slg"": 0.4845605700712589, ""iso"": 0.22802850356294535, ""ab"": 421}, {""id"": 668804, ""name"": ""Bryan Reynolds"", ""bats"": ""S"", ""obp"": 0.37924151696606784, ""slg"": 0.44549763033175355, ""iso"": 0.17772511848341233, ""ab"": 422}]","[{""name"": ""fi_park_nrfi_rate"", ""value"": 0.5899, ""contribution"": -0.3182}, {""name"": ""away_top3c_iso"", ""value"": 0.1691, ""contribution"": -0.0658}, {""name"": ""home_fip"", ""value"": 3.397, ""contribution"": -0.0653}, {""name"": ""away_top3_ops_vs_oppHand"", ""value"": 0.7193, ""contribution"": -0.0488}, {""name"": ""home_p_last10_pitcher_nrfi"", ""value"": 0.8, ""contribution"": 0.0326}]","[{""name"": ""fi_park_nrfi_rate"", ""value"": 0.5899, ""contribution"": -0.4892}, {""name"": ""away_whiff_pct_rank"", ""value"": 86.0, ""contribution"": -0.1558}, {""name"": ""home_obp"", ""value"": 0.3345, ""contribution"": 0.1452}, {""name"": ""away_fip"", ""value"": 2.7317, ""contribution"": -0.1342}, {""name"": ""home_top3_ops_vs_oppHand"", ""value"": 0.8277, ""contribution"": 0.0768}]",482666,0.522,4.038,2.094,74.0,86.0,0.7136,0.6942,4.8,5.53,0.7193,0.8277,R,L,NRFI,WIN,0,0,0,2026-08-05T23:54:50+00:00,-155,+115,DraftKings,2026-08-05T23:35:48+00:00,0.6078,0.4651,0.0509,-0.1238,0.0509,N,0.5,0,-155,+115,2026-08-05T22:39:54+00:00,0,0.6436,NRFI,STRONG,,,,,,,
2026-08-05,2026,825052,1,N,SD,ARI,9:40 PM ET,Casey Mize,Mitch Bratt,663554,683352,live,sm,live,live,1.0,0.6007,0.3741,0.9748,0.4716,0.408,0.8796,0.4385,0.5615,0.255,0.745,0.414954,0.585046,YRFI,LEAN,LEAN YRFI,4,2026-08-06T00:35:21Z,3.071,4.526,1.079,1.455,3.069,5.067,2.04,4.19,0.76,1.4,8.72,7.61,0.312,0.314,0.387,0.394,4.26,4.531,,,,1.0,0.6,1.0,0.6,1.0,0.3469,0.3228,0.4089,0.3888,0.1677,0.1436,lineup,lineup,"[{""id"": 663457, ""name"": ""Lars Nootbaar"", ""bats"": ""L"", ""obp"": 0.33689839572192515, ""slg"": 0.35, ""iso"": 0.11874999999999997, ""ab"": 160}, {""id"": 678489, ""name"": ""Jorge Barrosa"", ""bats"": ""S"", ""obp"": 0.2765957446808511, ""slg"": 0.344, ""iso"": 0.15199999999999997, ""ab"": 125}, {""id"": 672695, ""name"": ""Geraldo Perdomo"", ""bats"": ""S"", ""obp"": 0.3609341825902335, ""slg"": 0.36989795918367346, ""iso"": 0.125, ""ab"": 392}]","[{""id"": 665487, ""name"": ""Fernando Tatis Jr."", ""bats"": ""R"", ""obp"": 0.35020242914979755, ""slg"": 0.39635535307517084, ""iso"": 0.11617312072892938, ""ab"": 439}, {""id"": 650859, ""name"": ""Luis Rengifo"", ""bats"": ""S"", ""obp"": 0.32116788321167883, ""slg"": 0.3070539419087137, ""iso"": 0.07053941908713696, ""ab"": 241}, {""id"": 669398, ""name"": ""Gage Workman"", ""bats"": ""L"", ""obp"": 0.15, ""slg"": 0.375, ""iso"": 0.225, ""ab"": 40}]","[{""name"": ""away_top3c_slg"", ""value"": 0.3888, ""contribution"": 0.2605}, {""name"": ""fi_park_nrfi_rate"", ""value"": 0.4239, ""contribution"": 0.2555}, {""name"": ""away_top3c_iso"", ""value"": 0.1436, ""contribution"": -0.2455}, {""name"": ""era_gap_t1"", ""value"": 1.4548, ""contribution"": 0.1581}, {""name"": ""home_fip"", ""value"": 5.0672, ""contribution"": 0.1222}]","[{""name"": ""fi_park_nrfi_rate"", ""value"": 0.4239, ""contribution"": 0.3927}, {""name"": ""home_top3c_slg"", ""value"": 0.4089, ""contribution"": 0.1956}, {""name"": ""era_gap_b1"", ""value"": -1.4548, ""contribution"": -0.0994}, {""name"": ""away_fip"", ""value"": 3.0688, ""contribution"": -0.0982}, {""name"": ""away_p_last10_pitcher_nrfi"", ""value"": 1.0, ""contribution"": -0.0929}]",676581,0.5084,4.2,3.428,50.0,53.0,0.7136,0.7272,4.13,5.73,0.7093,0.7367,R,L,NRFI,LOSS,0,0,0,2026-08-06T01:57:21+00:00,-105,-125,DraftKings,2026-08-06T02:06:09+00:00,0.5122,0.5556,-0.0737,0.0059,0.0059,N,0.5,0,-105,-125,2026-08-06T00:35:06+00:00,0,0.4877,PASS,NO EDGE,,,,,,,
2026-08-05,2026,823429,1,N,WSH,PHI,6:40 PM ET,Jake Irvin,Andrew Painter,663623,691725,live,ltd,live,live,1.04,0.6866,0.653,1.3396,0.537,0.5589,1.0959,0.2885,0.7115,0.3871,0.6129,0.334236,0.665764,YRFI,STRONG,STRONG YRFI,4,2026-08-05T21:35:33Z,5.618,5.801,1.366,1.484,4.966,4.992,3.53,3.25,1.63,1.65,8.1,7.94,0.325,0.306,0.435,0.402,5.212,4.407,27.5,4.9,85.0,0.0,0.4,0.8,0.6,0.6,0.3405,0.3397,0.4733,0.4892,0.2235,0.226,lineup,lineup,"[{""id"": 656941, ""name"": ""Kyle Schwarber"", ""bats"": ""L"", ""obp"": 0.3619246861924686, ""slg"": 0.5263157894736842, ""iso"": 0.2832080200501253, ""ab"": 399}, {""id"": 607208, ""name"": ""Trea Turner"", ""bats"": ""R"", ""obp"": 0.3, ""slg"": 0.40350877192982454, ""iso"": 0.15131578947368418, ""ab"": 456}, {""id"": 547180, ""name"": ""Bryce Harper"", ""bats"": ""L"", ""obp"": 0.36041666666666666, ""slg"": 0.5, ""iso"": 0.2462686567164179, ""ab"": 402}]","[{""id"": 682928, ""name"": ""CJ Abrams"", ""bats"": ""L"", ""obp"": 0.36075949367088606, ""slg"": 0.5504807692307693, ""iso"": 0.264423076923077, ""ab"": 416}, {""id"": 695418, ""name"": ""Brad Lord"", ""bats"": ""R"", ""obp"": null, ""slg"": null, ""iso"": null, ""ab"": null}, {""id"": 686611, ""name"": ""Dylan Crews"", ""bats"": ""R"", ""obp"": 0.30078125, ""slg"": 0.3782608695652174, ""iso"": 0.15652173913043477, ""ab"": 230}]","[{""name"": ""away_top3c_iso"", ""value"": 0.226, ""contribution"": 0.3347}, {""name"": ""away_top3c_slg"", ""value"": 0.4892, ""contribution"": -0.2476}, {""name"": ""away_top3_ops_vs_oppHand"", ""value"": 0.956, ""contribution"": 0.1924}, {""name"": ""home_xera"", ""value"": 5.5256, ""contribution"": 0.1445}, {""name"": ""home_fip"", ""value"": 4.9922, ""contribution"": 0.1138}]","[{""name"": ""home_top3c_iso"", ""value"": 0.2235, ""contribution"": 0.2102}, {""name"": ""home_top3c_slg"", ""value"": 0.4733, ""contribution"": -0.2047}, {""name"": ""away_whiff_pct_rank"", ""value"": 7.0, ""contribution"": 0.1851}, {""name"": ""fi_park_nrfi_rate"", ""value"": 0.473, ""contribution"": 0.1321}, {""name"": ""home_top3_ops_vs_oppHand"", ""value"": 0.863, ""contribution"": 0.1191}]",427292,0.5307,5.526,5.257,50.0,7.0,0.7272,0.6509,4.47,4.4,0.956,0.863,R,R,YRFI,WIN,1,0,1,2026-08-05T23:24:58+00:00,+110,-140,DraftKings,2026-08-05T22:39:54+00:00,0.4762,0.5833,-0.1877,0.1282,0.1282,Y,8,5.714,+110,-145,2026-08-05T21:18:53+00:00,-0.0085,0.4132,YRFI,STRONG,,,,,,,
2026-08-05,2026,823106,1,N,DET,SEA,9:40 PM ET,Drew Anderson,Bryan Woo,623454,693433,ltd,live,live,live,0.95,0.3872,0.4713,0.8585,0.2778,0.2767,0.5544,0.5537,0.4463,0.2124,0.7876,0.574407,0.425593,NRFI,LEAN,LEAN NRFI,4,2026-08-06T00:35:21Z,4.213,4.155,1.284,1.095,3.914,3.316,3.23,1.9,1.25,1.04,10.19,9.25,0.319,0.311,0.411,0.38,4.535,4.043,,,,1.0,0.6,1.0,0.8,1.0,0.3468,0.369,0.4556,0.4591,0.1857,0.1833,lineup,lineup,"[{""id"": 702284, ""name"": ""Cole Young"", ""bats"": ""L"", ""obp"": 0.3267543859649123, ""slg"": 0.41927710843373495, ""iso"": 0.15180722891566267, ""ab"": 415}, {""id"": 668227, ""name"": ""Randy Arozarena"", ""bats"": ""R"", ""obp"": 0.3766519823788546, ""slg"": 0.45384615384615384, ""iso"": 0.1717948717948718, ""ab"": 390}, {""id"": 645302, ""name"": ""Victor Robles"", ""bats"": ""R"", ""obp"": 0.288, ""slg"": 0.2672413793103448, ""iso"": 0.02586206896551721, ""ab"": 116}]","[{""id"": 805808, ""name"": ""Kevin McGonigle"", ""bats"": ""L"", ""obp"": 0.3910386965376782, ""slg"": 0.42650602409638555, ""iso"": 0.14216867469879518, ""ab"": 415}, {""id"": 650402, ""name"": ""Gleyber Torres"", ""bats"": ""R"", ""obp"": 0.3855421686746988, ""slg"": 0.4077669902912621, ""iso"": 0.1407766990291262, ""ab"": 206}, {""id"": 693307, ""name"": ""Dillon Dingler"", ""bats"": ""R"", ""obp"": 0.3348623853211009, ""slg"": 0.5203045685279187, ""iso"": 0.24873096446700504, ""ab"": 394}]","[{""name"": ""away_top3_ops_vs_oppHand"", ""value"": 0.881, ""contribution"": 0.1159}, {""name"": ""home_xera"", ""value"": 2.9856, ""contribution"": -0.1158}, {""name"": ""away_top3c_slg"", ""value"": 0.4591, ""contribution"": -0.0954}, {""name"": ""home_fip"", ""value"": 3.3158, ""contribution"": -0.0744}, {""name"": ""fi_park_nrfi_rate"", ""value"": 0.5131, ""contribution"": -0.0529}]","[{""name"": ""home_top3c_slg"", ""value"": 0.4556, ""contribution"": -0.0946}, {""name"": ""away_p_last10_pitcher_nrfi"", ""value"": 1.0, ""contribution"": -0.0929}, {""name"": ""fi_park_nrfi_rate"", ""value"": 0.5131, ""contribution"": -0.0814}, {""name"": ""wx_is_dome"", ""value"": 1.0, ""contribution"": -0.0758}, {""name"": ""away_whiff_pct_rank"", ""value"": 65.0, ""contribution"": -0.0652}]",547380,0.5173,2.986,5.14,50.0,65.0,0.7136,0.7136,5.47,3.67,0.881,0.8147,R,R,NRFI,WIN,0,0,0,2026-08-06T01:51:27+00:00,-130,+100,DraftKings,2026-08-06T02:06:09+00:00,0.5652,0.5,-0.0115,-0.0537,-0.0115,N,0.5,0,-130,+100,2026-08-06T00:35:06+00:00,0,0.5651,NRFI,STRONG,,,,,,,
2026-08-05,2026,823516,1,N,STL,NYY,7:05 PM ET,Andre Pallante,Will Warren,669467,701542,live,live,live,live,1.02,0.495,0.5087,1.0037,0.3788,0.3943,0.7731,0.4848,0.5152,0.2656,0.7344,0.461569,0.538431,PASS,NO EDGE,PASS - No edge,4,2026-08-05T22:50:31Z,4.122,4.221,1.276,1.363,3.979,4.035,2.8,3.16,0.86,1.24,6.45,9.18,0.315,0.31,0.382,0.412,4.368,4.562,24.9,6.3,96.0,0.0,0.6,1.0,0.6,0.9,0.3287,0.3522,0.5073,0.4135,0.2518,0.1549,lineup,lineup,"[{""id"": 663757, ""name"": ""Trent Grisham"", ""bats"": ""L"", ""obp"": 0.3136729222520107, ""slg"": 0.38509316770186336, ""iso"": 0.17080745341614909, ""ab"": 322}, {""id"": 700250, ""name"": ""Ben Rice"", ""bats"": ""L"", ""obp"": 0.35268817204301073, ""slg"": 0.5530864197530864, ""iso"": 0.29135802469135796, ""ab"": 405}, {""id"": 645305, ""name"": ""Ali S\u00e1nchez"", ""bats"": ""R"", ""obp"": 0.3050847457627119, ""slg"": 0.36363636363636365, ""iso"": 0.09090909090909094, ""ab"": 55}]","[{""id"": 802139, ""name"": ""JJ Wetherholt"", ""bats"": ""L"", ""obp"": 0.3483606557377049, ""slg"": 0.38571428571428573, ""iso"": 0.1380952380952381, ""ab"": 420}, {""id"": 671056, ""name"": ""Iv\u00e1n Herrera"", ""bats"": ""R"", ""obp"": 0.3565737051792829, ""slg"": 0.37292161520190026, ""iso"": 0.13301662707838482, ""ab"": 421}, {""id"": 676475, ""name"": ""Alec Burleson"", ""bats"": ""L"", ""obp"": 0.3514644351464435, ""slg"": 0.4802784222737819, ""iso"": 0.19257540603248263, ""ab"": 431}]","[{""name"": ""away_top3c_iso"", ""value"": 0.1549, ""contribution"": -0.1663}, {""name"": ""fi_park_nrfi_rate"", ""value"": 0.4526, ""contribution"": 0.1563}, {""name"": ""away_top3c_slg"", ""value"": 0.4135, ""contribution"": 0.1355}, {""name"": ""home_p_last10_pitcher_nrfi"", ""value"": 0.6, ""contribution"": -0.0455}, {""name"": ""away_top3_ops_vs_oppHand"", ""value"": 0.807, ""contribution"": 0.0405}]","[{""name"": ""home_top3c_slg"", ""value"": 0.5073, ""contribution"": -0.4158}, {""name"": ""home_top3c_iso"", ""value"": 0.2518, ""contribution"": 0.3438}, {""name"": ""fi_park_nrfi_rate"", ""value"": 0.4526, ""contribution"": 0.2403}, {""name"": ""home_top3_ops_vs_oppHand"", ""value"": 0.8613, ""contribution"": 0.1171}, {""name"": ""away_p_last10_pitcher_nrfi"", ""value"": 0.9, ""contribution"": -0.0601}]",484183,0.5086,4.345,4.364,39.0,56.0,0.7396,0.6796,4.8,5.87,0.807,0.8613,R,R,NRFI,PASS,0,0,0,2026-08-06T00:33:01+00:00,-115,-115,DraftKings,2026-08-06T00:29:48+00:00,0.5349,0.5349,-0.0501,-0.0197,,N,,,-115,-115,2026-08-05T22:45:17+00:00,,0.4616,PASS,NO EDGE,,,,,,,
2026-08-05,2026,824482,1,N,OAK,CIN,6:40 PM ET,Jacob Lopez,Rhett Lowder,682052,695076,live,ltd,live,live,1.09,0.6053,0.7167,1.3221,0.3713,0.4044,0.7757,0.4844,0.5156,0.381,0.619,0.460366,0.539634,PASS,NO EDGE,PASS - No edge,4,2026-08-05T22:36:12Z,5.176,5.013,1.524,1.435,5.006,4.357,4.69,3.66,1.49,1.13,8.81,7.97,0.32,0.311,0.401,0.398,4.363,4.209,30.7,4.9,46.0,0.0,0.8,1.0,0.7,1.0,0.3489,0.3179,0.4681,0.3992,0.2027,0.1573,lineup,lineup,"[{""id"": 682829, ""name"": ""Elly De La Cruz"", ""bats"": ""S"", ""obp"": 0.35645933014354064, ""slg"": 0.4986449864498645, ""iso"": 0.2222222222222222, ""ab"": 369}, {""id"": 701398, ""name"": ""Sal Stewart"", ""bats"": ""R"", ""obp"": 0.33539094650205764, ""slg"": 0.47877358490566035, ""iso"": 0.22405660377358488, ""ab"": 424}, {""id"": 667472, ""name"": ""Dane Myers"", ""bats"": ""R"", ""obp"": 0.36649214659685864, ""slg"": 0.3719512195121951, ""iso"": 0.10365853658536583, ""ab"": 164}]","[{""id"": 671732, ""name"": ""Lawrence Butler"", ""bats"": ""L"", ""obp"": 0.30513595166163143, ""slg"": 0.3217993079584775, ""iso"": 0.11418685121107267, ""ab"": 289}, {""id"": 805779, ""name"": ""Jacob Wilson"", ""bats"": ""R"", ""obp"": 0.30618892508143325, ""slg"": 0.3972602739726027, ""iso"": 0.1232876712328767, ""ab"": 292}, {""id"": 691016, ""name"": ""Tyler Soderstrom"", ""bats"": ""L"", ""obp"": 0.33651551312649164, ""slg"": 0.46174863387978143, ""iso"": 0.21857923497267762, ""ab"": 366}]","[{""name"": ""away_top3c_slg"", ""value"": 0.3992, ""contribution"": 0.2083}, {""name"": ""away_top3c_iso"", ""value"": 0.1573, ""contribution"": -0.149}, {""name"": ""wx_temp_c"", ""value"": 30.7, ""contribution"": 0.0565}, {""name"": ""home_fip"", ""value"": 4.3568, ""contribution"": 0.0425}, {""name"": ""home_xera"", ""value"": 4.5134, ""contribution"": 0.0408}]","[{""name"": ""home_top3_ops_vs_oppHand"", ""value"": 0.9357, ""contribution"": 0.2061}, {""name"": ""home_top3c_slg"", ""value"": 0.4681, ""contribution"": -0.1723}, {""name"": ""home_top3c_iso"", ""value"": 0.2027, ""contribution"": 0.1119}, {""name"": ""away_fip"", ""value"": 5.0062, ""contribution"": 0.1088}, {""name"": ""away_p_last10_pitcher_nrfi"", ""value"": 1.0, ""contribution"": -0.0929}]",504381,0.4205,4.513,3.53,50.0,71.0,0.7136,0.7136,4.73,3.67,0.7397,0.9357,L,R,YRFI,PASS,1,0,1,2026-08-05T22:57:19+00:00,-105,-125,DraftKings,2026-08-05T22:45:17+00:00,0.5122,0.5556,-0.0278,-0.04,,N,,,-105,-125,2026-08-05T22:39:54+00:00,,0.4877,PASS,NO EDGE,,,,,,,
2026-08-05,2026,824158,1,N,TOR,HOU,2:10 PM ET,Jameson Taillon,Hunter Brown,592791,686613,live,live,live,live,0.99,0.4647,0.7178,1.1825,0.2266,0.5779,0.8044,0.4753,0.5247,0.331,0.669,0.447351,0.552649,PASS,NO EDGE,PASS - No edge,4,2026-08-05T17:27:12Z,5.148,2.99,1.257,1.177,6.083,3.812,2.74,4.13,2.52,0.94,7.63,9.71,0.305,0.321,0.38,0.415,3.965,4.642,,,,1.0,0.6,0.6,0.8,0.6,0.3807,0.311,0.5244,0.4182,0.2285,0.1682,lineup,lineup,"[{""id"": 665161, ""name"": ""Jeremy Pe\u00f1a"", ""bats"": ""R"", ""obp"": 0.3758620689655172, ""slg"": 0.5190839694656488, ""iso"": 0.20229007633587787, ""ab"": 262}, {""id"": 670541, ""name"": ""Yordan Alvarez"", ""bats"": ""L"", ""obp"": 0.44288577154308617, ""slg"": 0.6439024390243903, ""iso"": 0.3146341463414634, ""ab"": 410}, {""id"": 514888, ""name"": ""Jose Altuve"", ""bats"": ""R"", ""obp"": 0.3038961038961039, ""slg"": 0.38920454545454547, ""iso"": 0.14772727272727273, ""ab"": 352}]","[{""id"": 664770, ""name"": ""Nathan Lukes"", ""bats"": ""L"", ""obp"": 0.3248175182481752, ""slg"": 0.3705179282868526, ""iso"": 0.10358565737051795, ""ab"": 251}, {""id"": 672960, ""name"": ""Kazuma Okamoto"", ""bats"": ""R"", ""obp"": 0.3030973451327434, ""slg"": 0.4433497536945813, ""iso"": 0.2142857142857143, ""ab"": 406}, {""id"": 660821, ""name"": ""Jes\u00fas S\u00e1nchez"", ""bats"": ""L"", ""obp"": 0.30991735537190085, ""slg"": 0.4260089686098655, ""iso"": 0.15695067264573992, ""ab"": 223}]","[{""name"": ""home_xera"", ""value"": 1.82, ""contribution"": -0.2352}, {""name"": ""era_gap_t1"", ""value"": -2.1571, ""contribution"": -0.2329}, {""name"": ""away_top3c_slg"", ""value"": 0.4182, ""contribution"": 0.1119}, {""name"": ""away_top3c_iso"", ""value"": 0.1682, ""contribution"": -0.0726}, {""name"": ""fi_park_nrfi_rate"", ""value"": 0.482, ""contribution"": 0.0547}]","[{""name"": ""home_top3c_slg"", ""value"": 0.5244, ""contribution"": -0.5219}, {""name"": ""home_top3c_iso"", ""value"": 0.2285, ""contribution"": 0.2337}, {""name"": ""away_fip"", ""value"": 6.0834, ""contribution"": 0.2239}, {""name"": ""home_top3_ops_vs_oppHand"", ""value"": 0.9287, ""contribution"": 0.1978}, {""name"": ""era_gap_b1"", ""value"": 2.1571, ""contribution"": 0.1464}]",483912,0.5511,1.82,3.72,55.0,48.0,0.7396,0.678,5.47,4.13,0.7673,0.9287,R,R,NRFI,PASS,0,0,0,2026-08-05T18:32:47+00:00,,,,,,,,,,,,,,,,,0.6424,NRFI,STRONG,,,,,,,
2026-08-05,2026,824646,1,N,LAD,CHC,2:20 PM ET,Eric Lauer,Shota Imanaga,641778,684007,live,live,live,live,1.0,0.5248,0.6502,1.175,0.3002,0.515,0.8151,0.4695,0.5305,0.3283,0.6717,0.44259,0.55741,PASS,NO EDGE,PASS - No edge,4,2026-08-05T18:19:06Z,4.128,3.684,1.176,1.051,5.296,4.603,2.78,1.95,1.82,1.75,6.72,8.15,0.336,0.336,0.427,0.414,5.004,5.058,24.1,8.4,84.0,0.0,0.8,0.6,0.9,0.5,0.3631,0.3713,0.4634,0.4912,0.1959,0.2014,lineup,lineup,"[{""id"": 691718, ""name"": ""Pete Crow-Armstrong"", ""bats"": ""L"", ""obp"": 0.384, ""slg"": 0.5352112676056338, ""iso"": 0.25117370892018775, ""ab"": 426}, {""id"": 673548, ""name"": ""Seiya Suzuki"", ""bats"": ""R"", ""obp"": 0.36792452830188677, ""slg"": 0.4821917808219178, ""iso"": 0.2082191780821918, ""ab"": 365}, {""id"": 608324, ""name"": ""Alex Bregman"", ""bats"": ""R"", ""obp"": 0.33858267716535434, ""slg"": 0.37813211845102507, ""iso"": 0.13211845102505695, ""ab"": 439}]","[{""id"": 660271, ""name"": ""Shohei Ohtani"", ""bats"": ""L"", ""obp"": 0.39705882352941174, ""slg"": 0.5388471177944862, ""iso"": 0.24561403508771934, ""ab"": 399}, {""id"": 666163, ""name"": ""Ben Rortvedt"", ""bats"": ""L"", ""obp"": 0.0, ""slg"": 0.0, ""iso"": 0.0, ""ab"": 2}, {""id"": 571771, ""name"": ""Enrique Hern\u00e1ndez"", ""bats"": ""R"", ""obp"": 0.3125, ""slg"": 0.625, ""iso"": 0.3125, ""ab"": 16}]","[{""name"": ""away_top3c_slg"", ""value"": 0.4912, ""contribution"": -0.2582}, {""name"": ""away_top3c_iso"", ""value"": 0.2014, ""contribution"": 0.1616}, {""name"": ""fi_park_nrfi_rate"", ""value"": 0.5429, ""contribution"": -0.1558}, {""name"": ""away_top3_ops_vs_oppHand"", ""value"": 0.8443, ""contribution"": 0.0786}, {""name"": ""home_p_last10_pitcher_nrfi"", ""value"": 0.9, ""contribution"": 0.0716}]","[{""name"": ""fi_park_nrfi_rate"", ""value"": 0.5429, ""contribution"": -0.2395}, {""name"": ""home_obp"", ""value"": 0.3363, ""contribution"": 0.1577}, {""name"": ""home_top3c_slg"", ""value"": 0.4634, ""contribution"": -0.143}, {""name"": ""away_fip"", ""value"": 5.2956, ""contribution"": 0.1397}, {""name"": ""home_top3_ops_vs_oppHand"", ""value"": 0.88, ""contribution"": 0.1395}]",623938,0.4993,3.775,4.073,47.0,20.0,0.7396,0.6258,5.87,5.87,0.8443,0.88,L,L,YRFI,PASS,1,1,2,2026-08-05T18:37:41+00:00,,,,,,,,,,,,,,,,,0.6370,NRFI,STRONG,,,,,,,
2026-08-05,2026,824402,1,N,NYM,CLE,6:40 PM ET,Christian Scott,Tanner Bibee,681035,676440,ltd,live,live,live,0.96,0.4649,0.4557,0.9206,0.2936,0.2782,0.5718,0.5477,0.4523,0.2351,0.7649,0.564517,0.435483,NRFI,LEAN,LEAN NRFI,4,2026-08-05T21:35:33Z,3.423,3.91,1.247,1.169,3.675,4.482,3.55,2.61,1.02,1.36,10.22,7.09,0.305,0.312,0.384,0.373,4.112,3.996,26.8,12.8,55.0,0.0,0.8,1.0,0.8,0.9,0.3337,0.3133,0.3879,0.3906,0.1287,0.1373,lineup,lineup,"[{""id"": 680757, ""name"": ""Steven Kwan"", ""bats"": ""L"", ""obp"": 0.3627684964200477, ""slg"": 0.31932773109243695, ""iso"": 0.05882352941176466, ""ab"": 357}, {""id"": 608070, ""name"": ""Jos\u00e9 Ram\u00edrez"", ""bats"": ""S"", ""obp"": 0.33147632311977715, ""slg"": 0.3883495145631068, ""iso"": 0.1553398058252427, ""ab"": 309}, {""id"": 666176, ""name"": ""Jo Adell"", ""bats"": ""R"", ""obp"": 0.29067245119305857, ""slg"": 0.3981264637002342, ""iso"": 0.15690866510538642, ""ab"": 427}]","[{""id"": 805999, ""name"": ""A.J. Ewing"", ""bats"": ""L"", ""obp"": 0.33220338983050846, ""slg"": 0.4015151515151515, ""iso"": 0.13636363636363635, ""ab"": 264}, {""id"": 596019, ""name"": ""Francisco Lindor"", ""bats"": ""S"", ""obp"": 0.3170731707317073, ""slg"": 0.4200913242009132, ""iso"": 0.1872146118721461, ""ab"": 219}, {""id"": 666182, ""name"": ""Bo Bichette"", ""bats"": ""R"", ""obp"": 0.2997946611909651, ""slg"": 0.36971046770601335, ""iso"": 0.11358574610244987, ""ab"": 449}]","[{""name"": ""away_top3c_iso"", ""value"": 0.1373, ""contribution"": -0.2898}, {""name"": ""away_top3c_slg"", ""value"": 0.3906, ""contribution"": 0.2518}, {""name"": ""fi_park_nrfi_rate"", ""value"": 0.528, ""contribution"": -0.1042}, {""name"": ""away_top3_ops_vs_oppHand"", ""value"": 0.698, ""contribution"": -0.0706}, {""name"": ""home_fip"", ""value"": 4.4823, ""contribution"": 0.0565}]","[{""name"": ""home_top3c_slg"", ""value"": 0.3879, ""contribution"": 0.326}, {""name"": ""home_top3c_iso"", ""value"": 0.1287, ""contribution"": -0.2374}, {""name"": ""fi_park_nrfi_rate"", ""value"": 0.528, ""contribution"": -0.1602}, {""name"": ""home_top3_ops_vs_oppHand"", ""value"": 0.684, ""contribution"": -0.0952}, {""name"": ""away_p_last10_pitcher_nrfi"", ""value"": 0.9, ""contribution"": -0.0601}]",489985,0.4845,3.633,8.043,47.0,50.0,0.7272,0.7136,6.0,4.87,0.698,0.684,R,R,NRFI,WIN,0,0,0,2026-08-05T22:56:18+00:00,-150,+115,DraftKings,2026-08-05T22:45:17+00:00,0.6,0.4651,-0.0523,-0.0128,-0.0523,N,0.5,0,-150,+115,2026-08-05T21:18:53+00:00,0,0.4589,PASS,NO EDGE,,,,,,,
2026-08-05,2026,824806,1,N,LAA,BAL,6:35 PM ET,Reid Detmers,Trevor Rogers,672282,669432,live,live,live,live,1.06,0.411,0.4895,0.9005,0.3009,0.3213,0.6222,0.519,0.481,0.2277,0.7723,0.536745,0.463255,NRFI,LEAN,LEAN NRFI,4,2026-08-05T21:21:29Z,4.037,3.667,1.144,1.187,3.439,3.483,2.86,2.58,1.07,0.75,10.37,7.65,0.313,0.319,0.385,0.393,4.207,4.512,28.0,1.5,83.0,0.0,1.0,0.6,1.0,0.7,0.317,0.3497,0.427,0.4209,0.1937,0.1725,lineup,lineup,"[{""id"": 687637, ""name"": ""Dylan Beavers"", ""bats"": ""L"", ""obp"": 0.32663316582914576, ""slg"": 0.3465909090909091, ""iso"": 0.10227272727272729, ""ab"": 176}, {""id"": 624413, ""name"": ""Pete Alonso"", ""bats"": ""R"", ""obp"": 0.3448979591836735, ""slg"": 0.46335697399527187, ""iso"": 0.21276595744680854, ""ab"": 423}, {""id"": 683002, ""name"": ""Gunnar Henderson"", ""bats"": ""L"", ""obp"": 0.2901960784313726, ""slg"": 0.3934782608695652, ""iso"": 0.17608695652173914, ""ab"": 460}]","[{""id"": 687263, ""name"": ""Zach Neto"", ""bats"": ""R"", ""obp"": 0.3184584178498986, ""slg"": 0.42298850574712643, ""iso"": 0.19310344827586207, ""ab"": 435}, {""id"": 545361, ""name"": ""Mike Trout"", ""bats"": ""R"", ""obp"": 0.38954869358669836, ""slg"": 0.45132743362831856, ""iso"": 0.20648967551622416, ""ab"": 339}, {""id"": 694384, ""name"": ""Nolan Schanuel"", ""bats"": ""L"", ""obp"": 0.3462532299741602, ""slg"": 0.3884057971014493, ""iso"": 0.11304347826086958, ""ab"": 345}]","[{""name"": ""home_p_last10_pitcher_nrfi"", ""value"": 1.0, ""contribution"": 0.1107}, {""name"": ""away_top3c_slg"", ""value"": 0.4209, ""contribution"": 0.0981}, {""name"": ""home_xera"", ""value"": 3.2577, ""contribution"": -0.0879}, {""name"": ""fi_park_nrfi_rate"", ""value"": 0.519, ""contribution"": -0.0733}, {""name"": ""home_fip"", ""value"": 3.4828, ""contribution"": -0.0557}]","[{""name"": ""fi_park_nrfi_rate"", ""value"": 0.519, ""contribution"": -0.1127}, {""name"": ""wx_wind_kmh"", ""value"": 1.5, ""contribution"": -0.1052}, {""name"": ""home_top3c_slg"", ""value"": 0.427, ""contribution"": 0.0835}, {""name"": ""home_top3c_obp"", ""value"": 0.317, ""contribution"": -0.0817}, {""name"": ""home_top3c_iso"", ""value"": 0.1937, ""contribution"": 0.0691}]",483564,0.5037,3.258,3.122,47.0,65.0,0.7136,0.7396,6.07,5.07,0.7837,0.7197,L,L,NRFI,WIN,0,0,0,2026-08-05T22:51:01+00:00,-135,+105,DraftKings,2026-08-05T21:13:34+00:00,0.5745,0.4878,-0.0555,-0.0068,-0.0555,N,0.5,0,-135,+105,2026-08-05T21:18:53+00:00,0,0.5902,NRFI,STRONG,,,,,,,
2026-08-05,2026,824728,1,N,CWS,BOS,7:10 PM ET,Sean Burke,Sonny Gray,680732,543243,live,live,live,live,1.05,0.4529,0.503,0.9559,0.3733,0.3278,0.701,0.4989,0.5011,0.248,0.752,0.496068,0.503932,PASS,NO EDGE,PASS - No edge,4,2026-08-05T23:05:00Z,3.328,3.282,1.183,1.186,3.634,3.61,3.06,2.26,1.09,1.03,9.85,8.38,0.316,0.317,0.406,0.401,4.728,4.374,29.3,8.9,53.0,0.0,1.0,1.0,0.7,0.7,0.3296,0.3573,0.4581,0.4716,0.1888,0.2219,lineup,lineup,"[{""id"": 686765, ""name"": ""Nick Sogard"", ""bats"": ""S"", ""obp"": 0.375, ""slg"": 0.35185185185185186, ""iso"": 0.09259259259259262, ""ab"": 54}, {""id"": 678882, ""name"": ""Ceddanne Rafaela"", ""bats"": ""R"", ""obp"": 0.3295711060948081, ""slg"": 0.4784688995215311, ""iso"": 0.18899521531100477, ""ab"": 418}, {""id"": 677800, ""name"": ""Wilyer Abreu"", ""bats"": ""L"", ""obp"": 0.3235294117647059, ""slg"": 0.4515366430260047, ""iso"": 0.20094562647754138, ""ab"": 423}]","[{""id"": 803011, ""name"": ""Sam Antonacci"", ""bats"": ""L"", ""obp"": 0.36164383561643837, ""slg"": 0.4043887147335423, ""iso"": 0.1316614420062696, ""ab"": 319}, {""id"": 808959, ""name"": ""Munetaka Murakami"", ""bats"": ""L"", ""obp"": 0.3761194029850746, ""slg"": 0.5418181818181819, ""iso"": 0.2981818181818182, ""ab"": 275}, {""id"": 678246, ""name"": ""Miguel Vargas"", ""bats"": ""R"", ""obp"": 0.3409090909090909, ""slg"": 0.4768856447688564, ""iso"": 0.2408759124087591, ""ab"": 411}]","[{""name"": ""away_top3c_iso"", ""value"": 0.2219, ""contribution"": 0.3057}, {""name"": ""away_top3c_slg"", ""value"": 0.4716, ""contribution"": -0.1589}, {""name"": ""away_top3_ops_vs_oppHand"", ""value"": 0.8747, ""contribution"": 0.1095}, {""name"": ""fi_park_nrfi_rate"", ""value"": 0.5121, ""contribution"": -0.0494}, {""name"": ""wx_temp_c"", ""value"": 29.3, ""contribution"": 0.0482}]","[{""name"": ""home_top3c_slg"", ""value"": 0.4581, ""contribution"": -0.11}, {""name"": ""fi_park_nrfi_rate"", ""value"": 0.5121, ""contribution"": -0.076}, {""name"": ""wx_temp_c"", ""value"": 29.3, ""contribution"": 0.0672}, {""name"": ""away_whiff_pct_rank"", ""value"": 35.0, ""contribution"": 0.0643}, {""name"": ""home_top3c_iso"", ""value"": 0.1888, ""contribution"": 0.0463}]",665576,0.4578,3.87,4.644,65.0,35.0,0.7412,0.6796,6.0,6.33,0.8747,0.7687,R,R,YRFI,PASS,0,1,1,2026-08-05T23:28:46+00:00,-135,+105,DraftKings,2026-08-05T23:35:48+00:00,0.5745,0.4878,-0.0756,0.0133,,N,,,-135,+105,2026-08-05T23:08:44+00:00,,0.4877,PASS,NO EDGE,,,,,,,
2026-08-05,2026,824082,1,N,MIN,KC,7:40 PM ET,Dean Kremer,Noah Cameron,665152,702070,live,live,live,live,0.96,0.475,0.5858,1.0608,0.2686,0.395,0.6635,0.5113,0.4887,0.2866,0.7134,0.515035,0.484965,NRFI,LEAN,LEAN NRFI,4,2026-08-05T22:36:12Z,5.284,4.178,1.281,1.278,5.138,4.03,2.55,2.98,2.03,1.11,8.43,8.12,0.318,0.313,0.408,0.399,4.663,4.205,28.2,10.3,67.0,0.0,0.8,0.2,0.8,0.4,0.3226,0.3376,0.4439,0.4052,0.1881,0.1538,lineup,lineup,"[{""id"": 695600, ""name"": ""Carter Jensen"", ""bats"": ""L"", ""obp"": 0.3047619047619048, ""slg"": 0.42091152815013405, ""iso"": 0.19034852546916892, ""ab"": 373}, {""id"": 677951, ""name"": ""Bobby Witt Jr."", ""bats"": ""R"", ""obp"": 0.3532219570405728, ""slg"": 0.45454545454545453, ""iso"": 0.17112299465240638, ""ab"": 374}, {""id"": 695506, ""name"": ""Jac Caglianone"", ""bats"": ""L"", ""obp"": 0.3095823095823096, ""slg"": 0.456, ""iso"": 0.20266666666666666, ""ab"": 375}]","[{""id"": 668885, ""name"": ""Austin Martin"", ""bats"": ""R"", ""obp"": 0.35064935064935066, ""slg"": 0.313953488372093, ""iso"": 0.07751937984496124, ""ab"": 258}, {""id"": 680777, ""name"": ""Ryan Jeffers"", ""bats"": ""R"", ""obp"": 0.38388625592417064, ""slg"": 0.5111111111111111, ""iso"": 0.22777777777777775, ""ab"": 180}, {""id"": 605137, ""name"": ""Josh Bell"", ""bats"": ""S"", ""obp"": 0.3059360730593607, ""slg"": 0.4164588528678304, ""iso"": 0.16957605985037405, ""ab"": 401}]","[{""name"": ""fi_park_nrfi_rate"", ""value"": 0.5614, ""contribution"": -0.2197}, {""name"": ""away_top3c_slg"", ""value"": 0.4052, ""contribution"": 0.1774}, {""name"": ""away_top3c_iso"", ""value"": 0.1538, ""contribution"": -0.1742}, {""name"": ""era_gap_t1"", ""value"": -1.1066, ""contribution"": -0.1192}, {""name"": ""wx_temp_c"", ""value"": 28.2, ""contribution"": 0.0416}]","[{""name"": ""fi_park_nrfi_rate"", ""value"": 0.5614, ""contribution"": -0.3377}, {""name"": ""away_fip"", ""value"": 5.138, ""contribution"": 0.1229}, {""name"": ""away_p_last10_pitcher_nrfi"", ""value"": 0.4, ""contribution"": 0.1041}, {""name"": ""era_gap_b1"", ""value"": 1.1066, ""contribution"": 0.0749}, {""name"": ""home_top3c_obp"", ""value"": 0.3226, ""contribution"": -0.062}]",427197,0.5268,4.444,3.819,76.0,41.0,0.751,0.7197,5.73,5.0,0.794,0.775,R,L,NRFI,WIN,0,0,0,2026-08-05T23:52:07+00:00,-110,-120,DraftKings,2026-08-05T23:35:48+00:00,0.5238,0.5455,-0.0125,-0.0568,-0.0125,N,0.5,0,-110,-120,2026-08-05T22:39:54+00:00,0,0.4877,PASS,NO EDGE,,,,,,,
2026-08-05,2026,824889,1,N,MIA,ATL,7:15 PM ET,Eury Pérez,Bryce Elder,691587,693821,live,live,live,live,0.98,0.5379,0.4902,1.0281,0.3446,0.3523,0.6969,0.4999,0.5001,0.2746,0.7254,0.498123,0.501877,PASS,NO EDGE,PASS - No edge,4,2026-08-05T23:05:00Z,3.66,4.207,1.098,1.285,3.832,4.593,3.33,3.0,1.13,1.42,9.68,7.61,0.324,0.315,0.406,0.417,4.384,4.848,24.2,7.0,89.0,0.0,1.0,1.0,0.8,0.7,0.3542,0.3497,0.4867,0.4444,0.2241,0.1585,lineup,lineup,"[{""id"": 686948, ""name"": ""Drake Baldwin"", ""bats"": ""L"", ""obp"": 0.36159600997506236, ""slg"": 0.46131805157593125, ""iso"": 0.19197707736389685, ""ab"": 349}, {""id"": 660670, ""name"": ""Ronald Acu\u00f1a Jr."", ""bats"": ""R"", ""obp"": 0.3592592592592593, ""slg"": 0.41333333333333333, ""iso"": 0.17333333333333334, ""ab"": 225}, {""id"": 621566, ""name"": ""Matt Olson"", ""bats"": ""L"", ""obp"": 0.34545454545454546, ""slg"": 0.5444191343963554, ""iso"": 0.275626423690205, ""ab"": 439}]","[{""id"": 669364, ""name"": ""Xavier Edwards"", ""bats"": ""S"", ""obp"": 0.3670886075949367, ""slg"": 0.39371980676328505, ""iso"": 0.106280193236715, ""ab"": 414}, {""id"": 669065, ""name"": ""Kyle Stowers"", ""bats"": ""L"", ""obp"": 0.3209549071618037, ""slg"": 0.4578313253012048, ""iso"": 0.2228915662650602, ""ab"": 332}, {""id"": 672640, ""name"": ""Otto Lopez"", ""bats"": ""R"", ""obp"": 0.3550420168067227, ""slg"": 0.4818181818181818, ""iso"": 0.15909090909090906, ""ab"": 440}]","[{""name"": ""away_top3c_iso"", ""value"": 0.1585, ""contribution"": -0.1407}, {""name"": ""home_fip"", ""value"": 4.5932, ""contribution"": 0.069}, {""name"": ""era_gap_t1"", ""value"": 0.5468, ""contribution"": 0.0598}, {""name"": ""away_top3_ops_vs_oppHand"", ""value"": 0.8097, ""contribution"": 0.0432}, {""name"": ""fi_park_nrfi_rate"", ""value"": 0.5093, ""contribution"": -0.0398}]","[{""name"": ""home_top3c_slg"", ""value"": 0.4867, ""contribution"": -0.2875}, {""name"": ""home_top3c_iso"", ""value"": 0.2241, ""contribution"": 0.2128}, {""name"": ""home_top3_ops_vs_oppHand"", ""value"": 0.8923, ""contribution"": 0.1543}, {""name"": ""away_whiff_pct_rank"", ""value"": 68.0, ""contribution"": -0.0782}, {""name"": ""fi_park_nrfi_rate"", ""value"": 0.5093, ""contribution"": -0.0612}]",623949,0.5484,4.332,3.511,24.0,68.0,0.7197,0.6363,5.0,6.4,0.8097,0.8923,R,R,NRFI,PASS,0,0,0,2026-08-05T23:27:35+00:00,-125,-105,DraftKings,2026-08-05T23:35:48+00:00,0.5556,0.5122,-0.0557,-0.0121,,N,,,-125,-105,2026-08-05T23:14:04+00:00,,0.5400,PASS,NO EDGE,,,,,,,
2026-08-05,2026,822866,1,N,SF,TEX,2:35 PM ET,Carson Whisenhunt,Cody Bradford,687931,674003,ltd,avg,live,live,1.07,0.5181,0.6975,1.2156,0.2269,0.3459,0.5728,0.5473,0.4527,0.343,0.657,0.563933,0.436067,PASS,NO DATA,PASS - No data,3,2026-08-05T18:19:06Z,5.072,4.17,1.441,1.26,5.157,4.17,4.04,2.93,1.58,1.21,8.04,8.75,0.31,0.318,0.413,0.402,4.236,4.174,,,,1.0,0.5,0.6,0.5,0.4444,0.3292,0.3188,0.4581,0.4339,0.1862,0.1734,lineup,lineup,"[{""id"": 694671, ""name"": ""Wyatt Langford"", ""bats"": ""R"", ""obp"": 0.31343283582089554, ""slg"": 0.488, ""iso"": 0.22399999999999998, ""ab"": 250}, {""id"": 677649, ""name"": ""Ezequiel Duran"", ""bats"": ""R"", ""obp"": 0.32914572864321606, ""slg"": 0.4628099173553719, ""iso"": 0.18457300275482097, ""ab"": 363}, {""id"": 607043, ""name"": ""Brandon Nimmo"", ""bats"": ""L"", ""obp"": 0.3384279475982533, ""slg"": 0.4358353510895884, ""iso"": 0.16464891041162227, ""ab"": 413}]","[{""id"": 805811, ""name"": ""Bryce Eldridge"", ""bats"": ""L"", ""obp"": 0.3506944444444444, ""slg"": 0.444, ""iso"": 0.188, ""ab"": 250}, {""id"": 808982, ""name"": ""Jung Hoo Lee"", ""bats"": ""L"", ""obp"": 0.33966745843230406, ""slg"": 0.4517766497461929, ""iso"": 0.14720812182741116, ""ab"": 394}, {""id"": 642715, ""name"": ""Willy Adames"", ""bats"": ""R"", ""obp"": 0.2794759825327511, ""slg"": 0.41134751773049644, ""iso"": 0.18912529550827423, ""ab"": 423}]","[{""name"": ""fi_park_nrfi_rate"", ""value"": 0.5398, ""contribution"": -0.1451}, {""name"": ""era_gap_t1"", ""value"": -0.9018, ""contribution"": -0.097}, {""name"": ""home_p_last10_pitcher_nrfi"", ""value"": 0.5, ""contribution"": -0.0846}, {""name"": ""away_top3_ops_vs_oppHand"", ""value"": 0.7003, ""contribution"": -0.0682}, {""name"": ""away_top3c_iso"", ""value"": 0.1734, ""contribution"": -0.036}]","[{""name"": ""fi_park_nrfi_rate"", ""value"": 0.5398, ""contribution"": -0.2231}, {""name"": ""away_fip"", ""value"": 5.157, ""contribution"": 0.1249}, {""name"": ""home_top3c_slg"", ""value"": 0.4581, ""contribution"": -0.1099}, {""name"": ""away_p_last10_pitcher_nrfi"", ""value"": 0.4444, ""contribution"": 0.0895}, {""name"": ""wx_is_dome"", ""value"": 1.0, ""contribution"": -0.0758}]",665299,0.5084,4.2,4.2,50.0,50.0,0.7136,0.7136,5.0,4.8,0.7003,0.8083,L,L,NRFI,PASS,0,0,0,2026-08-05T18:58:02+00:00,,,,,,,,,,,,,,,,,0.6428,NRFI,STRONG,,,,,,,
2026-08-06,2026,825053,1,N,SD,ARI,9:40 PM ET,Walker Buehler,Kohl Drake,621111,684442,live,sm,live,live,1.0,0.5183,0.6143,1.1326,0.3721,0.6472,1.0192,0.3657,0.6343,0.3129,0.6871,0.360876,0.639124,YRFI,STRONG,STRONG YRFI,4,2026-08-07T00:38:58Z,5.115,4.337,1.469,1.309,4.764,4.505,3.96,3.06,1.31,1.42,7.58,8.64,0.312,0.315,0.385,0.395,4.258,4.573,,,,1.0,0.6667,0.8,0.6667,0.8,0.358,0.3218,0.4242,0.3893,0.1659,0.1452,lineup,lineup,"[{""id"": 672695, ""name"": ""Geraldo Perdomo"", ""bats"": ""S"", ""obp"": 0.3592436974789916, ""slg"": 0.3677581863979849, ""iso"": 0.12342569269521414, ""ab"": 397}, {""id"": 682998, ""name"": ""Corbin Carroll"", ""bats"": ""L"", ""obp"": 0.34024896265560167, ""slg"": 0.47002398081534774, ""iso"": 0.22541966426858515, ""ab"": 417}, {""id"": 672515, ""name"": ""Gabriel Moreno"", ""bats"": ""R"", ""obp"": 0.38028169014084506, ""slg"": 0.43521594684385384, ""iso"": 0.13953488372093026, ""ab"": 301}]","[{""id"": 665487, ""name"": ""Fernando Tatis Jr."", ""bats"": ""R"", ""obp"": 0.3493975903614458, ""slg"": 0.4018058690744921, ""iso"": 0.12189616252821672, ""ab"": 443}, {""id"": 650859, ""name"": ""Luis Rengifo"", ""bats"": ""S"", ""obp"": 0.3176895306859206, ""slg"": 0.30327868852459017, ""iso"": 0.06967213114754098, ""ab"": 244}, {""id"": 592518, ""name"": ""Manny Machado"", ""bats"": ""R"", ""obp"": 0.29535864978902954, ""slg"": 0.42650602409638555, ""iso"": 0.21445783132530122, ""ab"": 415}]","[{""name"": ""away_top3c_slg"", ""value"": 0.3893, ""contribution"": 0.2582}, {""name"": ""fi_park_nrfi_rate"", ""value"": 0.4239, ""contribution"": 0.2555}, {""name"": ""away_top3c_iso"", ""value"": 0.1452, ""contribution"": -0.2345}, {""name"": ""era_gap_t1"", ""value"": -0.7781, ""contribution"": -0.0836}, {""name"": ""away_top3_ops_vs_oppHand"", ""value"": 0.693, ""contribution"": -0.0757}]","[{""name"": ""fi_park_nrfi_rate"", ""value"": 0.4239, ""contribution"": 0.3927}, {""name"": ""away_whiff_pct_rank"", ""value"": 15.0, ""contribution"": 0.1506}, {""name"": ""home_top3c_slg"", ""value"": 0.4242, ""contribution"": 0.1005}, {""name"": ""away_fip"", ""value"": 4.7635, ""contribution"": 0.0829}, {""name"": ""wx_is_dome"", ""value"": 1.0, ""contribution"": -0.0758}]",511890,0.5521,4.2,5.249,50.0,15.0,0.7136,0.7396,4.33,4.47,0.693,0.7713,R,L,YRFI,WIN,1,0,1,2026-08-07T01:59:39+00:00,+100,-135,DraftKings,2026-08-07T00:43:02+00:00,0.5,0.5745,-0.1343,0.0598,0.0598,Y,4,2.963,+100,-135,2026-08-07T00:25:56+00:00,0,0.4144,YRFI,STRONG,,,,,,,
2026-08-06,2026,823430,1,N,WSH,PHI,6:05 PM ET,Miles Mikolas,Cristopher Sánchez,571945,650911,live,live,live,live,1.04,0.4088,0.6498,1.0585,0.2768,0.7048,0.9816,0.4059,0.5941,0.2858,0.7142,0.374715,0.625285,YRFI,STRONG,STRONG YRFI,4,2026-08-06T21:04:56Z,5.446,2.586,1.342,1.17,5.715,2.644,1.91,2.04,2.03,0.7,4.9,10.26,0.326,0.306,0.435,0.4,5.248,4.404,29.5,11.0,72.0,0.0,0.8,0.2,0.7,0.6,0.3397,0.301,0.4696,0.4046,0.2218,0.1811,lineup,lineup,"[{""id"": 656941, ""name"": ""Kyle Schwarber"", ""bats"": ""L"", ""obp"": 0.36231884057971014, ""slg"": 0.5223880597014925, ""iso"": 0.281094527363184, ""ab"": 402}, {""id"": 607208, ""name"": ""Trea Turner"", ""bats"": ""R"", ""obp"": 0.296969696969697, ""slg"": 0.4, ""iso"": 0.15000000000000002, ""ab"": 460}, {""id"": 650559, ""name"": ""Bryan De La Cruz"", ""bats"": ""R"", ""obp"": 0.48148148148148145, ""slg"": 0.7619047619047619, ""iso"": 0.3333333333333333, ""ab"": 21}]","[{""id"": 686611, ""name"": ""Dylan Crews"", ""bats"": ""R"", ""obp"": 0.3015267175572519, ""slg"": 0.37446808510638296, ""iso"": 0.15319148936170213, ""ab"": 235}, {""id"": 694673, ""name"": ""Abimelec Ortiz"", ""bats"": ""L"", ""obp"": 0.2727272727272727, ""slg"": 0.6363636363636364, ""iso"": 0.36363636363636365, ""ab"": 11}, {""id"": 691781, ""name"": ""Brady House"", ""bats"": ""R"", ""obp"": 0.2822966507177033, ""slg"": 0.4072164948453608, ""iso"": 0.17525773195876287, ""ab"": 194}]","[{""name"": ""era_gap_t1"", ""value"": -2.8596, ""contribution"": -0.309}, {""name"": ""away_top3c_slg"", ""value"": 0.4046, ""contribution"": 0.1806}, {""name"": ""home_fip"", ""value"": 2.6441, ""contribution"": -0.1498}, {""name"": ""home_xera"", ""value"": 2.8811, ""contribution"": -0.1265}, {""name"": ""away_top3_ops_vs_oppHand"", ""value"": 0.8837, ""contribution"": 0.1187}]","[{""name"": ""home_top3c_iso"", ""value"": 0.2218, ""contribution"": 0.2019}, {""name"": ""era_gap_b1"", ""value"": 2.8596, ""contribution"": 0.1942}, {""name"": ""away_whiff_pct_rank"", ""value"": 5.0, ""contribution"": 0.1937}, {""name"": ""away_fip"", ""value"": 5.7151, ""contribution"": 0.1846}, {""name"": ""home_top3c_slg"", ""value"": 0.4696, ""contribution"": -0.1815}]",482608,0.452,2.881,5.287,95.0,5.0,0.7396,0.6767,5.53,5.27,0.8837,0.856,R,L,YRFI,WIN,0,2,2,2026-08-06T22:24:12+00:00,-110,-120,DraftKings,2026-08-06T21:37:20+00:00,0.5238,0.5455,-0.1179,0.0486,0.0486,Y,3,2.5,-110,-120,2026-08-06T21:02:01+00:00,0,0.4529,PASS,NO EDGE,,,,,,,
2026-08-06,2026,823754,1,N,PIT,MIL,2:10 PM ET,Braxton Ashcraft,Dustin May,677952,669160,live,live,live,live,1.03,0.5012,0.4846,0.9858,0.2787,0.2426,0.5213,0.5819,0.4181,0.259,0.741,0.593778,0.406222,NRFI,LEAN,LEAN NRFI,4,2026-08-06T17:17:11Z,3.809,4.538,1.183,1.318,3.467,3.519,2.4,3.14,1.09,0.81,9.7,8.65,0.331,0.334,0.412,0.398,4.989,4.911,,,,1.0,1.0,0.6,0.8,0.5,0.3505,0.3499,0.4459,0.438,0.1795,0.1674,lineup,lineup,"[{""id"": 668930, ""name"": ""Brice Turang"", ""bats"": ""L"", ""obp"": 0.360082304526749, ""slg"": 0.45368171021377673, ""iso"": 0.18764845605700714, ""ab"": 421}, {""id"": 694192, ""name"": ""Jackson Chourio"", ""bats"": ""R"", ""obp"": 0.3333333333333333, ""slg"": 0.4624624624624625, ""iso"": 0.1861861861861862, ""ab"": 333}, {""id"": 669003, ""name"": ""Garrett Mitchell"", ""bats"": ""L"", ""obp"": 0.3544973544973545, ""slg"": 0.41896024464831805, ""iso"": 0.1620795107033639, ""ab"": 327}]","[{""id"": 663968, ""name"": ""Jake Mangum"", ""bats"": ""S"", ""obp"": 0.35060975609756095, ""slg"": 0.3708609271523179, ""iso"": 0.07284768211920528, ""ab"": 302}, {""id"": 664040, ""name"": ""Brandon Lowe"", ""bats"": ""L"", ""obp"": 0.31932773109243695, ""slg"": 0.48, ""iso"": 0.22588235294117648, ""ab"": 425}, {""id"": 668804, ""name"": ""Bryan Reynolds"", ""bats"": ""S"", ""obp"": 0.3782178217821782, ""slg"": 0.44366197183098594, ""iso"": 0.17605633802816906, ""ab"": 426}]","[{""name"": ""fi_park_nrfi_rate"", ""value"": 0.5899, ""contribution"": -0.3182}, {""name"": ""era_gap_t1"", ""value"": 0.7289, ""contribution"": 0.0795}, {""name"": ""away_top3c_iso"", ""value"": 0.1674, ""contribution"": -0.0782}, {""name"": ""home_xera"", ""value"": 4.7959, ""contribution"": 0.0697}, {""name"": ""home_fip"", ""value"": 3.5189, ""contribution"": -0.0516}]","[{""name"": ""fi_park_nrfi_rate"", ""value"": 0.5899, ""contribution"": -0.4892}, {""name"": ""home_obp"", ""value"": 0.3337, ""contribution"": 0.1392}, {""name"": ""away_whiff_pct_rank"", ""value"": 76.0, ""contribution"": -0.1127}, {""name"": ""wx_is_dome"", ""value"": 1.0, ""contribution"": -0.0758}, {""name"": ""away_p_last10_pitcher_nrfi"", ""value"": 0.5, ""contribution"": 0.0713}]",503493,0.522,4.796,2.96,10.0,76.0,0.6796,0.7272,4.93,4.93,0.81,0.8203,R,R,YRFI,LOSS,0,1,1,2026-08-06T18:30:19+00:00,-135,+105,DraftKings,2026-08-06T17:45:17+00:00,0.5745,0.4878,0.0074,-0.0697,0.0074,N,0.5,0,-135,+105,2026-08-06T14:06:07+00:00,0,0.5651,NRFI,STRONG,,,,,,,
2026-08-06,2026,824804,1,N,LAA,BAL,12:35 PM ET,Ryan Johnson,Brandon Young,696270,687064,ltd,live,live,live,1.06,0.5293,0.7101,1.2393,0.2394,0.4879,0.7272,0.4924,0.5076,0.3515,0.6485,0.483248,0.516752,PASS,NO EDGE,PASS - No edge,4,2026-08-06T16:05:04Z,6.021,3.826,1.437,1.319,5.318,4.232,3.46,3.15,1.82,1.12,7.94,7.61,0.312,0.319,0.384,0.394,4.19,4.516,28.0,10.7,77.0,0.0,0.6,0.8,0.6,0.6667,0.3187,0.3682,0.4118,0.4178,0.1773,0.1503,lineup,lineup,"[{""id"": 687637, ""name"": ""Dylan Beavers"", ""bats"": ""L"", ""obp"": 0.325, ""slg"": 0.3446327683615819, ""iso"": 0.10169491525423727, ""ab"": 177}, {""id"": 624413, ""name"": ""Pete Alonso"", ""bats"": ""R"", ""obp"": 0.34210526315789475, ""slg"": 0.45901639344262296, ""iso"": 0.2107728337236534, ""ab"": 427}, {""id"": 683002, ""name"": ""Gunnar Henderson"", ""bats"": ""L"", ""obp"": 0.29377431906614787, ""slg"": 0.3939393939393939, ""iso"": 0.1753246753246753, ""ab"": 462}]","[{""id"": 685133, ""name"": ""Wade Meckler"", ""bats"": ""L"", ""obp"": 0.3764705882352941, ""slg"": 0.42483660130718953, ""iso"": 0.11764705882352938, ""ab"": 153}, {""id"": 545361, ""name"": ""Mike Trout"", ""bats"": ""R"", ""obp"": 0.38588235294117645, ""slg"": 0.446064139941691, ""iso"": 0.20408163265306123, ""ab"": 343}, {""id"": 694384, ""name"": ""Nolan Schanuel"", ""bats"": ""L"", ""obp"": 0.3452685421994885, ""slg"": 0.3868194842406877, ""iso"": 0.11174785100286533, ""ab"": 349}]","[{""name"": ""era_gap_t1"", ""value"": -2.1945, ""contribution"": -0.237}, {""name"": ""away_top3c_iso"", ""value"": 0.1503, ""contribution"": -0.1986}, {""name"": ""away_top3c_slg"", ""value"": 0.4178, ""contribution"": 0.1141}, {""name"": ""fi_park_nrfi_rate"", ""value"": 0.519, ""contribution"": -0.0733}, {""name"": ""home_p_last10_pitcher_nrfi"", ""value"": 0.6, ""contribution"": -0.0455}]","[{""name"": ""home_top3c_slg"", ""value"": 0.4118, ""contribution"": 0.1775}, {""name"": ""era_gap_b1"", ""value"": 2.1945, ""contribution"": 0.1489}, {""name"": ""away_fip"", ""value"": 5.3184, ""contribution"": 0.1422}, {""name"": ""fi_park_nrfi_rate"", ""value"": 0.519, ""contribution"": -0.1127}, {""name"": ""home_top3c_obp"", ""value"": 0.3187, ""contribution"": -0.0757}]",658292,0.4848,4.059,4.2,14.0,50.0,0.7136,0.7136,6.2,4.33,0.804,0.7367,R,R,NRFI,PASS,0,0,0,2026-08-06T16:49:03+00:00,+105,-140,DraftKings,2026-08-06T14:06:07+00:00,0.4878,0.5833,-0.0468,-0.0243,,N,,,+105,-140,2026-08-06T14:06:07+00:00,,0.4877,PASS,NO EDGE,,,,,,,
2026-08-06,2026,824481,1,N,OAK,CIN,12:40 PM ET,Mason Barnett,Andrew Abbott,686930,671096,ltd,live,live,live,1.09,0.6303,0.6189,1.2492,0.3043,0.4849,0.7892,0.4824,0.5176,0.3551,0.6449,0.454197,0.545803,PASS,NO EDGE,PASS - No edge,4,2026-08-06T16:05:04Z,4.742,3.653,1.324,1.331,4.555,4.63,3.68,3.85,1.35,1.2,8.68,7.27,0.319,0.311,0.4,0.397,4.345,4.199,32.8,11.6,36.0,0.0,0.8,0.6,0.6,0.6667,0.3438,0.3085,0.4787,0.3769,0.2243,0.1308,lineup,lineup,"[{""id"": 682829, ""name"": ""Elly De La Cruz"", ""bats"": ""S"", ""obp"": 0.3578199052132701, ""slg"": 0.49731182795698925, ""iso"": 0.22043010752688175, ""ab"": 372}, {""id"": 701398, ""name"": ""Sal Stewart"", ""bats"": ""R"", ""obp"": 0.3346938775510204, ""slg"": 0.4766355140186916, ""iso"": 0.2219626168224299, ""ab"": 428}, {""id"": 668709, ""name"": ""JJ Bleday"", ""bats"": ""L"", ""obp"": 0.3398876404494382, ""slg"": 0.4584717607973422, ""iso"": 0.23255813953488372, ""ab"": 301}]","[{""id"": 703607, ""name"": ""Henry Bolte"", ""bats"": ""R"", ""obp"": 0.3411764705882353, ""slg"": 0.3482142857142857, ""iso"": 0.08928571428571425, ""ab"": 224}, {""id"": 695720, ""name"": ""Tommy White"", ""bats"": ""R"", ""obp"": 0.2857142857142857, ""slg"": 0.29411764705882354, ""iso"": 0.02941176470588236, ""ab"": 68}, {""id"": 641680, ""name"": ""Jonah Heim"", ""bats"": ""S"", ""obp"": 0.28112449799196787, ""slg"": 0.4298245614035088, ""iso"": 0.2017543859649123, ""ab"": 228}]","[{""name"": ""away_top3c_iso"", ""value"": 0.1308, ""contribution"": -0.3361}, {""name"": ""away_top3c_slg"", ""value"": 0.3769, ""contribution"": 0.3209}, {""name"": ""era_gap_t1"", ""value"": -1.089, ""contribution"": -0.1173}, {""name"": ""home_fip"", ""value"": 4.6299, ""contribution"": 0.0731}, {""name"": ""wx_temp_c"", ""value"": 32.8, ""contribution"": 0.0691}]","[{""name"": ""home_top3c_slg"", ""value"": 0.4787, ""contribution"": -0.2377}, {""name"": ""home_top3c_iso"", ""value"": 0.2243, ""contribution"": 0.214}, {""name"": ""wx_temp_c"", ""value"": 32.8, ""contribution"": 0.0964}, {""name"": ""era_gap_b1"", ""value"": 1.089, ""contribution"": 0.0737}, {""name"": ""away_fip"", ""value"": 4.5548, ""contribution"": 0.0606}]",596809,0.5038,3.784,4.2,43.0,50.0,0.7136,0.7136,5.4,4.67,0.7423,0.7923,R,L,YRFI,PASS,0,1,1,2026-08-06T16:58:41+00:00,+105,-135,DraftKings,2026-08-06T14:06:07+00:00,0.4878,0.5745,-0.0035,-0.0588,,N,,,+105,-135,2026-08-06T14:06:07+00:00,,0.4658,PASS,NO EDGE,,,,,,,
2026-08-06,2026,824080,1,N,MIN,KC,7:40 PM ET,Bailey Ober,Michael Wacha,641927,608379,live,live,live,live,0.96,0.4356,0.5149,0.9505,0.2627,0.3226,0.5853,0.5426,0.4574,0.246,0.754,0.556953,0.443047,NRFI,LEAN,LEAN NRFI,4,2026-08-06T22:34:02Z,4.655,3.589,1.252,1.173,4.762,3.893,2.3,2.45,1.57,0.98,6.79,7.09,0.317,0.313,0.405,0.399,4.635,4.188,26.0,9.0,85.0,0.0,0.8,0.4,0.8,0.7,0.3214,0.337,0.4408,0.4272,0.1864,0.1691,lineup,lineup,"[{""id"": 695600, ""name"": ""Carter Jensen"", ""bats"": ""L"", ""obp"": 0.3018867924528302, ""slg"": 0.41644562334217505, ""iso"": 0.1883289124668435, ""ab"": 377}, {""id"": 677951, ""name"": ""Bobby Witt Jr."", ""bats"": ""R"", ""obp"": 0.35224586288416077, ""slg"": 0.4509283819628647, ""iso"": 0.1697612732095491, ""ab"": 377}, {""id"": 695506, ""name"": ""Jac Caglianone"", ""bats"": ""L"", ""obp"": 0.3097560975609756, ""slg"": 0.455026455026455, ""iso"": 0.20105820105820105, ""ab"": 378}]","[{""id"": 668885, ""name"": ""Austin Martin"", ""bats"": ""R"", ""obp"": 0.34935897435897434, ""slg"": 0.3103448275862069, ""iso"": 0.07662835249042146, ""ab"": 261}, {""id"": 807712, ""name"": ""Luke Keaschall"", ""bats"": ""R"", ""obp"": 0.35351089588377727, ""slg"": 0.3615819209039548, ""iso"": 0.09887005649717512, ""ab"": 354}, {""id"": 680777, ""name"": ""Ryan Jeffers"", ""bats"": ""R"", ""obp"": 0.3813953488372093, ""slg"": 0.5054347826086957, ""iso"": 0.22282608695652178, ""ab"": 184}]","[{""name"": ""fi_park_nrfi_rate"", ""value"": 0.5614, ""contribution"": -0.2197}, {""name"": ""era_gap_t1"", ""value"": -1.0661, ""contribution"": -0.1148}, {""name"": ""away_top3c_slg"", ""value"": 0.4272, ""contribution"": 0.0663}, {""name"": ""away_top3c_iso"", ""value"": 0.1691, ""contribution"": -0.0661}, {""name"": ""home_pvt_nrfi_rate"", ""value"": 0.7879, ""contribution"": 0.0354}]","[{""name"": ""fi_park_nrfi_rate"", ""value"": 0.5614, ""contribution"": -0.3377}, {""name"": ""away_fip"", ""value"": 4.7617, ""contribution"": 0.0827}, {""name"": ""era_gap_b1"", ""value"": 1.0661, ""contribution"": 0.0721}, {""name"": ""home_top3c_obp"", ""value"": 0.3214, ""contribution"": -0.0663}, {""name"": ""home_plate_ump_nrfi_rate"", ""value"": 0.5497, ""contribution"": 0.0491}]",605671,0.5497,4.274,4.06,40.0,57.0,0.7879,0.696,5.93,5.0,0.7893,0.7697,R,R,NRFI,WIN,0,0,0,2026-08-06T23:52:31+00:00,-120,-110,DraftKings,2026-08-06T23:04:48+00:00,0.5455,0.5238,-0.0029,-0.0664,-0.0029,N,0.5,0,-125,-105,2026-08-06T22:03:33+00:00,-0.0101,0.4877,PASS,NO EDGE,,,,,,,
2026-08-06,2026,824664,1,N,TOR,CHC,2:20 PM ET,Dylan Cease,David Peterson,656302,656849,live,live,live,live,1.0,0.5056,0.4782,0.9838,0.3472,0.2512,0.5985,0.5341,0.4659,0.2583,0.7417,0.549649,0.450351,NRFI,LEAN,LEAN NRFI,4,2026-08-06T17:17:11Z,2.948,5.155,1.143,1.447,2.66,3.954,3.84,3.54,0.68,0.87,12.74,7.7,0.304,0.336,0.38,0.416,3.973,5.073,23.0,10.9,92.0,0.0,1.0,1.0,0.6,0.6,0.3691,0.2997,0.4753,0.4011,0.2076,0.1705,lineup,lineup,"[{""id"": 691718, ""name"": ""Pete Crow-Armstrong"", ""bats"": ""L"", ""obp"": 0.38613861386138615, ""slg"": 0.5522041763341067, ""iso"": 0.2645011600928074, ""ab"": 431}, {""id"": 673548, ""name"": ""Seiya Suzuki"", ""bats"": ""R"", ""obp"": 0.36596736596736595, ""slg"": 0.4810810810810811, ""iso"": 0.20810810810810815, ""ab"": 370}, {""id"": 683737, ""name"": ""Michael Busch"", ""bats"": ""L"", ""obp"": 0.35477582846003897, ""slg"": 0.39351851851851855, ""iso"": 0.150462962962963, ""ab"": 432}]","[{""id"": 664702, ""name"": ""Myles Straw"", ""bats"": ""R"", ""obp"": 0.28431372549019607, ""slg"": 0.34946236559139787, ""iso"": 0.11827956989247315, ""ab"": 186}, {""id"": 672960, ""name"": ""Kazuma Okamoto"", ""bats"": ""R"", ""obp"": 0.30196936542669583, ""slg"": 0.44038929440389296, ""iso"": 0.21167883211678834, ""ab"": 411}, {""id"": 678218, ""name"": ""Brandon Valenzuela"", ""bats"": ""S"", ""obp"": 0.31100478468899523, ""slg"": 0.39572192513368987, ""iso"": 0.16042780748663105, ""ab"": 187}]","[{""name"": ""era_gap_t1"", ""value"": 2.2066, ""contribution"": 0.2395}, {""name"": ""away_top3c_slg"", ""value"": 0.4011, ""contribution"": 0.1984}, {""name"": ""fi_park_nrfi_rate"", ""value"": 0.5429, ""contribution"": -0.1558}, {""name"": ""away_top3_ops_vs_oppHand"", ""value"": 0.6483, ""contribution"": -0.1212}, {""name"": ""away_top3c_iso"", ""value"": 0.1705, ""contribution"": -0.0561}]","[{""name"": ""fi_park_nrfi_rate"", ""value"": 0.5429, ""contribution"": -0.2395}, {""name"": ""home_top3c_slg"", ""value"": 0.4753, ""contribution"": -0.2166}, {""name"": ""away_whiff_pct_rank"", ""value"": 97.0, ""contribution"": -0.2033}, {""name"": ""home_obp"", ""value"": 0.3363, ""contribution"": 0.1579}, {""name"": ""era_gap_b1"", ""value"": -2.2066, ""contribution"": -0.1505}]",427366,0.4992,4.593,3.276,68.0,97.0,0.7272,0.751,5.47,7.2,0.6483,0.8267,R,L,YRFI,LOSS,1,0,1,2026-08-06T18:38:06+00:00,-145,+115,DraftKings,2026-08-06T17:45:17+00:00,0.5918,0.4651,-0.0577,0.0008,-0.0577,N,0.5,0,-145,+110,2026-08-06T14:06:07+00:00,0,0.5651,NRFI,STRONG,,,,,,,
2026-08-06,2026,824885,1,N,MIA,ATL,7:15 PM ET,Janson Junk,Martín Pérez,676083,527048,live,live,live,live,0.98,0.4973,0.4831,0.9804,0.3908,0.5197,0.9105,0.4306,0.5694,0.257,0.743,0.402314,0.597686,YRFI,LEAN,LEAN YRFI,4,2026-08-06T22:05:11Z,4.441,3.426,1.269,1.176,3.962,4.315,2.09,3.5,1.07,1.04,6.85,7.25,0.323,0.315,0.404,0.416,4.358,4.841,25.9,14.8,79.0,0.0,0.6,1.0,0.8,0.8,0.3531,0.3311,0.4839,0.453,0.2215,0.1747,lineup,lineup,"[{""id"": 686948, ""name"": ""Drake Baldwin"", ""bats"": ""L"", ""obp"": 0.362962962962963, ""slg"": 0.46175637393767704, ""iso"": 0.18980169971671385, ""ab"": 353}, {""id"": 660670, ""name"": ""Ronald Acu\u00f1a Jr."", ""bats"": ""R"", ""obp"": 0.35766423357664234, ""slg"": 0.4104803493449782, ""iso"": 0.1703056768558952, ""ab"": 229}, {""id"": 621566, ""name"": ""Matt Olson"", ""bats"": ""L"", ""obp"": 0.342685370741483, ""slg"": 0.5395033860045146, ""iso"": 0.27313769751693, ""ab"": 443}]","[{""id"": 672640, ""name"": ""Otto Lopez"", ""bats"": ""R"", ""obp"": 0.35208333333333336, ""slg"": 0.4774774774774775, ""iso"": 0.15765765765765766, ""ab"": 444}, {""id"": 681715, ""name"": ""Heriberto Hern\u00e1ndez"", ""bats"": ""R"", ""obp"": 0.30666666666666664, ""slg"": 0.46296296296296297, ""iso"": 0.22962962962962963, ""ab"": 270}, {""id"": 805300, ""name"": ""Jakob Marsee"", ""bats"": ""L"", ""obp"": 0.3187066974595843, ""slg"": 0.3024523160762943, ""iso"": 0.1035422343324251, ""ab"": 367}]","[{""name"": ""away_top3_ops_vs_oppHand"", ""value"": 0.937, ""contribution"": 0.173}, {""name"": ""home_xera"", ""value"": 5.4973, ""contribution"": 0.1416}, {""name"": ""era_gap_t1"", ""value"": -1.0157, ""contribution"": -0.1094}, {""name"": ""away_top3c_slg"", ""value"": 0.453, ""contribution"": -0.0645}, {""name"": ""fi_park_nrfi_rate"", ""value"": 0.5093, ""contribution"": -0.0398}]","[{""name"": ""home_top3c_slg"", ""value"": 0.4839, ""contribution"": -0.2703}, {""name"": ""away_whiff_pct_rank"", ""value"": 3.0, ""contribution"": 0.2024}, {""name"": ""home_top3c_iso"", ""value"": 0.2215, ""contribution"": 0.2004}, {""name"": ""home_top3_ops_vs_oppHand"", ""value"": 0.8867, ""contribution"": 0.1475}, {""name"": ""era_gap_b1"", ""value"": 1.0157, ""contribution"": 0.0687}]",503077,0.5258,5.497,4.264,6.0,3.0,0.7396,0.7272,5.07,4.73,0.937,0.8867,R,L,NRFI,LOSS,0,0,0,2026-08-06T23:28:19+00:00,+105,-135,DraftKings,2026-08-06T23:04:48+00:00,0.4878,0.5745,-0.0572,-0.0051,-0.0051,N,0.5,0,+105,-135,2026-08-06T22:03:33+00:00,0,0.4144,YRFI,STRONG,,,,,,,
2026-08-06,2026,823105,1,N,DET,SEA,4:10 PM ET,Framber Valdez,Bryce Miller,664285,682243,live,live,live,live,0.95,0.4365,0.4843,0.9208,0.3255,0.3679,0.6934,0.5008,0.4992,0.2351,0.7649,0.499876,0.500124,NRFI,LEAN,LEAN NRFI,4,2026-08-06T18:23:40Z,4.223,3.679,1.353,1.079,3.818,4.236,3.21,2.18,0.85,1.5,7.7,8.55,0.319,0.311,0.41,0.381,4.516,4.042,,,,1.0,0.8,0.6,0.8,0.7,0.3675,0.3695,0.4269,0.4605,0.1653,0.1844,lineup,lineup,"[{""id"": 621493, ""name"": ""Taylor Ward"", ""bats"": ""R"", ""obp"": 0.380859375, ""slg"": 0.34375, ""iso"": 0.09855769230769232, ""ab"": 416}, {""id"": 668227, ""name"": ""Randy Arozarena"", ""bats"": ""R"", ""obp"": 0.3777292576419214, ""slg"": 0.45685279187817257, ""iso"": 0.1725888324873096, ""ab"": 394}, {""id"": 686527, ""name"": ""Dominic Canzone"", ""bats"": ""L"", ""obp"": 0.3323170731707317, ""slg"": 0.5051546391752577, ""iso"": 0.2508591065292096, ""ab"": 291}]","[{""id"": 701162, ""name"": ""Ben Malgeri"", ""bats"": ""R"", ""obp"": 0.38, ""slg"": 0.3902439024390244, ""iso"": 0.12195121951219512, ""ab"": 41}, {""id"": 701678, ""name"": ""Hao-Yu Lee"", ""bats"": ""R"", ""obp"": 0.2955665024630542, ""slg"": 0.421875, ""iso"": 0.15625, ""ab"": 192}, {""id"": 693307, ""name"": ""Dillon Dingler"", ""bats"": ""R"", ""obp"": 0.3386363636363636, ""slg"": 0.5289672544080605, ""iso"": 0.25440806045340053, ""ab"": 397}]","[{""name"": ""away_top3_ops_vs_oppHand"", ""value"": 0.883, ""contribution"": 0.118}, {""name"": ""away_top3c_slg"", ""value"": 0.4605, ""contribution"": -0.1024}, {""name"": ""era_gap_t1"", ""value"": -0.5441, ""contribution"": -0.0583}, {""name"": ""fi_park_nrfi_rate"", ""value"": 0.5131, ""contribution"": -0.0529}, {""name"": ""away_top3c_iso"", ""value"": 0.1844, ""contribution"": 0.0416}]","[{""name"": ""home_top3_ops_vs_oppHand"", ""value"": 0.8703, ""contribution"": 0.1279}, {""name"": ""home_top3c_obp"", ""value"": 0.3675, ""contribution"": 0.0954}, {""name"": ""home_top3c_slg"", ""value"": 0.4269, ""contribution"": 0.0839}, {""name"": ""fi_park_nrfi_rate"", ""value"": 0.5131, ""contribution"": -0.0814}, {""name"": ""wx_is_dome"", ""value"": 1.0, ""contribution"": -0.0758}]",427533,0.5151,4.2,3.74,50.0,67.0,0.7136,0.678,5.67,4.93,0.883,0.8703,L,R,YRFI,LOSS,3,0,3,2026-08-06T20:39:22+00:00,-120,-105,DraftKings,2026-08-06T21:02:01+00:00,0.5455,0.5122,-0.0447,-0.013,-0.0447,N,0.5,0,-120,-105,2026-08-06T19:09:35+00:00,0,0.4877,PASS,NO EDGE,,,,,,,
2026-08-06,2026,824729,1,N,CWS,BOS,7:10 PM ET,Luis Castillo,Ranger Suarez,622491,624133,live,live,live,live,1.05,0.393,0.5639,0.9569,0.2811,0.4742,0.7554,0.4875,0.5125,0.2484,0.7516,0.469844,0.530156,PASS,NO EDGE,PASS - No edge,4,2026-08-06T23:03:27Z,4.623,3.164,1.33,1.177,4.358,2.783,2.73,2.42,1.36,0.55,7.89,9.22,0.315,0.317,0.404,0.401,4.691,4.371,31.7,13.2,55.0,0.0,0.6,0.4,0.8,0.5,0.3307,0.3531,0.4591,0.4598,0.1903,0.2084,lineup,lineup,"[{""id"": 686765, ""name"": ""Nick Sogard"", ""bats"": ""S"", ""obp"": 0.36764705882352944, ""slg"": 0.3333333333333333, ""iso"": 0.08771929824561403, ""ab"": 57}, {""id"": 678882, ""name"": ""Ceddanne Rafaela"", ""bats"": ""R"", ""obp"": 0.3288590604026846, ""slg"": 0.4750593824228028, ""iso"": 0.18764845605700708, ""ab"": 421}, {""id"": 677800, ""name"": ""Wilyer Abreu"", ""bats"": ""L"", ""obp"": 0.32708333333333334, ""slg"": 0.460093896713615, ""iso"": 0.20657276995305163, ""ab"": 426}]","[{""id"": 805367, ""name"": ""Chase Meidroth"", ""bats"": ""R"", ""obp"": 0.3465783664459161, ""slg"": 0.3880597014925373, ""iso"": 0.11691542288557216, ""ab"": 402}, {""id"": 808959, ""name"": ""Munetaka Murakami"", ""bats"": ""L"", ""obp"": 0.3746312684365782, ""slg"": 0.5359712230215827, ""iso"": 0.2949640287769784, ""ab"": 278}, {""id"": 678246, ""name"": ""Miguel Vargas"", ""bats"": ""R"", ""obp"": 0.3442622950819672, ""slg"": 0.4782608695652174, ""iso"": 0.2391304347826087, ""ab"": 414}]","[{""name"": ""away_top3c_iso"", ""value"": 0.2084, ""contribution"": 0.2107}, {""name"": ""era_gap_t1"", ""value"": -1.4589, ""contribution"": -0.1573}, {""name"": ""home_fip"", ""value"": 2.7834, ""contribution"": -0.1342}, {""name"": ""home_xera"", ""value"": 2.8963, ""contribution"": -0.1249}, {""name"": ""away_top3c_slg"", ""value"": 0.4598, ""contribution"": -0.0988}]","[{""name"": ""home_plate_ump_nrfi_rate"", ""value"": 0.6177, ""contribution"": 0.1192}, {""name"": ""home_top3c_slg"", ""value"": 0.4591, ""contribution"": -0.116}, {""name"": ""era_gap_b1"", ""value"": 1.4589, ""contribution"": 0.0989}, {""name"": ""wx_temp_c"", ""value"": 31.7, ""contribution"": 0.0872}, {""name"": ""fi_park_nrfi_rate"", ""value"": 0.5121, ""contribution"": -0.076}]",482620,0.6177,2.896,4.328,31.0,48.0,0.7136,0.7309,4.67,5.8,0.8237,0.759,R,L,NRFI,PASS,0,0,0,2026-08-06T23:23:34+00:00,-115,-115,DraftKings,2026-08-06T23:04:48+00:00,0.5349,0.5349,-0.0474,-0.0224,,N,,,-115,-115,2026-08-06T23:04:48+00:00,,0.4144,YRFI,STRONG,,,,,,,
2026-08-06,2026,824401,1,N,NYM,CLE,1:10 PM ET,Nolan McLean,Foster Griffin,690997,656492,live,live,live,live,0.96,0.42,0.4128,0.8328,0.3092,0.308,0.6171,0.5222,0.4778,0.203,0.797,0.539485,0.460515,NRFI,LEAN,LEAN NRFI,4,2026-08-06T16:05:04Z,3.299,3.323,1.133,1.115,3.387,4.073,3.17,2.29,0.96,1.3,10.37,8.24,0.304,0.312,0.386,0.373,4.127,4.004,28.7,8.0,55.0,0.0,0.8,0.6,0.9,0.8,0.3413,0.2991,0.4084,0.3702,0.1558,0.1329,lineup,lineup,"[{""id"": 666176, ""name"": ""Jo Adell"", ""bats"": ""R"", ""obp"": 0.2890792291220557, ""slg"": 0.39351851851851855, ""iso"": 0.15509259259259262, ""ab"": 432}, {""id"": 800050, ""name"": ""Chase DeLauter"", ""bats"": ""L"", ""obp"": 0.35207823960880197, ""slg"": 0.43922651933701656, ""iso"": 0.1629834254143646, ""ab"": 362}, {""id"": 656555, ""name"": ""Rhys Hoskins"", ""bats"": ""R"", ""obp"": 0.30847457627118646, ""slg"": 0.3786008230452675, ""iso"": 0.20164609053497942, ""ab"": 243}]","[{""id"": 596019, ""name"": ""Francisco Lindor"", ""bats"": ""S"", ""obp"": 0.3107569721115538, ""slg"": 0.4107142857142857, ""iso"": 0.18303571428571427, ""ab"": 224}, {""id"": 683146, ""name"": ""Brett Baty"", ""bats"": ""L"", ""obp"": 0.2900552486187845, ""slg"": 0.33024691358024694, ""iso"": 0.11111111111111113, ""ab"": 324}, {""id"": 673357, ""name"": ""Luis Robert Jr."", ""bats"": ""R"", ""obp"": 0.27972027972027974, ""slg"": 0.30708661417322836, ""iso"": 0.11811023622047245, ""ab"": 127}]","[{""name"": ""away_top3c_slg"", ""value"": 0.3702, ""contribution"": 0.355}, {""name"": ""away_top3c_iso"", ""value"": 0.1329, ""contribution"": -0.321}, {""name"": ""fi_park_nrfi_rate"", ""value"": 0.528, ""contribution"": -0.1042}, {""name"": ""home_p_last10_pitcher_nrfi"", ""value"": 0.9, ""contribution"": 0.0716}, {""name"": ""away_top3_ops_vs_oppHand"", ""value"": 0.7057, ""contribution"": -0.0628}]","[{""name"": ""home_top3c_slg"", ""value"": 0.4084, ""contribution"": 0.199}, {""name"": ""fi_park_nrfi_rate"", ""value"": 0.528, ""contribution"": -0.1602}, {""name"": ""away_whiff_pct_rank"", ""value"": 76.0, ""contribution"": -0.1127}, {""name"": ""home_top3c_iso"", ""value"": 0.1558, ""contribution"": -0.1095}, {""name"": ""away_fip"", ""value"": 3.3867, ""contribution"": -0.0642}]",545402,0.5488,4.362,2.723,59.0,76.0,0.7136,0.7136,6.2,6.07,0.7057,0.734,R,L,YRFI,LOSS,0,2,2,2026-08-06T17:29:46+00:00,-140,+105,DraftKings,2026-08-06T14:06:07+00:00,0.5833,0.4878,-0.0781,0.007,,N,,0,-140,+105,2026-08-06T14:06:07+00:00,,0.4981,PASS,NO EDGE,,,,,,,
2026-08-07,2026,825051,1,N,LAD,ARI,9:40 PM ET,Roki Sasaki,Merrill Kelly,808963,518876,live,live,live,live,1.0,0.6731,0.6035,1.2766,0.4694,0.4934,0.9628,0.4178,0.5822,0.3649,0.6351,0.381828,0.618172,YRFI,STRONG,STRONG YRFI,4,2026-08-08T00:34:53Z,4.53,4.646,1.303,1.393,4.889,5.234,3.59,3.3,1.67,1.64,8.9,6.57,0.336,0.314,0.429,0.395,5.012,4.546,,,,1.0,0.8,0.8,0.7,0.8,0.3577,0.3717,0.425,0.4953,0.1659,0.2043,lineup,lineup,"[{""id"": 672695, ""name"": ""Geraldo Perdomo"", ""bats"": ""S"", ""obp"": 0.35625, ""slg"": 0.3640897755610973, ""iso"": 0.12219451371571075, ""ab"": 401}, {""id"": 682998, ""name"": ""Corbin Carroll"", ""bats"": ""L"", ""obp"": 0.3395061728395062, ""slg"": 0.47030878859857483, ""iso"": 0.22565320665083136, ""ab"": 421}, {""id"": 672515, ""name"": ""Gabriel Moreno"", ""bats"": ""R"", ""obp"": 0.38440111420612816, ""slg"": 0.4426229508196721, ""iso"": 0.14098360655737702, ""ab"": 305}]","[{""id"": 660271, ""name"": ""Shohei Ohtani"", ""bats"": ""L"", ""obp"": 0.3991683991683992, ""slg"": 0.5544554455445545, ""iso"": 0.2574257425742575, ""ab"": 404}, {""id"": 681624, ""name"": ""Andy Pages"", ""bats"": ""R"", ""obp"": 0.3319755600814664, ""slg"": 0.4512471655328798, ""iso"": 0.18367346938775508, ""ab"": 441}, {""id"": 518692, ""name"": ""Freddie Freeman"", ""bats"": ""L"", ""obp"": 0.38461538461538464, ""slg"": 0.4846335697399527, ""iso"": 0.17494089834515364, ""ab"": 423}]","[{""name"": ""away_top3c_slg"", ""value"": 0.4953, ""contribution"": -0.2786}, {""name"": ""fi_park_nrfi_rate"", ""value"": 0.4239, ""contribution"": 0.2555}, {""name"": ""away_top3c_iso"", ""value"": 0.2043, ""contribution"": 0.1815}, {""name"": ""home_fip"", ""value"": 5.2338, ""contribution"": 0.1409}, {""name"": ""away_top3_ops_vs_oppHand"", ""value"": 0.8787, ""contribution"": 0.1136}]","[{""name"": ""fi_park_nrfi_rate"", ""value"": 0.4239, ""contribution"": 0.3927}, {""name"": ""away_fip"", ""value"": 4.8892, ""contribution"": 0.0963}, {""name"": ""home_top3c_slg"", ""value"": 0.425, ""contribution"": 0.0955}, {""name"": ""wx_is_dome"", ""value"": 1.0, ""contribution"": -0.0758}, {""name"": ""home_top3c_iso"", ""value"": 0.1659, ""contribution"": -0.0618}]",427129,0.4611,4.616,5.909,52.0,53.0,0.6424,0.6796,5.53,5.4,0.8787,0.7737,R,R,NRFI,LOSS,0,0,0,2026-08-08T01:52:13+00:00,-110,-115,DraftKings,2026-08-08T00:41:34+00:00,0.5238,0.5349,-0.106,0.0473,0.0473,Y,3,-3,-110,-115,2026-08-08T00:38:16+00:00,0,0.4521,PASS,NO EDGE,,,,,,,
2026-08-07,2026,823836,1,N,LAA,MIA,7:10 PM ET,George Klassen,Tyler Phillips,691946,663969,sm,live,live,live,0.95,0.5013,0.5761,1.0774,0.3106,0.4975,0.8081,0.4733,0.5267,0.2927,0.7073,0.445697,0.554303,PASS,NO EDGE,PASS - No edge,4,2026-08-07T23:04:51Z,4.873,3.451,1.486,1.3,4.629,4.488,3.79,3.53,1.3,1.09,9.14,6.78,0.312,0.323,0.384,0.403,4.188,4.347,,,,1.0,0.4,0.5,0.6,0.5,0.3369,0.3666,0.4724,0.4142,0.1946,0.1482,lineup,lineup,"[{""id"": 669065, ""name"": ""Kyle Stowers"", ""bats"": ""L"", ""obp"": 0.3168831168831169, ""slg"": 0.45294117647058824, ""iso"": 0.22058823529411764, ""ab"": 340}, {""id"": 672640, ""name"": ""Otto Lopez"", ""bats"": ""R"", ""obp"": 0.35051546391752575, ""slg"": 0.47438752783964366, ""iso"": 0.155902004454343, ""ab"": 449}, {""id"": 682663, ""name"": ""Agust\u00edn Ram\u00edrez"", ""bats"": ""R"", ""obp"": 0.3161764705882353, ""slg"": 0.33613445378151263, ""iso"": 0.10924369747899162, ""ab"": 119}]","[{""id"": 685133, ""name"": ""Wade Meckler"", ""bats"": ""L"", ""obp"": 0.37714285714285717, ""slg"": 0.4240506329113924, ""iso"": 0.11392405063291139, ""ab"": 158}, {""id"": 545361, ""name"": ""Mike Trout"", ""bats"": ""R"", ""obp"": 0.38372093023255816, ""slg"": 0.4409221902017291, ""iso"": 0.2017291066282421, ""ab"": 347}, {""id"": 694384, ""name"": ""Nolan Schanuel"", ""bats"": ""L"", ""obp"": 0.3434343434343434, ""slg"": 0.3835227272727273, ""iso"": 0.11079545454545459, ""ab"": 352}]","[{""name"": ""away_top3c_iso"", ""value"": 0.1482, ""contribution"": -0.2134}, {""name"": ""era_gap_t1"", ""value"": -1.4219, ""contribution"": -0.1533}, {""name"": ""fi_park_nrfi_rate"", ""value"": 0.455, ""contribution"": 0.1479}, {""name"": ""away_top3c_slg"", ""value"": 0.4142, ""contribution"": 0.1319}, {""name"": ""home_fip"", ""value"": 4.488, ""contribution"": 0.0572}]","[{""name"": ""fi_park_nrfi_rate"", ""value"": 0.455, ""contribution"": 0.2273}, {""name"": ""home_top3c_slg"", ""value"": 0.4724, ""contribution"": -0.199}, {""name"": ""home_top3_ops_vs_oppHand"", ""value"": 0.858, ""contribution"": 0.1132}, {""name"": ""era_gap_b1"", ""value"": 1.4219, ""contribution"": 0.0964}, {""name"": ""away_xera"", ""value"": 9.6436, ""contribution"": -0.0828}]",485856,0.5084,4.17,9.644,85.0,50.0,0.7136,0.7136,4.07,2.33,0.7993,0.858,R,R,YRFI,PASS,1,0,1,2026-08-07T23:24:23+00:00,-115,-115,DraftKings,2026-08-07T21:57:49+00:00,0.5349,0.5349,-0.0616,-0.0082,,N,,,-115,-115,2026-08-07T22:02:49+00:00,,0.3767,YRFI,STRONG,,,,,,,
2026-08-07,2026,824566,1,N,CLE,CWS,7:40 PM ET,Parker Messick,Noah Schultz,800048,702273,live,ltd,live,live,0.98,0.5226,0.4047,0.9273,0.3975,0.3613,0.7588,0.4869,0.5131,0.2375,0.7625,0.468212,0.531788,PASS,NO EDGE,PASS - No edge,4,2026-08-07T23:35:53Z,2.836,5.191,1.111,1.334,3.356,4.483,2.54,3.77,0.85,1.23,8.88,8.3,0.312,0.316,0.372,0.404,4.019,4.74,26.8,5.1,82.0,0.0,0.6,0.6,0.6,0.8,0.3528,0.3511,0.4608,0.3817,0.2106,0.1231,lineup,lineup,"[{""id"": 805367, ""name"": ""Chase Meidroth"", ""bats"": ""R"", ""obp"": 0.3521739130434783, ""slg"": 0.40540540540540543, ""iso"": 0.13022113022113024, ""ab"": 407}, {""id"": 808959, ""name"": ""Munetaka Murakami"", ""bats"": ""L"", ""obp"": 0.3699421965317919, ""slg"": 0.5246478873239436, ""iso"": 0.28873239436619713, ""ab"": 284}, {""id"": 678246, ""name"": ""Miguel Vargas"", ""bats"": ""R"", ""obp"": 0.3414141414141414, ""slg"": 0.4714285714285714, ""iso"": 0.2357142857142857, ""ab"": 420}]","[{""id"": 680757, ""name"": ""Steven Kwan"", ""bats"": ""L"", ""obp"": 0.3623529411764706, ""slg"": 0.31767955801104975, ""iso"": 0.058011049723756924, ""ab"": 362}, {""id"": 800050, ""name"": ""Chase DeLauter"", ""bats"": ""L"", ""obp"": 0.35507246376811596, ""slg"": 0.43989071038251365, ""iso"": 0.16120218579234974, ""ab"": 366}, {""id"": 608070, ""name"": ""Jos\u00e9 Ram\u00edrez"", ""bats"": ""S"", ""obp"": 0.3333333333333333, ""slg"": 0.38782051282051283, ""iso"": 0.15384615384615385, ""ab"": 312}]","[{""name"": ""away_top3c_iso"", ""value"": 0.1231, ""contribution"": -0.3903}, {""name"": ""away_top3c_slg"", ""value"": 0.3817, ""contribution"": 0.2965}, {""name"": ""era_gap_t1"", ""value"": 2.3552, ""contribution"": 0.2556}, {""name"": ""home_xera"", ""value"": 3.2713, ""contribution"": -0.0865}, {""name"": ""fi_park_nrfi_rate"", ""value"": 0.473, ""contribution"": 0.0859}]","[{""name"": ""era_gap_b1"", ""value"": -2.3552, ""contribution"": -0.1606}, {""name"": ""home_top3c_iso"", ""value"": 0.2106, ""contribution"": 0.1492}, {""name"": ""fi_park_nrfi_rate"", ""value"": 0.473, ""contribution"": 0.1321}, {""name"": ""home_top3c_slg"", ""value"": 0.4608, ""contribution"": -0.127}, {""name"": ""home_top3_ops_vs_oppHand"", ""value"": 0.8323, ""contribution"": 0.0824}]",658536,0.5084,3.271,2.618,50.0,66.0,0.7136,0.6796,4.27,5.73,0.809,0.8323,L,L,YRFI,PASS,2,0,2,2026-08-08T00:06:53+00:00,-120,-105,DraftKings,2026-08-07T21:57:49+00:00,0.5455,0.5122,-0.0602,0.0025,,N,,,-120,-105,2026-08-07T22:02:49+00:00,,0.6370,NRFI,STRONG,,,,,,,
2026-08-07,2026,823750,1,N,MIN,MIL,7:40 PM ET,Zebby Matthews,Shane Drohan,805673,675660,live,ltd,live,live,1.03,0.4356,0.6386,1.0742,0.2295,0.3398,0.5693,0.5485,0.4515,0.2915,0.7085,0.565898,0.434102,NRFI,LEAN,LEAN NRFI,4,2026-08-07T22:34:29Z,5.176,3.696,1.344,1.198,4.702,3.407,2.86,2.6,1.62,0.87,8.3,8.99,0.317,0.334,0.405,0.399,4.63,4.912,,,,1.0,0.8,0.6,0.8,0.5,0.3571,0.3431,0.4733,0.4041,0.2027,0.1581,lineup,lineup,"[{""id"": 668930, ""name"": ""Brice Turang"", ""bats"": ""L"", ""obp"": 0.35918367346938773, ""slg"": 0.45176470588235296, ""iso"": 0.1858823529411765, ""ab"": 425}, {""id"": 694192, ""name"": ""Jackson Chourio"", ""bats"": ""R"", ""obp"": 0.335149863760218, ""slg"": 0.47023809523809523, ""iso"": 0.19345238095238093, ""ab"": 336}, {""id"": 641343, ""name"": ""Jake Bauers"", ""bats"": ""L"", ""obp"": 0.3746898263027295, ""slg"": 0.502906976744186, ""iso"": 0.23255813953488375, ""ab"": 344}]","[{""id"": 668885, ""name"": ""Austin Martin"", ""bats"": ""R"", ""obp"": 0.3503184713375796, ""slg"": 0.311787072243346, ""iso"": 0.07604562737642587, ""ab"": 263}, {""id"": 680777, ""name"": ""Ryan Jeffers"", ""bats"": ""R"", ""obp"": 0.3824884792626728, ""slg"": 0.5027027027027027, ""iso"": 0.22162162162162158, ""ab"": 185}, {""id"": 668904, ""name"": ""Royce Lewis"", ""bats"": ""R"", ""obp"": 0.3100303951367781, ""slg"": 0.4246575342465753, ""iso"": 0.1917808219178082, ""ab"": 292}]","[{""name"": ""fi_park_nrfi_rate"", ""value"": 0.5899, ""contribution"": -0.3182}, {""name"": ""away_top3c_slg"", ""value"": 0.4041, ""contribution"": 0.1834}, {""name"": ""era_gap_t1"", ""value"": -1.4802, ""contribution"": -0.1596}, {""name"": ""away_top3c_iso"", ""value"": 0.1581, ""contribution"": -0.1436}, {""name"": ""home_fip"", ""value"": 3.4066, ""contribution"": -0.0642}]","[{""name"": ""fi_park_nrfi_rate"", ""value"": 0.5899, ""contribution"": -0.4892}, {""name"": ""home_top3c_slg"", ""value"": 0.4733, ""contribution"": -0.2044}, {""name"": ""home_obp"", ""value"": 0.3337, ""contribution"": 0.1393}, {""name"": ""home_top3_ops_vs_oppHand"", ""value"": 0.8573, ""contribution"": 0.1124}, {""name"": ""home_top3c_iso"", ""value"": 0.2027, ""contribution"": 0.1119}]",665281,0.5305,4.66,4.2,50.0,50.0,0.7136,0.7136,6.07,4.93,0.824,0.8573,R,L,YRFI,LOSS,0,1,1,2026-08-07T23:55:51+00:00,-115,-115,DraftKings,2026-08-07T21:57:49+00:00,0.5349,0.5349,0.0136,-0.0834,0.0136,N,0.5,0,-115,-115,2026-08-07T22:02:49+00:00,0,0.5651,NRFI,STRONG,,,,,,,
2026-08-07,2026,822863,1,N,BAL,TEX,8:15 PM ET,Shane Baz,Nathan Eovaldi,669358,543135,live,live,live,live,1.07,0.4892,0.5355,1.0247,0.286,0.282,0.5679,0.549,0.451,0.2733,0.7267,0.566688,0.433312,NRFI,LEAN,LEAN NRFI,4,2026-08-07T23:04:51Z,4.1,3.692,1.36,1.124,3.663,3.9,3.23,1.96,0.82,1.46,8.21,9.41,0.319,0.318,0.393,0.403,4.488,4.188,,,,1.0,0.8,1.0,0.9,0.7,0.324,0.3246,0.4651,0.4154,0.2227,0.1814,lineup,lineup,"[{""id"": 592626, ""name"": ""Joc Pederson"", ""bats"": ""L"", ""obp"": 0.3400576368876081, ""slg"": 0.5, ""iso"": 0.24834437086092714, ""ab"": 302}, {""id"": 694671, ""name"": ""Wyatt Langford"", ""bats"": ""R"", ""obp"": 0.3161764705882353, ""slg"": 0.4901185770750988, ""iso"": 0.225296442687747, ""ab"": 253}, {""id"": 608369, ""name"": ""Corey Seager"", ""bats"": ""L"", ""obp"": 0.30962343096234307, ""slg"": 0.38235294117647056, ""iso"": 0.1813725490196078, ""ab"": 204}]","[{""id"": 683002, ""name"": ""Gunnar Henderson"", ""bats"": ""L"", ""obp"": 0.2972972972972973, ""slg"": 0.3930885529157667, ""iso"": 0.1749460043196544, ""ab"": 463}, {""id"": 624413, ""name"": ""Pete Alonso"", ""bats"": ""R"", ""obp"": 0.3433734939759036, ""slg"": 0.45813953488372094, ""iso"": 0.20930232558139536, ""ab"": 430}, {""id"": 702616, ""name"": ""Jackson Holliday"", ""bats"": ""L"", ""obp"": 0.3480392156862745, ""slg"": 0.3684210526315789, ""iso"": 0.1286549707602339, ""ab"": 171}]","[{""name"": ""fi_park_nrfi_rate"", ""value"": 0.5398, ""contribution"": -0.1451}, {""name"": ""away_top3c_slg"", ""value"": 0.4154, ""contribution"": 0.1259}, {""name"": ""home_xera"", ""value"": 3.2112, ""contribution"": -0.0926}, {""name"": ""home_p_last10_pitcher_nrfi"", ""value"": 0.9, ""contribution"": 0.0716}, {""name"": ""era_gap_t1"", ""value"": -0.4079, ""contribution"": -0.0435}]","[{""name"": ""fi_park_nrfi_rate"", ""value"": 0.5398, ""contribution"": -0.2231}, {""name"": ""home_top3c_iso"", ""value"": 0.2227, ""contribution"": 0.2061}, {""name"": ""home_top3c_slg"", ""value"": 0.4651, ""contribution"": -0.1534}, {""name"": ""wx_is_dome"", ""value"": 1.0, ""contribution"": -0.0758}, {""name"": ""home_top3c_obp"", ""value"": 0.324, ""contribution"": -0.0571}]",596805,0.4819,3.211,3.874,84.0,59.0,0.7028,0.7396,5.4,5.47,0.7477,0.8103,R,R,NRFI,WIN,0,0,0,2026-08-08T00:26:54+00:00,-130,+100,DraftKings,2026-08-08T00:27:27+00:00,0.5652,0.5,-0.0162,-0.049,-0.0162,N,0.5,0,-130,+100,2026-08-07T22:02:49+00:00,0,0.6490,NRFI,STRONG,,,,,,,
2026-08-07,2026,823515,1,N,ATL,NYY,7:05 PM ET,Tyler Mahle,Max Fried,641816,608331,live,live,live,live,1.02,0.3679,0.5812,0.9491,0.2702,0.6003,0.8705,0.4409,0.5591,0.2455,0.7545,0.418754,0.581246,YRFI,LEAN,LEAN YRFI,4,2026-08-07T22:05:12Z,4.418,3.03,1.323,1.028,4.216,2.684,3.38,2.62,1.15,0.3,8.18,8.35,0.316,0.311,0.419,0.411,4.888,4.535,28.9,21.1,77.0,0.0,0.6,0.6,0.7,0.6,0.3261,0.3398,0.4587,0.4436,0.2138,0.1832,lineup,lineup,"[{""id"": 642708, ""name"": ""Amed Rosario"", ""bats"": ""R"", ""obp"": 0.2760416666666667, ""slg"": 0.4438202247191011, ""iso"": 0.20786516853932582, ""ab"": 178}, {""id"": 700250, ""name"": ""Ben Rice"", ""bats"": ""L"", ""obp"": 0.3553191489361702, ""slg"": 0.5503685503685504, ""iso"": 0.28992628992628994, ""ab"": 407}, {""id"": 671218, ""name"": ""Heliot Ramos"", ""bats"": ""R"", ""obp"": 0.30254777070063693, ""slg"": 0.42033898305084744, ""iso"": 0.15932203389830507, ""ab"": 295}]","[{""id"": 660670, ""name"": ""Ronald Acu\u00f1a Jr."", ""bats"": ""R"", ""obp"": 0.35842293906810035, ""slg"": 0.4358974358974359, ""iso"": 0.19230769230769232, ""ab"": 234}, {""id"": 686948, ""name"": ""Drake Baldwin"", ""bats"": ""L"", ""obp"": 0.36097560975609755, ""slg"": 0.4581005586592179, ""iso"": 0.1871508379888268, ""ab"": 358}, {""id"": 645277, ""name"": ""Ozzie Albies"", ""bats"": ""S"", ""obp"": 0.3117408906882591, ""slg"": 0.43595505617977526, ""iso"": 0.17528089887640447, ""ab"": 445}]","[{""name"": ""fi_park_nrfi_rate"", ""value"": 0.4526, ""contribution"": 0.1563}, {""name"": ""era_gap_t1"", ""value"": -1.3882, ""contribution"": -0.1497}, {""name"": ""home_fip"", ""value"": 2.6838, ""contribution"": -0.1454}, {""name"": ""home_xera"", ""value"": 2.8627, ""contribution"": -0.1284}, {""name"": ""wx_temp_c"", ""value"": 28.9, ""contribution"": 0.0458}]","[{""name"": ""fi_park_nrfi_rate"", ""value"": 0.4526, ""contribution"": 0.2403}, {""name"": ""home_top3c_iso"", ""value"": 0.2138, ""contribution"": 0.1642}, {""name"": ""home_top3c_slg"", ""value"": 0.4587, ""contribution"": -0.1137}, {""name"": ""wx_wind_kmh"", ""value"": 21.1, ""contribution"": 0.1011}, {""name"": ""era_gap_b1"", ""value"": 1.3882, ""contribution"": 0.0941}]",483919,0.4901,2.863,4.327,72.0,38.0,0.7136,0.7396,4.47,5.6,0.7273,0.7783,R,L,NRFI,LOSS,0,0,0,2026-08-08T01:16:55+00:00,-120,-105,DraftKings,2026-08-08T01:01:36+00:00,0.5455,0.5122,-0.1046,0.0469,0.0469,N,0.5,0,-120,-105,2026-08-07T22:02:49+00:00,0,0.4145,YRFI,STRONG,,,,,,,
2026-08-07,2026,823103,1,N,TB,SEA,9:45 PM ET,Drew Rasmussen,Logan Gilbert,656876,669302,live,live,live,live,0.95,0.4011,0.34,0.7411,0.2584,0.33,0.5884,0.5405,0.4595,0.1702,0.8298,0.555198,0.444802,NRFI,LEAN,LEAN NRFI,4,2026-08-08T00:34:53Z,2.872,3.455,0.953,0.999,3.206,3.399,1.71,1.96,0.96,1.21,8.93,10.03,0.327,0.311,0.403,0.38,4.477,4.011,,,,1.0,0.6,0.8,0.6,0.9,0.3613,0.3735,0.4027,0.4839,0.1388,0.1943,lineup,lineup,"[{""id"": 621493, ""name"": ""Taylor Ward"", ""bats"": ""R"", ""obp"": 0.3798449612403101, ""slg"": 0.34285714285714286, ""iso"": 0.09761904761904763, ""ab"": 420}, {""id"": 702284, ""name"": ""Cole Young"", ""bats"": ""L"", ""obp"": 0.3232758620689655, ""slg"": 0.41232227488151657, ""iso"": 0.14928909952606634, ""ab"": 422}, {""id"": 668227, ""name"": ""Randy Arozarena"", ""bats"": ""R"", ""obp"": 0.3787878787878788, ""slg"": 0.45591939546599497, ""iso"": 0.17128463476070532, ""ab"": 397}]","[{""id"": 650490, ""name"": ""Yandy D\u00edaz"", ""bats"": ""R"", ""obp"": 0.3729166666666667, ""slg"": 0.45754716981132076, ""iso"": 0.1580188679245283, ""ab"": 424}, {""id"": 666018, ""name"": ""Jonathan Aranda"", ""bats"": ""L"", ""obp"": 0.3739669421487603, ""slg"": 0.4323671497584541, ""iso"": 0.1473429951690821, ""ab"": 414}, {""id"": 691406, ""name"": ""Junior Caminero"", ""bats"": ""R"", ""obp"": 0.37349397590361444, ""slg"": 0.558891454965358, ""iso"": 0.2748267898383372, ""ab"": 433}]","[{""name"": ""away_top3c_slg"", ""value"": 0.4839, ""contribution"": -0.2208}, {""name"": ""away_top3c_iso"", ""value"": 0.1943, ""contribution"": 0.1116}, {""name"": ""away_top3_ops_vs_oppHand"", ""value"": 0.8717, ""contribution"": 0.1064}, {""name"": ""home_xera"", ""value"": 3.1658, ""contribution"": -0.0973}, {""name"": ""home_fip"", ""value"": 3.3992, ""contribution"": -0.0651}]","[{""name"": ""home_top3c_slg"", ""value"": 0.4027, ""contribution"": 0.2339}, {""name"": ""home_top3c_iso"", ""value"": 0.1388, ""contribution"": -0.1897}, {""name"": ""away_fip"", ""value"": 3.2062, ""contribution"": -0.0835}, {""name"": ""home_plate_ump_nrfi_rate"", ""value"": 0.5818, ""contribution"": 0.0822}, {""name"": ""fi_park_nrfi_rate"", ""value"": 0.5131, ""contribution"": -0.0814}]",427139,0.5818,3.166,3.299,97.0,44.0,0.751,0.7709,6.53,5.07,0.8717,0.772,R,R,NRFI,WIN,0,0,0,2026-08-08T02:01:33+00:00,-155,+120,DraftKings,2026-08-08T02:06:53+00:00,0.6078,0.4545,-0.0673,0.005,-0.0673,N,0.5,0,-155,+120,2026-08-08T00:41:34+00:00,0,0.5287,PASS,NO EDGE,,,,,,,
2026-08-07,2026,823349,1,N,NYM,PIT,6:40 PM ET,Zac Thornton,Carmen Mlodzinski,804267,669387,ltd,live,live,live,0.96,0.3993,0.5113,0.9106,0.2753,0.4115,0.6868,0.5025,0.4975,0.2314,0.7686,0.503196,0.496804,NRFI,LEAN,LEAN NRFI,4,2026-08-07T21:30:21Z,3.576,3.302,1.163,1.305,4.021,3.535,2.8,2.84,1.02,0.71,7.64,7.55,0.306,0.331,0.389,0.411,4.195,4.966,28.1,1.3,70.0,0.0,0.8,0.4,0.9,0.3333,0.3505,0.3113,0.4398,0.3906,0.1695,0.1385,lineup,lineup,"[{""id"": 663968, ""name"": ""Jake Mangum"", ""bats"": ""S"", ""obp"": 0.35240963855421686, ""slg"": 0.3737704918032787, ""iso"": 0.07540983606557378, ""ab"": 305}, {""id"": 664040, ""name"": ""Brandon Lowe"", ""bats"": ""L"", ""obp"": 0.32083333333333336, ""slg"": 0.48598130841121495, ""iso"": 0.23130841121495327, ""ab"": 428}, {""id"": 668804, ""name"": ""Bryan Reynolds"", ""bats"": ""S"", ""obp"": 0.37721021611001965, ""slg"": 0.4405594405594406, ""iso"": 0.17482517482517484, ""ab"": 429}]","[{""id"": 805999, ""name"": ""A.J. Ewing"", ""bats"": ""L"", ""obp"": 0.32781456953642385, ""slg"": 0.3985239852398524, ""iso"": 0.13653136531365312, ""ab"": 271}, {""id"": 596019, ""name"": ""Francisco Lindor"", ""bats"": ""S"", ""obp"": 0.311284046692607, ""slg"": 0.4217391304347826, ""iso"": 0.19130434782608696, ""ab"": 230}, {""id"": 666182, ""name"": ""Bo Bichette"", ""bats"": ""R"", ""obp"": 0.30120481927710846, ""slg"": 0.37037037037037035, ""iso"": 0.11328976034858385, ""ab"": 459}]","[{""name"": ""away_top3c_iso"", ""value"": 0.1385, ""contribution"": -0.2814}, {""name"": ""away_top3c_slg"", ""value"": 0.3906, ""contribution"": 0.2515}, {""name"": ""away_top3_ops_vs_oppHand"", ""value"": 0.6933, ""contribution"": -0.0753}, {""name"": ""fi_park_nrfi_rate"", ""value"": 0.5188, ""contribution"": -0.0724}, {""name"": ""home_p_last10_pitcher_nrfi"", ""value"": 0.9, ""contribution"": 0.0716}]","[{""name"": ""away_p_last10_pitcher_nrfi"", ""value"": 0.3333, ""contribution"": 0.126}, {""name"": ""home_obp"", ""value"": 0.3311, ""contribution"": 0.1209}, {""name"": ""fi_park_nrfi_rate"", ""value"": 0.5188, ""contribution"": -0.1113}, {""name"": ""wx_wind_kmh"", ""value"": 1.3, ""contribution"": -0.1073}, {""name"": ""home_plate_ump_nrfi_rate"", ""value"": 0.5769, ""contribution"": 0.0772}]",429805,0.5769,4.064,4.2,29.0,50.0,0.7272,0.7136,5.07,6.0,0.6933,0.716,L,R,YRFI,LOSS,1,0,1,2026-08-07T22:59:22+00:00,-110,-115,DraftKings,2026-08-07T21:57:49+00:00,0.5238,0.5349,-0.0213,-0.0374,-0.0213,N,0.5,0,-110,-115,2026-08-07T21:37:47+00:00,0,0.4765,PASS,NO EDGE,,,,,,,
2026-08-07,2026,823024,1,N,COL,STL,8:15 PM ET,Ryan Feltner,Kyle Leahy,663372,681517,live,live,live,live,0.97,0.4605,0.6211,1.0816,0.2986,0.4845,0.7831,0.4833,0.5167,0.2942,0.7058,0.456983,0.543017,PASS,NO EDGE,PASS - No edge,4,2026-08-08T00:05:04Z,5.256,3.419,1.41,1.305,5.277,3.81,3.39,2.92,1.73,0.92,7.32,7.83,0.322,0.315,0.419,0.382,4.781,4.358,32.6,10.2,53.0,0.0,1.0,0.6,0.7,0.7,0.3483,0.3384,0.4535,0.522,0.1798,0.2326,lineup,lineup,"[{""id"": 802139, ""name"": ""JJ Wetherholt"", ""bats"": ""L"", ""obp"": 0.3509127789046653, ""slg"": 0.3877068557919622, ""iso"": 0.13947990543735225, ""ab"": 423}, {""id"": 691023, ""name"": ""Jordan Walker"", ""bats"": ""R"", ""obp"": 0.3431578947368421, ""slg"": 0.49074074074074076, ""iso"": 0.20601851851851855, ""ab"": 432}, {""id"": 676475, ""name"": ""Alec Burleson"", ""bats"": ""L"", ""obp"": 0.3506224066390041, ""slg"": 0.4804597701149425, ""iso"": 0.19310344827586207, ""ab"": 435}]","[{""id"": 664983, ""name"": ""Jake McCarthy"", ""bats"": ""L"", ""obp"": 0.33070866141732286, ""slg"": 0.49014084507042255, ""iso"": 0.1971830985915493, ""ab"": 355}, {""id"": 694249, ""name"": ""Cole Carrigg"", ""bats"": ""S"", ""obp"": 0.3867403314917127, ""slg"": 0.5098039215686274, ""iso"": 0.2091503267973856, ""ab"": 153}, {""id"": 671289, ""name"": ""Tyler Freeman"", ""bats"": ""R"", ""obp"": 0.32014388489208634, ""slg"": 0.31746031746031744, ""iso"": 0.06746031746031744, ""ab"": 252}]","[{""name"": ""away_top3c_slg"", ""value"": 0.522, ""contribution"": -0.4138}, {""name"": ""away_top3c_iso"", ""value"": 0.2326, ""contribution"": 0.3808}, {""name"": ""era_gap_t1"", ""value"": -1.837, ""contribution"": -0.1983}, {""name"": ""away_top3_ops_vs_oppHand"", ""value"": 0.8973, ""contribution"": 0.1326}, {""name"": ""fi_park_nrfi_rate"", ""value"": 0.527, ""contribution"": -0.1009}]","[{""name"": ""fi_park_nrfi_rate"", ""value"": 0.527, ""contribution"": -0.1552}, {""name"": ""away_fip"", ""value"": 5.2768, ""contribution"": 0.1377}, {""name"": ""era_gap_b1"", ""value"": 1.837, ""contribution"": 0.1246}, {""name"": ""home_top3_ops_vs_oppHand"", ""value"": 0.846, ""contribution"": 0.0988}, {""name"": ""wx_temp_c"", ""value"": 32.6, ""contribution"": 0.0948}]",596740,0.574,4.459,4.743,32.0,55.0,0.7136,0.7396,5.2,4.73,0.8973,0.846,R,R,NRFI,PASS,0,0,0,2026-08-08T00:31:20+00:00,-110,-120,DraftKings,2026-08-08T00:27:27+00:00,0.5238,0.5455,-0.0405,-0.0288,,N,,,-110,-120,2026-08-08T00:12:29+00:00,,0.4189,YRFI,STRONG,,,,,,,
2026-08-07,2026,823428,1,N,TOR,PHI,6:40 PM ET,José Soriano,Zack Wheeler,667755,554430,live,live,live,live,1.04,0.3443,0.539,0.8833,0.2296,0.4291,0.6587,0.513,0.487,0.2214,0.7786,0.517526,0.482474,NRFI,LEAN,LEAN NRFI,4,2026-08-07T21:30:21Z,3.528,2.551,1.287,0.918,3.803,3.052,4.17,1.98,0.82,1.12,9.0,11.07,0.304,0.308,0.38,0.403,3.958,4.424,28.7,9.2,68.0,0.0,0.8,1.0,0.9,0.9,0.3412,0.3174,0.4711,0.3889,0.2211,0.127,lineup,lineup,"[{""id"": 656941, ""name"": ""Kyle Schwarber"", ""bats"": ""L"", ""obp"": 0.36270491803278687, ""slg"": 0.5208845208845209, ""iso"": 0.2776412776412776, ""ab"": 407}, {""id"": 607208, ""name"": ""Trea Turner"", ""bats"": ""R"", ""obp"": 0.298, ""slg"": 0.4021505376344086, ""iso"": 0.15053763440860218, ""ab"": 465}, {""id"": 547180, ""name"": ""Bryce Harper"", ""bats"": ""L"", ""obp"": 0.36400817995910023, ""slg"": 0.5, ""iso"": 0.2450980392156863, ""ab"": 408}]","[{""id"": 664770, ""name"": ""Nathan Lukes"", ""bats"": ""L"", ""obp"": 0.31690140845070425, ""slg"": 0.36015325670498083, ""iso"": 0.0996168582375479, ""ab"": 261}, {""id"": 672386, ""name"": ""Alejandro Kirk"", ""bats"": ""R"", ""obp"": 0.3291139240506329, ""slg"": 0.36879432624113473, ""iso"": 0.11347517730496454, ""ab"": 141}, {""id"": 664702, ""name"": ""Myles Straw"", ""bats"": ""R"", ""obp"": 0.27751196172248804, ""slg"": 0.3403141361256545, ""iso"": 0.11518324607329847, ""ab"": 191}]","[{""name"": ""away_top3c_iso"", ""value"": 0.127, ""contribution"": -0.3628}, {""name"": ""away_top3c_slg"", ""value"": 0.3889, ""contribution"": 0.2603}, {""name"": ""home_xera"", ""value"": 1.9492, ""contribution"": -0.222}, {""name"": ""era_gap_t1"", ""value"": -0.9773, ""contribution"": -0.1052}, {""name"": ""home_fip"", ""value"": 3.0521, ""contribution"": -0.104}]","[{""name"": ""home_top3c_iso"", ""value"": 0.2211, ""contribution"": 0.1987}, {""name"": ""home_top3c_slg"", ""value"": 0.4711, ""contribution"": -0.1907}, {""name"": ""fi_park_nrfi_rate"", ""value"": 0.473, ""contribution"": 0.1321}, {""name"": ""home_top3_ops_vs_oppHand"", ""value"": 0.86, ""contribution"": 0.1156}, {""name"": ""away_whiff_pct_rank"", ""value"": 71.0, ""contribution"": -0.0911}]",483630,0.522,1.949,3.855,93.0,71.0,0.7709,0.7272,5.0,5.6,0.7327,0.86,R,R,NRFI,WIN,0,0,0,2026-08-08T00:53:17+00:00,-135,+100,DraftKings,2026-08-08T01:01:36+00:00,0.5745,0.5,-0.0615,-0.013,-0.0615,N,0.5,0,-120,-105,2026-08-07T21:37:47+00:00,0.029,0.5651,NRFI,STRONG,,,,,,,
2026-08-07,2026,823266,1,N,HOU,SD,9:40 PM ET,Ronel Blanco,Robbie Ray,669854,592662,ltd,live,live,live,0.95,0.5287,0.5773,1.106,0.2494,0.3648,0.6142,0.524,0.476,0.3032,0.6968,0.541078,0.458922,NRFI,LEAN,LEAN NRFI,4,2026-08-08T00:34:53Z,4.985,3.221,1.247,1.27,5.036,4.347,3.73,4.05,1.75,1.1,9.18,8.2,0.321,0.313,0.415,0.386,4.637,4.263,29.2,9.4,54.0,0.0,0.8,0.8,0.9,0.9,0.3202,0.3899,0.3881,0.5236,0.1476,0.2289,lineup,lineup,"[{""id"": 665487, ""name"": ""Fernando Tatis Jr."", ""bats"": ""R"", ""obp"": 0.3499005964214712, ""slg"": 0.40268456375838924, ""iso"": 0.12304250559284113, ""ab"": 447}, {""id"": 630105, ""name"": ""Jake Cronenworth"", ""bats"": ""L"", ""obp"": 0.30962343096234307, ""slg"": 0.2890995260663507, ""iso"": 0.07109004739336491, ""ab"": 211}, {""id"": 592518, ""name"": ""Manny Machado"", ""bats"": ""R"", ""obp"": 0.29436325678496866, ""slg"": 0.4224343675417661, ""iso"": 0.21241050119331742, ""ab"": 419}]","[{""id"": 665161, ""name"": ""Jeremy Pe\u00f1a"", ""bats"": ""R"", ""obp"": 0.3694915254237288, ""slg"": 0.5093632958801498, ""iso"": 0.19850187265917607, ""ab"": 267}, {""id"": 670541, ""name"": ""Yordan Alvarez"", ""bats"": ""L"", ""obp"": 0.44246031746031744, ""slg"": 0.6400966183574879, ""iso"": 0.31159420289855067, ""ab"": 414}, {""id"": 670623, ""name"": ""Isaac Paredes"", ""bats"": ""R"", ""obp"": 0.34557235421166305, ""slg"": 0.4120603015075377, ""iso"": 0.16331658291457288, ""ab"": 398}]","[{""name"": ""away_top3c_slg"", ""value"": 0.5236, ""contribution"": -0.4222}, {""name"": ""away_top3c_iso"", ""value"": 0.2289, ""contribution"": 0.3552}, {""name"": ""era_gap_t1"", ""value"": -1.7645, ""contribution"": -0.1904}, {""name"": ""fi_park_nrfi_rate"", ""value"": 0.5409, ""contribution"": -0.149}, {""name"": ""home_p_last10_pitcher_nrfi"", ""value"": 0.9, ""contribution"": 0.0716}]","[{""name"": ""home_top3c_slg"", ""value"": 0.3881, ""contribution"": 0.3247}, {""name"": ""fi_park_nrfi_rate"", ""value"": 0.5409, ""contribution"": -0.229}, {""name"": ""home_top3c_iso"", ""value"": 0.1476, ""contribution"": -0.1481}, {""name"": ""era_gap_b1"", ""value"": 1.7645, ""contribution"": 0.1197}, {""name"": ""away_fip"", ""value"": 5.0356, ""contribution"": 0.1119}]",427554,0.4835,3.719,4.2,64.0,50.0,0.664,0.7136,5.4,5.73,0.7633,0.685,R,L,NRFI,WIN,0,0,0,2026-08-08T01:58:09+00:00,-110,-120,DraftKings,2026-08-08T02:06:53+00:00,0.5238,0.5455,0.0002,-0.0695,0.0002,N,0.5,0,-110,-120,2026-08-08T00:38:16+00:00,0,0.5651,NRFI,STRONG,,,,,,,
2026-08-07,2026,824727,1,N,OAK,BOS,7:10 PM ET,Jack Perkins,Payton Tolle,678022,801139,live,live,live,live,1.05,0.4664,0.6242,1.0907,0.2017,0.416,0.6178,0.5218,0.4782,0.2976,0.7024,0.539143,0.460857,NRFI,LEAN,LEAN NRFI,4,2026-08-07T22:05:12Z,5.821,3.547,1.339,1.181,4.328,3.66,3.41,2.68,1.51,1.11,10.16,9.5,0.319,0.319,0.4,0.403,4.35,4.43,32.3,12.2,33.0,0.0,0.4,0.4,0.6,0.5,0.3301,0.3087,0.4549,0.3894,0.1868,0.1351,lineup,lineup,"[{""id"": 686765, ""name"": ""Nick Sogard"", ""bats"": ""S"", ""obp"": 0.36486486486486486, ""slg"": 0.3225806451612903, ""iso"": 0.08064516129032256, ""ab"": 62}, {""id"": 678882, ""name"": ""Ceddanne Rafaela"", ""bats"": ""R"", ""obp"": 0.32819383259911894, ""slg"": 0.4719626168224299, ""iso"": 0.18457943925233644, ""ab"": 428}, {""id"": 642201, ""name"": ""Eli White"", ""bats"": ""R"", ""obp"": 0.2827586206896552, ""slg"": 0.40298507462686567, ""iso"": 0.17164179104477612, ""ab"": 134}]","[{""id"": 703607, ""name"": ""Henry Bolte"", ""bats"": ""R"", ""obp"": 0.33976833976833976, ""slg"": 0.34649122807017546, ""iso"": 0.08771929824561403, ""ab"": 228}, {""id"": 675961, ""name"": ""Alika Williams"", ""bats"": ""R"", ""obp"": 0.28125, ""slg"": 0.38524590163934425, ""iso"": 0.13114754098360654, ""ab"": 122}, {""id"": 641680, ""name"": ""Jonah Heim"", ""bats"": ""S"", ""obp"": 0.2845849802371542, ""slg"": 0.42857142857142855, ""iso"": 0.1991341991341991, ""ab"": 231}]","[{""name"": ""away_top3c_iso"", ""value"": 0.1351, ""contribution"": -0.3056}, {""name"": ""away_top3c_slg"", ""value"": 0.3894, ""contribution"": 0.2576}, {""name"": ""era_gap_t1"", ""value"": -2.2744, ""contribution"": -0.2456}, {""name"": ""home_xera"", ""value"": 3.3267, ""contribution"": -0.0808}, {""name"": ""wx_temp_c"", ""value"": 32.3, ""contribution"": 0.0661}]","[{""name"": ""away_whiff_pct_rank"", ""value"": 90.0, ""contribution"": -0.1731}, {""name"": ""era_gap_b1"", ""value"": 2.2744, ""contribution"": 0.1544}, {""name"": ""wx_temp_c"", ""value"": 32.3, ""contribution"": 0.0922}, {""name"": ""home_top3c_slg"", ""value"": 0.4549, ""contribution"": -0.0904}, {""name"": ""fi_park_nrfi_rate"", ""value"": 0.5121, ""contribution"": -0.076}]",484499,0.5451,3.327,3.41,100.0,90.0,0.6796,0.7136,5.33,4.93,0.7477,0.7567,R,L,NRFI,WIN,0,0,0,2026-08-07T23:25:35+00:00,-125,-105,DraftKings,2026-08-07T21:57:49+00:00,0.5556,0.5122,-0.0338,-0.034,-0.0338,N,0.5,0,-125,-105,2026-08-07T22:02:49+00:00,0,0.4732,PASS,NO EDGE,,,,,,,
2026-08-07,2026,822699,1,N,CIN,WSH,6:45 PM ET,Chase Petty,Cade Cavalli,695534,676917,ltd,live,live,live,0.97,0.4189,0.5776,0.9966,0.377,0.5222,0.8992,0.4335,0.5665,0.263,0.737,0.40691,0.59309,YRFI,LEAN,LEAN YRFI,4,2026-08-07T21:30:21Z,4.311,3.688,1.247,1.304,4.639,3.49,2.7,2.76,1.33,0.97,6.8,9.41,0.311,0.326,0.4,0.435,4.213,5.231,26.8,20.1,78.0,0.0,1.0,0.75,0.8,0.75,0.3357,0.345,0.5047,0.4861,0.2366,0.23,lineup,lineup,"[{""id"": 682928, ""name"": ""CJ Abrams"", ""bats"": ""L"", ""obp"": 0.3615702479338843, ""slg"": 0.5505882352941176, ""iso"": 0.26352941176470585, ""ab"": 425}, {""id"": 694673, ""name"": ""Abimelec Ortiz"", ""bats"": ""L"", ""obp"": 0.25, ""slg"": 0.5833333333333334, ""iso"": 0.33333333333333337, ""ab"": 12}, {""id"": 691781, ""name"": ""Brady House"", ""bats"": ""R"", ""obp"": 0.28169014084507044, ""slg"": 0.4010152284263959, ""iso"": 0.17258883248730963, ""ab"": 197}]","[{""id"": 682829, ""name"": ""Elly De La Cruz"", ""bats"": ""S"", ""obp"": 0.3559718969555035, ""slg"": 0.5013262599469496, ""iso"": 0.22546419098143233, ""ab"": 377}, {""id"": 701398, ""name"": ""Sal Stewart"", ""bats"": ""R"", ""obp"": 0.3360323886639676, ""slg"": 0.4837962962962963, ""iso"": 0.22685185185185186, ""ab"": 432}, {""id"": 668709, ""name"": ""JJ Bleday"", ""bats"": ""L"", ""obp"": 0.34444444444444444, ""slg"": 0.47039473684210525, ""iso"": 0.24013157894736842, ""ab"": 304}]","[{""name"": ""away_top3c_iso"", ""value"": 0.23, ""contribution"": 0.3629}, {""name"": ""away_top3c_slg"", ""value"": 0.4861, ""contribution"": -0.232}, {""name"": ""fi_park_nrfi_rate"", ""value"": 0.4761, ""contribution"": 0.0751}, {""name"": ""era_gap_t1"", ""value"": -0.6232, ""contribution"": -0.0669}, {""name"": ""home_fip"", ""value"": 3.49, ""contribution"": -0.0549}]","[{""name"": ""home_top3c_slg"", ""value"": 0.5047, ""contribution"": -0.3997}, {""name"": ""home_top3c_iso"", ""value"": 0.2366, ""contribution"": 0.2718}, {""name"": ""fi_park_nrfi_rate"", ""value"": 0.4761, ""contribution"": 0.1154}, {""name"": ""home_top3_ops_vs_oppHand"", ""value"": 0.844, ""contribution"": 0.0964}, {""name"": ""wx_wind_kmh"", ""value"": 20.1, ""contribution"": 0.0906}]",427113,0.5139,4.101,4.2,80.0,50.0,0.6796,0.7136,6.0,4.0,0.8057,0.844,R,R,YRFI,WIN,0,3,3,2026-08-08T00:06:01+00:00,-110,-120,DraftKings,2026-08-07T21:57:49+00:00,0.5238,0.5455,-0.0903,0.021,0.021,N,0.5,0,-110,-120,2026-08-07T21:42:50+00:00,0,0.4144,YRFI,STRONG,,,,,,,
2026-08-07,2026,824081,1,N,CHC,KC,8:10 PM ET,Kevin Gausman,Daniel Lynch IV,592332,663738,live,live,live,live,0.96,0.4411,0.445,0.8861,0.2694,0.3261,0.5955,0.536,0.464,0.2224,0.7776,0.551282,0.448718,NRFI,LEAN,LEAN NRFI,4,2026-08-07T23:04:51Z,4.191,2.699,1.235,1.11,3.579,3.686,2.5,2.76,1.04,0.74,8.95,7.02,0.335,0.312,0.414,0.397,5.057,4.179,29.8,13.7,54.0,0.0,1.0,0.6,1.0,0.6,0.3223,0.3628,0.4414,0.469,0.1853,0.2003,lineup,lineup,"[{""id"": 695600, ""name"": ""Carter Jensen"", ""bats"": ""L"", ""obp"": 0.3014018691588785, ""slg"": 0.4146981627296588, ""iso"": 0.18635170603674542, ""ab"": 381}, {""id"": 677951, ""name"": ""Bobby Witt Jr."", ""bats"": ""R"", ""obp"": 0.3559718969555035, ""slg"": 0.4566929133858268, ""iso"": 0.17060367454068243, ""ab"": 381}, {""id"": 695506, ""name"": ""Jac Caglianone"", ""bats"": ""L"", ""obp"": 0.30917874396135264, ""slg"": 0.45287958115183247, ""iso"": 0.19895287958115182, ""ab"": 382}]","[{""id"": 691718, ""name"": ""Pete Crow-Armstrong"", ""bats"": ""L"", ""obp"": 0.3862745098039216, ""slg"": 0.5504587155963303, ""iso"": 0.2614678899082569, ""ab"": 436}, {""id"": 673548, ""name"": ""Seiya Suzuki"", ""bats"": ""R"", ""obp"": 0.3640552995391705, ""slg"": 0.47593582887700536, ""iso"": 0.20588235294117646, ""ab"": 374}, {""id"": 608324, ""name"": ""Alex Bregman"", ""bats"": ""R"", ""obp"": 0.33849129593810445, ""slg"": 0.38392857142857145, ""iso"": 0.1361607142857143, ""ab"": 448}]","[{""name"": ""home_xera"", ""value"": 1.9, ""contribution"": -0.227}, {""name"": ""fi_park_nrfi_rate"", ""value"": 0.5614, ""contribution"": -0.2197}, {""name"": ""era_gap_t1"", ""value"": -1.4921, ""contribution"": -0.1609}, {""name"": ""away_top3c_iso"", ""value"": 0.2003, ""contribution"": 0.1537}, {""name"": ""away_top3c_slg"", ""value"": 0.469, ""contribution"": -0.1455}]","[{""name"": ""fi_park_nrfi_rate"", ""value"": 0.5614, ""contribution"": -0.3377}, {""name"": ""away_whiff_pct_rank"", ""value"": 81.0, ""contribution"": -0.1343}, {""name"": ""home_plate_ump_nrfi_rate"", ""value"": 0.6254, ""contribution"": 0.1272}, {""name"": ""era_gap_b1"", ""value"": 1.4921, ""contribution"": 0.1011}, {""name"": ""wx_temp_c"", ""value"": 29.8, ""contribution"": 0.0714}]",644760,0.6254,1.9,3.521,98.0,81.0,0.7136,0.7709,2.17,5.27,0.9073,0.7713,R,L,YRFI,LOSS,0,1,1,2026-08-08T00:27:45+00:00,+105,-135,DraftKings,2026-08-08T00:27:27+00:00,0.4878,0.5745,0.0482,-0.1105,0.0482,N,0.5,0,+105,-135,2026-08-07T22:02:49+00:00,0,0.4589,PASS,NO EDGE,,,,,,,
2026-08-07,2026,823191,1,N,DET,SF,10:15 PM ET,Keider Montero,JT Brubaker,672456,664141,live,ltd,live,live,0.94,0.4583,0.4263,0.8846,0.4819,0.3994,0.8813,0.4381,0.5619,0.2219,0.7781,0.414258,0.585742,YRFI,LEAN,LEAN YRFI,4,2026-08-08T01:04:55Z,3.465,3.555,1.092,1.204,3.984,3.997,2.22,3.44,1.02,0.78,6.61,7.0,0.32,0.31,0.411,0.412,4.565,4.204,19.6,22.6,74.0,0.0,1.0,0.6,1.0,0.8,0.3175,0.371,0.4306,0.4663,0.1713,0.1879,lineup,lineup,"[{""id"": 805811, ""name"": ""Bryce Eldridge"", ""bats"": ""L"", ""obp"": 0.34812286689419797, ""slg"": 0.4392156862745098, ""iso"": 0.1843137254901961, ""ab"": 255}, {""id"": 808982, ""name"": ""Jung Hoo Lee"", ""bats"": ""L"", ""obp"": 0.3380281690140845, ""slg"": 0.44862155388471175, ""iso"": 0.14536340852130325, ""ab"": 399}, {""id"": 642715, ""name"": ""Willy Adames"", ""bats"": ""R"", ""obp"": 0.2792207792207792, ""slg"": 0.4084507042253521, ""iso"": 0.18779342723004697, ""ab"": 426}]","[{""id"": 805808, ""name"": ""Kevin McGonigle"", ""bats"": ""L"", ""obp"": 0.3907815631262525, ""slg"": 0.4312796208530806, ""iso"": 0.14691943127962087, ""ab"": 422}, {""id"": 650402, ""name"": ""Gleyber Torres"", ""bats"": ""R"", ""obp"": 0.3852140077821012, ""slg"": 0.40375586854460094, ""iso"": 0.13615023474178406, ""ab"": 213}, {""id"": 693307, ""name"": ""Dillon Dingler"", ""bats"": ""R"", ""obp"": 0.34080717488789236, ""slg"": 0.5359801488833746, ""iso"": 0.2580645161290322, ""ab"": 403}]","[{""name"": ""home_xera"", ""value"": 6.31, ""contribution"": 0.2249}, {""name"": ""away_top3c_slg"", ""value"": 0.4663, ""contribution"": -0.1317}, {""name"": ""away_top3_ops_vs_oppHand"", ""value"": 0.891, ""contribution"": 0.1261}, {""name"": ""home_p_last10_pitcher_nrfi"", ""value"": 1.0, ""contribution"": 0.1107}, {""name"": ""away_top3c_iso"", ""value"": 0.1879, ""contribution"": 0.066}]","[{""name"": ""away_whiff_pct_rank"", ""value"": 9.0, ""contribution"": 0.1765}, {""name"": ""wx_wind_kmh"", ""value"": 22.6, ""contribution"": 0.1169}, {""name"": ""home_top3c_obp"", ""value"": 0.3175, ""contribution"": -0.0799}, {""name"": ""home_top3c_slg"", ""value"": 0.4306, ""contribution"": 0.0611}, {""name"": ""home_plate_ump_nrfi_rate"", ""value"": 0.4534, ""contribution"": -0.0501}]",594151,0.4534,6.31,4.024,65.0,9.0,0.7136,0.7272,4.0,5.93,0.891,0.7767,R,R,YRFI,WIN,1,2,3,2026-08-08T02:32:04+00:00,-120,-105,DraftKings,2026-08-08T02:06:53+00:00,0.5455,0.5122,-0.1074,0.0497,0.0497,N,0.5,0,-115,-110,2026-08-08T01:01:36+00:00,-0.0116,0.3767,YRFI,STRONG,,,,,,,
2026-08-08,2026,822864,1,N,BAL,TEX,7:15 PM ET,Kyle Bradish,Jacob deGrom,680694,594798,live,live,live,live,1.07,0.4787,0.5411,1.0198,0.2717,0.2365,0.5082,0.5986,0.4014,0.2715,0.7285,0.601586,0.398414,NRFI,LEAN,LEAN NRFI,4,2026-08-08T22:04:50Z,3.776,3.702,1.32,1.083,3.952,3.513,3.74,2.21,1.0,1.29,9.01,10.46,0.319,0.317,0.392,0.402,4.462,4.172,,,,1.0,0.6,1.0,0.7,0.9,0.3214,0.3222,0.4642,0.4112,0.2237,0.1795,lineup,lineup,"[{""id"": 696030, ""name"": ""Alejandro Osuna"", ""bats"": ""L"", ""obp"": 0.3470319634703196, ""slg"": 0.296875, ""iso"": 0.041666666666666685, ""ab"": 192}, {""id"": 694671, ""name"": ""Wyatt Langford"", ""bats"": ""R"", ""obp"": 0.31272727272727274, ""slg"": 0.484375, ""iso"": 0.22265625, ""ab"": 256}, {""id"": 608369, ""name"": ""Corey Seager"", ""bats"": ""L"", ""obp"": 0.30578512396694213, ""slg"": 0.37681159420289856, ""iso"": 0.17874396135265702, ""ab"": 207}]","[{""id"": 683002, ""name"": ""Gunnar Henderson"", ""bats"": ""L"", ""obp"": 0.29693486590038315, ""slg"": 0.3905579399141631, ""iso"": 0.1738197424892704, ""ab"": 466}, {""id"": 681047, ""name"": ""Christian Franklin"", ""bats"": ""R"", ""obp"": 0.2222222222222222, ""slg"": 0.25, ""iso"": 0.125, ""ab"": 8}, {""id"": 702616, ""name"": ""Jackson Holliday"", ""bats"": ""L"", ""obp"": 0.34134615384615385, ""slg"": 0.36, ""iso"": 0.1257142857142857, ""ab"": 175}]","[{""name"": ""away_top3c_slg"", ""value"": 0.4112, ""contribution"": 0.1474}, {""name"": ""fi_park_nrfi_rate"", ""value"": 0.5398, ""contribution"": -0.1451}, {""name"": ""home_xera"", ""value"": 3.231, ""contribution"": -0.0906}, {""name"": ""home_fip"", ""value"": 3.513, ""contribution"": -0.0523}, {""name"": ""away_top3_ops_vs_oppHand"", ""value"": 0.74, ""contribution"": -0.0278}]","[{""name"": ""fi_park_nrfi_rate"", ""value"": 0.5398, ""contribution"": -0.2231}, {""name"": ""home_top3c_iso"", ""value"": 0.2237, ""contribution"": 0.2108}, {""name"": ""away_whiff_pct_rank"", ""value"": 94.0, ""contribution"": -0.1904}, {""name"": ""home_top3c_slg"", ""value"": 0.4642, ""contribution"": -0.1481}, {""name"": ""wx_is_dome"", ""value"": 1.0, ""contribution"": -0.0758}]",428442,0.5176,3.231,3.85,82.0,94.0,0.7613,0.6942,5.0,5.6,0.74,0.8033,R,R,YRFI,LOSS,1,0,1,2026-08-08T23:30:59+00:00,-130,+100,DraftKings,2026-08-08T23:35:53+00:00,0.5652,0.5,0.0334,-0.0986,0.0334,N,0.5,0,-130,+100,2026-08-08T21:33:40+00:00,0,0.6486,NRFI,STRONG,,,,,,,
2026-08-08,2026,824565,1,N,CLE,CWS,7:15 PM ET,Gavin Williams,Anthony Kay,668909,641743,live,live,live,live,0.98,0.4796,0.4867,0.9663,0.5089,0.3992,0.9081,0.4312,0.5688,0.2519,0.7481,0.403279,0.596721,YRFI,LEAN,LEAN YRFI,4,2026-08-08T22:04:50Z,3.448,4.053,1.091,1.326,3.69,4.334,2.96,3.3,1.33,1.16,11.03,7.73,0.312,0.315,0.373,0.405,4.049,4.719,23.5,9.2,78.0,0.0,1.0,0.8,0.8,0.7,0.3562,0.335,0.4668,0.3864,0.2185,0.1277,lineup,lineup,"[{""id"": 686668, ""name"": ""Brenton Doyle"", ""bats"": ""R"", ""obp"": 0.2826086956521739, ""slg"": 0.2777777777777778, ""iso"": 0.06349206349206352, ""ab"": 126}, {""id"": 808959, ""name"": ""Munetaka Murakami"", ""bats"": ""L"", ""obp"": 0.36857142857142855, ""slg"": 0.53125, ""iso"": 0.2951388888888889, ""ab"": 288}, {""id"": 678246, ""name"": ""Miguel Vargas"", ""bats"": ""R"", ""obp"": 0.3406813627254509, ""slg"": 0.46808510638297873, ""iso"": 0.23404255319148937, ""ab"": 423}]","[{""id"": 680757, ""name"": ""Steven Kwan"", ""bats"": ""L"", ""obp"": 0.36511627906976746, ""slg"": 0.329700272479564, ""iso"": 0.06539509536784738, ""ab"": 367}, {""id"": 666176, ""name"": ""Jo Adell"", ""bats"": ""R"", ""obp"": 0.2890295358649789, ""slg"": 0.3890160183066362, ""iso"": 0.1533180778032037, ""ab"": 437}, {""id"": 800050, ""name"": ""Chase DeLauter"", ""bats"": ""L"", ""obp"": 0.3556085918854415, ""slg"": 0.4393530997304582, ""iso"": 0.15902964959568733, ""ab"": 371}]","[{""name"": ""away_top3c_iso"", ""value"": 0.1277, ""contribution"": -0.358}, {""name"": ""home_xera"", ""value"": 7.5858, ""contribution"": 0.3556}, {""name"": ""away_top3c_slg"", ""value"": 0.3864, ""contribution"": 0.2729}, {""name"": ""fi_park_nrfi_rate"", ""value"": 0.473, ""contribution"": 0.0859}, {""name"": ""era_gap_t1"", ""value"": 0.6044, ""contribution"": 0.0661}]","[{""name"": ""home_top3c_iso"", ""value"": 0.2185, ""contribution"": 0.1863}, {""name"": ""away_whiff_pct_rank"", ""value"": 88.0, ""contribution"": -0.1645}, {""name"": ""home_top3c_slg"", ""value"": 0.4668, ""contribution"": -0.164}, {""name"": ""fi_park_nrfi_rate"", ""value"": 0.473, ""contribution"": 0.1321}, {""name"": ""home_top3_ops_vs_oppHand"", ""value"": 0.8697, ""contribution"": 0.1271}]",427164,0.5083,7.586,4.171,50.0,88.0,0.7136,0.6796,5.2,6.53,0.8093,0.8697,R,L,NRFI,LOSS,0,0,0,2026-08-08T23:46:03+00:00,-160,+125,DraftKings,2026-08-08T23:35:53+00:00,0.6154,0.4444,-0.1842,0.1244,0.1244,N,0.5,0,-160,+125,2026-08-08T21:33:40+00:00,0,0.3767,YRFI,STRONG,,,,,,,
2026-08-08,2026,823426,1,N,TOR,PHI,6:05 PM ET,Max Scherzer,Aaron Nola,453286,605400,live,live,live,live,1.04,0.5631,0.7242,1.2874,0.2776,0.632,0.9097,0.4308,0.5692,0.3687,0.6313,0.402652,0.597348,YRFI,LEAN,LEAN YRFI,4,2026-08-08T20:38:36Z,6.195,5.566,1.431,1.413,5.76,5.07,3.39,2.99,2.17,1.98,7.91,9.1,0.304,0.308,0.38,0.402,3.966,4.42,26.7,8.7,82.0,0.0,0.6,0.4,0.5,0.4,0.3414,0.3302,0.4698,0.3538,0.2198,0.093,lineup,lineup,"[{""id"": 664761, ""name"": ""Alec Bohm"", ""bats"": ""R"", ""obp"": 0.28322440087145967, ""slg"": 0.3588516746411483, ""iso"": 0.13397129186602869, ""ab"": 418}, {""id"": 607208, ""name"": ""Trea Turner"", ""bats"": ""R"", ""obp"": 0.297029702970297, ""slg"": 0.39872068230277186, ""iso"": 0.1492537313432836, ""ab"": 469}, {""id"": 547180, ""name"": ""Bryce Harper"", ""bats"": ""L"", ""obp"": 0.36639676113360325, ""slg"": 0.5, ""iso"": 0.24271844660194175, ""ab"": 412}]","[{""id"": 664770, ""name"": ""Nathan Lukes"", ""bats"": ""L"", ""obp"": 0.31833910034602075, ""slg"": 0.3609022556390977, ""iso"": 0.09774436090225563, ""ab"": 266}, {""id"": 703520, ""name"": ""Brett Bateman"", ""bats"": ""L"", ""obp"": 0.75, ""slg"": 1.0, ""iso"": 0.5, ""ab"": 2}, {""id"": 665489, ""name"": ""Vladimir Guerrero Jr."", ""bats"": ""R"", ""obp"": 0.33771929824561403, ""slg"": 0.3491271820448878, ""iso"": 0.08977556109725687, ""ab"": 401}]","[{""name"": ""away_top3c_iso"", ""value"": 0.093, ""contribution"": -0.6025}, {""name"": ""away_top3c_slg"", ""value"": 0.3538, ""contribution"": 0.4379}, {""name"": ""home_fip"", ""value"": 5.0703, ""contribution"": 0.1226}, {""name"": ""fi_park_nrfi_rate"", ""value"": 0.473, ""contribution"": 0.0859}, {""name"": ""home_p_last10_pitcher_nrfi"", ""value"": 0.5, ""contribution"": -0.0846}]","[{""name"": ""home_top3c_iso"", ""value"": 0.2198, ""contribution"": 0.1926}, {""name"": ""away_fip"", ""value"": 5.7604, ""contribution"": 0.1894}, {""name"": ""home_top3c_slg"", ""value"": 0.4698, ""contribution"": -0.1828}, {""name"": ""fi_park_nrfi_rate"", ""value"": 0.473, ""contribution"": 0.1321}, {""name"": ""home_top3_ops_vs_oppHand"", ""value"": 0.859, ""contribution"": 0.1144}]",639723,0.548,4.083,4.629,59.0,39.0,0.751,0.6643,5.6,4.07,0.7077,0.859,R,R,YRFI,WIN,1,0,1,2026-08-08T22:22:36+00:00,+110,-145,DraftKings,2026-08-08T21:28:40+00:00,0.4762,0.5918,-0.0454,-0.0226,-0.0226,N,0.5,0,+110,-145,2026-08-08T21:00:53+00:00,0,0.4658,PASS,NO EDGE,,,,,,,
2026-08-08,2026,823834,1,N,LAA,MIA,4:10 PM ET,Walbert Ureña,Sandy Alcantara,700712,645261,ltd,live,live,live,0.95,0.4166,0.4815,0.8981,0.4224,0.4328,0.8552,0.4486,0.5514,0.2268,0.7732,0.42521,0.57479,YRFI,LEAN,LEAN YRFI,4,2026-08-08T19:03:49Z,3.009,4.023,1.253,1.214,3.817,3.963,4.21,2.48,0.74,1.01,8.66,7.0,0.312,0.324,0.384,0.403,4.187,4.337,,,,1.0,1.0,1.0,0.9,0.9,0.3396,0.3659,0.384,0.4182,0.1388,0.1532,lineup,lineup,"[{""id"": 805300, ""name"": ""Jakob Marsee"", ""bats"": ""L"", ""obp"": 0.32339449541284404, ""slg"": 0.3062330623306233, ""iso"": 0.10298102981029811, ""ab"": 369}, {""id"": 669364, ""name"": ""Xavier Edwards"", ""bats"": ""S"", ""obp"": 0.3655030800821355, ""slg"": 0.3905882352941176, ""iso"": 0.10588235294117643, ""ab"": 425}, {""id"": 669065, ""name"": ""Kyle Stowers"", ""bats"": ""L"", ""obp"": 0.32564102564102565, ""slg"": 0.45930232558139533, ""iso"": 0.21802325581395346, ""ab"": 344}]","[{""id"": 685133, ""name"": ""Wade Meckler"", ""bats"": ""L"", ""obp"": 0.36666666666666664, ""slg"": 0.4110429447852761, ""iso"": 0.11042944785276076, ""ab"": 163}, {""id"": 642350, ""name"": ""Jose Siri"", ""bats"": ""R"", ""obp"": 0.32558139534883723, ""slg"": 0.4700854700854701, ""iso"": 0.20512820512820512, ""ab"": 117}, {""id"": 694384, ""name"": ""Nolan Schanuel"", ""bats"": ""L"", ""obp"": 0.345, ""slg"": 0.39154929577464787, ""iso"": 0.11830985915492953, ""ab"": 355}]","[{""name"": ""away_top3c_iso"", ""value"": 0.1532, ""contribution"": -0.1779}, {""name"": ""fi_park_nrfi_rate"", ""value"": 0.455, ""contribution"": 0.1479}, {""name"": ""away_top3c_slg"", ""value"": 0.4182, ""contribution"": 0.1118}, {""name"": ""era_gap_t1"", ""value"": 1.0138, ""contribution"": 0.1104}, {""name"": ""home_p_last10_pitcher_nrfi"", ""value"": 0.9, ""contribution"": 0.0716}]","[{""name"": ""home_top3c_slg"", ""value"": 0.384, ""contribution"": 0.3503}, {""name"": ""fi_park_nrfi_rate"", ""value"": 0.455, ""contribution"": 0.2273}, {""name"": ""home_top3c_iso"", ""value"": 0.1388, ""contribution"": -0.1896}, {""name"": ""wx_is_dome"", ""value"": 1.0, ""contribution"": -0.0758}, {""name"": ""home_obp"", ""value"": 0.324, ""contribution"": 0.0713}]",427013,0.504,4.417,2.497,28.0,50.0,0.7396,0.7136,6.6,5.53,0.8007,0.7467,R,R,NRFI,LOSS,0,0,0,2026-08-08T20:22:08+00:00,-145,+110,DraftKings,2026-08-08T16:58:09+00:00,0.5918,0.4762,-0.158,0.09,,N,,0,-145,+110,2026-08-08T17:03:15+00:00,,0.5651,NRFI,STRONG,,,,,,,
2026-08-08,2026,825049,1,N,LAD,ARI,8:10 PM ET,Yoshinobu Yamamoto,Brandon Pfaadt,808967,694297,live,live,live,live,1.0,0.5007,0.4081,0.9088,0.5529,0.3875,0.9404,0.4232,0.5768,0.2308,0.7692,0.390469,0.609531,YRFI,LEAN,LEAN YRFI,4,2026-08-08T23:04:19Z,2.698,4.198,0.905,1.284,3.404,4.086,2.21,2.31,0.95,1.06,8.7,6.5,0.336,0.314,0.428,0.396,4.996,4.542,,,,1.0,0.8,0.8,0.8,0.8,0.3568,0.3714,0.4267,0.4949,0.1677,0.2052,lineup,lineup,"[{""id"": 672695, ""name"": ""Geraldo Perdomo"", ""bats"": ""S"", ""obp"": 0.3574380165289256, ""slg"": 0.3728395061728395, ""iso"": 0.12839506172839507, ""ab"": 405}, {""id"": 682998, ""name"": ""Corbin Carroll"", ""bats"": ""L"", ""obp"": 0.336734693877551, ""slg"": 0.46588235294117647, ""iso"": 0.2235294117647059, ""ab"": 425}, {""id"": 672515, ""name"": ""Gabriel Moreno"", ""bats"": ""R"", ""obp"": 0.38292011019283745, ""slg"": 0.44336569579288027, ""iso"": 0.14239482200647252, ""ab"": 309}]","[{""id"": 660271, ""name"": ""Shohei Ohtani"", ""bats"": ""L"", ""obp"": 0.4, ""slg"": 0.5517241379310345, ""iso"": 0.25615763546798026, ""ab"": 406}, {""id"": 681624, ""name"": ""Andy Pages"", ""bats"": ""R"", ""obp"": 0.3333333333333333, ""slg"": 0.4572072072072072, ""iso"": 0.1891891891891892, ""ab"": 444}, {""id"": 518692, ""name"": ""Freddie Freeman"", ""bats"": ""L"", ""obp"": 0.38144329896907214, ""slg"": 0.48009367681498827, ""iso"": 0.1733021077283372, ""ab"": 427}]","[{""name"": ""away_top3c_slg"", ""value"": 0.4949, ""contribution"": -0.2767}, {""name"": ""fi_park_nrfi_rate"", ""value"": 0.4239, ""contribution"": 0.2555}, {""name"": ""away_top3c_iso"", ""value"": 0.2052, ""contribution"": 0.1879}, {""name"": ""home_xera"", ""value"": 5.9388, ""contribution"": 0.1868}, {""name"": ""era_gap_t1"", ""value"": 1.5004, ""contribution"": 0.1631}]","[{""name"": ""fi_park_nrfi_rate"", ""value"": 0.4239, ""contribution"": 0.3927}, {""name"": ""away_whiff_pct_rank"", ""value"": 86.0, ""contribution"": -0.1558}, {""name"": ""era_gap_b1"", ""value"": -1.5004, ""contribution"": -0.1025}, {""name"": ""home_top3c_slg"", ""value"": 0.4267, ""contribution"": 0.0851}, {""name"": ""wx_is_dome"", ""value"": 1.0, ""contribution"": -0.0758}]",608158,0.5142,5.939,2.53,50.0,86.0,0.7075,0.7709,6.07,7.2,0.8747,0.773,R,R,NRFI,LOSS,0,0,0,2026-08-09T00:24:14+00:00,-120,-110,DraftKings,2026-08-09T00:26:42+00:00,0.5455,0.5238,-0.1223,0.053,0.053,N,0.5,0,-120,-110,2026-08-08T23:07:40+00:00,0,0.4044,YRFI,STRONG,,,,,,,
2026-08-08,2026,823752,1,N,MIN,MIL,7:10 PM ET,Taj Bradley,Robert Gasser,671737,688107,live,ltd,live,live,1.03,0.5218,0.6029,1.1247,0.2729,0.2597,0.5326,0.5675,0.4325,0.31,0.69,0.587049,0.412951,NRFI,LEAN,LEAN NRFI,4,2026-08-08T22:04:50Z,4.017,4.359,1.256,1.205,4.092,4.333,3.72,2.56,1.21,1.44,9.57,8.54,0.318,0.334,0.407,0.399,4.655,4.92,,,,1.0,0.8,0.6,0.6,0.7,0.3577,0.344,0.4749,0.4064,0.2043,0.1594,lineup,lineup,"[{""id"": 668930, ""name"": ""Brice Turang"", ""bats"": ""L"", ""obp"": 0.3616161616161616, ""slg"": 0.45454545454545453, ""iso"": 0.18648018648018644, ""ab"": 429}, {""id"": 694192, ""name"": ""Jackson Chourio"", ""bats"": ""R"", ""obp"": 0.33602150537634407, ""slg"": 0.4764705882352941, ""iso"": 0.19999999999999996, ""ab"": 340}, {""id"": 641343, ""name"": ""Jake Bauers"", ""bats"": ""L"", ""obp"": 0.37254901960784315, ""slg"": 0.49855907780979825, ""iso"": 0.23054755043227665, ""ab"": 347}]","[{""id"": 702176, ""name"": ""Alan Roden"", ""bats"": ""L"", ""obp"": 0.3148148148148148, ""slg"": 0.24444444444444444, ""iso"": 0.022222222222222227, ""ab"": 45}, {""id"": 680777, ""name"": ""Ryan Jeffers"", ""bats"": ""R"", ""obp"": 0.38288288288288286, ""slg"": 0.5026455026455027, ""iso"": 0.22222222222222227, ""ab"": 189}, {""id"": 668904, ""name"": ""Royce Lewis"", ""bats"": ""R"", ""obp"": 0.31137724550898205, ""slg"": 0.4276094276094276, ""iso"": 0.1919191919191919, ""ab"": 297}]","[{""name"": ""fi_park_nrfi_rate"", ""value"": 0.5899, ""contribution"": -0.3182}, {""name"": ""away_top3c_slg"", ""value"": 0.4064, ""contribution"": 0.1717}, {""name"": ""away_top3c_iso"", ""value"": 0.1594, ""contribution"": -0.1347}, {""name"": ""away_top3_ops_vs_oppHand"", ""value"": 0.822, ""contribution"": 0.0558}, {""name"": ""home_p_last10_pitcher_nrfi"", ""value"": 0.6, ""contribution"": -0.0455}]","[{""name"": ""fi_park_nrfi_rate"", ""value"": 0.5899, ""contribution"": -0.4892}, {""name"": ""home_top3c_slg"", ""value"": 0.4749, ""contribution"": -0.2144}, {""name"": ""home_obp"", ""value"": 0.3337, ""contribution"": 0.1394}, {""name"": ""home_top3c_iso"", ""value"": 0.2043, ""contribution"": 0.1194}, {""name"": ""home_top3_ops_vs_oppHand"", ""value"": 0.8607, ""contribution"": 0.1164}]",431232,0.4946,4.2,4.08,50.0,52.0,0.7136,0.7272,5.33,6.2,0.822,0.8607,R,L,YRFI,LOSS,0,1,1,2026-08-08T23:30:59+00:00,-125,-105,DraftKings,2026-08-08T23:35:53+00:00,0.5556,0.5122,0.0119,-0.0797,0.0119,N,0.5,0,-125,-105,2026-08-08T21:33:40+00:00,0,0.6484,NRFI,STRONG,,,,,,,
2026-08-08,2026,823102,1,N,TB,SEA,9:50 PM ET,Casey Legumina,George Kirby,668984,669923,ltd,live,live,live,0.95,0.4033,0.451,0.8543,0.2542,0.4008,0.655,0.5135,0.4865,0.2108,0.7892,0.519431,0.480569,NRFI,LEAN,LEAN NRFI,4,2026-08-09T00:34:53Z,4.501,3.868,1.307,1.258,3.983,3.563,2.99,1.9,0.98,1.07,7.65,8.27,0.328,0.31,0.403,0.379,4.458,3.989,,,,1.0,0.6,0.8,0.7,0.8,0.359,0.3729,0.3997,0.4836,0.1375,0.195,lineup,lineup,"[{""id"": 621493, ""name"": ""Taylor Ward"", ""bats"": ""R"", ""obp"": 0.3769230769230769, ""slg"": 0.33962264150943394, ""iso"": 0.09669811320754715, ""ab"": 424}, {""id"": 702284, ""name"": ""Cole Young"", ""bats"": ""L"", ""obp"": 0.32264957264957267, ""slg"": 0.4107981220657277, ""iso"": 0.14788732394366194, ""ab"": 426}, {""id"": 668227, ""name"": ""Randy Arozarena"", ""bats"": ""R"", ""obp"": 0.37553648068669526, ""slg"": 0.4513715710723192, ""iso"": 0.16957605985037405, ""ab"": 401}]","[{""id"": 650490, ""name"": ""Yandy D\u00edaz"", ""bats"": ""R"", ""obp"": 0.36907216494845363, ""slg"": 0.4522144522144522, ""iso"": 0.15617715617715616, ""ab"": 429}, {""id"": 666018, ""name"": ""Jonathan Aranda"", ""bats"": ""L"", ""obp"": 0.375, ""slg"": 0.44019138755980863, ""iso"": 0.15311004784688997, ""ab"": 418}, {""id"": 691406, ""name"": ""Junior Caminero"", ""bats"": ""R"", ""obp"": 0.3745019920318725, ""slg"": 0.5563218390804597, ""iso"": 0.27356321839080455, ""ab"": 435}]","[{""name"": ""away_top3c_slg"", ""value"": 0.4836, ""contribution"": -0.2196}, {""name"": ""away_top3c_iso"", ""value"": 0.195, ""contribution"": 0.1163}, {""name"": ""away_top3_ops_vs_oppHand"", ""value"": 0.8707, ""contribution"": 0.1054}, {""name"": ""era_gap_t1"", ""value"": -0.6332, ""contribution"": -0.0679}, {""name"": ""home_xera"", ""value"": 3.551, ""contribution"": -0.0578}]","[{""name"": ""home_top3c_slg"", ""value"": 0.3997, ""contribution"": 0.2529}, {""name"": ""home_top3c_iso"", ""value"": 0.1375, ""contribution"": -0.196}, {""name"": ""away_whiff_pct_rank"", ""value"": 17.0, ""contribution"": 0.1419}, {""name"": ""fi_park_nrfi_rate"", ""value"": 0.5131, ""contribution"": -0.0814}, {""name"": ""wx_is_dome"", ""value"": 1.0, ""contribution"": -0.0758}]",621660,0.499,3.551,5.0,72.0,17.0,0.7075,0.7136,6.2,1.53,0.8707,0.7643,R,R,NRFI,WIN,0,0,0,2026-08-09T02:13:52+00:00,-135,+105,DraftKings,2026-08-09T01:30:59+00:00,0.5745,0.4878,-0.061,-0.0013,-0.061,N,0.5,0,-145,+110,2026-08-09T00:31:45+00:00,-0.0174,0.4824,PASS,NO EDGE,,,,,,,
2026-08-08,2026,823021,1,N,COL,STL,7:15 PM ET,Kyle Freeland,Matthew Liberatore,607536,669461,live,live,live,live,0.97,0.5674,0.5449,1.1123,0.2886,0.4851,0.7737,0.4847,0.5153,0.3055,0.6945,0.46131,0.53869,PASS,NO EDGE,PASS - No edge,4,2026-08-08T23:04:19Z,6.316,4.765,1.471,1.441,4.536,4.502,1.97,3.13,1.61,1.46,7.51,8.46,0.322,0.315,0.419,0.381,4.76,4.347,32.2,8.0,50.0,0.0,0.4,0.6,0.6,0.6,0.349,0.3557,0.418,0.4686,0.161,0.1827,lineup,lineup,"[{""id"": 802139, ""name"": ""JJ Wetherholt"", ""bats"": ""L"", ""obp"": 0.3501006036217304, ""slg"": 0.38497652582159625, ""iso"": 0.13849765258215962, ""ab"": 426}, {""id"": 691023, ""name"": ""Jordan Walker"", ""bats"": ""R"", ""obp"": 0.34237995824634654, ""slg"": 0.48853211009174313, ""iso"": 0.20412844036697247, ""ab"": 436}, {""id"": 671056, ""name"": ""Iv\u00e1n Herrera"", ""bats"": ""R"", ""obp"": 0.3542074363992172, ""slg"": 0.37906976744186044, ""iso"": 0.1395348837209302, ""ab"": 430}]","[{""id"": 664983, ""name"": ""Jake McCarthy"", ""bats"": ""L"", ""obp"": 0.33506493506493507, ""slg"": 0.4958217270194986, ""iso"": 0.1977715877437326, ""ab"": 359}, {""id"": 691720, ""name"": ""Kyle Karros"", ""bats"": ""R"", ""obp"": 0.36578947368421055, ""slg"": 0.42507645259938837, ""iso"": 0.1559633027522936, ""ab"": 327}, {""id"": 694249, ""name"": ""Cole Carrigg"", ""bats"": ""S"", ""obp"": 0.3783783783783784, ""slg"": 0.4968152866242038, ""iso"": 0.20382165605095542, ""ab"": 157}]","[{""name"": ""era_gap_t1"", ""value"": -1.5509, ""contribution"": -0.1673}, {""name"": ""away_top3c_slg"", ""value"": 0.4686, ""contribution"": -0.1433}, {""name"": ""fi_park_nrfi_rate"", ""value"": 0.527, ""contribution"": -0.1009}, {""name"": ""home_xera"", ""value"": 4.9991, ""contribution"": 0.0906}, {""name"": ""away_top3_ops_vs_oppHand"", ""value"": 0.8347, ""contribution"": 0.0687}]","[{""name"": ""fi_park_nrfi_rate"", ""value"": 0.527, ""contribution"": -0.1552}, {""name"": ""home_top3c_slg"", ""value"": 0.418, ""contribution"": 0.1394}, {""name"": ""away_whiff_pct_rank"", ""value"": 24.0, ""contribution"": 0.1117}, {""name"": ""era_gap_b1"", ""value"": 1.5509, ""contribution"": 0.1051}, {""name"": ""wx_temp_c"", ""value"": 32.2, ""contribution"": 0.0914}]",691042,0.5084,4.999,4.924,14.0,24.0,0.7272,0.6509,5.2,6.27,0.8347,0.7983,L,L,YRFI,PASS,1,2,3,2026-08-08T23:38:08+00:00,-110,-120,DraftKings,2026-08-08T23:35:53+00:00,0.5238,0.5455,-0.0391,-0.0302,,N,,,-110,-120,2026-08-08T23:10:54+00:00,,0.4591,PASS,NO EDGE,,,,,,,
2026-08-08,2026,824726,1,N,OAK,BOS,4:10 PM ET,Gage Jump,Jake Bennett,695611,687562,ltd,ltd,live,live,1.05,0.4214,0.5728,0.9943,0.2923,0.3918,0.6842,0.5035,0.4965,0.2621,0.7379,0.504515,0.495485,NRFI,LEAN,LEAN NRFI,4,2026-08-08T19:03:49Z,4.432,3.357,1.391,1.1,3.942,3.604,3.73,2.11,1.05,0.84,9.48,7.2,0.317,0.32,0.398,0.404,4.324,4.496,30.7,15.9,51.0,0.0,1.0,0.8,1.0,0.8,0.3161,0.305,0.4276,0.3843,0.168,0.1333,lineup,lineup,"[{""id"": 663330, ""name"": ""Jahmai Jones"", ""bats"": ""R"", ""obp"": 0.2540983606557377, ""slg"": 0.3181818181818182, ""iso"": 0.14545454545454545, ""ab"": 110}, {""id"": 678882, ""name"": ""Ceddanne Rafaela"", ""bats"": ""R"", ""obp"": 0.3289760348583878, ""slg"": 0.47113163972286376, ""iso"": 0.1824480369515012, ""ab"": 433}, {""id"": 702332, ""name"": ""Caleb Durbin"", ""bats"": ""R"", ""obp"": 0.3200992555831266, ""slg"": 0.4088397790055249, ""iso"": 0.1574585635359116, ""ab"": 362}]","[{""id"": 703607, ""name"": ""Henry Bolte"", ""bats"": ""R"", ""obp"": 0.33460076045627374, ""slg"": 0.34051724137931033, ""iso"": 0.08620689655172414, ""ab"": 232}, {""id"": 805779, ""name"": ""Jacob Wilson"", ""bats"": ""R"", ""obp"": 0.29936305732484075, ""slg"": 0.3879598662207358, ""iso"": 0.12040133779264217, ""ab"": 299}, {""id"": 641680, ""name"": ""Jonah Heim"", ""bats"": ""S"", ""obp"": 0.28125, ""slg"": 0.4230769230769231, ""iso"": 0.19658119658119658, ""ab"": 234}]","[{""name"": ""away_top3c_iso"", ""value"": 0.1333, ""contribution"": -0.3181}, {""name"": ""away_top3c_slg"", ""value"": 0.3843, ""contribution"": 0.2834}, {""name"": ""era_gap_t1"", ""value"": -1.0746, ""contribution"": -0.1157}, {""name"": ""home_p_last10_pitcher_nrfi"", ""value"": 1.0, ""contribution"": 0.1107}, {""name"": ""wx_temp_c"", ""value"": 30.7, ""contribution"": 0.0565}]","[{""name"": ""home_top3c_obp"", ""value"": 0.3161, ""contribution"": -0.0849}, {""name"": ""home_top3c_slg"", ""value"": 0.4276, ""contribution"": 0.0793}, {""name"": ""wx_temp_c"", ""value"": 30.7, ""contribution"": 0.0789}, {""name"": ""fi_park_nrfi_rate"", ""value"": 0.5121, ""contribution"": -0.076}, {""name"": ""era_gap_b1"", ""value"": 1.0746, ""contribution"": 0.0727}]",665297,0.4839,4.2,4.2,50.0,50.0,0.7136,0.7136,6.13,4.73,0.7243,0.7573,L,L,YRFI,LOSS,0,2,2,2026-08-08T20:24:20+00:00,-110,-115,DraftKings,2026-08-08T16:58:09+00:00,0.5238,0.5349,-0.0332,-0.0255,,N,,0,-110,-115,2026-08-08T17:03:15+00:00,,0.4658,PASS,NO EDGE,,,,,,,
2026-08-08,2026,823348,1,N,NYM,PIT,6:40 PM ET,Robert Stock,Bubba Chandler,476594,696149,sm,live,live,live,0.96,0.487,0.5152,1.0022,0.3082,0.3689,0.6771,0.5061,0.4939,0.265,0.735,0.508081,0.491919,NRFI,LEAN,LEAN NRFI,4,2026-08-08T21:35:24Z,3.907,4.394,1.187,1.347,4.177,4.142,2.6,4.32,1.28,0.88,8.58,8.22,0.306,0.332,0.389,0.411,4.208,4.959,27.2,8.7,77.0,0.0,0.8,1.0,0.8,1.0,0.3496,0.3144,0.4383,0.392,0.1685,0.1379,lineup,lineup,"[{""id"": 669707, ""name"": ""Jared Triolo"", ""bats"": ""R"", ""obp"": 0.3204633204633205, ""slg"": 0.3090128755364807, ""iso"": 0.0643776824034335, ""ab"": 233}, {""id"": 691373, ""name"": ""Jhostynxon Garcia"", ""bats"": ""R"", ""obp"": 0.20833333333333334, ""slg"": 0.1956521739130435, ""iso"": 0.021739130434782622, ""ab"": 46}, {""id"": 668804, ""name"": ""Bryan Reynolds"", ""bats"": ""S"", ""obp"": 0.377431906614786, ""slg"": 0.4423963133640553, ""iso"": 0.1751152073732719, ""ab"": 434}]","[{""id"": 805999, ""name"": ""A.J. Ewing"", ""bats"": ""L"", ""obp"": 0.3355048859934853, ""slg"": 0.4072727272727273, ""iso"": 0.13818181818181818, ""ab"": 275}, {""id"": 672356, ""name"": ""Gabriel Arias"", ""bats"": ""R"", ""obp"": 0.2835820895522388, ""slg"": 0.3858267716535433, ""iso"": 0.1417322834645669, ""ab"": 127}, {""id"": 665506, ""name"": ""Cristian Pache"", ""bats"": ""R"", ""obp"": 0.0, ""slg"": 0.0, ""iso"": 0.0, ""ab"": 4}]","[{""name"": ""away_top3c_iso"", ""value"": 0.1379, ""contribution"": -0.2862}, {""name"": ""away_top3c_slg"", ""value"": 0.392, ""contribution"": 0.2446}, {""name"": ""fi_park_nrfi_rate"", ""value"": 0.5188, ""contribution"": -0.0724}, {""name"": ""away_top3_ops_vs_oppHand"", ""value"": 0.699, ""contribution"": -0.0695}, {""name"": ""era_gap_t1"", ""value"": 0.4877, ""contribution"": 0.0534}]","[{""name"": ""home_obp"", ""value"": 0.332, ""contribution"": 0.1272}, {""name"": ""fi_park_nrfi_rate"", ""value"": 0.5188, ""contribution"": -0.1113}, {""name"": ""away_p_last10_pitcher_nrfi"", ""value"": 1.0, ""contribution"": -0.0929}, {""name"": ""home_top3_ops_vs_oppHand"", ""value"": 0.814, ""contribution"": 0.0605}, {""name"": ""wx_temp_c"", ""value"": 27.2, ""contribution"": 0.0496}]",658325,0.5084,4.349,4.2,76.0,50.0,0.7136,0.7136,4.93,5.0,0.699,0.814,R,R,YRFI,LOSS,0,3,3,2026-08-08T22:59:21+00:00,-105,-125,DraftKings,2026-08-08T22:56:33+00:00,0.5122,0.5556,-0.0061,-0.0617,-0.0061,N,0.5,0,-105,-125,2026-08-08T21:33:40+00:00,0,0.4877,PASS,NO EDGE,,,,,,,
2026-08-08,2026,824079,1,N,CHC,KC,7:10 PM ET,Clay Holmes,Seth Lugo,605280,607625,live,live,live,live,0.96,0.5645,0.4284,0.9928,0.3741,0.2739,0.648,0.5145,0.4855,0.2616,0.7384,0.523104,0.476896,NRFI,LEAN,LEAN NRFI,4,2026-08-08T22:04:50Z,2.885,4.348,1.187,1.366,3.583,4.451,3.32,3.22,0.62,1.2,7.44,7.14,0.336,0.312,0.414,0.397,5.064,4.178,31.9,13.6,53.0,0.0,0.8,0.8,0.5,0.8,0.3232,0.3699,0.4442,0.4718,0.187,0.2037,lineup,lineup,"[{""id"": 695600, ""name"": ""Carter Jensen"", ""bats"": ""L"", ""obp"": 0.30324074074074076, ""slg"": 0.421875, ""iso"": 0.19270833333333334, ""ab"": 384}, {""id"": 677951, ""name"": ""Bobby Witt Jr."", ""bats"": ""R"", ""obp"": 0.35498839907192575, ""slg"": 0.45454545454545453, ""iso"": 0.16883116883116883, ""ab"": 385}, {""id"": 695506, ""name"": ""Jac Caglianone"", ""bats"": ""L"", ""obp"": 0.31100478468899523, ""slg"": 0.45595854922279794, ""iso"": 0.19948186528497408, ""ab"": 386}]","[{""id"": 691718, ""name"": ""Pete Crow-Armstrong"", ""bats"": ""L"", ""obp"": 0.3883495145631068, ""slg"": 0.5489749430523918, ""iso"": 0.25968109339407747, ""ab"": 439}, {""id"": 673548, ""name"": ""Seiya Suzuki"", ""bats"": ""R"", ""obp"": 0.36446469248291574, ""slg"": 0.47493403693931396, ""iso"": 0.20316622691292874, ""ab"": 379}, {""id"": 683737, ""name"": ""Michael Busch"", ""bats"": ""L"", ""obp"": 0.3563218390804598, ""slg"": 0.3917995444191344, ""iso"": 0.1480637813211845, ""ab"": 439}]","[{""name"": ""fi_park_nrfi_rate"", ""value"": 0.5614, ""contribution"": -0.2197}, {""name"": ""away_top3c_iso"", ""value"": 0.2037, ""contribution"": 0.1773}, {""name"": ""away_top3c_slg"", ""value"": 0.4718, ""contribution"": -0.1595}, {""name"": ""era_gap_t1"", ""value"": 1.4636, ""contribution"": 0.1591}, {""name"": ""home_p_last10_pitcher_nrfi"", ""value"": 0.5, ""contribution"": -0.0846}]","[{""name"": ""fi_park_nrfi_rate"", ""value"": 0.5614, ""contribution"": -0.3377}, {""name"": ""era_gap_b1"", ""value"": -1.4636, ""contribution"": -0.1}, {""name"": ""wx_temp_c"", ""value"": 31.9, ""contribution"": 0.0889}, {""name"": ""away_whiff_pct_rank"", ""value"": 34.0, ""contribution"": 0.0686}, {""name"": ""home_top3c_obp"", ""value"": 0.3232, ""contribution"": -0.06}]",427248,0.5131,4.793,4.096,12.0,34.0,0.7075,0.7272,5.6,5.93,0.823,0.773,R,R,YRFI,LOSS,0,1,1,2026-08-08T23:23:42+00:00,+100,-130,DraftKings,2026-08-08T23:35:53+00:00,0.5,0.5652,0.0145,-0.0797,0.0145,N,0.5,0,+100,-130,2026-08-08T21:33:40+00:00,0,0.4658,PASS,NO EDGE,,,,,,,
2026-08-08,2026,823514,1,N,ATL,NYY,3:05 PM ET,Chris Sale,Gerrit Cole,519242,543037,live,ltd,live,live,1.02,0.4681,0.3462,0.8144,0.5303,0.3673,0.8976,0.4339,0.5661,0.1964,0.8036,0.407527,0.592473,YRFI,LEAN,LEAN YRFI,4,2026-08-08T17:25:28Z,2.207,3.685,1.033,1.157,2.382,3.898,2.08,2.39,0.66,1.3,11.22,9.29,0.315,0.311,0.419,0.411,4.866,4.523,30.9,19.2,48.0,0.0,1.0,1.0,0.7,1.0,0.3274,0.3549,0.4821,0.4938,0.2256,0.2284,lineup,lineup,"[{""id"": 502671, ""name"": ""Paul Goldschmidt"", ""bats"": ""R"", ""obp"": 0.3055555555555556, ""slg"": 0.4511784511784512, ""iso"": 0.2053872053872054, ""ab"": 297}, {""id"": 671218, ""name"": ""Heliot Ramos"", ""bats"": ""R"", ""obp"": 0.3103448275862069, ""slg"": 0.42424242424242425, ""iso"": 0.1616161616161616, ""ab"": 297}, {""id"": 700250, ""name"": ""Ben Rice"", ""bats"": ""L"", ""obp"": 0.35368421052631577, ""slg"": 0.5461165048543689, ""iso"": 0.28640776699029125, ""ab"": 412}]","[{""id"": 686948, ""name"": ""Drake Baldwin"", ""bats"": ""L"", ""obp"": 0.36231884057971014, ""slg"": 0.4585635359116022, ""iso"": 0.18508287292817677, ""ab"": 362}, {""id"": 660670, ""name"": ""Ronald Acu\u00f1a Jr."", ""bats"": ""R"", ""obp"": 0.3591549295774648, ""slg"": 0.4351464435146444, ""iso"": 0.1882845188284519, ""ab"": 239}, {""id"": 621566, ""name"": ""Matt Olson"", ""bats"": ""L"", ""obp"": 0.3464566929133858, ""slg"": 0.5533333333333333, ""iso"": 0.28444444444444444, ""ab"": 450}]","[{""name"": ""away_top3c_iso"", ""value"": 0.2284, ""contribution"": 0.3512}, {""name"": ""away_top3c_slg"", ""value"": 0.4938, ""contribution"": -0.2712}, {""name"": ""era_gap_t1"", ""value"": 1.4776, ""contribution"": 0.1606}, {""name"": ""fi_park_nrfi_rate"", ""value"": 0.4526, ""contribution"": 0.1563}, {""name"": ""away_top3_ops_vs_oppHand"", ""value"": 0.8933, ""contribution"": 0.1285}]","[{""name"": ""home_top3c_slg"", ""value"": 0.4821, ""contribution"": -0.2591}, {""name"": ""fi_park_nrfi_rate"", ""value"": 0.4526, ""contribution"": 0.2403}, {""name"": ""home_top3c_iso"", ""value"": 0.2256, ""contribution"": 0.2201}, {""name"": ""away_fip"", ""value"": 2.3824, ""contribution"": -0.1716}, {""name"": ""away_whiff_pct_rank"", ""value"": 85.0, ""contribution"": -0.1515}]",605670,0.5573,4.2,2.52,50.0,85.0,0.7136,0.6942,6.2,5.4,0.8933,0.8693,L,R,NRFI,LOSS,0,0,0,2026-08-08T19:21:40+00:00,-130,+100,DraftKings,2026-08-08T16:58:09+00:00,0.5652,0.5,-0.1313,0.0661,0.0661,N,0.5,0,-130,+100,2026-08-08T17:03:15+00:00,0,0.4363,PASS,NO EDGE,,,,,,,
2026-08-08,2026,823267,1,N,HOU,SD,7:15 PM ET,Peter Lambert,Michael King,663567,650633,live,live,live,live,0.95,0.4715,0.4505,0.922,0.3451,0.3161,0.6612,0.5122,0.4878,0.2356,0.7644,0.516229,0.483771,NRFI,LEAN,LEAN NRFI,4,2026-08-08T22:04:50Z,3.36,3.515,1.165,1.206,3.821,4.159,3.28,3.58,0.99,1.06,8.92,8.18,0.322,0.313,0.417,0.386,4.648,4.254,28.3,14.3,55.0,0.0,0.6,1.0,0.8,0.9,0.3225,0.39,0.391,0.522,0.149,0.2271,lineup,lineup,"[{""id"": 665487, ""name"": ""Fernando Tatis Jr."", ""bats"": ""R"", ""obp"": 0.35039370078740156, ""slg"": 0.4092920353982301, ""iso"": 0.1283185840707965, ""ab"": 452}, {""id"": 630105, ""name"": ""Jake Cronenworth"", ""bats"": ""L"", ""obp"": 0.31275720164609055, ""slg"": 0.2897196261682243, ""iso"": 0.07009345794392521, ""ab"": 214}, {""id"": 592518, ""name"": ""Manny Machado"", ""bats"": ""R"", ""obp"": 0.2981366459627329, ""slg"": 0.42280285035629456, ""iso"": 0.21140142517814728, ""ab"": 421}]","[{""id"": 665161, ""name"": ""Jeremy Pe\u00f1a"", ""bats"": ""R"", ""obp"": 0.36666666666666664, ""slg"": 0.5018450184501845, ""iso"": 0.19557195571955716, ""ab"": 271}, {""id"": 670541, ""name"": ""Yordan Alvarez"", ""bats"": ""L"", ""obp"": 0.44204322200392926, ""slg"": 0.6363636363636364, ""iso"": 0.30861244019138756, ""ab"": 418}, {""id"": 670623, ""name"": ""Isaac Paredes"", ""bats"": ""R"", ""obp"": 0.3482905982905983, ""slg"": 0.41687344913151364, ""iso"": 0.16377171215880892, ""ab"": 403}]","[{""name"": ""away_top3c_slg"", ""value"": 0.522, ""contribution"": -0.4138}, {""name"": ""away_top3c_iso"", ""value"": 0.2271, ""contribution"": 0.3424}, {""name"": ""away_top3_ops_vs_oppHand"", ""value"": 0.9507, ""contribution"": 0.1869}, {""name"": ""fi_park_nrfi_rate"", ""value"": 0.5409, ""contribution"": -0.149}, {""name"": ""wx_temp_c"", ""value"": 28.3, ""contribution"": 0.0422}]","[{""name"": ""home_top3c_slg"", ""value"": 0.391, ""contribution"": 0.3069}, {""name"": ""fi_park_nrfi_rate"", ""value"": 0.5409, ""contribution"": -0.229}, {""name"": ""home_top3c_iso"", ""value"": 0.149, ""contribution"": -0.1415}, {""name"": ""home_top3_ops_vs_oppHand"", ""value"": 0.6897, ""contribution"": -0.0884}, {""name"": ""home_top3c_obp"", ""value"": 0.3225, ""contribution"": -0.0624}]",623945,0.5123,3.885,2.829,56.0,50.0,0.7136,0.7136,5.6,5.73,0.9507,0.6897,R,R,YRFI,LOSS,0,1,1,2026-08-08T23:40:11+00:00,-120,-105,DraftKings,2026-08-08T23:35:53+00:00,0.5455,0.5122,-0.0333,-0.0244,-0.0333,N,0.5,0,-125,-105,2026-08-08T21:33:40+00:00,-0.0101,0.5840,NRFI,STRONG,,,,,,,
2026-08-08,2026,823188,1,N,DET,SF,7:15 PM ET,Jackson Jobe,Landen Roupp,695549,694738,ltd,live,live,live,0.94,0.4461,0.5394,0.9856,0.3315,0.4,0.7315,0.4914,0.5086,0.2589,0.7411,0.481172,0.518828,PASS,NO EDGE,PASS - No edge,4,2026-08-08T23:04:19Z,4.19,4.214,1.354,1.332,4.569,3.622,3.76,3.9,1.24,0.76,8.1,9.02,0.32,0.31,0.411,0.411,4.546,4.21,18.0,21.6,83.0,0.0,1.0,0.6,0.8,0.5,0.3177,0.3714,0.4312,0.4643,0.1725,0.1855,lineup,lineup,"[{""id"": 805811, ""name"": ""Bryce Eldridge"", ""bats"": ""L"", ""obp"": 0.3468013468013468, ""slg"": 0.43410852713178294, ""iso"": 0.1821705426356589, ""ab"": 258}, {""id"": 801501, ""name"": ""Nate Furman"", ""bats"": ""L"", ""obp"": 0.2857142857142857, ""slg"": 0.0, ""iso"": 0.0, ""ab"": 5}, {""id"": 671083, ""name"": ""Buddy Kennedy"", ""bats"": ""R"", ""obp"": 0.15384615384615385, ""slg"": 0.08695652173913043, ""iso"": 0.043478260869565216, ""ab"": 23}]","[{""id"": 805808, ""name"": ""Kevin McGonigle"", ""bats"": ""L"", ""obp"": 0.3948412698412698, ""slg"": 0.43427230046948356, ""iso"": 0.14553990610328638, ""ab"": 426}, {""id"": 681546, ""name"": ""James Outman"", ""bats"": ""L"", ""obp"": 0.23214285714285715, ""slg"": 0.32051282051282054, ""iso"": 0.14743589743589747, ""ab"": 156}, {""id"": 693307, ""name"": ""Dillon Dingler"", ""bats"": ""R"", ""obp"": 0.3392461197339246, ""slg"": 0.5307125307125307, ""iso"": 0.2555282555282555, ""ab"": 407}]","[{""name"": ""away_top3c_slg"", ""value"": 0.4643, ""contribution"": -0.1218}, {""name"": ""away_top3_ops_vs_oppHand"", ""value"": 0.8867, ""contribution"": 0.1217}, {""name"": ""away_top3c_iso"", ""value"": 0.1855, ""contribution"": 0.0496}, {""name"": ""wx_wind_kmh"", ""value"": 21.6, ""contribution"": 0.045}, {""name"": ""home_fip"", ""value"": 3.6221, ""contribution"": -0.04}]","[{""name"": ""wx_wind_kmh"", ""value"": 21.6, ""contribution"": 0.1064}, {""name"": ""home_top3c_obp"", ""value"": 0.3177, ""contribution"": -0.0793}, {""name"": ""away_p_last10_pitcher_nrfi"", ""value"": 0.5, ""contribution"": 0.0713}, {""name"": ""away_fip"", ""value"": 4.5695, ""contribution"": 0.0621}, {""name"": ""home_top3c_slg"", ""value"": 0.4312, ""contribution"": 0.0572}]",482641,0.4806,3.796,4.2,41.0,50.0,0.7136,0.7136,5.87,5.0,0.8867,0.7787,R,R,NRFI,PASS,0,0,0,2026-08-08T23:27:47+00:00,-125,-105,DraftKings,2026-08-08T23:35:53+00:00,0.5556,0.5122,-0.0642,-0.0036,,N,,,-125,-105,2026-08-08T23:10:54+00:00,,0.4692,PASS,NO EDGE,,,,,,,
2026-08-08,2026,822701,1,N,CIN,WSH,6:45 PM ET,Chase Burns,Andrew Alvarez,695505,674841,live,ltd,live,live,0.97,0.4342,0.4943,0.9285,0.4903,0.345,0.8353,0.4589,0.5411,0.238,0.762,0.433743,0.566257,PASS,NO EDGE,PASS - No edge,4,2026-08-08T22:34:54Z,2.847,3.891,1.146,1.366,3.49,3.464,3.22,3.88,1.03,0.58,10.48,8.75,0.311,0.326,0.401,0.435,4.204,5.229,30.2,15.3,65.0,0.0,1.0,0.8,0.9,0.8,0.3355,0.3484,0.4811,0.4706,0.2209,0.2059,lineup,lineup,"[{""id"": 682928, ""name"": ""CJ Abrams"", ""bats"": ""L"", ""obp"": 0.36065573770491804, ""slg"": 0.5477855477855478, ""iso"": 0.26107226107226106, ""ab"": 429}, {""id"": 694673, ""name"": ""Abimelec Ortiz"", ""bats"": ""L"", ""obp"": 0.25, ""slg"": 0.4666666666666667, ""iso"": 0.26666666666666666, ""ab"": 15}, {""id"": 686611, ""name"": ""Dylan Crews"", ""bats"": ""R"", ""obp"": 0.2952029520295203, ""slg"": 0.36475409836065575, ""iso"": 0.1475409836065574, ""ab"": 244}]","[{""id"": 682829, ""name"": ""Elly De La Cruz"", ""bats"": ""S"", ""obp"": 0.35962877030162416, ""slg"": 0.5092348284960422, ""iso"": 0.23218997361477567, ""ab"": 379}, {""id"": 701398, ""name"": ""Sal Stewart"", ""bats"": ""R"", ""obp"": 0.3333333333333333, ""slg"": 0.4793577981651376, ""iso"": 0.2247706422018349, ""ab"": 436}, {""id"": 667472, ""name"": ""Dane Myers"", ""bats"": ""R"", ""obp"": 0.36180904522613067, ""slg"": 0.36257309941520466, ""iso"": 0.09941520467836257, ""ab"": 171}]","[{""name"": ""away_top3c_iso"", ""value"": 0.2059, ""contribution"": 0.1929}, {""name"": ""away_top3_ops_vs_oppHand"", ""value"": 0.921, ""contribution"": 0.1567}, {""name"": ""away_top3c_slg"", ""value"": 0.4706, ""contribution"": -0.1536}, {""name"": ""era_gap_t1"", ""value"": 1.0442, ""contribution"": 0.1137}, {""name"": ""fi_park_nrfi_rate"", ""value"": 0.4761, ""contribution"": 0.0751}]","[{""name"": ""home_top3c_slg"", ""value"": 0.4811, ""contribution"": -0.2529}, {""name"": ""away_whiff_pct_rank"", ""value"": 100.0, ""contribution"": -0.2163}, {""name"": ""home_top3c_iso"", ""value"": 0.2209, ""contribution"": 0.1979}, {""name"": ""fi_park_nrfi_rate"", ""value"": 0.4761, ""contribution"": 0.1154}, {""name"": ""home_obp"", ""value"": 0.3258, ""contribution"": 0.0838}]",623938,0.4993,4.2,3.446,50.0,100.0,0.7136,0.7272,4.93,5.4,0.921,0.7827,R,L,NRFI,PASS,0,0,0,2026-08-08T23:00:42+00:00,-120,-105,DraftKings,2026-08-08T22:56:33+00:00,0.5455,0.5122,-0.0866,0.0289,,N,,,-120,-105,2026-08-08T22:41:32+00:00,,0.4521,PASS,NO EDGE,,,,,,,
2026-08-09,2026,823751,1,N,MIN,MIL,2:10 PM ET,Connor Prielipp,Jacob Misiorowski,687570,694819,ltd,live,live,live,1.03,0.3354,0.5756,0.9109,0.1529,0.3161,0.4689,0.6501,0.3499,0.2315,0.7685,0.625665,0.374335,NRFI,LEAN,LEAN NRFI,4,2026-08-09T17:04:01Z,4.552,2.263,1.293,0.854,3.935,2.419,3.3,2.44,1.1,0.87,9.21,13.01,0.318,0.334,0.406,0.398,4.643,4.913,,,,1.0,0.6,0.6,0.8,0.6,0.3608,0.3304,0.4671,0.4329,0.1879,0.1763,lineup,lineup,"[{""id"": 694192, ""name"": ""Jackson Chourio"", ""bats"": ""R"", ""obp"": 0.3351063829787234, ""slg"": 0.47230320699708456, ""iso"": 0.1982507288629738, ""ab"": 343}, {""id"": 668930, ""name"": ""Brice Turang"", ""bats"": ""L"", ""obp"": 0.36472945891783565, ""slg"": 0.45958429561200925, ""iso"": 0.18706697459584298, ""ab"": 433}, {""id"": 669003, ""name"": ""Garrett Mitchell"", ""bats"": ""L"", ""obp"": 0.35038363171355497, ""slg"": 0.41297935103244837, ""iso"": 0.15929203539823006, ""ab"": 339}]","[{""id"": 680777, ""name"": ""Ryan Jeffers"", ""bats"": ""R"", ""obp"": 0.3832599118942731, ""slg"": 0.49740932642487046, ""iso"": 0.21761658031088082, ""ab"": 193}, {""id"": 668904, ""name"": ""Royce Lewis"", ""bats"": ""R"", ""obp"": 0.3136094674556213, ""slg"": 0.4318936877076412, ""iso"": 0.1926910299003322, ""ab"": 301}, {""id"": 605137, ""name"": ""Josh Bell"", ""bats"": ""S"", ""obp"": 0.3142857142857143, ""slg"": 0.42409638554216866, ""iso"": 0.1710843373493976, ""ab"": 415}]","[{""name"": ""fi_park_nrfi_rate"", ""value"": 0.5899, ""contribution"": -0.3182}, {""name"": ""era_gap_t1"", ""value"": -2.2886, ""contribution"": -0.2472}, {""name"": ""home_fip"", ""value"": 2.4191, ""contribution"": -0.1751}, {""name"": ""home_xera"", ""value"": 3.1529, ""contribution"": -0.0986}, {""name"": ""away_top3c_slg"", ""value"": 0.4329, ""contribution"": 0.0373}]","[{""name"": ""fi_park_nrfi_rate"", ""value"": 0.5899, ""contribution"": -0.4892}, {""name"": ""home_top3c_slg"", ""value"": 0.4671, ""contribution"": -0.1662}, {""name"": ""era_gap_b1"", ""value"": 2.2886, ""contribution"": 0.1553}, {""name"": ""home_obp"", ""value"": 0.3337, ""contribution"": 0.1395}, {""name"": ""home_top3_ops_vs_oppHand"", ""value"": 0.872, ""contribution"": 0.1299}]",489985,0.4845,3.153,1.946,86.0,50.0,0.7272,0.7136,5.6,5.6,0.7717,0.872,L,R,YRFI,LOSS,0,1,1,2026-08-09T18:24:50+00:00,-160,+125,DraftKings,2026-08-09T06:00:53+00:00,0.6154,0.4444,-0.0023,-0.0575,,N,,0,-160,+125,2026-08-09T06:00:53+00:00,,0.6536,NRFI,STRONG,,,,,,,
2026-08-09,2026,825050,1,N,LAD,ARI,4:10 PM ET,Justin Wrobleski,Eduardo Rodriguez,680736,593958,live,live,live,live,1.0,0.5635,0.4711,1.0346,0.4131,0.6009,1.014,0.3712,0.6288,0.277,0.723,0.362755,0.637245,YRFI,STRONG,STRONG YRFI,4,2026-08-09T19:04:41Z,3.55,3.235,1.114,1.308,3.913,4.234,2.04,3.1,1.17,1.0,7.67,6.6,0.336,0.315,0.426,0.395,4.973,4.515,,,,1.0,0.6,0.4,0.7,0.7,0.3573,0.3706,0.4288,0.4922,0.1693,0.2031,lineup,lineup,"[{""id"": 672695, ""name"": ""Geraldo Perdomo"", ""bats"": ""S"", ""obp"": 0.35787321063394684, ""slg"": 0.3765281173594132, ""iso"": 0.13202933985330076, ""ab"": 409}, {""id"": 682998, ""name"": ""Corbin Carroll"", ""bats"": ""L"", ""obp"": 0.3373737373737374, ""slg"": 0.46853146853146854, ""iso"": 0.2261072261072261, ""ab"": 429}, {""id"": 672515, ""name"": ""Gabriel Moreno"", ""bats"": ""R"", ""obp"": 0.38315217391304346, ""slg"": 0.4426751592356688, ""iso"": 0.14012738853503187, ""ab"": 314}]","[{""id"": 660271, ""name"": ""Shohei Ohtani"", ""bats"": ""L"", ""obp"": 0.3979591836734694, ""slg"": 0.5474452554744526, ""iso"": 0.25304136253041365, ""ab"": 411}, {""id"": 681624, ""name"": ""Andy Pages"", ""bats"": ""R"", ""obp"": 0.336, ""slg"": 0.4575892857142857, ""iso"": 0.1875, ""ab"": 448}, {""id"": 518692, ""name"": ""Freddie Freeman"", ""bats"": ""L"", ""obp"": 0.3783231083844581, ""slg"": 0.4756380510440835, ""iso"": 0.17169373549883993, ""ab"": 431}]","[{""name"": ""away_top3c_slg"", ""value"": 0.4922, ""contribution"": -0.2633}, {""name"": ""fi_park_nrfi_rate"", ""value"": 0.4239, ""contribution"": 0.2555}, {""name"": ""away_top3c_iso"", ""value"": 0.2031, ""contribution"": 0.1733}, {""name"": ""away_top3_ops_vs_oppHand"", ""value"": 0.8593, ""contribution"": 0.0939}, {""name"": ""home_xera"", ""value"": 4.5463, ""contribution"": 0.0442}]","[{""name"": ""fi_park_nrfi_rate"", ""value"": 0.4239, ""contribution"": 0.3927}, {""name"": ""away_whiff_pct_rank"", ""value"": 17.0, ""contribution"": 0.1419}, {""name"": ""wx_is_dome"", ""value"": 1.0, ""contribution"": -0.0758}, {""name"": ""home_top3c_slg"", ""value"": 0.4288, ""contribution"": 0.0719}, {""name"": ""home_top3c_obp"", ""value"": 0.3573, ""contribution"": 0.0595}]",547380,0.5173,4.546,3.401,32.0,17.0,0.7028,0.7136,5.67,6.13,0.8593,0.809,L,L,YRFI,WIN,0,2,2,2026-08-09T20:32:08+00:00,-105,-120,DraftKings,2026-08-09T06:00:53+00:00,0.5122,0.5455,-0.0953,0.0833,0.0833,Y,5,4.167,-105,-120,2026-08-09T06:00:53+00:00,0,0.4504,PASS,NO EDGE,,,,,,,
2026-08-09,2026,823020,1,N,COL,STL,2:15 PM ET,Michael Lorenzen,Michael McGreevy,547179,700241,live,live,live,live,0.97,0.4788,0.6104,1.0891,0.2994,0.6415,0.9408,0.4231,0.5769,0.297,0.703,0.3903,0.6097,YRFI,LEAN,LEAN YRFI,4,2026-08-09T17:04:01Z,6.315,3.784,1.709,1.213,4.883,4.336,3.3,2.21,1.47,1.19,7.09,6.09,0.323,0.315,0.42,0.382,4.784,4.36,33.5,22.5,52.0,0.0,0.8,0.4,0.8,0.4,0.3512,0.3637,0.4144,0.4919,0.1567,0.1912,lineup,lineup,"[{""id"": 802139, ""name"": ""JJ Wetherholt"", ""bats"": ""L"", ""obp"": 0.34860557768924305, ""slg"": 0.382830626450116, ""iso"": 0.1368909512761021, ""ab"": 431}, {""id"": 671056, ""name"": ""Iv\u00e1n Herrera"", ""bats"": ""R"", ""obp"": 0.35658914728682173, ""slg"": 0.38620689655172413, ""iso"": 0.1425287356321839, ""ab"": 435}, {""id"": 676475, ""name"": ""Alec Burleson"", ""bats"": ""L"", ""obp"": 0.34826883910386963, ""slg"": 0.47285067873303166, ""iso"": 0.19004524886877827, ""ab"": 442}]","[{""id"": 664983, ""name"": ""Jake McCarthy"", ""bats"": ""L"", ""obp"": 0.34102564102564104, ""slg"": 0.5164835164835165, ""iso"": 0.21153846153846156, ""ab"": 364}, {""id"": 694249, ""name"": ""Cole Carrigg"", ""bats"": ""S"", ""obp"": 0.37894736842105264, ""slg"": 0.5061728395061729, ""iso"": 0.2098765432098766, ""ab"": 162}, {""id"": 681198, ""name"": ""TJ Rumfield"", ""bats"": ""L"", ""obp"": 0.3769063180827887, ""slg"": 0.4641975308641975, ""iso"": 0.16543209876543208, ""ab"": 405}]","[{""name"": ""era_gap_t1"", ""value"": -2.5305, ""contribution"": -0.2734}, {""name"": ""away_top3c_slg"", ""value"": 0.4919, ""contribution"": -0.2617}, {""name"": ""away_top3_ops_vs_oppHand"", ""value"": 0.8713, ""contribution"": 0.1061}, {""name"": ""fi_park_nrfi_rate"", ""value"": 0.527, ""contribution"": -0.1009}, {""name"": ""away_top3c_iso"", ""value"": 0.1912, ""contribution"": 0.0895}]","[{""name"": ""era_gap_b1"", ""value"": 2.5305, ""contribution"": 0.1718}, {""name"": ""home_top3c_slg"", ""value"": 0.4144, ""contribution"": 0.1616}, {""name"": ""fi_park_nrfi_rate"", ""value"": 0.527, ""contribution"": -0.1552}, {""name"": ""wx_wind_kmh"", ""value"": 22.5, ""contribution"": 0.1158}, {""name"": ""home_top3c_iso"", ""value"": 0.1567, ""contribution"": -0.1052}]",427197,0.5268,4.913,4.664,3.0,38.0,0.7396,0.6942,5.0,4.33,0.8713,0.81,R,R,YRFI,WIN,1,1,2,2026-08-09T18:38:39+00:00,-105,-125,DraftKings,2026-08-09T06:00:53+00:00,0.5122,0.5556,-0.0918,0.024,,N,,0,-105,-125,2026-08-09T06:00:53+00:00,,0.3998,YRFI,STRONG,,,,,,,
2026-08-09,2026,823835,1,N,LAA,MIA,1:40 PM ET,Grayson Rodriguez,Ryan Gusto,680570,687473,ltd,live,live,live,0.95,0.4691,0.5823,1.0514,0.3439,0.4412,0.7852,0.483,0.517,0.2831,0.7169,0.456039,0.543961,PASS,NO EDGE,PASS - No edge,4,2026-08-09T17:26:58Z,5.891,5.09,1.445,1.398,4.731,4.135,3.46,2.86,1.42,1.22,8.0,8.2,0.312,0.324,0.382,0.403,4.155,4.357,,,,1.0,0.8,0.4,0.7,0.7,0.3488,0.3655,0.4396,0.4175,0.1549,0.1524,lineup,lineup,"[{""id"": 677870, ""name"": ""Leo Jim\u00e9nez"", ""bats"": ""R"", ""obp"": 0.3116883116883117, ""slg"": 0.291044776119403, ""iso"": 0.07462686567164181, ""ab"": 134}, {""id"": 669364, ""name"": ""Xavier Edwards"", ""bats"": ""S"", ""obp"": 0.3665987780040733, ""slg"": 0.3939393939393939, ""iso"": 0.1072261072261072, ""ab"": 429}, {""id"": 672640, ""name"": ""Otto Lopez"", ""bats"": ""R"", ""obp"": 0.35020242914979755, ""slg"": 0.47045951859956237, ""iso"": 0.15317286652078776, ""ab"": 457}]","[{""id"": 685133, ""name"": ""Wade Meckler"", ""bats"": ""L"", ""obp"": 0.3695652173913043, ""slg"": 0.41916167664670656, ""iso"": 0.11377245508982031, ""ab"": 167}, {""id"": 672724, ""name"": ""Oswald Peraza"", ""bats"": ""R"", ""obp"": 0.2781456953642384, ""slg"": 0.36042402826855124, ""iso"": 0.12720848056537104, ""ab"": 283}, {""id"": 694384, ""name"": ""Nolan Schanuel"", ""bats"": ""L"", ""obp"": 0.34405940594059403, ""slg"": 0.38997214484679665, ""iso"": 0.11699164345403901, ""ab"": 359}]","[{""name"": ""away_top3c_iso"", ""value"": 0.1524, ""contribution"": -0.1834}, {""name"": ""fi_park_nrfi_rate"", ""value"": 0.455, ""contribution"": 0.1479}, {""name"": ""away_top3c_slg"", ""value"": 0.4175, ""contribution"": 0.1152}, {""name"": ""era_gap_t1"", ""value"": -0.8003, ""contribution"": -0.086}, {""name"": ""home_avg_ip_per_start"", ""value"": 4.1333, ""contribution"": 0.0339}]","[{""name"": ""fi_park_nrfi_rate"", ""value"": 0.455, ""contribution"": 0.2273}, {""name"": ""home_top3c_iso"", ""value"": 0.1549, ""contribution"": -0.1138}, {""name"": ""home_plate_ump_nrfi_rate"", ""value"": 0.4205, ""contribution"": -0.084}, {""name"": ""away_fip"", ""value"": 4.7311, ""contribution"": 0.0794}, {""name"": ""wx_is_dome"", ""value"": 1.0, ""contribution"": -0.0758}]",504381,0.4205,4.2,4.2,50.0,50.0,0.6942,0.7136,4.13,5.07,0.7987,0.8,R,R,YRFI,PASS,1,3,4,2026-08-09T18:11:55+00:00,-120,-110,DraftKings,2026-08-09T06:00:53+00:00,0.5455,0.5238,-0.117,0.0477,,N,,,-120,-110,2026-08-09T06:00:53+00:00,,0.4877,PASS,NO EDGE,,,,,,,
2026-08-09,2026,823425,1,N,TOR,PHI,1:35 PM ET,Shane Bieber,Jesús Luzardo,669456,666200,ltd,live,live,live,1.04,0.3595,0.6735,1.033,0.2601,0.5709,0.8309,0.4612,0.5388,0.2764,0.7236,0.435645,0.564355,PASS,NO EDGE,PASS - No edge,4,2026-08-09T17:26:58Z,4.518,3.487,1.42,1.174,5.01,2.92,3.62,2.83,1.55,0.79,7.74,10.79,0.304,0.308,0.381,0.402,3.989,4.425,32.3,14.4,40.0,0.0,1.0,0.6,1.0,0.6,0.3415,0.336,0.4728,0.3588,0.2222,0.1002,lineup,lineup,"[{""id"": 596117, ""name"": ""Garrett Stubbs"", ""bats"": ""L"", ""obp"": 0.19047619047619047, ""slg"": 0.13157894736842105, ""iso"": 0.0, ""ab"": 38}, {""id"": 607208, ""name"": ""Trea Turner"", ""bats"": ""R"", ""obp"": 0.2980392156862745, ""slg"": 0.4050632911392405, ""iso"": 0.1540084388185654, ""ab"": 474}, {""id"": 547180, ""name"": ""Bryce Harper"", ""bats"": ""L"", ""obp"": 0.36472945891783565, ""slg"": 0.5035971223021583, ""iso"": 0.24700239808153474, ""ab"": 417}]","[{""id"": 703520, ""name"": ""Brett Bateman"", ""bats"": ""L"", ""obp"": 0.3, ""slg"": 0.25, ""iso"": 0.125, ""ab"": 8}, {""id"": 660821, ""name"": ""Jes\u00fas S\u00e1nchez"", ""bats"": ""L"", ""obp"": 0.3188976377952756, ""slg"": 0.4396551724137931, ""iso"": 0.16810344827586204, ""ab"": 232}, {""id"": 672386, ""name"": ""Alejandro Kirk"", ""bats"": ""R"", ""obp"": 0.3231707317073171, ""slg"": 0.3611111111111111, ""iso"": 0.1111111111111111, ""ab"": 144}]","[{""name"": ""away_top3c_iso"", ""value"": 0.1002, ""contribution"": -0.5516}, {""name"": ""away_top3c_slg"", ""value"": 0.3588, ""contribution"": 0.4125}, {""name"": ""home_fip"", ""value"": 2.9203, ""contribution"": -0.1188}, {""name"": ""era_gap_t1"", ""value"": -1.0304, ""contribution"": -0.1109}, {""name"": ""home_p_last10_pitcher_nrfi"", ""value"": 1.0, ""contribution"": 0.1107}]","[{""name"": ""home_top3c_iso"", ""value"": 0.2222, ""contribution"": 0.204}, {""name"": ""home_top3c_slg"", ""value"": 0.4728, ""contribution"": -0.2013}, {""name"": ""fi_park_nrfi_rate"", ""value"": 0.473, ""contribution"": 0.1321}, {""name"": ""home_top3_ops_vs_oppHand"", ""value"": 0.862, ""contribution"": 0.1179}, {""name"": ""away_fip"", ""value"": 5.0097, ""contribution"": 0.1092}]",665576,0.4578,3.2,4.2,90.0,50.0,0.7272,0.7136,6.67,4.8,0.7603,0.862,R,L,NRFI,PASS,0,0,0,2026-08-09T17:45:56+00:00,-115,-115,DraftKings,2026-08-09T06:00:53+00:00,0.5349,0.5349,-0.0986,0.0288,,N,,,-115,-115,2026-08-09T06:00:53+00:00,,0.4877,PASS,NO EDGE,,,,,,,
2026-08-09,2026,822700,1,N,CIN,WSH,12:15 PM ET,Brady Singer,Brad Lord,663903,695418,live,live,live,live,0.97,0.4672,0.6206,1.0878,0.4371,0.4934,0.9305,0.4256,0.5744,0.2965,0.7035,0.394341,0.605659,YRFI,LEAN,LEAN YRFI,4,2026-08-09T15:04:10Z,4.503,4.024,1.38,1.236,4.665,4.151,3.12,3.11,1.5,1.11,7.96,7.74,0.311,0.326,0.4,0.435,4.187,5.25,34.6,7.2,33.0,0.0,0.8,1.0,0.8,0.8,0.3423,0.3425,0.4932,0.4815,0.2224,0.2284,lineup,lineup,"[{""id"": 682928, ""name"": ""CJ Abrams"", ""bats"": ""L"", ""obp"": 0.36105476673427994, ""slg"": 0.5483870967741935, ""iso"": 0.26036866359447003, ""ab"": 434}, {""id"": 665953, ""name"": ""Andr\u00e9s Chaparro"", ""bats"": ""R"", ""obp"": 0.34513274336283184, ""slg"": 0.4895833333333333, ""iso"": 0.26041666666666663, ""ab"": 96}, {""id"": 691781, ""name"": ""Brady House"", ""bats"": ""R"", ""obp"": 0.28110599078341014, ""slg"": 0.39800995024875624, ""iso"": 0.1691542288557214, ""ab"": 201}]","[{""id"": 682829, ""name"": ""Elly De La Cruz"", ""bats"": ""S"", ""obp"": 0.3563218390804598, ""slg"": 0.5039164490861618, ""iso"": 0.22976501305483027, ""ab"": 383}, {""id"": 701398, ""name"": ""Sal Stewart"", ""bats"": ""R"", ""obp"": 0.33266932270916333, ""slg"": 0.4772727272727273, ""iso"": 0.22272727272727277, ""ab"": 440}, {""id"": 668709, ""name"": ""JJ Bleday"", ""bats"": ""L"", ""obp"": 0.33967391304347827, ""slg"": 0.45980707395498394, ""iso"": 0.2347266881028939, ""ab"": 311}]","[{""name"": ""away_top3c_iso"", ""value"": 0.2284, ""contribution"": 0.3515}, {""name"": ""away_top3c_slg"", ""value"": 0.4815, ""contribution"": -0.2087}, {""name"": ""wx_temp_c"", ""value"": 34.6, ""contribution"": 0.0799}, {""name"": ""fi_park_nrfi_rate"", ""value"": 0.4761, ""contribution"": 0.0751}, {""name"": ""era_gap_t1"", ""value"": -0.4788, ""contribution"": -0.0512}]","[{""name"": ""home_top3c_slg"", ""value"": 0.4932, ""contribution"": -0.328}, {""name"": ""home_top3c_iso"", ""value"": 0.2224, ""contribution"": 0.2048}, {""name"": ""fi_park_nrfi_rate"", ""value"": 0.4761, ""contribution"": 0.1154}, {""name"": ""wx_temp_c"", ""value"": 34.6, ""contribution"": 0.1115}, {""name"": ""home_obp"", ""value"": 0.3258, ""contribution"": 0.0838}]",665298,0.5084,4.12,4.422,24.0,32.0,0.7272,0.7136,4.73,6.27,0.802,0.8013,R,R,NRFI,LOSS,0,0,0,2026-08-09T16:29:48+00:00,-105,-120,DraftKings,2026-08-09T06:00:53+00:00,0.5122,0.5455,-0.0757,0.018,,N,,0,-105,-120,2026-08-09T06:00:53+00:00,,0.4658,PASS,NO EDGE,,,,,,,
2026-08-09,2026,823345,1,N,NYM,PIT,1:35 PM ET,Sean Manaea,Jared Jones,640455,683003,live,ltd,live,live,0.96,0.4264,0.553,0.9793,0.2902,0.463,0.7532,0.4878,0.5122,0.2566,0.7434,0.470846,0.529154,PASS,NO EDGE,PASS - No edge,4,2026-08-09T17:26:58Z,4.498,4.082,1.339,1.172,4.112,4.049,2.98,2.72,1.31,1.35,9.14,9.46,0.305,0.333,0.387,0.412,4.177,4.989,28.2,5.9,58.0,0.0,1.0,0.6,0.9,0.6,0.3687,0.3139,0.4149,0.3902,0.1335,0.1369,lineup,lineup,"[{""id"": 663968, ""name"": ""Jake Mangum"", ""bats"": ""S"", ""obp"": 0.3538011695906433, ""slg"": 0.3801916932907348, ""iso"": 0.07987220447284343, ""ab"": 313}, {""id"": 682927, ""name"": ""Ronny Simon"", ""bats"": ""S"", ""obp"": 0.3333333333333333, ""slg"": 0.35714285714285715, ""iso"": 0.07142857142857145, ""ab"": 14}, {""id"": 691373, ""name"": ""Jhostynxon Garcia"", ""bats"": ""R"", ""obp"": 0.20833333333333334, ""slg"": 0.1956521739130435, ""iso"": 0.021739130434782622, ""ab"": 46}]","[{""id"": 805999, ""name"": ""A.J. Ewing"", ""bats"": ""L"", ""obp"": 0.33440514469453375, ""slg"": 0.4028776978417266, ""iso"": 0.13669064748201437, ""ab"": 278}, {""id"": 596019, ""name"": ""Francisco Lindor"", ""bats"": ""S"", ""obp"": 0.3181818181818182, ""slg"": 0.42127659574468085, ""iso"": 0.18723404255319148, ""ab"": 235}, {""id"": 666182, ""name"": ""Bo Bichette"", ""bats"": ""R"", ""obp"": 0.299009900990099, ""slg"": 0.3669527896995708, ""iso"": 0.111587982832618, ""ab"": 466}]","[{""name"": ""away_top3c_iso"", ""value"": 0.1369, ""contribution"": -0.2931}, {""name"": ""away_top3c_slg"", ""value"": 0.3902, ""contribution"": 0.2536}, {""name"": ""fi_park_nrfi_rate"", ""value"": 0.5188, ""contribution"": -0.0724}, {""name"": ""home_p_last10_pitcher_nrfi"", ""value"": 0.9, ""contribution"": 0.0716}, {""name"": ""away_top3_ops_vs_oppHand"", ""value"": 0.697, ""contribution"": -0.0716}]","[{""name"": ""home_top3c_iso"", ""value"": 0.1335, ""contribution"": -0.2148}, {""name"": ""home_top3c_slg"", ""value"": 0.4149, ""contribution"": 0.1582}, {""name"": ""home_obp"", ""value"": 0.3329, ""contribution"": 0.1336}, {""name"": ""away_whiff_pct_rank"", ""value"": 24.0, ""contribution"": 0.1117}, {""name"": ""fi_park_nrfi_rate"", ""value"": 0.5188, ""contribution"": -0.1113}]",623949,0.5484,4.2,4.68,50.0,24.0,0.7272,0.664,5.4,5.93,0.697,0.7507,L,R,YRFI,PASS,2,0,2,2026-08-09T17:54:06+00:00,-135,+105,DraftKings,2026-08-09T06:00:53+00:00,0.5745,0.4878,-0.1285,0.0662,,N,,,-135,+105,2026-08-09T06:00:53+00:00,,0.4877,PASS,NO EDGE,,,,,,,
2026-08-09,2026,824564,1,N,CLE,CWS,2:10 PM ET,Joey Cantillo,Davis Martin,676282,663436,live,live,live,live,0.98,0.4202,0.5606,0.9809,0.3513,0.3811,0.7324,0.4912,0.5088,0.2572,0.7428,0.480775,0.519225,PASS,NO EDGE,PASS - No edge,4,2026-08-09T17:26:58Z,3.753,4.123,1.417,1.305,4.027,3.737,4.14,2.81,1.11,0.87,9.85,7.57,0.313,0.316,0.374,0.404,4.041,4.729,25.2,15.8,85.0,0.0,0.6,1.0,0.8,0.9,0.3427,0.351,0.4633,0.3831,0.231,0.123,lineup,lineup,"[{""id"": 686668, ""name"": ""Brenton Doyle"", ""bats"": ""R"", ""obp"": 0.2826086956521739, ""slg"": 0.2777777777777778, ""iso"": 0.06349206349206352, ""ab"": 126}, {""id"": 808959, ""name"": ""Munetaka Murakami"", ""bats"": ""L"", ""obp"": 0.3700564971751412, ""slg"": 0.5395189003436426, ""iso"": 0.3024054982817869, ""ab"": 291}, {""id"": 678246, ""name"": ""Miguel Vargas"", ""bats"": ""R"", ""obp"": 0.3399602385685885, ""slg"": 0.46604215456674475, ""iso"": 0.23185011709601874, ""ab"": 427}]","[{""id"": 680757, ""name"": ""Steven Kwan"", ""bats"": ""L"", ""obp"": 0.3632183908045977, ""slg"": 0.3279569892473118, ""iso"": 0.06451612903225806, ""ab"": 372}, {""id"": 800050, ""name"": ""Chase DeLauter"", ""bats"": ""L"", ""obp"": 0.35377358490566035, ""slg"": 0.43617021276595747, ""iso"": 0.15691489361702132, ""ab"": 376}, {""id"": 608070, ""name"": ""Jos\u00e9 Ram\u00edrez"", ""bats"": ""S"", ""obp"": 0.3333333333333333, ""slg"": 0.38485804416403785, ""iso"": 0.15141955835962145, ""ab"": 317}]","[{""name"": ""away_top3c_iso"", ""value"": 0.123, ""contribution"": -0.3908}, {""name"": ""away_top3c_slg"", ""value"": 0.3831, ""contribution"": 0.2896}, {""name"": ""fi_park_nrfi_rate"", ""value"": 0.473, ""contribution"": 0.0859}, {""name"": ""home_xera"", ""value"": 4.8709, ""contribution"": 0.0774}, {""name"": ""away_top3_ops_vs_oppHand"", ""value"": 0.7043, ""contribution"": -0.0641}]","[{""name"": ""home_top3c_iso"", ""value"": 0.231, ""contribution"": 0.2456}, {""name"": ""away_whiff_pct_rank"", ""value"": 89.0, ""contribution"": -0.1688}, {""name"": ""home_top3c_slg"", ""value"": 0.4633, ""contribution"": -0.1421}, {""name"": ""fi_park_nrfi_rate"", ""value"": 0.473, ""contribution"": 0.1321}, {""name"": ""home_top3_ops_vs_oppHand"", ""value"": 0.7097, ""contribution"": -0.0644}]",605673,0.4897,4.871,3.575,29.0,89.0,0.7075,0.7396,5.13,4.53,0.7043,0.7097,L,R,YRFI,PASS,2,1,3,2026-08-09T18:35:35+00:00,-115,-115,DraftKings,2026-08-09T06:00:53+00:00,0.5349,0.5349,-0.0718,0.002,,N,,,-115,-115,2026-08-09T06:00:53+00:00,,0.4272,YRFI,STRONG,,,,,,,
2026-08-09,2026,823513,1,N,ATL,NYY,1:35 PM ET,Grant Holmes,Cam Schlittler,656550,693645,live,live,live,live,1.02,0.3791,0.6248,1.0039,0.353,0.5439,0.8969,0.434,0.566,0.2657,0.7343,0.407816,0.592184,YRFI,LEAN,LEAN YRFI,4,2026-08-09T16:28:32Z,3.759,2.522,1.339,1.014,4.79,2.92,3.92,2.33,1.43,0.89,8.19,10.76,0.315,0.311,0.419,0.411,4.86,4.527,31.9,12.4,39.0,0.0,0.6,1.0,0.7,0.8,0.3252,0.3527,0.4577,0.4925,0.2141,0.2284,lineup,lineup,"[{""id"": 663757, ""name"": ""Trent Grisham"", ""bats"": ""L"", ""obp"": 0.3064935064935065, ""slg"": 0.3772455089820359, ""iso"": 0.16766467065868262, ""ab"": 334}, {""id"": 700250, ""name"": ""Ben Rice"", ""bats"": ""L"", ""obp"": 0.35281837160751567, ""slg"": 0.5504807692307693, ""iso"": 0.29086538461538464, ""ab"": 416}, {""id"": 671218, ""name"": ""Heliot Ramos"", ""bats"": ""R"", ""obp"": 0.3065015479876161, ""slg"": 0.4186046511627907, ""iso"": 0.15946843853820603, ""ab"": 301}]","[{""id"": 686948, ""name"": ""Drake Baldwin"", ""bats"": ""L"", ""obp"": 0.360381861575179, ""slg"": 0.4550408719346049, ""iso"": 0.18256130790190733, ""ab"": 367}, {""id"": 660670, ""name"": ""Ronald Acu\u00f1a Jr."", ""bats"": ""R"", ""obp"": 0.3576388888888889, ""slg"": 0.4444444444444444, ""iso"": 0.19753086419753085, ""ab"": 243}, {""id"": 641755, ""name"": ""Tyler Kinley"", ""bats"": ""R"", ""obp"": null, ""slg"": null, ""iso"": null, ""ab"": null}]","[{""name"": ""away_top3c_iso"", ""value"": 0.2284, ""contribution"": 0.3514}, {""name"": ""away_top3c_slg"", ""value"": 0.4925, ""contribution"": -0.2644}, {""name"": ""fi_park_nrfi_rate"", ""value"": 0.4526, ""contribution"": 0.1563}, {""name"": ""era_gap_t1"", ""value"": -1.2365, ""contribution"": -0.1333}, {""name"": ""home_fip"", ""value"": 2.9197, ""contribution"": -0.1189}]","[{""name"": ""fi_park_nrfi_rate"", ""value"": 0.4526, ""contribution"": 0.2403}, {""name"": ""home_top3c_iso"", ""value"": 0.2141, ""contribution"": 0.1656}, {""name"": ""home_top3c_slg"", ""value"": 0.4577, ""contribution"": -0.1073}, {""name"": ""wx_temp_c"", ""value"": 31.9, ""contribution"": 0.0889}, {""name"": ""away_fip"", ""value"": 4.7901, ""contribution"": 0.0857}]",483564,0.5037,3.568,4.794,56.0,50.0,0.7136,0.6796,5.53,5.13,0.8827,0.776,R,R,NRFI,LOSS,0,0,0,2026-08-09T17:51:33+00:00,-105,-120,DraftKings,2026-08-09T06:00:53+00:00,0.5122,0.5455,-0.0483,-0.0094,,N,,0,-105,-120,2026-08-09T06:00:53+00:00,,0.4521,PASS,NO EDGE,,,,,,,
2026-08-09,2026,824078,1,N,CHC,KC,2:10 PM ET,Matthew Boyd,Randy Dobnak,571510,677976,live,ltd,live,live,0.96,0.5134,0.4241,0.9375,0.3525,0.3703,0.7227,0.4935,0.5065,0.2413,0.7587,0.485422,0.514578,PASS,NO EDGE,PASS - No edge,4,2026-08-09T17:26:58Z,3.455,2.856,1.174,1.229,3.698,4.253,2.36,3.3,0.98,0.94,7.81,6.83,0.336,0.313,0.413,0.399,5.049,4.192,37.2,25.1,32.0,0.0,1.0,0.8,1.0,0.7,0.3357,0.3601,0.4513,0.4377,0.1829,0.179,lineup,lineup,"[{""id"": 679845, ""name"": ""Nick Loftin"", ""bats"": ""R"", ""obp"": 0.33090909090909093, ""slg"": 0.39748953974895396, ""iso"": 0.15062761506276148, ""ab"": 239}, {""id"": 677951, ""name"": ""Bobby Witt Jr."", ""bats"": ""R"", ""obp"": 0.3563218390804598, ""slg"": 0.4536082474226804, ""iso"": 0.1675257731958763, ""ab"": 388}, {""id"": 695506, ""name"": ""Jac Caglianone"", ""bats"": ""L"", ""obp"": 0.3175355450236967, ""slg"": 0.48205128205128206, ""iso"": 0.21794871794871795, ""ab"": 390}]","[{""id"": 691718, ""name"": ""Pete Crow-Armstrong"", ""bats"": ""L"", ""obp"": 0.38846153846153847, ""slg"": 0.5452488687782805, ""iso"": 0.25791855203619907, ""ab"": 442}, {""id"": 701649, ""name"": ""James Triantos"", ""bats"": ""R"", ""obp"": 0.25, ""slg"": 0.25, ""iso"": 0.0, ""ab"": 4}, {""id"": 608324, ""name"": ""Alex Bregman"", ""bats"": ""R"", ""obp"": 0.3365019011406844, ""slg"": 0.3793859649122807, ""iso"": 0.13377192982456143, ""ab"": 456}]","[{""name"": ""fi_park_nrfi_rate"", ""value"": 0.5614, ""contribution"": -0.2197}, {""name"": ""home_p_last10_pitcher_nrfi"", ""value"": 1.0, ""contribution"": 0.1107}, {""name"": ""wx_temp_c"", ""value"": 37.2, ""contribution"": 0.0955}, {""name"": ""era_gap_t1"", ""value"": -0.5988, ""contribution"": -0.0642}, {""name"": ""wx_wind_kmh"", ""value"": 25.1, ""contribution"": 0.0606}]","[{""name"": ""fi_park_nrfi_rate"", ""value"": 0.5614, ""contribution"": -0.3377}, {""name"": ""wx_wind_kmh"", ""value"": 25.1, ""contribution"": 0.1432}, {""name"": ""wx_temp_c"", ""value"": 37.2, ""contribution"": 0.1332}, {""name"": ""home_top3c_slg"", ""value"": 0.4513, ""contribution"": -0.0679}, {""name"": ""era_gap_b1"", ""value"": 0.5988, ""contribution"": 0.0403}]",482666,0.522,4.2,3.564,50.0,41.0,0.7136,0.751,5.33,6.6,0.789,0.7933,L,R,YRFI,PASS,1,0,1,2026-08-09T18:25:52+00:00,+105,-140,DraftKings,2026-08-09T06:00:53+00:00,0.4878,0.5833,0.002,-0.0731,,N,,,+105,-140,2026-08-09T06:00:53+00:00,,0.4521,PASS,NO EDGE,,,,,,,
2026-08-09,2026,822862,1,N,BAL,TEX,2:35 PM ET,Cade Povich,Kumar Rocker,700249,677958,live,live,live,live,1.07,0.5857,0.604,1.1897,0.3379,0.2956,0.6335,0.5165,0.4835,0.3336,0.6664,0.53072,0.46928,NRFI,LEAN,LEAN NRFI,4,2026-08-09T17:26:58Z,4.667,4.331,1.429,1.34,4.435,4.29,3.21,3.27,1.39,1.23,8.42,8.2,0.319,0.317,0.392,0.401,4.436,4.178,,,,1.0,0.8,0.6,0.7,0.5,0.3183,0.3223,0.4464,0.4144,0.1952,0.1823,lineup,lineup,"[{""id"": 670032, ""name"": ""Nicky Lopez"", ""bats"": ""L"", ""obp"": 0.31413612565445026, ""slg"": 0.30726256983240224, ""iso"": 0.03351955307262572, ""ab"": 179}, {""id"": 642851, ""name"": ""Austin Wynns"", ""bats"": ""R"", ""obp"": 0.17105263157894737, ""slg"": 0.16666666666666666, ""iso"": 0.04166666666666666, ""ab"": 72}, {""id"": 677649, ""name"": ""Ezequiel Duran"", ""bats"": ""R"", ""obp"": 0.3284313725490196, ""slg"": 0.4555256064690027, ""iso"": 0.18059299191374661, ""ab"": 371}]","[{""id"": 669236, ""name"": ""Jeremiah Jackson"", ""bats"": ""R"", ""obp"": 0.26495726495726496, ""slg"": 0.3783783783783784, ""iso"": 0.13963963963963966, ""ab"": 222}, {""id"": 687952, ""name"": ""Christian Encarnacion-Strand"", ""bats"": ""R"", ""obp"": 0.3103448275862069, ""slg"": 0.4716981132075472, ""iso"": 0.22641509433962265, ""ab"": 53}, {""id"": 702616, ""name"": ""Jackson Holliday"", ""bats"": ""L"", ""obp"": 0.3490566037735849, ""slg"": 0.38764044943820225, ""iso"": 0.14606741573033707, ""ab"": 178}]","[{""name"": ""fi_park_nrfi_rate"", ""value"": 0.5398, ""contribution"": -0.1451}, {""name"": ""away_top3c_slg"", ""value"": 0.4144, ""contribution"": 0.1312}, {""name"": ""home_xera"", ""value"": 4.973, ""contribution"": 0.0879}, {""name"": ""era_gap_t1"", ""value"": -0.3357, ""contribution"": -0.0357}, {""name"": ""home_fip"", ""value"": 4.2898, ""contribution"": 0.0349}]","[{""name"": ""fi_park_nrfi_rate"", ""value"": 0.5398, ""contribution"": -0.2231}, {""name"": ""home_top3c_obp"", ""value"": 0.3183, ""contribution"": -0.077}, {""name"": ""home_top3c_iso"", ""value"": 0.1952, ""contribution"": 0.0766}, {""name"": ""wx_is_dome"", ""value"": 1.0, ""contribution"": -0.0758}, {""name"": ""away_p_last10_pitcher_nrfi"", ""value"": 0.5, ""contribution"": 0.0713}]",676581,0.5084,4.973,5.184,44.0,46.0,0.7136,0.6796,5.6,5.07,0.7517,0.7167,L,R,YRFI,LOSS,2,0,2,2026-08-09T18:54:53+00:00,-115,-115,DraftKings,2026-08-09T06:00:53+00:00,0.5349,0.5349,-0.027,-0.0428,,N,,0,-115,-115,2026-08-09T06:00:53+00:00,,0.4877,PASS,NO EDGE,,,,,,,
2026-08-09,2026,823190,1,N,DET,SF,4:05 PM ET,Troy Melton,Logan Webb,675512,657277,live,live,live,live,0.94,0.362,0.4404,0.8024,0.3321,0.3701,0.7022,0.4986,0.5014,0.1921,0.8079,0.495488,0.504512,PASS,NO EDGE,PASS - No edge,4,2026-08-09T19:29:02Z,2.302,3.614,1.0,1.142,4.017,3.129,2.85,2.18,1.08,0.64,7.91,7.87,0.32,0.308,0.411,0.41,4.572,4.178,20.5,24.5,65.0,0.0,0.6,0.8,0.7,0.6,0.3159,0.3698,0.4282,0.461,0.1709,0.184,lineup,lineup,"[{""id"": 805811, ""name"": ""Bryce Eldridge"", ""bats"": ""L"", ""obp"": 0.34219269102990035, ""slg"": 0.42748091603053434, ""iso"": 0.17938931297709923, ""ab"": 262}, {""id"": 808982, ""name"": ""Jung Hoo Lee"", ""bats"": ""L"", ""obp"": 0.3371824480369515, ""slg"": 0.4444444444444444, ""iso"": 0.14320987654320982, ""ab"": 405}, {""id"": 642715, ""name"": ""Willy Adames"", ""bats"": ""R"", ""obp"": 0.279317697228145, ""slg"": 0.4133949191685912, ""iso"": 0.19168591224018475, ""ab"": 433}]","[{""id"": 805808, ""name"": ""Kevin McGonigle"", ""bats"": ""L"", ""obp"": 0.39215686274509803, ""slg"": 0.4305555555555556, ""iso"": 0.14351851851851855, ""ab"": 432}, {""id"": 681546, ""name"": ""James Outman"", ""bats"": ""L"", ""obp"": 0.23214285714285715, ""slg"": 0.32051282051282054, ""iso"": 0.14743589743589747, ""ab"": 156}, {""id"": 693307, ""name"": ""Dillon Dingler"", ""bats"": ""R"", ""obp"": 0.3399122807017544, ""slg"": 0.5304136253041363, ""iso"": 0.25547445255474455, ""ab"": 411}]","[{""name"": ""era_gap_t1"", ""value"": 1.3115, ""contribution"": 0.1426}, {""name"": ""away_top3_ops_vs_oppHand"", ""value"": 0.878, ""contribution"": 0.1129}, {""name"": ""away_top3c_slg"", ""value"": 0.461, ""contribution"": -0.1052}, {""name"": ""home_fip"", ""value"": 3.1286, ""contribution"": -0.0954}, {""name"": ""home_xera"", ""value"": 3.4815, ""contribution"": -0.0649}]","[{""name"": ""wx_wind_kmh"", ""value"": 24.5, ""contribution"": 0.1369}, {""name"": ""era_gap_b1"", ""value"": -1.3115, ""contribution"": -0.0896}, {""name"": ""home_top3c_obp"", ""value"": 0.3159, ""contribution"": -0.0857}, {""name"": ""home_top3c_slg"", ""value"": 0.4282, ""contribution"": 0.0759}, {""name"": ""fi_park_nrfi_rate"", ""value"": 0.5059, ""contribution"": -0.0432}]",607884,0.5403,3.482,4.2,48.0,50.0,0.7272,0.7136,6.33,6.0,0.878,0.7737,R,R,NRFI,PASS,0,0,0,2026-08-09T20:15:49+00:00,-140,+105,DraftKings,2026-08-09T06:00:53+00:00,0.5833,0.4878,-0.084,0.0129,,N,,,-140,+105,2026-08-09T06:00:53+00:00,,0.4658,PASS,NO EDGE,,,,,,,
2026-08-09,2026,823104,1,N,TB,SEA,4:10 PM ET,Ian Seymour,Emerson Hancock,693855,676106,live,live,live,live,0.95,0.4277,0.4353,0.863,0.2839,0.2782,0.5622,0.551,0.449,0.214,0.786,0.569982,0.430018,NRFI,LEAN,LEAN NRFI,4,2026-08-09T19:04:41Z,4.155,3.686,1.16,1.142,3.816,4.055,2.99,2.46,1.27,1.23,10.21,8.02,0.327,0.309,0.403,0.379,4.447,3.974,,,,1.0,0.8,0.8,0.8,0.8,0.3574,0.3566,0.3975,0.4146,0.1362,0.1223,lineup,lineup,"[{""id"": 621493, ""name"": ""Taylor Ward"", ""bats"": ""R"", ""obp"": 0.37595419847328243, ""slg"": 0.338785046728972, ""iso"": 0.0957943925233645, ""ab"": 428}, {""id"": 702284, ""name"": ""Cole Young"", ""bats"": ""L"", ""obp"": 0.3220338983050847, ""slg"": 0.40930232558139534, ""iso"": 0.14651162790697675, ""ab"": 430}, {""id"": 668227, ""name"": ""Randy Arozarena"", ""bats"": ""R"", ""obp"": 0.3723404255319149, ""slg"": 0.4469135802469136, ""iso"": 0.16790123456790124, ""ab"": 405}]","[{""id"": 650490, ""name"": ""Yandy D\u00edaz"", ""bats"": ""R"", ""obp"": 0.3653061224489796, ""slg"": 0.4470046082949309, ""iso"": 0.1543778801843318, ""ab"": 434}, {""id"": 666018, ""name"": ""Jonathan Aranda"", ""bats"": ""L"", ""obp"": 0.37398373983739835, ""slg"": 0.43838862559241704, ""iso"": 0.1516587677725118, ""ab"": 422}, {""id"": 802415, ""name"": ""Chandler Simpson"", ""bats"": ""L"", ""obp"": 0.32710280373831774, ""slg"": 0.3548387096774194, ""iso"": 0.05707196029776679, ""ab"": 403}]","[{""name"": ""away_top3c_iso"", ""value"": 0.1223, ""contribution"": -0.3956}, {""name"": ""away_top3c_slg"", ""value"": 0.4146, ""contribution"": 0.13}, {""name"": ""home_xera"", ""value"": 5.2305, ""contribution"": 0.1143}, {""name"": ""fi_park_nrfi_rate"", ""value"": 0.5131, ""contribution"": -0.0529}, {""name"": ""era_gap_t1"", ""value"": -0.4696, ""contribution"": -0.0502}]","[{""name"": ""home_top3c_slg"", ""value"": 0.3975, ""contribution"": 0.2667}, {""name"": ""home_top3c_iso"", ""value"": 0.1362, ""contribution"": -0.2022}, {""name"": ""away_whiff_pct_rank"", ""value"": 87.0, ""contribution"": -0.1602}, {""name"": ""fi_park_nrfi_rate"", ""value"": 0.5131, ""contribution"": -0.0814}, {""name"": ""wx_is_dome"", ""value"": 1.0, ""contribution"": -0.0758}]",573597,0.4761,5.231,4.59,18.0,87.0,0.7136,0.7136,5.13,4.73,0.7997,0.741,L,R,YRFI,LOSS,0,1,1,2026-08-09T20:32:29+00:00,,,,,,,,,,,,-0.5,,,,,0.4658,PASS,NO EDGE,,,,,,,
2026-08-09,2026,824724,1,N,OAK,BOS,1:35 PM ET,J.T. Ginn,Erik Miller,669372,669062,live,ltd,live,live,1.05,0.537,0.6076,1.1446,0.2128,0.3706,0.5834,0.5437,0.4563,0.3173,0.6827,0.557988,0.442012,NRFI,LEAN,LEAN NRFI,4,2026-08-09T16:28:32Z,3.856,3.082,1.242,1.329,4.262,3.641,3.75,4.78,1.16,0.73,8.57,10.36,0.318,0.32,0.399,0.404,4.345,4.485,29.4,17.3,42.0,0.0,0.5,0.6,0.5,0.7,0.3337,0.3043,0.458,0.3885,0.186,0.1372,lineup,lineup,"[{""id"": 686765, ""name"": ""Nick Sogard"", ""bats"": ""S"", ""obp"": 0.3855421686746988, ""slg"": 0.37142857142857144, ""iso"": 0.10000000000000003, ""ab"": 70}, {""id"": 678882, ""name"": ""Ceddanne Rafaela"", ""bats"": ""R"", ""obp"": 0.3275862068965517, ""slg"": 0.4680365296803653, ""iso"": 0.18036529680365299, ""ab"": 438}, {""id"": 677800, ""name"": ""Wilyer Abreu"", ""bats"": ""L"", ""obp"": 0.3306122448979592, ""slg"": 0.4618937644341801, ""iso"": 0.20554272517321015, ""ab"": 433}]","[{""id"": 703607, ""name"": ""Henry Bolte"", ""bats"": ""R"", ""obp"": 0.332089552238806, ""slg"": 0.350210970464135, ""iso"": 0.09704641350210969, ""ab"": 237}, {""id"": 805779, ""name"": ""Jacob Wilson"", ""bats"": ""R"", ""obp"": 0.30094043887147337, ""slg"": 0.39473684210526316, ""iso"": 0.125, ""ab"": 304}, {""id"": 641680, ""name"": ""Jonah Heim"", ""bats"": ""S"", ""obp"": 0.2796934865900383, ""slg"": 0.41841004184100417, ""iso"": 0.1924686192468619, ""ab"": 239}]","[{""name"": ""away_top3c_iso"", ""value"": 0.1372, ""contribution"": -0.291}, {""name"": ""away_top3c_slg"", ""value"": 0.3885, ""contribution"": 0.2624}, {""name"": ""home_xera"", ""value"": 2.31, ""contribution"": -0.185}, {""name"": ""home_p_last10_pitcher_nrfi"", ""value"": 0.5, ""contribution"": -0.0846}, {""name"": ""era_gap_t1"", ""value"": -0.7747, ""contribution"": -0.0833}]","[{""name"": ""away_whiff_pct_rank"", ""value"": 82.0, ""contribution"": -0.1386}, {""name"": ""home_top3c_slg"", ""value"": 0.458, ""contribution"": -0.1095}, {""name"": ""fi_park_nrfi_rate"", ""value"": 0.5121, ""contribution"": -0.076}, {""name"": ""wx_temp_c"", ""value"": 29.4, ""contribution"": 0.068}, {""name"": ""wx_wind_kmh"", ""value"": 17.3, ""contribution"": 0.0611}]",427292,0.5307,2.31,3.667,95.0,82.0,0.7136,0.6796,5.0,5.33,0.7357,0.7713,R,L,YRFI,LOSS,1,0,1,2026-08-09T17:50:11+00:00,+105,-135,DraftKings,2026-08-09T06:00:53+00:00,0.4878,0.5745,0.0032,-0.0655,,N,,0,+105,-135,2026-08-09T06:00:53+00:00,,0.6116,NRFI,STRONG,,,,,,,
2026-08-09,2026,823268,1,N,HOU,SD,8:20 PM ET,Cristian Javier,Randy Vásquez,664299,681190,ltd,live,live,live,0.95,0.5476,0.5442,1.0918,0.3518,0.4195,0.7713,0.4851,0.5149,0.298,0.702,0.462401,0.537599,PASS,NO EDGE,PASS - No edge,4,2026-08-10T00:05:04Z,5.23,4.091,1.431,1.392,4.457,4.701,3.89,2.98,1.17,1.2,8.21,5.64,0.321,0.313,0.416,0.385,4.628,4.244,28.6,12.8,56.0,0.0,0.6,0.8,0.5,0.7,0.3226,0.3871,0.3898,0.5181,0.1475,0.2255,lineup,lineup,"[{""id"": 665487, ""name"": ""Fernando Tatis Jr."", ""bats"": ""R"", ""obp"": 0.3515625, ""slg"": 0.4087912087912088, ""iso"": 0.12747252747252746, ""ab"": 455}, {""id"": 630105, ""name"": ""Jake Cronenworth"", ""bats"": ""L"", ""obp"": 0.3117408906882591, ""slg"": 0.2889908256880734, ""iso"": 0.06880733944954126, ""ab"": 218}, {""id"": 592518, ""name"": ""Manny Machado"", ""bats"": ""R"", ""obp"": 0.29774127310061604, ""slg"": 0.4211764705882353, ""iso"": 0.20941176470588238, ""ab"": 425}]","[{""id"": 665161, ""name"": ""Jeremy Pe\u00f1a"", ""bats"": ""R"", ""obp"": 0.3618421052631579, ""slg"": 0.49454545454545457, ""iso"": 0.19272727272727275, ""ab"": 275}, {""id"": 670541, ""name"": ""Yordan Alvarez"", ""bats"": ""L"", ""obp"": 0.43859649122807015, ""slg"": 0.6303317535545023, ""iso"": 0.30568720379146913, ""ab"": 422}, {""id"": 670623, ""name"": ""Isaac Paredes"", ""bats"": ""R"", ""obp"": 0.3474576271186441, ""slg"": 0.4176904176904177, ""iso"": 0.16461916461916465, ""ab"": 407}]","[{""name"": ""away_top3c_slg"", ""value"": 0.5181, ""contribution"": -0.3943}, {""name"": ""away_top3c_iso"", ""value"": 0.2255, ""contribution"": 0.3314}, {""name"": ""away_top3_ops_vs_oppHand"", ""value"": 0.944, ""contribution"": 0.1802}, {""name"": ""fi_park_nrfi_rate"", ""value"": 0.5409, ""contribution"": -0.149}, {""name"": ""era_gap_t1"", ""value"": -1.1394, ""contribution"": -0.1227}]","[{""name"": ""home_top3c_slg"", ""value"": 0.3898, ""contribution"": 0.3143}, {""name"": ""fi_park_nrfi_rate"", ""value"": 0.5409, ""contribution"": -0.229}, {""name"": ""home_top3c_iso"", ""value"": 0.1475, ""contribution"": -0.1486}, {""name"": ""away_whiff_pct_rank"", ""value"": 27.0, ""contribution"": 0.0988}, {""name"": ""home_top3_ops_vs_oppHand"", ""value"": 0.6883, ""contribution"": -0.09}]",658082,0.5146,5.245,3.582,7.0,27.0,0.7136,0.7272,4.0,3.67,0.944,0.6883,R,R,NRFI,PASS,0,0,0,2026-08-10T00:35:43+00:00,+105,-135,DraftKings,2026-08-10T00:01:50+00:00,0.4878,0.5745,-0.0027,-0.0596,,N,,,+115,-145,2026-08-10T00:06:38+00:00,,0.4566,PASS,NO EDGE,,,,,,,
2026-08-10,2026,824969,1,N,TB,OAK,9:40 PM ET,Freddy Peralta,Jacob Lopez,642547,682052,live,live,live,live,0.93,0.5944,0.5333,1.1277,0.4643,0.5008,0.9651,0.4172,0.5828,0.3111,0.6889,0.380943,0.619057,YRFI,STRONG,STRONG YRFI,4,2026-08-11T00:33:55Z,4.654,5.105,1.403,1.504,4.357,4.912,3.68,4.57,1.37,1.51,9.34,9.13,0.328,0.317,0.403,0.399,4.443,4.342,21.3,17.1,68.0,0.0,1.0,0.6,1.0,0.5,0.3189,0.3706,0.404,0.4782,0.1495,0.191,lineup,lineup,"[{""id"": 643446, ""name"": ""Jeff McNeil"", ""bats"": ""L"", ""obp"": 0.31054131054131057, ""slg"": 0.329153605015674, ""iso"": 0.07836990595611287, ""ab"": 319}, {""id"": 691016, ""name"": ""Tyler Soderstrom"", ""bats"": ""L"", ""obp"": 0.33940774487471526, ""slg"": 0.4751958224543081, ""iso"": 0.22976501305483027, ""ab"": 383}, {""id"": 805779, ""name"": ""Jacob Wilson"", ""bats"": ""R"", ""obp"": 0.30030959752321984, ""slg"": 0.39285714285714285, ""iso"": 0.12337662337662336, ""ab"": 308}]","[{""id"": 650490, ""name"": ""Yandy D\u00edaz"", ""bats"": ""R"", ""obp"": 0.3696969696969697, ""slg"": 0.4510250569476082, ""iso"": 0.15261958997722097, ""ab"": 439}, {""id"": 666018, ""name"": ""Jonathan Aranda"", ""bats"": ""L"", ""obp"": 0.3722334004024145, ""slg"": 0.43559718969555034, ""iso"": 0.14988290398126464, ""ab"": 427}, {""id"": 691406, ""name"": ""Junior Caminero"", ""bats"": ""R"", ""obp"": 0.3698630136986301, ""slg"": 0.54627539503386, ""iso"": 0.2686230248306998, ""ab"": 443}]","[{""name"": ""away_top3c_slg"", ""value"": 0.4782, ""contribution"": -0.1922}, {""name"": ""fi_park_nrfi_rate"", ""value"": 0.4422, ""contribution"": 0.1922}, {""name"": ""home_p_last10_pitcher_nrfi"", ""value"": 1.0, ""contribution"": 0.1107}, {""name"": ""home_fip"", ""value"": 4.9115, ""contribution"": 0.1047}, {""name"": ""away_top3c_iso"", ""value"": 0.191, ""contribution"": 0.088}]","[{""name"": ""fi_park_nrfi_rate"", ""value"": 0.4422, ""contribution"": 0.2954}, {""name"": ""home_top3c_slg"", ""value"": 0.404, ""contribution"": 0.2263}, {""name"": ""away_whiff_pct_rank"", ""value"": 90.0, ""contribution"": -0.1731}, {""name"": ""home_top3c_iso"", ""value"": 0.1495, ""contribution"": -0.1393}, {""name"": ""home_top3c_obp"", ""value"": 0.3189, ""contribution"": -0.0749}]",511890,0.5521,3.53,3.353,71.0,90.0,0.7272,0.7272,4.27,4.4,0.8237,0.7493,R,L,YRFI,WIN,1,2,3,2026-08-11T02:01:06+00:00,+110,-145,DraftKings,2026-08-11T01:19:51+00:00,0.4762,0.5918,-0.059,-0.009,-0.009,N,0,0,+110,-140,2026-08-10T05:10:53+00:00,0.0085,0.4521,PASS,NO EDGE,,,,,,,
2026-08-10,2026,823998,1,N,TEX,LAA,9:38 PM ET,MacKenzie Gore,Reid Detmers,669022,672282,live,live,live,live,0.99,0.4325,0.4955,0.928,0.3365,0.4927,0.8292,0.4621,0.5379,0.2378,0.7622,0.436395,0.563605,PASS,NO EDGE,PASS - No edge,4,2026-08-11T01:34:00Z,4.46,4.106,1.266,1.143,3.763,3.546,3.38,2.85,1.13,1.15,9.98,10.39,0.317,0.312,0.401,0.382,4.184,4.147,31.7,14.6,38.0,0.0,0.6,0.8,0.7,0.7,0.3448,0.3171,0.4162,0.4418,0.1728,0.1927,lineup,lineup,"[{""id"": 687263, ""name"": ""Zach Neto"", ""bats"": ""R"", ""obp"": 0.3106796116504854, ""slg"": 0.4179431072210066, ""iso"": 0.1925601750547046, ""ab"": 457}, {""id"": 545361, ""name"": ""Mike Trout"", ""bats"": ""R"", ""obp"": 0.38009049773755654, ""slg"": 0.43977591036414565, ""iso"": 0.20448179271708683, ""ab"": 357}, {""id"": 694384, ""name"": ""Nolan Schanuel"", ""bats"": ""L"", ""obp"": 0.34963325183374083, ""slg"": 0.39058171745152354, ""iso"": 0.11634349030470914, ""ab"": 361}]","[{""id"": 694671, ""name"": ""Wyatt Langford"", ""bats"": ""R"", ""obp"": 0.31802120141342755, ""slg"": 0.4789272030651341, ""iso"": 0.21839080459770116, ""ab"": 261}, {""id"": 608369, ""name"": ""Corey Seager"", ""bats"": ""L"", ""obp"": 0.3, ""slg"": 0.3813953488372093, ""iso"": 0.186046511627907, ""ab"": 215}, {""id"": 677649, ""name"": ""Ezequiel Duran"", ""bats"": ""R"", ""obp"": 0.3268765133171913, ""slg"": 0.45066666666666666, ""iso"": 0.17866666666666664, ""ab"": 375}]","[{""name"": ""fi_park_nrfi_rate"", ""value"": 0.4526, ""contribution"": 0.1563}, {""name"": ""home_xera"", ""value"": 3.1218, ""contribution"": -0.1018}, {""name"": ""away_top3c_iso"", ""value"": 0.1927, ""contribution"": 0.1002}, {""name"": ""wx_temp_c"", ""value"": 31.7, ""contribution"": 0.0625}, {""name"": ""away_top3_ops_vs_oppHand"", ""value"": 0.7113, ""contribution"": -0.057}]","[{""name"": ""fi_park_nrfi_rate"", ""value"": 0.4526, ""contribution"": 0.2403}, {""name"": ""home_top3c_slg"", ""value"": 0.4162, ""contribution"": 0.1505}, {""name"": ""away_whiff_pct_rank"", ""value"": 75.0, ""contribution"": -0.1084}, {""name"": ""wx_temp_c"", ""value"": 31.7, ""contribution"": 0.0872}, {""name"": ""home_plate_ump_nrfi_rate"", ""value"": 0.4691, ""contribution"": -0.0339}]",521051,0.4691,3.122,4.532,65.0,75.0,0.6767,0.7136,4.87,5.53,0.7113,0.761,L,L,YRFI,PASS,0,1,1,2026-08-11T01:51:33+00:00,-130,+100,DraftKings,2026-08-11T01:19:51+00:00,0.5652,0.5,-0.1031,0.0379,,N,,,-125,-105,2026-08-10T05:10:53+00:00,,0.4589,PASS,NO EDGE,,,,,,,
2026-08-10,2026,823018,1,N,PHI,STL,7:45 PM ET,Andrew Painter,Hunter Dobbins,691725,690928,ltd,live,live,live,0.97,0.4793,0.5988,1.078,0.3152,0.5247,0.8399,0.4565,0.5435,0.2929,0.7071,0.431768,0.568232,PASS,NO EDGE,PASS - No edge,4,2026-08-10T23:41:01Z,5.677,3.875,1.462,1.285,4.887,4.224,3.21,2.93,1.59,1.2,7.97,7.89,0.309,0.316,0.402,0.383,4.444,4.38,34.4,10.6,59.0,0.0,0.8,0.2,0.5,0.5,0.3543,0.3587,0.4189,0.4866,0.1583,0.2315,lineup,lineup,"[{""id"": 802139, ""name"": ""JJ Wetherholt"", ""bats"": ""L"", ""obp"": 0.3530571992110454, ""slg"": 0.3870967741935484, ""iso"": 0.13824884792626727, ""ab"": 434}, {""id"": 671056, ""name"": ""Iv\u00e1n Herrera"", ""bats"": ""R"", ""obp"": 0.36084452975047987, ""slg"": 0.39090909090909093, ""iso"": 0.14090909090909093, ""ab"": 440}, {""id"": 676475, ""name"": ""Alec Burleson"", ""bats"": ""L"", ""obp"": 0.3487903225806452, ""slg"": 0.47757847533632286, ""iso"": 0.19506726457399104, ""ab"": 446}]","[{""id"": 664761, ""name"": ""Alec Bohm"", ""bats"": ""R"", ""obp"": 0.2875536480686695, ""slg"": 0.35933806146572106, ""iso"": 0.132387706855792, ""ab"": 423}, {""id"": 681082, ""name"": ""Bryson Stott"", ""bats"": ""L"", ""obp"": 0.33638443935926776, ""slg"": 0.4194373401534527, ""iso"": 0.15601023017902815, ""ab"": 391}, {""id"": 547180, ""name"": ""Bryce Harper"", ""bats"": ""L"", ""obp"": 0.3683168316831683, ""slg"": 0.5011933174224343, ""iso"": 0.2458233890214797, ""ab"": 419}]","[{""name"": ""away_top3c_iso"", ""value"": 0.2315, ""contribution"": 0.3731}, {""name"": ""away_top3c_slg"", ""value"": 0.4866, ""contribution"": -0.2344}, {""name"": ""era_gap_t1"", ""value"": -1.8017, ""contribution"": -0.1945}, {""name"": ""away_top3_ops_vs_oppHand"", ""value"": 0.8697, ""contribution"": 0.1044}, {""name"": ""fi_park_nrfi_rate"", ""value"": 0.527, ""contribution"": -0.1009}]","[{""name"": ""fi_park_nrfi_rate"", ""value"": 0.527, ""contribution"": -0.1552}, {""name"": ""home_top3c_slg"", ""value"": 0.4189, ""contribution"": 0.1333}, {""name"": ""era_gap_b1"", ""value"": 1.8017, ""contribution"": 0.1222}, {""name"": ""wx_temp_c"", ""value"": 34.4, ""contribution"": 0.1098}, {""name"": ""home_top3c_iso"", ""value"": 0.1583, ""contribution"": -0.0976}]",665299,0.5084,3.833,5.526,19.0,50.0,0.7136,0.7136,5.2,4.0,0.8697,0.8177,R,R,NRFI,PASS,0,0,0,2026-08-11T00:05:43+00:00,+105,-140,DraftKings,2026-08-10T23:57:37+00:00,0.4878,0.5833,-0.0313,-0.0398,-0.0215,N,0.5,,+110,-140,2026-08-10T05:10:53+00:00,-0.0089,0.4144,YRFI,STRONG,,,,,,,
2026-08-10,2026,825048,1,N,COL,ARI,9:40 PM ET,Gabriel Hughes,Michael Soroka,687312,647336,sm,live,live,live,1.0,0.4227,0.4646,0.8873,0.3218,0.5405,0.8624,0.4449,0.5551,0.2229,0.7771,0.422166,0.577834,YRFI,LEAN,LEAN YRFI,4,2026-08-11T00:33:55Z,4.204,3.517,1.226,1.113,3.542,3.216,2.86,2.21,0.83,0.84,8.7,8.9,0.323,0.314,0.42,0.395,4.778,4.511,,,,1.0,0.8,0.6,0.7,0.6,0.3563,0.3633,0.4273,0.4894,0.1685,0.1896,lineup,lineup,"[{""id"": 545121, ""name"": ""Ildemaro Vargas"", ""bats"": ""S"", ""obp"": 0.31843575418994413, ""slg"": 0.4101796407185629, ""iso"": 0.13772455089820362, ""ab"": 334}, {""id"": 682998, ""name"": ""Corbin Carroll"", ""bats"": ""L"", ""obp"": 0.3346693386773547, ""slg"": 0.46420323325635104, ""iso"": 0.22401847575057737, ""ab"": 433}, {""id"": 672515, ""name"": ""Gabriel Moreno"", ""bats"": ""R"", ""obp"": 0.3817204301075269, ""slg"": 0.44339622641509435, ""iso"": 0.14150943396226418, ""ab"": 318}]","[{""id"": 664983, ""name"": ""Jake McCarthy"", ""bats"": ""L"", ""obp"": 0.34177215189873417, ""slg"": 0.5176151761517616, ""iso"": 0.21138211382113825, ""ab"": 369}, {""id"": 694249, ""name"": ""Cole Carrigg"", ""bats"": ""S"", ""obp"": 0.38461538461538464, ""slg"": 0.503030303030303, ""iso"": 0.20606060606060606, ""ab"": 165}, {""id"": 681198, ""name"": ""TJ Rumfield"", ""bats"": ""L"", ""obp"": 0.3728448275862069, ""slg"": 0.4585365853658537, ""iso"": 0.1634146341463415, ""ab"": 410}]","[{""name"": ""fi_park_nrfi_rate"", ""value"": 0.4239, ""contribution"": 0.2555}, {""name"": ""away_top3c_slg"", ""value"": 0.4894, ""contribution"": -0.2489}, {""name"": ""away_top3_ops_vs_oppHand"", ""value"": 0.874, ""contribution"": 0.1088}, {""name"": ""home_fip"", ""value"": 3.2162, ""contribution"": -0.0856}, {""name"": ""away_top3c_iso"", ""value"": 0.1896, ""contribution"": 0.0784}]","[{""name"": ""fi_park_nrfi_rate"", ""value"": 0.4239, ""contribution"": 0.3927}, {""name"": ""home_top3c_slg"", ""value"": 0.4273, ""contribution"": 0.0811}, {""name"": ""wx_is_dome"", ""value"": 1.0, ""contribution"": -0.0758}, {""name"": ""home_top3c_obp"", ""value"": 0.3563, ""contribution"": 0.0562}, {""name"": ""home_plate_ump_nrfi_rate"", ""value"": 0.5511, ""contribution"": 0.0506}]",483912,0.5511,3.598,4.2,29.0,50.0,0.7272,0.7136,5.4,5.33,0.874,0.7743,R,R,YRFI,WIN,0,4,4,2026-08-11T02:02:08+00:00,-110,-115,DraftKings,2026-08-11T01:19:51+00:00,0.5238,0.5349,-0.0789,0.0202,0.0202,N,0.5,0,-115,-115,2026-08-10T05:10:53+00:00,0,0.4424,PASS,NO EDGE,,,,,,,
2026-08-10,2026,823675,1,N,BAL,MIN,7:40 PM ET,Trevor Rogers,Dean Kremer,669432,665152,live,live,live,live,0.97,0.5697,0.4058,0.9756,0.3753,0.3355,0.7109,0.4965,0.5035,0.2552,0.7448,0.491206,0.508794,PASS,NO EDGE,PASS - No edge,4,2026-08-10T23:33:55Z,3.639,5.069,1.161,1.264,3.441,5.045,2.48,2.61,0.78,1.9,7.88,8.13,0.32,0.317,0.395,0.405,4.477,4.631,29.6,7.9,38.0,0.0,0.4,1.0,0.4,1.0,0.3423,0.3249,0.4016,0.4208,0.1567,0.1867,lineup,lineup,"[{""id"": 668885, ""name"": ""Austin Martin"", ""bats"": ""R"", ""obp"": 0.3476923076923077, ""slg"": 0.3088235294117647, ""iso"": 0.07720588235294118, ""ab"": 272}, {""id"": 680777, ""name"": ""Ryan Jeffers"", ""bats"": ""R"", ""obp"": 0.38427947598253276, ""slg"": 0.4948453608247423, ""iso"": 0.21649484536082475, ""ab"": 194}, {""id"": 668904, ""name"": ""Royce Lewis"", ""bats"": ""R"", ""obp"": 0.30903790087463556, ""slg"": 0.42483660130718953, ""iso"": 0.1895424836601307, ""ab"": 306}]","[{""id"": 683002, ""name"": ""Gunnar Henderson"", ""bats"": ""L"", ""obp"": 0.2937853107344633, ""slg"": 0.38396624472573837, ""iso"": 0.17088607594936706, ""ab"": 474}, {""id"": 624413, ""name"": ""Pete Alonso"", ""bats"": ""R"", ""obp"": 0.34637964774951074, ""slg"": 0.47165532879818595, ""iso"": 0.2199546485260771, ""ab"": 441}, {""id"": 702616, ""name"": ""Jackson Holliday"", ""bats"": ""L"", ""obp"": 0.35023041474654376, ""slg"": 0.39344262295081966, ""iso"": 0.14754098360655737, ""ab"": 183}]","[{""name"": ""era_gap_t1"", ""value"": 1.4304, ""contribution"": 0.1555}, {""name"": ""fi_park_nrfi_rate"", ""value"": 0.5348, ""contribution"": -0.1278}, {""name"": ""home_p_last10_pitcher_nrfi"", ""value"": 0.4, ""contribution"": -0.1236}, {""name"": ""home_fip"", ""value"": 5.0449, ""contribution"": 0.1197}, {""name"": ""away_top3c_slg"", ""value"": 0.4208, ""contribution"": 0.0988}]","[{""name"": ""home_top3c_slg"", ""value"": 0.4016, ""contribution"": 0.2413}, {""name"": ""fi_park_nrfi_rate"", ""value"": 0.5348, ""contribution"": -0.1964}, {""name"": ""home_top3c_iso"", ""value"": 0.1567, ""contribution"": -0.1051}, {""name"": ""era_gap_b1"", ""value"": -1.4304, ""contribution"": -0.0977}, {""name"": ""away_p_last10_pitcher_nrfi"", ""value"": 1.0, ""contribution"": -0.0929}]",503077,0.5258,3.819,3.258,41.0,47.0,0.7136,0.7272,4.8,6.27,0.7597,0.829,L,R,NRFI,PASS,0,0,0,2026-08-10T23:55:02+00:00,-120,-105,DraftKings,2026-08-10T23:41:31+00:00,0.5455,0.5122,-0.049,-0.0087,,N,,,-120,-110,2026-08-10T05:10:53+00:00,,0.6385,NRFI,STRONG,,,,,,,
2026-08-10,2026,823265,1,N,MIL,SD,9:40 PM ET,Logan Henderson,Casey Mize,701656,663554,ltd,live,live,live,0.95,0.38,0.4049,0.7849,0.3365,0.2857,0.6222,0.519,0.481,0.1858,0.8142,0.536737,0.463263,NRFI,LEAN,LEAN NRFI,4,2026-08-11T00:33:55Z,3.131,3.515,1.035,1.139,3.516,3.227,2.3,2.2,1.23,0.81,10.38,8.58,0.335,0.313,0.399,0.387,4.906,4.265,27.8,13.8,57.0,0.0,1.0,1.0,1.0,0.9,0.3217,0.361,0.3915,0.4793,0.1494,0.2067,lineup,lineup,"[{""id"": 665487, ""name"": ""Fernando Tatis Jr."", ""bats"": ""R"", ""obp"": 0.3520309477756286, ""slg"": 0.41739130434782606, ""iso"": 0.13478260869565217, ""ab"": 460}, {""id"": 630105, ""name"": ""Jake Cronenworth"", ""bats"": ""L"", ""obp"": 0.30677290836653387, ""slg"": 0.28378378378378377, ""iso"": 0.06756756756756754, ""ab"": 222}, {""id"": 592518, ""name"": ""Manny Machado"", ""bats"": ""R"", ""obp"": 0.2973523421588595, ""slg"": 0.4195804195804196, ""iso"": 0.20745920745920746, ""ab"": 429}]","[{""id"": 668930, ""name"": ""Brice Turang"", ""bats"": ""L"", ""obp"": 0.36507936507936506, ""slg"": 0.4576659038901602, ""iso"": 0.1853546910755149, ""ab"": 437}, {""id"": 694192, ""name"": ""Jackson Chourio"", ""bats"": ""R"", ""obp"": 0.33858267716535434, ""slg"": 0.4797687861271676, ""iso"": 0.2052023121387283, ""ab"": 346}, {""id"": 641343, ""name"": ""Jake Bauers"", ""bats"": ""L"", ""obp"": 0.3764988009592326, ""slg"": 0.5056497175141242, ""iso"": 0.23446327683615814, ""ab"": 354}]","[{""name"": ""away_top3c_iso"", ""value"": 0.2067, ""contribution"": 0.1986}, {""name"": ""away_top3c_slg"", ""value"": 0.4793, ""contribution"": -0.1978}, {""name"": ""fi_park_nrfi_rate"", ""value"": 0.5409, ""contribution"": -0.149}, {""name"": ""home_p_last10_pitcher_nrfi"", ""value"": 1.0, ""contribution"": 0.1107}, {""name"": ""away_top3_ops_vs_oppHand"", ""value"": 0.8613, ""contribution"": 0.0959}]","[{""name"": ""home_top3c_slg"", ""value"": 0.3915, ""contribution"": 0.3035}, {""name"": ""fi_park_nrfi_rate"", ""value"": 0.5409, ""contribution"": -0.229}, {""name"": ""home_top3c_iso"", ""value"": 0.1494, ""contribution"": -0.1397}, {""name"": ""home_top3_ops_vs_oppHand"", ""value"": 0.6883, ""contribution"": -0.09}, {""name"": ""home_top3c_obp"", ""value"": 0.3217, ""contribution"": -0.0654}]",483561,0.5039,3.428,3.49,53.0,59.0,0.7272,0.7136,5.0,5.4,0.8613,0.6883,R,R,NRFI,WIN,0,0,0,2026-08-11T01:53:30+00:00,-165,+130,DraftKings,2026-08-11T01:19:51+00:00,0.6226,0.4348,-0.1036,0.0462,-0.1036,N,0.5,0,-145,+110,2026-08-10T05:10:53+00:00,0.0308,0.4877,PASS,NO EDGE,,,,,,,
2026-08-10,2026,822780,1,N,BOS,TOR,7:07 PM ET,Sonny Gray,Jameson Taillon,543243,592791,live,live,live,live,1.01,0.6852,0.413,1.0982,0.4309,0.258,0.6889,0.502,0.498,0.3003,0.6997,0.502126,0.497874,NRFI,LEAN,LEAN NRFI,4,2026-08-10T22:03:41Z,3.157,5.201,1.17,1.281,3.533,6.08,2.29,2.8,0.99,2.51,8.51,7.68,0.32,0.304,0.403,0.379,4.473,4.004,,,,1.0,0.6,1.0,0.6,0.8,0.3324,0.3302,0.3639,0.4523,0.1003,0.1836,lineup,lineup,"[{""id"": 664770, ""name"": ""Nathan Lukes"", ""bats"": ""L"", ""obp"": 0.32323232323232326, ""slg"": 0.3759124087591241, ""iso"": 0.10583941605839414, ""ab"": 274}, {""id"": 703520, ""name"": ""Brett Bateman"", ""bats"": ""L"", ""obp"": 0.3125, ""slg"": 0.2857142857142857, ""iso"": 0.07142857142857142, ""ab"": 14}, {""id"": 665489, ""name"": ""Vladimir Guerrero Jr."", ""bats"": ""R"", ""obp"": 0.33905579399141633, ""slg"": 0.35853658536585364, ""iso"": 0.09756097560975607, ""ab"": 410}]","[{""id"": 686765, ""name"": ""Nick Sogard"", ""bats"": ""S"", ""obp"": 0.36363636363636365, ""slg"": 0.3466666666666667, ""iso"": 0.09333333333333332, ""ab"": 75}, {""id"": 678882, ""name"": ""Ceddanne Rafaela"", ""bats"": ""R"", ""obp"": 0.32409381663113007, ""slg"": 0.46275395033860045, ""iso"": 0.17832957110609482, ""ab"": 443}, {""id"": 677800, ""name"": ""Wilyer Abreu"", ""bats"": ""L"", ""obp"": 0.3299595141700405, ""slg"": 0.45977011494252873, ""iso"": 0.20459770114942527, ""ab"": 435}]","[{""name"": ""home_fip"", ""value"": 6.0799, ""contribution"": 0.2359}, {""name"": ""era_gap_t1"", ""value"": 2.0441, ""contribution"": 0.2219}, {""name"": ""away_top3c_slg"", ""value"": 0.4523, ""contribution"": -0.0607}, {""name"": ""home_p_last10_pitcher_nrfi"", ""value"": 0.6, ""contribution"": -0.0455}, {""name"": ""home_xera"", ""value"": 3.7197, ""contribution"": -0.0405}]","[{""name"": ""home_top3c_slg"", ""value"": 0.3639, ""contribution"": 0.4752}, {""name"": ""home_top3c_iso"", ""value"": 0.1003, ""contribution"": -0.3716}, {""name"": ""era_gap_b1"", ""value"": -2.0441, ""contribution"": -0.1395}, {""name"": ""home_top3_ops_vs_oppHand"", ""value"": 0.6897, ""contribution"": -0.0884}, {""name"": ""wx_is_dome"", ""value"": 1.0, ""contribution"": -0.0758}]",605671,0.5497,3.72,3.87,48.0,65.0,0.678,0.7396,3.93,6.0,0.7543,0.6897,R,R,NRFI,WIN,0,0,0,2026-08-10T23:24:13+00:00,-125,-105,DraftKings,2026-08-10T22:29:09+00:00,0.5556,0.5122,-0.0536,-0.0142,-0.0536,N,0.5,0,-120,-110,2026-08-10T05:10:53+00:00,0.0101,0.6430,NRFI,STRONG,,,,,,,
2026-08-10,2026,824887,1,N,NYM,ATL,7:15 PM ET,Christian Scott,Bryce Elder,681035,693821,ltd,live,live,live,0.98,0.5023,0.5008,1.0031,0.351,0.3419,0.6928,0.501,0.499,0.2654,0.7346,0.500162,0.499838,NRFI,LEAN,LEAN NRFI,4,2026-08-10T22:03:41Z,3.508,4.077,1.26,1.246,3.586,4.536,3.55,2.98,0.98,1.36,10.32,7.45,0.307,0.313,0.389,0.418,4.228,4.838,31.5,9.1,53.0,0.0,1.0,1.0,0.8,0.9,0.3501,0.3188,0.4907,0.3931,0.2286,0.1371,lineup,lineup,"[{""id"": 686948, ""name"": ""Drake Baldwin"", ""bats"": ""L"", ""obp"": 0.35697399527186763, ""slg"": 0.4501347708894879, ""iso"": 0.18059299191374667, ""ab"": 371}, {""id"": 660670, ""name"": ""Ronald Acu\u00f1a Jr."", ""bats"": ""R"", ""obp"": 0.3527397260273973, ""slg"": 0.43724696356275305, ""iso"": 0.19433198380566805, ""ab"": 247}, {""id"": 621566, ""name"": ""Matt Olson"", ""bats"": ""L"", ""obp"": 0.3430232558139535, ""slg"": 0.5524017467248908, ""iso"": 0.28602620087336245, ""ab"": 458}]","[{""id"": 805999, ""name"": ""A.J. Ewing"", ""bats"": ""L"", ""obp"": 0.334384858044164, ""slg"": 0.3971631205673759, ""iso"": 0.13475177304964542, ""ab"": 282}, {""id"": 596019, ""name"": ""Francisco Lindor"", ""bats"": ""S"", ""obp"": 0.32222222222222224, ""slg"": 0.41841004184100417, ""iso"": 0.18410041841004182, ""ab"": 239}, {""id"": 666182, ""name"": ""Bo Bichette"", ""bats"": ""R"", ""obp"": 0.30724070450097846, ""slg"": 0.37791932059447986, ""iso"": 0.11464968152866245, ""ab"": 471}]","[{""name"": ""away_top3c_iso"", ""value"": 0.1371, ""contribution"": -0.2915}, {""name"": ""away_top3c_slg"", ""value"": 0.3931, ""contribution"": 0.2387}, {""name"": ""away_top3_ops_vs_oppHand"", ""value"": 0.7003, ""contribution"": -0.0682}, {""name"": ""home_fip"", ""value"": 4.5358, ""contribution"": 0.0625}, {""name"": ""era_gap_t1"", ""value"": 0.5699, ""contribution"": 0.0623}]","[{""name"": ""home_top3c_slg"", ""value"": 0.4907, ""contribution"": -0.3125}, {""name"": ""home_top3c_iso"", ""value"": 0.2286, ""contribution"": 0.2342}, {""name"": ""home_top3_ops_vs_oppHand"", ""value"": 0.873, ""contribution"": 0.1311}, {""name"": ""wx_temp_c"", ""value"": 31.5, ""contribution"": 0.0856}, {""name"": ""fi_park_nrfi_rate"", ""value"": 0.5093, ""contribution"": -0.0612}]",484183,0.5086,4.332,8.043,24.0,50.0,0.7613,0.7272,5.6,5.07,0.7003,0.873,R,R,YRFI,LOSS,5,2,7,2026-08-10T23:55:01+00:00,-120,-105,DraftKings,2026-08-10T22:29:09+00:00,0.5455,0.5122,-0.0445,-0.0132,-0.0445,N,0.5,0,-110,-120,2026-08-10T05:10:53+00:00,0.0216,0.4128,YRFI,STRONG,,,,,,,
2026-08-10,2026,823189,1,N,HOU,SF,9:45 PM ET,Hayden Wesneski,Blade Tidwell,669713,694918,ltd,sm,live,live,0.94,0.4419,0.4525,0.8944,0.3291,0.3797,0.7088,0.497,0.503,0.2255,0.7745,0.492249,0.507751,PASS,NO EDGE,PASS - No edge,4,2026-08-11T01:34:00Z,4.171,3.875,1.231,1.236,4.022,3.872,2.73,2.69,1.1,1.01,8.12,8.19,0.32,0.308,0.414,0.408,4.608,4.154,19.2,20.8,80.0,0.0,0.6667,0.6,0.6667,0.625,0.3158,0.3838,0.4257,0.513,0.1692,0.2233,lineup,lineup,"[{""id"": 808982, ""name"": ""Jung Hoo Lee"", ""bats"": ""L"", ""obp"": 0.3340961098398169, ""slg"": 0.4400977995110024, ""iso"": 0.14180929095354522, ""ab"": 409}, {""id"": 642715, ""name"": ""Willy Adames"", ""bats"": ""R"", ""obp"": 0.28118393234672306, ""slg"": 0.41284403669724773, ""iso"": 0.19036697247706424, ""ab"": 436}, {""id"": 805811, ""name"": ""Bryce Eldridge"", ""bats"": ""L"", ""obp"": 0.3431372549019608, ""slg"": 0.424812030075188, ""iso"": 0.1766917293233083, ""ab"": 266}]","[{""id"": 665161, ""name"": ""Jeremy Pe\u00f1a"", ""bats"": ""R"", ""obp"": 0.35714285714285715, ""slg"": 0.4874551971326165, ""iso"": 0.1899641577060932, ""ab"": 279}, {""id"": 670541, ""name"": ""Yordan Alvarez"", ""bats"": ""L"", ""obp"": 0.43520309477756286, ""slg"": 0.6244131455399061, ""iso"": 0.30281690140845074, ""ab"": 426}, {""id"": 670623, ""name"": ""Isaac Paredes"", ""bats"": ""R"", ""obp"": 0.3452631578947368, ""slg"": 0.4146341463414634, ""iso"": 0.16341463414634144, ""ab"": 410}]","[{""name"": ""away_top3c_slg"", ""value"": 0.513, ""contribution"": -0.3684}, {""name"": ""away_top3c_iso"", ""value"": 0.2233, ""contribution"": 0.3157}, {""name"": ""away_top3_ops_vs_oppHand"", ""value"": 0.9343, ""contribution"": 0.1703}, {""name"": ""home_xera"", ""value"": 3.43, ""contribution"": -0.0702}, {""name"": ""wx_wind_kmh"", ""value"": 20.8, ""contribution"": 0.0414}]","[{""name"": ""wx_wind_kmh"", ""value"": 20.8, ""contribution"": 0.0979}, {""name"": ""home_top3c_slg"", ""value"": 0.4257, ""contribution"": 0.091}, {""name"": ""home_top3c_obp"", ""value"": 0.3158, ""contribution"": -0.086}, {""name"": ""home_top3c_iso"", ""value"": 0.1692, ""contribution"": -0.0462}, {""name"": ""fi_park_nrfi_rate"", ""value"": 0.5059, ""contribution"": -0.0432}]",427533,0.5151,3.43,4.2,82.0,50.0,0.7136,0.6796,4.11,5.13,0.9343,0.7693,R,R,YRFI,PASS,1,0,1,2026-08-11T02:01:06+00:00,-105,-125,DraftKings,2026-08-11T01:19:51+00:00,0.5122,0.5556,-0.0152,-0.0526,,N,,,-110,-120,2026-08-10T05:10:53+00:00,,0.4658,PASS,NO EDGE,,,,,,,
2026-08-10,2026,823918,1,N,KC,LAD,10:10 PM ET,Noah Cameron,Tarik Skubal,702070,669373,live,live,live,live,0.97,0.2861,0.515,0.8011,0.2215,0.4877,0.7092,0.4969,0.5031,0.1916,0.8084,0.492027,0.507973,PASS,NO EDGE,PASS - No edge,4,2026-08-11T02:04:29Z,4.032,2.636,1.243,0.908,3.899,2.642,2.89,1.44,1.06,0.93,8.22,10.85,0.312,0.336,0.399,0.426,4.175,4.951,31.6,14.9,40.0,0.0,1.0,0.8,0.7,0.8,0.3696,0.3339,0.4908,0.4475,0.202,0.1809,lineup,lineup,"[{""id"": 660271, ""name"": ""Shohei Ohtani"", ""bats"": ""L"", ""obp"": 0.39473684210526316, ""slg"": 0.5421686746987951, ""iso"": 0.2506024096385542, ""ab"": 415}, {""id"": 681624, ""name"": ""Andy Pages"", ""bats"": ""R"", ""obp"": 0.3373015873015873, ""slg"": 0.46017699115044247, ""iso"": 0.18805309734513276, ""ab"": 452}, {""id"": 518692, ""name"": ""Freddie Freeman"", ""bats"": ""L"", ""obp"": 0.3772819472616633, ""slg"": 0.4735632183908046, ""iso"": 0.17011494252873566, ""ab"": 435}]","[{""id"": 679845, ""name"": ""Nick Loftin"", ""bats"": ""R"", ""obp"": 0.32616487455197135, ""slg"": 0.39094650205761317, ""iso"": 0.14814814814814814, ""ab"": 243}, {""id"": 677951, ""name"": ""Bobby Witt Jr."", ""bats"": ""R"", ""obp"": 0.3553530751708428, ""slg"": 0.45012787723785164, ""iso"": 0.1662404092071611, ""ab"": 391}, {""id"": 695506, ""name"": ""Jac Caglianone"", ""bats"": ""L"", ""obp"": 0.31690140845070425, ""slg"": 0.4796954314720812, ""iso"": 0.21573604060913704, ""ab"": 394}]","[{""name"": ""home_xera"", ""value"": 2.2179, ""contribution"": -0.1944}, {""name"": ""era_gap_t1"", ""value"": -1.3961, ""contribution"": -0.1505}, {""name"": ""home_fip"", ""value"": 2.6425, ""contribution"": -0.15}, {""name"": ""wx_temp_c"", ""value"": 31.6, ""contribution"": 0.0619}, {""name"": ""fi_park_nrfi_rate"", ""value"": 0.4823, ""contribution"": 0.0538}]","[{""name"": ""home_top3c_slg"", ""value"": 0.4908, ""contribution"": -0.313}, {""name"": ""home_obp"", ""value"": 0.3355, ""contribution"": 0.1521}, {""name"": ""away_whiff_pct_rank"", ""value"": 76.0, ""contribution"": -0.1127}, {""name"": ""home_top3c_iso"", ""value"": 0.202, ""contribution"": 0.1085}, {""name"": ""home_top3_ops_vs_oppHand"", ""value"": 0.8513, ""contribution"": 0.1052}]",545402,0.5488,2.218,4.444,100.0,76.0,0.7309,0.6796,6.4,6.6,0.776,0.8513,L,L,YRFI,PASS,1,0,1,2026-08-11T02:28:20+00:00,-135,+105,DraftKings,2026-08-11T02:56:55+00:00,0.5745,0.4878,-0.0776,0.0153,,N,,,-125,-105,2026-08-10T05:10:53+00:00,,0.4658,PASS,NO EDGE,,,,,,,
2026-08-11,2026,825046,1,N,COL,ARI,9:40 PM ET,Tomoyuki Sugano,Mitch Bratt,608372,683352,live,sm,live,live,1.0,0.6028,0.6245,1.2273,0.4014,0.7226,1.124,0.2872,0.7128,0.3472,0.6528,0.32497,0.67503,YRFI,STRONG,STRONG YRFI,4,2026-08-12T00:35:57Z,4.545,4.061,1.279,1.365,5.437,4.742,2.15,4.15,1.86,1.26,5.38,8.02,0.323,0.315,0.419,0.396,4.743,4.544,,,,1.0,0.6,0.4,0.6667,0.4,0.352,0.3572,0.437,0.4727,0.1774,0.1856,lineup,lineup,"[{""id"": 663457, ""name"": ""Lars Nootbaar"", ""bats"": ""L"", ""obp"": 0.3317307692307692, ""slg"": 0.33707865168539325, ""iso"": 0.11235955056179775, ""ab"": 178}, {""id"": 682998, ""name"": ""Corbin Carroll"", ""bats"": ""L"", ""obp"": 0.3359840954274354, ""slg"": 0.46559633027522934, ""iso"": 0.22477064220183485, ""ab"": 436}, {""id"": 672515, ""name"": ""Gabriel Moreno"", ""bats"": ""R"", ""obp"": 0.38461538461538464, ""slg"": 0.453416149068323, ""iso"": 0.14906832298136646, ""ab"": 322}]","[{""id"": 664983, ""name"": ""Jake McCarthy"", ""bats"": ""L"", ""obp"": 0.3433583959899749, ""slg"": 0.5161290322580645, ""iso"": 0.2096774193548387, ""ab"": 372}, {""id"": 691720, ""name"": ""Kyle Karros"", ""bats"": ""R"", ""obp"": 0.361323155216285, ""slg"": 0.41543026706231456, ""iso"": 0.1513353115727003, ""ab"": 337}, {""id"": 694249, ""name"": ""Cole Carrigg"", ""bats"": ""S"", ""obp"": 0.3768844221105528, ""slg"": 0.4911242603550296, ""iso"": 0.20118343195266275, ""ab"": 169}]","[{""name"": ""fi_park_nrfi_rate"", ""value"": 0.4239, ""contribution"": 0.2555}, {""name"": ""away_top3c_slg"", ""value"": 0.4727, ""contribution"": -0.1641}, {""name"": ""away_top3_ops_vs_oppHand"", ""value"": 0.8587, ""contribution"": 0.0932}, {""name"": ""home_fip"", ""value"": 4.7419, ""contribution"": 0.0857}, {""name"": ""era_gap_t1"", ""value"": -0.4846, ""contribution"": -0.0519}]","[{""name"": ""fi_park_nrfi_rate"", ""value"": 0.4239, ""contribution"": 0.3927}, {""name"": ""away_whiff_pct_rank"", ""value"": 12.0, ""contribution"": 0.1635}, {""name"": ""away_fip"", ""value"": 5.4365, ""contribution"": 0.1548}, {""name"": ""away_p_last10_pitcher_nrfi"", ""value"": 0.4, ""contribution"": 0.1041}, {""name"": ""home_plate_ump_nrfi_rate"", ""value"": 0.5818, ""contribution"": 0.0822}]",427139,0.5818,4.2,5.64,50.0,12.0,0.7136,0.7136,4.93,5.67,0.8587,0.7657,R,L,YRFI,WIN,0,2,2,2026-08-12T02:01:45+00:00,+105,-140,DraftKings,2026-08-12T00:42:38+00:00,0.4878,0.5833,-0.2006,0.1295,0.1295,Y,1,0.714,+100,-130,2026-08-11T16:56:27+00:00,0.0181,0.4135,YRFI,STRONG,,,,,,,
2026-08-11,2026,824970,1,N,TB,OAK,9:40 PM ET,Nick Martinez,Mason Barnett,607259,686930,live,ltd,live,live,0.93,0.5665,0.4036,0.9701,0.499,0.4477,0.9466,0.4217,0.5783,0.2533,0.7467,0.38804,0.61196,YRFI,LEAN,LEAN YRFI,4,2026-08-12T00:35:57Z,3.076,5.075,1.126,1.355,4.133,4.928,1.61,3.81,1.08,1.63,5.38,8.97,0.328,0.317,0.403,0.399,4.485,4.354,21.7,16.9,72.0,0.0,0.6,0.8,0.5714,0.8,0.3119,0.3715,0.3968,0.4834,0.1315,0.1944,lineup,lineup,"[{""id"": 643446, ""name"": ""Jeff McNeil"", ""bats"": ""L"", ""obp"": 0.31179775280898875, ""slg"": 0.33126934984520123, ""iso"": 0.07739938080495357, ""ab"": 323}, {""id"": 680869, ""name"": ""Zack Gelof"", ""bats"": ""R"", ""obp"": 0.3293172690763052, ""slg"": 0.4935064935064935, ""iso"": 0.21645021645021645, ""ab"": 231}, {""id"": 805779, ""name"": ""Jacob Wilson"", ""bats"": ""R"", ""obp"": 0.29878048780487804, ""slg"": 0.3929712460063898, ""iso"": 0.12460063897763579, ""ab"": 313}]","[{""id"": 650490, ""name"": ""Yandy D\u00edaz"", ""bats"": ""R"", ""obp"": 0.372, ""slg"": 0.46275395033860045, ""iso"": 0.16027088036117382, ""ab"": 443}, {""id"": 666018, ""name"": ""Jonathan Aranda"", ""bats"": ""L"", ""obp"": 0.3745019920318725, ""slg"": 0.4361948955916473, ""iso"": 0.14849187935034802, ""ab"": 431}, {""id"": 691406, ""name"": ""Junior Caminero"", ""bats"": ""R"", ""obp"": 0.3682170542635659, ""slg"": 0.5491071428571429, ""iso"": 0.2723214285714286, ""ab"": 448}]","[{""name"": ""away_top3c_slg"", ""value"": 0.4834, ""contribution"": -0.2182}, {""name"": ""era_gap_t1"", ""value"": 1.9994, ""contribution"": 0.2171}, {""name"": ""fi_park_nrfi_rate"", ""value"": 0.4422, ""contribution"": 0.1922}, {""name"": ""away_top3c_iso"", ""value"": 0.1944, ""contribution"": 0.1121}, {""name"": ""home_fip"", ""value"": 4.9283, ""contribution"": 0.1066}]","[{""name"": ""fi_park_nrfi_rate"", ""value"": 0.4422, ""contribution"": 0.2954}, {""name"": ""home_top3c_slg"", ""value"": 0.3968, ""contribution"": 0.271}, {""name"": ""home_top3c_iso"", ""value"": 0.1315, ""contribution"": -0.2243}, {""name"": ""away_whiff_pct_rank"", ""value"": 18.0, ""contribution"": 0.1376}, {""name"": ""era_gap_b1"", ""value"": -1.9994, ""contribution"": -0.1364}]",594151,0.4534,4.2,4.133,50.0,18.0,0.7136,0.7272,4.53,5.8,0.865,0.7337,R,R,YRFI,WIN,2,0,2,2026-08-12T01:55:41+00:00,+110,-145,DraftKings,2026-08-12T00:57:39+00:00,0.4762,0.5918,-0.0545,-0.0135,-0.0135,N,0.5,0,+105,-140,2026-08-11T16:56:27+00:00,0.0085,0.4658,PASS,NO EDGE,,,,,,,
2026-08-11,2026,823997,1,N,TEX,LAA,9:38 PM ET,Cody Bradford,Ryan Johnson,674003,696270,sm,ltd,live,live,0.99,0.6405,0.4859,1.1264,0.6551,0.4628,1.1179,0.2872,0.7128,0.3106,0.6894,0.326978,0.673022,YRFI,STRONG,STRONG YRFI,4,2026-08-12T00:35:57Z,3.782,5.806,1.293,1.449,3.992,5.509,3.07,3.79,1.1,1.83,8.96,7.67,0.318,0.311,0.399,0.381,4.183,4.123,31.2,14.8,46.0,0.0,0.8,1.0,0.7,1.0,0.344,0.3207,0.4153,0.4578,0.1735,0.2207,lineup,lineup,"[{""id"": 687263, ""name"": ""Zach Neto"", ""bats"": ""R"", ""obp"": 0.3076923076923077, ""slg"": 0.4134199134199134, ""iso"": 0.19047619047619047, ""ab"": 462}, {""id"": 545361, ""name"": ""Mike Trout"", ""bats"": ""R"", ""obp"": 0.38478747203579416, ""slg"": 0.44846796657381616, ""iso"": 0.2116991643454039, ""ab"": 359}, {""id"": 694384, ""name"": ""Nolan Schanuel"", ""bats"": ""L"", ""obp"": 0.34541062801932365, ""slg"": 0.38524590163934425, ""iso"": 0.1147540983606557, ""ab"": 366}]","[{""id"": 592626, ""name"": ""Joc Pederson"", ""bats"": ""L"", ""obp"": 0.3352112676056338, ""slg"": 0.5, ""iso"": 0.25161290322580643, ""ab"": 310}, {""id"": 694671, ""name"": ""Wyatt Langford"", ""bats"": ""R"", ""obp"": 0.3229166666666667, ""slg"": 0.4752851711026616, ""iso"": 0.2167300380228137, ""ab"": 263}, {""id"": 608369, ""name"": ""Corey Seager"", ""bats"": ""L"", ""obp"": 0.2980392156862745, ""slg"": 0.37727272727272726, ""iso"": 0.1818181818181818, ""ab"": 220}]","[{""name"": ""away_top3c_iso"", ""value"": 0.2207, ""contribution"": 0.2972}, {""name"": ""era_gap_t1"", ""value"": 2.0239, ""contribution"": 0.2198}, {""name"": ""home_fip"", ""value"": 5.5094, ""contribution"": 0.1718}, {""name"": ""fi_park_nrfi_rate"", ""value"": 0.4526, ""contribution"": 0.1563}, {""name"": ""away_top3c_slg"", ""value"": 0.4578, ""contribution"": -0.0886}]","[{""name"": ""fi_park_nrfi_rate"", ""value"": 0.4526, ""contribution"": 0.2403}, {""name"": ""home_top3c_slg"", ""value"": 0.4153, ""contribution"": 0.1557}, {""name"": ""era_gap_b1"", ""value"": -2.0239, ""contribution"": -0.1381}, {""name"": ""away_p_last10_pitcher_nrfi"", ""value"": 1.0, ""contribution"": -0.0929}, {""name"": ""wx_temp_c"", ""value"": 31.2, ""contribution"": 0.0831}]",658536,0.5084,4.2,4.2,50.0,50.0,0.7136,0.7136,4.47,4.33,0.7953,0.7573,L,R,YRFI,WIN,1,0,1,2026-08-12T02:00:57+00:00,+105,-135,DraftKings,2026-08-12T00:39:23+00:00,0.4878,0.5745,-0.2006,0.1383,0.1383,Y,8,5.926,+100,-135,2026-08-11T16:56:27+00:00,0,0.4521,PASS,NO EDGE,,,,,,,
2026-08-11,2026,823917,1,N,KC,LAD,10:10 PM ET,Michael Wacha,Blake Snell,608379,605483,live,ltd,live,live,0.97,0.4382,0.4964,0.9346,0.3499,0.5105,0.8605,0.4459,0.5541,0.2402,0.7598,0.422961,0.577039,YRFI,LEAN,LEAN YRFI,4,2026-08-12T01:05:42Z,3.531,3.854,1.165,1.358,3.981,3.357,2.52,3.57,1.0,0.76,6.91,10.06,0.312,0.336,0.399,0.427,4.181,4.959,30.1,16.1,49.0,0.0,0.6,0.8,0.7,0.8,0.3706,0.3365,0.4912,0.4513,0.2011,0.1832,lineup,lineup,"[{""id"": 660271, ""name"": ""Shohei Ohtani"", ""bats"": ""L"", ""obp"": 0.39558232931726905, ""slg"": 0.5441527446300716, ""iso"": 0.25059665871121717, ""ab"": 419}, {""id"": 518692, ""name"": ""Freddie Freeman"", ""bats"": ""L"", ""obp"": 0.38028169014084506, ""slg"": 0.4760820045558087, ""iso"": 0.16856492027334852, ""ab"": 439}, {""id"": 681624, ""name"": ""Andy Pages"", ""bats"": ""R"", ""obp"": 0.33661417322834647, ""slg"": 0.45714285714285713, ""iso"": 0.18681318681318682, ""ab"": 455}]","[{""id"": 679845, ""name"": ""Nick Loftin"", ""bats"": ""R"", ""obp"": 0.33568904593639576, ""slg"": 0.4, ""iso"": 0.15102040816326534, ""ab"": 245}, {""id"": 677951, ""name"": ""Bobby Witt Jr."", ""bats"": ""R"", ""obp"": 0.3544018058690745, ""slg"": 0.4467005076142132, ""iso"": 0.1649746192893401, ""ab"": 394}, {""id"": 695506, ""name"": ""Jac Caglianone"", ""bats"": ""L"", ""obp"": 0.3186046511627907, ""slg"": 0.48743718592964824, ""iso"": 0.22110552763819097, ""ab"": 398}]","[{""name"": ""home_fip"", ""value"": 3.3569, ""contribution"": -0.0698}, {""name"": ""away_top3c_slg"", ""value"": 0.4513, ""contribution"": -0.0559}, {""name"": ""fi_park_nrfi_rate"", ""value"": 0.4823, ""contribution"": 0.0538}, {""name"": ""wx_temp_c"", ""value"": 30.1, ""contribution"": 0.053}, {""name"": ""era_gap_t1"", ""value"": 0.3229, ""contribution"": 0.0356}]","[{""name"": ""home_top3c_slg"", ""value"": 0.4912, ""contribution"": -0.3159}, {""name"": ""home_obp"", ""value"": 0.3355, ""contribution"": 0.1522}, {""name"": ""home_top3_ops_vs_oppHand"", ""value"": 0.8703, ""contribution"": 0.1279}, {""name"": ""home_top3c_obp"", ""value"": 0.3706, ""contribution"": 0.1064}, {""name"": ""home_top3c_iso"", ""value"": 0.2011, ""contribution"": 0.1041}]",665281,0.5305,4.2,4.274,50.0,40.0,0.7272,0.6796,5.4,5.87,0.7953,0.8703,R,L,NRFI,LOSS,0,0,0,2026-08-12T02:20:42+00:00,-105,-125,DraftKings,2026-08-12T00:57:39+00:00,0.5122,0.5556,-0.0663,-0.0015,-0.0015,N,0.5,0,-115,-110,2026-08-11T16:56:27+00:00,0.0317,0.4536,PASS,NO EDGE,,,,,,,
2026-08-11,2026,823512,1,N,SEA,NYY,7:05 PM ET,Bryan Woo,Ryan Weathers,693433,677960,live,live,live,live,1.02,0.4638,0.4203,0.884,0.3449,0.4283,0.7732,0.4848,0.5152,0.2217,0.7783,0.461523,0.538477,PASS,NO EDGE,PASS - No edge,4,2026-08-11T22:32:13Z,3.982,3.87,1.075,1.232,3.27,3.866,1.87,2.62,1.0,1.29,9.13,9.55,0.309,0.31,0.379,0.411,3.951,4.5,28.5,8.3,58.0,0.0,0.8,0.6,0.6,0.8,0.3236,0.356,0.4581,0.4019,0.2154,0.1432,lineup,lineup,"[{""id"": 663757, ""name"": ""Trent Grisham"", ""bats"": ""L"", ""obp"": 0.30848329048843187, ""slg"": 0.3905325443786982, ""iso"": 0.17751479289940827, ""ab"": 338}, {""id"": 700250, ""name"": ""Ben Rice"", ""bats"": ""L"", ""obp"": 0.3498964803312629, ""slg"": 0.5452380952380952, ""iso"": 0.28809523809523807, ""ab"": 420}, {""id"": 671218, ""name"": ""Heliot Ramos"", ""bats"": ""R"", ""obp"": 0.30275229357798167, ""slg"": 0.4131147540983607, ""iso"": 0.1573770491803279, ""ab"": 305}]","[{""id"": 621493, ""name"": ""Taylor Ward"", ""bats"": ""R"", ""obp"": 0.3742911153119093, ""slg"": 0.3418013856812933, ""iso"": 0.09930715935334875, ""ab"": 433}, {""id"": 668227, ""name"": ""Randy Arozarena"", ""bats"": ""R"", ""obp"": 0.3691983122362869, ""slg"": 0.44254278728606355, ""iso"": 0.16625916870415647, ""ab"": 409}, {""id"": 677594, ""name"": ""Julio Rodr\u00edguez"", ""bats"": ""R"", ""obp"": 0.3218884120171674, ""slg"": 0.42417061611374407, ""iso"": 0.16587677725118483, ""ab"": 422}]","[{""name"": ""away_top3c_iso"", ""value"": 0.1432, ""contribution"": -0.2486}, {""name"": ""away_top3c_slg"", ""value"": 0.4019, ""contribution"": 0.1944}, {""name"": ""fi_park_nrfi_rate"", ""value"": 0.4526, ""contribution"": 0.1563}, {""name"": ""home_p_last10_pitcher_nrfi"", ""value"": 0.6, ""contribution"": -0.0455}, {""name"": ""wx_temp_c"", ""value"": 28.5, ""contribution"": 0.0434}]","[{""name"": ""fi_park_nrfi_rate"", ""value"": 0.4526, ""contribution"": 0.2403}, {""name"": ""home_top3c_iso"", ""value"": 0.2154, ""contribution"": 0.1719}, {""name"": ""home_top3c_slg"", ""value"": 0.4581, ""contribution"": -0.1102}, {""name"": ""away_fip"", ""value"": 3.2703, ""contribution"": -0.0767}, {""name"": ""wx_temp_c"", ""value"": 28.5, ""contribution"": 0.0605}]",521889,0.4806,4.324,2.986,88.0,50.0,0.7272,0.751,5.73,5.6,0.7867,0.775,R,L,NRFI,PASS,0,0,0,2026-08-11T23:33:22+00:00,-120,-110,DraftKings,2026-08-11T22:01:17+00:00,0.5455,0.5238,-0.0562,-0.0131,,N,,,-130,+100,2026-08-11T16:56:27+00:00,,0.4589,PASS,NO EDGE,,,,,,,
2026-08-11,2026,824240,1,N,CLE,DET,6:40 PM ET,Tanner Bibee,Drew Anderson,676440,623454,live,ltd,live,live,0.98,0.4573,0.5367,0.994,0.3368,0.4127,0.7495,0.4884,0.5116,0.262,0.738,0.472602,0.527398,PASS,NO EDGE,PASS - No edge,4,2026-08-11T22:32:13Z,3.938,4.07,1.152,1.279,4.548,3.917,2.52,3.2,1.46,1.21,7.36,9.82,0.313,0.32,0.373,0.409,4.034,4.56,26.3,16.3,71.0,0.0,1.0,1.0,1.0,0.8,0.3667,0.3524,0.4564,0.3829,0.1818,0.1217,lineup,lineup,"[{""id"": 805808, ""name"": ""Kevin McGonigle"", ""bats"": ""L"", ""obp"": 0.39029126213592236, ""slg"": 0.4279176201372998, ""iso"": 0.14187643020594964, ""ab"": 437}, {""id"": 681546, ""name"": ""James Outman"", ""bats"": ""L"", ""obp"": 0.23214285714285715, ""slg"": 0.32051282051282054, ""iso"": 0.14743589743589747, ""ab"": 156}, {""id"": 693307, ""name"": ""Dillon Dingler"", ""bats"": ""R"", ""obp"": 0.33695652173913043, ""slg"": 0.5253012048192771, ""iso"": 0.25301204819277107, ""ab"": 415}]","[{""id"": 680757, ""name"": ""Steven Kwan"", ""bats"": ""L"", ""obp"": 0.36363636363636365, ""slg"": 0.32891246684350134, ""iso"": 0.06366047745358089, ""ab"": 377}, {""id"": 800050, ""name"": ""Chase DeLauter"", ""bats"": ""L"", ""obp"": 0.3543123543123543, ""slg"": 0.43271767810026385, ""iso"": 0.15567282321899734, ""ab"": 379}, {""id"": 608070, ""name"": ""Jos\u00e9 Ram\u00edrez"", ""bats"": ""S"", ""obp"": 0.33689839572192515, ""slg"": 0.3875, ""iso"": 0.15000000000000002, ""ab"": 320}]","[{""name"": ""away_top3c_iso"", ""value"": 0.1217, ""contribution"": -0.3997}, {""name"": ""away_top3c_slg"", ""value"": 0.3829, ""contribution"": 0.2906}, {""name"": ""fi_park_nrfi_rate"", ""value"": 0.5322, ""contribution"": -0.1188}, {""name"": ""home_p_last10_pitcher_nrfi"", ""value"": 1.0, ""contribution"": 0.1107}, {""name"": ""home_xera"", ""value"": 5.14, ""contribution"": 0.105}]","[{""name"": ""fi_park_nrfi_rate"", ""value"": 0.5322, ""contribution"": -0.1826}, {""name"": ""home_top3_ops_vs_oppHand"", ""value"": 0.866, ""contribution"": 0.1227}, {""name"": ""home_top3c_slg"", ""value"": 0.4564, ""contribution"": -0.0994}, {""name"": ""home_top3c_obp"", ""value"": 0.3667, ""contribution"": 0.0927}, {""name"": ""away_fip"", ""value"": 4.5475, ""contribution"": 0.0598}]",503493,0.522,5.14,3.633,65.0,47.0,0.7136,0.7197,3.67,6.33,0.708,0.866,R,R,NRFI,PASS,0,0,0,2026-08-11T22:50:18+00:00,-130,+100,DraftKings,2026-08-11T22:01:17+00:00,0.5652,0.5,-0.0702,0.005,,N,,,-130,+100,2026-08-11T16:56:27+00:00,,0.4521,PASS,NO EDGE,,,,,,,
2026-08-11,2026,822778,1,N,BOS,TOR,7:07 PM ET,Patrick Sandoval,Dylan Cease,663776,656302,sm,live,live,live,1.01,0.412,0.5092,0.9212,0.2037,0.3766,0.5802,0.5448,0.4552,0.2353,0.7647,0.559768,0.440232,NRFI,LEAN,LEAN NRFI,4,2026-08-11T23:05:53Z,3.874,2.827,1.414,1.11,4.114,2.582,3.24,3.73,1.18,0.65,8.98,12.74,0.32,0.304,0.402,0.379,4.447,3.989,,,,1.0,1.0,1.0,0.7,1.0,0.3301,0.333,0.3573,0.4386,0.1024,0.1654,lineup,lineup,"[{""id"": 807727, ""name"": ""Charles McAdoo"", ""bats"": ""R"", ""obp"": 0.21428571428571427, ""slg"": 0.4074074074074074, ""iso"": 0.2222222222222222, ""ab"": 27}, {""id"": 703520, ""name"": ""Brett Bateman"", ""bats"": ""L"", ""obp"": 0.3, ""slg"": 0.2777777777777778, ""iso"": 0.05555555555555558, ""ab"": 18}, {""id"": 665489, ""name"": ""Vladimir Guerrero Jr."", ""bats"": ""R"", ""obp"": 0.3382978723404255, ""slg"": 0.357487922705314, ""iso"": 0.09661835748792269, ""ab"": 414}]","[{""id"": 807799, ""name"": ""Masataka Yoshida"", ""bats"": ""L"", ""obp"": 0.34782608695652173, ""slg"": 0.3975409836065574, ""iso"": 0.12704918032786883, ""ab"": 244}, {""id"": 678882, ""name"": ""Ceddanne Rafaela"", ""bats"": ""R"", ""obp"": 0.32558139534883723, ""slg"": 0.4641255605381166, ""iso"": 0.17713004484304934, ""ab"": 446}, {""id"": 668939, ""name"": ""Adley Rutschman"", ""bats"": ""S"", ""obp"": 0.33098591549295775, ""slg"": 0.4331983805668016, ""iso"": 0.18218623481781376, ""ab"": 247}]","[{""name"": ""home_fip"", ""value"": 2.5818, ""contribution"": -0.1568}, {""name"": ""era_gap_t1"", ""value"": -1.0471, ""contribution"": -0.1128}, {""name"": ""away_top3c_iso"", ""value"": 0.1654, ""contribution"": -0.092}, {""name"": ""home_xera"", ""value"": 3.2756, ""contribution"": -0.086}, {""name"": ""home_avg_ip_per_start"", ""value"": 7.2, ""contribution"": -0.0643}]","[{""name"": ""home_top3c_slg"", ""value"": 0.3573, ""contribution"": 0.5162}, {""name"": ""home_top3c_iso"", ""value"": 0.1024, ""contribution"": -0.3617}, {""name"": ""away_p_last10_pitcher_nrfi"", ""value"": 1.0, ""contribution"": -0.0929}, {""name"": ""wx_is_dome"", ""value"": 1.0, ""contribution"": -0.0758}, {""name"": ""era_gap_b1"", ""value"": 1.0471, ""contribution"": 0.0709}]",598411,0.5467,3.276,4.2,97.0,50.0,0.7309,0.7396,7.2,4.8,0.7713,0.7863,L,R,NRFI,WIN,0,0,0,2026-08-11T23:18:50+00:00,-180,+140,DraftKings,2026-08-11T22:01:17+00:00,0.6429,0.4167,-0.1164,0.0568,,N,,0,-165,+125,2026-08-11T16:56:27+00:00,,0.5255,PASS,NO EDGE,,,,,,,
2026-08-11,2026,824563,1,N,CIN,CWS,7:40 PM ET,Nick Lodolo,Sean Burke,666157,680732,live,live,live,live,0.98,0.4415,0.5415,0.983,0.3673,0.4779,0.8452,0.4537,0.5463,0.258,0.742,0.429467,0.570533,YRFI,LEAN,LEAN YRFI,4,2026-08-11T23:05:53Z,4.103,3.351,1.317,1.196,4.357,3.689,3.08,3.09,1.29,1.12,7.92,9.83,0.31,0.317,0.398,0.405,4.163,4.731,23.4,11.0,89.0,0.0,0.8,1.0,0.6,0.8,0.3446,0.3409,0.465,0.4791,0.2313,0.2269,lineup,lineup,"[{""id"": 671976, ""name"": ""Tristan Peters"", ""bats"": ""L"", ""obp"": 0.32748538011695905, ""slg"": 0.4129032258064516, ""iso"": 0.14838709677419354, ""ab"": 310}, {""id"": 808959, ""name"": ""Munetaka Murakami"", ""bats"": ""L"", ""obp"": 0.37047353760445684, ""slg"": 0.5389830508474577, ""iso"": 0.3016949152542373, ""ab"": 295}, {""id"": 678246, ""name"": ""Miguel Vargas"", ""bats"": ""R"", ""obp"": 0.3425196850393701, ""slg"": 0.46744186046511627, ""iso"": 0.23255813953488372, ""ab"": 430}]","[{""id"": 682829, ""name"": ""Elly De La Cruz"", ""bats"": ""S"", ""obp"": 0.3530751708428246, ""slg"": 0.49870801033591733, ""iso"": 0.227390180878553, ""ab"": 387}, {""id"": 701398, ""name"": ""Sal Stewart"", ""bats"": ""R"", ""obp"": 0.33201581027667987, ""slg"": 0.4752252252252252, ""iso"": 0.2207207207207207, ""ab"": 444}, {""id"": 668709, ""name"": ""JJ Bleday"", ""bats"": ""L"", ""obp"": 0.3387096774193548, ""slg"": 0.4603174603174603, ""iso"": 0.2349206349206349, ""ab"": 315}]","[{""name"": ""away_top3c_iso"", ""value"": 0.2269, ""contribution"": 0.3408}, {""name"": ""away_top3c_slg"", ""value"": 0.4791, ""contribution"": -0.1965}, {""name"": ""fi_park_nrfi_rate"", ""value"": 0.473, ""contribution"": 0.0859}, {""name"": ""era_gap_t1"", ""value"": -0.7518, ""contribution"": -0.0808}, {""name"": ""home_xera"", ""value"": 4.6445, ""contribution"": 0.0542}]","[{""name"": ""home_top3c_iso"", ""value"": 0.2313, ""contribution"": 0.2469}, {""name"": ""home_top3c_slg"", ""value"": 0.465, ""contribution"": -0.1526}, {""name"": ""fi_park_nrfi_rate"", ""value"": 0.473, ""contribution"": 0.1321}, {""name"": ""era_gap_b1"", ""value"": 0.7518, ""contribution"": 0.0508}, {""name"": ""away_fip"", ""value"": 4.3568, ""contribution"": 0.0394}]",577468,0.4946,4.644,4.2,35.0,50.0,0.7136,0.7272,6.0,4.93,0.7963,0.7457,L,R,YRFI,WIN,0,1,1,2026-08-11T23:53:10+00:00,-135,+105,DraftKings,2026-08-11T23:27:49+00:00,0.5745,0.4878,-0.1208,0.0585,0.0585,N,0.5,0,-135,+100,2026-08-11T16:56:27+00:00,-0.0122,0.4521,PASS,NO EDGE,,,,,,,
2026-08-11,2026,824886,1,N,NYM,ATL,7:15 PM ET,Nolan McLean,Martín Pérez,690997,527048,live,live,live,live,0.98,0.472,0.4779,0.9499,0.3678,0.3744,0.7422,0.4895,0.5105,0.2458,0.7542,0.476063,0.523937,PASS,NO EDGE,PASS - No edge,4,2026-08-11T23:05:53Z,3.467,3.35,1.163,1.161,3.417,4.27,3.23,3.49,0.98,1.02,10.49,7.29,0.308,0.314,0.391,0.417,4.256,4.84,24.9,13.4,86.0,0.0,0.6,0.6,0.8,0.7,0.3499,0.3208,0.489,0.398,0.2266,0.1403,lineup,lineup,"[{""id"": 686948, ""name"": ""Drake Baldwin"", ""bats"": ""L"", ""obp"": 0.3574766355140187, ""slg"": 0.4521276595744681, ""iso"": 0.18085106382978727, ""ab"": 376}, {""id"": 660670, ""name"": ""Ronald Acu\u00f1a Jr."", ""bats"": ""R"", ""obp"": 0.35353535353535354, ""slg"": 0.4342629482071713, ""iso"": 0.19123505976095617, ""ab"": 251}, {""id"": 621566, ""name"": ""Matt Olson"", ""bats"": ""L"", ""obp"": 0.3416506717850288, ""slg"": 0.5485961123110151, ""iso"": 0.28293736501079914, ""ab"": 463}]","[{""id"": 805999, ""name"": ""A.J. Ewing"", ""bats"": ""L"", ""obp"": 0.33229813664596275, ""slg"": 0.397212543554007, ""iso"": 0.13588850174216027, ""ab"": 287}, {""id"": 596019, ""name"": ""Francisco Lindor"", ""bats"": ""S"", ""obp"": 0.32727272727272727, ""slg"": 0.4385245901639344, ""iso"": 0.19672131147540983, ""ab"": 244}, {""id"": 666182, ""name"": ""Bo Bichette"", ""bats"": ""R"", ""obp"": 0.31007751937984496, ""slg"": 0.37763713080168776, ""iso"": 0.11392405063291139, ""ab"": 474}]","[{""name"": ""away_top3c_iso"", ""value"": 0.1403, ""contribution"": -0.269}, {""name"": ""away_top3c_slg"", ""value"": 0.398, ""contribution"": 0.2141}, {""name"": ""home_xera"", ""value"": 5.4973, ""contribution"": 0.1416}, {""name"": ""fi_park_nrfi_rate"", ""value"": 0.5093, ""contribution"": -0.0398}, {""name"": ""home_fip"", ""value"": 4.2701, ""contribution"": 0.0327}]","[{""name"": ""home_top3c_slg"", ""value"": 0.489, ""contribution"": -0.3019}, {""name"": ""home_top3c_iso"", ""value"": 0.2266, ""contribution"": 0.2247}, {""name"": ""home_top3_ops_vs_oppHand"", ""value"": 0.8707, ""contribution"": 0.1283}, {""name"": ""away_whiff_pct_rank"", ""value"": 76.0, ""contribution"": -0.1127}, {""name"": ""home_plate_ump_nrfi_rate"", ""value"": 0.574, ""contribution"": 0.0742}]",596740,0.574,5.497,2.723,6.0,76.0,0.7075,0.7272,4.67,5.87,0.7673,0.8707,R,L,NRFI,PASS,0,0,0,2026-08-11T23:27:17+00:00,-115,-115,DraftKings,2026-08-11T23:27:49+00:00,0.5349,0.5349,-0.0454,-0.0244,,N,,,-115,-115,2026-08-11T16:56:27+00:00,,0.4283,YRFI,STRONG,,,,,,,
2026-08-11,2026,823264,1,N,MIL,SD,9:40 PM ET,Kyle Harrison,Walker Buehler,690986,621111,live,live,live,live,0.95,0.5796,0.3856,0.9652,0.4673,0.2276,0.6949,0.5004,0.4996,0.2514,0.7486,0.499131,0.500869,NRFI,LEAN,LEAN NRFI,4,2026-08-12T01:32:43Z,3.242,5.036,1.119,1.476,3.258,4.702,2.45,3.92,1.06,1.28,10.61,7.56,0.334,0.312,0.399,0.388,4.884,4.256,27.9,11.7,65.0,0.0,1.0,0.8,0.8,0.8,0.3224,0.3532,0.3895,0.4493,0.1451,0.1815,lineup,lineup,"[{""id"": 665487, ""name"": ""Fernando Tatis Jr."", ""bats"": ""R"", ""obp"": 0.3493282149712092, ""slg"": 0.41379310344827586, ""iso"": 0.13362068965517243, ""ab"": 464}, {""id"": 650859, ""name"": ""Luis Rengifo"", ""bats"": ""S"", ""obp"": 0.32094594594594594, ""slg"": 0.30268199233716475, ""iso"": 0.06513409961685823, ""ab"": 261}, {""id"": 592518, ""name"": ""Manny Machado"", ""bats"": ""R"", ""obp"": 0.29494949494949496, ""slg"": 0.41570438799076215, ""iso"": 0.20554272517321018, ""ab"": 433}]","[{""id"": 668930, ""name"": ""Brice Turang"", ""bats"": ""L"", ""obp"": 0.36220472440944884, ""slg"": 0.45351473922902497, ""iso"": 0.18367346938775514, ""ab"": 441}, {""id"": 663604, ""name"": ""Brandon Lockridge"", ""bats"": ""R"", ""obp"": 0.35714285714285715, ""slg"": 0.32954545454545453, ""iso"": 0.045454545454545414, ""ab"": 88}, {""id"": 669003, ""name"": ""Garrett Mitchell"", ""bats"": ""L"", ""obp"": 0.35175879396984927, ""slg"": 0.40988372093023256, ""iso"": 0.1569767441860465, ""ab"": 344}]","[{""name"": ""era_gap_t1"", ""value"": 1.7943, ""contribution"": 0.1949}, {""name"": ""fi_park_nrfi_rate"", ""value"": 0.5409, ""contribution"": -0.149}, {""name"": ""home_xera"", ""value"": 5.2493, ""contribution"": 0.1162}, {""name"": ""home_fip"", ""value"": 4.7019, ""contribution"": 0.0812}, {""name"": ""away_top3_ops_vs_oppHand"", ""value"": 0.8227, ""contribution"": 0.0565}]","[{""name"": ""home_top3c_slg"", ""value"": 0.3895, ""contribution"": 0.3164}, {""name"": ""fi_park_nrfi_rate"", ""value"": 0.5409, ""contribution"": -0.229}, {""name"": ""home_top3c_iso"", ""value"": 0.1451, ""contribution"": -0.1602}, {""name"": ""era_gap_b1"", ""value"": -1.7943, ""contribution"": -0.1225}, {""name"": ""away_whiff_pct_rank"", ""value"": 74.0, ""contribution"": -0.1041}]",623946,0.4271,5.249,4.038,15.0,74.0,0.7272,0.664,4.27,4.6,0.8227,0.7027,L,R,NRFI,WIN,0,0,0,2026-08-12T01:51:58+00:00,-130,+100,DraftKings,2026-08-12T00:57:39+00:00,0.5652,0.5,-0.0655,0.0003,,N,,0,-130,+100,2026-08-11T16:56:27+00:00,,0.4529,PASS,NO EDGE,,,,,,,
2026-08-11,2026,823673,1,N,BAL,MIN,7:40 PM ET,Brandon Young,Bailey Ober,687064,641927,live,live,live,live,0.97,0.4977,0.5428,1.0405,0.3831,0.4111,0.7941,0.4809,0.5191,0.2791,0.7209,0.451977,0.548023,PASS,NO EDGE,PASS - No edge,4,2026-08-11T23:34:38Z,3.899,4.645,1.333,1.244,4.279,4.693,3.19,2.2,1.15,1.5,7.64,6.49,0.319,0.319,0.395,0.407,4.481,4.663,30.1,6.5,48.0,0.0,0.6,0.8,0.7,0.7,0.3477,0.3249,0.4473,0.4193,0.1806,0.1849,lineup,lineup,"[{""id"": 663616, ""name"": ""Trevor Larnach"", ""bats"": ""L"", ""obp"": 0.3646723646723647, ""slg"": 0.44155844155844154, ""iso"": 0.16558441558441556, ""ab"": 308}, {""id"": 680777, ""name"": ""Ryan Jeffers"", ""bats"": ""R"", ""obp"": 0.3888888888888889, ""slg"": 0.5, ""iso"": 0.21717171717171718, ""ab"": 198}, {""id"": 605137, ""name"": ""Josh Bell"", ""bats"": ""S"", ""obp"": 0.3139784946236559, ""slg"": 0.4268867924528302, ""iso"": 0.17452830188679241, ""ab"": 424}]","[{""id"": 683002, ""name"": ""Gunnar Henderson"", ""bats"": ""L"", ""obp"": 0.29345794392523367, ""slg"": 0.38155136268343814, ""iso"": 0.16981132075471697, ""ab"": 477}, {""id"": 624413, ""name"": ""Pete Alonso"", ""bats"": ""R"", ""obp"": 0.34563106796116505, ""slg"": 0.4696629213483146, ""iso"": 0.21797752808988763, ""ab"": 445}, {""id"": 702616, ""name"": ""Jackson Holliday"", ""bats"": ""L"", ""obp"": 0.35294117647058826, ""slg"": 0.39572192513368987, ""iso"": 0.14438502673796794, ""ab"": 187}]","[{""name"": ""fi_park_nrfi_rate"", ""value"": 0.5348, ""contribution"": -0.1278}, {""name"": ""away_top3c_slg"", ""value"": 0.4193, ""contribution"": 0.1062}, {""name"": ""era_gap_t1"", ""value"": 0.7463, ""contribution"": 0.0814}, {""name"": ""home_fip"", ""value"": 4.6926, ""contribution"": 0.0802}, {""name"": ""wx_temp_c"", ""value"": 30.1, ""contribution"": 0.053}]","[{""name"": ""fi_park_nrfi_rate"", ""value"": 0.5348, ""contribution"": -0.1964}, {""name"": ""away_whiff_pct_rank"", ""value"": 14.0, ""contribution"": 0.1549}, {""name"": ""home_plate_ump_nrfi_rate"", ""value"": 0.5769, ""contribution"": 0.0772}, {""name"": ""wx_temp_c"", ""value"": 30.1, ""contribution"": 0.0739}, {""name"": ""home_top3_ops_vs_oppHand"", ""value"": 0.8087, ""contribution"": 0.0541}]",429805,0.5769,4.06,4.059,57.0,14.0,0.7797,0.7136,5.27,6.07,0.7553,0.8087,R,R,YRFI,PASS,2,0,2,2026-08-12T00:01:29+00:00,+100,-130,DraftKings,2026-08-11T23:27:49+00:00,0.5,0.5652,-0.0191,-0.0461,,N,,,+100,-130,2026-08-11T16:56:27+00:00,,0.4877,PASS,NO EDGE,,,,,,,
2026-08-11,2026,823019,1,N,PHI,STL,7:45 PM ET,Cristopher Sánchez,Andre Pallante,650911,669467,live,live,live,live,0.97,0.4503,0.3654,0.8158,0.4927,0.3352,0.8279,0.4627,0.5373,0.1969,0.8031,0.436947,0.563053,PASS,NO EDGE,PASS - No edge,4,2026-08-11T23:34:38Z,2.618,4.04,1.186,1.274,2.697,3.958,2.08,2.87,0.73,0.83,10.27,6.44,0.31,0.316,0.401,0.383,4.456,4.384,35.8,16.4,41.0,0.0,1.0,1.0,0.9,0.7,0.3516,0.3451,0.4234,0.475,0.1622,0.2247,lineup,lineup,"[{""id"": 802139, ""name"": ""JJ Wetherholt"", ""bats"": ""L"", ""obp"": 0.3515625, ""slg"": 0.3835616438356164, ""iso"": 0.136986301369863, ""ab"": 438}, {""id"": 671056, ""name"": ""Iv\u00e1n Herrera"", ""bats"": ""R"", ""obp"": 0.3612167300380228, ""slg"": 0.3955056179775281, ""iso"": 0.1438202247191011, ""ab"": 445}, {""id"": 691023, ""name"": ""Jordan Walker"", ""bats"": ""R"", ""obp"": 0.34146341463414637, ""slg"": 0.48997772828507796, ""iso"": 0.2048997772828508, ""ab"": 449}]","[{""id"": 656537, ""name"": ""Derek Hill"", ""bats"": ""R"", ""obp"": 0.28654970760233917, ""slg"": 0.42138364779874216, ""iso"": 0.18867924528301888, ""ab"": 159}, {""id"": 607208, ""name"": ""Trea Turner"", ""bats"": ""R"", ""obp"": 0.29457364341085274, ""slg"": 0.4, ""iso"": 0.15208333333333335, ""ab"": 480}, {""id"": 547180, ""name"": ""Bryce Harper"", ""bats"": ""L"", ""obp"": 0.3686274509803922, ""slg"": 0.4976303317535545, ""iso"": 0.24407582938388622, ""ab"": 422}]","[{""name"": ""away_top3c_iso"", ""value"": 0.2247, ""contribution"": 0.3252}, {""name"": ""away_top3c_slg"", ""value"": 0.475, ""contribution"": -0.1761}, {""name"": ""era_gap_t1"", ""value"": 1.4215, ""contribution"": 0.1545}, {""name"": ""away_top3_ops_vs_oppHand"", ""value"": 0.8697, ""contribution"": 0.1044}, {""name"": ""fi_park_nrfi_rate"", ""value"": 0.527, ""contribution"": -0.1009}]","[{""name"": ""away_whiff_pct_rank"", ""value"": 95.0, ""contribution"": -0.1947}, {""name"": ""fi_park_nrfi_rate"", ""value"": 0.527, ""contribution"": -0.1552}, {""name"": ""away_fip"", ""value"": 2.6965, ""contribution"": -0.138}, {""name"": ""home_plate_ump_nrfi_rate"", ""value"": 0.6254, ""contribution"": 0.1272}, {""name"": ""wx_temp_c"", ""value"": 35.8, ""contribution"": 0.1215}]",644760,0.6254,4.364,2.881,56.0,95.0,0.7272,0.6942,5.8,5.87,0.8697,0.8153,L,R,NRFI,PASS,0,0,0,2026-08-12T00:03:42+00:00,-120,-110,DraftKings,2026-08-11T23:27:49+00:00,0.5455,0.5238,-0.0828,0.0135,,N,,,-120,-105,2026-08-11T16:56:27+00:00,,0.4521,PASS,NO EDGE,,,,,,,
2026-08-11,2026,823832,1,N,PIT,MIA,6:40 PM ET,Paul Skenes,Eury Pérez,694973,691587,live,live,live,live,0.95,0.4597,0.3746,0.8343,0.3519,0.3335,0.6854,0.503,0.497,0.2036,0.7964,0.503889,0.496111,NRFI,LEAN,LEAN NRFI,4,2026-08-11T21:34:42Z,3.49,3.777,1.08,1.12,2.746,3.731,2.39,3.34,0.82,1.09,11.07,9.9,0.332,0.325,0.411,0.405,4.959,4.414,,,,1.0,1.0,0.8,0.8,0.7,0.3566,0.3515,0.4472,0.4448,0.1507,0.1731,lineup,lineup,"[{""id"": 669364, ""name"": ""Xavier Edwards"", ""bats"": ""S"", ""obp"": 0.3649193548387097, ""slg"": 0.3903002309468822, ""iso"": 0.10623556581986143, ""ab"": 433}, {""id"": 672640, ""name"": ""Otto Lopez"", ""bats"": ""R"", ""obp"": 0.35070140280561124, ""slg"": 0.4696969696969697, ""iso"": 0.15151515151515155, ""ab"": 462}, {""id"": 688363, ""name"": ""Graham Pauley"", ""bats"": ""L"", ""obp"": 0.22857142857142856, ""slg"": 0.3, ""iso"": 0.10999999999999999, ""ab"": 100}]","[{""id"": 663968, ""name"": ""Jake Mangum"", ""bats"": ""S"", ""obp"": 0.3554913294797688, ""slg"": 0.3911671924290221, ""iso"": 0.08832807570977919, ""ab"": 317}, {""id"": 664040, ""name"": ""Brandon Lowe"", ""bats"": ""L"", ""obp"": 0.31910569105691056, ""slg"": 0.48519362186788156, ""iso"": 0.23234624145785876, ""ab"": 439}, {""id"": 668804, ""name"": ""Bryan Reynolds"", ""bats"": ""S"", ""obp"": 0.3793103448275862, ""slg"": 0.4431818181818182, ""iso"": 0.175, ""ab"": 440}]","[{""name"": ""fi_park_nrfi_rate"", ""value"": 0.455, ""contribution"": 0.1479}, {""name"": ""home_xera"", ""value"": 3.5113, ""contribution"": -0.0619}, {""name"": ""away_top3_ops_vs_oppHand"", ""value"": 0.8247, ""contribution"": 0.0585}, {""name"": ""away_top3c_iso"", ""value"": 0.1731, ""contribution"": -0.0381}, {""name"": ""home_p_last10_pitcher_nrfi"", ""value"": 0.8, ""contribution"": 0.0326}]","[{""name"": ""fi_park_nrfi_rate"", ""value"": 0.455, ""contribution"": 0.2273}, {""name"": ""away_whiff_pct_rank"", ""value"": 86.0, ""contribution"": -0.1558}, {""name"": ""home_top3c_iso"", ""value"": 0.1507, ""contribution"": -0.1338}, {""name"": ""away_fip"", ""value"": 2.7464, ""contribution"": -0.1327}, {""name"": ""home_top3_ops_vs_oppHand"", ""value"": 0.8443, ""contribution"": 0.0968}]",544728,0.4859,3.511,2.094,68.0,86.0,0.7136,0.7136,6.0,5.33,0.8247,0.8443,R,R,NRFI,WIN,0,0,0,2026-08-11T22:55:33+00:00,-160,+125,DraftKings,2026-08-11T22:01:17+00:00,0.6154,0.4444,-0.1124,0.0526,-0.1124,N,0.5,0,-175,+135,2026-08-11T16:56:27+00:00,-0.021,0.6370,NRFI,STRONG,,,,,,,
2026-08-11,2026,822697,1,N,CHC,WSH,6:45 PM ET,Shota Imanaga,Jake Irvin,684007,663623,live,live,live,live,0.97,0.6385,0.5376,1.1761,0.5498,0.4807,1.0306,0.3539,0.6461,0.3287,0.6713,0.35681,0.64319,YRFI,STRONG,STRONG YRFI,4,2026-08-11T21:34:42Z,3.63,5.499,1.067,1.345,4.569,4.995,1.89,3.51,1.76,1.63,8.23,7.9,0.336,0.327,0.416,0.435,5.086,5.263,29.0,4.6,59.0,0.0,0.8,0.8,0.7,0.8,0.2985,0.3693,0.3996,0.4695,0.1754,0.2019,lineup,lineup,"[{""id"": 686611, ""name"": ""Dylan Crews"", ""bats"": ""R"", ""obp"": 0.2939068100358423, ""slg"": 0.36507936507936506, ""iso"": 0.1468253968253968, ""ab"": 252}, {""id"": 694673, ""name"": ""Abimelec Ortiz"", ""bats"": ""L"", ""obp"": 0.30434782608695654, ""slg"": 0.5909090909090909, ""iso"": 0.31818181818181823, ""ab"": 22}, {""id"": 691781, ""name"": ""Brady House"", ""bats"": ""R"", ""obp"": 0.2785388127853881, ""slg"": 0.39408866995073893, ""iso"": 0.16748768472906406, ""ab"": 203}]","[{""id"": 691718, ""name"": ""Pete Crow-Armstrong"", ""bats"": ""L"", ""obp"": 0.38783269961977185, ""slg"": 0.5436241610738255, ""iso"": 0.25727069351230425, ""ab"": 447}, {""id"": 673548, ""name"": ""Seiya Suzuki"", ""bats"": ""R"", ""obp"": 0.3611738148984199, ""slg"": 0.4699738903394256, ""iso"": 0.2010443864229765, ""ab"": 383}, {""id"": 683737, ""name"": ""Michael Busch"", ""bats"": ""L"", ""obp"": 0.3578154425612053, ""slg"": 0.3950892857142857, ""iso"": 0.14732142857142855, ""ab"": 448}]","[{""name"": ""era_gap_t1"", ""value"": 1.8692, ""contribution"": 0.203}, {""name"": ""away_top3c_iso"", ""value"": 0.2019, ""contribution"": 0.1647}, {""name"": ""away_top3c_slg"", ""value"": 0.4695, ""contribution"": -0.148}, {""name"": ""home_xera"", ""value"": 5.2569, ""contribution"": 0.117}, {""name"": ""home_fip"", ""value"": 4.9947, ""contribution"": 0.1141}]","[{""name"": ""home_top3c_slg"", ""value"": 0.3996, ""contribution"": 0.2532}, {""name"": ""home_top3c_obp"", ""value"": 0.2985, ""contribution"": -0.1465}, {""name"": ""era_gap_b1"", ""value"": -1.8692, ""contribution"": -0.1276}, {""name"": ""home_top3_ops_vs_oppHand"", ""value"": 0.8657, ""contribution"": 0.1223}, {""name"": ""fi_park_nrfi_rate"", ""value"": 0.4761, ""contribution"": 0.1154}]",596809,0.5038,5.257,3.775,7.0,47.0,0.6509,0.6487,4.47,5.93,0.8193,0.8657,L,R,YRFI,WIN,0,2,2,2026-08-11T23:03:39+00:00,-105,-120,DraftKings,2026-08-11T21:46:18+00:00,0.5122,0.5455,-0.1583,0.1006,0.1006,Y,6,5,-105,-120,2026-08-11T16:56:27+00:00,0,0.4521,PASS,NO EDGE,,,,,,,
2026-08-11,2026,823186,1,N,HOU,SF,9:45 PM ET,Hunter Brown,Carson Whisenhunt,686613,687931,live,ltd,live,live,0.94,0.6146,0.4759,1.0905,0.4012,0.3045,0.7058,0.4977,0.5023,0.2975,0.7025,0.493731,0.506269,PASS,NO EDGE,PASS - No edge,4,2026-08-12T01:32:43Z,3.082,5.37,1.154,1.491,3.807,5.077,4.06,4.28,0.98,1.5,9.85,8.22,0.32,0.307,0.413,0.408,4.619,4.146,20.1,20.7,71.0,0.0,0.6,0.8,0.5,0.8,0.3157,0.384,0.4274,0.5128,0.171,0.2223,lineup,lineup,"[{""id"": 808982, ""name"": ""Jung Hoo Lee"", ""bats"": ""L"", ""obp"": 0.334841628959276, ""slg"": 0.4468599033816425, ""iso"": 0.1473429951690821, ""ab"": 414}, {""id"": 642715, ""name"": ""Willy Adames"", ""bats"": ""R"", ""obp"": 0.2809224318658281, ""slg"": 0.41002277904328016, ""iso"": 0.1890660592255125, ""ab"": 439}, {""id"": 805811, ""name"": ""Bryce Eldridge"", ""bats"": ""L"", ""obp"": 0.3419354838709677, ""slg"": 0.42592592592592593, ""iso"": 0.17777777777777778, ""ab"": 270}]","[{""id"": 665161, ""name"": ""Jeremy Pe\u00f1a"", ""bats"": ""R"", ""obp"": 0.3546325878594249, ""slg"": 0.4823943661971831, ""iso"": 0.18661971830985918, ""ab"": 284}, {""id"": 670541, ""name"": ""Yordan Alvarez"", ""bats"": ""L"", ""obp"": 0.43486590038314177, ""slg"": 0.6241299303944315, ""iso"": 0.30162412993039445, ""ab"": 431}, {""id"": 670623, ""name"": ""Isaac Paredes"", ""bats"": ""R"", ""obp"": 0.34791666666666665, ""slg"": 0.4178743961352657, ""iso"": 0.1642512077294686, ""ab"": 414}]","[{""name"": ""away_top3c_slg"", ""value"": 0.5128, ""contribution"": -0.3676}, {""name"": ""away_top3c_iso"", ""value"": 0.2223, ""contribution"": 0.3087}, {""name"": ""era_gap_t1"", ""value"": 2.2883, ""contribution"": 0.2484}, {""name"": ""home_fip"", ""value"": 5.0769, ""contribution"": 0.1233}, {""name"": ""home_p_last10_pitcher_nrfi"", ""value"": 0.5, ""contribution"": -0.0846}]","[{""name"": ""era_gap_b1"", ""value"": -2.2883, ""contribution"": -0.1561}, {""name"": ""wx_wind_kmh"", ""value"": 20.7, ""contribution"": 0.0969}, {""name"": ""home_top3c_obp"", ""value"": 0.3157, ""contribution"": -0.0863}, {""name"": ""home_top3c_slg"", ""value"": 0.4274, ""contribution"": 0.0806}, {""name"": ""home_obp"", ""value"": 0.3071, ""contribution"": -0.0467}]",676580,0.5084,4.2,1.82,50.0,55.0,0.7136,0.6796,4.47,5.87,0.7393,0.7727,R,L,NRFI,PASS,0,0,0,2026-08-12T02:06:26+00:00,-135,+105,DraftKings,2026-08-12T00:57:39+00:00,0.5745,0.4878,-0.0759,0.0136,,N,,,-130,+100,2026-08-11T16:56:27+00:00,,0.6057,NRFI,STRONG,,,,,,,
2026-08-12,2026,823994,1,N,TEX,LAA,10:10 PM ET,Cal Quantrill,George Klassen,615698,691946,live,sm,live,live,0.99,0.5922,0.5353,1.1275,0.7369,0.5732,1.3101,0.2872,0.7128,0.311,0.689,0.269793,0.730207,YRFI,STRONG,STRONG YRFI,4,2026-08-13T01:04:28Z,4.489,4.697,1.29,1.536,4.775,4.778,2.65,4.47,1.41,1.19,6.18,8.94,0.317,0.311,0.398,0.38,4.167,4.115,28.4,14.8,54.0,0.0,0.6667,0.8,0.6667,0.7,0.3669,0.3318,0.415,0.4505,0.1512,0.201,lineup,lineup,"[{""id"": 685133, ""name"": ""Wade Meckler"", ""bats"": ""L"", ""obp"": 0.36923076923076925, ""slg"": 0.4124293785310734, ""iso"": 0.10734463276836154, ""ab"": 177}, {""id"": 545361, ""name"": ""Mike Trout"", ""bats"": ""R"", ""obp"": 0.3835920177383592, ""slg"": 0.4447513812154696, ""iso"": 0.20994475138121543, ""ab"": 362}, {""id"": 694384, ""name"": ""Nolan Schanuel"", ""bats"": ""L"", ""obp"": 0.34772182254196643, ""slg"": 0.3869209809264305, ""iso"": 0.11444141689373294, ""ab"": 367}]","[{""id"": 592626, ""name"": ""Joc Pederson"", ""bats"": ""L"", ""obp"": 0.3426183844011142, ""slg"": 0.5112540192926045, ""iso"": 0.2604501607717042, ""ab"": 311}, {""id"": 607043, ""name"": ""Brandon Nimmo"", ""bats"": ""L"", ""obp"": 0.34439834024896265, ""slg"": 0.4482758620689655, ""iso"": 0.17011494252873566, ""ab"": 435}, {""id"": 608369, ""name"": ""Corey Seager"", ""bats"": ""L"", ""obp"": 0.29343629343629346, ""slg"": 0.3705357142857143, ""iso"": 0.17857142857142858, ""ab"": 224}]","[{""name"": ""home_xera"", ""value"": 9.6436, ""contribution"": 0.5665}, {""name"": ""away_top3c_iso"", ""value"": 0.201, ""contribution"": 0.1588}, {""name"": ""fi_park_nrfi_rate"", ""value"": 0.4526, ""contribution"": 0.1563}, {""name"": ""home_fip"", ""value"": 4.7777, ""contribution"": 0.0897}, {""name"": ""home_avg_ip_per_start"", ""value"": 2.8889, ""contribution"": 0.0737}]","[{""name"": ""fi_park_nrfi_rate"", ""value"": 0.4526, ""contribution"": 0.2403}, {""name"": ""home_top3c_slg"", ""value"": 0.415, ""contribution"": 0.1577}, {""name"": ""home_top3c_iso"", ""value"": 0.1512, ""contribution"": -0.1312}, {""name"": ""home_top3c_obp"", ""value"": 0.3669, ""contribution"": 0.0933}, {""name"": ""away_fip"", ""value"": 4.7751, ""contribution"": 0.0841}]",503586,0.4946,9.644,4.2,50.0,50.0,0.7136,0.7028,2.89,5.27,0.7647,0.7943,R,R,NRFI,LOSS,0,0,0,2026-08-13T02:23:26+00:00,+100,-135,DraftKings,2026-08-13T01:12:06+00:00,0.5,0.5745,-0.2128,0.1383,0.1383,Y,8,-8,+100,-135,2026-08-12T04:06:13+00:00,0,0.3767,YRFI,STRONG,,,,,,,
2026-08-12,2026,825047,1,N,COL,ARI,3:40 PM ET,Ryan Feltner,Merrill Kelly,663372,518876,live,live,live,live,1.0,0.6375,0.6571,1.2946,0.4267,0.5824,1.0091,0.3764,0.6236,0.3713,0.6287,0.364564,0.635436,YRFI,STRONG,STRONG YRFI,4,2026-08-12T17:55:57Z,5.253,4.541,1.406,1.382,5.327,5.185,3.45,3.4,1.72,1.58,7.12,6.55,0.322,0.315,0.419,0.396,4.73,4.526,,,,1.0,0.8,0.6,0.8,0.7,0.3569,0.3609,0.4314,0.4844,0.172,0.1867,lineup,lineup,"[{""id"": 672695, ""name"": ""Geraldo Perdomo"", ""bats"": ""S"", ""obp"": 0.3588709677419355, ""slg"": 0.3743961352657005, ""iso"": 0.13043478260869565, ""ab"": 414}, {""id"": 682998, ""name"": ""Corbin Carroll"", ""bats"": ""L"", ""obp"": 0.33530571992110453, ""slg"": 0.47045454545454546, ""iso"": 0.22954545454545455, ""ab"": 440}, {""id"": 672515, ""name"": ""Gabriel Moreno"", ""bats"": ""R"", ""obp"": 0.38320209973753283, ""slg"": 0.450920245398773, ""iso"": 0.14723926380368096, ""ab"": 326}]","[{""id"": 664983, ""name"": ""Jake McCarthy"", ""bats"": ""L"", ""obp"": 0.3399503722084367, ""slg"": 0.5106382978723404, ""iso"": 0.20744680851063824, ""ab"": 376}, {""id"": 694249, ""name"": ""Cole Carrigg"", ""bats"": ""S"", ""obp"": 0.3793103448275862, ""slg"": 0.49710982658959535, ""iso"": 0.20231213872832365, ""ab"": 173}, {""id"": 681198, ""name"": ""TJ Rumfield"", ""bats"": ""L"", ""obp"": 0.37100213219616207, ""slg"": 0.45542168674698796, ""iso"": 0.1614457831325301, ""ab"": 415}]","[{""name"": ""fi_park_nrfi_rate"", ""value"": 0.4239, ""contribution"": 0.2555}, {""name"": ""away_top3c_slg"", ""value"": 0.4844, ""contribution"": -0.2237}, {""name"": ""home_fip"", ""value"": 5.1849, ""contribution"": 0.1354}, {""name"": ""away_top3_ops_vs_oppHand"", ""value"": 0.862, ""contribution"": 0.0966}, {""name"": ""era_gap_t1"", ""value"": -0.7119, ""contribution"": -0.0765}]","[{""name"": ""fi_park_nrfi_rate"", ""value"": 0.4239, ""contribution"": 0.3927}, {""name"": ""away_fip"", ""value"": 5.327, ""contribution"": 0.1431}, {""name"": ""wx_is_dome"", ""value"": 1.0, ""contribution"": -0.0758}, {""name"": ""home_top3c_obp"", ""value"": 0.3569, ""contribution"": 0.0584}, {""name"": ""home_top3c_slg"", ""value"": 0.4314, ""contribution"": 0.0561}]",621660,0.499,4.616,4.743,52.0,55.0,0.7185,0.7136,5.27,4.6,0.862,0.7827,R,R,YRFI,WIN,0,1,1,2026-08-12T19:54:55+00:00,-105,-125,DraftKings,2026-08-12T18:40:29+00:00,0.5122,0.5556,-0.1358,0.068,0.068,Y,4,3.2,+105,-140,2026-08-12T04:06:13+00:00,-0.0278,0.4566,PASS,NO EDGE,,,,,,,
2026-08-12,2026,823511,1,N,SEA,NYY,7:05 PM ET,Bryce Miller,Will Warren,682243,701542,live,live,live,live,1.02,0.4632,0.5023,0.9655,0.3901,0.4917,0.8818,0.4379,0.5621,0.2516,0.7484,0.414033,0.585967,YRFI,LEAN,LEAN YRFI,4,2026-08-12T22:04:51Z,3.827,4.248,1.092,1.37,4.27,3.959,2.24,3.1,1.51,1.19,8.57,9.13,0.308,0.311,0.378,0.41,3.93,4.496,29.7,11.4,35.0,0.0,0.6,0.6,0.7,0.7,0.3277,0.3541,0.4633,0.3967,0.2294,0.1374,lineup,lineup,"[{""id"": 663757, ""name"": ""Trent Grisham"", ""bats"": ""L"", ""obp"": 0.3104325699745547, ""slg"": 0.39473684210526316, ""iso"": 0.17836257309941522, ""ab"": 342}, {""id"": 700250, ""name"": ""Ben Rice"", ""bats"": ""L"", ""obp"": 0.3490759753593429, ""slg"": 0.541371158392435, ""iso"": 0.2860520094562648, ""ab"": 423}, {""id"": 682987, ""name"": ""Spencer Jones"", ""bats"": ""L"", ""obp"": 0.3014705882352941, ""slg"": 0.38333333333333336, ""iso"": 0.17500000000000002, ""ab"": 120}]","[{""id"": 621493, ""name"": ""Taylor Ward"", ""bats"": ""R"", ""obp"": 0.3714821763602251, ""slg"": 0.33867276887871856, ""iso"": 0.09839816933638446, ""ab"": 437}, {""id"": 660844, ""name"": ""Leo Rivas"", ""bats"": ""S"", ""obp"": 0.264, ""slg"": 0.17142857142857143, ""iso"": 0.0380952380952381, ""ab"": 105}, {""id"": 668227, ""name"": ""Randy Arozarena"", ""bats"": ""R"", ""obp"": 0.3682008368200837, ""slg"": 0.44794188861985473, ""iso"": 0.1719128329297821, ""ab"": 413}]","[{""name"": ""away_top3c_iso"", ""value"": 0.1374, ""contribution"": -0.2893}, {""name"": ""away_top3c_slg"", ""value"": 0.3967, ""contribution"": 0.2205}, {""name"": ""fi_park_nrfi_rate"", ""value"": 0.4526, ""contribution"": 0.1563}, {""name"": ""wx_temp_c"", ""value"": 29.7, ""contribution"": 0.0506}, {""name"": ""era_gap_t1"", ""value"": 0.4201, ""contribution"": 0.0461}]","[{""name"": ""fi_park_nrfi_rate"", ""value"": 0.4526, ""contribution"": 0.2403}, {""name"": ""home_top3c_iso"", ""value"": 0.2294, ""contribution"": 0.2378}, {""name"": ""home_top3c_slg"", ""value"": 0.4633, ""contribution"": -0.1421}, {""name"": ""wx_temp_c"", ""value"": 29.7, ""contribution"": 0.0705}, {""name"": ""home_top3c_obp"", ""value"": 0.3277, ""contribution"": -0.0441}]",608093,0.5118,4.345,4.2,39.0,50.0,0.7396,0.7075,4.8,5.27,0.7603,0.738,R,R,YRFI,WIN,3,0,3,2026-08-12T23:26:26+00:00,-120,-110,DraftKings,2026-08-12T23:28:01+00:00,0.5455,0.5238,-0.1076,0.0383,0.0383,N,0.5,0,-115,-110,2026-08-12T04:06:13+00:00,0,0.4481,PASS,NO EDGE,,,,,,,
2026-08-12,2026,823833,1,N,PIT,MIA,6:40 PM ET,Carmen Mlodzinski,Janson Junk,669387,676083,live,live,live,live,0.95,0.4663,0.4522,0.9186,0.4431,0.4121,0.8552,0.4486,0.5514,0.2343,0.7657,0.425205,0.574795,YRFI,LEAN,LEAN YRFI,4,2026-08-12T21:34:56Z,3.553,4.478,1.34,1.291,3.631,4.059,2.84,2.11,0.76,1.12,7.45,6.75,0.331,0.325,0.41,0.404,4.923,4.396,,,,1.0,1.0,0.6,0.8,0.8,0.3564,0.3491,0.4454,0.4408,0.1491,0.1715,lineup,lineup,"[{""id"": 669364, ""name"": ""Xavier Edwards"", ""bats"": ""S"", ""obp"": 0.364, ""slg"": 0.3890160183066362, ""iso"": 0.10526315789473689, ""ab"": 437}, {""id"": 672640, ""name"": ""Otto Lopez"", ""bats"": ""R"", ""obp"": 0.3499005964214712, ""slg"": 0.4678111587982833, ""iso"": 0.15021459227467815, ""ab"": 466}, {""id"": 665052, ""name"": ""Griffin Conine"", ""bats"": ""L"", ""obp"": 0.35294117647058826, ""slg"": 0.54, ""iso"": 0.2733333333333334, ""ab"": 150}]","[{""id"": 663968, ""name"": ""Jake Mangum"", ""bats"": ""S"", ""obp"": 0.3514285714285714, ""slg"": 0.3862928348909657, ""iso"": 0.08722741433021808, ""ab"": 321}, {""id"": 664040, ""name"": ""Brandon Lowe"", ""bats"": ""L"", ""obp"": 0.3185483870967742, ""slg"": 0.4819004524886878, ""iso"": 0.23076923076923078, ""ab"": 442}, {""id"": 668804, ""name"": ""Bryan Reynolds"", ""bats"": ""S"", ""obp"": 0.376425855513308, ""slg"": 0.4391891891891892, ""iso"": 0.17342342342342343, ""ab"": 444}]","[{""name"": ""fi_park_nrfi_rate"", ""value"": 0.455, ""contribution"": 0.1479}, {""name"": ""era_gap_t1"", ""value"": 0.9249, ""contribution"": 0.1008}, {""name"": ""away_top3c_iso"", ""value"": 0.1715, ""contribution"": -0.0492}, {""name"": ""away_top3_ops_vs_oppHand"", ""value"": 0.815, ""contribution"": 0.0487}, {""name"": ""home_p_last10_pitcher_nrfi"", ""value"": 0.8, ""contribution"": 0.0326}]","[{""name"": ""fi_park_nrfi_rate"", ""value"": 0.455, ""contribution"": 0.2273}, {""name"": ""home_top3c_iso"", ""value"": 0.1491, ""contribution"": -0.1412}, {""name"": ""home_top3_ops_vs_oppHand"", ""value"": 0.8407, ""contribution"": 0.0924}, {""name"": ""away_whiff_pct_rank"", ""value"": 29.0, ""contribution"": 0.0902}, {""name"": ""home_obp"", ""value"": 0.3249, ""contribution"": 0.0777}]",427537,0.4944,4.264,4.064,3.0,29.0,0.7136,0.7136,4.33,4.93,0.815,0.8407,R,R,NRFI,LOSS,0,0,0,2026-08-12T22:56:53+00:00,-115,-110,DraftKings,2026-08-12T22:59:13+00:00,0.5349,0.5238,-0.0863,0.0276,0.0276,N,0.5,0,-125,-105,2026-08-12T04:06:13+00:00,0.0116,0.4643,PASS,NO EDGE,,,,,,,
2026-08-12,2026,823916,1,N,KC,LAD,10:10 PM ET,Daniel Lynch IV,Eric Lauer,663738,641778,live,live,live,live,0.97,0.5516,0.4802,1.0317,0.4314,0.37,0.8014,0.4769,0.5231,0.2759,0.7241,0.44868,0.55132,PASS,NO EDGE,PASS - No edge,4,2026-08-13T02:06:01Z,2.954,4.412,1.15,1.22,3.703,5.415,2.93,2.7,0.73,1.9,7.13,6.59,0.312,0.336,0.397,0.426,4.18,4.959,28.0,17.5,61.0,0.0,0.6,1.0,0.5,1.0,0.3689,0.3373,0.4872,0.4495,0.1991,0.181,lineup,lineup,"[{""id"": 660271, ""name"": ""Shohei Ohtani"", ""bats"": ""L"", ""obp"": 0.39165009940357853, ""slg"": 0.5377358490566038, ""iso"": 0.24764150943396224, ""ab"": 424}, {""id"": 681624, ""name"": ""Andy Pages"", ""bats"": ""R"", ""obp"": 0.33723196881091616, ""slg"": 0.4553376906318083, ""iso"": 0.18518518518518517, ""ab"": 459}, {""id"": 518692, ""name"": ""Freddie Freeman"", ""bats"": ""L"", ""obp"": 0.3784860557768924, ""slg"": 0.4717832957110609, ""iso"": 0.16704288939051914, ""ab"": 443}]","[{""id"": 679845, ""name"": ""Nick Loftin"", ""bats"": ""R"", ""obp"": 0.3333333333333333, ""slg"": 0.39357429718875503, ""iso"": 0.14859437751004018, ""ab"": 249}, {""id"": 677951, ""name"": ""Bobby Witt Jr."", ""bats"": ""R"", ""obp"": 0.3549107142857143, ""slg"": 0.44611528822055135, ""iso"": 0.16290726817042606, ""ab"": 399}, {""id"": 695506, ""name"": ""Jac Caglianone"", ""bats"": ""L"", ""obp"": 0.3218390804597701, ""slg"": 0.48756218905472637, ""iso"": 0.21890547263681592, ""ab"": 402}]","[{""name"": ""home_fip"", ""value"": 5.4155, ""contribution"": 0.1613}, {""name"": ""era_gap_t1"", ""value"": 1.4579, ""contribution"": 0.1585}, {""name"": ""home_p_last10_pitcher_nrfi"", ""value"": 0.5, ""contribution"": -0.0846}, {""name"": ""fi_park_nrfi_rate"", ""value"": 0.4823, ""contribution"": 0.0538}, {""name"": ""away_top3c_slg"", ""value"": 0.4495, ""contribution"": -0.0469}]","[{""name"": ""home_top3c_slg"", ""value"": 0.4872, ""contribution"": -0.2906}, {""name"": ""away_whiff_pct_rank"", ""value"": 98.0, ""contribution"": -0.2076}, {""name"": ""home_obp"", ""value"": 0.3356, ""contribution"": 0.1523}, {""name"": ""home_top3_ops_vs_oppHand"", ""value"": 0.853, ""contribution"": 0.1072}, {""name"": ""home_top3c_obp"", ""value"": 0.3689, ""contribution"": 0.1005}]",427344,0.4727,4.073,1.9,20.0,98.0,0.7136,0.7272,5.47,2.0,0.786,0.853,L,L,NRFI,PASS,0,0,0,2026-08-13T02:29:22+00:00,+100,-130,DraftKings,2026-08-13T01:35:54+00:00,0.5,0.5652,-0.0231,-0.0421,,N,,,-110,-120,2026-08-12T04:06:13+00:00,,0.6343,NRFI,STRONG,,,,,,,
2026-08-12,2026,824562,1,N,CIN,CWS,7:40 PM ET,Rhett Lowder,Luis Castillo,695076,622491,ltd,live,live,live,0.98,0.4881,0.5892,1.0773,0.4064,0.5084,0.9149,0.4295,0.5705,0.2926,0.7074,0.400563,0.599437,YRFI,LEAN,LEAN YRFI,4,2026-08-12T22:32:17Z,4.922,4.808,1.412,1.341,4.405,4.369,3.63,2.72,1.14,1.39,7.81,7.98,0.309,0.316,0.397,0.406,4.169,4.726,25.5,10.7,82.0,0.0,0.6,0.6,0.6,0.7,0.3479,0.3396,0.4544,0.4758,0.2015,0.2245,lineup,lineup,"[{""id"": 803011, ""name"": ""Sam Antonacci"", ""bats"": ""L"", ""obp"": 0.3643410852713178, ""slg"": 0.4035608308605341, ""iso"": 0.13056379821958458, ""ab"": 337}, {""id"": 808959, ""name"": ""Munetaka Murakami"", ""bats"": ""L"", ""obp"": 0.3691460055096419, ""slg"": 0.5384615384615384, ""iso"": 0.3010033444816053, ""ab"": 299}, {""id"": 545341, ""name"": ""Randal Grichuk"", ""bats"": ""R"", ""obp"": 0.2918918918918919, ""slg"": 0.5113636363636364, ""iso"": 0.25, ""ab"": 176}]","[{""id"": 682829, ""name"": ""Elly De La Cruz"", ""bats"": ""S"", ""obp"": 0.35135135135135137, ""slg"": 0.4961636828644501, ""iso"": 0.22506393861892582, ""ab"": 391}, {""id"": 701398, ""name"": ""Sal Stewart"", ""bats"": ""R"", ""obp"": 0.33072407045009783, ""slg"": 0.47216035634743875, ""iso"": 0.2182628062360802, ""ab"": 449}, {""id"": 668709, ""name"": ""JJ Bleday"", ""bats"": ""L"", ""obp"": 0.3377659574468085, ""slg"": 0.4559748427672956, ""iso"": 0.23270440251572327, ""ab"": 318}]","[{""name"": ""away_top3c_iso"", ""value"": 0.2245, ""contribution"": 0.3242}, {""name"": ""away_top3c_slg"", ""value"": 0.4758, ""contribution"": -0.1801}, {""name"": ""fi_park_nrfi_rate"", ""value"": 0.473, ""contribution"": 0.0859}, {""name"": ""home_p_last10_pitcher_nrfi"", ""value"": 0.6, ""contribution"": -0.0455}, {""name"": ""home_fip"", ""value"": 4.3688, ""contribution"": 0.0438}]","[{""name"": ""fi_park_nrfi_rate"", ""value"": 0.473, ""contribution"": 0.1321}, {""name"": ""home_top3_ops_vs_oppHand"", ""value"": 0.8663, ""contribution"": 0.1231}, {""name"": ""home_top3c_iso"", ""value"": 0.2015, ""contribution"": 0.106}, {""name"": ""home_top3c_slg"", ""value"": 0.4544, ""contribution"": -0.0867}, {""name"": ""away_fip"", ""value"": 4.4052, ""contribution"": 0.0446}]",427554,0.4835,4.328,4.513,48.0,50.0,0.7272,0.7136,5.4,4.8,0.7907,0.8663,R,R,NRFI,LOSS,0,0,0,2026-08-12T23:52:03+00:00,-110,-120,DraftKings,2026-08-12T23:28:01+00:00,0.5238,0.5455,-0.0943,0.025,0.025,N,0.5,0,-105,-125,2026-08-12T04:06:13+00:00,-0.0101,0.4582,PASS,NO EDGE,,,,,,,
2026-08-12,2026,823017,1,N,PHI,STL,2:15 PM ET,Zack Wheeler,Kyle Leahy,554430,681517,live,live,live,live,0.97,0.4249,0.3747,0.7996,0.4439,0.3205,0.7644,0.4861,0.5139,0.1911,0.8089,0.465626,0.534374,PASS,NO EDGE,PASS - No edge,4,2026-08-12T17:55:57Z,2.695,3.427,0.969,1.313,3.165,3.686,2.21,2.83,1.14,0.89,11.05,8.05,0.31,0.316,0.4,0.382,4.423,4.367,36.2,10.5,45.0,0.0,1.0,0.8,0.8,0.9,0.3529,0.3469,0.4174,0.474,0.1577,0.2235,lineup,lineup,"[{""id"": 802139, ""name"": ""JJ Wetherholt"", ""bats"": ""L"", ""obp"": 0.3488372093023256, ""slg"": 0.38009049773755654, ""iso"": 0.13574660633484162, ""ab"": 442}, {""id"": 671056, ""name"": ""Iv\u00e1n Herrera"", ""bats"": ""R"", ""obp"": 0.3584905660377358, ""slg"": 0.39198218262806234, ""iso"": 0.14253897550111355, ""ab"": 449}, {""id"": 676475, ""name"": ""Alec Burleson"", ""bats"": ""L"", ""obp"": 0.35119047619047616, ""slg"": 0.47902869757174393, ""iso"": 0.19426048565121412, ""ab"": 453}]","[{""id"": 656941, ""name"": ""Kyle Schwarber"", ""bats"": ""L"", ""obp"": 0.37377690802348335, ""slg"": 0.5366430260047281, ""iso"": 0.2860520094562648, ""ab"": 423}, {""id"": 607208, ""name"": ""Trea Turner"", ""bats"": ""R"", ""obp"": 0.2980769230769231, ""slg"": 0.4004149377593361, ""iso"": 0.15145228215767637, ""ab"": 482}, {""id"": 547180, ""name"": ""Bryce Harper"", ""bats"": ""L"", ""obp"": 0.36964980544747084, ""slg"": 0.49528301886792453, ""iso"": 0.24292452830188677, ""ab"": 424}]","[{""name"": ""away_top3c_iso"", ""value"": 0.2235, ""contribution"": 0.3168}, {""name"": ""away_top3c_slg"", ""value"": 0.474, ""contribution"": -0.171}, {""name"": ""away_top3_ops_vs_oppHand"", ""value"": 0.869, ""contribution"": 0.1037}, {""name"": ""fi_park_nrfi_rate"", ""value"": 0.527, ""contribution"": -0.1009}, {""name"": ""wx_temp_c"", ""value"": 36.2, ""contribution"": 0.0895}]","[{""name"": ""away_whiff_pct_rank"", ""value"": 93.0, ""contribution"": -0.1861}, {""name"": ""fi_park_nrfi_rate"", ""value"": 0.527, ""contribution"": -0.1552}, {""name"": ""home_top3c_slg"", ""value"": 0.4174, ""contribution"": 0.1428}, {""name"": ""wx_temp_c"", ""value"": 36.2, ""contribution"": 0.1248}, {""name"": ""home_top3c_iso"", ""value"": 0.1577, ""contribution"": -0.1004}]",427248,0.5131,4.459,1.949,32.0,93.0,0.7136,0.7709,5.2,4.67,0.869,0.8183,R,R,NRFI,PASS,0,0,0,2026-08-12T18:28:37+00:00,-120,-110,DraftKings,2026-08-12T18:12:51+00:00,0.5455,0.5238,-0.0594,-0.0099,,N,,,-120,-110,2026-08-12T04:06:13+00:00,,0.4658,PASS,NO EDGE,,,,,,,
2026-08-12,2026,824883,1,N,NYM,ATL,7:15 PM ET,Zac Thornton,Tyler Mahle,804267,641816,ltd,live,live,live,0.98,0.4995,0.4995,0.999,0.3165,0.3883,0.7048,0.498,0.502,0.2639,0.7361,0.494229,0.505771,PASS,NO EDGE,PASS - No edge,4,2026-08-12T23:06:06Z,3.354,4.229,1.166,1.302,3.971,4.088,2.85,3.36,0.95,1.1,7.5,8.41,0.308,0.314,0.389,0.417,4.224,4.833,31.8,13.1,52.0,0.0,0.8,0.6,0.6,0.4286,0.349,0.32,0.4882,0.3951,0.2273,0.1389,lineup,lineup,"[{""id"": 660670, ""name"": ""Ronald Acu\u00f1a Jr."", ""bats"": ""R"", ""obp"": 0.3488372093023256, ""slg"": 0.42745098039215684, ""iso"": 0.18823529411764703, ""ab"": 255}, {""id"": 686948, ""name"": ""Drake Baldwin"", ""bats"": ""L"", ""obp"": 0.35648148148148145, ""slg"": 0.44854881266490765, ""iso"": 0.17941952506596304, ""ab"": 379}, {""id"": 621566, ""name"": ""Matt Olson"", ""bats"": ""L"", ""obp"": 0.34285714285714286, ""slg"": 0.5536480686695279, ""iso"": 0.2875536480686695, ""ab"": 466}]","[{""id"": 805999, ""name"": ""A.J. Ewing"", ""bats"": ""L"", ""obp"": 0.3282208588957055, ""slg"": 0.3917525773195876, ""iso"": 0.13402061855670105, ""ab"": 291}, {""id"": 596019, ""name"": ""Francisco Lindor"", ""bats"": ""S"", ""obp"": 0.32974910394265233, ""slg"": 0.43724696356275305, ""iso"": 0.19433198380566805, ""ab"": 247}, {""id"": 666182, ""name"": ""Bo Bichette"", ""bats"": ""R"", ""obp"": 0.3096153846153846, ""slg"": 0.3752620545073375, ""iso"": 0.1132075471698113, ""ab"": 477}]","[{""name"": ""away_top3c_iso"", ""value"": 0.1389, ""contribution"": -0.2787}, {""name"": ""away_top3c_slg"", ""value"": 0.3951, ""contribution"": 0.2289}, {""name"": ""era_gap_t1"", ""value"": 0.8743, ""contribution"": 0.0953}, {""name"": ""wx_temp_c"", ""value"": 31.8, ""contribution"": 0.0631}, {""name"": ""away_top3_ops_vs_oppHand"", ""value"": 0.7147, ""contribution"": -0.0536}]","[{""name"": ""home_top3c_slg"", ""value"": 0.4882, ""contribution"": -0.2969}, {""name"": ""home_top3c_iso"", ""value"": 0.2273, ""contribution"": 0.2278}, {""name"": ""away_p_last10_pitcher_nrfi"", ""value"": 0.4286, ""contribution"": 0.0947}, {""name"": ""wx_temp_c"", ""value"": 31.8, ""contribution"": 0.0881}, {""name"": ""fi_park_nrfi_rate"", ""value"": 0.5093, ""contribution"": -0.0612}]",427164,0.5083,4.327,4.2,38.0,50.0,0.6796,0.7136,5.93,5.8,0.7147,0.763,L,R,NRFI,PASS,0,0,0,2026-08-12T23:33:42+00:00,-110,-115,DraftKings,2026-08-12T23:28:01+00:00,0.5238,0.5349,-0.0258,-0.0329,,N,,,-135,+100,2026-08-12T04:06:13+00:00,,0.4789,PASS,NO EDGE,,,,,,,
2026-08-12,2026,823263,1,N,MIL,SD,4:10 PM ET,Dustin May,Robbie Ray,669160,592662,live,live,live,live,0.95,0.5569,0.4516,1.0085,0.3043,0.409,0.7133,0.4959,0.5041,0.2674,0.7326,0.490017,0.509983,PASS,NO EDGE,PASS - No edge,4,2026-08-12T19:59:46Z,4.478,3.34,1.306,1.304,3.585,4.457,3.19,4.2,0.83,1.12,8.61,8.07,0.334,0.314,0.397,0.391,4.863,4.305,25.0,12.8,79.0,0.0,1.0,1.0,0.9,0.8,0.3069,0.36,0.3569,0.4661,0.134,0.1873,lineup,lineup,"[{""id"": 650859, ""name"": ""Luis Rengifo"", ""bats"": ""S"", ""obp"": 0.3222591362126246, ""slg"": 0.3157894736842105, ""iso"": 0.07518796992481203, ""ab"": 266}, {""id"": 630105, ""name"": ""Jake Cronenworth"", ""bats"": ""L"", ""obp"": 0.305019305019305, ""slg"": 0.28695652173913044, ""iso"": 0.06956521739130436, ""ab"": 230}, {""id"": 592518, ""name"": ""Manny Machado"", ""bats"": ""R"", ""obp"": 0.2985971943887776, ""slg"": 0.41876430205949655, ""iso"": 0.20366132723112126, ""ab"": 437}]","[{""id"": 694192, ""name"": ""Jackson Chourio"", ""bats"": ""R"", ""obp"": 0.34108527131782945, ""slg"": 0.48011363636363635, ""iso"": 0.20170454545454547, ""ab"": 352}, {""id"": 668930, ""name"": ""Brice Turang"", ""bats"": ""L"", ""obp"": 0.36062378167641324, ""slg"": 0.452914798206278, ""iso"": 0.18385650224215244, ""ab"": 446}, {""id"": 800325, ""name"": ""Luis Lara"", ""bats"": ""S"", ""obp"": 0.3333333333333333, ""slg"": 0.3333333333333333, ""iso"": 0.09722222222222221, ""ab"": 72}]","[{""name"": ""fi_park_nrfi_rate"", ""value"": 0.5409, ""contribution"": -0.149}, {""name"": ""away_top3c_slg"", ""value"": 0.4661, ""contribution"": -0.131}, {""name"": ""era_gap_t1"", ""value"": -1.1385, ""contribution"": -0.1227}, {""name"": ""away_top3_ops_vs_oppHand"", ""value"": 0.884, ""contribution"": 0.119}, {""name"": ""home_p_last10_pitcher_nrfi"", ""value"": 0.9, ""contribution"": 0.0716}]","[{""name"": ""home_top3c_slg"", ""value"": 0.3569, ""contribution"": 0.5186}, {""name"": ""fi_park_nrfi_rate"", ""value"": 0.5409, ""contribution"": -0.229}, {""name"": ""home_top3c_iso"", ""value"": 0.134, ""contribution"": -0.2126}, {""name"": ""away_whiff_pct_rank"", ""value"": 10.0, ""contribution"": 0.1721}, {""name"": ""home_top3_ops_vs_oppHand"", ""value"": 0.6647, ""contribution"": -0.1183}]",427315,0.5564,3.719,4.796,64.0,10.0,0.7396,0.7309,5.2,5.2,0.884,0.6647,R,L,NRFI,PASS,0,0,0,2026-08-12T20:24:24+00:00,-120,-110,DraftKings,2026-08-12T18:55:28+00:00,0.5455,0.5238,-0.0511,-0.0182,,N,,,-120,-110,2026-08-12T04:06:13+00:00,,0.4590,PASS,NO EDGE,,,,,,,
2026-08-12,2026,823672,1,N,BAL,MIN,1:40 PM ET,Shane Baz,Zebby Matthews,669358,805673,live,live,live,live,0.97,0.546,0.4937,1.0397,0.3717,0.2974,0.6691,0.5092,0.4908,0.2789,0.7211,0.512185,0.487815,NRFI,LEAN,LEAN NRFI,4,2026-08-12T15:59:08Z,4.012,5.184,1.322,1.363,3.632,4.731,3.14,2.89,0.83,1.63,8.3,8.26,0.32,0.319,0.396,0.405,4.485,4.643,32.8,4.6,28.0,0.0,0.4,1.0,0.5,0.7,0.328,0.3274,0.4279,0.426,0.1736,0.1889,lineup,lineup,"[{""id"": 668885, ""name"": ""Austin Martin"", ""bats"": ""R"", ""obp"": 0.35454545454545455, ""slg"": 0.33212996389891697, ""iso"": 0.09025270758122744, ""ab"": 277}, {""id"": 668904, ""name"": ""Royce Lewis"", ""bats"": ""R"", ""obp"": 0.3153409090909091, ""slg"": 0.4267515923566879, ""iso"": 0.18471337579617836, ""ab"": 314}, {""id"": 605137, ""name"": ""Josh Bell"", ""bats"": ""S"", ""obp"": 0.31343283582089554, ""slg"": 0.4238875878220141, ""iso"": 0.17330210772833726, ""ab"": 427}]","[{""id"": 683002, ""name"": ""Gunnar Henderson"", ""bats"": ""L"", ""obp"": 0.2962962962962963, ""slg"": 0.3921161825726141, ""iso"": 0.1763485477178423, ""ab"": 482}, {""id"": 624413, ""name"": ""Pete Alonso"", ""bats"": ""R"", ""obp"": 0.35, ""slg"": 0.47884187082405344, ""iso"": 0.22271714922048996, ""ab"": 449}, {""id"": 702616, ""name"": ""Jackson Holliday"", ""bats"": ""L"", ""obp"": 0.3495575221238938, ""slg"": 0.387434554973822, ""iso"": 0.14136125654450263, ""ab"": 191}]","[{""name"": ""fi_park_nrfi_rate"", ""value"": 0.5348, ""contribution"": -0.1278}, {""name"": ""era_gap_t1"", ""value"": 1.1722, ""contribution"": 0.1275}, {""name"": ""home_p_last10_pitcher_nrfi"", ""value"": 0.5, ""contribution"": -0.0846}, {""name"": ""home_fip"", ""value"": 4.7312, ""contribution"": 0.0845}, {""name"": ""away_top3c_iso"", ""value"": 0.1889, ""contribution"": 0.0737}]","[{""name"": ""fi_park_nrfi_rate"", ""value"": 0.5348, ""contribution"": -0.1964}, {""name"": ""wx_temp_c"", ""value"": 32.8, ""contribution"": 0.0964}, {""name"": ""era_gap_b1"", ""value"": -1.1722, ""contribution"": -0.0801}, {""name"": ""home_top3c_slg"", ""value"": 0.4279, ""contribution"": 0.0776}, {""name"": ""wx_wind_kmh"", ""value"": 4.6, ""contribution"": -0.0726}]",658325,0.5084,4.2,3.874,50.0,59.0,0.6796,0.7396,5.0,5.87,0.7627,0.7603,R,R,YRFI,LOSS,1,1,2,2026-08-12T18:04:55+00:00,-105,-125,DraftKings,2026-08-12T17:25:46+00:00,0.5122,0.5556,-0.003,-0.0648,-0.003,N,0.5,0,-110,-120,2026-08-12T04:06:13+00:00,-0.0116,0.6262,NRFI,STRONG,,,,,,,
2026-08-12,2026,822779,1,N,BOS,TOR,7:07 PM ET,Ranger Suarez,José Soriano,624133,667755,live,live,live,live,1.01,0.5081,0.3734,0.8815,0.319,0.3906,0.7095,0.4968,0.5032,0.2208,0.7792,0.491884,0.508116,PASS,NO EDGE,PASS - No edge,4,2026-08-12T23:06:06Z,3.286,3.488,1.184,1.292,2.884,3.806,2.5,4.22,0.6,0.8,9.22,8.93,0.32,0.304,0.402,0.379,4.437,3.996,,,,1.0,1.0,0.6,1.0,0.8,0.3302,0.333,0.3582,0.4405,0.1023,0.1675,lineup,lineup,"[{""id"": 807727, ""name"": ""Charles McAdoo"", ""bats"": ""R"", ""obp"": 0.21875, ""slg"": 0.3793103448275862, ""iso"": 0.2068965517241379, ""ab"": 29}, {""id"": 703520, ""name"": ""Brett Bateman"", ""bats"": ""L"", ""obp"": 0.3333333333333333, ""slg"": 0.36363636363636365, ""iso"": 0.09090909090909094, ""ab"": 22}, {""id"": 665489, ""name"": ""Vladimir Guerrero Jr."", ""bats"": ""R"", ""obp"": 0.33755274261603374, ""slg"": 0.35645933014354064, ""iso"": 0.09569377990430622, ""ab"": 418}]","[{""id"": 807799, ""name"": ""Masataka Yoshida"", ""bats"": ""L"", ""obp"": 0.34519572953736655, ""slg"": 0.39759036144578314, ""iso"": 0.1285140562248996, ""ab"": 249}, {""id"": 678882, ""name"": ""Ceddanne Rafaela"", ""bats"": ""R"", ""obp"": 0.32426778242677823, ""slg"": 0.4688888888888889, ""iso"": 0.18222222222222223, ""ab"": 450}, {""id"": 668939, ""name"": ""Adley Rutschman"", ""bats"": ""S"", ""obp"": 0.3356401384083045, ""slg"": 0.432, ""iso"": 0.18, ""ab"": 250}]","[{""name"": ""home_p_last10_pitcher_nrfi"", ""value"": 1.0, ""contribution"": 0.1107}, {""name"": ""away_top3c_iso"", ""value"": 0.1675, ""contribution"": -0.0771}, {""name"": ""home_xera"", ""value"": 3.8546, ""contribution"": -0.0267}, {""name"": ""era_gap_t1"", ""value"": 0.2015, ""contribution"": 0.0224}, {""name"": ""home_fip"", ""value"": 3.8063, ""contribution"": -0.0194}]","[{""name"": ""home_top3c_slg"", ""value"": 0.3582, ""contribution"": 0.5105}, {""name"": ""home_top3c_iso"", ""value"": 0.1023, ""contribution"": -0.3619}, {""name"": ""home_top3_ops_vs_oppHand"", ""value"": 0.8843, ""contribution"": 0.1447}, {""name"": ""away_fip"", ""value"": 2.8837, ""contribution"": -0.118}, {""name"": ""away_whiff_pct_rank"", ""value"": 31.0, ""contribution"": 0.0815}]",691042,0.5084,3.855,2.896,71.0,31.0,0.6796,0.7396,5.53,4.07,0.7737,0.8843,L,R,NRFI,PASS,0,0,0,2026-08-12T23:18:39+00:00,-145,+110,DraftKings,2026-08-12T22:59:13+00:00,0.5918,0.4762,-0.095,0.027,,N,,,-155,+120,2026-08-12T04:06:13+00:00,,0.4877,PASS,NO EDGE,,,,,,,
2026-08-12,2026,824241,1,N,CLE,DET,6:40 PM ET,Foster Griffin,Framber Valdez,656492,664285,live,live,live,live,0.98,0.4683,0.4954,0.9637,0.2836,0.2792,0.5628,0.5508,0.4492,0.2509,0.7491,0.569612,0.430388,NRFI,LEAN,LEAN NRFI,4,2026-08-12T21:34:56Z,3.506,4.048,1.141,1.339,4.169,3.77,2.34,3.19,1.37,0.81,8.37,7.65,0.313,0.32,0.373,0.408,4.033,4.571,25.0,14.3,71.0,0.0,0.6,0.8,0.8,0.9,0.3656,0.3538,0.455,0.3857,0.1807,0.123,lineup,lineup,"[{""id"": 650402, ""name"": ""Gleyber Torres"", ""bats"": ""R"", ""obp"": 0.3709090909090909, ""slg"": 0.3826086956521739, ""iso"": 0.12608695652173912, ""ab"": 230}, {""id"": 693307, ""name"": ""Dillon Dingler"", ""bats"": ""R"", ""obp"": 0.33405172413793105, ""slg"": 0.5202863961813843, ""iso"": 0.2505966587112172, ""ab"": 419}, {""id"": 805808, ""name"": ""Kevin McGonigle"", ""bats"": ""L"", ""obp"": 0.3911368015414258, ""slg"": 0.4308390022675737, ""iso"": 0.14285714285714285, ""ab"": 441}]","[{""id"": 680757, ""name"": ""Steven Kwan"", ""bats"": ""L"", ""obp"": 0.36629213483146067, ""slg"": 0.33070866141732286, ""iso"": 0.06299212598425197, ""ab"": 381}, {""id"": 800050, ""name"": ""Chase DeLauter"", ""bats"": ""L"", ""obp"": 0.35714285714285715, ""slg"": 0.4427083333333333, ""iso"": 0.16145833333333331, ""ab"": 384}, {""id"": 608070, ""name"": ""Jos\u00e9 Ram\u00edrez"", ""bats"": ""S"", ""obp"": 0.33509234828496043, ""slg"": 0.38271604938271603, ""iso"": 0.14814814814814814, ""ab"": 324}]","[{""name"": ""away_top3c_iso"", ""value"": 0.123, ""contribution"": -0.3905}, {""name"": ""away_top3c_slg"", ""value"": 0.3857, ""contribution"": 0.2765}, {""name"": ""fi_park_nrfi_rate"", ""value"": 0.5322, ""contribution"": -0.1188}, {""name"": ""era_gap_t1"", ""value"": 0.5422, ""contribution"": 0.0593}, {""name"": ""home_xera"", ""value"": 3.7403, ""contribution"": -0.0384}]","[{""name"": ""fi_park_nrfi_rate"", ""value"": 0.5322, ""contribution"": -0.1826}, {""name"": ""home_top3_ops_vs_oppHand"", ""value"": 0.672, ""contribution"": -0.1095}, {""name"": ""home_top3c_slg"", ""value"": 0.455, ""contribution"": -0.091}, {""name"": ""home_top3c_obp"", ""value"": 0.3656, ""contribution"": 0.0888}, {""name"": ""away_p_last10_pitcher_nrfi"", ""value"": 0.9, ""contribution"": -0.0601}]",596805,0.4819,3.74,4.362,67.0,59.0,0.7136,0.7136,5.33,6.0,0.7987,0.672,L,L,YRFI,LOSS,2,2,4,2026-08-12T23:08:51+00:00,-125,-105,DraftKings,2026-08-12T22:59:13+00:00,0.5556,0.5122,-0.0048,-0.063,-0.0048,N,0.5,0,-130,+100,2026-08-12T04:06:13+00:00,-0.0097,0.5526,PASS,NO EDGE,,,,,,,
2026-08-12,2026,824967,1,N,TB,OAK,3:05 PM ET,Drew Rasmussen,Jack Perkins,656876,678022,live,live,live,live,0.93,0.5532,0.3439,0.8972,0.4873,0.4,0.8872,0.4365,0.5635,0.2265,0.7735,0.411794,0.588206,YRFI,LEAN,LEAN YRFI,4,2026-08-12T17:55:57Z,2.752,6.054,0.937,1.374,3.146,4.437,1.75,3.55,0.92,1.55,8.99,10.13,0.328,0.317,0.407,0.399,4.541,4.352,23.5,18.2,63.0,0.0,0.4,1.0,0.5,0.9,0.3397,0.3708,0.474,0.485,0.213,0.1972,lineup,lineup,"[{""id"": 622268, ""name"": ""Donovan Walton"", ""bats"": ""L"", ""obp"": 0.36551724137931035, ""slg"": 0.4453125, ""iso"": 0.1640625, ""ab"": 128}, {""id"": 691016, ""name"": ""Tyler Soderstrom"", ""bats"": ""L"", ""obp"": 0.33783783783783783, ""slg"": 0.4742268041237113, ""iso"": 0.22938144329896906, ""ab"": 388}, {""id"": 680869, ""name"": ""Zack Gelof"", ""bats"": ""R"", ""obp"": 0.32806324110671936, ""slg"": 0.48936170212765956, ""iso"": 0.21276595744680848, ""ab"": 235}]","[{""id"": 650490, ""name"": ""Yandy D\u00edaz"", ""bats"": ""R"", ""obp"": 0.3702970297029703, ""slg"": 0.46651785714285715, ""iso"": 0.16517857142857145, ""ab"": 448}, {""id"": 666018, ""name"": ""Jonathan Aranda"", ""bats"": ""L"", ""obp"": 0.3727810650887574, ""slg"": 0.432183908045977, ""iso"": 0.1471264367816092, ""ab"": 435}, {""id"": 691406, ""name"": ""Junior Caminero"", ""bats"": ""R"", ""obp"": 0.36923076923076925, ""slg"": 0.5543237250554324, ""iso"": 0.2771618625277162, ""ab"": 451}]","[{""name"": ""era_gap_t1"", ""value"": 3.3018, ""contribution"": 0.3581}, {""name"": ""away_top3c_slg"", ""value"": 0.485, ""contribution"": -0.2266}, {""name"": ""fi_park_nrfi_rate"", ""value"": 0.4422, ""contribution"": 0.1922}, {""name"": ""away_top3c_iso"", ""value"": 0.1972, ""contribution"": 0.1314}, {""name"": ""away_top3_ops_vs_oppHand"", ""value"": 0.8683, ""contribution"": 0.103}]","[{""name"": ""fi_park_nrfi_rate"", ""value"": 0.4422, ""contribution"": 0.2954}, {""name"": ""era_gap_b1"", ""value"": -3.3018, ""contribution"": -0.225}, {""name"": ""home_top3c_slg"", ""value"": 0.474, ""contribution"": -0.209}, {""name"": ""home_top3c_iso"", ""value"": 0.213, ""contribution"": 0.1607}, {""name"": ""away_fip"", ""value"": 3.1463, ""contribution"": -0.0899}]",482641,0.4806,3.41,3.299,90.0,44.0,0.7136,0.751,4.53,5.47,0.8683,0.833,R,R,NRFI,LOSS,0,0,0,2026-08-12T19:19:28+00:00,+100,-130,DraftKings,2026-08-12T18:55:28+00:00,0.5,0.5652,-0.0635,-0.0017,-0.0017,N,0.5,0,+100,-130,2026-08-12T13:12:56+00:00,0,0.4877,PASS,NO EDGE,,,,,,,
2026-08-12,2026,822698,1,N,CHC,WSH,6:45 PM ET,David Peterson,Jackson Kent,656849,800600,live,avg,live,live,0.97,0.5215,0.608,1.1295,0.3651,0.5469,0.9119,0.4303,0.5697,0.3118,0.6882,0.401749,0.598251,PASS,NO DATA,PASS - No data,3,2026-08-12T22:32:17Z,5.042,4.17,1.467,1.26,3.949,4.17,3.6,2.93,0.84,1.21,7.62,8.75,0.336,0.327,0.417,0.436,5.107,5.268,29.5,9.1,54.0,0.0,0.5,0.8,0.5,0.6,0.3019,0.3628,0.4043,0.4701,0.1773,0.2014,lineup,lineup,"[{""id"": 686611, ""name"": ""Dylan Crews"", ""bats"": ""R"", ""obp"": 0.29225352112676056, ""slg"": 0.3735408560311284, ""iso"": 0.1556420233463035, ""ab"": 257}, {""id"": 694673, ""name"": ""Abimelec Ortiz"", ""bats"": ""L"", ""obp"": 0.32, ""slg"": 0.5833333333333334, ""iso"": 0.2916666666666667, ""ab"": 24}, {""id"": 691781, ""name"": ""Brady House"", ""bats"": ""R"", ""obp"": 0.29017857142857145, ""slg"": 0.40096618357487923, ""iso"": 0.1642512077294686, ""ab"": 207}]","[{""id"": 691718, ""name"": ""Pete Crow-Armstrong"", ""bats"": ""L"", ""obp"": 0.3860640301318267, ""slg"": 0.5464601769911505, ""iso"": 0.2610619469026549, ""ab"": 452}, {""id"": 673548, ""name"": ""Seiya Suzuki"", ""bats"": ""R"", ""obp"": 0.36160714285714285, ""slg"": 0.4793814432989691, ""iso"": 0.20876288659793818, ""ab"": 388}, {""id"": 608324, ""name"": ""Alex Bregman"", ""bats"": ""R"", ""obp"": 0.3407821229050279, ""slg"": 0.388412017167382, ""iso"": 0.13733905579399142, ""ab"": 466}]","[{""name"": ""away_top3c_iso"", ""value"": 0.2014, ""contribution"": 0.1612}, {""name"": ""away_top3c_slg"", ""value"": 0.4701, ""contribution"": -0.1513}, {""name"": ""away_top3_ops_vs_oppHand"", ""value"": 0.9103, ""contribution"": 0.1458}, {""name"": ""era_gap_t1"", ""value"": -0.8715, ""contribution"": -0.0937}, {""name"": ""home_p_last10_pitcher_nrfi"", ""value"": 0.5, ""contribution"": -0.0846}]","[{""name"": ""home_top3c_slg"", ""value"": 0.4043, ""contribution"": 0.2245}, {""name"": ""home_top3_ops_vs_oppHand"", ""value"": 0.8857, ""contribution"": 0.1463}, {""name"": ""home_top3c_obp"", ""value"": 0.3019, ""contribution"": -0.1346}, {""name"": ""fi_park_nrfi_rate"", ""value"": 0.4761, ""contribution"": 0.1154}, {""name"": ""home_obp"", ""value"": 0.3267, ""contribution"": 0.0902}]",485856,0.5084,4.2,4.593,50.0,68.0,0.7136,0.664,5.0,5.73,0.9103,0.8857,L,L,NRFI,PASS,0,0,0,2026-08-12T23:01:17+00:00,+100,-130,DraftKings,2026-08-12T22:59:13+00:00,0.5,0.5652,-0.0697,0.0045,,N,,,-110,-120,2026-08-12T04:06:13+00:00,,0.4554,PASS,NO EDGE,,,,,,,
2026-08-12,2026,823187,1,N,HOU,SF,3:45 PM ET,Bryan King,Adrian Houser,687911,605288,live,live,live,live,0.94,0.5252,0.4709,0.9961,0.383,0.4056,0.7886,0.4825,0.5175,0.2628,0.7372,0.45448,0.54552,PASS,NO EDGE,PASS - No edge,4,2026-08-12T19:02:22Z,3.629,4.189,1.259,1.343,4.202,4.524,2.66,2.84,1.28,1.2,8.07,6.21,0.32,0.307,0.411,0.408,4.592,4.144,19.3,28.1,79.0,0.0,0.2,0.5,0.3,0.5,0.3151,0.3833,0.4291,0.5101,0.1727,0.2204,lineup,lineup,"[{""id"": 808982, ""name"": ""Jung Hoo Lee"", ""bats"": ""L"", ""obp"": 0.33183856502242154, ""slg"": 0.44258373205741625, ""iso"": 0.14593301435406697, ""ab"": 418}, {""id"": 671083, ""name"": ""Buddy Kennedy"", ""bats"": ""R"", ""obp"": 0.14814814814814814, ""slg"": 0.08333333333333333, ""iso"": 0.041666666666666664, ""ab"": 24}, {""id"": 805811, ""name"": ""Bryce Eldridge"", ""bats"": ""L"", ""obp"": 0.34076433121019106, ""slg"": 0.4343065693430657, ""iso"": 0.1861313868613139, ""ab"": 274}]","[{""id"": 665161, ""name"": ""Jeremy Pe\u00f1a"", ""bats"": ""R"", ""obp"": 0.3490566037735849, ""slg"": 0.4740484429065744, ""iso"": 0.1833910034602076, ""ab"": 289}, {""id"": 670541, ""name"": ""Yordan Alvarez"", ""bats"": ""L"", ""obp"": 0.435361216730038, ""slg"": 0.6226851851851852, ""iso"": 0.300925925925926, ""ab"": 432}, {""id"": 670623, ""name"": ""Isaac Paredes"", ""bats"": ""R"", ""obp"": 0.34917355371900827, ""slg"": 0.41866028708133973, ""iso"": 0.1626794258373206, ""ab"": 418}]","[{""name"": ""away_top3c_slg"", ""value"": 0.5101, ""contribution"": -0.3537}, {""name"": ""away_top3c_iso"", ""value"": 0.2204, ""contribution"": 0.295}, {""name"": ""away_top3_ops_vs_oppHand"", ""value"": 0.932, ""contribution"": 0.1679}, {""name"": ""home_p_last10_pitcher_nrfi"", ""value"": 0.3, ""contribution"": -0.1627}, {""name"": ""wx_wind_kmh"", ""value"": 28.1, ""contribution"": 0.074}]","[{""name"": ""wx_wind_kmh"", ""value"": 28.1, ""contribution"": 0.1748}, {""name"": ""home_top3_ops_vs_oppHand"", ""value"": 0.6747, ""contribution"": -0.1063}, {""name"": ""away_whiff_pct_rank"", ""value"": 27.0, ""contribution"": 0.0988}, {""name"": ""home_top3c_obp"", ""value"": 0.3151, ""contribution"": -0.0885}, {""name"": ""away_p_last10_pitcher_nrfi"", ""value"": 0.5, ""contribution"": 0.0713}]",608158,0.5142,4.301,3.28,10.0,27.0,0.7272,0.7136,3.6,5.0,0.932,0.6747,L,R,YRFI,PASS,0,1,1,2026-08-12T20:07:28+00:00,-110,-115,DraftKings,2026-08-12T18:55:28+00:00,0.5238,0.5349,-0.0413,-0.0174,,N,,,-115,-110,2026-08-12T13:12:56+00:00,,0.4589,PASS,NO EDGE,,,,,,,
2026-08-13,2026,823915,1,N,MIL,LAD,10:10 PM ET,Shane Drohan,Roki Sasaki,675660,808963,ltd,live,live,live,0.97,0.5773,0.4901,1.0674,0.5024,0.4273,0.9298,0.4258,0.5742,0.289,0.711,0.394641,0.605359,YRFI,LEAN,LEAN YRFI,4,2026-08-14T01:04:11Z,3.96,4.462,1.253,1.289,3.625,4.862,2.78,3.5,0.97,1.66,8.92,8.85,0.334,0.336,0.396,0.427,4.849,4.952,27.3,15.0,59.0,0.0,1.0,0.8,0.8,0.9,0.3611,0.3526,0.4837,0.4466,0.2038,0.1894,lineup,lineup,"[{""id"": 660271, ""name"": ""Shohei Ohtani"", ""bats"": ""L"", ""obp"": 0.39250493096646943, ""slg"": 0.544392523364486, ""iso"": 0.2523364485981308, ""ab"": 428}, {""id"": 681624, ""name"": ""Andy Pages"", ""bats"": ""R"", ""obp"": 0.3365570599613153, ""slg"": 0.4535637149028078, ""iso"": 0.18358531317494603, ""ab"": 463}, {""id"": 669242, ""name"": ""Tommy Edman"", ""bats"": ""S"", ""obp"": 0.34146341463414637, ""slg"": 0.40268456375838924, ""iso"": 0.12751677852348992, ""ab"": 149}]","[{""id"": 694192, ""name"": ""Jackson Chourio"", ""bats"": ""R"", ""obp"": 0.3384223918575064, ""slg"": 0.4733893557422969, ""iso"": 0.19887955182072825, ""ab"": 357}, {""id"": 669003, ""name"": ""Garrett Mitchell"", ""bats"": ""L"", ""obp"": 0.3530864197530864, ""slg"": 0.4068767908309456, ""iso"": 0.1547277936962751, ""ab"": 349}, {""id"": 596142, ""name"": ""Gary S\u00e1nchez"", ""bats"": ""R"", ""obp"": 0.3786407766990291, ""slg"": 0.4727272727272727, ""iso"": 0.2424242424242424, ""ab"": 165}]","[{""name"": ""home_xera"", ""value"": 5.9092, ""contribution"": 0.1838}, {""name"": ""home_fip"", ""value"": 4.8619, ""contribution"": 0.0992}, {""name"": ""away_top3c_iso"", ""value"": 0.1894, ""contribution"": 0.0771}, {""name"": ""era_gap_t1"", ""value"": 0.5018, ""contribution"": 0.055}, {""name"": ""fi_park_nrfi_rate"", ""value"": 0.4823, ""contribution"": 0.0538}]","[{""name"": ""home_top3c_slg"", ""value"": 0.4837, ""contribution"": -0.2687}, {""name"": ""home_obp"", ""value"": 0.3356, ""contribution"": 0.1525}, {""name"": ""home_top3c_iso"", ""value"": 0.2038, ""contribution"": 0.1172}, {""name"": ""home_top3_ops_vs_oppHand"", ""value"": 0.843, ""contribution"": 0.0952}, {""name"": ""fi_park_nrfi_rate"", ""value"": 0.4823, ""contribution"": 0.0827}]",573597,0.4761,5.909,4.66,53.0,50.0,0.7136,0.7136,6.0,5.87,0.773,0.843,L,R,NRFI,LOSS,0,0,0,2026-08-14T02:27:02+00:00,-120,-105,DraftKings,2026-08-14T01:26:05+00:00,0.5455,0.5122,-0.1197,0.062,0.062,N,0.5,0,-110,-115,2026-08-13T04:35:14+00:00,-0.0227,0.3898,YRFI,STRONG,,,,,,,
2026-08-13,2026,823995,1,N,TEX,LAA,10:07 PM ET,Jacob deGrom,Walbert Ureña,594798,700712,live,live,live,live,0.99,0.4687,0.446,0.9147,0.4209,0.4772,0.8981,0.4338,0.5662,0.2329,0.7671,0.407352,0.592648,YRFI,LEAN,LEAN YRFI,4,2026-08-14T01:04:11Z,3.642,3.21,1.077,1.282,3.491,3.843,2.2,4.34,1.31,0.73,10.64,8.66,0.317,0.311,0.398,0.379,4.151,4.121,26.8,14.3,62.0,0.0,1.0,0.6,0.9,0.6,0.3677,0.3232,0.4139,0.463,0.1492,0.2247,lineup,lineup,"[{""id"": 685133, ""name"": ""Wade Meckler"", ""bats"": ""L"", ""obp"": 0.37, ""slg"": 0.4088397790055249, ""iso"": 0.10497237569060774, ""ab"": 181}, {""id"": 545361, ""name"": ""Mike Trout"", ""bats"": ""R"", ""obp"": 0.38596491228070173, ""slg"": 0.44686648501362397, ""iso"": 0.20708446866485014, ""ab"": 367}, {""id"": 694384, ""name"": ""Nolan Schanuel"", ""bats"": ""L"", ""obp"": 0.34679334916864607, ""slg"": 0.3837837837837838, ""iso"": 0.11351351351351352, ""ab"": 370}]","[{""id"": 592626, ""name"": ""Joc Pederson"", ""bats"": ""L"", ""obp"": 0.3453038674033149, ""slg"": 0.5111821086261981, ""iso"": 0.25878594249201275, ""ab"": 313}, {""id"": 694671, ""name"": ""Wyatt Langford"", ""bats"": ""R"", ""obp"": 0.3163265306122449, ""slg"": 0.4646840148698885, ""iso"": 0.21189591078066916, ""ab"": 269}, {""id"": 608369, ""name"": ""Corey Seager"", ""bats"": ""L"", ""obp"": 0.30038022813688214, ""slg"": 0.39473684210526316, ""iso"": 0.1929824561403509, ""ab"": 228}]","[{""name"": ""away_top3c_iso"", ""value"": 0.2247, ""contribution"": 0.3254}, {""name"": ""home_xera"", ""value"": 2.4971, ""contribution"": -0.1658}, {""name"": ""fi_park_nrfi_rate"", ""value"": 0.4526, ""contribution"": 0.1563}, {""name"": ""away_top3c_slg"", ""value"": 0.463, ""contribution"": -0.1149}, {""name"": ""home_p_last10_pitcher_nrfi"", ""value"": 0.9, ""contribution"": 0.0716}]","[{""name"": ""fi_park_nrfi_rate"", ""value"": 0.4526, ""contribution"": 0.2403}, {""name"": ""home_top3c_slg"", ""value"": 0.4139, ""contribution"": 0.1643}, {""name"": ""home_top3c_iso"", ""value"": 0.1492, ""contribution"": -0.1405}, {""name"": ""away_whiff_pct_rank"", ""value"": 82.0, ""contribution"": -0.1386}, {""name"": ""home_top3c_obp"", ""value"": 0.3677, ""contribution"": 0.0961}]",427243,0.4707,2.497,3.231,50.0,82.0,0.7136,0.6363,4.87,4.6,0.8037,0.793,R,R,NRFI,LOSS,0,0,0,2026-08-14T02:29:34+00:00,-155,+120,DraftKings,2026-08-14T01:26:05+00:00,0.6078,0.4545,-0.174,0.1117,0.1117,N,0.5,0,-125,-105,2026-08-13T04:35:14+00:00,-0.0576,0.4877,PASS,NO EDGE,,,,,,,
2026-08-13,2026,824561,1,N,CIN,CWS,1:10 PM ET,Andrew Abbott,Davis Martin,671096,663436,live,live,live,live,0.98,0.4307,0.6062,1.0369,0.4561,0.5966,1.0527,0.3313,0.6687,0.2778,0.7222,0.349002,0.650998,YRFI,STRONG,STRONG YRFI,4,2026-08-13T15:58:04Z,3.67,4.153,1.333,1.32,4.566,3.74,3.82,2.84,1.15,0.86,7.22,7.58,0.308,0.316,0.395,0.407,4.138,4.728,22.8,23.1,87.0,0.0,0.4,0.8,0.7,0.6,0.3374,0.338,0.4539,0.4726,0.1979,0.2222,lineup,lineup,"[{""id"": 805367, ""name"": ""Chase Meidroth"", ""bats"": ""R"", ""obp"": 0.35095137420718814, ""slg"": 0.4119047619047619, ""iso"": 0.13571428571428568, ""ab"": 420}, {""id"": 643217, ""name"": ""Andrew Benintendi"", ""bats"": ""L"", ""obp"": 0.3050847457627119, ""slg"": 0.425, ""iso"": 0.18125, ""ab"": 320}, {""id"": 678246, ""name"": ""Miguel Vargas"", ""bats"": ""R"", ""obp"": 0.341796875, ""slg"": 0.47235023041474655, ""iso"": 0.23732718894009217, ""ab"": 434}]","[{""id"": 682829, ""name"": ""Elly De La Cruz"", ""bats"": ""S"", ""obp"": 0.3482142857142857, ""slg"": 0.4911392405063291, ""iso"": 0.2227848101265823, ""ab"": 395}, {""id"": 701398, ""name"": ""Sal Stewart"", ""bats"": ""R"", ""obp"": 0.3320388349514563, ""slg"": 0.47240618101545256, ""iso"": 0.21633554083885215, ""ab"": 453}, {""id"": 668709, ""name"": ""JJ Bleday"", ""bats"": ""L"", ""obp"": 0.33421052631578946, ""slg"": 0.4503105590062112, ""iso"": 0.2298136645962733, ""ab"": 322}]","[{""name"": ""away_top3c_iso"", ""value"": 0.2222, ""contribution"": 0.308}, {""name"": ""away_top3c_slg"", ""value"": 0.4726, ""contribution"": -0.164}, {""name"": ""fi_park_nrfi_rate"", ""value"": 0.473, ""contribution"": 0.0859}, {""name"": ""home_xera"", ""value"": 4.8709, ""contribution"": 0.0774}, {""name"": ""era_gap_t1"", ""value"": 0.4825, ""contribution"": 0.0529}]","[{""name"": ""home_top3_ops_vs_oppHand"", ""value"": 0.914, ""contribution"": 0.1802}, {""name"": ""fi_park_nrfi_rate"", ""value"": 0.473, ""contribution"": 0.1321}, {""name"": ""wx_wind_kmh"", ""value"": 23.1, ""contribution"": 0.1222}, {""name"": ""home_top3c_iso"", ""value"": 0.1979, ""contribution"": 0.089}, {""name"": ""home_top3c_slg"", ""value"": 0.4539, ""contribution"": -0.0841}]",484198,0.5395,4.871,3.784,29.0,43.0,0.7136,0.7272,4.53,5.53,0.7837,0.914,L,R,YRFI,WIN,3,1,4,2026-08-13T17:39:04+00:00,-110,-120,DraftKings,2026-08-13T16:11:33+00:00,0.5238,0.5455,-0.1925,0.1232,0.1232,Y,7,5.833,-110,-115,2026-08-13T04:35:14+00:00,0.0106,0.4141,YRFI,STRONG,,,,,,,
2026-08-13,2026,823829,1,N,PIT,MIA,1:10 PM ET,Braxton Ashcraft,Tyler Phillips,677952,663969,live,live,live,live,0.95,0.5522,0.4357,0.9879,0.3787,0.4069,0.7856,0.483,0.517,0.2598,0.7402,0.455849,0.544151,PASS,NO EDGE,PASS - No edge,4,2026-08-13T17:03:11Z,3.905,3.412,1.182,1.309,3.57,4.51,2.38,3.49,1.16,1.12,9.68,6.84,0.331,0.326,0.409,0.405,4.901,4.423,,,,1.0,0.2,0.6,0.5,0.5,0.3449,0.3525,0.3917,0.4491,0.1203,0.1908,lineup,lineup,"[{""id"": 805300, ""name"": ""Jakob Marsee"", ""bats"": ""L"", ""obp"": 0.3237885462555066, ""slg"": 0.3090909090909091, ""iso"": 0.10389610389610388, ""ab"": 385}, {""id"": 669364, ""name"": ""Xavier Edwards"", ""bats"": ""S"", ""obp"": 0.36237623762376237, ""slg"": 0.3877551020408163, ""iso"": 0.10430839002267572, ""ab"": 441}, {""id"": 672640, ""name"": ""Otto Lopez"", ""bats"": ""R"", ""obp"": 0.3464566929133858, ""slg"": 0.46284501061571126, ""iso"": 0.148619957537155, ""ab"": 471}]","[{""id"": 687462, ""name"": ""Spencer Horwitz"", ""bats"": ""L"", ""obp"": 0.3677811550151976, ""slg"": 0.42028985507246375, ""iso"": 0.15942028985507245, ""ab"": 276}, {""id"": 664040, ""name"": ""Brandon Lowe"", ""bats"": ""L"", ""obp"": 0.318, ""slg"": 0.4798206278026906, ""iso"": 0.22869955156950672, ""ab"": 446}, {""id"": 691373, ""name"": ""Jhostynxon Garcia"", ""bats"": ""R"", ""obp"": 0.20408163265306123, ""slg"": 0.19148936170212766, ""iso"": 0.021276595744680854, ""ab"": 47}]","[{""name"": ""fi_park_nrfi_rate"", ""value"": 0.455, ""contribution"": 0.1479}, {""name"": ""away_top3c_iso"", ""value"": 0.1908, ""contribution"": 0.0864}, {""name"": ""home_p_last10_pitcher_nrfi"", ""value"": 0.5, ""contribution"": -0.0846}, {""name"": ""away_top3_ops_vs_oppHand"", ""value"": 0.84, ""contribution"": 0.0742}, {""name"": ""home_fip"", ""value"": 4.5103, ""contribution"": 0.0597}]","[{""name"": ""home_top3c_slg"", ""value"": 0.3917, ""contribution"": 0.3026}, {""name"": ""home_top3c_iso"", ""value"": 0.1203, ""contribution"": -0.2773}, {""name"": ""fi_park_nrfi_rate"", ""value"": 0.455, ""contribution"": 0.2273}, {""name"": ""away_whiff_pct_rank"", ""value"": 76.0, ""contribution"": -0.1127}, {""name"": ""home_obp"", ""value"": 0.3258, ""contribution"": 0.084}]",665576,0.4578,4.17,2.96,85.0,76.0,0.7272,0.7136,3.87,4.8,0.84,0.719,R,R,NRFI,PASS,0,0,0,2026-08-13T17:39:04+00:00,-125,-105,DraftKings,2026-08-13T17:41:05+00:00,0.5556,0.5122,-0.0726,0.0048,,N,,,-120,-110,2026-08-13T04:35:14+00:00,,0.4877,PASS,NO EDGE,,,,,,,
2026-08-13,2026,822776,1,N,BOS,TOR,3:07 PM ET,Payton Tolle,Max Scherzer,801139,453286,live,live,live,live,1.01,0.6739,0.4308,1.1047,0.4587,0.2249,0.6836,0.5037,0.4963,0.3027,0.6973,0.504801,0.495199,NRFI,LEAN,LEAN NRFI,4,2026-08-13T17:54:01Z,3.464,6.009,1.144,1.399,3.54,5.804,2.57,3.13,1.13,2.24,9.97,7.78,0.32,0.305,0.402,0.38,4.433,4.011,,,,1.0,0.6,0.4,0.5,0.6,0.3193,0.3316,0.3825,0.4543,0.1126,0.185,lineup,lineup,"[{""id"": 669701, ""name"": ""Josh Smith"", ""bats"": ""L"", ""obp"": 0.30057803468208094, ""slg"": 0.2875816993464052, ""iso"": 0.07189542483660127, ""ab"": 153}, {""id"": 676391, ""name"": ""Ernie Clement"", ""bats"": ""R"", ""obp"": 0.30625, ""slg"": 0.40611353711790393, ""iso"": 0.12445414847161573, ""ab"": 458}, {""id"": 665489, ""name"": ""Vladimir Guerrero Jr."", ""bats"": ""R"", ""obp"": 0.33820459290187893, ""slg"": 0.35697399527186763, ""iso"": 0.09456264775413714, ""ab"": 423}]","[{""id"": 686765, ""name"": ""Nick Sogard"", ""bats"": ""S"", ""obp"": 0.37623762376237624, ""slg"": 0.3411764705882353, ""iso"": 0.08235294117647057, ""ab"": 85}, {""id"": 678882, ""name"": ""Ceddanne Rafaela"", ""bats"": ""R"", ""obp"": 0.3236514522821577, ""slg"": 0.4669603524229075, ""iso"": 0.18061674008810574, ""ab"": 454}, {""id"": 677800, ""name"": ""Wilyer Abreu"", ""bats"": ""L"", ""obp"": 0.3300395256916996, ""slg"": 0.46292134831460674, ""iso"": 0.20898876404494382, ""ab"": 445}]","[{""name"": ""era_gap_t1"", ""value"": 2.5453, ""contribution"": 0.2762}, {""name"": ""home_fip"", ""value"": 5.8041, ""contribution"": 0.2049}, {""name"": ""home_p_last10_pitcher_nrfi"", ""value"": 0.5, ""contribution"": -0.0846}, {""name"": ""away_top3c_slg"", ""value"": 0.4543, ""contribution"": -0.0709}, {""name"": ""home_xera"", ""value"": 4.6287, ""contribution"": 0.0526}]","[{""name"": ""home_top3c_slg"", ""value"": 0.3825, ""contribution"": 0.3595}, {""name"": ""home_top3c_iso"", ""value"": 0.1126, ""contribution"": -0.3136}, {""name"": ""away_whiff_pct_rank"", ""value"": 100.0, ""contribution"": -0.2163}, {""name"": ""era_gap_b1"", ""value"": -2.5453, ""contribution"": -0.1736}, {""name"": ""wx_is_dome"", ""value"": 1.0, ""contribution"": -0.0758}]",427197,0.5268,4.629,3.327,39.0,100.0,0.6487,0.7136,3.93,5.33,0.7597,0.7393,L,R,YRFI,LOSS,1,0,1,2026-08-13T19:26:12+00:00,-130,+100,DraftKings,2026-08-13T18:14:00+00:00,0.5652,0.5,-0.0615,-0.0037,-0.0615,N,0.5,0,-135,+105,2026-08-13T04:35:14+00:00,-0.0093,0.5900,NRFI,STRONG,,,,,,,
2026-08-13,2026,822696,1,N,CHC,WSH,4:05 PM ET,Kevin Gausman,Cade Cavalli,592332,676917,live,live,live,live,0.97,0.4843,0.5069,0.9912,0.3662,0.4448,0.811,0.4717,0.5283,0.261,0.739,0.444411,0.555589,PASS,NO EDGE,PASS - No edge,4,2026-08-13T19:53:50Z,4.126,3.72,1.214,1.312,3.611,3.653,2.45,2.77,1.05,1.1,8.8,9.5,0.337,0.327,0.419,0.437,5.158,5.274,31.9,5.8,42.0,0.0,1.0,0.6,0.8,0.5,0.3325,0.3671,0.4857,0.4702,0.2259,0.2034,lineup,lineup,"[{""id"": 682928, ""name"": ""CJ Abrams"", ""bats"": ""L"", ""obp"": 0.35826771653543305, ""slg"": 0.5436241610738255, ""iso"": 0.2595078299776286, ""ab"": 447}, {""id"": 694673, ""name"": ""Abimelec Ortiz"", ""bats"": ""L"", ""obp"": 0.3333333333333333, ""slg"": 0.6923076923076923, ""iso"": 0.3846153846153846, ""ab"": 26}, {""id"": 686611, ""name"": ""Dylan Crews"", ""bats"": ""R"", ""obp"": 0.28719723183391005, ""slg"": 0.366412213740458, ""iso"": 0.15267175572519084, ""ab"": 262}]","[{""id"": 691718, ""name"": ""Pete Crow-Armstrong"", ""bats"": ""L"", ""obp"": 0.38361266294227186, ""slg"": 0.5436681222707423, ""iso"": 0.259825327510917, ""ab"": 458}, {""id"": 621438, ""name"": ""Tyrone Taylor"", ""bats"": ""R"", ""obp"": 0.29069767441860467, ""slg"": 0.475, ""iso"": 0.2375, ""ab"": 160}, {""id"": 701649, ""name"": ""James Triantos"", ""bats"": ""R"", ""obp"": 0.2, ""slg"": 0.2, ""iso"": 0.0, ""ab"": 5}]","[{""name"": ""away_top3c_iso"", ""value"": 0.2034, ""contribution"": 0.1752}, {""name"": ""away_top3c_slg"", ""value"": 0.4702, ""contribution"": -0.1515}, {""name"": ""fi_park_nrfi_rate"", ""value"": 0.4761, ""contribution"": 0.0751}, {""name"": ""wx_temp_c"", ""value"": 31.9, ""contribution"": 0.0637}, {""name"": ""away_top3_ops_vs_oppHand"", ""value"": 0.817, ""contribution"": 0.0507}]","[{""name"": ""home_top3c_slg"", ""value"": 0.4857, ""contribution"": -0.2815}, {""name"": ""home_top3c_iso"", ""value"": 0.2259, ""contribution"": 0.2211}, {""name"": ""away_whiff_pct_rank"", ""value"": 81.0, ""contribution"": -0.1343}, {""name"": ""home_top3_ops_vs_oppHand"", ""value"": 0.8707, ""contribution"": 0.1283}, {""name"": ""fi_park_nrfi_rate"", ""value"": 0.4761, ""contribution"": 0.1154}]",427013,0.504,4.101,3.521,80.0,81.0,0.7272,0.6942,6.0,5.6,0.817,0.8707,R,R,NRFI,PASS,0,0,0,2026-08-13T20:14:30+00:00,-115,-110,DraftKings,2026-08-13T19:54:56+00:00,0.5349,0.5238,-0.0632,0.0045,,N,,,-115,-115,2026-08-13T04:35:14+00:00,,0.4553,PASS,NO EDGE,,,,,,,
2026-08-13,2026,824238,1,N,CLE,DET,1:10 PM ET,Parker Messick,Keider Montero,800048,672456,live,live,live,live,0.98,0.4252,0.4063,0.8315,0.2838,0.2788,0.5627,0.5508,0.4492,0.2026,0.7974,0.569685,0.430315,NRFI,LEAN,LEAN NRFI,4,2026-08-13T15:58:04Z,2.826,3.612,1.094,1.096,3.425,4.11,2.49,2.31,0.92,1.09,8.93,6.64,0.314,0.32,0.374,0.407,4.048,4.567,28.0,14.3,63.0,0.0,0.4,0.8,0.7,0.8,0.3644,0.3559,0.4542,0.3858,0.1813,0.1228,lineup,lineup,"[{""id"": 650402, ""name"": ""Gleyber Torres"", ""bats"": ""R"", ""obp"": 0.37142857142857144, ""slg"": 0.39574468085106385, ""iso"": 0.13617021276595748, ""ab"": 235}, {""id"": 693307, ""name"": ""Dillon Dingler"", ""bats"": ""R"", ""obp"": 0.3304904051172708, ""slg"": 0.5141509433962265, ""iso"": 0.2476415094339623, ""ab"": 424}, {""id"": 805808, ""name"": ""Kevin McGonigle"", ""bats"": ""L"", ""obp"": 0.39122137404580154, ""slg"": 0.42792792792792794, ""iso"": 0.14189189189189189, ""ab"": 444}]","[{""id"": 680757, ""name"": ""Steven Kwan"", ""bats"": ""L"", ""obp"": 0.3688888888888889, ""slg"": 0.3307291666666667, ""iso"": 0.0625, ""ab"": 384}, {""id"": 672275, ""name"": ""Patrick Bailey"", ""bats"": ""S"", ""obp"": 0.248, ""slg"": 0.2982456140350877, ""iso"": 0.10964912280701752, ""ab"": 228}, {""id"": 608070, ""name"": ""Jos\u00e9 Ram\u00edrez"", ""bats"": ""S"", ""obp"": 0.3385416666666667, ""slg"": 0.3803680981595092, ""iso"": 0.14723926380368102, ""ab"": 326}]","[{""name"": ""away_top3c_iso"", ""value"": 0.1228, ""contribution"": -0.392}, {""name"": ""away_top3c_slg"", ""value"": 0.3858, ""contribution"": 0.2759}, {""name"": ""fi_park_nrfi_rate"", ""value"": 0.5322, ""contribution"": -0.1188}, {""name"": ""era_gap_t1"", ""value"": 0.7863, ""contribution"": 0.0858}, {""name"": ""away_top3_ops_vs_oppHand"", ""value"": 0.7127, ""contribution"": -0.0556}]","[{""name"": ""fi_park_nrfi_rate"", ""value"": 0.5322, ""contribution"": -0.1826}, {""name"": ""home_top3_ops_vs_oppHand"", ""value"": 0.6793, ""contribution"": -0.1007}, {""name"": ""home_top3c_slg"", ""value"": 0.4542, ""contribution"": -0.0859}, {""name"": ""home_top3c_obp"", ""value"": 0.3644, ""contribution"": 0.0847}, {""name"": ""away_whiff_pct_rank"", ""value"": 66.0, ""contribution"": -0.0695}]",428442,0.5176,4.024,2.618,9.0,66.0,0.7136,0.6796,5.73,6.13,0.7127,0.6793,L,R,NRFI,WIN,0,0,0,2026-08-13T17:39:04+00:00,-140,+110,DraftKings,2026-08-13T17:41:05+00:00,0.5833,0.4762,-0.0325,-0.027,-0.0325,N,0.5,0,-135,+105,2026-08-13T04:35:14+00:00,0.0089,0.6311,NRFI,STRONG,,,,,,,
2026-08-13,2026,823508,1,N,SEA,NYY,1:35 PM ET,Logan Gilbert,Max Fried,669302,608331,live,live,live,live,1.02,0.3321,0.4622,0.7943,0.3138,0.4022,0.7159,0.4952,0.5048,0.1892,0.8108,0.488733,0.511267,PASS,NO EDGE,PASS - No edge,4,2026-08-13T17:03:11Z,3.424,2.873,1.007,1.013,3.538,2.645,2.08,2.64,1.26,0.29,9.94,8.45,0.309,0.312,0.379,0.412,3.938,4.537,29.2,10.7,47.0,0.0,0.6,0.6,0.7,0.6,0.3317,0.3417,0.4755,0.4552,0.2372,0.1922,lineup,lineup,"[{""id"": 663757, ""name"": ""Trent Grisham"", ""bats"": ""L"", ""obp"": 0.314070351758794, ""slg"": 0.41786743515850144, ""iso"": 0.19596541786743515, ""ab"": 347}, {""id"": 700250, ""name"": ""Ben Rice"", ""bats"": ""L"", ""obp"": 0.3516260162601626, ""slg"": 0.5433255269320844, ""iso"": 0.28571428571428575, ""ab"": 427}, {""id"": 671218, ""name"": ""Heliot Ramos"", ""bats"": ""R"", ""obp"": 0.29850746268656714, ""slg"": 0.40384615384615385, ""iso"": 0.15384615384615385, ""ab"": 312}]","[{""id"": 668227, ""name"": ""Randy Arozarena"", ""bats"": ""R"", ""obp"": 0.36853002070393376, ""slg"": 0.45323741007194246, ""iso"": 0.1774580335731415, ""ab"": 417}, {""id"": 677594, ""name"": ""Julio Rodr\u00edguez"", ""bats"": ""R"", ""obp"": 0.32421052631578945, ""slg"": 0.42757009345794394, ""iso"": 0.17056074766355145, ""ab"": 428}, {""id"": 645302, ""name"": ""Victor Robles"", ""bats"": ""R"", ""obp"": 0.288, ""slg"": 0.2672413793103448, ""iso"": 0.02586206896551721, ""ab"": 116}]","[{""name"": ""fi_park_nrfi_rate"", ""value"": 0.4526, ""contribution"": 0.1563}, {""name"": ""home_fip"", ""value"": 2.6452, ""contribution"": -0.1497}, {""name"": ""home_xera"", ""value"": 2.8627, ""contribution"": -0.1284}, {""name"": ""away_top3c_iso"", ""value"": 0.1922, ""contribution"": 0.0969}, {""name"": ""away_top3c_slg"", ""value"": 0.4552, ""contribution"": -0.0755}]","[{""name"": ""home_top3c_iso"", ""value"": 0.2372, ""contribution"": 0.2747}, {""name"": ""fi_park_nrfi_rate"", ""value"": 0.4526, ""contribution"": 0.2403}, {""name"": ""home_top3c_slg"", ""value"": 0.4755, ""contribution"": -0.2181}, {""name"": ""away_whiff_pct_rank"", ""value"": 97.0, ""contribution"": -0.2033}, {""name"": ""wx_temp_c"", ""value"": 29.2, ""contribution"": 0.0664}]",427128,0.4785,2.863,3.166,72.0,97.0,0.7613,0.6258,4.53,6.4,0.834,0.7607,R,L,NRFI,PASS,0,0,0,2026-08-13T17:55:35+00:00,-160,+125,DraftKings,2026-08-13T17:41:05+00:00,0.6154,0.4444,-0.1202,0.0604,,N,,,-140,+105,2026-08-13T04:35:14+00:00,,0.4877,PASS,NO EDGE,,,,,,,
2026-08-13,2026,823669,1,N,PHI,MIN,7:30 PM ET,Aaron Nola,Taj Bradley,605400,671737,live,live,live,live,0.97,0.5,0.6014,1.1013,0.2925,0.4156,0.7081,0.4971,0.5029,0.3015,0.6985,0.49259,0.50741,PASS,NO EDGE,PASS - No edge,4,2026-08-13T23:03:38Z,5.505,4.061,1.421,1.263,5.033,4.02,3.01,3.72,1.97,1.17,9.26,9.66,0.309,0.319,0.399,0.406,4.398,4.661,24.7,10.1,63.0,0.0,0.4,0.4,0.6,0.4,0.3504,0.3462,0.4894,0.472,0.2195,0.2226,lineup,lineup,"[{""id"": 663616, ""name"": ""Trevor Larnach"", ""bats"": ""L"", ""obp"": 0.3573407202216066, ""slg"": 0.4308176100628931, ""iso"": 0.16037735849056606, ""ab"": 318}, {""id"": 621439, ""name"": ""Byron Buxton"", ""bats"": ""R"", ""obp"": 0.32044198895027626, ""slg"": 0.5438066465256798, ""iso"": 0.28096676737160126, ""ab"": 331}, {""id"": 680777, ""name"": ""Ryan Jeffers"", ""bats"": ""R"", ""obp"": 0.38493723849372385, ""slg"": 0.49261083743842365, ""iso"": 0.2118226600985222, ""ab"": 203}]","[{""id"": 656941, ""name"": ""Kyle Schwarber"", ""bats"": ""L"", ""obp"": 0.37087378640776697, ""slg"": 0.531615925058548, ""iso"": 0.2833723653395785, ""ab"": 427}, {""id"": 607208, ""name"": ""Trea Turner"", ""bats"": ""R"", ""obp"": 0.2958015267175573, ""slg"": 0.39711934156378603, ""iso"": 0.15020576131687247, ""ab"": 486}, {""id"": 656537, ""name"": ""Derek Hill"", ""bats"": ""R"", ""obp"": 0.28654970760233917, ""slg"": 0.42138364779874216, ""iso"": 0.18867924528301888, ""ab"": 159}]","[{""name"": ""away_top3c_iso"", ""value"": 0.2226, ""contribution"": 0.3104}, {""name"": ""away_top3c_slg"", ""value"": 0.472, ""contribution"": -0.1607}, {""name"": ""era_gap_t1"", ""value"": -1.4438, ""contribution"": -0.1557}, {""name"": ""fi_park_nrfi_rate"", ""value"": 0.5348, ""contribution"": -0.1278}, {""name"": ""away_top3_ops_vs_oppHand"", ""value"": 0.864, ""contribution"": 0.0986}]","[{""name"": ""home_top3c_slg"", ""value"": 0.4894, ""contribution"": -0.3046}, {""name"": ""fi_park_nrfi_rate"", ""value"": 0.5348, ""contribution"": -0.1964}, {""name"": ""home_top3c_iso"", ""value"": 0.2195, ""contribution"": 0.1911}, {""name"": ""away_fip"", ""value"": 5.0327, ""contribution"": 0.1116}, {""name"": ""home_top3_ops_vs_oppHand"", ""value"": 0.856, ""contribution"": 0.1108}]",427129,0.4611,4.08,4.083,52.0,59.0,0.6796,0.7396,5.8,5.6,0.864,0.856,R,R,YRFI,PASS,2,0,2,2026-08-13T23:57:25+00:00,+100,-130,DraftKings,2026-08-13T23:00:44+00:00,0.5,0.5652,-0.0029,-0.0623,,N,,,+100,-130,2026-08-13T04:35:14+00:00,,0.5646,NRFI,STRONG,,,,,,,
2026-08-14,2026,823993,1,N,KC,LAA,9:38 PM ET,Seth Lugo,Grayson Rodriguez,607625,680570,live,ltd,live,live,0.99,0.5648,0.5356,1.1004,0.4732,0.6098,1.083,0.3011,0.6989,0.3011,0.6989,0.3386,0.6614,YRFI,STRONG,STRONG YRFI,4,2026-08-15T00:35:09Z,4.35,5.924,1.352,1.468,4.443,4.626,3.16,3.7,1.21,1.36,7.15,8.42,0.312,0.312,0.395,0.38,4.164,4.142,27.3,13.3,56.0,0.0,0.4,0.8,0.6,0.5,0.37,0.3254,0.414,0.4474,0.1473,0.1889,lineup,lineup,"[{""id"": 685133, ""name"": ""Wade Meckler"", ""bats"": ""L"", ""obp"": 0.37073170731707317, ""slg"": 0.40540540540540543, ""iso"": 0.10270270270270271, ""ab"": 185}, {""id"": 545361, ""name"": ""Mike Trout"", ""bats"": ""R"", ""obp"": 0.3882863340563991, ""slg"": 0.4489247311827957, ""iso"": 0.2043010752688172, ""ab"": 372}, {""id"": 694384, ""name"": ""Nolan Schanuel"", ""bats"": ""L"", ""obp"": 0.34976525821596244, ""slg"": 0.38337801608579086, ""iso"": 0.11260053619302945, ""ab"": 373}]","[{""id"": 695600, ""name"": ""Carter Jensen"", ""bats"": ""L"", ""obp"": 0.29910714285714285, ""slg"": 0.4080604534005038, ""iso"": 0.18639798488664988, ""ab"": 397}, {""id"": 677951, ""name"": ""Bobby Witt Jr."", ""bats"": ""R"", ""obp"": 0.3554083885209713, ""slg"": 0.44801980198019803, ""iso"": 0.1633663366336634, ""ab"": 404}, {""id"": 695506, ""name"": ""Jac Caglianone"", ""bats"": ""L"", ""obp"": 0.3211845102505695, ""slg"": 0.4852216748768473, ""iso"": 0.21674876847290642, ""ab"": 406}]","[{""name"": ""era_gap_t1"", ""value"": 1.5739, ""contribution"": 0.171}, {""name"": ""fi_park_nrfi_rate"", ""value"": 0.4526, ""contribution"": 0.1563}, {""name"": ""away_top3c_iso"", ""value"": 0.1889, ""contribution"": 0.0733}, {""name"": ""home_fip"", ""value"": 4.6258, ""contribution"": 0.0726}, {""name"": ""home_p_last10_pitcher_nrfi"", ""value"": 0.6, ""contribution"": -0.0455}]","[{""name"": ""fi_park_nrfi_rate"", ""value"": 0.4526, ""contribution"": 0.2403}, {""name"": ""home_top3c_slg"", ""value"": 0.414, ""contribution"": 0.1641}, {""name"": ""away_whiff_pct_rank"", ""value"": 12.0, ""contribution"": 0.1635}, {""name"": ""home_top3c_iso"", ""value"": 0.1473, ""contribution"": -0.1496}, {""name"": ""era_gap_b1"", ""value"": -1.5739, ""contribution"": -0.1075}]",665298,0.5084,4.2,4.793,50.0,12.0,0.7272,0.7197,4.8,6.0,0.7903,0.7967,R,R,NRFI,LOSS,0,0,0,2026-08-15T01:50:56+00:00,-110,-120,DraftKings,2026-08-15T00:38:52+00:00,0.5238,0.5455,-0.2227,0.1534,0.1534,Y,8,-8,-110,-115,2026-08-14T14:24:18+00:00,0.0106,0.4589,PASS,NO EDGE,,,,,,,0.6989
2026-08-14,2026,823913,1,N,MIL,LAD,10:10 PM ET,Robert Gasser,Yoshinobu Yamamoto,688107,808967,ltd,live,live,live,0.97,0.399,0.5457,0.9447,0.2509,0.6119,0.8628,0.4447,0.5553,0.2439,0.7561,0.421992,0.578008,YRFI,LEAN,LEAN YRFI,4,2026-08-15T01:02:30Z,4.42,2.614,1.235,0.912,4.282,3.381,2.61,2.29,1.38,0.92,8.4,8.71,0.334,0.335,0.395,0.427,4.85,4.945,27.2,13.9,59.0,0.0,0.8,0.8,0.8,0.6,0.35,0.3556,0.4713,0.4576,0.1998,0.1928,lineup,lineup,"[{""id"": 660271, ""name"": ""Shohei Ohtani"", ""bats"": ""L"", ""obp"": 0.3913894324853229, ""slg"": 0.5439814814814815, ""iso"": 0.2523148148148148, ""ab"": 432}, {""id"": 681624, ""name"": ""Andy Pages"", ""bats"": ""R"", ""obp"": 0.33397312859884837, ""slg"": 0.44967880085653106, ""iso"": 0.18201284796573874, ""ab"": 467}, {""id"": 606192, ""name"": ""Teoscar Hern\u00e1ndez"", ""bats"": ""R"", ""obp"": 0.31137724550898205, ""slg"": 0.40066225165562913, ""iso"": 0.152317880794702, ""ab"": 302}]","[{""id"": 669003, ""name"": ""Garrett Mitchell"", ""bats"": ""L"", ""obp"": 0.35121951219512193, ""slg"": 0.403954802259887, ""iso"": 0.15254237288135591, ""ab"": 354}, {""id"": 694192, ""name"": ""Jackson Chourio"", ""bats"": ""R"", ""obp"": 0.3391959798994975, ""slg"": 0.4709141274238227, ""iso"": 0.19667590027700832, ""ab"": 361}, {""id"": 641343, ""name"": ""Jake Bauers"", ""bats"": ""L"", ""obp"": 0.37471264367816093, ""slg"": 0.4959349593495935, ""iso"": 0.2276422764227642, ""ab"": 369}]","[{""name"": ""era_gap_t1"", ""value"": -1.8062, ""contribution"": -0.1949}, {""name"": ""home_xera"", ""value"": 2.5295, ""contribution"": -0.1625}, {""name"": ""away_top3c_iso"", ""value"": 0.1928, ""contribution"": 0.1008}, {""name"": ""away_top3c_slg"", ""value"": 0.4576, ""contribution"": -0.0876}, {""name"": ""home_fip"", ""value"": 3.3811, ""contribution"": -0.0671}]","[{""name"": ""home_top3c_slg"", ""value"": 0.4713, ""contribution"": -0.1918}, {""name"": ""home_obp"", ""value"": 0.3347, ""contribution"": 0.1463}, {""name"": ""home_top3_ops_vs_oppHand"", ""value"": 0.8693, ""contribution"": 0.1267}, {""name"": ""era_gap_b1"", ""value"": 1.8062, ""contribution"": 0.1225}, {""name"": ""home_top3c_iso"", ""value"": 0.1998, ""contribution"": 0.0983}]",483912,0.5511,2.53,4.2,86.0,50.0,0.7136,0.7136,6.93,4.73,0.8073,0.8693,L,R,YRFI,WIN,0,1,1,2026-08-15T02:30:48+00:00,-120,-110,DraftKings,2026-08-15T00:57:13+00:00,0.5455,0.5238,-0.1008,0.0315,0.0315,N,0.5,0,-120,-105,2026-08-14T14:24:18+00:00,0.0116,0.4594,PASS,NO EDGE,,,,,,,
2026-08-14,2026,824643,1,N,STL,CHC,2:20 PM ET,Matthew Liberatore,Clay Holmes,669461,605280,live,live,live,live,1.0,0.4473,0.6505,1.0978,0.2316,0.5524,0.784,0.4832,0.5168,0.3002,0.6998,0.456581,0.543419,PASS,NO EDGE,PASS - No edge,4,2026-08-14T17:48:31Z,4.905,3.139,1.465,1.221,4.546,3.745,3.15,3.37,1.47,0.69,8.36,7.23,0.316,0.336,0.382,0.417,4.386,5.12,23.3,7.9,88.0,0.0,0.6,0.4,0.7,0.5,0.3625,0.3549,0.474,0.418,0.2054,0.1573,lineup,lineup,"[{""id"": 691718, ""name"": ""Pete Crow-Armstrong"", ""bats"": ""L"", ""obp"": 0.3807763401109057, ""slg"": 0.538961038961039, ""iso"": 0.25757575757575757, ""ab"": 462}, {""id"": 673548, ""name"": ""Seiya Suzuki"", ""bats"": ""R"", ""obp"": 0.3618421052631579, ""slg"": 0.4759493670886076, ""iso"": 0.2050632911392405, ""ab"": 395}, {""id"": 608324, ""name"": ""Alex Bregman"", ""bats"": ""R"", ""obp"": 0.344954128440367, ""slg"": 0.4088983050847458, ""iso"": 0.15466101694915257, ""ab"": 472}]","[{""id"": 802139, ""name"": ""JJ Wetherholt"", ""bats"": ""L"", ""obp"": 0.3512476007677543, ""slg"": 0.3797752808988764, ""iso"": 0.1348314606741573, ""ab"": 445}, {""id"": 671056, ""name"": ""Iv\u00e1n Herrera"", ""bats"": ""R"", ""obp"": 0.35887850467289717, ""slg"": 0.39072847682119205, ""iso"": 0.141280353200883, ""ab"": 453}, {""id"": 676475, ""name"": ""Alec Burleson"", ""bats"": ""L"", ""obp"": 0.3543307086614173, ""slg"": 0.4824561403508772, ""iso"": 0.19517543859649122, ""ab"": 456}]","[{""name"": ""era_gap_t1"", ""value"": -1.7657, ""contribution"": -0.1906}, {""name"": ""fi_park_nrfi_rate"", ""value"": 0.5429, ""contribution"": -0.1558}, {""name"": ""away_top3c_iso"", ""value"": 0.1573, ""contribution"": -0.1492}, {""name"": ""away_top3c_slg"", ""value"": 0.418, ""contribution"": 0.1127}, {""name"": ""away_top3_ops_vs_oppHand"", ""value"": 0.8193, ""contribution"": 0.0531}]","[{""name"": ""fi_park_nrfi_rate"", ""value"": 0.5429, ""contribution"": -0.2395}, {""name"": ""home_top3c_slg"", ""value"": 0.474, ""contribution"": -0.209}, {""name"": ""home_top3_ops_vs_oppHand"", ""value"": 0.9103, ""contribution"": 0.1758}, {""name"": ""home_obp"", ""value"": 0.3365, ""contribution"": 0.1588}, {""name"": ""away_whiff_pct_rank"", ""value"": 14.0, ""contribution"": 0.1549}]",607884,0.5403,4.096,4.999,34.0,14.0,0.664,0.664,5.33,5.2,0.8193,0.9103,L,R,NRFI,PASS,0,0,0,2026-08-14T18:31:34+00:00,-120,-105,DraftKings,2026-08-14T18:54:10+00:00,0.5455,0.5122,-0.0591,0.0014,,N,,,-115,-110,2026-08-14T14:24:18+00:00,,0.4628,PASS,NO EDGE,,,,,,,
2026-08-14,2026,823185,1,N,COL,SF,10:15 PM ET,Kyle Freeland,Landen Roupp,607536,694738,live,live,live,live,0.94,0.4595,0.522,0.9816,0.2688,0.4075,0.6763,0.5064,0.4936,0.2575,0.7425,0.508493,0.491507,NRFI,LEAN,LEAN NRFI,4,2026-08-15T01:02:30Z,6.196,4.127,1.479,1.33,4.521,3.665,2.09,4.05,1.56,0.73,7.48,8.9,0.322,0.307,0.419,0.406,4.739,4.121,18.3,16.8,76.0,0.0,1.0,0.4,0.8,0.5,0.3261,0.3295,0.4544,0.4893,0.2087,0.2097,lineup,lineup,"[{""id"": 813841, ""name"": ""Jonah Cox"", ""bats"": ""R"", ""obp"": 0.2692307692307692, ""slg"": 0.5, ""iso"": 0.23076923076923078, ""ab"": 26}, {""id"": 646240, ""name"": ""Rafael Devers"", ""bats"": ""L"", ""obp"": 0.32093933463796476, ""slg"": 0.4669603524229075, ""iso"": 0.22246696035242292, ""ab"": 454}, {""id"": 805811, ""name"": ""Bryce Eldridge"", ""bats"": ""L"", ""obp"": 0.33962264150943394, ""slg"": 0.4296028880866426, ""iso"": 0.18411552346570398, ""ab"": 277}]","[{""id"": 664983, ""name"": ""Jake McCarthy"", ""bats"": ""L"", ""obp"": 0.3366093366093366, ""slg"": 0.5052631578947369, ""iso"": 0.20526315789473687, ""ab"": 380}, {""id"": 666160, ""name"": ""Mickey Moniak"", ""bats"": ""L"", ""obp"": 0.31290322580645163, ""slg"": 0.5492957746478874, ""iso"": 0.27816901408450706, ""ab"": 284}, {""id"": 650489, ""name"": ""Willi Castro"", ""bats"": ""S"", ""obp"": 0.33497536945812806, ""slg"": 0.4262295081967213, ""iso"": 0.16120218579234968, ""ab"": 366}]","[{""name"": ""away_top3c_slg"", ""value"": 0.4893, ""contribution"": -0.2484}, {""name"": ""era_gap_t1"", ""value"": -2.0689, ""contribution"": -0.2234}, {""name"": ""away_top3c_iso"", ""value"": 0.2097, ""contribution"": 0.2199}, {""name"": ""away_top3_ops_vs_oppHand"", ""value"": 0.8443, ""contribution"": 0.0786}, {""name"": ""home_fip"", ""value"": 3.665, ""contribution"": -0.0352}]","[{""name"": ""home_top3_ops_vs_oppHand"", ""value"": 0.6017, ""contribution"": -0.1937}, {""name"": ""era_gap_b1"", ""value"": 2.0689, ""contribution"": 0.1404}, {""name"": ""home_top3c_iso"", ""value"": 0.2087, ""contribution"": 0.1402}, {""name"": ""away_whiff_pct_rank"", ""value"": 24.0, ""contribution"": 0.1117}, {""name"": ""home_top3c_slg"", ""value"": 0.4544, ""contribution"": -0.0872}]",483561,0.5039,3.796,4.924,41.0,24.0,0.7136,0.6862,5.33,6.13,0.8443,0.6017,L,R,NRFI,WIN,0,0,0,2026-08-15T02:25:35+00:00,-135,+105,DraftKings,2026-08-15T00:57:13+00:00,0.5745,0.4878,-0.0681,0.0058,-0.0681,N,0.5,0,-135,+105,2026-08-14T14:24:18+00:00,0,0.4589,PASS,NO EDGE,,,,,,,
2026-08-14,2026,823591,1,N,WSH,NYM,7:10 PM ET,Andrew Alvarez,Robert Stock,674841,476594,ltd,sm,live,live,0.96,0.5603,0.4384,0.9987,0.4433,0.3217,0.765,0.486,0.514,0.2637,0.7363,0.46532,0.53468,PASS,NO EDGE,PASS - No edge,4,2026-08-14T23:04:24Z,3.779,5.163,1.338,1.405,3.444,4.263,3.78,3.38,0.55,1.2,8.5,8.79,0.327,0.307,0.437,0.39,5.286,4.215,26.4,13.2,57.0,0.0,0.5,1.0,0.5,1.0,0.3193,0.3363,0.3957,0.505,0.1404,0.2339,lineup,lineup,"[{""id"": 805999, ""name"": ""A.J. Ewing"", ""bats"": ""L"", ""obp"": 0.3303030303030303, ""slg"": 0.391156462585034, ""iso"": 0.13265306122448978, ""ab"": 294}, {""id"": 596019, ""name"": ""Francisco Lindor"", ""bats"": ""S"", ""obp"": 0.3250883392226148, ""slg"": 0.4302788844621514, ""iso"": 0.19123505976095617, ""ab"": 251}, {""id"": 666182, ""name"": ""Bo Bichette"", ""bats"": ""R"", ""obp"": 0.30916030534351147, ""slg"": 0.3804573804573805, ""iso"": 0.11850311850311851, ""ab"": 481}]","[{""id"": 682928, ""name"": ""CJ Abrams"", ""bats"": ""L"", ""obp"": 0.357421875, ""slg"": 0.541019955654102, ""iso"": 0.2572062084257206, ""ab"": 451}, {""id"": 694673, ""name"": ""Abimelec Ortiz"", ""bats"": ""L"", ""obp"": 0.3548387096774194, ""slg"": 0.7666666666666667, ""iso"": 0.4333333333333334, ""ab"": 30}, {""id"": 691781, ""name"": ""Brady House"", ""bats"": ""R"", ""obp"": 0.2875536480686695, ""slg"": 0.39351851851851855, ""iso"": 0.15740740740740744, ""ab"": 216}]","[{""name"": ""away_top3c_iso"", ""value"": 0.2339, ""contribution"": 0.39}, {""name"": ""away_top3c_slg"", ""value"": 0.505, ""contribution"": -0.328}, {""name"": ""era_gap_t1"", ""value"": 1.3843, ""contribution"": 0.1505}, {""name"": ""away_top3_ops_vs_oppHand"", ""value"": 0.8973, ""contribution"": 0.1326}, {""name"": ""home_p_last10_pitcher_nrfi"", ""value"": 0.5, ""contribution"": -0.0846}]","[{""name"": ""home_top3c_slg"", ""value"": 0.3957, ""contribution"": 0.2776}, {""name"": ""home_top3c_iso"", ""value"": 0.1404, ""contribution"": -0.1825}, {""name"": ""era_gap_b1"", ""value"": -1.3843, ""contribution"": -0.0946}, {""name"": ""away_p_last10_pitcher_nrfi"", ""value"": 1.0, ""contribution"": -0.0929}, {""name"": ""home_top3c_obp"", ""value"": 0.3193, ""contribution"": -0.0737}]",605671,0.5497,4.2,4.2,50.0,50.0,0.7136,0.6796,4.0,5.2,0.8973,0.7527,L,R,NRFI,PASS,0,0,0,2026-08-14T23:22:51+00:00,-110,-120,DraftKings,2026-08-14T23:21:36+00:00,0.5238,0.5455,-0.0378,-0.0315,,N,,,-120,-110,2026-08-14T14:24:18+00:00,,0.4620,PASS,NO EDGE,,,,,,,
2026-08-14,2026,822777,1,N,NYY,TOR,7:15 PM ET,Gerrit Cole,Shane Bieber,543037,669456,ltd,ltd,live,live,1.01,0.6501,0.416,1.0661,0.4614,0.2725,0.7339,0.4908,0.5092,0.2885,0.7115,0.48001,0.51999,PASS,NO EDGE,PASS - No edge,4,2026-08-14T23:04:24Z,3.623,4.745,1.14,1.426,3.709,5.226,2.25,3.72,1.23,1.67,9.43,7.69,0.311,0.304,0.411,0.378,4.504,3.982,,,,1.0,0.8,1.0,0.6,0.7,0.3296,0.3301,0.3604,0.4714,0.0962,0.2346,lineup,lineup,"[{""id"": 703520, ""name"": ""Brett Bateman"", ""bats"": ""L"", ""obp"": 0.3103448275862069, ""slg"": 0.3333333333333333, ""iso"": 0.07407407407407407, ""ab"": 27}, {""id"": 664770, ""name"": ""Nathan Lukes"", ""bats"": ""L"", ""obp"": 0.31921824104234525, ""slg"": 0.36971830985915494, ""iso"": 0.10211267605633806, ""ab"": 284}, {""id"": 807727, ""name"": ""Charles McAdoo"", ""bats"": ""R"", ""obp"": 0.25, ""slg"": 0.3611111111111111, ""iso"": 0.16666666666666666, ""ab"": 36}]","[{""id"": 663757, ""name"": ""Trent Grisham"", ""bats"": ""L"", ""obp"": 0.31343283582089554, ""slg"": 0.41595441595441596, ""iso"": 0.19373219373219375, ""ab"": 351}, {""id"": 700250, ""name"": ""Ben Rice"", ""bats"": ""L"", ""obp"": 0.35080645161290325, ""slg"": 0.5395348837209303, ""iso"": 0.2837209302325582, ""ab"": 430}, {""id"": 682987, ""name"": ""Spencer Jones"", ""bats"": ""L"", ""obp"": 0.3055555555555556, ""slg"": 0.3937007874015748, ""iso"": 0.18110236220472442, ""ab"": 127}]","[{""name"": ""away_top3c_iso"", ""value"": 0.2346, ""contribution"": 0.3951}, {""name"": ""away_top3c_slg"", ""value"": 0.4714, ""contribution"": -0.1575}, {""name"": ""home_fip"", ""value"": 5.2256, ""contribution"": 0.14}, {""name"": ""era_gap_t1"", ""value"": 1.1221, ""contribution"": 0.1221}, {""name"": ""home_p_last10_pitcher_nrfi"", ""value"": 0.6, ""contribution"": -0.0455}]","[{""name"": ""home_top3c_slg"", ""value"": 0.3604, ""contribution"": 0.4967}, {""name"": ""home_top3c_iso"", ""value"": 0.0962, ""contribution"": -0.3909}, {""name"": ""home_top3_ops_vs_oppHand"", ""value"": 0.628, ""contribution"": -0.1622}, {""name"": ""era_gap_b1"", ""value"": -1.1221, ""contribution"": -0.0767}, {""name"": ""wx_is_dome"", ""value"": 1.0, ""contribution"": -0.0758}]",483569,0.5176,4.2,4.2,50.0,50.0,0.6796,0.768,5.0,6.33,0.7527,0.628,R,R,NRFI,PASS,0,0,0,2026-08-14T23:28:39+00:00,-135,+100,DraftKings,2026-08-14T23:21:36+00:00,0.5745,0.5,-0.0837,0.0092,,N,,,-130,+100,2026-08-14T14:24:18+00:00,,0.6149,NRFI,STRONG,,,,,,,
2026-08-14,2026,824479,1,N,MIA,CIN,6:10 PM ET,Sandy Alcantara,Chase Burns,645261,695505,live,live,live,live,1.09,0.4852,0.488,0.9732,0.2394,0.3982,0.6376,0.516,0.484,0.2544,0.7456,0.528558,0.471442,NRFI,LEAN,LEAN NRFI,4,2026-08-14T21:05:22Z,3.882,3.026,1.19,1.159,3.873,3.462,2.44,3.28,0.98,0.99,7.11,10.44,0.325,0.308,0.404,0.396,4.398,4.174,27.5,4.9,70.0,0.0,0.8,1.0,0.9,0.9,0.3395,0.3439,0.4733,0.3897,0.2227,0.1194,lineup,lineup,"[{""id"": 682829, ""name"": ""Elly De La Cruz"", ""bats"": ""S"", ""obp"": 0.3487858719646799, ""slg"": 0.48872180451127817, ""iso"": 0.22055137844611528, ""ab"": 399}, {""id"": 701398, ""name"": ""Sal Stewart"", ""bats"": ""R"", ""obp"": 0.33653846153846156, ""slg"": 0.48026315789473684, ""iso"": 0.2214912280701754, ""ab"": 456}, {""id"": 668709, ""name"": ""JJ Bleday"", ""bats"": ""L"", ""obp"": 0.33246753246753247, ""slg"": 0.4447852760736196, ""iso"": 0.22699386503067484, ""ab"": 326}]","[{""id"": 805300, ""name"": ""Jakob Marsee"", ""bats"": ""L"", ""obp"": 0.3231441048034934, ""slg"": 0.30848329048843187, ""iso"": 0.10282776349614395, ""ab"": 389}, {""id"": 669364, ""name"": ""Xavier Edwards"", ""bats"": ""S"", ""obp"": 0.36220472440944884, ""slg"": 0.3860045146726862, ""iso"": 0.10383747178329567, ""ab"": 443}, {""id"": 672640, ""name"": ""Otto Lopez"", ""bats"": ""R"", ""obp"": 0.34442270058708413, ""slg"": 0.459915611814346, ""iso"": 0.14767932489451474, ""ab"": 474}]","[{""name"": ""away_top3c_iso"", ""value"": 0.1194, ""contribution"": -0.4158}, {""name"": ""away_top3c_slg"", ""value"": 0.3897, ""contribution"": 0.2559}, {""name"": ""era_gap_t1"", ""value"": -0.8567, ""contribution"": -0.0921}, {""name"": ""home_p_last10_pitcher_nrfi"", ""value"": 0.9, ""contribution"": 0.0716}, {""name"": ""home_xera"", ""value"": 3.4465, ""contribution"": -0.0685}]","[{""name"": ""home_top3c_iso"", ""value"": 0.2227, ""contribution"": 0.2062}, {""name"": ""home_top3c_slg"", ""value"": 0.4733, ""contribution"": -0.2046}, {""name"": ""away_whiff_pct_rank"", ""value"": 28.0, ""contribution"": 0.0945}, {""name"": ""wx_wind_kmh"", ""value"": 4.9, ""contribution"": -0.0694}, {""name"": ""away_p_last10_pitcher_nrfi"", ""value"": 0.9, ""contribution"": -0.0601}]",676581,0.5084,3.446,4.417,100.0,28.0,0.7136,0.751,5.27,6.6,0.7157,0.785,R,R,NRFI,WIN,0,0,0,2026-08-14T22:23:58+00:00,-145,+115,DraftKings,2026-08-14T22:01:03+00:00,0.5918,0.4651,-0.0758,0.0189,-0.0758,N,0.5,0,-130,+100,2026-08-14T14:24:18+00:00,0.0266,0.4877,PASS,NO EDGE,,,,,,,
2026-08-14,2026,824399,1,N,SD,CLE,7:10 PM ET,Michael King,Gavin Williams,650633,668909,live,live,live,live,0.96,0.4348,0.4583,0.8931,0.2766,0.3196,0.5962,0.5355,0.4645,0.225,0.775,0.55089,0.44911,NRFI,LEAN,LEAN NRFI,4,2026-08-14T22:04:16Z,3.451,3.444,1.182,1.09,4.15,3.704,3.51,2.97,1.08,1.34,8.2,11.06,0.314,0.313,0.39,0.372,4.303,4.018,26.2,11.1,66.0,0.0,0.8,0.8,0.8,0.8,0.3412,0.3212,0.4004,0.3902,0.1331,0.1487,lineup,lineup,"[{""id"": 680757, ""name"": ""Steven Kwan"", ""bats"": ""L"", ""obp"": 0.3656387665198238, ""slg"": 0.327319587628866, ""iso"": 0.061855670103092786, ""ab"": 388}, {""id"": 800050, ""name"": ""Chase DeLauter"", ""bats"": ""L"", ""obp"": 0.35891647855530473, ""slg"": 0.44529262086513993, ""iso"": 0.16030534351145037, ""ab"": 393}, {""id"": 682657, ""name"": ""Angel Mart\u00ednez"", ""bats"": ""S"", ""obp"": 0.2773972602739726, ""slg"": 0.43884892086330934, ""iso"": 0.19424460431654675, ""ab"": 278}]","[{""id"": 665487, ""name"": ""Fernando Tatis Jr."", ""bats"": ""R"", ""obp"": 0.35294117647058826, ""slg"": 0.4197002141327623, ""iso"": 0.139186295503212, ""ab"": 467}, {""id"": 630105, ""name"": ""Jake Cronenworth"", ""bats"": ""L"", ""obp"": 0.3068181818181818, ""slg"": 0.2863247863247863, ""iso"": 0.06837606837606836, ""ab"": 234}, {""id"": 592518, ""name"": ""Manny Machado"", ""bats"": ""R"", ""obp"": 0.29563492063492064, ""slg"": 0.41402714932126694, ""iso"": 0.2013574660633484, ""ab"": 442}]","[{""name"": ""away_top3c_slg"", ""value"": 0.3902, ""contribution"": 0.2536}, {""name"": ""away_top3c_iso"", ""value"": 0.1487, ""contribution"": -0.2096}, {""name"": ""fi_park_nrfi_rate"", ""value"": 0.528, ""contribution"": -0.1042}, {""name"": ""away_top3_ops_vs_oppHand"", ""value"": 0.678, ""contribution"": -0.091}, {""name"": ""home_avg_ip_per_start"", ""value"": 6.2667, ""contribution"": -0.0344}]","[{""name"": ""home_top3c_slg"", ""value"": 0.4004, ""contribution"": 0.2486}, {""name"": ""home_top3c_iso"", ""value"": 0.1331, ""contribution"": -0.2165}, {""name"": ""fi_park_nrfi_rate"", ""value"": 0.528, ""contribution"": -0.1602}, {""name"": ""wx_temp_c"", ""value"": 26.2, ""contribution"": 0.0413}, {""name"": ""home_top3_ops_vs_oppHand"", ""value"": 0.7357, ""contribution"": -0.0333}]",575629,0.4774,4.171,3.885,88.0,56.0,0.7136,0.7272,6.27,5.6,0.678,0.7357,R,R,NRFI,WIN,0,0,0,2026-08-14T23:28:18+00:00,-165,+125,DraftKings,2026-08-14T23:21:36+00:00,0.6226,0.4444,-0.0871,0.0201,-0.0871,N,0.5,0,-145,+110,2026-08-14T14:24:18+00:00,0.0308,0.5253,PASS,NO EDGE,,,,,,,
2026-08-14,2026,824237,1,N,CWS,DET,6:40 PM ET,Sean Newcomb,Jackson Jobe,656794,695549,live,ltd,live,live,0.98,0.522,0.4174,0.9394,0.3846,0.3069,0.6914,0.5013,0.4987,0.242,0.758,0.500854,0.499146,NRFI,LEAN,LEAN NRFI,4,2026-08-14T21:34:04Z,2.815,3.725,1.208,1.248,2.997,4.31,3.14,3.54,0.43,1.1,8.59,8.0,0.317,0.32,0.407,0.407,4.752,4.555,27.4,8.0,61.0,0.0,0.8,0.8,0.5,0.6667,0.3626,0.3557,0.4506,0.4665,0.1795,0.2185,lineup,lineup,"[{""id"": 650402, ""name"": ""Gleyber Torres"", ""bats"": ""R"", ""obp"": 0.36971830985915494, ""slg"": 0.3907563025210084, ""iso"": 0.13445378151260506, ""ab"": 238}, {""id"": 693307, ""name"": ""Dillon Dingler"", ""bats"": ""R"", ""obp"": 0.3276955602536998, ""slg"": 0.5093457943925234, ""iso"": 0.24532710280373832, ""ab"": 428}, {""id"": 805808, ""name"": ""Kevin McGonigle"", ""bats"": ""L"", ""obp"": 0.39015151515151514, ""slg"": 0.4263392857142857, ""iso"": 0.140625, ""ab"": 448}]","[{""id"": 686668, ""name"": ""Brenton Doyle"", ""bats"": ""R"", ""obp"": 0.2857142857142857, ""slg"": 0.30985915492957744, ""iso"": 0.0845070422535211, ""ab"": 142}, {""id"": 808959, ""name"": ""Munetaka Murakami"", ""bats"": ""L"", ""obp"": 0.36684782608695654, ""slg"": 0.5313531353135313, ""iso"": 0.297029702970297, ""ab"": 303}, {""id"": 678246, ""name"": ""Miguel Vargas"", ""bats"": ""R"", ""obp"": 0.33849129593810445, ""slg"": 0.46697038724373574, ""iso"": 0.23462414578587698, ""ab"": 439}]","[{""name"": ""away_top3c_iso"", ""value"": 0.2185, ""contribution"": 0.2821}, {""name"": ""away_top3c_slg"", ""value"": 0.4665, ""contribution"": -0.1328}, {""name"": ""fi_park_nrfi_rate"", ""value"": 0.5322, ""contribution"": -0.1188}, {""name"": ""era_gap_t1"", ""value"": 0.9095, ""contribution"": 0.0991}, {""name"": ""away_top3_ops_vs_oppHand"", ""value"": 0.859, ""contribution"": 0.0935}]","[{""name"": ""fi_park_nrfi_rate"", ""value"": 0.5322, ""contribution"": -0.1826}, {""name"": ""home_top3_ops_vs_oppHand"", ""value"": 0.6657, ""contribution"": -0.1171}, {""name"": ""away_fip"", ""value"": 2.997, ""contribution"": -0.1059}, {""name"": ""away_whiff_pct_rank"", ""value"": 26.0, ""contribution"": 0.1031}, {""name"": ""home_top3c_obp"", ""value"": 0.3626, ""contribution"": 0.0782}]",482666,0.522,4.2,3.61,50.0,26.0,0.6796,0.7136,5.27,4.27,0.859,0.6657,L,R,YRFI,LOSS,1,0,1,2026-08-14T23:01:06+00:00,-110,-120,DraftKings,2026-08-14T22:56:41+00:00,0.5238,0.5455,-0.0225,-0.0468,-0.0225,N,0.5,0,-115,-115,2026-08-14T14:24:18+00:00,-0.0111,0.4877,PASS,NO EDGE,,,,,,,
2026-08-14,2026,824159,1,N,SEA,HOU,8:10 PM ET,George Kirby,Peter Lambert,669923,663567,live,live,live,live,0.99,0.4417,0.4455,0.8871,0.3065,0.3831,0.6896,0.5018,0.4982,0.2228,0.7772,0.501757,0.498243,NRFI,LEAN,LEAN NRFI,4,2026-08-14T23:04:24Z,3.803,3.372,1.251,1.179,3.64,3.906,1.95,3.35,1.09,1.02,8.14,8.81,0.308,0.319,0.378,0.411,3.916,4.573,,,,1.0,0.8,0.8,0.9,0.7,0.3821,0.3401,0.5078,0.4445,0.2191,0.1804,lineup,lineup,"[{""id"": 665161, ""name"": ""Jeremy Pe\u00f1a"", ""bats"": ""R"", ""obp"": 0.34782608695652173, ""slg"": 0.47440273037542663, ""iso"": 0.18430034129692835, ""ab"": 293}, {""id"": 670541, ""name"": ""Yordan Alvarez"", ""bats"": ""L"", ""obp"": 0.4358490566037736, ""slg"": 0.6206896551724138, ""iso"": 0.2988505747126437, ""ab"": 435}, {""id"": 670623, ""name"": ""Isaac Paredes"", ""bats"": ""R"", ""obp"": 0.3463114754098361, ""slg"": 0.4146919431279621, ""iso"": 0.16113744075829384, ""ab"": 422}]","[{""id"": 702284, ""name"": ""Cole Young"", ""bats"": ""L"", ""obp"": 0.31958762886597936, ""slg"": 0.4040632054176072, ""iso"": 0.14221218961625282, ""ab"": 443}, {""id"": 668227, ""name"": ""Randy Arozarena"", ""bats"": ""R"", ""obp"": 0.36960985626283366, ""slg"": 0.4523809523809524, ""iso"": 0.17619047619047618, ""ab"": 420}, {""id"": 686527, ""name"": ""Dominic Canzone"", ""bats"": ""L"", ""obp"": 0.3277310924369748, ""slg"": 0.49056603773584906, ""iso"": 0.2389937106918239, ""ab"": 318}]","[{""name"": ""home_xera"", ""value"": 2.829, ""contribution"": -0.1318}, {""name"": ""home_p_last10_pitcher_nrfi"", ""value"": 0.9, ""contribution"": 0.0716}, {""name"": ""fi_park_nrfi_rate"", ""value"": 0.482, ""contribution"": 0.0547}, {""name"": ""era_gap_t1"", ""value"": -0.4313, ""contribution"": -0.0461}, {""name"": ""away_top3_ops_vs_oppHand"", ""value"": 0.7987, ""contribution"": 0.032}]","[{""name"": ""home_top3c_slg"", ""value"": 0.5078, ""contribution"": -0.4189}, {""name"": ""home_top3_ops_vs_oppHand"", ""value"": 0.9293, ""contribution"": 0.1986}, {""name"": ""home_top3c_iso"", ""value"": 0.2191, ""contribution"": 0.1894}, {""name"": ""home_top3c_obp"", ""value"": 0.3821, ""contribution"": 0.1466}, {""name"": ""away_whiff_pct_rank"", ""value"": 72.0, ""contribution"": -0.0954}]",623945,0.5123,2.829,3.551,50.0,72.0,0.7136,0.7412,5.53,5.6,0.7987,0.9293,R,R,YRFI,LOSS,2,1,3,2026-08-15T00:27:47+00:00,-130,+100,DraftKings,2026-08-14T23:36:04+00:00,0.5652,0.5,-0.0634,-0.0018,-0.0634,N,0.5,0,-120,-110,2026-08-14T14:24:18+00:00,0.0198,0.6370,NRFI,STRONG,,,,,,,
2026-08-14,2026,823346,1,N,BOS,PIT,6:40 PM ET,Jake Bennett,Bubba Chandler,687562,696149,ltd,live,live,live,0.96,0.4965,0.4409,0.9375,0.3258,0.2612,0.587,0.5414,0.4586,0.2413,0.7587,0.555974,0.444026,NRFI,LEAN,LEAN NRFI,4,2026-08-14T21:34:04Z,3.514,4.227,1.116,1.327,3.579,4.062,2.25,4.21,0.8,0.84,7.27,8.2,0.32,0.332,0.402,0.411,4.452,4.96,24.3,2.5,83.0,0.0,0.8,1.0,0.9,1.0,0.3688,0.344,0.4157,0.398,0.1295,0.1405,lineup,lineup,"[{""id"": 694378, ""name"": ""Jacob Gonzalez"", ""bats"": ""L"", ""obp"": 0.2883435582822086, ""slg"": 0.3933333333333333, ""iso"": 0.15999999999999998, ""ab"": 150}, {""id"": 682927, ""name"": ""Ronny Simon"", ""bats"": ""S"", ""obp"": 0.38461538461538464, ""slg"": 0.375, ""iso"": 0.041666666666666685, ""ab"": 24}, {""id"": 668804, ""name"": ""Bryan Reynolds"", ""bats"": ""S"", ""obp"": 0.37383177570093457, ""slg"": 0.43237250554323725, ""iso"": 0.17073170731707316, ""ab"": 451}]","[{""id"": 686765, ""name"": ""Nick Sogard"", ""bats"": ""S"", ""obp"": 0.36792452830188677, ""slg"": 0.3258426966292135, ""iso"": 0.07865168539325845, ""ab"": 89}, {""id"": 807799, ""name"": ""Masataka Yoshida"", ""bats"": ""L"", ""obp"": 0.3448275862068966, ""slg"": 0.39453125, ""iso"": 0.125, ""ab"": 256}, {""id"": 668939, ""name"": ""Adley Rutschman"", ""bats"": ""S"", ""obp"": 0.33447098976109213, ""slg"": 0.4268774703557312, ""iso"": 0.17786561264822132, ""ab"": 253}]","[{""name"": ""away_top3c_iso"", ""value"": 0.1405, ""contribution"": -0.2678}, {""name"": ""away_top3c_slg"", ""value"": 0.398, ""contribution"": 0.2141}, {""name"": ""era_gap_t1"", ""value"": 0.7127, ""contribution"": 0.0778}, {""name"": ""fi_park_nrfi_rate"", ""value"": 0.5188, ""contribution"": -0.0724}, {""name"": ""home_p_last10_pitcher_nrfi"", ""value"": 0.9, ""contribution"": 0.0716}]","[{""name"": ""home_top3c_iso"", ""value"": 0.1295, ""contribution"": -0.2338}, {""name"": ""home_top3_ops_vs_oppHand"", ""value"": 0.6073, ""contribution"": -0.1869}, {""name"": ""home_top3c_slg"", ""value"": 0.4157, ""contribution"": 0.1536}, {""name"": ""home_obp"", ""value"": 0.332, ""contribution"": 0.1277}, {""name"": ""fi_park_nrfi_rate"", ""value"": 0.5188, ""contribution"": -0.1113}]",605674,0.5127,4.349,4.2,76.0,50.0,0.7136,0.7136,5.33,5.8,0.7547,0.6073,L,R,NRFI,WIN,0,0,0,2026-08-14T22:54:50+00:00,-130,+100,DraftKings,2026-08-14T22:56:41+00:00,0.5652,0.5,-0.0238,-0.0414,-0.0238,N,0.5,0,-125,-105,2026-08-14T14:24:18+00:00,0.0097,0.4877,PASS,NO EDGE,,,,,,,
2026-08-14,2026,824968,1,N,TEX,OAK,9:40 PM ET,Kumar Rocker,Gage Jump,677958,695611,live,ltd,live,live,0.93,0.4551,0.5528,1.0079,0.3886,0.5369,0.9255,0.4269,0.5731,0.2671,0.7329,0.396335,0.603665,YRFI,LEAN,LEAN YRFI,4,2026-08-15T00:35:09Z,4.605,4.357,1.377,1.389,4.414,3.761,3.32,3.69,1.32,0.99,8.33,9.86,0.316,0.316,0.396,0.4,4.12,4.349,19.3,15.1,72.0,0.0,0.6,0.6,0.7,0.6,0.3181,0.3238,0.4043,0.4354,0.1489,0.1854,lineup,lineup,"[{""id"": 643446, ""name"": ""Jeff McNeil"", ""bats"": ""L"", ""obp"": 0.31197771587743733, ""slg"": 0.3312883435582822, ""iso"": 0.07668711656441718, ""ab"": 326}, {""id"": 675961, ""name"": ""Alika Williams"", ""bats"": ""R"", ""obp"": 0.3007518796992481, ""slg"": 0.392, ""iso"": 0.128, ""ab"": 125}, {""id"": 691016, ""name"": ""Tyler Soderstrom"", ""bats"": ""L"", ""obp"": 0.33705357142857145, ""slg"": 0.4744897959183674, ""iso"": 0.2295918367346939, ""ab"": 392}]","[{""id"": 694671, ""name"": ""Wyatt Langford"", ""bats"": ""R"", ""obp"": 0.31543624161073824, ""slg"": 0.46153846153846156, ""iso"": 0.20879120879120883, ""ab"": 273}, {""id"": 607043, ""name"": ""Brandon Nimmo"", ""bats"": ""L"", ""obp"": 0.34151329243353784, ""slg"": 0.4421768707482993, ""iso"": 0.1678004535147392, ""ab"": 441}, {""id"": 608369, ""name"": ""Corey Seager"", ""bats"": ""L"", ""obp"": 0.3007518796992481, ""slg"": 0.391304347826087, ""iso"": 0.19130434782608696, ""ab"": 230}]","[{""name"": ""fi_park_nrfi_rate"", ""value"": 0.4422, ""contribution"": 0.1922}, {""name"": ""away_top3c_iso"", ""value"": 0.1854, ""contribution"": 0.0485}, {""name"": ""era_gap_t1"", ""value"": -0.2487, ""contribution"": -0.0263}, {""name"": ""away_top3c_slg"", ""value"": 0.4354, ""contribution"": 0.0248}, {""name"": ""home_fip"", ""value"": 3.7612, ""contribution"": -0.0244}]","[{""name"": ""fi_park_nrfi_rate"", ""value"": 0.4422, ""contribution"": 0.2954}, {""name"": ""home_top3c_slg"", ""value"": 0.4043, ""contribution"": 0.2245}, {""name"": ""home_top3c_iso"", ""value"": 0.1489, ""contribution"": -0.142}, {""name"": ""home_top3c_obp"", ""value"": 0.3181, ""contribution"": -0.0779}, {""name"": ""away_fip"", ""value"": 4.4144, ""contribution"": 0.0456}]",482631,0.538,4.2,4.973,50.0,44.0,0.7136,0.6487,4.8,5.33,0.766,0.7473,R,L,YRFI,WIN,0,3,3,2026-08-15T02:07:20+00:00,+100,-130,DraftKings,2026-08-15T00:57:13+00:00,0.5,0.5652,-0.0731,0.0079,0.0079,N,0.5,0,+100,-130,2026-08-14T14:24:18+00:00,0,0.4144,YRFI,STRONG,,,,,,,
2026-08-14,2026,822942,1,N,BAL,TB,7:10 PM ET,Chris Bassitt,Steven Matz,605135,571927,live,live,live,live,0.93,0.4966,0.5422,1.0388,0.4414,0.5539,0.9953,0.3911,0.6089,0.2785,0.7215,0.3696,0.6304,YRFI,STRONG,STRONG YRFI,4,2026-08-14T22:04:16Z,4.725,4.68,1.505,1.201,4.228,4.6,3.21,2.5,1.05,1.46,7.12,7.21,0.32,0.329,0.396,0.408,4.489,4.567,,,,1.0,0.4,0.6,0.5,0.5,0.3603,0.3289,0.4217,0.445,0.1238,0.2037,lineup,lineup,"[{""id"": 650490, ""name"": ""Yandy D\u00edaz"", ""bats"": ""R"", ""obp"": 0.37058823529411766, ""slg"": 0.46578366445916114, ""iso"": 0.16335540838852097, ""ab"": 453}, {""id"": 622761, ""name"": ""Jorge Mateo"", ""bats"": ""R"", ""obp"": 0.2846715328467153, ""slg"": 0.3798449612403101, ""iso"": 0.13953488372093023, ""ab"": 129}, {""id"": 802415, ""name"": ""Chandler Simpson"", ""bats"": ""L"", ""obp"": 0.3340857787810384, ""slg"": 0.3645083932853717, ""iso"": 0.057553956834532405, ""ab"": 417}]","[{""id"": 624413, ""name"": ""Pete Alonso"", ""bats"": ""R"", ""obp"": 0.3530534351145038, ""slg"": 0.48008849557522126, ""iso"": 0.22123893805309736, ""ab"": 452}, {""id"": 702616, ""name"": ""Jackson Holliday"", ""bats"": ""L"", ""obp"": 0.34347826086956523, ""slg"": 0.37948717948717947, ""iso"": 0.13846153846153844, ""ab"": 195}, {""id"": 691723, ""name"": ""Coby Mayo"", ""bats"": ""R"", ""obp"": 0.2768729641693811, ""slg"": 0.43416370106761565, ""iso"": 0.22064056939501778, ""ab"": 281}]","[{""name"": ""fi_park_nrfi_rate"", ""value"": 0.4376, ""contribution"": 0.2081}, {""name"": ""away_top3c_iso"", ""value"": 0.2037, ""contribution"": 0.1773}, {""name"": ""home_p_last10_pitcher_nrfi"", ""value"": 0.5, ""contribution"": -0.0846}, {""name"": ""home_fip"", ""value"": 4.6004, ""contribution"": 0.0698}, {""name"": ""away_top3_ops_vs_oppHand"", ""value"": 0.8227, ""contribution"": 0.0565}]","[{""name"": ""fi_park_nrfi_rate"", ""value"": 0.4376, ""contribution"": 0.3199}, {""name"": ""home_top3c_iso"", ""value"": 0.1238, ""contribution"": -0.2608}, {""name"": ""home_top3c_slg"", ""value"": 0.4217, ""contribution"": 0.1161}, {""name"": ""home_obp"", ""value"": 0.3293, ""contribution"": 0.1088}, {""name"": ""wx_is_dome"", ""value"": 1.0, ""contribution"": -0.0758}]",490319,0.5366,3.621,4.3,7.0,33.0,0.7272,0.6883,4.33,4.93,0.8227,0.81,R,L,NRFI,LOSS,0,0,0,2026-08-14T23:26:46+00:00,-120,-110,DraftKings,2026-08-14T22:16:38+00:00,0.5455,0.5238,-0.1544,0.0851,0.0851,Y,4,-4,-135,+105,2026-08-14T14:24:18+00:00,0.036,0.4877,PASS,NO EDGE,,,,,,,0.6089
2026-08-14,2026,824882,1,N,ARI,ATL,7:15 PM ET,Brandon Pfaadt,Chris Sale,694297,519242,live,live,live,live,0.98,0.3151,0.4834,0.7985,0.2318,0.4002,0.632,0.5168,0.4832,0.1907,0.8093,0.531537,0.468463,NRFI,LEAN,LEAN NRFI,4,2026-08-14T22:12:55Z,3.964,2.293,1.242,1.032,4.054,2.352,2.33,2.11,1.0,0.64,6.28,11.25,0.316,0.314,0.397,0.419,4.522,4.842,26.8,9.1,76.0,0.0,1.0,0.8,1.0,0.8,0.3504,0.3579,0.4887,0.436,0.2259,0.1749,lineup,lineup,"[{""id"": 686948, ""name"": ""Drake Baldwin"", ""bats"": ""L"", ""obp"": 0.36009174311926606, ""slg"": 0.4516971279373368, ""iso"": 0.17754569190600522, ""ab"": 383}, {""id"": 660670, ""name"": ""Ronald Acu\u00f1a Jr."", ""bats"": ""R"", ""obp"": 0.3540983606557377, ""slg"": 0.43410852713178294, ""iso"": 0.18992248062015504, ""ab"": 258}, {""id"": 621566, ""name"": ""Matt Olson"", ""bats"": ""L"", ""obp"": 0.34026465028355385, ""slg"": 0.548936170212766, ""iso"": 0.2851063829787234, ""ab"": 470}]","[{""id"": 672695, ""name"": ""Geraldo Perdomo"", ""bats"": ""S"", ""obp"": 0.35856573705179284, ""slg"": 0.3738095238095238, ""iso"": 0.1285714285714286, ""ab"": 420}, {""id"": 682998, ""name"": ""Corbin Carroll"", ""bats"": ""L"", ""obp"": 0.337890625, ""slg"": 0.481981981981982, ""iso"": 0.23873873873873874, ""ab"": 444}, {""id"": 672515, ""name"": ""Gabriel Moreno"", ""bats"": ""R"", ""obp"": 0.38341968911917096, ""slg"": 0.45317220543806647, ""iso"": 0.14803625377643503, ""ab"": 331}]","[{""name"": ""home_fip"", ""value"": 2.3522, ""contribution"": -0.1826}, {""name"": ""era_gap_t1"", ""value"": -1.6706, ""contribution"": -0.1803}, {""name"": ""home_xera"", ""value"": 2.5201, ""contribution"": -0.1635}, {""name"": ""home_p_last10_pitcher_nrfi"", ""value"": 1.0, ""contribution"": 0.1107}, {""name"": ""away_top3_ops_vs_oppHand"", ""value"": 0.8107, ""contribution"": 0.0443}]","[{""name"": ""home_top3c_slg"", ""value"": 0.4887, ""contribution"": -0.3004}, {""name"": ""home_top3c_iso"", ""value"": 0.2259, ""contribution"": 0.2215}, {""name"": ""home_top3_ops_vs_oppHand"", ""value"": 0.869, ""contribution"": 0.1263}, {""name"": ""era_gap_b1"", ""value"": 1.6706, ""contribution"": 0.1133}, {""name"": ""fi_park_nrfi_rate"", ""value"": 0.5093, ""contribution"": -0.0612}]",577468,0.4946,2.52,5.939,85.0,50.0,0.7709,0.7197,5.6,6.4,0.8107,0.869,R,L,YRFI,LOSS,1,0,1,2026-08-14T23:35:39+00:00,-130,+100,DraftKings,2026-08-14T23:21:36+00:00,0.5652,0.5,-0.0484,-0.0168,-0.0484,N,0.5,0,-115,-115,2026-08-14T14:24:18+00:00,0.0303,0.4639,PASS,NO EDGE,,,,,,,
2026-08-15,2026,823671,1,N,PHI,MIN,7:10 PM ET,Jesús Luzardo,Connor Prielipp,666200,687570,live,ltd,live,live,0.97,0.4915,0.3708,0.8622,0.2882,0.2358,0.524,0.5784,0.4216,0.2137,0.7863,0.592156,0.407844,NRFI,LEAN,LEAN NRFI,4,2026-08-15T22:04:34Z,3.451,4.587,1.157,1.3,2.817,4.053,2.77,3.32,0.76,1.21,10.96,9.35,0.31,0.319,0.401,0.406,4.417,4.634,27.0,10.6,74.0,0.0,0.4,1.0,0.6,1.0,0.3504,0.3467,0.4597,0.4756,0.198,0.2256,lineup,lineup,"[{""id"": 668885, ""name"": ""Austin Martin"", ""bats"": ""R"", ""obp"": 0.35454545454545455, ""slg"": 0.33212996389891697, ""iso"": 0.09025270758122744, ""ab"": 277}, {""id"": 621439, ""name"": ""Byron Buxton"", ""bats"": ""R"", ""obp"": 0.319672131147541, ""slg"": 0.5432835820895522, ""iso"": 0.2805970149253731, ""ab"": 335}, {""id"": 680777, ""name"": ""Ryan Jeffers"", ""bats"": ""R"", ""obp"": 0.39094650205761317, ""slg"": 0.49514563106796117, ""iso"": 0.20873786407766992, ""ab"": 206}]","[{""id"": 656941, ""name"": ""Kyle Schwarber"", ""bats"": ""L"", ""obp"": 0.37115384615384617, ""slg"": 0.5439814814814815, ""iso"": 0.2939814814814815, ""ab"": 432}, {""id"": 702222, ""name"": ""Justin Crawford"", ""bats"": ""L"", ""obp"": 0.31197771587743733, ""slg"": 0.35135135135135137, ""iso"": 0.08708708708708712, ""ab"": 333}, {""id"": 650559, ""name"": ""Bryan De La Cruz"", ""bats"": ""R"", ""obp"": 0.38235294117647056, ""slg"": 0.5714285714285714, ""iso"": 0.24999999999999994, ""ab"": 28}]","[{""name"": ""away_top3c_iso"", ""value"": 0.2256, ""contribution"": 0.3317}, {""name"": ""home_xera"", ""value"": 1.9461, ""contribution"": -0.2223}, {""name"": ""away_top3c_slg"", ""value"": 0.4756, ""contribution"": -0.1789}, {""name"": ""fi_park_nrfi_rate"", ""value"": 0.5348, ""contribution"": -0.1278}, {""name"": ""era_gap_t1"", ""value"": 1.136, ""contribution"": 0.1236}]","[{""name"": ""fi_park_nrfi_rate"", ""value"": 0.5348, ""contribution"": -0.1964}, {""name"": ""away_whiff_pct_rank"", ""value"": 90.0, ""contribution"": -0.1731}, {""name"": ""away_fip"", ""value"": 2.8175, ""contribution"": -0.1251}, {""name"": ""home_top3c_slg"", ""value"": 0.4597, ""contribution"": -0.1197}, {""name"": ""away_p_last10_pitcher_nrfi"", ""value"": 1.0, ""contribution"": -0.0929}]",605673,0.4897,1.946,3.2,50.0,90.0,0.7136,0.7272,5.4,6.67,0.739,0.8303,L,L,NRFI,WIN,0,0,0,2026-08-15T23:23:43+00:00,-120,-105,DraftKings,2026-08-15T22:27:35+00:00,0.5455,0.5122,0.0329,-0.0906,0.0329,N,0.5,0,-110,-120,2026-08-15T04:03:20+00:00,0.0216,0.6536,NRFI,STRONG,,,,,,,
2026-08-15,2026,823990,1,N,KC,LAA,9:38 PM ET,Randy Dobnak,Reid Detmers,677976,672282,ltd,live,live,live,0.99,0.4272,0.4921,0.9193,0.3612,0.5339,0.8951,0.4345,0.5655,0.2346,0.7654,0.408557,0.591443,YRFI,LEAN,LEAN YRFI,4,2026-08-16T00:35:38Z,3.142,4.014,1.293,1.141,4.119,3.536,3.2,2.96,0.87,1.11,6.86,10.34,0.312,0.312,0.396,0.38,4.185,4.156,27.8,14.8,54.0,0.0,0.8,0.8,0.7,0.8,0.3689,0.338,0.4142,0.4502,0.1472,0.1805,lineup,lineup,"[{""id"": 685133, ""name"": ""Wade Meckler"", ""bats"": ""L"", ""obp"": 0.36666666666666664, ""slg"": 0.4, ""iso"": 0.10000000000000003, ""ab"": 190}, {""id"": 545361, ""name"": ""Mike Trout"", ""bats"": ""R"", ""obp"": 0.38626609442060084, ""slg"": 0.4482758620689655, ""iso"": 0.20424403183023873, ""ab"": 377}, {""id"": 694384, ""name"": ""Nolan Schanuel"", ""bats"": ""L"", ""obp"": 0.3511627906976744, ""slg"": 0.38726790450928383, ""iso"": 0.11405835543766579, ""ab"": 377}]","[{""id"": 679845, ""name"": ""Nick Loftin"", ""bats"": ""R"", ""obp"": 0.3265993265993266, ""slg"": 0.38372093023255816, ""iso"": 0.1434108527131783, ""ab"": 258}, {""id"": 677951, ""name"": ""Bobby Witt Jr."", ""bats"": ""R"", ""obp"": 0.35807860262008734, ""slg"": 0.44717444717444715, ""iso"": 0.16216216216216212, ""ab"": 407}, {""id"": 695506, ""name"": ""Jac Caglianone"", ""bats"": ""L"", ""obp"": 0.32505643340857787, ""slg"": 0.4951219512195122, ""iso"": 0.2219512195121951, ""ab"": 410}]","[{""name"": ""fi_park_nrfi_rate"", ""value"": 0.4526, ""contribution"": 0.1563}, {""name"": ""home_xera"", ""value"": 3.1218, ""contribution"": -0.1018}, {""name"": ""era_gap_t1"", ""value"": 0.8715, ""contribution"": 0.095}, {""name"": ""away_top3c_slg"", ""value"": 0.4502, ""contribution"": -0.0505}, {""name"": ""home_fip"", ""value"": 3.5355, ""contribution"": -0.0498}]","[{""name"": ""fi_park_nrfi_rate"", ""value"": 0.4526, ""contribution"": 0.2403}, {""name"": ""home_top3c_slg"", ""value"": 0.4142, ""contribution"": 0.1627}, {""name"": ""home_top3c_iso"", ""value"": 0.1472, ""contribution"": -0.1499}, {""name"": ""home_top3c_obp"", ""value"": 0.3689, ""contribution"": 0.1003}, {""name"": ""era_gap_b1"", ""value"": -0.8715, ""contribution"": -0.0597}]",511890,0.5521,3.122,4.2,65.0,50.0,0.7075,0.7136,5.27,5.27,0.798,0.7933,R,L,NRFI,LOSS,0,0,0,2026-08-16T01:52:29+00:00,-130,+100,DraftKings,2026-08-16T01:37:53+00:00,0.5652,0.5,-0.1307,0.0655,0.0655,N,0.5,0,-130,+100,2026-08-15T04:03:20+00:00,0,0.4584,PASS,NO EDGE,,,,,,,
2026-08-15,2026,824966,1,N,TEX,OAK,9:40 PM ET,MacKenzie Gore,J.T. Ginn,669022,669372,live,live,live,live,0.93,0.4851,0.4811,0.9662,0.3869,0.4494,0.8363,0.4583,0.5417,0.2518,0.7482,0.433312,0.566688,PASS,NO EDGE,PASS - No edge,4,2026-08-16T01:36:31Z,4.37,3.768,1.265,1.241,3.751,4.236,3.37,3.72,1.14,1.12,10.11,8.36,0.315,0.317,0.395,0.401,4.112,4.376,21.7,16.6,70.0,0.0,0.6,0.6,0.7,0.7,0.3271,0.3316,0.3937,0.4472,0.1292,0.2,lineup,lineup,"[{""id"": 703607, ""name"": ""Henry Bolte"", ""bats"": ""R"", ""obp"": 0.3298611111111111, ""slg"": 0.34765625, ""iso"": 0.09375, ""ab"": 256}, {""id"": 680869, ""name"": ""Zack Gelof"", ""bats"": ""R"", ""obp"": 0.33587786259541985, ""slg"": 0.4979253112033195, ""iso"": 0.21991701244813278, ""ab"": 241}, {""id"": 643446, ""name"": ""Jeff McNeil"", ""bats"": ""L"", ""obp"": 0.31868131868131866, ""slg"": 0.35347432024169184, ""iso"": 0.09063444108761332, ""ab"": 331}]","[{""id"": 592626, ""name"": ""Joc Pederson"", ""bats"": ""L"", ""obp"": 0.34332425068119893, ""slg"": 0.5047318611987381, ""iso"": 0.25552050473186116, ""ab"": 317}, {""id"": 607043, ""name"": ""Brandon Nimmo"", ""bats"": ""L"", ""obp"": 0.33805668016194335, ""slg"": 0.437219730941704, ""iso"": 0.16591928251121074, ""ab"": 446}, {""id"": 608369, ""name"": ""Corey Seager"", ""bats"": ""L"", ""obp"": 0.3037037037037037, ""slg"": 0.3879310344827586, ""iso"": 0.1896551724137931, ""ab"": 232}]","[{""name"": ""fi_park_nrfi_rate"", ""value"": 0.4422, ""contribution"": 0.1922}, {""name"": ""away_top3c_iso"", ""value"": 0.2, ""contribution"": 0.1515}, {""name"": ""era_gap_t1"", ""value"": -0.6019, ""contribution"": -0.0645}, {""name"": ""home_xera"", ""value"": 3.6671, ""contribution"": -0.0459}, {""name"": ""away_top3c_slg"", ""value"": 0.4472, ""contribution"": -0.0353}]","[{""name"": ""fi_park_nrfi_rate"", ""value"": 0.4422, ""contribution"": 0.2954}, {""name"": ""home_top3c_slg"", ""value"": 0.3937, ""contribution"": 0.2899}, {""name"": ""home_top3c_iso"", ""value"": 0.1292, ""contribution"": -0.235}, {""name"": ""away_whiff_pct_rank"", ""value"": 75.0, ""contribution"": -0.1084}, {""name"": ""home_top3_ops_vs_oppHand"", ""value"": 0.7053, ""contribution"": -0.0696}]",658082,0.5146,3.667,4.532,82.0,75.0,0.7197,0.7075,5.33,5.8,0.769,0.7053,L,R,NRFI,PASS,0,0,0,2026-08-16T01:58:44+00:00,+105,-135,DraftKings,2026-08-16T01:37:53+00:00,0.4878,0.5745,-0.0295,-0.0328,,N,,,+105,-135,2026-08-15T04:03:20+00:00,,0.4476,PASS,NO EDGE,,,,,,,
2026-08-15,2026,822941,1,N,BAL,TB,6:10 PM ET,Kyle Bradish,Ian Seymour,680694,693855,live,live,live,live,0.93,0.4304,0.481,0.9114,0.4235,0.3845,0.8081,0.4733,0.5267,0.2317,0.7683,0.445706,0.554294,PASS,NO EDGE,PASS - No edge,4,2026-08-15T22:04:34Z,3.7,4.029,1.306,1.158,3.878,3.728,3.6,2.99,0.97,1.21,8.9,10.22,0.32,0.329,0.397,0.407,4.5,4.57,,,,1.0,0.8,1.0,0.7,0.9,0.3694,0.3403,0.4802,0.436,0.1931,0.1903,lineup,lineup,"[{""id"": 622761, ""name"": ""Jorge Mateo"", ""bats"": ""R"", ""obp"": 0.2846715328467153, ""slg"": 0.3798449612403101, ""iso"": 0.13953488372093023, ""ab"": 129}, {""id"": 666018, ""name"": ""Jonathan Aranda"", ""bats"": ""L"", ""obp"": 0.3713733075435203, ""slg"": 0.42792792792792794, ""iso"": 0.14414414414414417, ""ab"": 444}, {""id"": 691406, ""name"": ""Junior Caminero"", ""bats"": ""R"", ""obp"": 0.36792452830188677, ""slg"": 0.5478260869565217, ""iso"": 0.27173913043478254, ""ab"": 460}]","[{""id"": 650968, ""name"": ""Yohel Pozo"", ""bats"": ""R"", ""obp"": 0.24444444444444444, ""slg"": 0.3409090909090909, ""iso"": 0.09090909090909088, ""ab"": 44}, {""id"": 624413, ""name"": ""Pete Alonso"", ""bats"": ""R"", ""obp"": 0.3534971644612476, ""slg"": 0.47921225382932164, ""iso"": 0.21881838074398247, ""ab"": 457}, {""id"": 702616, ""name"": ""Jackson Holliday"", ""bats"": ""L"", ""obp"": 0.3404255319148936, ""slg"": 0.375, ""iso"": 0.135, ""ab"": 200}]","[{""name"": ""fi_park_nrfi_rate"", ""value"": 0.4376, ""contribution"": 0.2081}, {""name"": ""away_top3c_iso"", ""value"": 0.1903, ""contribution"": 0.0833}, {""name"": ""home_xera"", ""value"": 4.59, ""contribution"": 0.0486}, {""name"": ""era_gap_t1"", ""value"": 0.3286, ""contribution"": 0.0362}, {""name"": ""home_fip"", ""value"": 3.7276, ""contribution"": -0.0282}]","[{""name"": ""fi_park_nrfi_rate"", ""value"": 0.4376, ""contribution"": 0.3199}, {""name"": ""home_top3c_slg"", ""value"": 0.4802, ""contribution"": -0.2471}, {""name"": ""away_whiff_pct_rank"", ""value"": 94.0, ""contribution"": -0.1904}, {""name"": ""home_top3_ops_vs_oppHand"", ""value"": 0.862, ""contribution"": 0.1179}, {""name"": ""home_obp"", ""value"": 0.3293, ""contribution"": 0.1089}]",521889,0.4806,4.59,3.85,87.0,94.0,0.7136,0.7197,4.73,5.27,0.7457,0.862,R,L,NRFI,PASS,0,0,0,2026-08-15T22:24:18+00:00,-130,+100,DraftKings,2026-08-15T21:57:26+00:00,0.5652,0.5,-0.0919,0.0267,,N,,,-145,+110,2026-08-15T04:03:20+00:00,,0.4589,PASS,NO EDGE,,,,,,,
2026-08-15,2026,824884,1,N,ARI,ATL,7:15 PM ET,Eduardo Rodriguez,Grant Holmes,593958,656550,live,live,live,live,0.98,0.5602,0.5401,1.1003,0.4422,0.3792,0.8213,0.4662,0.5338,0.3011,0.6989,0.439846,0.560154,PASS,NO EDGE,PASS - No edge,4,2026-08-15T23:07:07Z,3.207,3.607,1.298,1.324,4.13,4.742,3.08,3.89,0.96,1.38,6.79,7.98,0.316,0.313,0.398,0.417,4.504,4.807,33.1,9.2,48.0,0.0,1.0,0.8,0.9,0.7,0.3479,0.3482,0.4844,0.4159,0.2235,0.172,lineup,lineup,"[{""id"": 660670, ""name"": ""Ronald Acu\u00f1a Jr."", ""bats"": ""R"", ""obp"": 0.34951456310679613, ""slg"": 0.42748091603053434, ""iso"": 0.18702290076335876, ""ab"": 262}, {""id"": 686948, ""name"": ""Drake Baldwin"", ""bats"": ""L"", ""obp"": 0.35909090909090907, ""slg"": 0.4496124031007752, ""iso"": 0.1757105943152455, ""ab"": 387}, {""id"": 621566, ""name"": ""Matt Olson"", ""bats"": ""L"", ""obp"": 0.33771106941838647, ""slg"": 0.5443037974683544, ""iso"": 0.28270042194092826, ""ab"": 474}]","[{""id"": 663457, ""name"": ""Lars Nootbaar"", ""bats"": ""L"", ""obp"": 0.3317972350230415, ""slg"": 0.32972972972972975, ""iso"": 0.10810810810810811, ""ab"": 185}, {""id"": 682998, ""name"": ""Corbin Carroll"", ""bats"": ""L"", ""obp"": 0.3404255319148936, ""slg"": 0.484375, ""iso"": 0.23883928571428573, ""ab"": 448}, {""id"": 672695, ""name"": ""Geraldo Perdomo"", ""bats"": ""S"", ""obp"": 0.3629191321499014, ""slg"": 0.3811764705882353, ""iso"": 0.12941176470588234, ""ab"": 425}]","[{""name"": ""away_top3c_slg"", ""value"": 0.4159, ""contribution"": 0.1235}, {""name"": ""home_fip"", ""value"": 4.7423, ""contribution"": 0.0857}, {""name"": ""home_p_last10_pitcher_nrfi"", ""value"": 0.9, ""contribution"": 0.0716}, {""name"": ""wx_temp_c"", ""value"": 33.1, ""contribution"": 0.0709}, {""name"": ""home_xera"", ""value"": 4.7939, ""contribution"": 0.0695}]","[{""name"": ""home_top3c_slg"", ""value"": 0.4844, ""contribution"": -0.2735}, {""name"": ""home_top3c_iso"", ""value"": 0.2235, ""contribution"": 0.2101}, {""name"": ""wx_temp_c"", ""value"": 33.1, ""contribution"": 0.0989}, {""name"": ""away_whiff_pct_rank"", ""value"": 32.0, ""contribution"": 0.0772}, {""name"": ""fi_park_nrfi_rate"", ""value"": 0.5093, ""contribution"": -0.0612}]",427554,0.4835,4.794,4.546,50.0,32.0,0.751,0.7272,5.33,5.87,0.739,0.7627,L,R,YRFI,PASS,0,2,2,2026-08-15T23:34:35+00:00,-105,-125,DraftKings,2026-08-15T23:29:09+00:00,0.5122,0.5556,-0.046,-0.0218,,N,,,-105,-125,2026-08-15T04:03:20+00:00,,0.4586,PASS,NO EDGE,,,,,,,
2026-08-15,2026,824480,1,N,MIA,CIN,6:40 PM ET,Ryan Gusto,Brady Singer,687473,663903,live,live,live,live,1.09,0.6063,0.5703,1.1766,0.3476,0.4091,0.7567,0.4873,0.5127,0.3289,0.6711,0.469212,0.530788,PASS,NO EDGE,PASS - No edge,4,2026-08-15T22:35:04Z,5.066,4.502,1.379,1.382,4.184,4.674,2.84,3.06,1.26,1.5,8.23,7.83,0.323,0.308,0.403,0.395,4.366,4.151,29.9,2.6,74.0,0.0,1.0,0.6,0.9,0.7,0.3394,0.331,0.471,0.3741,0.2208,0.1338,lineup,lineup,"[{""id"": 682829, ""name"": ""Elly De La Cruz"", ""bats"": ""S"", ""obp"": 0.3479212253829322, ""slg"": 0.48507462686567165, ""iso"": 0.21890547263681592, ""ab"": 402}, {""id"": 701398, ""name"": ""Sal Stewart"", ""bats"": ""R"", ""obp"": 0.33587786259541985, ""slg"": 0.4782608695652174, ""iso"": 0.21956521739130436, ""ab"": 460}, {""id"": 668709, ""name"": ""JJ Bleday"", ""bats"": ""L"", ""obp"": 0.3341902313624679, ""slg"": 0.44376899696048633, ""iso"": 0.22492401215805471, ""ab"": 329}]","[{""id"": 691594, ""name"": ""Javier Sanoja"", ""bats"": ""R"", ""obp"": 0.3100303951367781, ""slg"": 0.4032258064516129, ""iso"": 0.13225806451612898, ""ab"": 310}, {""id"": 669364, ""name"": ""Xavier Edwards"", ""bats"": ""S"", ""obp"": 0.361328125, ""slg"": 0.38478747203579416, ""iso"": 0.1029082774049217, ""ab"": 447}, {""id"": 681715, ""name"": ""Heriberto Hern\u00e1ndez"", ""bats"": ""R"", ""obp"": 0.29878048780487804, ""slg"": 0.44932432432432434, ""iso"": 0.222972972972973, ""ab"": 296}]","[{""name"": ""away_top3c_slg"", ""value"": 0.3741, ""contribution"": 0.3351}, {""name"": ""away_top3c_iso"", ""value"": 0.1338, ""contribution"": -0.3147}, {""name"": ""away_top3_ops_vs_oppHand"", ""value"": 0.6807, ""contribution"": -0.0882}, {""name"": ""home_fip"", ""value"": 4.674, ""contribution"": 0.0781}, {""name"": ""home_p_last10_pitcher_nrfi"", ""value"": 0.9, ""contribution"": 0.0716}]","[{""name"": ""home_top3c_iso"", ""value"": 0.2208, ""contribution"": 0.1974}, {""name"": ""home_top3c_slg"", ""value"": 0.471, ""contribution"": -0.1903}, {""name"": ""wx_wind_kmh"", ""value"": 2.6, ""contribution"": -0.0936}, {""name"": ""wx_temp_c"", ""value"": 29.9, ""contribution"": 0.0722}, {""name"": ""fi_park_nrfi_rate"", ""value"": 0.4892, ""contribution"": 0.0458}]",503493,0.522,4.422,4.2,32.0,50.0,0.6796,0.7136,6.0,4.27,0.6807,0.7823,R,R,NRFI,PASS,0,0,0,2026-08-15T22:56:18+00:00,+100,-130,DraftKings,2026-08-15T22:27:35+00:00,0.5,0.5652,-0.0127,-0.0525,,N,,,-105,-125,2026-08-15T04:03:20+00:00,,0.4565,PASS,NO EDGE,,,,,,,
2026-08-15,2026,824157,1,N,SEA,HOU,7:10 PM ET,Emerson Hancock,Hayden Wesneski,676106,669713,live,ltd,live,live,0.99,0.4671,0.4733,0.9404,0.3784,0.4377,0.8161,0.469,0.531,0.2423,0.7577,0.442153,0.557847,PASS,NO EDGE,PASS - No edge,4,2026-08-15T23:07:07Z,3.69,4.134,1.177,1.204,4.011,4.34,2.44,2.71,1.19,1.28,7.94,7.76,0.309,0.319,0.378,0.411,3.938,4.612,,,,1.0,0.6,0.8,0.6667,0.8,0.3823,0.3533,0.5086,0.4598,0.2191,0.1944,lineup,lineup,"[{""id"": 665161, ""name"": ""Jeremy Pe\u00f1a"", ""bats"": ""R"", ""obp"": 0.345565749235474, ""slg"": 0.4697986577181208, ""iso"": 0.18120805369127513, ""ab"": 298}, {""id"": 670541, ""name"": ""Yordan Alvarez"", ""bats"": ""L"", ""obp"": 0.4373831775700935, ""slg"": 0.6264236902050114, ""iso"": 0.3029612756264237, ""ab"": 439}, {""id"": 670623, ""name"": ""Isaac Paredes"", ""bats"": ""R"", ""obp"": 0.34685598377281945, ""slg"": 0.41451990632318503, ""iso"": 0.1592505854800937, ""ab"": 427}]","[{""id"": 680977, ""name"": ""Brendan Donovan"", ""bats"": ""L"", ""obp"": 0.3435114503816794, ""slg"": 0.3893805309734513, ""iso"": 0.1415929203539823, ""ab"": 113}, {""id"": 668227, ""name"": ""Randy Arozarena"", ""bats"": ""R"", ""obp"": 0.3719512195121951, ""slg"": 0.455188679245283, ""iso"": 0.17688679245283018, ""ab"": 424}, {""id"": 686527, ""name"": ""Dominic Canzone"", ""bats"": ""L"", ""obp"": 0.3314917127071823, ""slg"": 0.4906832298136646, ""iso"": 0.2360248447204969, ""ab"": 322}]","[{""name"": ""away_top3c_iso"", ""value"": 0.1944, ""contribution"": 0.1121}, {""name"": ""away_top3c_slg"", ""value"": 0.4598, ""contribution"": -0.0991}, {""name"": ""away_top3_ops_vs_oppHand"", ""value"": 0.8497, ""contribution"": 0.084}, {""name"": ""fi_park_nrfi_rate"", ""value"": 0.482, ""contribution"": 0.0547}, {""name"": ""era_gap_t1"", ""value"": 0.4438, ""contribution"": 0.0487}]","[{""name"": ""home_top3c_slg"", ""value"": 0.5086, ""contribution"": -0.4236}, {""name"": ""home_top3_ops_vs_oppHand"", ""value"": 0.9307, ""contribution"": 0.2002}, {""name"": ""home_top3c_iso"", ""value"": 0.2191, ""contribution"": 0.1891}, {""name"": ""home_top3c_obp"", ""value"": 0.3823, ""contribution"": 0.1473}, {""name"": ""away_whiff_pct_rank"", ""value"": 18.0, ""contribution"": 0.1376}]",658536,0.5084,4.2,5.231,50.0,18.0,0.6796,0.7396,5.53,4.67,0.8497,0.9307,R,R,YRFI,PASS,0,1,1,2026-08-15T23:26:36+00:00,-105,-120,DraftKings,2026-08-15T22:27:35+00:00,0.5122,0.5455,-0.0432,-0.0145,,N,,,-115,-115,2026-08-15T05:29:17+00:00,,0.4658,PASS,NO EDGE,,,,,,,
2026-08-15,2026,824239,1,N,CWS,DET,1:10 PM ET,Anthony Kay,Troy Melton,641743,675512,live,live,live,live,0.98,0.4508,0.537,0.9878,0.3165,0.3324,0.6489,0.5143,0.4857,0.2597,0.7403,0.522601,0.477399,NRFI,LEAN,LEAN NRFI,4,2026-08-15T15:19:00Z,4.014,2.186,1.319,0.989,4.343,3.92,3.23,2.78,1.18,1.03,7.67,7.89,0.318,0.319,0.41,0.408,4.783,4.558,28.0,12.5,58.0,0.0,0.8,1.0,0.7,0.8,0.3329,0.3583,0.4537,0.4759,0.192,0.2257,lineup,lineup,"[{""id"": 650402, ""name"": ""Gleyber Torres"", ""bats"": ""R"", ""obp"": 0.3737024221453287, ""slg"": 0.3925619834710744, ""iso"": 0.1322314049586777, ""ab"": 242}, {""id"": 690993, ""name"": ""Colt Keith"", ""bats"": ""L"", ""obp"": 0.31805157593123207, ""slg"": 0.411214953271028, ""iso"": 0.14641744548286606, ""ab"": 321}, {""id"": 693307, ""name"": ""Dillon Dingler"", ""bats"": ""R"", ""obp"": 0.32426778242677823, ""slg"": 0.5034642032332564, ""iso"": 0.2424942263279446, ""ab"": 433}]","[{""id"": 686668, ""name"": ""Brenton Doyle"", ""bats"": ""R"", ""obp"": 0.28205128205128205, ""slg"": 0.3055555555555556, ""iso"": 0.08333333333333337, ""ab"": 144}, {""id"": 808959, ""name"": ""Munetaka Murakami"", ""bats"": ""L"", ""obp"": 0.3699731903485255, ""slg"": 0.5392156862745098, ""iso"": 0.30392156862745096, ""ab"": 306}, {""id"": 678246, ""name"": ""Miguel Vargas"", ""bats"": ""R"", ""obp"": 0.342911877394636, ""slg"": 0.4864864864864865, ""iso"": 0.24774774774774777, ""ab"": 444}]","[{""name"": ""away_top3c_iso"", ""value"": 0.2257, ""contribution"": 0.3322}, {""name"": ""era_gap_t1"", ""value"": -1.8275, ""contribution"": -0.1973}, {""name"": ""away_top3c_slg"", ""value"": 0.4759, ""contribution"": -0.1804}, {""name"": ""fi_park_nrfi_rate"", ""value"": 0.5322, ""contribution"": -0.1188}, {""name"": ""away_top3_ops_vs_oppHand"", ""value"": 0.8707, ""contribution"": 0.1054}]","[{""name"": ""fi_park_nrfi_rate"", ""value"": 0.5322, ""contribution"": -0.1826}, {""name"": ""era_gap_b1"", ""value"": 1.8275, ""contribution"": 0.124}, {""name"": ""home_top3_ops_vs_oppHand"", ""value"": 0.6843, ""contribution"": -0.0948}, {""name"": ""home_top3c_slg"", ""value"": 0.4537, ""contribution"": -0.0827}, {""name"": ""home_top3c_iso"", ""value"": 0.192, ""contribution"": 0.0613}]",665299,0.5084,4.2,7.586,50.0,50.0,0.7272,0.7136,6.13,5.33,0.8707,0.6843,L,R,YRFI,LOSS,1,1,2,2026-08-15T17:35:20+00:00,-130,+100,DraftKings,2026-08-15T17:05:21+00:00,0.5652,0.5,-0.0509,-0.0143,-0.0509,N,0.5,0,-120,-110,2026-08-15T04:03:20+00:00,0.0198,0.4144,YRFI,STRONG,,,,,,,
2026-08-15,2026,823588,1,N,WSH,NYM,4:10 PM ET,Brad Lord,Sean Manaea,695418,640455,live,live,live,live,0.96,0.5211,0.472,0.9931,0.4354,0.4032,0.8386,0.4572,0.5428,0.2617,0.7383,0.432326,0.567674,YRFI,LEAN,LEAN YRFI,4,2026-08-15T19:05:23Z,4.007,4.346,1.223,1.298,4.052,4.007,3.04,2.84,1.09,1.31,7.93,9.39,0.327,0.307,0.435,0.39,5.255,4.214,27.3,8.2,33.0,0.0,0.8,0.8,0.6,0.8,0.3186,0.3018,0.3963,0.3986,0.1418,0.1706,lineup,lineup,"[{""id"": 805999, ""name"": ""A.J. Ewing"", ""bats"": ""L"", ""obp"": 0.3263473053892216, ""slg"": 0.3859060402684564, ""iso"": 0.1308724832214765, ""ab"": 298}, {""id"": 596019, ""name"": ""Francisco Lindor"", ""bats"": ""S"", ""obp"": 0.32752613240418116, ""slg"": 0.4409448818897638, ""iso"": 0.20078740157480315, ""ab"": 254}, {""id"": 666182, ""name"": ""Bo Bichette"", ""bats"": ""R"", ""obp"": 0.3087121212121212, ""slg"": 0.37938144329896906, ""iso"": 0.11752577319587626, ""ab"": 485}]","[{""id"": 686611, ""name"": ""Dylan Crews"", ""bats"": ""R"", ""obp"": 0.2891156462585034, ""slg"": 0.3707865168539326, ""iso"": 0.15355805243445694, ""ab"": 267}, {""id"": 694673, ""name"": ""Abimelec Ortiz"", ""bats"": ""L"", ""obp"": 0.3055555555555556, ""slg"": 0.6571428571428571, ""iso"": 0.37142857142857144, ""ab"": 35}, {""id"": 691781, ""name"": ""Brady House"", ""bats"": ""R"", ""obp"": 0.29535864978902954, ""slg"": 0.3972602739726027, ""iso"": 0.1552511415525114, ""ab"": 219}]","[{""name"": ""away_top3c_slg"", ""value"": 0.3986, ""contribution"": 0.2108}, {""name"": ""away_top3_ops_vs_oppHand"", ""value"": 0.868, ""contribution"": 0.1027}, {""name"": ""home_xera"", ""value"": 4.68, ""contribution"": 0.0579}, {""name"": ""away_top3c_iso"", ""value"": 0.1706, ""contribution"": -0.0555}, {""name"": ""home_p_last10_pitcher_nrfi"", ""value"": 0.6, ""contribution"": -0.0455}]","[{""name"": ""home_top3c_slg"", ""value"": 0.3963, ""contribution"": 0.2737}, {""name"": ""home_top3c_iso"", ""value"": 0.1418, ""contribution"": -0.1759}, {""name"": ""away_whiff_pct_rank"", ""value"": 24.0, ""contribution"": 0.1117}, {""name"": ""home_top3c_obp"", ""value"": 0.3186, ""contribution"": -0.0763}, {""name"": ""home_top3_ops_vs_oppHand"", ""value"": 0.714, ""contribution"": -0.0592}]",598411,0.5467,4.68,4.12,24.0,24.0,0.7797,0.7396,5.93,4.07,0.868,0.714,R,L,YRFI,WIN,0,2,2,2026-08-15T20:42:13+00:00,-130,+100,DraftKings,2026-08-15T17:05:21+00:00,0.5652,0.5,-0.0789,0.0137,,N,,0,-130,+100,2026-08-15T04:03:20+00:00,,0.4556,PASS,NO EDGE,,,,,,,
2026-08-15,2026,823184,1,N,COL,SF,4:05 PM ET,Michael Lorenzen,Logan Webb,547179,657277,live,live,live,live,0.94,0.3614,0.5912,0.9526,0.2209,0.6123,0.8332,0.4599,0.5401,0.2468,0.7532,0.434638,0.565362,PASS,NO EDGE,PASS - No edge,4,2026-08-15T19:18:31Z,6.254,3.504,1.735,1.117,4.962,3.127,3.38,2.13,1.49,0.61,6.93,7.61,0.322,0.306,0.419,0.407,4.741,4.106,18.8,19.5,78.0,0.0,0.8,0.4,0.7,0.3,0.3259,0.3348,0.4313,0.5112,0.1889,0.2256,lineup,lineup,"[{""id"": 687551, ""name"": ""Drew Gilbert"", ""bats"": ""L"", ""obp"": 0.32167832167832167, ""slg"": 0.35856573705179284, ""iso"": 0.12350597609561753, ""ab"": 251}, {""id"": 646240, ""name"": ""Rafael Devers"", ""bats"": ""L"", ""obp"": 0.32038834951456313, ""slg"": 0.4672489082969432, ""iso"": 0.22270742358078602, ""ab"": 458}, {""id"": 805811, ""name"": ""Bryce Eldridge"", ""bats"": ""L"", ""obp"": 0.3385093167701863, ""slg"": 0.4377224199288256, ""iso"": 0.19217081850533807, ""ab"": 281}]","[{""id"": 664983, ""name"": ""Jake McCarthy"", ""bats"": ""L"", ""obp"": 0.3325242718446602, ""slg"": 0.4987012987012987, ""iso"": 0.2025974025974026, ""ab"": 385}, {""id"": 694249, ""name"": ""Cole Carrigg"", ""bats"": ""S"", ""obp"": 0.375, ""slg"": 0.4887640449438202, ""iso"": 0.19662921348314605, ""ab"": 178}, {""id"": 691182, ""name"": ""Adael Amador"", ""bats"": ""S"", ""obp"": null, ""slg"": null, ""iso"": null, ""ab"": null}]","[{""name"": ""away_top3c_slg"", ""value"": 0.5112, ""contribution"": -0.3591}, {""name"": ""away_top3c_iso"", ""value"": 0.2256, ""contribution"": 0.3319}, {""name"": ""era_gap_t1"", ""value"": -2.7492, ""contribution"": -0.2971}, {""name"": ""away_top3_ops_vs_oppHand"", ""value"": 0.8627, ""contribution"": 0.0973}, {""name"": ""home_fip"", ""value"": 3.1275, ""contribution"": -0.0956}]","[{""name"": ""era_gap_b1"", ""value"": 2.7492, ""contribution"": 0.1867}, {""name"": ""away_p_last10_pitcher_nrfi"", ""value"": 0.3, ""contribution"": 0.137}, {""name"": ""away_fip"", ""value"": 4.962, ""contribution"": 0.1041}, {""name"": ""wx_wind_kmh"", ""value"": 19.5, ""contribution"": 0.0843}, {""name"": ""home_top3_ops_vs_oppHand"", ""value"": 0.8223, ""contribution"": 0.0705}]",545402,0.5488,3.482,4.664,48.0,38.0,0.7185,0.678,6.53,4.0,0.8627,0.8223,R,R,NRFI,PASS,0,0,0,2026-08-15T20:23:48+00:00,-125,-105,DraftKings,2026-08-15T17:05:21+00:00,0.5556,0.5122,-0.0817,0.0139,,N,,,-135,+100,2026-08-15T04:03:20+00:00,,0.4293,YRFI,STRONG,,,,,,,
2026-08-15,2026,823914,1,N,MIL,LAD,7:15 PM ET,Jacob Misiorowski,Justin Wrobleski,694819,680736,live,live,live,live,0.97,0.477,0.3564,0.8334,0.3525,0.3764,0.7288,0.492,0.508,0.2033,0.7967,0.482467,0.517533,PASS,NO EDGE,PASS - No edge,4,2026-08-15T23:07:07Z,2.341,3.643,0.858,1.143,2.511,3.999,2.4,2.16,0.94,1.2,13.03,7.69,0.334,0.335,0.395,0.427,4.822,4.931,26.8,17.2,55.0,0.0,0.4,0.8,0.6,0.8,0.3687,0.354,0.4882,0.4498,0.2001,0.1733,lineup,lineup,"[{""id"": 660271, ""name"": ""Shohei Ohtani"", ""bats"": ""L"", ""obp"": 0.39029126213592236, ""slg"": 0.5402298850574713, ""iso"": 0.25057471264367814, ""ab"": 435}, {""id"": 518692, ""name"": ""Freddie Freeman"", ""bats"": ""L"", ""obp"": 0.3791748526522593, ""slg"": 0.46875, ""iso"": 0.16517857142857145, ""ab"": 448}, {""id"": 681624, ""name"": ""Andy Pages"", ""bats"": ""R"", ""obp"": 0.33714285714285713, ""slg"": 0.4585987261146497, ""iso"": 0.18683651804670914, ""ab"": 471}]","[{""id"": 694192, ""name"": ""Jackson Chourio"", ""bats"": ""R"", ""obp"": 0.3383084577114428, ""slg"": 0.4684931506849315, ""iso"": 0.1945205479452055, ""ab"": 365}, {""id"": 800325, ""name"": ""Luis Lara"", ""bats"": ""S"", ""obp"": 0.3258426966292135, ""slg"": 0.33766233766233766, ""iso"": 0.1038961038961039, ""ab"": 77}, {""id"": 666152, ""name"": ""David Hamilton"", ""bats"": ""L"", ""obp"": 0.3159722222222222, ""slg"": 0.31906614785992216, ""iso"": 0.0856031128404669, ""ab"": 257}]","[{""name"": ""era_gap_t1"", ""value"": 1.3017, ""contribution"": 0.1416}, {""name"": ""home_xera"", ""value"": 3.4006, ""contribution"": -0.0732}, {""name"": ""fi_park_nrfi_rate"", ""value"": 0.4823, ""contribution"": 0.0538}, {""name"": ""away_top3c_slg"", ""value"": 0.4498, ""contribution"": -0.0485}, {""name"": ""home_p_last10_pitcher_nrfi"", ""value"": 0.6, ""contribution"": -0.0455}]","[{""name"": ""home_top3c_slg"", ""value"": 0.4882, ""contribution"": -0.2969}, {""name"": ""away_fip"", ""value"": 2.5108, ""contribution"": -0.1578}, {""name"": ""away_whiff_pct_rank"", ""value"": 86.0, ""contribution"": -0.1558}, {""name"": ""home_obp"", ""value"": 0.3347, ""contribution"": 0.1465}, {""name"": ""home_top3_ops_vs_oppHand"", ""value"": 0.8627, ""contribution"": 0.1187}]",427139,0.5818,3.401,3.153,17.0,86.0,0.7272,0.6796,5.4,5.8,0.7917,0.8627,R,L,NRFI,PASS,0,0,0,2026-08-15T23:30:10+00:00,-165,+125,DraftKings,2026-08-15T23:29:09+00:00,0.6226,0.4444,-0.1306,0.0636,,N,,,-135,+105,2026-08-15T04:03:20+00:00,,0.4622,PASS,NO EDGE,,,,,,,
2026-08-15,2026,824644,1,N,STL,CHC,2:20 PM ET,Michael McGreevy,Matthew Boyd,700241,571510,live,live,live,live,1.0,0.4298,0.549,0.9788,0.2643,0.4697,0.734,0.4908,0.5092,0.2564,0.7436,0.479966,0.520034,PASS,NO EDGE,PASS - No edge,4,2026-08-15T17:16:48Z,3.816,3.403,1.228,1.176,4.363,3.805,2.24,2.44,1.2,1.0,6.09,7.58,0.315,0.336,0.38,0.417,4.354,5.105,24.9,8.7,93.0,0.0,0.8,0.6,0.8,0.7,0.3651,0.3497,0.4688,0.4175,0.2032,0.1592,lineup,lineup,"[{""id"": 691718, ""name"": ""Pete Crow-Armstrong"", ""bats"": ""L"", ""obp"": 0.3779816513761468, ""slg"": 0.5343347639484979, ""iso"": 0.25536480686695284, ""ab"": 466}, {""id"": 673548, ""name"": ""Seiya Suzuki"", ""bats"": ""R"", ""obp"": 0.3630434782608696, ""slg"": 0.48621553884711777, ""iso"": 0.21303258145363407, ""ab"": 399}, {""id"": 683737, ""name"": ""Michael Busch"", ""bats"": ""L"", ""obp"": 0.354014598540146, ""slg"": 0.3879310344827586, ""iso"": 0.14224137931034483, ""ab"": 464}]","[{""id"": 802139, ""name"": ""JJ Wetherholt"", ""bats"": ""L"", ""obp"": 0.3485714285714286, ""slg"": 0.37639198218262804, ""iso"": 0.13363028953229397, ""ab"": 449}, {""id"": 671056, ""name"": ""Iv\u00e1n Herrera"", ""bats"": ""R"", ""obp"": 0.3580705009276438, ""slg"": 0.38949671772428884, ""iso"": 0.1400437636761488, ""ab"": 457}, {""id"": 691023, ""name"": ""Jordan Walker"", ""bats"": ""R"", ""obp"": 0.341948310139165, ""slg"": 0.48577680525164113, ""iso"": 0.2035010940919037, ""ab"": 457}]","[{""name"": ""fi_park_nrfi_rate"", ""value"": 0.5429, ""contribution"": -0.1558}, {""name"": ""away_top3c_iso"", ""value"": 0.1592, ""contribution"": -0.1358}, {""name"": ""away_top3c_slg"", ""value"": 0.4175, ""contribution"": 0.1155}, {""name"": ""home_xera"", ""value"": 3.564, ""contribution"": -0.0565}, {""name"": ""home_avg_ip_per_start"", ""value"": 6.7333, ""contribution"": -0.0494}]","[{""name"": ""fi_park_nrfi_rate"", ""value"": 0.5429, ""contribution"": -0.2395}, {""name"": ""away_whiff_pct_rank"", ""value"": 3.0, ""contribution"": 0.2024}, {""name"": ""home_top3c_slg"", ""value"": 0.4688, ""contribution"": -0.1763}, {""name"": ""home_obp"", ""value"": 0.3356, ""contribution"": 0.1527}, {""name"": ""home_top3c_iso"", ""value"": 0.2032, ""contribution"": 0.114}]",427533,0.5151,3.564,4.913,41.0,3.0,0.7709,0.7075,6.73,4.87,0.8013,0.8187,R,L,YRFI,PASS,3,0,3,2026-08-15T18:38:05+00:00,-105,-125,DraftKings,2026-08-15T17:05:21+00:00,0.5122,0.5556,-0.0214,-0.0464,,N,,,-105,-125,2026-08-15T04:03:20+00:00,,0.4877,PASS,NO EDGE,,,,,,,
2026-08-15,2026,823347,1,N,BOS,PIT,7:15 PM ET,Sonny Gray,Jared Jones,543243,683003,live,ltd,live,live,0.96,0.4724,0.4468,0.9193,0.3482,0.3258,0.674,0.5073,0.4927,0.2346,0.7654,0.509684,0.490316,NRFI,LEAN,LEAN NRFI,4,2026-08-15T22:10:41Z,3.151,4.683,1.169,1.224,3.57,4.186,2.26,2.91,1.01,1.4,8.42,9.44,0.32,0.332,0.401,0.412,4.449,4.982,27.0,3.1,68.0,0.0,0.8,1.0,0.8,0.9,0.3512,0.3324,0.4484,0.435,0.1903,0.1627,lineup,lineup,"[{""id"": 687462, ""name"": ""Spencer Horwitz"", ""bats"": ""L"", ""obp"": 0.36716417910447763, ""slg"": 0.41843971631205673, ""iso"": 0.15602836879432624, ""ab"": 282}, {""id"": 664040, ""name"": ""Brandon Lowe"", ""bats"": ""L"", ""obp"": 0.3156862745098039, ""slg"": 0.48026315789473684, ""iso"": 0.23026315789473684, ""ab"": 456}, {""id"": 668804, ""name"": ""Bryan Reynolds"", ""bats"": ""S"", ""obp"": 0.3747680890538033, ""slg"": 0.4351648351648352, ""iso"": 0.17142857142857143, ""ab"": 455}]","[{""id"": 663330, ""name"": ""Jahmai Jones"", ""bats"": ""R"", ""obp"": 0.2734375, ""slg"": 0.35344827586206895, ""iso"": 0.15517241379310343, ""ab"": 116}, {""id"": 678882, ""name"": ""Ceddanne Rafaela"", ""bats"": ""R"", ""obp"": 0.3264887063655031, ""slg"": 0.4672489082969432, ""iso"": 0.17903930131004364, ""ab"": 458}, {""id"": 668939, ""name"": ""Adley Rutschman"", ""bats"": ""S"", ""obp"": 0.3288590604026846, ""slg"": 0.4186046511627907, ""iso"": 0.17441860465116282, ""ab"": 258}]","[{""name"": ""era_gap_t1"", ""value"": 1.5318, ""contribution"": 0.1665}, {""name"": ""away_top3c_iso"", ""value"": 0.1627, ""contribution"": -0.1109}, {""name"": ""fi_park_nrfi_rate"", ""value"": 0.5188, ""contribution"": -0.0724}, {""name"": ""wx_wind_kmh"", ""value"": 3.1, ""contribution"": -0.0374}, {""name"": ""wx_temp_c"", ""value"": 27.0, ""contribution"": 0.0344}]","[{""name"": ""home_obp"", ""value"": 0.3321, ""contribution"": 0.1278}, {""name"": ""fi_park_nrfi_rate"", ""value"": 0.5188, ""contribution"": -0.1113}, {""name"": ""era_gap_b1"", ""value"": -1.5318, ""contribution"": -0.1046}, {""name"": ""wx_wind_kmh"", ""value"": 3.1, ""contribution"": -0.0884}, {""name"": ""home_top3_ops_vs_oppHand"", ""value"": 0.836, ""contribution"": 0.0868}]",596809,0.5038,4.2,3.87,50.0,65.0,0.7136,0.7879,4.8,6.0,0.765,0.836,R,R,NRFI,WIN,0,0,0,2026-08-15T23:29:49+00:00,-140,+105,DraftKings,2026-08-15T23:29:09+00:00,0.5833,0.4878,-0.076,0.0049,-0.076,N,0.5,0,-135,+100,2026-08-15T04:03:20+00:00,0.0089,0.5651,NRFI,STRONG,,,,,,,
2026-08-15,2026,822775,1,N,NYY,TOR,3:07 PM ET,Cam Schlittler,Braydon Fisher,693645,680755,live,live,live,live,1.01,0.5144,0.3478,0.8623,0.4469,0.2408,0.6877,0.5023,0.4977,0.2137,0.7863,0.502741,0.497259,NRFI,LEAN,LEAN NRFI,4,2026-08-15T17:16:48Z,2.473,3.547,0.996,1.202,2.883,4.021,2.24,4.18,0.91,0.93,10.89,8.94,0.31,0.304,0.41,0.378,4.478,3.975,,,,1.0,1.0,0.8,0.875,0.7,0.3269,0.3229,0.3745,0.4606,0.1067,0.2181,lineup,lineup,"[{""id"": 703520, ""name"": ""Brett Bateman"", ""bats"": ""L"", ""obp"": 0.3333333333333333, ""slg"": 0.3548387096774194, ""iso"": 0.06451612903225806, ""ab"": 31}, {""id"": 664770, ""name"": ""Nathan Lukes"", ""bats"": ""L"", ""obp"": 0.3183279742765273, ""slg"": 0.36585365853658536, ""iso"": 0.10104529616724739, ""ab"": 287}, {""id"": 672386, ""name"": ""Alejandro Kirk"", ""bats"": ""R"", ""obp"": 0.34065934065934067, ""slg"": 0.39375, ""iso"": 0.125, ""ab"": 160}]","[{""id"": 663757, ""name"": ""Trent Grisham"", ""bats"": ""L"", ""obp"": 0.31527093596059114, ""slg"": 0.4253521126760563, ""iso"": 0.19999999999999998, ""ab"": 355}, {""id"": 700250, ""name"": ""Ben Rice"", ""bats"": ""L"", ""obp"": 0.348, ""slg"": 0.5345622119815668, ""iso"": 0.28110599078341014, ""ab"": 434}, {""id"": 671218, ""name"": ""Heliot Ramos"", ""bats"": ""R"", ""obp"": 0.2949852507374631, ""slg"": 0.3987341772151899, ""iso"": 0.1518987341772152, ""ab"": 316}]","[{""name"": ""away_top3c_iso"", ""value"": 0.2181, ""contribution"": 0.279}, {""name"": ""home_avg_ip_per_start"", ""value"": 1.1333, ""contribution"": 0.1299}, {""name"": ""era_gap_t1"", ""value"": 1.074, ""contribution"": 0.1169}, {""name"": ""away_top3c_slg"", ""value"": 0.4606, ""contribution"": -0.1031}, {""name"": ""home_xera"", ""value"": 3.2598, ""contribution"": -0.0877}]","[{""name"": ""home_top3c_slg"", ""value"": 0.3745, ""contribution"": 0.4095}, {""name"": ""home_top3c_iso"", ""value"": 0.1067, ""contribution"": -0.3414}, {""name"": ""away_fip"", ""value"": 2.883, ""contribution"": -0.1181}, {""name"": ""home_top3_ops_vs_oppHand"", ""value"": 0.6767, ""contribution"": -0.1039}, {""name"": ""wx_is_dome"", ""value"": 1.0, ""contribution"": -0.0758}]",544728,0.4859,3.26,3.568,83.0,56.0,0.7136,0.6487,1.13,5.6,0.7813,0.6767,R,R,NRFI,WIN,0,0,0,2026-08-15T19:23:26+00:00,-155,+120,DraftKings,2026-08-15T17:05:21+00:00,0.6078,0.4545,-0.1055,0.0432,-0.1055,N,0.5,0,-140,+105,2026-08-15T04:03:20+00:00,0.0245,0.6370,NRFI,STRONG,,,,,,,
2026-08-15,2026,824400,1,N,SD,CLE,7:10 PM ET,Wandy Peralta,Joey Cantillo,593974,676282,live,live,live,live,0.96,0.5028,0.4683,0.9711,0.3186,0.3716,0.6902,0.5016,0.4984,0.2536,0.7464,0.501465,0.498535,NRFI,LEAN,LEAN NRFI,4,2026-08-15T22:04:34Z,3.457,3.784,1.351,1.425,4.022,3.985,3.32,4.11,0.79,1.1,6.67,9.95,0.315,0.313,0.392,0.374,4.322,4.025,26.1,7.6,65.0,0.0,0.8,1.0,0.9,1.0,0.3552,0.3221,0.3828,0.3924,0.1208,0.1495,lineup,lineup,"[{""id"": 680757, ""name"": ""Steven Kwan"", ""bats"": ""L"", ""obp"": 0.3681917211328976, ""slg"": 0.3273657289002558, ""iso"": 0.061381074168797956, ""ab"": 391}, {""id"": 800050, ""name"": ""Chase DeLauter"", ""bats"": ""L"", ""obp"": 0.35714285714285715, ""slg"": 0.44221105527638194, ""iso"": 0.15829145728643218, ""ab"": 398}, {""id"": 608070, ""name"": ""Jos\u00e9 Ram\u00edrez"", ""bats"": ""S"", ""obp"": 0.33762886597938147, ""slg"": 0.3768996960486322, ""iso"": 0.1458966565349544, ""ab"": 329}]","[{""id"": 665487, ""name"": ""Fernando Tatis Jr."", ""bats"": ""R"", ""obp"": 0.3533834586466165, ""slg"": 0.42462845010615713, ""iso"": 0.14437367303609344, ""ab"": 471}, {""id"": 630105, ""name"": ""Jake Cronenworth"", ""bats"": ""L"", ""obp"": 0.30855018587360594, ""slg"": 0.28870292887029286, ""iso"": 0.06694560669456065, ""ab"": 239}, {""id"": 592518, ""name"": ""Manny Machado"", ""bats"": ""R"", ""obp"": 0.2966601178781925, ""slg"": 0.41387024608501116, ""iso"": 0.19910514541387023, ""ab"": 447}]","[{""name"": ""away_top3c_slg"", ""value"": 0.3924, ""contribution"": 0.2425}, {""name"": ""away_top3c_iso"", ""value"": 0.1495, ""contribution"": -0.204}, {""name"": ""fi_park_nrfi_rate"", ""value"": 0.528, ""contribution"": -0.1042}, {""name"": ""home_p_last10_pitcher_nrfi"", ""value"": 0.9, ""contribution"": 0.0716}, {""name"": ""home_xera"", ""value"": 3.5746, ""contribution"": -0.0554}]","[{""name"": ""home_top3c_slg"", ""value"": 0.3828, ""contribution"": 0.3576}, {""name"": ""home_top3c_iso"", ""value"": 0.1208, ""contribution"": -0.275}, {""name"": ""fi_park_nrfi_rate"", ""value"": 0.528, ""contribution"": -0.1602}, {""name"": ""away_p_last10_pitcher_nrfi"", ""value"": 1.0, ""contribution"": -0.0929}, {""name"": ""away_avg_ip_per_start"", ""value"": 1.0667, ""contribution"": 0.0635}]",503077,0.5258,3.575,4.47,89.0,47.0,0.7136,0.7136,3.73,1.07,0.735,0.8003,L,L,YRFI,LOSS,1,1,2,2026-08-15T23:27:27+00:00,-120,-110,DraftKings,2026-08-15T23:29:09+00:00,0.5455,0.5238,-0.0439,-0.0254,-0.0439,N,0.5,0,-120,-110,2026-08-15T13:41:46+00:00,0,0.4695,PASS,NO EDGE,,,,,,,
2026-08-16,2026,823991,1,N,KC,LAA,4:07 PM ET,Noah Cameron,Ryan Johnson,702070,696270,live,ltd,live,live,0.99,0.6319,0.4645,1.0964,0.5384,0.426,0.9645,0.4174,0.5826,0.2997,0.7003,0.381192,0.618808,YRFI,STRONG,STRONG YRFI,4,2026-08-16T19:04:13Z,4.105,5.641,1.245,1.434,3.887,5.489,2.9,3.79,1.02,1.84,8.04,7.76,0.311,0.312,0.395,0.38,4.155,4.133,28.9,14.5,52.0,0.0,0.6,1.0,0.7,0.8,0.3356,0.3262,0.4142,0.4473,0.1785,0.1886,lineup,lineup,"[{""id"": 687263, ""name"": ""Zach Neto"", ""bats"": ""R"", ""obp"": 0.30970149253731344, ""slg"": 0.4105263157894737, ""iso"": 0.18736842105263157, ""ab"": 475}, {""id"": 545361, ""name"": ""Mike Trout"", ""bats"": ""R"", ""obp"": 0.3851063829787234, ""slg"": 0.4461942257217848, ""iso"": 0.2020997375328084, ""ab"": 381}, {""id"": 687093, ""name"": ""Vaughn Grissom"", ""bats"": ""R"", ""obp"": 0.3054662379421222, ""slg"": 0.37722419928825623, ""iso"": 0.1316725978647687, ""ab"": 281}]","[{""id"": 695600, ""name"": ""Carter Jensen"", ""bats"": ""L"", ""obp"": 0.2973568281938326, ""slg"": 0.40298507462686567, ""iso"": 0.18407960199004975, ""ab"": 402}, {""id"": 677951, ""name"": ""Bobby Witt Jr."", ""bats"": ""R"", ""obp"": 0.3557483731019523, ""slg"": 0.44390243902439025, ""iso"": 0.1609756097560976, ""ab"": 410}, {""id"": 695506, ""name"": ""Jac Caglianone"", ""bats"": ""L"", ""obp"": 0.3251121076233184, ""slg"": 0.4939467312348668, ""iso"": 0.22033898305084743, ""ab"": 413}]","[{""name"": ""home_fip"", ""value"": 5.4889, ""contribution"": 0.1696}, {""name"": ""era_gap_t1"", ""value"": 1.5359, ""contribution"": 0.1669}, {""name"": ""fi_park_nrfi_rate"", ""value"": 0.4526, ""contribution"": 0.1563}, {""name"": ""away_top3c_iso"", ""value"": 0.1886, ""contribution"": 0.071}, {""name"": ""wx_temp_c"", ""value"": 28.9, ""contribution"": 0.0458}]","[{""name"": ""fi_park_nrfi_rate"", ""value"": 0.4526, ""contribution"": 0.2403}, {""name"": ""home_top3c_slg"", ""value"": 0.4142, ""contribution"": 0.1624}, {""name"": ""away_whiff_pct_rank"", ""value"": 76.0, ""contribution"": -0.1127}, {""name"": ""era_gap_b1"", ""value"": -1.5359, ""contribution"": -0.1049}, {""name"": ""wx_temp_c"", ""value"": 28.9, ""contribution"": 0.0638}]",594151,0.4534,4.2,4.444,50.0,76.0,0.7136,0.6942,4.33,6.73,0.7883,0.7927,L,R,NRFI,LOSS,0,0,0,2026-08-16T20:19:07+00:00,-105,-120,DraftKings,2026-08-16T16:12:55+00:00,0.5122,0.5455,-0.0948,0.0371,0.0371,Y,2,-2,-105,-120,2026-08-16T15:24:18+00:00,0,0.4877,PASS,NO EDGE,,,,,,,0.5826
2026-08-16,2026,824965,1,N,TEX,OAK,4:05 PM ET,Cody Bradford,Jacob Lopez,674003,682052,sm,live,live,live,0.93,0.5551,0.4491,1.0043,0.4851,0.3803,0.8655,0.4433,0.5567,0.2658,0.7342,0.420851,0.579149,YRFI,LEAN,LEAN YRFI,4,2026-08-16T19:04:13Z,3.781,4.961,1.236,1.464,3.907,4.864,2.82,4.38,0.95,1.49,7.91,8.98,0.315,0.317,0.396,0.401,4.119,4.366,23.9,14.6,53.0,0.0,0.8,1.0,0.9,1.0,0.321,0.3266,0.4136,0.4451,0.146,0.1796,lineup,lineup,"[{""id"": 703607, ""name"": ""Henry Bolte"", ""bats"": ""R"", ""obp"": 0.33447098976109213, ""slg"": 0.367816091954023, ""iso"": 0.10727969348659006, ""ab"": 261}, {""id"": 680869, ""name"": ""Zack Gelof"", ""bats"": ""R"", ""obp"": 0.3308270676691729, ""slg"": 0.4897959183673469, ""iso"": 0.21632653061224488, ""ab"": 245}, {""id"": 805779, ""name"": ""Jacob Wilson"", ""bats"": ""R"", ""obp"": 0.30120481927710846, ""slg"": 0.3924050632911392, ""iso"": 0.12341772151898733, ""ab"": 316}]","[{""id"": 694671, ""name"": ""Wyatt Langford"", ""bats"": ""R"", ""obp"": 0.31921824104234525, ""slg"": 0.4697508896797153, ""iso"": 0.21352313167259784, ""ab"": 281}, {""id"": 677649, ""name"": ""Ezequiel Duran"", ""bats"": ""R"", ""obp"": 0.319634703196347, ""slg"": 0.43609022556390975, ""iso"": 0.17042606516290726, ""ab"": 399}, {""id"": 607043, ""name"": ""Brandon Nimmo"", ""bats"": ""L"", ""obp"": 0.3373493975903614, ""slg"": 0.43777777777777777, ""iso"": 0.16666666666666663, ""ab"": 450}]","[{""name"": ""fi_park_nrfi_rate"", ""value"": 0.4422, ""contribution"": 0.1922}, {""name"": ""era_gap_t1"", ""value"": 1.1794, ""contribution"": 0.1283}, {""name"": ""home_fip"", ""value"": 4.8642, ""contribution"": 0.0994}, {""name"": ""home_p_last10_pitcher_nrfi"", ""value"": 0.9, ""contribution"": 0.0716}, {""name"": ""home_xera"", ""value"": 3.5296, ""contribution"": -0.06}]","[{""name"": ""fi_park_nrfi_rate"", ""value"": 0.4422, ""contribution"": 0.2954}, {""name"": ""home_top3c_slg"", ""value"": 0.4136, ""contribution"": 0.1663}, {""name"": ""home_top3c_iso"", ""value"": 0.146, ""contribution"": -0.1559}, {""name"": ""away_p_last10_pitcher_nrfi"", ""value"": 1.0, ""contribution"": -0.0929}, {""name"": ""era_gap_b1"", ""value"": -1.1794, ""contribution"": -0.0806}]",623946,0.4271,3.53,4.2,71.0,50.0,0.751,0.6796,5.33,5.67,0.8163,0.7507,L,L,NRFI,LOSS,0,0,0,2026-08-16T20:19:10+00:00,+100,-130,DraftKings,2026-08-16T16:12:55+00:00,0.5,0.5652,-0.0806,0.0154,0.0154,N,1,0,+100,-130,2026-08-16T15:24:18+00:00,0,0.5860,NRFI,STRONG,,,,,,,0.5806
2026-08-16,2026,823590,1,N,WSH,NYM,1:40 PM ET,Jake Irvin,Christian Scott,663623,681035,live,ltd,live,live,0.96,0.4914,0.5951,1.0865,0.443,0.5016,0.9446,0.4222,0.5778,0.296,0.704,0.388817,0.611183,YRFI,LEAN,LEAN YRFI,4,2026-08-16T16:18:58Z,5.756,3.694,1.362,1.286,5.047,3.498,3.58,3.51,1.67,0.94,8.01,10.43,0.326,0.308,0.436,0.391,5.246,4.219,22.3,10.9,79.0,0.0,0.8,1.0,0.8,0.8,0.319,0.3306,0.3947,0.4804,0.1401,0.2225,lineup,lineup,"[{""id"": 805999, ""name"": ""A.J. Ewing"", ""bats"": ""L"", ""obp"": 0.32448377581120946, ""slg"": 0.38079470198675497, ""iso"": 0.1291390728476821, ""ab"": 302}, {""id"": 596019, ""name"": ""Francisco Lindor"", ""bats"": ""S"", ""obp"": 0.3321917808219178, ""slg"": 0.4418604651162791, ""iso"": 0.19767441860465118, ""ab"": 258}, {""id"": 666182, ""name"": ""Bo Bichette"", ""bats"": ""R"", ""obp"": 0.3082706766917293, ""slg"": 0.3783231083844581, ""iso"": 0.1165644171779141, ""ab"": 489}]","[{""id"": 682928, ""name"": ""CJ Abrams"", ""bats"": ""L"", ""obp"": 0.3570057581573896, ""slg"": 0.5339168490153173, ""iso"": 0.25382932166301975, ""ab"": 457}, {""id"": 694673, ""name"": ""Abimelec Ortiz"", ""bats"": ""L"", ""obp"": 0.32432432432432434, ""slg"": 0.6666666666666666, ""iso"": 0.36111111111111105, ""ab"": 36}, {""id"": 686611, ""name"": ""Dylan Crews"", ""bats"": ""R"", ""obp"": 0.28523489932885904, ""slg"": 0.36531365313653136, ""iso"": 0.15129151291512916, ""ab"": 271}]","[{""name"": ""home_xera"", ""value"": 8.0432, ""contribution"": 0.4025}, {""name"": ""away_top3c_iso"", ""value"": 0.2225, ""contribution"": 0.3101}, {""name"": ""era_gap_t1"", ""value"": -2.0619, ""contribution"": -0.2226}, {""name"": ""away_top3c_slg"", ""value"": 0.4804, ""contribution"": -0.2031}, {""name"": ""away_top3_ops_vs_oppHand"", ""value"": 0.8517, ""contribution"": 0.086}]","[{""name"": ""home_top3c_slg"", ""value"": 0.3947, ""contribution"": 0.2841}, {""name"": ""away_whiff_pct_rank"", ""value"": 7.0, ""contribution"": 0.1851}, {""name"": ""home_top3c_iso"", ""value"": 0.1401, ""contribution"": -0.1835}, {""name"": ""era_gap_b1"", ""value"": 2.0619, ""contribution"": 0.1399}, {""name"": ""away_fip"", ""value"": 5.0473, ""contribution"": 0.1132}]",691042,0.5084,8.043,5.257,50.0,7.0,0.7136,0.7797,4.87,4.53,0.8517,0.719,R,R,NRFI,LOSS,0,0,0,2026-08-16T17:53:50+00:00,-125,-105,DraftKings,2026-08-16T16:12:55+00:00,0.5556,0.5122,-0.1334,0.0656,0.0656,N,0.5,0,-120,-110,2026-08-16T15:24:18+00:00,-0.0116,0.3767,YRFI,STRONG,,,,,,,
2026-08-16,2026,822774,1,N,NYY,TOR,1:37 PM ET,Ryan Weathers,Dylan Cease,677960,656302,live,live,live,live,1.01,0.4212,0.4869,0.9081,0.2777,0.3261,0.6038,0.5306,0.4694,0.2305,0.7695,0.546727,0.453273,NRFI,LEAN,LEAN NRFI,4,2026-08-16T16:18:58Z,3.792,2.903,1.224,1.131,3.93,2.741,2.7,3.83,1.3,0.74,9.47,12.74,0.309,0.305,0.408,0.378,4.453,3.975,,,,1.0,1.0,0.8,0.8,0.7,0.337,0.3185,0.3891,0.4965,0.1213,0.2383,lineup,lineup,"[{""id"": 703520, ""name"": ""Brett Bateman"", ""bats"": ""L"", ""obp"": 0.3684210526315789, ""slg"": 0.37142857142857144, ""iso"": 0.05714285714285716, ""ab"": 35}, {""id"": 669701, ""name"": ""Josh Smith"", ""bats"": ""L"", ""obp"": 0.29545454545454547, ""slg"": 0.28205128205128205, ""iso"": 0.07051282051282051, ""ab"": 156}, {""id"": 678218, ""name"": ""Brandon Valenzuela"", ""bats"": ""S"", ""obp"": 0.30357142857142855, ""slg"": 0.38, ""iso"": 0.155, ""ab"": 200}]","[{""id"": 700250, ""name"": ""Ben Rice"", ""bats"": ""L"", ""obp"": 0.34523809523809523, ""slg"": 0.5296803652968036, ""iso"": 0.2785388127853881, ""ab"": 438}, {""id"": 671277, ""name"": ""Luis Garc\u00eda Jr."", ""bats"": ""L"", ""obp"": 0.30843373493975906, ""slg"": 0.5429292929292929, ""iso"": 0.26515151515151514, ""ab"": 396}, {""id"": 671218, ""name"": ""Heliot Ramos"", ""bats"": ""R"", ""obp"": 0.2915451895043732, ""slg"": 0.39375, ""iso"": 0.15, ""ab"": 320}]","[{""name"": ""away_top3c_iso"", ""value"": 0.2383, ""contribution"": 0.4213}, {""name"": ""away_top3c_slg"", ""value"": 0.4965, ""contribution"": -0.285}, {""name"": ""home_fip"", ""value"": 2.741, ""contribution"": -0.139}, {""name"": ""era_gap_t1"", ""value"": -0.8891, ""contribution"": -0.0957}, {""name"": ""home_xera"", ""value"": 3.2756, ""contribution"": -0.086}]","[{""name"": ""home_top3c_slg"", ""value"": 0.3891, ""contribution"": 0.3185}, {""name"": ""home_top3c_iso"", ""value"": 0.1213, ""contribution"": -0.2722}, {""name"": ""away_whiff_pct_rank"", ""value"": 88.0, ""contribution"": -0.1645}, {""name"": ""home_top3_ops_vs_oppHand"", ""value"": 0.8473, ""contribution"": 0.1004}, {""name"": ""wx_is_dome"", ""value"": 1.0, ""contribution"": -0.0758}]",427537,0.4944,3.276,4.324,97.0,88.0,0.7075,0.7272,6.6,5.8,0.8287,0.8473,L,R,NRFI,WIN,0,0,0,2026-08-16T17:49:15+00:00,-175,+135,DraftKings,2026-08-16T16:12:55+00:00,0.6364,0.4255,-0.1058,0.0439,-0.1058,N,0.5,0,-175,+135,2026-08-16T15:24:18+00:00,0,0.6240,NRFI,STRONG,,,,,,,
2026-08-16,2026,822940,1,N,BAL,TB,12:15 PM ET,Trevor Rogers,Freddy Peralta,669432,642547,live,live,live,live,0.93,0.5124,0.404,0.9163,0.3947,0.3998,0.7945,0.4807,0.5193,0.2335,0.7665,0.451805,0.548195,PASS,NO EDGE,PASS - No edge,4,2026-08-16T15:20:54Z,3.66,4.671,1.17,1.397,3.505,4.353,2.53,3.6,0.82,1.37,7.91,9.27,0.32,0.329,0.398,0.407,4.496,4.558,,,,1.0,0.4,1.0,0.4,1.0,0.3703,0.3308,0.4797,0.4314,0.1911,0.1898,lineup,lineup,"[{""id"": 650490, ""name"": ""Yandy D\u00edaz"", ""bats"": ""R"", ""obp"": 0.37115384615384617, ""slg"": 0.46320346320346323, ""iso"": 0.1601731601731602, ""ab"": 462}, {""id"": 666018, ""name"": ""Jonathan Aranda"", ""bats"": ""L"", ""obp"": 0.3735632183908046, ""slg"": 0.4298440979955457, ""iso"": 0.1425389755011136, ""ab"": 449}, {""id"": 680700, ""name"": ""Richie Palacios"", ""bats"": ""L"", ""obp"": 0.3434343434343434, ""slg"": 0.359375, ""iso"": 0.1171875, ""ab"": 256}]","[{""id"": 702616, ""name"": ""Jackson Holliday"", ""bats"": ""L"", ""obp"": 0.3389121338912134, ""slg"": 0.37745098039215685, ""iso"": 0.1372549019607843, ""ab"": 204}, {""id"": 681047, ""name"": ""Christian Franklin"", ""bats"": ""R"", ""obp"": 0.3181818181818182, ""slg"": 0.17647058823529413, ""iso"": 0.05882352941176472, ""ab"": 17}, {""id"": 669236, ""name"": ""Jeremiah Jackson"", ""bats"": ""R"", ""obp"": 0.26141078838174275, ""slg"": 0.3684210526315789, ""iso"": 0.13596491228070173, ""ab"": 228}]","[{""name"": ""fi_park_nrfi_rate"", ""value"": 0.4376, ""contribution"": 0.2081}, {""name"": ""home_p_last10_pitcher_nrfi"", ""value"": 0.4, ""contribution"": -0.1236}, {""name"": ""era_gap_t1"", ""value"": 1.0103, ""contribution"": 0.11}, {""name"": ""away_top3c_iso"", ""value"": 0.1898, ""contribution"": 0.0798}, {""name"": ""home_xera"", ""value"": 3.3533, ""contribution"": -0.0781}]","[{""name"": ""fi_park_nrfi_rate"", ""value"": 0.4376, ""contribution"": 0.3199}, {""name"": ""home_top3c_slg"", ""value"": 0.4797, ""contribution"": -0.2439}, {""name"": ""home_obp"", ""value"": 0.3294, ""contribution"": 0.1089}, {""name"": ""home_top3c_obp"", ""value"": 0.3703, ""contribution"": 0.1053}, {""name"": ""away_p_last10_pitcher_nrfi"", ""value"": 1.0, ""contribution"": -0.0929}]",623938,0.4993,3.353,3.258,90.0,47.0,0.7272,0.7272,4.67,5.87,0.7623,0.816,L,R,NRFI,PASS,0,0,0,2026-08-16T16:27:41+00:00,-140,+105,DraftKings,2026-08-16T16:12:55+00:00,0.5833,0.4878,-0.1026,0.0315,,N,,,-130,+100,2026-08-16T15:24:18+00:00,,0.6370,NRFI,STRONG,,,,,,,
2026-08-16,2026,824642,1,N,STL,CHC,3:15 PM ET,Hunter Dobbins,Edward Cabrera,690928,665795,live,live,live,live,1.0,0.5354,0.5689,1.1043,0.3633,0.4249,0.7882,0.4826,0.5174,0.3025,0.6975,0.454656,0.545344,PASS,NO EDGE,PASS - No edge,4,2026-08-16T19:04:13Z,3.753,4.54,1.291,1.339,4.13,4.639,3.08,3.45,1.13,1.52,8.06,8.73,0.315,0.336,0.383,0.416,4.38,5.097,25.4,12.9,95.0,0.0,0.8,0.8,0.9,0.6,0.3608,0.3535,0.473,0.4153,0.2058,0.1571,lineup,lineup,"[{""id"": 691718, ""name"": ""Pete Crow-Armstrong"", ""bats"": ""L"", ""obp"": 0.37522768670309653, ""slg"": 0.5297872340425532, ""iso"": 0.25319148936170216, ""ab"": 470}, {""id"": 673548, ""name"": ""Seiya Suzuki"", ""bats"": ""R"", ""obp"": 0.3642241379310345, ""slg"": 0.48756218905472637, ""iso"": 0.2139303482587065, ""ab"": 402}, {""id"": 608324, ""name"": ""Alex Bregman"", ""bats"": ""R"", ""obp"": 0.3435804701627486, ""slg"": 0.40501043841336115, ""iso"": 0.1524008350730689, ""ab"": 479}]","[{""id"": 802139, ""name"": ""JJ Wetherholt"", ""bats"": ""L"", ""obp"": 0.3471698113207547, ""slg"": 0.3730684326710817, ""iso"": 0.13245033112582782, ""ab"": 453}, {""id"": 671056, ""name"": ""Iv\u00e1n Herrera"", ""bats"": ""R"", ""obp"": 0.3602941176470588, ""slg"": 0.3877995642701525, ""iso"": 0.13943355119825707, ""ab"": 459}, {""id"": 676475, ""name"": ""Alec Burleson"", ""bats"": ""L"", ""obp"": 0.35271317829457366, ""slg"": 0.4838012958963283, ""iso"": 0.19870410367170627, ""ab"": 463}]","[{""name"": ""fi_park_nrfi_rate"", ""value"": 0.5429, ""contribution"": -0.1558}, {""name"": ""away_top3c_iso"", ""value"": 0.1571, ""contribution"": -0.1507}, {""name"": ""away_top3c_slg"", ""value"": 0.4153, ""contribution"": 0.1266}, {""name"": ""era_gap_t1"", ""value"": 0.787, ""contribution"": 0.0858}, {""name"": ""home_fip"", ""value"": 4.639, ""contribution"": 0.0741}]","[{""name"": ""fi_park_nrfi_rate"", ""value"": 0.5429, ""contribution"": -0.2395}, {""name"": ""home_top3c_slg"", ""value"": 0.473, ""contribution"": -0.2024}, {""name"": ""home_obp"", ""value"": 0.3356, ""contribution"": 0.1528}, {""name"": ""away_whiff_pct_rank"", ""value"": 19.0, ""contribution"": 0.1333}, {""name"": ""home_top3c_iso"", ""value"": 0.2058, ""contribution"": 0.1263}]",608158,0.5142,4.053,3.833,76.0,19.0,0.6942,0.7136,4.27,5.33,0.8143,0.8143,R,R,YRFI,PASS,2,0,2,2026-08-16T19:28:04+00:00,+100,-130,DraftKings,2026-08-16T16:12:55+00:00,0.5,0.5652,-0.0283,-0.0369,,N,,,-105,-125,2026-08-16T15:24:18+00:00,,0.4877,PASS,NO EDGE,,,,,,,
2026-08-16,2026,824477,1,N,MIA,CIN,1:40 PM ET,Eury Pérez,Nick Lodolo,691587,666157,live,live,live,live,1.09,0.5828,0.4876,1.0705,0.4554,0.3514,0.8069,0.474,0.526,0.2901,0.7099,0.446261,0.553739,PASS,NO EDGE,PASS - No edge,4,2026-08-16T17:16:18Z,3.606,4.284,1.106,1.317,3.658,4.587,3.31,2.96,1.04,1.49,9.86,8.05,0.325,0.308,0.403,0.395,4.392,4.15,31.0,19.4,53.0,0.0,0.8,1.0,0.8,0.9,0.3386,0.326,0.4697,0.4365,0.2195,0.1641,lineup,lineup,"[{""id"": 682829, ""name"": ""Elly De La Cruz"", ""bats"": ""S"", ""obp"": 0.34490238611713664, ""slg"": 0.4802955665024631, ""iso"": 0.21674876847290642, ""ab"": 406}, {""id"": 701398, ""name"": ""Sal Stewart"", ""bats"": ""R"", ""obp"": 0.3371212121212121, ""slg"": 0.47844827586206895, ""iso"": 0.21767241379310343, ""ab"": 464}, {""id"": 668709, ""name"": ""JJ Bleday"", ""bats"": ""L"", ""obp"": 0.3333333333333333, ""slg"": 0.4444444444444444, ""iso"": 0.2252252252252252, ""ab"": 333}]","[{""id"": 672640, ""name"": ""Otto Lopez"", ""bats"": ""R"", ""obp"": 0.3403846153846154, ""slg"": 0.453416149068323, ""iso"": 0.1449275362318841, ""ab"": 483}, {""id"": 681715, ""name"": ""Heriberto Hern\u00e1ndez"", ""bats"": ""R"", ""obp"": 0.3033033033033033, ""slg"": 0.45, ""iso"": 0.22, ""ab"": 300}, {""id"": 682663, ""name"": ""Agust\u00edn Ram\u00edrez"", ""bats"": ""R"", ""obp"": 0.32666666666666666, ""slg"": 0.3435114503816794, ""iso"": 0.1068702290076336, ""ab"": 131}]","[{""name"": ""away_top3_ops_vs_oppHand"", ""value"": 0.914, ""contribution"": 0.1496}, {""name"": ""away_top3c_iso"", ""value"": 0.1641, ""contribution"": -0.1013}, {""name"": ""era_gap_t1"", ""value"": 0.6777, ""contribution"": 0.074}, {""name"": ""home_fip"", ""value"": 4.5874, ""contribution"": 0.0683}, {""name"": ""wx_temp_c"", ""value"": 31.0, ""contribution"": 0.0583}]","[{""name"": ""home_top3c_iso"", ""value"": 0.2195, ""contribution"": 0.1909}, {""name"": ""home_top3c_slg"", ""value"": 0.4697, ""contribution"": -0.1818}, {""name"": ""wx_wind_kmh"", ""value"": 19.4, ""contribution"": 0.0832}, {""name"": ""wx_temp_c"", ""value"": 31.0, ""contribution"": 0.0814}, {""name"": ""away_whiff_pct_rank"", ""value"": 68.0, ""contribution"": -0.0782}]",596805,0.4819,4.2,3.511,50.0,68.0,0.7613,0.6487,4.8,6.2,0.914,0.7797,R,L,NRFI,PASS,0,0,0,2026-08-16T18:00:07+00:00,-120,-110,DraftKings,2026-08-16T16:12:55+00:00,0.5455,0.5238,-0.0715,0.0022,,N,,,-120,-110,2026-08-16T15:24:18+00:00,,0.4877,PASS,NO EDGE,,,,,,,
2026-08-16,2026,824236,1,N,CWS,DET,1:40 PM ET,Sean Burke,Drew Anderson,680732,623454,live,ltd,live,live,0.98,0.5048,0.4757,0.9804,0.4984,0.4052,0.9036,0.4324,0.5676,0.257,0.743,0.405106,0.594894,YRFI,LEAN,LEAN YRFI,4,2026-08-16T16:18:58Z,3.271,4.004,1.162,1.286,3.654,3.991,2.97,3.24,1.12,1.25,9.85,9.79,0.318,0.319,0.411,0.408,4.777,4.547,27.5,9.0,75.0,0.0,1.0,0.8,1.0,0.7,0.3615,0.3586,0.4473,0.4766,0.1766,0.2261,lineup,lineup,"[{""id"": 650402, ""name"": ""Gleyber Torres"", ""bats"": ""R"", ""obp"": 0.378839590443686, ""slg"": 0.4024390243902439, ""iso"": 0.13414634146341464, ""ab"": 246}, {""id"": 805808, ""name"": ""Kevin McGonigle"", ""bats"": ""L"", ""obp"": 0.3880597014925373, ""slg"": 0.421978021978022, ""iso"": 0.13846153846153847, ""ab"": 455}, {""id"": 693307, ""name"": ""Dillon Dingler"", ""bats"": ""R"", ""obp"": 0.3215767634854772, ""slg"": 0.4988558352402746, ""iso"": 0.2402745995423341, ""ab"": 437}]","[{""id"": 803011, ""name"": ""Sam Antonacci"", ""bats"": ""L"", ""obp"": 0.36724565756823824, ""slg"": 0.4090909090909091, ""iso"": 0.13068181818181823, ""ab"": 352}, {""id"": 808959, ""name"": ""Munetaka Murakami"", ""bats"": ""L"", ""obp"": 0.37037037037037035, ""slg"": 0.5387096774193548, ""iso"": 0.3032258064516129, ""ab"": 310}, {""id"": 678246, ""name"": ""Miguel Vargas"", ""bats"": ""R"", ""obp"": 0.34345351043643263, ""slg"": 0.48660714285714285, ""iso"": 0.24776785714285712, ""ab"": 448}]","[{""name"": ""away_top3c_iso"", ""value"": 0.2261, ""contribution"": 0.3355}, {""name"": ""away_top3c_slg"", ""value"": 0.4766, ""contribution"": -0.1839}, {""name"": ""fi_park_nrfi_rate"", ""value"": 0.5322, ""contribution"": -0.1188}, {""name"": ""home_p_last10_pitcher_nrfi"", ""value"": 1.0, ""contribution"": 0.1107}, {""name"": ""away_top3_ops_vs_oppHand"", ""value"": 0.8727, ""contribution"": 0.1074}]","[{""name"": ""fi_park_nrfi_rate"", ""value"": 0.5322, ""contribution"": -0.1826}, {""name"": ""home_plate_ump_nrfi_rate"", ""value"": 0.6254, ""contribution"": 0.1272}, {""name"": ""home_top3_ops_vs_oppHand"", ""value"": 0.8577, ""contribution"": 0.1128}, {""name"": ""home_top3c_obp"", ""value"": 0.3615, ""contribution"": 0.0744}, {""name"": ""away_whiff_pct_rank"", ""value"": 35.0, ""contribution"": 0.0643}]",644760,0.6254,5.14,4.644,65.0,35.0,0.7136,0.7136,3.75,6.0,0.8727,0.8577,R,R,NRFI,LOSS,0,0,0,2026-08-16T17:53:28+00:00,-130,+100,DraftKings,2026-08-16T16:12:55+00:00,0.5652,0.5,-0.1328,0.0676,0.0676,N,0.5,0,-130,+100,2026-08-16T15:24:18+00:00,0,0.3965,YRFI,STRONG,,,,,,,
2026-08-16,2026,824880,1,N,ARI,ATL,1:35 PM ET,Michael Soroka,Bryce Elder,647336,693821,live,live,live,live,0.98,0.5533,0.4309,0.9843,0.3942,0.3963,0.7906,0.4823,0.5177,0.2585,0.7415,0.453594,0.546406,PASS,NO EDGE,PASS - No edge,4,2026-08-16T17:16:18Z,3.4,4.327,1.119,1.283,3.225,4.655,2.36,3.05,0.81,1.43,8.9,7.44,0.317,0.312,0.4,0.417,4.543,4.793,34.6,7.4,34.0,0.0,0.8,0.8,0.7,0.8,0.3485,0.3615,0.4881,0.4423,0.2256,0.1769,lineup,lineup,"[{""id"": 686948, ""name"": ""Drake Baldwin"", ""bats"": ""L"", ""obp"": 0.3581081081081081, ""slg"": 0.45012787723785164, ""iso"": 0.1764705882352941, ""ab"": 391}, {""id"": 660670, ""name"": ""Ronald Acu\u00f1a Jr."", ""bats"": ""R"", ""obp"": 0.3514376996805112, ""slg"": 0.4398496240601504, ""iso"": 0.1954887218045113, ""ab"": 266}, {""id"": 621566, ""name"": ""Matt Olson"", ""bats"": ""L"", ""obp"": 0.33891992551210426, ""slg"": 0.5460251046025104, ""iso"": 0.28242677824267776, ""ab"": 478}]","[{""id"": 672695, ""name"": ""Geraldo Perdomo"", ""bats"": ""S"", ""obp"": 0.359375, ""slg"": 0.3767441860465116, ""iso"": 0.12790697674418602, ""ab"": 430}, {""id"": 682998, ""name"": ""Corbin Carroll"", ""bats"": ""L"", ""obp"": 0.3448275862068966, ""slg"": 0.49223946784922396, ""iso"": 0.24390243902439024, ""ab"": 451}, {""id"": 672515, ""name"": ""Gabriel Moreno"", ""bats"": ""R"", ""obp"": 0.38636363636363635, ""slg"": 0.4588235294117647, ""iso"": 0.14999999999999997, ""ab"": 340}]","[{""name"": ""era_gap_t1"", ""value"": 0.9263, ""contribution"": 0.1009}, {""name"": ""wx_temp_c"", ""value"": 34.6, ""contribution"": 0.0799}, {""name"": ""home_fip"", ""value"": 4.6553, ""contribution"": 0.076}, {""name"": ""fi_park_nrfi_rate"", ""value"": 0.5093, ""contribution"": -0.0398}, {""name"": ""away_top3_ops_vs_oppHand"", ""value"": 0.7913, ""contribution"": 0.0246}]","[{""name"": ""home_top3c_slg"", ""value"": 0.4881, ""contribution"": -0.2964}, {""name"": ""home_top3c_iso"", ""value"": 0.2256, ""contribution"": 0.2197}, {""name"": ""home_top3_ops_vs_oppHand"", ""value"": 0.8577, ""contribution"": 0.1128}, {""name"": ""wx_temp_c"", ""value"": 34.6, ""contribution"": 0.1115}, {""name"": ""away_whiff_pct_rank"", ""value"": 29.0, ""contribution"": 0.0902}]",664263,0.565,4.332,3.598,24.0,29.0,0.7075,0.7272,5.8,5.07,0.7913,0.8577,R,R,NRFI,PASS,0,0,0,2026-08-16T17:50:06+00:00,-105,-120,DraftKings,2026-08-16T16:12:55+00:00,0.5122,0.5455,-0.0299,-0.0278,,N,,,-105,-120,2026-08-16T15:24:18+00:00,,0.4614,PASS,NO EDGE,,,,,,,
2026-08-16,2026,823182,1,N,COL,SF,4:05 PM ET,Gabriel Hughes,Blade Tidwell,687312,694918,ltd,sm,live,live,0.94,0.4262,0.4506,0.8767,0.2582,0.464,0.7222,0.4937,0.5063,0.219,0.781,0.485681,0.514319,PASS,NO EDGE,PASS - No edge,4,2026-08-16T19:17:36Z,4.823,3.674,1.269,1.203,3.744,3.674,3.08,2.61,0.91,0.92,8.59,8.38,0.321,0.307,0.418,0.407,4.714,4.127,20.5,19.5,64.0,0.0,0.5,0.6,0.5,0.5,0.3272,0.333,0.4347,0.507,0.1904,0.2227,lineup,lineup,"[{""id"": 687551, ""name"": ""Drew Gilbert"", ""bats"": ""L"", ""obp"": 0.32989690721649484, ""slg"": 0.3764705882352941, ""iso"": 0.13333333333333333, ""ab"": 255}, {""id"": 646240, ""name"": ""Rafael Devers"", ""bats"": ""L"", ""obp"": 0.3192307692307692, ""slg"": 0.46652267818574517, ""iso"": 0.22246220302375813, ""ab"": 463}, {""id"": 805811, ""name"": ""Bryce Eldridge"", ""bats"": ""L"", ""obp"": 0.3374233128834356, ""slg"": 0.43508771929824563, ""iso"": 0.18947368421052635, ""ab"": 285}]","[{""id"": 664983, ""name"": ""Jake McCarthy"", ""bats"": ""L"", ""obp"": 0.3317307692307692, ""slg"": 0.4961439588688946, ""iso"": 0.20051413881748076, ""ab"": 389}, {""id"": 694249, ""name"": ""Cole Carrigg"", ""bats"": ""S"", ""obp"": 0.37264150943396224, ""slg"": 0.4835164835164835, ""iso"": 0.1923076923076923, ""ab"": 182}, {""id"": 666160, ""name"": ""Mickey Moniak"", ""bats"": ""L"", ""obp"": 0.3081761006289308, ""slg"": 0.5360824742268041, ""iso"": 0.27147766323024053, ""ab"": 291}]","[{""name"": ""away_top3c_slg"", ""value"": 0.507, ""contribution"": -0.3378}, {""name"": ""away_top3c_iso"", ""value"": 0.2227, ""contribution"": 0.3116}, {""name"": ""era_gap_t1"", ""value"": -1.1492, ""contribution"": -0.1238}, {""name"": ""away_top3_ops_vs_oppHand"", ""value"": 0.853, ""contribution"": 0.0874}, {""name"": ""home_p_last10_pitcher_nrfi"", ""value"": 0.5, ""contribution"": -0.0846}]","[{""name"": ""wx_wind_kmh"", ""value"": 19.5, ""contribution"": 0.0843}, {""name"": ""era_gap_b1"", ""value"": 1.1492, ""contribution"": 0.0778}, {""name"": ""home_top3_ops_vs_oppHand"", ""value"": 0.825, ""contribution"": 0.0736}, {""name"": ""away_p_last10_pitcher_nrfi"", ""value"": 0.5, ""contribution"": 0.0713}, {""name"": ""home_top3c_iso"", ""value"": 0.1904, ""contribution"": 0.0539}]",665281,0.5305,3.43,4.2,82.0,50.0,0.7136,0.7136,4.5,4.93,0.853,0.825,R,R,YRFI,PASS,0,1,1,2026-08-16T20:17:45+00:00,-120,-110,DraftKings,2026-08-16T16:12:55+00:00,0.5455,0.5238,-0.0312,-0.0381,,N,,,-120,-110,2026-08-16T15:24:18+00:00,,0.4589,PASS,NO EDGE,,,,,,,
2026-08-16,2026,824156,1,N,SEA,HOU,7:20 PM ET,Bryan Woo,Hunter Brown,693433,686613,live,live,live,live,0.99,0.4742,0.4145,0.8887,0.2809,0.3874,0.6683,0.5095,0.4905,0.2234,0.7766,0.512596,0.487404,NRFI,LEAN,LEAN NRFI,4,2026-08-16T22:09:52Z,3.869,3.196,1.06,1.177,3.228,3.915,1.87,4.13,0.97,1.02,9.13,9.73,0.31,0.319,0.38,0.412,3.982,4.615,,,,1.0,1.0,0.6,0.8,0.8,0.3826,0.353,0.5106,0.4588,0.2204,0.1922,lineup,lineup,"[{""id"": 665161, ""name"": ""Jeremy Pe\u00f1a"", ""bats"": ""R"", ""obp"": 0.34441087613293053, ""slg"": 0.47019867549668876, ""iso"": 0.1821192052980133, ""ab"": 302}, {""id"": 701358, ""name"": ""Cam Smith"", ""bats"": ""R"", ""obp"": 0.29213483146067415, ""slg"": 0.395, ""iso"": 0.17250000000000001, ""ab"": 400}, {""id"": 670623, ""name"": ""Isaac Paredes"", ""bats"": ""R"", ""obp"": 0.3501006036217304, ""slg"": 0.4245939675174014, ""iso"": 0.16473317865429238, ""ab"": 431}]","[{""id"": 680977, ""name"": ""Brendan Donovan"", ""bats"": ""L"", ""obp"": 0.35294117647058826, ""slg"": 0.3983050847457627, ""iso"": 0.13559322033898302, ""ab"": 118}, {""id"": 668227, ""name"": ""Randy Arozarena"", ""bats"": ""R"", ""obp"": 0.3682092555331992, ""slg"": 0.44988344988344986, ""iso"": 0.1748251748251748, ""ab"": 429}, {""id"": 686527, ""name"": ""Dominic Canzone"", ""bats"": ""L"", ""obp"": 0.33242506811989103, ""slg"": 0.4923547400611621, ""iso"": 0.23547400611620795, ""ab"": 327}]","[{""name"": ""home_xera"", ""value"": 1.82, ""contribution"": -0.2352}, {""name"": ""away_top3c_iso"", ""value"": 0.1922, ""contribution"": 0.0967}, {""name"": ""away_top3c_slg"", ""value"": 0.4588, ""contribution"": -0.0939}, {""name"": ""away_top3_ops_vs_oppHand"", ""value"": 0.8503, ""contribution"": 0.0847}, {""name"": ""era_gap_t1"", ""value"": -0.6733, ""contribution"": -0.0723}]","[{""name"": ""home_top3c_slg"", ""value"": 0.5106, ""contribution"": -0.4364}, {""name"": ""home_top3_ops_vs_oppHand"", ""value"": 0.927, ""contribution"": 0.1958}, {""name"": ""home_top3c_iso"", ""value"": 0.2204, ""contribution"": 0.1955}, {""name"": ""home_top3c_obp"", ""value"": 0.3826, ""contribution"": 0.1483}, {""name"": ""fi_park_nrfi_rate"", ""value"": 0.482, ""contribution"": 0.084}]",503586,0.4946,1.82,2.986,55.0,50.0,0.6909,0.7272,5.67,5.6,0.8503,0.927,R,R,YRFI,LOSS,1,0,1,2026-08-16T23:36:47+00:00,-150,+115,DraftKings,2026-08-16T23:26:40+00:00,0.6,0.4651,-0.0905,0.0254,-0.0905,N,0.5,0,-135,+105,2026-08-16T15:24:18+00:00,0.0255,0.6476,NRFI,STRONG,,,,,,,
2026-08-16,2026,823344,1,N,BOS,PIT,1:35 PM ET,Patrick Sandoval,Lake Bachar,663776,669199,ltd,live,live,live,0.96,0.5031,0.5466,1.0497,0.2927,0.3996,0.6923,0.5011,0.4989,0.2825,0.7175,0.500446,0.499554,NRFI,LEAN,LEAN NRFI,4,2026-08-16T16:18:58Z,3.797,3.998,1.449,1.135,4.053,4.444,3.35,3.28,1.08,1.5,8.73,9.31,0.32,0.331,0.402,0.411,4.446,4.946,23.4,3.1,93.0,0.0,0.8,1.0,0.8,1.0,0.3577,0.334,0.4249,0.4571,0.1695,0.1862,lineup,lineup,"[{""id"": 669707, ""name"": ""Jared Triolo"", ""bats"": ""R"", ""obp"": 0.32116788321167883, ""slg"": 0.3170731707317073, ""iso"": 0.07317073170731708, ""ab"": 246}, {""id"": 699013, ""name"": ""Esmerlyn Valdez"", ""bats"": ""R"", ""obp"": 0.3686635944700461, ""slg"": 0.5555555555555556, ""iso"": 0.30000000000000004, ""ab"": 180}, {""id"": 668804, ""name"": ""Bryan Reynolds"", ""bats"": ""S"", ""obp"": 0.3720073664825046, ""slg"": 0.43137254901960786, ""iso"": 0.16993464052287582, ""ab"": 459}]","[{""id"": 686765, ""name"": ""Nick Sogard"", ""bats"": ""S"", ""obp"": 0.3652173913043478, ""slg"": 0.3229166666666667, ""iso"": 0.07291666666666669, ""ab"": 96}, {""id"": 678882, ""name"": ""Ceddanne Rafaela"", ""bats"": ""R"", ""obp"": 0.3252032520325203, ""slg"": 0.46652267818574517, ""iso"": 0.17926565874730022, ""ab"": 463}, {""id"": 677800, ""name"": ""Wilyer Abreu"", ""bats"": ""L"", ""obp"": 0.3352601156069364, ""slg"": 0.4758771929824561, ""iso"": 0.2171052631578947, ""ab"": 456}]","[{""name"": ""home_xera"", ""value"": 2.68, ""contribution"": -0.1471}, {""name"": ""home_avg_ip_per_start"", ""value"": 2.2, ""contribution"": 0.0958}, {""name"": ""away_top3c_slg"", ""value"": 0.4571, ""contribution"": -0.0855}, {""name"": ""fi_park_nrfi_rate"", ""value"": 0.5188, ""contribution"": -0.0724}, {""name"": ""away_top3c_iso"", ""value"": 0.1862, ""contribution"": 0.0543}]","[{""name"": ""home_top3_ops_vs_oppHand"", ""value"": 0.8787, ""contribution"": 0.1379}, {""name"": ""home_obp"", ""value"": 0.3312, ""contribution"": 0.1217}, {""name"": ""fi_park_nrfi_rate"", ""value"": 0.5188, ""contribution"": -0.1113}, {""name"": ""home_top3c_slg"", ""value"": 0.4249, ""contribution"": 0.0965}, {""name"": ""away_p_last10_pitcher_nrfi"", ""value"": 1.0, ""contribution"": -0.0929}]",485856,0.5084,2.68,4.2,96.0,50.0,0.7136,0.7136,2.2,5.13,0.7527,0.8787,L,R,YRFI,LOSS,0,2,2,2026-08-16T17:55:33+00:00,-125,-105,DraftKings,2026-08-16T16:12:55+00:00,0.5556,0.5122,-0.0545,-0.0133,-0.0545,N,0.5,0,-125,-105,2026-08-16T15:24:18+00:00,0,0.6395,NRFI,STRONG,,,,,,,
2026-08-16,2026,823670,1,N,PHI,MIN,2:10 PM ET,Andrew Painter,Dean Kremer,691725,665152,ltd,live,live,live,0.97,0.5308,0.6105,1.1413,0.339,0.4269,0.7659,0.4859,0.5141,0.3161,0.6839,0.464928,0.535072,PASS,NO EDGE,PASS - No edge,4,2026-08-16T17:16:18Z,5.571,4.768,1.44,1.185,4.792,4.776,3.3,2.51,1.53,1.75,8.08,8.2,0.311,0.319,0.402,0.406,4.45,4.608,27.3,14.6,38.0,0.0,0.4,0.2,0.5,0.5,0.3298,0.3622,0.46,0.4863,0.1991,0.2303,lineup,lineup,"[{""id"": 680777, ""name"": ""Ryan Jeffers"", ""bats"": ""R"", ""obp"": 0.3911290322580645, ""slg"": 0.49523809523809526, ""iso"": 0.20952380952380956, ""ab"": 210}, {""id"": 621439, ""name"": ""Byron Buxton"", ""bats"": ""R"", ""obp"": 0.32075471698113206, ""slg"": 0.5384615384615384, ""iso"": 0.2781065088757396, ""ab"": 338}, {""id"": 605137, ""name"": ""Josh Bell"", ""bats"": ""S"", ""obp"": 0.3153526970954357, ""slg"": 0.4214123006833713, ""iso"": 0.16856492027334852, ""ab"": 439}]","[{""id"": 656941, ""name"": ""Kyle Schwarber"", ""bats"": ""L"", ""obp"": 0.3676190476190476, ""slg"": 0.5377574370709383, ""iso"": 0.2906178489702518, ""ab"": 437}, {""id"": 681082, ""name"": ""Bryson Stott"", ""bats"": ""L"", ""obp"": 0.34130434782608693, ""slg"": 0.4219512195121951, ""iso"": 0.15609756097560973, ""ab"": 410}, {""id"": 547180, ""name"": ""Bryce Harper"", ""bats"": ""L"", ""obp"": 0.375, ""slg"": 0.49539170506912444, ""iso"": 0.23963133640552997, ""ab"": 434}]","[{""name"": ""away_top3c_iso"", ""value"": 0.2303, ""contribution"": 0.3648}, {""name"": ""away_top3c_slg"", ""value"": 0.4863, ""contribution"": -0.2333}, {""name"": ""fi_park_nrfi_rate"", ""value"": 0.5348, ""contribution"": -0.1278}, {""name"": ""away_top3_ops_vs_oppHand"", ""value"": 0.8723, ""contribution"": 0.1071}, {""name"": ""home_fip"", ""value"": 4.7756, ""contribution"": 0.0895}]","[{""name"": ""fi_park_nrfi_rate"", ""value"": 0.5348, ""contribution"": -0.1964}, {""name"": ""home_top3c_slg"", ""value"": 0.46, ""contribution"": -0.1218}, {""name"": ""home_top3c_iso"", ""value"": 0.1991, ""contribution"": 0.0948}, {""name"": ""away_fip"", ""value"": 4.792, ""contribution"": 0.0859}, {""name"": ""away_p_last10_pitcher_nrfi"", ""value"": 0.5, ""contribution"": 0.0713}]",484183,0.5086,3.819,5.526,41.0,50.0,0.7272,0.7136,5.2,4.4,0.8723,0.8223,R,R,YRFI,PASS,0,4,4,2026-08-16T18:37:54+00:00,+100,-135,DraftKings,2026-08-16T16:12:55+00:00,0.5,0.5745,-0.0141,-0.0604,,N,,,+105,-135,2026-08-16T15:24:18+00:00,,0.4589,PASS,NO EDGE,,,,,,,
2026-08-16,2026,824397,1,N,SD,CLE,1:40 PM ET,Casey Mize,Tanner Bibee,663554,676440,live,live,live,live,0.96,0.4745,0.3673,0.8418,0.3079,0.3193,0.6272,0.5175,0.4825,0.2063,0.7937,0.534073,0.465927,NRFI,LEAN,LEAN NRFI,4,2026-08-16T16:18:58Z,3.513,4.044,1.143,1.152,3.279,4.493,2.24,2.54,0.84,1.41,8.6,7.31,0.314,0.313,0.389,0.375,4.299,4.04,25.8,12.7,85.0,0.0,1.0,1.0,0.8,1.0,0.3558,0.3215,0.3853,0.3899,0.1213,0.1482,lineup,lineup,"[{""id"": 680757, ""name"": ""Steven Kwan"", ""bats"": ""L"", ""obp"": 0.3693304535637149, ""slg"": 0.33164556962025316, ""iso"": 0.06329113924050633, ""ab"": 395}, {""id"": 682657, ""name"": ""Angel Mart\u00ednez"", ""bats"": ""S"", ""obp"": 0.2727272727272727, ""slg"": 0.43109540636042404, ""iso"": 0.19081272084805656, ""ab"": 283}, {""id"": 608070, ""name"": ""Jos\u00e9 Ram\u00edrez"", ""bats"": ""S"", ""obp"": 0.336734693877551, ""slg"": 0.3795180722891566, ""iso"": 0.14759036144578314, ""ab"": 332}]","[{""id"": 665487, ""name"": ""Fernando Tatis Jr."", ""bats"": ""R"", ""obp"": 0.35447761194029853, ""slg"": 0.42283298097251587, ""iso"": 0.1437632135306554, ""ab"": 473}, {""id"": 630105, ""name"": ""Jake Cronenworth"", ""bats"": ""L"", ""obp"": 0.3076923076923077, ""slg"": 0.2880658436213992, ""iso"": 0.06584362139917699, ""ab"": 243}, {""id"": 592518, ""name"": ""Manny Machado"", ""bats"": ""R"", ""obp"": 0.29434697855750486, ""slg"": 0.41019955654101997, ""iso"": 0.19733924611973394, ""ab"": 451}]","[{""name"": ""away_top3c_slg"", ""value"": 0.3899, ""contribution"": 0.2552}, {""name"": ""away_top3c_iso"", ""value"": 0.1482, ""contribution"": -0.213}, {""name"": ""fi_park_nrfi_rate"", ""value"": 0.528, ""contribution"": -0.1042}, {""name"": ""away_top3_ops_vs_oppHand"", ""value"": 0.6833, ""contribution"": -0.0855}, {""name"": ""era_gap_t1"", ""value"": 0.5317, ""contribution"": 0.0582}]","[{""name"": ""home_top3c_slg"", ""value"": 0.3853, ""contribution"": 0.3423}, {""name"": ""home_top3c_iso"", ""value"": 0.1213, ""contribution"": -0.2722}, {""name"": ""fi_park_nrfi_rate"", ""value"": 0.528, ""contribution"": -0.1602}, {""name"": ""away_p_last10_pitcher_nrfi"", ""value"": 1.0, ""contribution"": -0.0929}, {""name"": ""home_plate_ump_nrfi_rate"", ""value"": 0.5769, ""contribution"": 0.0772}]",429805,0.5769,3.633,3.428,47.0,53.0,0.6796,0.7272,6.27,4.87,0.6833,0.711,R,R,NRFI,WIN,0,0,0,2026-08-16T21:02:22+00:00,-125,-105,DraftKings,2026-08-16T16:12:55+00:00,0.5556,0.5122,-0.0381,-0.0297,-0.0381,N,0.5,0,-130,+100,2026-08-16T15:24:18+00:00,-0.0097,0.4877,PASS,NO EDGE,,,,,,,
2026-08-16,2026,823912,1,N,MIL,LAD,4:10 PM ET,Logan Henderson,Tarik Skubal,701656,669373,ltd,live,live,live,0.97,0.3171,0.4662,0.7833,0.1976,0.4494,0.6469,0.5146,0.4854,0.1852,0.8148,0.523652,0.476348,NRFI,LEAN,LEAN NRFI,4,2026-08-16T19:04:13Z,3.209,2.73,1.032,0.918,3.654,2.71,2.24,1.51,1.33,0.96,10.37,10.85,0.333,0.334,0.395,0.425,4.817,4.903,26.9,15.2,58.0,0.0,0.8,1.0,0.6,0.9,0.3665,0.3306,0.4861,0.4117,0.1999,0.1507,lineup,lineup,"[{""id"": 660271, ""name"": ""Shohei Ohtani"", ""bats"": ""L"", ""obp"": 0.3892100192678227, ""slg"": 0.5421412300683371, ""iso"": 0.2528473804100228, ""ab"": 439}, {""id"": 518692, ""name"": ""Freddie Freeman"", ""bats"": ""L"", ""obp"": 0.3762183235867446, ""slg"": 0.4646017699115044, ""iso"": 0.163716814159292, ""ab"": 452}, {""id"": 681624, ""name"": ""Andy Pages"", ""bats"": ""R"", ""obp"": 0.33459357277882795, ""slg"": 0.45473684210526316, ""iso"": 0.18526315789473685, ""ab"": 475}]","[{""id"": 661388, ""name"": ""William Contreras"", ""bats"": ""R"", ""obp"": 0.3286004056795132, ""slg"": 0.3826879271070615, ""iso"": 0.12528473804100226, ""ab"": 439}, {""id"": 800325, ""name"": ""Luis Lara"", ""bats"": ""S"", ""obp"": 0.3225806451612903, ""slg"": 0.3333333333333333, ""iso"": 0.09876543209876543, ""ab"": 81}, {""id"": 694192, ""name"": ""Jackson Chourio"", ""bats"": ""R"", ""obp"": 0.33497536945812806, ""slg"": 0.4634146341463415, ""iso"": 0.19241192411924124, ""ab"": 369}]","[{""name"": ""away_top3c_iso"", ""value"": 0.1507, ""contribution"": -0.1955}, {""name"": ""home_xera"", ""value"": 2.2179, ""contribution"": -0.1944}, {""name"": ""away_top3c_slg"", ""value"": 0.4117, ""contribution"": 0.1447}, {""name"": ""home_fip"", ""value"": 2.71, ""contribution"": -0.1424}, {""name"": ""away_top3_ops_vs_oppHand"", ""value"": 0.6363, ""contribution"": -0.1334}]","[{""name"": ""home_top3c_slg"", ""value"": 0.4861, ""contribution"": -0.2839}, {""name"": ""home_obp"", ""value"": 0.3338, ""contribution"": 0.1403}, {""name"": ""home_top3_ops_vs_oppHand"", ""value"": 0.859, ""contribution"": 0.1144}, {""name"": ""home_top3c_iso"", ""value"": 0.1999, ""contribution"": 0.0984}, {""name"": ""home_top3c_obp"", ""value"": 0.3665, ""contribution"": 0.0918}]",621660,0.499,2.218,3.49,100.0,59.0,0.751,0.7136,6.4,5.6,0.6363,0.859,R,L,NRFI,WIN,0,0,0,2026-08-16T20:27:57+00:00,-150,+115,DraftKings,2026-08-16T16:12:55+00:00,0.6,0.4651,-0.0999,0.0348,,N,,0,-150,+115,2026-08-16T15:24:18+00:00,,0.5935,NRFI,STRONG,,,,,,,
2026-08-17,2026,824320,1,N,LAD,COL,8:40 PM ET,Blake Snell,Tomoyuki Sugano,605483,608372,ltd,live,live,live,1.22,0.7776,0.5654,1.3431,0.537,0.501,1.038,0.3462,0.6538,0.3884,0.6116,0.3542,0.6458,YRFI,STRONG,STRONG YRFI,4,2026-08-17T23:34:23Z,3.566,4.485,1.273,1.271,2.994,5.455,3.32,2.07,0.67,1.9,10.67,5.46,0.333,0.322,0.425,0.419,4.882,4.773,33.2,9.4,12.0,0.0,0.4,0.6,0.4,0.8,0.3347,0.3656,0.4676,0.4858,0.1882,0.2004,lineup,lineup,"[{""id"": 691728, ""name"": ""Zac Veen"", ""bats"": ""L"", ""obp"": 0.3076923076923077, ""slg"": 0.75, ""iso"": 0.5, ""ab"": 12}, {""id"": 687597, ""name"": ""Jordan Beck"", ""bats"": ""R"", ""obp"": 0.25, ""slg"": 0.3300970873786408, ""iso"": 0.1359223300970874, ""ab"": 103}, {""id"": 694249, ""name"": ""Cole Carrigg"", ""bats"": ""S"", ""obp"": 0.3778801843317972, ""slg"": 0.4864864864864865, ""iso"": 0.1945945945945946, ""ab"": 185}]","[{""id"": 660271, ""name"": ""Shohei Ohtani"", ""bats"": ""L"", ""obp"": 0.3881453154875717, ""slg"": 0.5395033860045146, ""iso"": 0.2505643340857788, ""ab"": 443}, {""id"": 518692, ""name"": ""Freddie Freeman"", ""bats"": ""L"", ""obp"": 0.3733075435203095, ""slg"": 0.4605263157894737, ""iso"": 0.16228070175438597, ""ab"": 456}, {""id"": 681624, ""name"": ""Andy Pages"", ""bats"": ""R"", ""obp"": 0.33583489681050654, ""slg"": 0.4602510460251046, ""iso"": 0.19037656903765687, ""ab"": 478}]","[{""name"": ""fi_park_nrfi_rate"", ""value"": 0.4241, ""contribution"": 0.2547}, {""name"": ""away_top3c_slg"", ""value"": 0.4858, ""contribution"": -0.2308}, {""name"": ""home_fip"", ""value"": 5.4546, ""contribution"": 0.1657}, {""name"": ""home_xera"", ""value"": 5.6402, ""contribution"": 0.1562}, {""name"": ""away_top3c_iso"", ""value"": 0.2004, ""contribution"": 0.1546}]","[{""name"": ""fi_park_nrfi_rate"", ""value"": 0.4241, ""contribution"": 0.3916}, {""name"": ""home_top3c_slg"", ""value"": 0.4676, ""contribution"": -0.1693}, {""name"": ""home_top3_ops_vs_oppHand"", ""value"": 0.9007, ""contribution"": 0.1642}, {""name"": ""away_fip"", ""value"": 2.9944, ""contribution"": -0.1062}, {""name"": ""wx_temp_c"", ""value"": 33.2, ""contribution"": 0.0998}]",483919,0.4901,5.64,4.2,12.0,50.0,0.6487,0.7335,5.87,5.6,0.8543,0.9007,L,R,NRFI,LOSS,0,0,0,2026-08-18T00:53:08+00:00,+110,-145,DraftKings,2026-08-17T23:41:38+00:00,0.4762,0.5918,-0.13,0.062,0.062,Y,4,-4,+105,-140,2026-08-17T04:14:56+00:00,0.0085,0.3985,YRFI,STRONG,,,,,,,0.6538
2026-08-17,2026,822939,1,N,BAL,TB,6:05 PM ET,Brandon Young,Shane McClanahan,687064,663556,live,ltd,live,live,0.93,0.4014,0.5208,0.9222,0.4328,0.5817,1.0145,0.3707,0.6293,0.2356,0.7644,0.362584,0.637416,YRFI,STRONG,STRONG YRFI,4,2026-08-17T21:03:47Z,3.807,3.401,1.339,1.16,4.244,3.601,3.24,3.11,1.11,0.8,7.58,8.41,0.32,0.329,0.398,0.407,4.536,4.54,,,,1.0,1.0,0.8,0.8,0.7,0.3682,0.3444,0.4762,0.4424,0.1895,0.193,lineup,lineup,"[{""id"": 650490, ""name"": ""Yandy D\u00edaz"", ""bats"": ""R"", ""obp"": 0.36952380952380953, ""slg"": 0.4603854389721627, ""iso"": 0.158458244111349, ""ab"": 467}, {""id"": 666018, ""name"": ""Jonathan Aranda"", ""bats"": ""L"", ""obp"": 0.37072243346007605, ""slg"": 0.4260485651214128, ""iso"": 0.141280353200883, ""ab"": 453}, {""id"": 691406, ""name"": ""Junior Caminero"", ""bats"": ""R"", ""obp"": 0.3643122676579926, ""slg"": 0.5405982905982906, ""iso"": 0.26709401709401703, ""ab"": 468}]","[{""id"": 641933, ""name"": ""Tyler O'Neill"", ""bats"": ""R"", ""obp"": 0.30864197530864196, ""slg"": 0.3953488372093023, ""iso"": 0.1767441860465116, ""ab"": 215}, {""id"": 624413, ""name"": ""Pete Alonso"", ""bats"": ""R"", ""obp"": 0.36059479553903345, ""slg"": 0.490280777537797, ""iso"": 0.22462203023758098, ""ab"": 463}, {""id"": 702616, ""name"": ""Jackson Holliday"", ""bats"": ""L"", ""obp"": 0.3442622950819672, ""slg"": 0.38461538461538464, ""iso"": 0.13942307692307696, ""ab"": 208}]","[{""name"": ""fi_park_nrfi_rate"", ""value"": 0.4376, ""contribution"": 0.2081}, {""name"": ""away_top3c_iso"", ""value"": 0.193, ""contribution"": 0.1022}, {""name"": ""home_xera"", ""value"": 4.7456, ""contribution"": 0.0646}, {""name"": ""era_gap_t1"", ""value"": -0.4062, ""contribution"": -0.0434}, {""name"": ""home_fip"", ""value"": 3.6012, ""contribution"": -0.0424}]","[{""name"": ""fi_park_nrfi_rate"", ""value"": 0.4376, ""contribution"": 0.3199}, {""name"": ""home_top3c_slg"", ""value"": 0.4762, ""contribution"": -0.2226}, {""name"": ""away_whiff_pct_rank"", ""value"": 14.0, ""contribution"": 0.1549}, {""name"": ""home_top3_ops_vs_oppHand"", ""value"": 0.86, ""contribution"": 0.1156}, {""name"": ""home_obp"", ""value"": 0.3294, ""contribution"": 0.109}]",681849,0.5084,4.746,4.059,50.0,14.0,0.7396,0.7136,5.07,5.87,0.7847,0.86,R,L,NRFI,LOSS,0,0,0,2026-08-17T22:15:19+00:00,-130,+100,DraftKings,2026-08-17T20:37:09+00:00,0.5652,0.5,-0.1945,0.1293,0.1293,Y,6,-6,-125,-105,2026-08-17T04:14:56+00:00,-0.0122,0.4521,PASS,NO EDGE,,,,,,,0.6293
2026-08-17,2026,824641,1,N,CWS,CHC,8:05 PM ET,Luis Castillo,Shota Imanaga,622491,684007,live,live,live,live,1.0,0.5106,0.571,1.0816,0.3304,0.3904,0.7208,0.494,0.506,0.2942,0.7058,0.486365,0.513635,PASS,NO EDGE,PASS - No edge,4,2026-08-17T23:34:23Z,4.584,3.738,1.299,1.075,4.223,4.695,2.71,1.84,1.32,1.86,8.21,8.26,0.318,0.335,0.411,0.416,4.793,5.089,22.9,9.8,73.0,0.0,0.6,0.6,0.7,0.6,0.3632,0.3542,0.4681,0.4775,0.2037,0.2255,lineup,lineup,"[{""id"": 691718, ""name"": ""Pete Crow-Armstrong"", ""bats"": ""L"", ""obp"": 0.37364620938628157, ""slg"": 0.5326315789473685, ""iso"": 0.2568421052631579, ""ab"": 475}, {""id"": 673548, ""name"": ""Seiya Suzuki"", ""bats"": ""R"", ""obp"": 0.3624733475479744, ""slg"": 0.4864864864864865, ""iso"": 0.2137592137592138, ""ab"": 407}, {""id"": 683737, ""name"": ""Michael Busch"", ""bats"": ""L"", ""obp"": 0.3532608695652174, ""slg"": 0.38675213675213677, ""iso"": 0.14102564102564105, ""ab"": 468}]","[{""id"": 805367, ""name"": ""Chase Meidroth"", ""bats"": ""R"", ""obp"": 0.3543788187372709, ""slg"": 0.4160919540229885, ""iso"": 0.13793103448275862, ""ab"": 435}, {""id"": 808959, ""name"": ""Munetaka Murakami"", ""bats"": ""L"", ""obp"": 0.3681462140992167, ""slg"": 0.5428571428571428, ""iso"": 0.3079365079365079, ""ab"": 315}, {""id"": 678246, ""name"": ""Miguel Vargas"", ""bats"": ""R"", ""obp"": 0.34398496240601506, ""slg"": 0.4911504424778761, ""iso"": 0.2522123893805309, ""ab"": 452}]","[{""name"": ""away_top3c_iso"", ""value"": 0.2255, ""contribution"": 0.3308}, {""name"": ""away_top3c_slg"", ""value"": 0.4775, ""contribution"": -0.1888}, {""name"": ""fi_park_nrfi_rate"", ""value"": 0.5429, ""contribution"": -0.1558}, {""name"": ""away_top3_ops_vs_oppHand"", ""value"": 0.8777, ""contribution"": 0.1125}, {""name"": ""era_gap_t1"", ""value"": -0.8464, ""contribution"": -0.091}]","[{""name"": ""fi_park_nrfi_rate"", ""value"": 0.5429, ""contribution"": -0.2395}, {""name"": ""home_top3c_slg"", ""value"": 0.4681, ""contribution"": -0.1724}, {""name"": ""home_obp"", ""value"": 0.3348, ""contribution"": 0.1467}, {""name"": ""home_top3c_iso"", ""value"": 0.2037, ""contribution"": 0.1166}, {""name"": ""home_top3c_obp"", ""value"": 0.3632, ""contribution"": 0.0803}]",482608,0.452,3.775,4.328,47.0,48.0,0.6942,0.678,5.87,5.6,0.8777,0.818,R,L,YRFI,PASS,0,2,2,2026-08-18T00:20:00+00:00,-120,-110,DraftKings,2026-08-18T00:06:41+00:00,0.5455,0.5238,-0.0515,-0.0178,,N,,,-115,-110,2026-08-17T04:14:56+00:00,,0.6370,NRFI,STRONG,,,,,,,
2026-08-17,2026,823427,1,N,MIA,PHI,6:40 PM ET,Janson Junk,Cristopher Sánchez,676083,650911,live,live,live,live,1.04,0.3715,0.4925,0.864,0.2509,0.5708,0.8217,0.466,0.534,0.2144,0.7856,0.439666,0.560334,PASS,NO EDGE,PASS - No edge,4,2026-08-17T22:33:46Z,4.335,2.532,1.267,1.163,4.012,2.641,2.08,2.02,1.07,0.71,6.57,10.28,0.325,0.311,0.403,0.402,4.411,4.468,29.5,1.0,66.0,0.0,1.0,1.0,0.8,0.8,0.3471,0.3474,0.473,0.4225,0.223,0.1616,lineup,lineup,"[{""id"": 656941, ""name"": ""Kyle Schwarber"", ""bats"": ""L"", ""obp"": 0.36792452830188677, ""slg"": 0.5374149659863946, ""iso"": 0.290249433106576, ""ab"": 441}, {""id"": 607208, ""name"": ""Trea Turner"", ""bats"": ""R"", ""obp"": 0.29831144465290804, ""slg"": 0.3975659229208925, ""iso"": 0.15010141987829614, ""ab"": 493}, {""id"": 650559, ""name"": ""Bryan De La Cruz"", ""bats"": ""R"", ""obp"": 0.3888888888888889, ""slg"": 0.5666666666666667, ""iso"": 0.23333333333333334, ""ab"": 30}]","[{""id"": 805300, ""name"": ""Jakob Marsee"", ""bats"": ""L"", ""obp"": 0.3248407643312102, ""slg"": 0.3167082294264339, ""iso"": 0.10723192019950123, ""ab"": 401}, {""id"": 681715, ""name"": ""Heriberto Hern\u00e1ndez"", ""bats"": ""R"", ""obp"": 0.3076923076923077, ""slg"": 0.45874587458745875, ""iso"": 0.22772277227722773, ""ab"": 303}, {""id"": 669364, ""name"": ""Xavier Edwards"", ""bats"": ""S"", ""obp"": 0.3646833013435701, ""slg"": 0.3854625550660793, ""iso"": 0.10132158590308371, ""ab"": 454}]","[{""name"": ""era_gap_t1"", ""value"": -1.8027, ""contribution"": -0.1946}, {""name"": ""home_fip"", ""value"": 2.6412, ""contribution"": -0.1502}, {""name"": ""home_xera"", ""value"": 2.8811, ""contribution"": -0.1265}, {""name"": ""away_top3c_iso"", ""value"": 0.1616, ""contribution"": -0.1186}, {""name"": ""away_top3_ops_vs_oppHand"", ""value"": 0.861, ""contribution"": 0.0956}]","[{""name"": ""home_top3c_iso"", ""value"": 0.223, ""contribution"": 0.2078}, {""name"": ""home_top3c_slg"", ""value"": 0.473, ""contribution"": -0.2027}, {""name"": ""away_whiff_pct_rank"", ""value"": 3.0, ""contribution"": 0.2024}, {""name"": ""home_top3_ops_vs_oppHand"", ""value"": 0.8743, ""contribution"": 0.1327}, {""name"": ""fi_park_nrfi_rate"", ""value"": 0.473, ""contribution"": 0.1321}]",658325,0.5084,2.881,4.264,95.0,3.0,0.7396,0.6796,5.67,4.53,0.861,0.8743,R,L,NRFI,PASS,0,0,0,2026-08-17T22:55:31+00:00,-120,-110,DraftKings,2026-08-17T20:37:09+00:00,0.5455,0.5238,-0.0795,0.0102,,N,,,-105,-120,2026-08-17T04:14:56+00:00,,0.4877,PASS,NO EDGE,,,,,,,
2026-08-17,2026,823589,1,N,SD,NYM,7:10 PM ET,Walker Buehler,Nolan McLean,621111,690997,live,live,live,live,0.96,0.422,0.5514,0.9734,0.2213,0.4676,0.6889,0.502,0.498,0.2545,0.7455,0.502112,0.497888,NRFI,LEAN,LEAN NRFI,4,2026-08-17T22:04:30Z,4.897,3.399,1.453,1.14,4.619,3.485,3.88,3.23,1.23,1.0,7.56,10.28,0.314,0.308,0.392,0.392,4.304,4.218,24.3,11.3,83.0,0.0,0.8,1.0,0.7,0.8,0.3217,0.3216,0.397,0.3907,0.1408,0.1492,lineup,lineup,"[{""id"": 805999, ""name"": ""A.J. Ewing"", ""bats"": ""L"", ""obp"": 0.3236151603498542, ""slg"": 0.3770491803278688, ""iso"": 0.12786885245901636, ""ab"": 305}, {""id"": 596019, ""name"": ""Francisco Lindor"", ""bats"": ""S"", ""obp"": 0.3344594594594595, ""slg"": 0.44061302681992337, ""iso"": 0.19540229885057472, ""ab"": 261}, {""id"": 666182, ""name"": ""Bo Bichette"", ""bats"": ""R"", ""obp"": 0.31343283582089554, ""slg"": 0.3861788617886179, ""iso"": 0.11991869918699188, ""ab"": 492}]","[{""id"": 665487, ""name"": ""Fernando Tatis Jr."", ""bats"": ""R"", ""obp"": 0.35489833641404805, ""slg"": 0.4225941422594142, ""iso"": 0.1422594142259414, ""ab"": 478}, {""id"": 630105, ""name"": ""Jake Cronenworth"", ""bats"": ""L"", ""obp"": 0.3057553956834532, ""slg"": 0.29838709677419356, ""iso"": 0.07661290322580647, ""ab"": 248}, {""id"": 592518, ""name"": ""Manny Machado"", ""bats"": ""R"", ""obp"": 0.2953667953667954, ""slg"": 0.40748898678414097, ""iso"": 0.1960352422907489, ""ab"": 454}]","[{""name"": ""away_top3c_slg"", ""value"": 0.3907, ""contribution"": 0.2512}, {""name"": ""away_top3c_iso"", ""value"": 0.1492, ""contribution"": -0.2066}, {""name"": ""era_gap_t1"", ""value"": -1.4983, ""contribution"": -0.1616}, {""name"": ""home_xera"", ""value"": 2.7225, ""contribution"": -0.1427}, {""name"": ""away_top3_ops_vs_oppHand"", ""value"": 0.6803, ""contribution"": -0.0886}]","[{""name"": ""home_top3c_slg"", ""value"": 0.397, ""contribution"": 0.2697}, {""name"": ""home_top3c_iso"", ""value"": 0.1408, ""contribution"": -0.1802}, {""name"": ""away_whiff_pct_rank"", ""value"": 15.0, ""contribution"": 0.1506}, {""name"": ""era_gap_b1"", ""value"": 1.4983, ""contribution"": 0.1016}, {""name"": ""away_fip"", ""value"": 4.6186, ""contribution"": 0.0674}]",503490,0.5467,2.723,5.249,76.0,15.0,0.7136,0.6942,5.87,5.07,0.6803,0.723,R,R,YRFI,LOSS,0,2,2,2026-08-17T23:34:52+00:00,-130,+100,DraftKings,2026-08-17T20:37:09+00:00,0.5652,0.5,-0.0692,0.004,,N,,0,-125,-105,2026-08-17T04:14:56+00:00,,0.4877,PASS,NO EDGE,,,,,,,
2026-08-17,2026,823668,1,N,ATL,MIN,7:40 PM ET,Martín Pérez,Bailey Ober,527048,641927,live,live,live,live,0.97,0.5329,0.5158,1.0487,0.4158,0.3843,0.8002,0.4776,0.5224,0.2822,0.7178,0.449259,0.550741,PASS,NO EDGE,PASS - No edge,4,2026-08-17T23:34:23Z,3.211,4.772,1.161,1.25,4.262,4.874,3.53,2.17,0.98,1.63,7.11,6.47,0.312,0.32,0.417,0.406,4.795,4.611,28.3,16.6,39.0,0.0,0.4,0.8,0.6,0.8,0.3525,0.3492,0.457,0.49,0.1902,0.2271,lineup,lineup,"[{""id"": 807712, ""name"": ""Luke Keaschall"", ""bats"": ""R"", ""obp"": 0.3618421052631579, ""slg"": 0.37209302325581395, ""iso"": 0.10594315245478036, ""ab"": 387}, {""id"": 621439, ""name"": ""Byron Buxton"", ""bats"": ""R"", ""obp"": 0.31648936170212766, ""slg"": 0.5306122448979592, ""iso"": 0.2740524781341108, ""ab"": 343}, {""id"": 680777, ""name"": ""Ryan Jeffers"", ""bats"": ""R"", ""obp"": 0.3895582329317269, ""slg"": 0.4928909952606635, ""iso"": 0.20853080568720378, ""ab"": 211}]","[{""id"": 686948, ""name"": ""Drake Baldwin"", ""bats"": ""L"", ""obp"": 0.359375, ""slg"": 0.44923857868020306, ""iso"": 0.17512690355329952, ""ab"": 394}, {""id"": 660670, ""name"": ""Ronald Acu\u00f1a Jr."", ""bats"": ""R"", ""obp"": 0.3501577287066246, ""slg"": 0.44074074074074077, ""iso"": 0.19629629629629633, ""ab"": 270}, {""id"": 621566, ""name"": ""Matt Olson"", ""bats"": ""L"", ""obp"": 0.34011090573012936, ""slg"": 0.5509355509355509, ""iso"": 0.28690228690228686, ""ab"": 481}]","[{""name"": ""away_top3c_iso"", ""value"": 0.2271, ""contribution"": 0.3422}, {""name"": ""away_top3c_slg"", ""value"": 0.49, ""contribution"": -0.2517}, {""name"": ""era_gap_t1"", ""value"": 1.5616, ""contribution"": 0.1697}, {""name"": ""fi_park_nrfi_rate"", ""value"": 0.5348, ""contribution"": -0.1278}, {""name"": ""home_fip"", ""value"": 4.8741, ""contribution"": 0.1005}]","[{""name"": ""fi_park_nrfi_rate"", ""value"": 0.5348, ""contribution"": -0.1964}, {""name"": ""away_whiff_pct_rank"", ""value"": 6.0, ""contribution"": 0.1894}, {""name"": ""era_gap_b1"", ""value"": -1.5616, ""contribution"": -0.1066}, {""name"": ""home_top3c_slg"", ""value"": 0.457, ""contribution"": -0.1029}, {""name"": ""wx_temp_c"", ""value"": 28.3, ""contribution"": 0.0588}]",427129,0.4611,4.06,5.497,57.0,6.0,0.6796,0.7197,5.47,5.0,0.8567,0.8033,L,R,YRFI,PASS,0,4,4,2026-08-18T00:59:35+00:00,-105,-125,DraftKings,2026-08-18T00:06:41+00:00,0.5122,0.5556,-0.0346,-0.0332,,N,,,+115,-145,2026-08-17T04:14:56+00:00,,0.4877,PASS,NO EDGE,,,,,,,
2026-08-17,2026,824077,1,N,OAK,KC,7:40 PM ET,Mason Barnett,Michael Wacha,686930,608379,ltd,live,live,live,0.96,0.4286,0.6309,1.0595,0.2247,0.4213,0.646,0.5148,0.4852,0.2861,0.7139,0.524164,0.475836,NRFI,LEAN,LEAN NRFI,4,2026-08-17T22:33:46Z,5.393,3.544,1.39,1.165,5.457,3.972,3.96,2.43,1.89,1.02,8.51,6.92,0.318,0.311,0.403,0.395,4.371,4.146,31.9,8.9,33.0,0.0,0.8,0.4,0.9,0.5,0.3258,0.3037,0.447,0.3627,0.1892,0.1185,lineup,lineup,"[{""id"": 695600, ""name"": ""Carter Jensen"", ""bats"": ""L"", ""obp"": 0.2984749455337691, ""slg"": 0.4014778325123153, ""iso"": 0.18226600985221675, ""ab"": 406}, {""id"": 677951, ""name"": ""Bobby Witt Jr."", ""bats"": ""R"", ""obp"": 0.3540772532188841, ""slg"": 0.44819277108433736, ""iso"": 0.16626506024096388, ""ab"": 415}, {""id"": 695506, ""name"": ""Jac Caglianone"", ""bats"": ""L"", ""obp"": 0.3244444444444444, ""slg"": 0.49038461538461536, ""iso"": 0.21875, ""ab"": 416}]","[{""id"": 643446, ""name"": ""Jeff McNeil"", ""bats"": ""L"", ""obp"": 0.3143631436314363, ""slg"": 0.3482142857142857, ""iso"": 0.08928571428571425, ""ab"": 336}, {""id"": 703607, ""name"": ""Henry Bolte"", ""bats"": ""R"", ""obp"": 0.3389261744966443, ""slg"": 0.37218045112781956, ""iso"": 0.10526315789473684, ""ab"": 266}, {""id"": 671732, ""name"": ""Lawrence Butler"", ""bats"": ""L"", ""obp"": 0.2986666666666667, ""slg"": 0.35347432024169184, ""iso"": 0.14501510574018125, ""ab"": 331}]","[{""name"": ""away_top3c_iso"", ""value"": 0.1185, ""contribution"": -0.4222}, {""name"": ""away_top3c_slg"", ""value"": 0.3627, ""contribution"": 0.3928}, {""name"": ""fi_park_nrfi_rate"", ""value"": 0.5614, ""contribution"": -0.2197}, {""name"": ""era_gap_t1"", ""value"": -1.8485, ""contribution"": -0.1995}, {""name"": ""away_top3_ops_vs_oppHand"", ""value"": 0.6867, ""contribution"": -0.0821}]","[{""name"": ""fi_park_nrfi_rate"", ""value"": 0.5614, ""contribution"": -0.3377}, {""name"": ""away_fip"", ""value"": 5.4566, ""contribution"": 0.1569}, {""name"": ""era_gap_b1"", ""value"": 1.8485, ""contribution"": 0.1254}, {""name"": ""wx_temp_c"", ""value"": 31.9, ""contribution"": 0.0889}, {""name"": ""home_plate_ump_nrfi_rate"", ""value"": 0.574, ""contribution"": 0.0742}]",596740,0.574,4.274,4.2,40.0,50.0,0.7396,0.7272,6.27,4.6,0.6867,0.7857,R,R,YRFI,LOSS,1,3,4,2026-08-18T00:05:35+00:00,-105,-125,DraftKings,2026-08-18T00:06:41+00:00,0.5122,0.5556,0.0026,-0.0704,0.0026,N,0.5,0,-105,-125,2026-08-17T04:14:56+00:00,0,0.4724,PASS,NO EDGE,,,,,,,
2026-08-17,2026,823343,1,N,DET,PIT,7:05 PM ET,Framber Valdez,Carmen Mlodzinski,664285,669387,live,live,live,live,0.96,0.4455,0.5608,1.0063,0.3268,0.4348,0.7617,0.4865,0.5135,0.2666,0.7334,0.466883,0.533117,PASS,NO EDGE,PASS - No edge,4,2026-08-17T23:04:34Z,4.121,3.752,1.355,1.369,3.879,3.675,3.34,2.99,0.84,0.75,7.54,7.4,0.319,0.331,0.408,0.411,4.55,4.968,25.7,10.2,74.0,0.0,0.8,0.4,0.8,0.7,0.3596,0.3612,0.4281,0.4466,0.1706,0.1764,lineup,lineup,"[{""id"": 694378, ""name"": ""Jacob Gonzalez"", ""bats"": ""L"", ""obp"": 0.2874251497005988, ""slg"": 0.3961038961038961, ""iso"": 0.16233766233766236, ""ab"": 154}, {""id"": 699013, ""name"": ""Esmerlyn Valdez"", ""bats"": ""R"", ""obp"": 0.3738738738738739, ""slg"": 0.5652173913043478, ""iso"": 0.3043478260869565, ""ab"": 184}, {""id"": 668804, ""name"": ""Bryan Reynolds"", ""bats"": ""S"", ""obp"": 0.37477148080438755, ""slg"": 0.43506493506493504, ""iso"": 0.17099567099567098, ""ab"": 462}]","[{""id"": 650402, ""name"": ""Gleyber Torres"", ""bats"": ""R"", ""obp"": 0.37919463087248323, ""slg"": 0.4063745019920319, ""iso"": 0.13545816733067734, ""ab"": 251}, {""id"": 805808, ""name"": ""Kevin McGonigle"", ""bats"": ""L"", ""obp"": 0.38632162661737524, ""slg"": 0.41830065359477125, ""iso"": 0.13725490196078433, ""ab"": 459}, {""id"": 693307, ""name"": ""Dillon Dingler"", ""bats"": ""R"", ""obp"": 0.32238193018480493, ""slg"": 0.4988662131519274, ""iso"": 0.2403628117913832, ""ab"": 441}]","[{""name"": ""away_top3_ops_vs_oppHand"", ""value"": 0.8597, ""contribution"": 0.0942}, {""name"": ""fi_park_nrfi_rate"", ""value"": 0.5188, ""contribution"": -0.0724}, {""name"": ""era_gap_t1"", ""value"": -0.3691, ""contribution"": -0.0393}, {""name"": ""home_fip"", ""value"": 3.6748, ""contribution"": -0.0341}, {""name"": ""home_p_last10_pitcher_nrfi"", ""value"": 0.8, ""contribution"": 0.0326}]","[{""name"": ""home_top3_ops_vs_oppHand"", ""value"": 0.8903, ""contribution"": 0.1519}, {""name"": ""home_obp"", ""value"": 0.3312, ""contribution"": 0.1218}, {""name"": ""fi_park_nrfi_rate"", ""value"": 0.5188, ""contribution"": -0.1113}, {""name"": ""home_top3c_slg"", ""value"": 0.4281, ""contribution"": 0.0764}, {""name"": ""away_whiff_pct_rank"", ""value"": 67.0, ""contribution"": -0.0738}]",521251,0.4391,4.064,3.74,29.0,67.0,0.7136,0.7136,4.27,5.07,0.8597,0.8903,L,R,YRFI,PASS,2,0,2,2026-08-17T23:28:29+00:00,-115,-110,DraftKings,2026-08-17T20:37:09+00:00,0.5349,0.5238,-0.047,-0.0117,,N,,,-125,-105,2026-08-17T04:14:56+00:00,,0.4797,PASS,NO EDGE,,,,,,,
2026-08-17,2026,824478,2,S,STL,CIN,6:40 PM ET,Andre Pallante,Rhett Lowder,669467,695076,live,ltd,live,live,1.09,0.5978,0.5158,1.1137,0.404,0.3309,0.7349,0.4906,0.5094,0.306,0.694,0.479557,0.520443,PASS,NO EDGE,PASS - No edge,4,2026-08-17T22:33:46Z,3.895,4.858,1.272,1.414,3.962,4.42,2.93,3.56,0.8,1.17,6.32,7.78,0.316,0.307,0.384,0.394,4.411,4.104,25.0,10.0,86.0,0.0,0.6,1.0,0.7,0.9,0.3372,0.3551,0.4658,0.4196,0.2176,0.1593,lineup,lineup,"[{""id"": 682829, ""name"": ""Elly De La Cruz"", ""bats"": ""S"", ""obp"": 0.34408602150537637, ""slg"": 0.4767726161369193, ""iso"": 0.21515892420537897, ""ab"": 409}, {""id"": 701398, ""name"": ""Sal Stewart"", ""bats"": ""R"", ""obp"": 0.33458646616541354, ""slg"": 0.47435897435897434, ""iso"": 0.21581196581196577, ""ab"": 468}, {""id"": 668709, ""name"": ""JJ Bleday"", ""bats"": ""L"", ""obp"": 0.33249370277078083, ""slg"": 0.44047619047619047, ""iso"": 0.2232142857142857, ""ab"": 336}]","[{""id"": 802139, ""name"": ""JJ Wetherholt"", ""bats"": ""L"", ""obp"": 0.34953271028037386, ""slg"": 0.37636761487964987, ""iso"": 0.1334792122538293, ""ab"": 457}, {""id"": 686780, ""name"": ""Pedro Pag\u00e9s"", ""bats"": ""R"", ""obp"": 0.25287356321839083, ""slg"": 0.32098765432098764, ""iso"": 0.1111111111111111, ""ab"": 162}, {""id"": 676475, ""name"": ""Alec Burleson"", ""bats"": ""L"", ""obp"": 0.3550863723608445, ""slg"": 0.4935897435897436, ""iso"": 0.20512820512820518, ""ab"": 468}]","[{""name"": ""away_top3c_iso"", ""value"": 0.1593, ""contribution"": -0.1349}, {""name"": ""era_gap_t1"", ""value"": 0.9624, ""contribution"": 0.1048}, {""name"": ""away_top3c_slg"", ""value"": 0.4196, ""contribution"": 0.1046}, {""name"": ""away_top3_ops_vs_oppHand"", ""value"": 0.819, ""contribution"": 0.0528}, {""name"": ""home_fip"", ""value"": 4.4202, ""contribution"": 0.0496}]","[{""name"": ""home_top3c_iso"", ""value"": 0.2176, ""contribution"": 0.1824}, {""name"": ""home_top3c_slg"", ""value"": 0.4658, ""contribution"": -0.1577}, {""name"": ""era_gap_b1"", ""value"": -0.9624, ""contribution"": -0.0659}, {""name"": ""away_p_last10_pitcher_nrfi"", ""value"": 0.9, ""contribution"": -0.0601}, {""name"": ""home_obp"", ""value"": 0.3071, ""contribution"": -0.047}]",544728,0.4859,4.513,4.364,50.0,56.0,0.7136,0.7797,4.93,6.0,0.819,0.7717,R,R,YRFI,PASS,0,1,1,2026-08-17T22:56:21+00:00,-105,-125,DraftKings,2026-08-17T20:37:09+00:00,0.5122,0.5556,-0.0351,-0.0327,,N,,,-110,-120,2026-08-17T15:27:15+00:00,,0.4650,PASS,NO EDGE,,,,,,,
2026-08-17,2026,824725,1,N,ARI,BOS,7:10 PM ET,Mitch Bratt,Alec Gamboa,683352,687941,ltd,sm,live,live,1.05,0.4928,0.625,1.1177,0.2945,0.3507,0.6451,0.5149,0.4851,0.3075,0.6925,0.524585,0.475415,NRFI,LEAN,LEAN NRFI,4,2026-08-17T23:04:34Z,3.975,3.401,1.323,1.218,4.727,3.96,3.94,2.85,1.28,1.01,7.86,8.04,0.316,0.32,0.4,0.401,4.532,4.435,23.0,2.5,81.0,0.0,0.5,0.8,0.5,0.7143,0.3313,0.3479,0.4522,0.46,0.1842,0.1878,lineup,lineup,"[{""id"": 686765, ""name"": ""Nick Sogard"", ""bats"": ""S"", ""obp"": 0.35294117647058826, ""slg"": 0.31, ""iso"": 0.07, ""ab"": 100}, {""id"": 678882, ""name"": ""Ceddanne Rafaela"", ""bats"": ""R"", ""obp"": 0.3225806451612903, ""slg"": 0.4625267665952891, ""iso"": 0.1777301927194861, ""ab"": 467}, {""id"": 677800, ""name"": ""Wilyer Abreu"", ""bats"": ""L"", ""obp"": 0.33460803059273425, ""slg"": 0.47276688453159044, ""iso"": 0.21568627450980393, ""ab"": 459}]","[{""id"": 545121, ""name"": ""Ildemaro Vargas"", ""bats"": ""S"", ""obp"": 0.31382978723404253, ""slg"": 0.41595441595441596, ""iso"": 0.14814814814814814, ""ab"": 351}, {""id"": 678489, ""name"": ""Jorge Barrosa"", ""bats"": ""S"", ""obp"": 0.28378378378378377, ""slg"": 0.3435114503816794, ""iso"": 0.14503816793893132, ""ab"": 131}, {""id"": 672515, ""name"": ""Gabriel Moreno"", ""bats"": ""R"", ""obp"": 0.385, ""slg"": 0.46511627906976744, ""iso"": 0.1569767441860465, ""ab"": 344}]","[{""name"": ""away_top3_ops_vs_oppHand"", ""value"": 0.911, ""contribution"": 0.1465}, {""name"": ""away_top3c_slg"", ""value"": 0.46, ""contribution"": -0.0999}, {""name"": ""home_p_last10_pitcher_nrfi"", ""value"": 0.5, ""contribution"": -0.0846}, {""name"": ""away_top3c_iso"", ""value"": 0.1878, ""contribution"": 0.0658}, {""name"": ""era_gap_t1"", ""value"": -0.5744, ""contribution"": -0.0616}]","[{""name"": ""wx_wind_kmh"", ""value"": 2.5, ""contribution"": -0.0947}, {""name"": ""away_fip"", ""value"": 4.7273, ""contribution"": 0.079}, {""name"": ""fi_park_nrfi_rate"", ""value"": 0.5121, ""contribution"": -0.076}, {""name"": ""home_top3c_slg"", ""value"": 0.4522, ""contribution"": -0.0736}, {""name"": ""home_obp"", ""value"": 0.3196, ""contribution"": 0.0404}]",427248,0.5131,4.2,4.2,50.0,50.0,0.7136,0.7136,5.0,5.53,0.911,0.7663,L,L,NRFI,WIN,0,0,0,2026-08-17T23:28:30+00:00,-115,-110,DraftKings,2026-08-17T20:37:09+00:00,0.5349,0.5238,-0.0282,-0.0305,,N,,0,-105,-120,2026-08-17T04:14:56+00:00,,0.5667,NRFI,STRONG,,,,,,,
2026-08-17,2026,824514,1,S,STL,CIN,1:40 PM ET,Quinn Mathews,Kent Emanuel,687273,592288,sm,avg,live,live,1.09,0.533,0.5522,1.0852,0.328,0.3772,0.7052,0.4979,0.5021,0.2955,0.7045,0.493987,0.506013,PASS,NO DATA,PASS - No data,3,2026-08-17T17:21:39Z,4.107,4.17,1.32,1.26,4.132,4.17,3.2,2.93,1.08,1.21,8.38,8.75,0.316,0.307,0.385,0.395,4.428,4.127,25.0,10.0,86.0,0.0,0.5,1.0,0.5,1.0,0.3376,0.3525,0.4626,0.4412,0.2049,0.1748,lineup,lineup,"[{""id"": 682829, ""name"": ""Elly De La Cruz"", ""bats"": ""S"", ""obp"": 0.34408602150537637, ""slg"": 0.4767726161369193, ""iso"": 0.21515892420537897, ""ab"": 409}, {""id"": 701398, ""name"": ""Sal Stewart"", ""bats"": ""R"", ""obp"": 0.33458646616541354, ""slg"": 0.47435897435897434, ""iso"": 0.21581196581196577, ""ab"": 468}, {""id"": 663886, ""name"": ""Tyler Stephenson"", ""bats"": ""R"", ""obp"": 0.3333333333333333, ""slg"": 0.42474916387959866, ""iso"": 0.17391304347826086, ""ab"": 299}]","[{""id"": 701675, ""name"": ""Nathan Church"", ""bats"": ""L"", ""obp"": 0.2782608695652174, ""slg"": 0.3553459119496855, ""iso"": 0.12264150943396224, ""ab"": 318}, {""id"": 671056, ""name"": ""Iv\u00e1n Herrera"", ""bats"": ""R"", ""obp"": 0.36065573770491804, ""slg"": 0.3874458874458874, ""iso"": 0.1385281385281385, ""ab"": 462}, {""id"": 691023, ""name"": ""Jordan Walker"", ""bats"": ""R"", ""obp"": 0.34375, ""slg"": 0.4946236559139785, ""iso"": 0.210752688172043, ""ab"": 465}]","[{""name"": ""home_p_last10_pitcher_nrfi"", ""value"": 0.5, ""contribution"": -0.0846}, {""name"": ""away_top3_ops_vs_oppHand"", ""value"": 0.8163, ""contribution"": 0.05}, {""name"": ""fi_park_nrfi_rate"", ""value"": 0.4892, ""contribution"": 0.0298}, {""name"": ""away_top3c_iso"", ""value"": 0.1748, ""contribution"": -0.0263}, {""name"": ""wx_temp_c"", ""value"": 25.0, ""contribution"": 0.0224}]","[{""name"": ""home_top3c_slg"", ""value"": 0.4626, ""contribution"": -0.1378}, {""name"": ""home_top3c_iso"", ""value"": 0.2049, ""contribution"": 0.1224}, {""name"": ""home_top3_ops_vs_oppHand"", ""value"": 0.8467, ""contribution"": 0.0996}, {""name"": ""away_p_last10_pitcher_nrfi"", ""value"": 1.0, ""contribution"": -0.0929}, {""name"": ""home_obp"", ""value"": 0.3071, ""contribution"": -0.0469}]",483569,0.5176,4.2,4.2,50.0,50.0,0.7136,0.7136,5.0,5.0,0.8163,0.8467,L,L,YRFI,PASS,2,0,2,2026-08-17T18:01:24+00:00,-105,-120,DraftKings,2026-08-17T16:57:53+00:00,0.5122,0.5455,-0.0143,-0.0434,,N,,,-115,-115,2026-08-17T15:27:15+00:00,,0.4658,PASS,NO EDGE,,,,,,,
2026-08-18,2026,824319,1,N,LAD,COL,8:40 PM ET,Eric Lauer,Ryan Feltner,641778,663372,live,live,live,live,1.22,0.8231,0.7628,1.5858,0.5431,0.6762,1.2193,0.2872,0.7128,0.4705,0.5295,0.295439,0.704561,YRFI,STRONG,STRONG YRFI,4,2026-08-18T23:34:11Z,4.27,5.189,1.211,1.435,5.264,5.284,2.7,3.53,1.81,1.66,6.66,6.98,0.334,0.322,0.427,0.417,4.926,4.775,31.3,10.7,19.0,0.0,0.6,0.6,0.6,0.6,0.3396,0.369,0.4586,0.4946,0.1791,0.2049,lineup,lineup,"[{""id"": 664983, ""name"": ""Jake McCarthy"", ""bats"": ""L"", ""obp"": 0.33254716981132076, ""slg"": 0.4911392405063291, ""iso"": 0.19746835443037974, ""ab"": 395}, {""id"": 694249, ""name"": ""Cole Carrigg"", ""bats"": ""S"", ""obp"": 0.37104072398190047, ""slg"": 0.47619047619047616, ""iso"": 0.19047619047619047, ""ab"": 189}, {""id"": 650489, ""name"": ""Willi Castro"", ""bats"": ""S"", ""obp"": 0.330188679245283, ""slg"": 0.4162303664921466, ""iso"": 0.15445026178010474, ""ab"": 382}]","[{""id"": 660271, ""name"": ""Shohei Ohtani"", ""bats"": ""L"", ""obp"": 0.39204545454545453, ""slg"": 0.5558035714285714, ""iso"": 0.26116071428571425, ""ab"": 448}, {""id"": 518692, ""name"": ""Freddie Freeman"", ""bats"": ""L"", ""obp"": 0.37547892720306514, ""slg"": 0.46637744034707157, ""iso"": 0.1648590021691974, ""ab"": 461}, {""id"": 681624, ""name"": ""Andy Pages"", ""bats"": ""R"", ""obp"": 0.34014869888475835, ""slg"": 0.46473029045643155, ""iso"": 0.1908713692946058, ""ab"": 482}]","[{""name"": ""away_top3c_slg"", ""value"": 0.4946, ""contribution"": -0.2752}, {""name"": ""fi_park_nrfi_rate"", ""value"": 0.4241, ""contribution"": 0.2547}, {""name"": ""away_top3c_iso"", ""value"": 0.2049, ""contribution"": 0.1859}, {""name"": ""home_fip"", ""value"": 5.2838, ""contribution"": 0.1465}, {""name"": ""away_top3_ops_vs_oppHand"", ""value"": 0.873, ""contribution"": 0.1078}]","[{""name"": ""fi_park_nrfi_rate"", ""value"": 0.4241, ""contribution"": 0.3916}, {""name"": ""away_fip"", ""value"": 5.2644, ""contribution"": 0.1364}, {""name"": ""away_whiff_pct_rank"", ""value"": 20.0, ""contribution"": 0.129}, {""name"": ""home_top3c_slg"", ""value"": 0.4586, ""contribution"": -0.113}, {""name"": ""wx_temp_c"", ""value"": 31.3, ""contribution"": 0.0839}]",503077,0.5258,4.743,4.073,55.0,20.0,0.7197,0.7613,4.73,5.53,0.873,0.805,L,R,YRFI,WIN,1,1,2,2026-08-19T01:05:39+00:00,+120,-155,DraftKings,2026-08-18T20:27:54+00:00,0.4545,0.6078,-0.1673,0.105,0.105,Y,7,4.516,+120,-155,2026-08-18T04:11:26+00:00,0,0.4144,YRFI,STRONG,,,,,,,0.7128
2026-08-18,2026,822938,1,N,TOR,TB,6:40 PM ET,José Soriano,Nick Martinez,667755,607259,live,live,live,live,0.93,0.3546,0.5066,0.8612,0.3013,0.4193,0.7206,0.4941,0.5059,0.2134,0.7866,0.486456,0.513544,PASS,NO EDGE,PASS - No edge,4,2026-08-18T22:34:48Z,3.42,3.124,1.283,1.117,3.85,4.104,4.18,1.53,0.82,1.08,8.83,5.36,0.305,0.329,0.378,0.409,3.968,4.558,,,,1.0,0.8,1.0,0.8,1.0,0.3578,0.329,0.4465,0.3695,0.1576,0.1024,lineup,lineup,"[{""id"": 802415, ""name"": ""Chandler Simpson"", ""bats"": ""L"", ""obp"": 0.3362255965292842, ""slg"": 0.3663594470046083, ""iso"": 0.05760368663594473, ""ab"": 434}, {""id"": 691406, ""name"": ""Junior Caminero"", ""bats"": ""R"", ""obp"": 0.3634686346863469, ""slg"": 0.538135593220339, ""iso"": 0.2648305084745763, ""ab"": 472}, {""id"": 666018, ""name"": ""Jonathan Aranda"", ""bats"": ""L"", ""obp"": 0.3709981167608286, ""slg"": 0.4279475982532751, ""iso"": 0.14192139737991266, ""ab"": 458}]","[{""id"": 703520, ""name"": ""Brett Bateman"", ""bats"": ""L"", ""obp"": 0.32558139534883723, ""slg"": 0.325, ""iso"": 0.04999999999999999, ""ab"": 40}, {""id"": 664770, ""name"": ""Nathan Lukes"", ""bats"": ""L"", ""obp"": 0.31645569620253167, ""slg"": 0.363013698630137, ""iso"": 0.0993150684931507, ""ab"": 292}, {""id"": 672386, ""name"": ""Alejandro Kirk"", ""bats"": ""R"", ""obp"": 0.3507853403141361, ""slg"": 0.39156626506024095, ""iso"": 0.12048192771084337, ""ab"": 166}]","[{""name"": ""away_top3c_iso"", ""value"": 0.1024, ""contribution"": -0.5359}, {""name"": ""away_top3c_slg"", ""value"": 0.3695, ""contribution"": 0.3586}, {""name"": ""fi_park_nrfi_rate"", ""value"": 0.4376, ""contribution"": 0.2081}, {""name"": ""away_top3_ops_vs_oppHand"", ""value"": 0.6953, ""contribution"": -0.0733}, {""name"": ""home_avg_ip_per_start"", ""value"": 6.5333, ""contribution"": -0.043}]","[{""name"": ""fi_park_nrfi_rate"", ""value"": 0.4376, ""contribution"": 0.3199}, {""name"": ""home_obp"", ""value"": 0.3294, ""contribution"": 0.1091}, {""name"": ""home_top3c_iso"", ""value"": 0.1576, ""contribution"": -0.101}, {""name"": ""away_p_last10_pitcher_nrfi"", ""value"": 1.0, ""contribution"": -0.0929}, {""name"": ""away_whiff_pct_rank"", ""value"": 71.0, ""contribution"": -0.0911}]",428442,0.5176,4.133,3.855,18.0,71.0,0.6796,0.7075,6.53,5.53,0.6953,0.8347,R,R,YRFI,PASS,2,0,2,2026-08-18T22:56:14+00:00,-145,+110,DraftKings,2026-08-18T20:27:54+00:00,0.5918,0.4762,-0.0977,0.0297,,N,,,-120,-105,2026-08-18T04:11:26+00:00,,0.5254,PASS,NO EDGE,,,,,,,
2026-08-18,2026,823749,1,N,SEA,MIL,7:40 PM ET,Bryce Miller,Kyle Harrison,682243,690986,live,live,live,live,1.03,0.4166,0.5302,0.9469,0.2119,0.279,0.491,0.6209,0.3791,0.2447,0.7553,0.612018,0.387982,NRFI,LEAN,LEAN NRFI,4,2026-08-18T22:34:48Z,4.002,3.332,1.112,1.179,4.268,3.572,2.2,2.56,1.51,1.23,8.52,10.42,0.31,0.333,0.381,0.394,3.975,4.825,,,,1.0,0.8,0.6,0.8,0.7,0.3607,0.3537,0.4713,0.4622,0.1995,0.195,lineup,lineup,"[{""id"": 663604, ""name"": ""Brandon Lockridge"", ""bats"": ""R"", ""obp"": 0.3425925925925926, ""slg"": 0.30927835051546393, ""iso"": 0.041237113402061876, ""ab"": 97}, {""id"": 683734, ""name"": ""Andrew Vaughn"", ""bats"": ""R"", ""obp"": 0.38996138996138996, ""slg"": 0.45739910313901344, ""iso"": 0.15695067264573992, ""ab"": 223}, {""id"": 680716, ""name"": ""Jonathan Ornelas"", ""bats"": ""R"", ""obp"": 0.2, ""slg"": 0.15789473684210525, ""iso"": 0.0, ""ab"": 19}]","[{""id"": 642215, ""name"": ""Weston Wilson"", ""bats"": ""R"", ""obp"": 0.30434782608695654, ""slg"": 0.35, ""iso"": 0.14999999999999997, ""ab"": 100}, {""id"": 668227, ""name"": ""Randy Arozarena"", ""bats"": ""R"", ""obp"": 0.36852589641434264, ""slg"": 0.45852534562211983, ""iso"": 0.18202764976958524, ""ab"": 434}, {""id"": 686527, ""name"": ""Dominic Canzone"", ""bats"": ""L"", ""obp"": 0.33602150537634407, ""slg"": 0.4954682779456193, ""iso"": 0.23564954682779454, ""ab"": 331}]","[{""name"": ""fi_park_nrfi_rate"", ""value"": 0.5899, ""contribution"": -0.3182}, {""name"": ""away_top3c_iso"", ""value"": 0.195, ""contribution"": 0.1166}, {""name"": ""away_top3c_slg"", ""value"": 0.4622, ""contribution"": -0.1112}, {""name"": ""away_top3_ops_vs_oppHand"", ""value"": 0.6877, ""contribution"": -0.0811}, {""name"": ""era_gap_t1"", ""value"": -0.6703, ""contribution"": -0.072}]","[{""name"": ""fi_park_nrfi_rate"", ""value"": 0.5899, ""contribution"": -0.4892}, {""name"": ""home_top3c_slg"", ""value"": 0.4713, ""contribution"": -0.1921}, {""name"": ""home_obp"", ""value"": 0.333, ""contribution"": 0.1342}, {""name"": ""home_top3_ops_vs_oppHand"", ""value"": 0.8487, ""contribution"": 0.102}, {""name"": ""home_top3c_iso"", ""value"": 0.1995, ""contribution"": 0.0967}]",482641,0.4806,4.038,4.2,74.0,50.0,0.7136,0.7272,4.27,5.47,0.6877,0.8487,R,L,YRFI,LOSS,0,1,1,2026-08-19T00:00:24+00:00,-145,+110,DraftKings,2026-08-18T20:27:54+00:00,0.5918,0.4762,0.0006,-0.0686,,N,,0,-130,+100,2026-08-18T04:11:26+00:00,,0.6413,NRFI,STRONG,,,,,,,
2026-08-18,2026,822859,1,N,WSH,TEX,8:05 PM ET,Jackson Kent,Cal Quantrill,800600,615698,sm,live,live,live,1.07,0.6229,0.5682,1.1911,0.374,0.2614,0.6354,0.5163,0.4837,0.3342,0.6658,0.52971,0.47029,NRFI,LEAN,LEAN NRFI,4,2026-08-18T23:04:22Z,4.405,4.37,1.327,1.292,4.153,4.678,3.69,2.77,1.1,1.34,9.18,6.39,0.326,0.315,0.434,0.395,5.23,4.104,,,,1.0,1.0,1.0,0.8,1.0,0.3073,0.3342,0.4283,0.4993,0.1937,0.2325,lineup,lineup,"[{""id"": 672284, ""name"": ""Jarred Kelenic"", ""bats"": ""L"", ""obp"": 0.3116883116883117, ""slg"": 0.30434782608695654, ""iso"": 0.07246376811594205, ""ab"": 69}, {""id"": 608369, ""name"": ""Corey Seager"", ""bats"": ""L"", ""obp"": 0.30656934306569344, ""slg"": 0.3898305084745763, ""iso"": 0.1864406779661017, ""ab"": 236}, {""id"": 669394, ""name"": ""Jake Burger"", ""bats"": ""R"", ""obp"": 0.3004201680672269, ""slg"": 0.42528735632183906, ""iso"": 0.18620689655172412, ""ab"": 435}]","[{""id"": 682928, ""name"": ""CJ Abrams"", ""bats"": ""L"", ""obp"": 0.35428571428571426, ""slg"": 0.5292841648590022, ""iso"": 0.25162689804772237, ""ab"": 461}, {""id"": 665953, ""name"": ""Andr\u00e9s Chaparro"", ""bats"": ""R"", ""obp"": 0.3435114503816794, ""slg"": 0.4864864864864865, ""iso"": 0.26126126126126126, ""ab"": 111}, {""id"": 677588, ""name"": ""Jos\u00e9 Tena"", ""bats"": ""L"", ""obp"": 0.3125, ""slg"": 0.3888888888888889, ""iso"": 0.1527777777777778, ""ab"": 216}]","[{""name"": ""away_top3c_iso"", ""value"": 0.2325, ""contribution"": 0.3801}, {""name"": ""away_top3c_slg"", ""value"": 0.4993, ""contribution"": -0.299}, {""name"": ""fi_park_nrfi_rate"", ""value"": 0.5398, ""contribution"": -0.1451}, {""name"": ""away_top3_ops_vs_oppHand"", ""value"": 0.8637, ""contribution"": 0.0983}, {""name"": ""home_fip"", ""value"": 4.6778, ""contribution"": 0.0785}]","[{""name"": ""fi_park_nrfi_rate"", ""value"": 0.5398, ""contribution"": -0.2231}, {""name"": ""home_top3c_obp"", ""value"": 0.3073, ""contribution"": -0.1159}, {""name"": ""away_p_last10_pitcher_nrfi"", ""value"": 1.0, ""contribution"": -0.0929}, {""name"": ""wx_is_dome"", ""value"": 1.0, ""contribution"": -0.0758}, {""name"": ""home_top3c_slg"", ""value"": 0.4283, ""contribution"": 0.0753}]",431232,0.4946,4.2,4.2,50.0,50.0,0.7613,0.7136,5.27,4.0,0.8637,0.7337,L,R,YRFI,LOSS,0,1,1,2026-08-19T00:23:06+00:00,-105,-120,DraftKings,2026-08-18T20:27:54+00:00,0.5122,0.5455,0.0041,-0.0618,0.0041,N,0.5,0,-110,-120,2026-08-18T04:11:26+00:00,-0.0116,0.6370,NRFI,STRONG,,,,,,,
2026-08-18,2026,824154,1,N,LAA,HOU,8:10 PM ET,George Klassen,Cristian Javier,691946,664299,sm,ltd,live,live,0.99,0.5476,0.6532,1.2007,0.3731,0.4061,0.7792,0.4839,0.5161,0.3376,0.6624,0.45875,0.54125,PASS,NO EDGE,PASS - No edge,4,2026-08-19T00:06:50Z,4.524,5.364,1.483,1.458,4.717,4.719,4.65,3.75,1.23,1.34,8.78,7.89,0.311,0.319,0.378,0.412,4.104,4.596,,,,1.0,0.8,0.75,0.7,0.75,0.3822,0.3674,0.511,0.411,0.2209,0.1446,lineup,lineup,"[{""id"": 665161, ""name"": ""Jeremy Pe\u00f1a"", ""bats"": ""R"", ""obp"": 0.34328358208955223, ""slg"": 0.477124183006536, ""iso"": 0.18954248366013077, ""ab"": 306}, {""id"": 670541, ""name"": ""Yordan Alvarez"", ""bats"": ""L"", ""obp"": 0.43462246777163904, ""slg"": 0.6188340807174888, ""iso"": 0.29820627802690586, ""ab"": 446}, {""id"": 670623, ""name"": ""Isaac Paredes"", ""bats"": ""R"", ""obp"": 0.35129740518962077, ""slg"": 0.423963133640553, ""iso"": 0.16359447004608296, ""ab"": 434}]","[{""id"": 642350, ""name"": ""Jose Siri"", ""bats"": ""R"", ""obp"": 0.31333333333333335, ""slg"": 0.47101449275362317, ""iso"": 0.21014492753623187, ""ab"": 138}, {""id"": 545361, ""name"": ""Mike Trout"", ""bats"": ""R"", ""obp"": 0.3818565400843882, ""slg"": 0.44155844155844154, ""iso"": 0.19999999999999998, ""ab"": 385}, {""id"": 694384, ""name"": ""Nolan Schanuel"", ""bats"": ""L"", ""obp"": 0.3556581986143187, ""slg"": 0.39210526315789473, ""iso"": 0.11315789473684212, ""ab"": 380}]","[{""name"": ""away_top3c_iso"", ""value"": 0.1446, ""contribution"": -0.2384}, {""name"": ""away_top3c_slg"", ""value"": 0.411, ""contribution"": 0.1481}, {""name"": ""era_gap_t1"", ""value"": 0.8408, ""contribution"": 0.0917}, {""name"": ""home_fip"", ""value"": 4.7188, ""contribution"": 0.0831}, {""name"": ""fi_park_nrfi_rate"", ""value"": 0.482, ""contribution"": 0.0547}]","[{""name"": ""home_top3c_slg"", ""value"": 0.511, ""contribution"": -0.4384}, {""name"": ""home_top3c_iso"", ""value"": 0.2209, ""contribution"": 0.1978}, {""name"": ""home_top3_ops_vs_oppHand"", ""value"": 0.9267, ""contribution"": 0.1954}, {""name"": ""home_top3c_obp"", ""value"": 0.3822, ""contribution"": 0.1468}, {""name"": ""fi_park_nrfi_rate"", ""value"": 0.482, ""contribution"": 0.084}]",427315,0.5564,3.582,9.644,27.0,50.0,0.7197,0.7136,3.73,3.67,0.793,0.9267,R,R,NRFI,PASS,0,0,0,2026-08-19T00:28:21+00:00,+105,-135,DraftKings,2026-08-18T20:27:54+00:00,0.4878,0.5745,0.0011,-0.0634,,N,,,+100,-130,2026-08-18T04:11:26+00:00,,0.3857,YRFI,STRONG,,,,,,,
2026-08-18,2026,824398,1,N,SF,CLE,6:40 PM ET,Carson Whisenhunt,Foster Griffin,687931,656492,ltd,live,live,live,0.96,0.4402,0.601,1.0412,0.2781,0.5104,0.7885,0.4826,0.5174,0.2794,0.7206,0.454527,0.545473,PASS,NO EDGE,PASS - No edge,4,2026-08-18T22:34:48Z,5.064,3.458,1.468,1.137,4.99,4.199,4.3,2.33,1.37,1.38,7.77,8.28,0.308,0.313,0.407,0.373,4.147,4.011,25.1,10.1,52.0,0.0,0.6,0.6,0.8,0.6,0.3296,0.3123,0.3695,0.478,0.1251,0.2285,lineup,lineup,"[{""id"": 680757, ""name"": ""Steven Kwan"", ""bats"": ""L"", ""obp"": 0.36616702355460384, ""slg"": 0.3283208020050125, ""iso"": 0.06265664160401002, ""ab"": 399}, {""id"": 608070, ""name"": ""Jos\u00e9 Ram\u00edrez"", ""bats"": ""S"", ""obp"": 0.3409090909090909, ""slg"": 0.382089552238806, ""iso"": 0.14626865671641792, ""ab"": 335}, {""id"": 690984, ""name"": ""Petey Halpin"", ""bats"": ""L"", ""obp"": 0.25196850393700787, ""slg"": 0.32231404958677684, ""iso"": 0.09917355371900824, ""ab"": 121}]","[{""id"": 813841, ""name"": ""Jonah Cox"", ""bats"": ""R"", ""obp"": 0.25806451612903225, ""slg"": 0.5161290322580645, ""iso"": 0.25806451612903225, ""ab"": 31}, {""id"": 646240, ""name"": ""Rafael Devers"", ""bats"": ""L"", ""obp"": 0.32, ""slg"": 0.47435897435897434, ""iso"": 0.22863247863247863, ""ab"": 468}, {""id"": 682674, ""name"": ""Victor Bericoto"", ""bats"": ""R"", ""obp"": 0.28169014084507044, ""slg"": 0.4857142857142857, ""iso"": 0.2142857142857143, ""ab"": 70}]","[{""name"": ""away_top3c_iso"", ""value"": 0.2285, ""contribution"": 0.352}, {""name"": ""away_top3c_slg"", ""value"": 0.478, ""contribution"": -0.1913}, {""name"": ""era_gap_t1"", ""value"": -1.6061, ""contribution"": -0.1733}, {""name"": ""away_top3_ops_vs_oppHand"", ""value"": 0.6543, ""contribution"": -0.1151}, {""name"": ""fi_park_nrfi_rate"", ""value"": 0.528, ""contribution"": -0.1042}]","[{""name"": ""home_top3c_slg"", ""value"": 0.3695, ""contribution"": 0.4405}, {""name"": ""home_top3c_iso"", ""value"": 0.1251, ""contribution"": -0.2545}, {""name"": ""fi_park_nrfi_rate"", ""value"": 0.528, ""contribution"": -0.1602}, {""name"": ""era_gap_b1"", ""value"": 1.6061, ""contribution"": 0.1089}, {""name"": ""away_fip"", ""value"": 4.9902, ""contribution"": 0.1071}]",490319,0.5366,4.362,4.2,59.0,50.0,0.7136,0.7136,5.6,4.6,0.6543,0.8263,L,L,YRFI,PASS,0,3,3,2026-08-18T22:57:35+00:00,-125,-105,DraftKings,2026-08-18T20:27:54+00:00,0.5556,0.5122,-0.0729,0.0051,,N,,,-120,-110,2026-08-18T04:11:26+00:00,,0.4755,PASS,NO EDGE,,,,,,,
2026-08-18,2026,824475,1,N,STL,CIN,6:40 PM ET,Kyle Leahy,Andrew Abbott,681517,671096,live,live,live,live,1.09,0.622,0.4731,1.0951,0.351,0.359,0.71,0.4967,0.5033,0.2992,0.7008,0.491658,0.508342,PASS,NO EDGE,PASS - No edge,4,2026-08-18T22:34:48Z,3.376,3.839,1.314,1.358,3.595,4.547,2.74,3.87,0.87,1.12,8.14,7.17,0.317,0.307,0.385,0.395,4.415,4.118,27.2,10.7,43.0,0.0,0.8,1.0,0.5,0.9,0.3376,0.3533,0.4652,0.4225,0.2156,0.1622,lineup,lineup,"[{""id"": 682829, ""name"": ""Elly De La Cruz"", ""bats"": ""S"", ""obp"": 0.3438818565400844, ""slg"": 0.4748201438848921, ""iso"": 0.21342925659472423, ""ab"": 417}, {""id"": 701398, ""name"": ""Sal Stewart"", ""bats"": ""R"", ""obp"": 0.3333333333333333, ""slg"": 0.4726890756302521, ""iso"": 0.21428571428571425, ""ab"": 476}, {""id"": 668709, ""name"": ""JJ Bleday"", ""bats"": ""L"", ""obp"": 0.3358208955223881, ""slg"": 0.44281524926686217, ""iso"": 0.21994134897360704, ""ab"": 341}]","[{""id"": 802139, ""name"": ""JJ Wetherholt"", ""bats"": ""L"", ""obp"": 0.34870848708487084, ""slg"": 0.375, ""iso"": 0.1314655172413793, ""ab"": 464}, {""id"": 671056, ""name"": ""Iv\u00e1n Herrera"", ""bats"": ""R"", ""obp"": 0.3631484794275492, ""slg"": 0.391025641025641, ""iso"": 0.14316239316239315, ""ab"": 468}, {""id"": 691023, ""name"": ""Jordan Walker"", ""bats"": ""R"", ""obp"": 0.3474088291746641, ""slg"": 0.5, ""iso"": 0.21097046413502107, ""ab"": 474}]","[{""name"": ""away_top3c_iso"", ""value"": 0.1622, ""contribution"": -0.115}, {""name"": ""away_top3c_slg"", ""value"": 0.4225, ""contribution"": 0.0901}, {""name"": ""home_p_last10_pitcher_nrfi"", ""value"": 0.5, ""contribution"": -0.0846}, {""name"": ""home_fip"", ""value"": 4.5467, ""contribution"": 0.0638}, {""name"": ""era_gap_t1"", ""value"": 0.4629, ""contribution"": 0.0507}]","[{""name"": ""home_top3c_iso"", ""value"": 0.2156, ""contribution"": 0.1725}, {""name"": ""home_top3c_slg"", ""value"": 0.4652, ""contribution"": -0.1538}, {""name"": ""away_whiff_pct_rank"", ""value"": 32.0, ""contribution"": 0.0772}, {""name"": ""away_p_last10_pitcher_nrfi"", ""value"": 0.9, ""contribution"": -0.0601}, {""name"": ""wx_temp_c"", ""value"": 27.2, ""contribution"": 0.0496}]",665576,0.4578,3.784,4.459,43.0,32.0,0.7508,0.7136,5.6,5.6,0.8063,0.7743,R,L,NRFI,PASS,0,0,0,2026-08-18T22:53:51+00:00,-105,-125,DraftKings,2026-08-18T20:27:54+00:00,0.5122,0.5556,-0.0142,-0.0536,,N,,,-115,-110,2026-08-18T04:11:26+00:00,,0.5327,PASS,NO EDGE,,,,,,,
2026-08-18,2026,824803,1,N,NYY,BAL,6:35 PM ET,Carlos Rodón,Shane Baz,607074,669358,live,live,live,live,1.06,0.5037,0.5427,1.0465,0.3699,0.337,0.7069,0.4975,0.5025,0.2813,0.7187,0.493189,0.506811,PASS,NO EDGE,PASS - No edge,4,2026-08-18T22:34:48Z,3.202,4.194,1.157,1.353,3.617,3.62,4.28,3.14,0.79,0.82,9.79,8.26,0.309,0.32,0.408,0.4,4.45,4.546,28.9,9.0,58.0,0.0,0.8,0.8,0.7,0.7,0.3442,0.3194,0.444,0.4562,0.1931,0.217,lineup,lineup,"[{""id"": 702616, ""name"": ""Jackson Holliday"", ""bats"": ""L"", ""obp"": 0.3413654618473896, ""slg"": 0.38028169014084506, ""iso"": 0.13615023474178403, ""ab"": 213}, {""id"": 624413, ""name"": ""Pete Alonso"", ""bats"": ""R"", ""obp"": 0.36095764272559855, ""slg"": 0.49572649572649574, ""iso"": 0.22863247863247865, ""ab"": 468}, {""id"": 687637, ""name"": ""Dylan Beavers"", ""bats"": ""L"", ""obp"": 0.31601731601731603, ""slg"": 0.33980582524271846, ""iso"": 0.10194174757281554, ""ab"": 206}]","[{""id"": 663757, ""name"": ""Trent Grisham"", ""bats"": ""L"", ""obp"": 0.3115942028985507, ""slg"": 0.4171270718232044, ""iso"": 0.19613259668508287, ""ab"": 362}, {""id"": 700250, ""name"": ""Ben Rice"", ""bats"": ""L"", ""obp"": 0.343811394891945, ""slg"": 0.5327313769751693, ""iso"": 0.2821670428893905, ""ab"": 443}, {""id"": 671218, ""name"": ""Heliot Ramos"", ""bats"": ""R"", ""obp"": 0.29310344827586204, ""slg"": 0.3950617283950617, ""iso"": 0.15123456790123455, ""ab"": 324}]","[{""name"": ""away_top3c_iso"", ""value"": 0.217, ""contribution"": 0.2713}, {""name"": ""era_gap_t1"", ""value"": 0.9919, ""contribution"": 0.108}, {""name"": ""away_top3c_slg"", ""value"": 0.4562, ""contribution"": -0.0805}, {""name"": ""fi_park_nrfi_rate"", ""value"": 0.519, ""contribution"": -0.0733}, {""name"": ""wx_temp_c"", ""value"": 28.9, ""contribution"": 0.0458}]","[{""name"": ""fi_park_nrfi_rate"", ""value"": 0.519, ""contribution"": -0.1127}, {""name"": ""home_plate_ump_nrfi_rate"", ""value"": 0.4205, ""contribution"": -0.084}, {""name"": ""era_gap_b1"", ""value"": -0.9919, ""contribution"": -0.0679}, {""name"": ""home_top3c_iso"", ""value"": 0.1931, ""contribution"": 0.0666}, {""name"": ""wx_temp_c"", ""value"": 28.9, ""contribution"": 0.0638}]",504381,0.4205,3.874,4.2,59.0,50.0,0.678,0.7613,5.53,5.47,0.7753,0.7827,L,R,NRFI,PASS,0,0,0,2026-08-18T22:56:13+00:00,-115,-115,DraftKings,2026-08-18T20:27:54+00:00,0.5349,0.5349,-0.0393,-0.0305,,N,,,-120,-110,2026-08-18T04:11:26+00:00,,0.5447,PASS,NO EDGE,,,,,,,
2026-08-18,2026,823667,1,N,ATL,MIN,7:40 PM ET,Tyler Mahle,Zebby Matthews,641816,805673,live,live,live,live,0.97,0.5626,0.5405,1.1031,0.3905,0.3798,0.7703,0.4852,0.5148,0.3021,0.6979,0.462882,0.537118,PASS,NO EDGE,PASS - No edge,4,2026-08-18T23:34:11Z,4.117,5.263,1.276,1.369,4.046,4.758,3.22,2.92,1.12,1.64,8.49,8.22,0.312,0.32,0.415,0.405,4.775,4.606,26.9,14.8,45.0,0.0,0.2,0.8,0.5,0.7,0.3668,0.3495,0.4191,0.4901,0.1468,0.2264,lineup,lineup,"[{""id"": 807712, ""name"": ""Luke Keaschall"", ""bats"": ""R"", ""obp"": 0.36225596529284165, ""slg"": 0.375, ""iso"": 0.10714285714285715, ""ab"": 392}, {""id"": 621439, ""name"": ""Byron Buxton"", ""bats"": ""R"", ""obp"": 0.32020997375328086, ""slg"": 0.5289017341040463, ""iso"": 0.2716763005780347, ""ab"": 346}, {""id"": 680777, ""name"": ""Ryan Jeffers"", ""bats"": ""R"", ""obp"": 0.3858267716535433, ""slg"": 0.48372093023255813, ""iso"": 0.20465116279069767, ""ab"": 215}]","[{""id"": 686948, ""name"": ""Drake Baldwin"", ""bats"": ""L"", ""obp"": 0.3598233995584989, ""slg"": 0.45112781954887216, ""iso"": 0.17543859649122806, ""ab"": 399}, {""id"": 660670, ""name"": ""Ronald Acu\u00f1a Jr."", ""bats"": ""R"", ""obp"": 0.34890965732087226, ""slg"": 0.43795620437956206, ""iso"": 0.19343065693430658, ""ab"": 274}, {""id"": 621566, ""name"": ""Matt Olson"", ""bats"": ""L"", ""obp"": 0.3412844036697248, ""slg"": 0.5516528925619835, ""iso"": 0.2871900826446281, ""ab"": 484}]","[{""name"": ""away_top3c_iso"", ""value"": 0.2264, ""contribution"": 0.3378}, {""name"": ""away_top3c_slg"", ""value"": 0.4901, ""contribution"": -0.2522}, {""name"": ""fi_park_nrfi_rate"", ""value"": 0.5348, ""contribution"": -0.1278}, {""name"": ""era_gap_t1"", ""value"": 1.1458, ""contribution"": 0.1247}, {""name"": ""away_top3_ops_vs_oppHand"", ""value"": 0.8573, ""contribution"": 0.0918}]","[{""name"": ""fi_park_nrfi_rate"", ""value"": 0.5348, ""contribution"": -0.1964}, {""name"": ""home_top3c_iso"", ""value"": 0.1468, ""contribution"": -0.1519}, {""name"": ""home_top3c_slg"", ""value"": 0.4191, ""contribution"": 0.1324}, {""name"": ""home_top3c_obp"", ""value"": 0.3668, ""contribution"": 0.0931}, {""name"": ""era_gap_b1"", ""value"": -1.1458, ""contribution"": -0.0783}]",427533,0.5151,4.2,4.327,50.0,38.0,0.7136,0.664,4.8,5.73,0.8573,0.7963,R,R,YRFI,PASS,0,2,2,2026-08-18T23:58:11+00:00,+100,-130,DraftKings,2026-08-18T20:27:54+00:00,0.5,0.5652,-0.0156,-0.0496,,N,,,-105,-125,2026-08-18T04:11:26+00:00,,0.5046,PASS,NO EDGE,,,,,,,
2026-08-18,2026,823423,1,N,MIA,PHI,6:40 PM ET,Cade Gibson,Zack Wheeler,806188,554430,ltd,live,live,live,1.04,0.3873,0.5383,0.9256,0.2135,0.428,0.6414,0.5154,0.4846,0.2369,0.7631,0.526533,0.473467,NRFI,LEAN,LEAN NRFI,4,2026-08-18T21:34:53Z,4.443,2.844,1.37,0.985,3.803,3.122,3.71,2.2,0.73,1.11,7.95,10.98,0.326,0.312,0.404,0.402,4.415,4.479,28.6,8.4,57.0,0.0,0.8,1.0,0.9,1.0,0.3482,0.3446,0.4725,0.3888,0.2211,0.1175,lineup,lineup,"[{""id"": 656941, ""name"": ""Kyle Schwarber"", ""bats"": ""L"", ""obp"": 0.3663551401869159, ""slg"": 0.5348314606741573, ""iso"": 0.2876404494382023, ""ab"": 445}, {""id"": 607208, ""name"": ""Trea Turner"", ""bats"": ""R"", ""obp"": 0.2992565055762082, ""slg"": 0.3963782696177062, ""iso"": 0.14889336016096577, ""ab"": 497}, {""id"": 547180, ""name"": ""Bryce Harper"", ""bats"": ""L"", ""obp"": 0.379182156133829, ""slg"": 0.49547511312217196, ""iso"": 0.23529411764705882, ""ab"": 442}]","[{""id"": 805300, ""name"": ""Jakob Marsee"", ""bats"": ""L"", ""obp"": 0.32346723044397463, ""slg"": 0.315136476426799, ""iso"": 0.10669975186104216, ""ab"": 403}, {""id"": 669364, ""name"": ""Xavier Edwards"", ""bats"": ""S"", ""obp"": 0.3650190114068441, ""slg"": 0.38562091503267976, ""iso"": 0.10021786492374729, ""ab"": 459}, {""id"": 672640, ""name"": ""Otto Lopez"", ""bats"": ""R"", ""obp"": 0.3433962264150943, ""slg"": 0.45213849287169044, ""iso"": 0.14256619144602856, ""ab"": 491}]","[{""name"": ""away_top3c_iso"", ""value"": 0.1175, ""contribution"": -0.4295}, {""name"": ""away_top3c_slg"", ""value"": 0.3888, ""contribution"": 0.2609}, {""name"": ""home_xera"", ""value"": 1.9492, ""contribution"": -0.222}, {""name"": ""era_gap_t1"", ""value"": -1.5994, ""contribution"": -0.1726}, {""name"": ""home_fip"", ""value"": 3.1217, ""contribution"": -0.0962}]","[{""name"": ""home_top3c_slg"", ""value"": 0.4725, ""contribution"": -0.1997}, {""name"": ""home_top3c_iso"", ""value"": 0.2211, ""contribution"": 0.1987}, {""name"": ""fi_park_nrfi_rate"", ""value"": 0.473, ""contribution"": 0.1321}, {""name"": ""era_gap_b1"", ""value"": 1.5994, ""contribution"": 0.1084}, {""name"": ""away_p_last10_pitcher_nrfi"", ""value"": 1.0, ""contribution"": -0.0929}]",575629,0.4774,1.949,4.2,93.0,50.0,0.8025,0.7136,4.47,1.0,0.7217,0.7313,L,R,YRFI,LOSS,0,1,1,2026-08-18T22:55:52+00:00,-130,+100,DraftKings,2026-08-18T20:27:54+00:00,0.5652,0.5,-0.0387,-0.0265,-0.0387,N,0.5,0,-115,-115,2026-08-18T04:11:26+00:00,0.0303,0.4830,PASS,NO EDGE,,,,,,,
2026-08-18,2026,823341,1,N,DET,PIT,6:40 PM ET,Keider Montero,Braxton Ashcraft,672456,677952,live,live,live,live,0.96,0.4124,0.4853,0.8977,0.2301,0.4934,0.7234,0.4934,0.5066,0.2267,0.7733,0.485096,0.514904,PASS,NO EDGE,PASS - No edge,4,2026-08-18T22:34:48Z,3.482,3.711,1.077,1.134,4.096,3.531,2.28,2.31,1.05,1.16,6.4,9.7,0.32,0.331,0.408,0.41,4.575,4.968,25.6,7.9,47.0,0.0,0.6,0.4,0.5,0.7,0.3503,0.3662,0.4451,0.4183,0.1869,0.1433,lineup,lineup,"[{""id"": 687462, ""name"": ""Spencer Horwitz"", ""bats"": ""L"", ""obp"": 0.36578171091445427, ""slg"": 0.41403508771929826, ""iso"": 0.15438596491228074, ""ab"": 285}, {""id"": 664040, ""name"": ""Brandon Lowe"", ""bats"": ""L"", ""obp"": 0.31800766283524906, ""slg"": 0.47863247863247865, ""iso"": 0.2243589743589744, ""ab"": 468}, {""id"": 668804, ""name"": ""Bryan Reynolds"", ""bats"": ""S"", ""obp"": 0.3713768115942029, ""slg"": 0.430406852248394, ""iso"": 0.16916488222698073, ""ab"": 467}]","[{""id"": 650402, ""name"": ""Gleyber Torres"", ""bats"": ""R"", ""obp"": 0.3815789473684211, ""slg"": 0.403921568627451, ""iso"": 0.13333333333333336, ""ab"": 255}, {""id"": 805808, ""name"": ""Kevin McGonigle"", ""bats"": ""L"", ""obp"": 0.3857404021937843, ""slg"": 0.4236559139784946, ""iso"": 0.14193548387096772, ""ab"": 465}, {""id"": 693307, ""name"": ""Dillon Dingler"", ""bats"": ""R"", ""obp"": 0.3225152129817444, ""slg"": 0.49551569506726456, ""iso"": 0.23766816143497754, ""ab"": 446}]","[{""name"": ""away_top3c_iso"", ""value"": 0.1433, ""contribution"": -0.2481}, {""name"": ""home_xera"", ""value"": 2.9598, ""contribution"": -0.1184}, {""name"": ""away_top3c_slg"", ""value"": 0.4183, ""contribution"": 0.1111}, {""name"": ""home_p_last10_pitcher_nrfi"", ""value"": 0.5, ""contribution"": -0.0846}, {""name"": ""fi_park_nrfi_rate"", ""value"": 0.5188, ""contribution"": -0.0724}]","[{""name"": ""away_whiff_pct_rank"", ""value"": 9.0, ""contribution"": 0.1765}, {""name"": ""home_obp"", ""value"": 0.3312, ""contribution"": 0.1219}, {""name"": ""fi_park_nrfi_rate"", ""value"": 0.5188, ""contribution"": -0.1113}, {""name"": ""home_top3_ops_vs_oppHand"", ""value"": 0.83, ""contribution"": 0.0796}, {""name"": ""wx_wind_kmh"", ""value"": 7.9, ""contribution"": -0.0378}]",483630,0.522,2.96,4.024,76.0,9.0,0.7136,0.7136,5.6,5.6,0.822,0.83,R,R,NRFI,PASS,0,0,0,2026-08-18T22:50:36+00:00,-135,+105,DraftKings,2026-08-18T20:27:54+00:00,0.5745,0.4878,-0.0757,0.0134,,N,,,-120,-110,2026-08-18T04:11:26+00:00,,0.5651,NRFI,STRONG,,,,,,,
2026-08-18,2026,824723,1,N,ARI,BOS,7:10 PM ET,Merrill Kelly,Ranger Suarez,518876,624133,live,live,live,live,1.05,0.3913,0.6944,1.0857,0.2563,0.4004,0.6567,0.5132,0.4868,0.2957,0.7043,0.518571,0.481429,NRFI,LEAN,LEAN NRFI,4,2026-08-18T22:04:43Z,4.725,3.236,1.392,1.198,5.314,2.889,3.46,2.47,1.64,0.58,6.46,9.03,0.315,0.32,0.398,0.403,4.507,4.482,22.4,12.1,79.0,0.0,0.8,1.0,0.8,0.8,0.3339,0.3465,0.4577,0.4569,0.1865,0.1862,lineup,lineup,"[{""id"": 686765, ""name"": ""Nick Sogard"", ""bats"": ""S"", ""obp"": 0.3548387096774194, ""slg"": 0.3333333333333333, ""iso"": 0.08571428571428569, ""ab"": 105}, {""id"": 678882, ""name"": ""Ceddanne Rafaela"", ""bats"": ""R"", ""obp"": 0.3253493013972056, ""slg"": 0.4703389830508475, ""iso"": 0.1822033898305085, ""ab"": 472}, {""id"": 677800, ""name"": ""Wilyer Abreu"", ""bats"": ""L"", ""obp"": 0.3371212121212121, ""slg"": 0.47300215982721383, ""iso"": 0.2138228941684665, ""ab"": 463}]","[{""id"": 545121, ""name"": ""Ildemaro Vargas"", ""bats"": ""S"", ""obp"": 0.3105263157894737, ""slg"": 0.4112676056338028, ""iso"": 0.14647887323943665, ""ab"": 355}, {""id"": 682998, ""name"": ""Corbin Carroll"", ""bats"": ""L"", ""obp"": 0.3440453686200378, ""slg"": 0.487964989059081, ""iso"": 0.24070021881838075, ""ab"": 457}, {""id"": 672515, ""name"": ""Gabriel Moreno"", ""bats"": ""R"", ""obp"": 0.38366336633663367, ""slg"": 0.46264367816091956, ""iso"": 0.15517241379310348, ""ab"": 348}]","[{""name"": ""era_gap_t1"", ""value"": -1.4889, ""contribution"": -0.1606}, {""name"": ""away_top3_ops_vs_oppHand"", ""value"": 0.8983, ""contribution"": 0.1336}, {""name"": ""home_xera"", ""value"": 2.8963, ""contribution"": -0.1249}, {""name"": ""home_fip"", ""value"": 2.8886, ""contribution"": -0.1224}, {""name"": ""away_top3c_slg"", ""value"": 0.4569, ""contribution"": -0.0842}]","[{""name"": ""away_fip"", ""value"": 5.3136, ""contribution"": 0.1416}, {""name"": ""home_top3c_slg"", ""value"": 0.4577, ""contribution"": -0.1075}, {""name"": ""era_gap_b1"", ""value"": 1.4889, ""contribution"": 0.1009}, {""name"": ""fi_park_nrfi_rate"", ""value"": 0.5121, ""contribution"": -0.076}, {""name"": ""home_obp"", ""value"": 0.3205, ""contribution"": 0.0467}]",482666,0.522,2.896,4.616,31.0,52.0,0.6643,0.6942,3.87,5.27,0.8983,0.7537,R,L,YRFI,LOSS,0,3,3,2026-08-18T23:33:17+00:00,-145,+115,DraftKings,2026-08-18T20:27:54+00:00,0.5918,0.4651,-0.0783,0.0214,-0.0783,N,0.5,0,-135,+100,2026-08-18T04:11:26+00:00,0.0174,0.5651,NRFI,STRONG,,,,,,,
2026-08-18,2026,823586,1,N,SD,NYM,7:10 PM ET,Robbie Ray,Zac Thornton,592662,804267,live,ltd,live,live,0.96,0.4446,0.5461,0.9907,0.2951,0.3464,0.6415,0.5154,0.4846,0.2608,0.7392,0.526509,0.473491,NRFI,LEAN,LEAN NRFI,4,2026-08-18T22:04:43Z,3.367,3.433,1.303,1.175,4.51,4.06,4.26,2.75,1.15,0.99,8.09,7.18,0.315,0.308,0.39,0.391,4.28,4.202,25.0,9.8,89.0,0.0,0.6,1.0,0.5,0.9,0.3156,0.3249,0.3937,0.3934,0.1429,0.1475,lineup,lineup,"[{""id"": 596019, ""name"": ""Francisco Lindor"", ""bats"": ""S"", ""obp"": 0.33666666666666667, ""slg"": 0.4372623574144487, ""iso"": 0.19391634980988595, ""ab"": 263}, {""id"": 666182, ""name"": ""Bo Bichette"", ""bats"": ""R"", ""obp"": 0.313543599257885, ""slg"": 0.38585858585858585, ""iso"": 0.11919191919191918, ""ab"": 495}, {""id"": 673357, ""name"": ""Luis Robert Jr."", ""bats"": ""R"", ""obp"": 0.28651685393258425, ""slg"": 0.34591194968553457, ""iso"": 0.13207547169811318, ""ab"": 159}]","[{""id"": 665487, ""name"": ""Fernando Tatis Jr."", ""bats"": ""R"", ""obp"": 0.3522935779816514, ""slg"": 0.41995841995842, ""iso"": 0.14137214137214138, ""ab"": 481}, {""id"": 687749, ""name"": ""Jase Bowen"", ""bats"": ""R"", ""obp"": 0.2, ""slg"": 0.2631578947368421, ""iso"": 0.10526315789473684, ""ab"": 76}, {""id"": 592518, ""name"": ""Manny Machado"", ""bats"": ""R"", ""obp"": 0.29693486590038315, ""slg"": 0.40700218818380746, ""iso"": 0.19474835886214445, ""ab"": 457}]","[{""name"": ""away_top3c_slg"", ""value"": 0.3934, ""contribution"": 0.2372}, {""name"": ""away_top3c_iso"", ""value"": 0.1475, ""contribution"": -0.218}, {""name"": ""home_p_last10_pitcher_nrfi"", ""value"": 0.5, ""contribution"": -0.0846}, {""name"": ""away_top3_ops_vs_oppHand"", ""value"": 0.7097, ""contribution"": -0.0587}, {""name"": ""wx_temp_c"", ""value"": 25.0, ""contribution"": 0.0224}]","[{""name"": ""home_top3c_slg"", ""value"": 0.3937, ""contribution"": 0.2902}, {""name"": ""home_top3c_iso"", ""value"": 0.1429, ""contribution"": -0.1707}, {""name"": ""home_top3c_obp"", ""value"": 0.3156, ""contribution"": -0.0865}, {""name"": ""away_whiff_pct_rank"", ""value"": 64.0, ""contribution"": -0.0609}, {""name"": ""away_p_last10_pitcher_nrfi"", ""value"": 0.9, ""contribution"": -0.0601}]",427113,0.5139,4.2,3.719,50.0,64.0,0.7136,0.678,5.6,5.0,0.7097,0.736,L,L,YRFI,LOSS,1,0,1,2026-08-18T23:23:48+00:00,-105,-125,DraftKings,2026-08-18T20:27:54+00:00,0.5122,0.5556,0.0015,-0.0693,0.0015,N,0.5,0,-110,-115,2026-08-18T04:11:26+00:00,-0.0116,0.5593,PASS,NO EDGE,,,,,,,
2026-08-18,2026,824075,1,N,OAK,KC,7:40 PM ET,Brady Basso,Daniel Lynch IV,669620,663738,sm,live,live,live,0.96,0.4337,0.4498,0.8836,0.2206,0.3174,0.538,0.5608,0.4392,0.2215,0.7785,0.583915,0.416085,NRFI,LEAN,LEAN NRFI,4,2026-08-18T22:34:48Z,4.23,3.177,1.307,1.152,3.838,3.91,2.4,2.84,1.1,0.9,8.5,7.21,0.318,0.312,0.403,0.395,4.375,4.181,31.5,20.2,44.0,0.0,1.0,1.0,1.0,1.0,0.3387,0.3274,0.452,0.4021,0.1821,0.1356,lineup,lineup,"[{""id"": 686555, ""name"": ""Isaac Collins"", ""bats"": ""S"", ""obp"": 0.32524271844660196, ""slg"": 0.35014005602240894, ""iso"": 0.12324929971988793, ""ab"": 357}, {""id"": 677951, ""name"": ""Bobby Witt Jr."", ""bats"": ""R"", ""obp"": 0.35881104033970274, ""slg"": 0.4606205250596659, ""iso"": 0.17422434367541767, ""ab"": 419}, {""id"": 695506, ""name"": ""Jac Caglianone"", ""bats"": ""L"", ""obp"": 0.3274725274725275, ""slg"": 0.4916864608076009, ""iso"": 0.2161520190023753, ""ab"": 421}]","[{""id"": 703607, ""name"": ""Henry Bolte"", ""bats"": ""R"", ""obp"": 0.34105960264900664, ""slg"": 0.37174721189591076, ""iso"": 0.10408921933085502, ""ab"": 269}, {""id"": 680869, ""name"": ""Zack Gelof"", ""bats"": ""R"", ""obp"": 0.33090909090909093, ""slg"": 0.49606299212598426, ""iso"": 0.2204724409448819, ""ab"": 254}, {""id"": 643446, ""name"": ""Jeff McNeil"", ""bats"": ""L"", ""obp"": 0.3136729222520107, ""slg"": 0.3558823529411765, ""iso"": 0.09705882352941175, ""ab"": 340}]","[{""name"": ""away_top3c_iso"", ""value"": 0.1356, ""contribution"": -0.3023}, {""name"": ""home_xera"", ""value"": 1.9, ""contribution"": -0.227}, {""name"": ""fi_park_nrfi_rate"", ""value"": 0.5614, ""contribution"": -0.2197}, {""name"": ""away_top3c_slg"", ""value"": 0.4021, ""contribution"": 0.1934}, {""name"": ""era_gap_t1"", ""value"": -1.0533, ""contribution"": -0.1134}]","[{""name"": ""fi_park_nrfi_rate"", ""value"": 0.5614, ""contribution"": -0.3377}, {""name"": ""away_p_last10_pitcher_nrfi"", ""value"": 1.0, ""contribution"": -0.0929}, {""name"": ""wx_wind_kmh"", ""value"": 20.2, ""contribution"": 0.0916}, {""name"": ""wx_temp_c"", ""value"": 31.5, ""contribution"": 0.0856}, {""name"": ""home_top3c_slg"", ""value"": 0.452, ""contribution"": -0.0721}]",427164,0.5083,1.9,4.2,98.0,50.0,0.7272,0.7272,2.08,1.83,0.7107,0.781,L,L,YRFI,LOSS,1,0,1,2026-08-18T23:55:58+00:00,-110,-115,DraftKings,2026-08-18T20:27:54+00:00,0.5238,0.5349,0.0529,-0.1116,,N,,0,+100,-130,2026-08-18T04:11:26+00:00,,0.4877,PASS,NO EDGE,,,,,,,
2026-08-18,2026,824639,1,N,CWS,CHC,8:05 PM ET,Bryan Hudson,Kevin Gausman,663542,592332,ltd,live,live,live,1.0,0.4703,0.496,0.9664,0.3274,0.4041,0.7315,0.4914,0.5086,0.2519,0.7481,0.481197,0.518803,PASS,NO EDGE,PASS - No edge,4,2026-08-18T23:34:11Z,3.592,4.315,1.271,1.227,3.39,3.613,2.96,2.44,0.73,1.08,8.77,8.94,0.318,0.336,0.411,0.418,4.795,5.103,23.9,16.2,73.0,0.0,0.6,0.8,0.5,0.8333,0.3628,0.3583,0.4822,0.4753,0.2128,0.227,lineup,lineup,"[{""id"": 691718, ""name"": ""Pete Crow-Armstrong"", ""bats"": ""L"", ""obp"": 0.37857142857142856, ""slg"": 0.55, ""iso"": 0.26875000000000004, ""ab"": 480}, {""id"": 673548, ""name"": ""Seiya Suzuki"", ""bats"": ""R"", ""obp"": 0.3628691983122363, ""slg"": 0.49148418491484186, ""iso"": 0.21897810218978103, ""ab"": 411}, {""id"": 608324, ""name"": ""Alex Bregman"", ""bats"": ""R"", ""obp"": 0.3469750889679715, ""slg"": 0.4074074074074074, ""iso"": 0.15226337448559668, ""ab"": 486}]","[{""id"": 803011, ""name"": ""Sam Antonacci"", ""bats"": ""L"", ""obp"": 0.3640776699029126, ""slg"": 0.4011142061281337, ""iso"": 0.12813370473537605, ""ab"": 359}, {""id"": 808959, ""name"": ""Munetaka Murakami"", ""bats"": ""L"", ""obp"": 0.3711340206185567, ""slg"": 0.5394321766561514, ""iso"": 0.305993690851735, ""ab"": 317}, {""id"": 678246, ""name"": ""Miguel Vargas"", ""bats"": ""R"", ""obp"": 0.34450651769087526, ""slg"": 0.48903508771929827, ""iso"": 0.25, ""ab"": 456}]","[{""name"": ""away_top3c_iso"", ""value"": 0.227, ""contribution"": 0.3419}, {""name"": ""away_top3c_slg"", ""value"": 0.4753, ""contribution"": -0.1772}, {""name"": ""fi_park_nrfi_rate"", ""value"": 0.5429, ""contribution"": -0.1558}, {""name"": ""away_top3_ops_vs_oppHand"", ""value"": 0.8657, ""contribution"": 0.1003}, {""name"": ""home_p_last10_pitcher_nrfi"", ""value"": 0.5, ""contribution"": -0.0846}]","[{""name"": ""home_top3c_slg"", ""value"": 0.4822, ""contribution"": -0.2597}, {""name"": ""fi_park_nrfi_rate"", ""value"": 0.5429, ""contribution"": -0.2395}, {""name"": ""home_top3_ops_vs_oppHand"", ""value"": 0.898, ""contribution"": 0.161}, {""name"": ""home_top3c_iso"", ""value"": 0.2128, ""contribution"": 0.1594}, {""name"": ""home_obp"", ""value"": 0.3357, ""contribution"": 0.1531}]",484499,0.5451,3.521,2.84,81.0,50.0,0.7075,0.7136,5.33,1.2,0.8657,0.898,L,R,YRFI,PASS,0,2,2,2026-08-19T00:24:07+00:00,+100,-130,DraftKings,2026-08-18T20:27:54+00:00,0.5,0.5652,0.0038,-0.069,,N,,,-120,-110,2026-08-18T04:11:26+00:00,,0.4877,PASS,NO EDGE,,,,,,,
2026-08-19,2026,824318,1,N,LAD,COL,8:40 PM ET,Roki Sasaki,Kyle Freeland,808963,607536,live,live,live,live,1.22,0.7085,0.7589,1.4674,0.5019,0.5551,1.057,0.3269,0.6731,0.4312,0.5688,0.347483,0.652517,YRFI,STRONG,STRONG YRFI,4,2026-08-19T05:31:14Z,4.406,5.948,1.296,1.435,4.87,4.531,3.66,2.04,1.59,1.54,8.61,7.22,0.333,0.322,0.428,0.417,4.94,4.784,32.3,14.8,20.0,0.0,0.4,1.0,0.6,0.8,0.3223,0.333,0.4168,0.4276,0.169,0.169,team_fallback,team_fallback,[],[],"[{""name"": ""fi_park_nrfi_rate"", ""value"": 0.4241, ""contribution"": 0.2547}, {""name"": ""era_gap_t1"", ""value"": 1.5416, ""contribution"": 0.1675}, {""name"": ""home_xera"", ""value"": 4.9244, ""contribution"": 0.0829}, {""name"": ""away_top3c_iso"", ""value"": 0.169, ""contribution"": -0.0668}, {""name"": ""wx_temp_c"", ""value"": 32.3, ""contribution"": 0.0661}]","[{""name"": ""fi_park_nrfi_rate"", ""value"": 0.4241, ""contribution"": 0.3916}, {""name"": ""home_top3c_slg"", ""value"": 0.4168, ""contribution"": 0.1464}, {""name"": ""era_gap_b1"", ""value"": -1.5416, ""contribution"": -0.1053}, {""name"": ""away_fip"", ""value"": 4.8699, ""contribution"": 0.0942}, {""name"": ""wx_temp_c"", ""value"": 32.3, ""contribution"": 0.0922}]",,0.5084,4.924,5.909,24.0,53.0,0.7424,0.7272,6.53,6.0,0.72,0.72,R,L,,,,,,,,,,,,,,,,,,,,,,,,,,,,,,,,
2026-08-19,2026,822937,1,N,TOR,TB,6:40 PM ET,Max Scherzer,Drew Rasmussen,453286,656876,live,live,live,live,0.93,0.3084,0.654,0.9625,0.2981,0.7416,1.0397,0.3445,0.6555,0.2504,0.7496,0.353564,0.646436,YRFI,STRONG,STRONG YRFI,4,2026-08-19T05:31:14Z,5.752,2.775,1.372,0.936,5.621,3.131,3.16,1.75,2.1,0.89,7.74,8.88,0.306,0.33,0.38,0.408,4.011,4.561,,,,1.0,1.0,0.6,0.9,0.5,0.3303,0.3062,0.4079,0.3802,0.169,0.169,team_fallback,team_fallback,[],[],"[{""name"": ""era_gap_t1"", ""value"": -2.9765, ""contribution"": -0.3217}, {""name"": ""away_top3c_slg"", ""value"": 0.3802, ""contribution"": 0.3044}, {""name"": ""fi_park_nrfi_rate"", ""value"": 0.4376, ""contribution"": 0.2081}, {""name"": ""home_fip"", ""value"": 3.131, ""contribution"": -0.0952}, {""name"": ""home_xera"", ""value"": 3.2993, ""contribution"": -0.0836}]","[{""name"": ""fi_park_nrfi_rate"", ""value"": 0.4376, ""contribution"": 0.3199}, {""name"": ""era_gap_b1"", ""value"": 2.9765, ""contribution"": 0.2021}, {""name"": ""home_top3c_slg"", ""value"": 0.4079, ""contribution"": 0.2019}, {""name"": ""away_fip"", ""value"": 5.6205, ""contribution"": 0.1745}, {""name"": ""home_obp"", ""value"": 0.3303, ""contribution"": 0.1154}]",,0.5084,3.299,4.629,44.0,39.0,0.6643,0.7136,6.0,4.47,0.72,0.72,R,R,,,,,,,,,,,,,,,,,,,,,,,,,,,,,,,,
2026-08-19,2026,824476,1,N,STL,CIN,6:40 PM ET,Matthew Liberatore,Chase Burns,669461,695505,live,live,live,live,1.09,0.46,0.6033,1.0633,0.2979,0.5712,0.8692,0.4414,0.5586,0.2875,0.7125,0.419306,0.580694,PASS,LINEUP PENDING,PASS - Lineup pending,4,2026-08-19T05:31:14Z,4.854,2.901,1.437,1.135,4.441,3.359,3.09,3.14,1.42,0.95,8.39,10.43,0.316,0.306,0.385,0.393,4.405,4.089,28.6,10.5,56.0,0.0,0.8,0.4,0.9,0.5,0.3062,0.316,0.3927,0.3846,0.169,0.169,team_fallback,team_fallback,[],[],"[{""name"": ""away_top3c_slg"", ""value"": 0.3846, ""contribution"": 0.2818}, {""name"": ""era_gap_t1"", ""value"": -1.9524, ""contribution"": -0.2108}, {""name"": ""home_p_last10_pitcher_nrfi"", ""value"": 0.9, ""contribution"": 0.0716}, {""name"": ""home_fip"", ""value"": 3.3592, ""contribution"": -0.0696}, {""name"": ""home_xera"", ""value"": 3.4465, ""contribution"": -0.0685}]","[{""name"": ""home_top3c_slg"", ""value"": 0.3927, ""contribution"": 0.2963}, {""name"": ""away_whiff_pct_rank"", ""value"": 14.0, ""contribution"": 0.1549}, {""name"": ""era_gap_b1"", ""value"": 1.9524, ""contribution"": 0.1324}, {""name"": ""home_top3c_obp"", ""value"": 0.3062, ""contribution"": -0.1197}, {""name"": ""away_p_last10_pitcher_nrfi"", ""value"": 0.5, ""contribution"": 0.0713}]",,0.5084,3.446,4.999,100.0,14.0,0.7136,0.6942,5.67,5.07,0.72,0.72,L,R,,,,,,,,,,,,,,,,,,,,,,,,,,,,,,,,
2026-08-19,2026,822860,1,N,WSH,TEX,8:05 PM ET,Cade Cavalli,Kumar Rocker,676917,677958,live,live,live,live,1.07,0.6752,0.4829,1.158,0.3147,0.2278,0.5426,0.5579,0.4421,0.3222,0.6778,0.581249,0.418751,PASS,LINEUP PENDING,PASS - Lineup pending,4,2026-08-19T05:31:14Z,3.551,4.63,1.265,1.391,3.554,4.434,2.75,3.5,1.05,1.28,9.58,8.24,0.325,0.316,0.433,0.396,5.194,4.11,,,,1.0,0.6,1.0,0.6,0.9,0.316,0.3249,0.3963,0.4329,0.169,0.169,team_fallback,team_fallback,[],[],"[{""name"": ""fi_park_nrfi_rate"", ""value"": 0.5398, ""contribution"": -0.1451}, {""name"": ""era_gap_t1"", ""value"": 1.0792, ""contribution"": 0.1175}, {""name"": ""home_xera"", ""value"": 4.973, ""contribution"": 0.0879}, {""name"": ""away_top3c_iso"", ""value"": 0.169, ""contribution"": -0.0668}, {""name"": ""home_fip"", ""value"": 4.4342, ""contribution"": 0.0511}]","[{""name"": ""home_top3c_slg"", ""value"": 0.3963, ""contribution"": 0.2741}, {""name"": ""fi_park_nrfi_rate"", ""value"": 0.5398, ""contribution"": -0.2231}, {""name"": ""away_whiff_pct_rank"", ""value"": 80.0, ""contribution"": -0.1299}, {""name"": ""home_top3c_obp"", ""value"": 0.316, ""contribution"": -0.0852}, {""name"": ""wx_is_dome"", ""value"": 1.0, ""contribution"": -0.0758}]",,0.5084,4.973,4.101,44.0,80.0,0.7136,0.7136,5.2,6.4,0.72,0.72,R,R,,,,,,,,,,,,,,,,,,,,,,,,,,,,,,,,
2026-08-19,2026,823748,1,N,SEA,MIL,7:40 PM ET,Logan Gilbert,Dustin May,669302,669160,live,live,live,live,1.03,0.4469,0.483,0.93,0.333,0.2145,0.5475,0.5561,0.4439,0.2385,0.7615,0.578418,0.421582,PASS,LINEUP PENDING,PASS - Lineup pending,4,2026-08-19T05:31:14Z,3.315,4.34,0.999,1.286,3.468,3.613,2.06,3.16,1.22,0.85,9.96,8.57,0.31,0.335,0.38,0.397,3.947,4.947,,,,1.0,1.0,0.6,0.8,0.7,0.3348,0.3097,0.3972,0.3802,0.169,0.169,team_fallback,team_fallback,[],[],"[{""name"": ""fi_park_nrfi_rate"", ""value"": 0.5899, ""contribution"": -0.3182}, {""name"": ""away_top3c_slg"", ""value"": 0.3802, ""contribution"": 0.3043}, {""name"": ""era_gap_t1"", ""value"": 1.0258, ""contribution"": 0.1117}, {""name"": ""home_xera"", ""value"": 4.7959, ""contribution"": 0.0697}, {""name"": ""away_top3c_iso"", ""value"": 0.169, ""contribution"": -0.0668}]","[{""name"": ""fi_park_nrfi_rate"", ""value"": 0.5899, ""contribution"": -0.4892}, {""name"": ""home_top3c_slg"", ""value"": 0.3972, ""contribution"": 0.2685}, {""name"": ""away_whiff_pct_rank"", ""value"": 97.0, ""contribution"": -0.2033}, {""name"": ""home_obp"", ""value"": 0.3348, ""contribution"": 0.1468}, {""name"": ""wx_is_dome"", ""value"": 1.0, ""contribution"": -0.0758}]",,0.5084,4.796,3.166,10.0,97.0,0.7136,0.6942,5.8,6.27,0.72,0.72,R,R,,,,,,,,,,,,,,,,,,,,,,,,,,,,,,,,
2026-08-19,2026,823424,1,N,MIA,PHI,6:05 PM ET,Sandy Alcantara,Aaron Nola,645261,605400,live,live,live,live,1.04,0.6087,0.4843,1.0931,0.4411,0.3942,0.8354,0.4588,0.5412,0.2984,0.7016,0.433719,0.566281,PASS,LINEUP PENDING,PASS - Lineup pending,4,2026-08-19T05:31:14Z,3.797,5.397,1.189,1.422,3.89,5.003,2.53,3.08,0.94,1.97,6.96,9.46,0.326,0.312,0.403,0.402,4.412,4.489,29.3,9.1,40.0,0.0,0.4,1.0,0.5,1.0,0.3124,0.3258,0.4016,0.4034,0.169,0.169,team_fallback,team_fallback,[],[],"[{""name"": ""away_top3c_slg"", ""value"": 0.4034, ""contribution"": 0.1866}, {""name"": ""era_gap_t1"", ""value"": 1.5993, ""contribution"": 0.1738}, {""name"": ""home_fip"", ""value"": 5.0032, ""contribution"": 0.115}, {""name"": ""fi_park_nrfi_rate"", ""value"": 0.473, ""contribution"": 0.0859}, {""name"": ""home_p_last10_pitcher_nrfi"", ""value"": 0.5, ""contribution"": -0.0846}]","[{""name"": ""home_top3c_slg"", ""value"": 0.4016, ""contribution"": 0.2408}, {""name"": ""fi_park_nrfi_rate"", ""value"": 0.473, ""contribution"": 0.1321}, {""name"": ""era_gap_b1"", ""value"": -1.5993, ""contribution"": -0.1092}, {""name"": ""home_top3c_obp"", ""value"": 0.3124, ""contribution"": -0.0978}, {""name"": ""away_whiff_pct_rank"", ""value"": 28.0, ""contribution"": 0.0945}]",,0.5084,4.083,4.417,59.0,28.0,0.724,0.6862,5.4,6.8,0.72,0.72,R,R,,,,,,,,,,,,,,,,,,,,,,,,,,,,,,,,
2026-08-19,2026,823587,1,N,SD,NYM,1:10 PM ET,Michael King,Robert Stock,650633,476594,live,sm,live,live,0.96,0.5027,0.4712,0.9738,0.4298,0.374,0.8038,0.4756,0.5244,0.2546,0.7454,0.447636,0.552364,PASS,LINEUP PENDING,PASS - Lineup pending,4,2026-08-19T05:31:14Z,3.479,4.727,1.197,1.399,4.235,4.163,3.45,3.63,1.14,1.1,8.13,8.96,0.315,0.308,0.392,0.391,4.285,4.187,26.6,13.0,70.0,0.0,0.6667,0.8,0.6667,0.8,0.308,0.3151,0.3909,0.3918,0.169,0.169,team_fallback,team_fallback,[],[],"[{""name"": ""away_top3c_slg"", ""value"": 0.3918, ""contribution"": 0.2455}, {""name"": ""era_gap_t1"", ""value"": 1.2481, ""contribution"": 0.1358}, {""name"": ""away_top3c_iso"", ""value"": 0.169, ""contribution"": -0.0668}, {""name"": ""away_top3_ops_vs_oppHand"", ""value"": 0.72, ""contribution"": -0.0481}, {""name"": ""home_avg_ip_per_start"", ""value"": 4.1111, ""contribution"": 0.0346}]","[{""name"": ""home_top3c_slg"", ""value"": 0.3909, ""contribution"": 0.3074}, {""name"": ""home_top3c_obp"", ""value"": 0.308, ""contribution"": -0.1135}, {""name"": ""era_gap_b1"", ""value"": -1.2481, ""contribution"": -0.0853}, {""name"": ""home_top3_ops_vs_oppHand"", ""value"": 0.72, ""contribution"": -0.0521}, {""name"": ""home_top3c_iso"", ""value"": 0.169, ""contribution"": -0.0473}]",,0.5084,4.2,3.885,50.0,56.0,0.7136,0.6796,4.11,5.8,0.72,0.72,R,R,,,,,,,,,,,,,,,,,,,,,,,,,,,,,,,,
2026-08-19,2026,824801,1,N,NYY,BAL,6:35 PM ET,Will Warren,Chris Bassitt,701542,605135,live,live,live,live,1.06,0.5641,0.5815,1.1456,0.3409,0.4294,0.7704,0.4852,0.5148,0.3176,0.6824,0.462842,0.537158,PASS,LINEUP PENDING,PASS - Lineup pending,4,2026-08-19T05:31:14Z,4.425,4.655,1.4,1.505,4.226,4.207,3.25,3.31,1.33,0.99,9.07,7.03,0.309,0.32,0.407,0.399,4.439,4.521,30.9,5.8,37.0,0.0,0.6,0.4,0.6,0.6,0.3196,0.3089,0.399,0.407,0.169,0.169,team_fallback,team_fallback,[],[],"[{""name"": ""away_top3c_slg"", ""value"": 0.407, ""contribution"": 0.1685}, {""name"": ""fi_park_nrfi_rate"", ""value"": 0.519, ""contribution"": -0.0733}, {""name"": ""away_top3c_iso"", ""value"": 0.169, ""contribution"": -0.0668}, {""name"": ""wx_temp_c"", ""value"": 30.9, ""contribution"": 0.0577}, {""name"": ""away_top3_ops_vs_oppHand"", ""value"": 0.72, ""contribution"": -0.0481}]","[{""name"": ""home_top3c_slg"", ""value"": 0.399, ""contribution"": 0.2574}, {""name"": ""fi_park_nrfi_rate"", ""value"": 0.519, ""contribution"": -0.1127}, {""name"": ""wx_temp_c"", ""value"": 30.9, ""contribution"": 0.0806}, {""name"": ""home_top3c_obp"", ""value"": 0.3196, ""contribution"": -0.0727}, {""name"": ""wx_wind_kmh"", ""value"": 5.8, ""contribution"": -0.0599}]",,0.5084,4.3,4.345,33.0,39.0,0.7597,0.751,4.67,4.8,0.72,0.72,R,R,,,,,,,,,,,,,,,,,,,,,,,,,,,,,,,,
2026-08-19,2026,823664,1,N,ATL,MIN,1:40 PM ET,AJ Smith-Shawver,Taj Bradley,700363,671737,ltd,live,live,live,0.97,0.5467,0.5202,1.0669,0.279,0.3713,0.6504,0.5141,0.4859,0.2888,0.7112,0.52185,0.47815,PASS,LINEUP PENDING,PASS - Lineup pending,4,2026-08-19T05:31:14Z,4.065,4.224,1.324,1.294,3.958,4.185,3.52,3.84,0.97,1.25,8.69,9.59,0.312,0.32,0.415,0.406,4.748,4.602,26.7,12.1,30.0,0.0,0.4,0.8,0.5,0.6,0.3196,0.3115,0.4061,0.415,0.169,0.169,team_fallback,team_fallback,[],[],"[{""name"": ""away_top3c_slg"", ""value"": 0.415, ""contribution"": 0.1278}, {""name"": ""fi_park_nrfi_rate"", ""value"": 0.5348, ""contribution"": -0.1278}, {""name"": ""home_p_last10_pitcher_nrfi"", ""value"": 0.5, ""contribution"": -0.0846}, {""name"": ""away_top3c_iso"", ""value"": 0.169, ""contribution"": -0.0668}, {""name"": ""away_top3_ops_vs_oppHand"", ""value"": 0.72, ""contribution"": -0.0481}]","[{""name"": ""home_top3c_slg"", ""value"": 0.4061, ""contribution"": 0.213}, {""name"": ""fi_park_nrfi_rate"", ""value"": 0.5348, ""contribution"": -0.1964}, {""name"": ""home_top3c_obp"", ""value"": 0.3196, ""contribution"": -0.0727}, {""name"": ""home_top3_ops_vs_oppHand"", ""value"": 0.72, ""contribution"": -0.0521}, {""name"": ""home_top3c_iso"", ""value"": 0.169, ""contribution"": -0.0473}]",,0.5084,4.08,4.2,52.0,50.0,0.7136,0.7136,5.6,4.33,0.72,0.72,R,R,,,,,,,,,,,,,,,,,,,,,,,,,,,,,,,,
2026-08-19,2026,824722,1,N,ARI,BOS,4:10 PM ET,Brandon Pfaadt,Payton Tolle,694297,801139,live,live,live,live,1.05,0.4484,0.4847,0.9331,0.2658,0.3895,0.6553,0.5134,0.4866,0.2396,0.7604,0.519275,0.480725,PASS,LINEUP PENDING,PASS - Lineup pending,4,2026-08-19T05:31:14Z,3.758,3.28,1.191,1.112,3.905,3.511,2.21,2.56,0.95,1.07,6.42,9.69,0.315,0.322,0.398,0.405,4.504,4.514,28.4,13.0,40.0,0.0,0.6,0.8,0.6,0.9,0.3223,0.3151,0.4052,0.3981,0.169,0.169,team_fallback,team_fallback,[],[],"[{""name"": ""away_top3c_slg"", ""value"": 0.3981, ""contribution"": 0.2138}, {""name"": ""home_xera"", ""value"": 3.3267, ""contribution"": -0.0808}, {""name"": ""away_top3c_iso"", ""value"": 0.169, ""contribution"": -0.0668}, {""name"": ""home_fip"", ""value"": 3.5113, ""contribution"": -0.0525}, {""name"": ""era_gap_t1"", ""value"": -0.4778, ""contribution"": -0.0511}]","[{""name"": ""home_top3c_slg"", ""value"": 0.4052, ""contribution"": 0.2185}, {""name"": ""fi_park_nrfi_rate"", ""value"": 0.5121, ""contribution"": -0.076}, {""name"": ""home_top3c_obp"", ""value"": 0.3223, ""contribution"": -0.0633}, {""name"": ""away_p_last10_pitcher_nrfi"", ""value"": 0.9, ""contribution"": -0.0601}, {""name"": ""wx_temp_c"", ""value"": 28.4, ""contribution"": 0.0597}]",,0.5084,3.327,5.939,100.0,50.0,0.6796,0.7396,6.2,6.73,0.72,0.72,R,L,,,,,,,,,,,,,,,,,,,,,,,,,,,,,,,,
2026-08-19,2026,823342,1,N,DET,PIT,12:35 PM ET,Jackson Jobe,Paul Skenes,695549,694973,ltd,live,live,live,0.96,0.3649,0.6055,0.9704,0.2133,0.4932,0.7064,0.4976,0.5024,0.2534,0.7466,0.4934,0.5066,PASS,LINEUP PENDING,PASS - Lineup pending,4,2026-08-19T05:31:14Z,4.537,3.441,1.358,1.081,4.674,2.806,3.49,2.38,1.4,0.84,8.22,10.96,0.319,0.33,0.407,0.41,4.55,4.962,26.5,11.7,62.0,0.0,0.8,0.6,0.7,0.5,0.3303,0.3187,0.4097,0.407,0.169,0.169,team_fallback,team_fallback,[],[],"[{""name"": ""home_xera"", ""value"": 2.0935, ""contribution"": -0.2072}, {""name"": ""away_top3c_slg"", ""value"": 0.407, ""contribution"": 0.1685}, {""name"": ""home_fip"", ""value"": 2.8062, ""contribution"": -0.1316}, {""name"": ""era_gap_t1"", ""value"": -1.096, ""contribution"": -0.118}, {""name"": ""fi_park_nrfi_rate"", ""value"": 0.5188, ""contribution"": -0.0724}]","[{""name"": ""home_top3c_slg"", ""value"": 0.4097, ""contribution"": 0.1908}, {""name"": ""home_obp"", ""value"": 0.3303, ""contribution"": 0.1157}, {""name"": ""fi_park_nrfi_rate"", ""value"": 0.5188, ""contribution"": -0.1113}, {""name"": ""era_gap_b1"", ""value"": 1.096, ""contribution"": 0.0742}, {""name"": ""away_fip"", ""value"": 4.6736, ""contribution"": 0.0733}]",,0.5084,2.094,4.2,86.0,50.0,0.7272,0.7136,5.27,4.87,0.72,0.72,R,R,,,,,,,,,,,,,,,,,,,,,,,,,,,,,,,,
2026-08-19,2026,824155,1,N,LAA,HOU,8:10 PM ET,Walbert Ureña,Ethan Pecko,700712,814490,live,avg,live,live,0.99,0.4653,0.5039,0.9692,0.4093,0.3324,0.7417,0.4895,0.5105,0.2529,0.7471,0.476314,0.523686,PASS,LINEUP PENDING,PASS - Lineup pending + No data,3,2026-08-19T05:31:14Z,3.078,4.17,1.253,1.26,3.791,4.17,4.28,2.93,0.7,1.21,8.61,8.75,0.31,0.318,0.378,0.411,4.096,4.571,,,,1.0,0.5,1.0,0.5,0.9,0.3178,0.3097,0.4106,0.3775,0.169,0.169,team_fallback,team_fallback,[],[],"[{""name"": ""away_top3c_slg"", ""value"": 0.3775, ""contribution"": 0.3179}, {""name"": ""era_gap_t1"", ""value"": 1.0924, ""contribution"": 0.1189}, {""name"": ""home_p_last10_pitcher_nrfi"", ""value"": 0.5, ""contribution"": -0.0846}, {""name"": ""away_top3c_iso"", ""value"": 0.169, ""contribution"": -0.0668}, {""name"": ""fi_park_nrfi_rate"", ""value"": 0.482, ""contribution"": 0.0547}]","[{""name"": ""home_top3c_slg"", ""value"": 0.4106, ""contribution"": 0.1852}, {""name"": ""fi_park_nrfi_rate"", ""value"": 0.482, ""contribution"": 0.084}, {""name"": ""home_top3c_obp"", ""value"": 0.3178, ""contribution"": -0.079}, {""name"": ""wx_is_dome"", ""value"": 1.0, ""contribution"": -0.0758}, {""name"": ""era_gap_b1"", ""value"": -1.0924, ""contribution"": -0.0747}]",,0.5084,4.2,2.497,50.0,50.0,0.7136,0.7136,5.0,5.27,0.72,0.72,R,R,,,,,,,,,,,,,,,,,,,,,,,,,,,,,,,,
2026-08-19,2026,824394,1,N,SF,CLE,6:40 PM ET,Matt Wilkinson,Parker Messick,683363,800048,avg,live,live,live,0.96,0.3591,0.4738,0.8329,0.2228,0.4541,0.6769,0.5062,0.4938,0.2031,0.7969,0.508186,0.491814,PASS,LINEUP PENDING,PASS - Lineup pending + No data,3,2026-08-19T05:31:14Z,4.17,2.833,1.26,1.084,4.17,3.457,2.93,2.51,1.21,0.94,8.75,8.94,0.307,0.313,0.407,0.374,4.125,4.039,25.5,6.5,57.0,0.0,0.8,0.5,0.8,0.5,0.3133,0.3071,0.3739,0.407,0.169,0.169,team_fallback,team_fallback,[],[],"[{""name"": ""away_top3c_slg"", ""value"": 0.407, ""contribution"": 0.1685}, {""name"": ""home_xera"", ""value"": 2.6176, ""contribution"": -0.1535}, {""name"": ""era_gap_t1"", ""value"": -1.337, ""contribution"": -0.1441}, {""name"": ""fi_park_nrfi_rate"", ""value"": 0.528, ""contribution"": -0.1042}, {""name"": ""away_top3c_iso"", ""value"": 0.169, ""contribution"": -0.0668}]","[{""name"": ""home_top3c_slg"", ""value"": 0.3739, ""contribution"": 0.4128}, {""name"": ""fi_park_nrfi_rate"", ""value"": 0.528, ""contribution"": -0.1602}, {""name"": ""home_top3c_obp"", ""value"": 0.3133, ""contribution"": -0.0946}, {""name"": ""era_gap_b1"", ""value"": 1.337, ""contribution"": 0.0906}, {""name"": ""away_p_last10_pitcher_nrfi"", ""value"": 0.5, ""contribution"": 0.0713}]",,0.5084,2.618,4.2,66.0,50.0,0.7136,0.7136,6.07,5.0,0.72,0.72,L,L,,,,,,,,,,,,,,,,,,,,,,,,,,,,,,,,
2026-08-19,2026,824640,1,N,CWS,CHC,2:20 PM ET,TBD,Clay Holmes,,605280,avg,live,live,live,1.0,0.4539,0.5643,1.0182,0.2666,0.4449,0.7115,0.4963,0.5037,0.271,0.729,0.490886,0.509114,PASS,LINEUP PENDING,PASS - Lineup pending + Starter pending,3,2026-08-19T05:31:14Z,4.17,2.934,1.26,1.162,4.17,3.684,2.93,3.25,1.21,0.65,8.75,7.05,0.319,0.336,0.411,0.418,4.782,5.095,22.8,18.6,75.0,0.0,0.6,0.5,0.8,0.5,0.3357,0.3187,0.4177,0.4106,0.169,0.169,team_fallback,team_fallback,[],[],"[{""name"": ""fi_park_nrfi_rate"", ""value"": 0.5429, ""contribution"": -0.1558}, {""name"": ""away_top3c_slg"", ""value"": 0.4106, ""contribution"": 0.1504}, {""name"": ""era_gap_t1"", ""value"": -1.2361, ""contribution"": -0.1332}, {""name"": ""away_top3c_iso"", ""value"": 0.169, ""contribution"": -0.0668}, {""name"": ""away_top3_ops_vs_oppHand"", ""value"": 0.72, ""contribution"": -0.0481}]","[{""name"": ""fi_park_nrfi_rate"", ""value"": 0.5429, ""contribution"": -0.2395}, {""name"": ""home_obp"", ""value"": 0.3357, ""contribution"": 0.1532}, {""name"": ""home_top3c_slg"", ""value"": 0.4177, ""contribution"": 0.1408}, {""name"": ""era_gap_b1"", ""value"": 1.2361, ""contribution"": 0.0837}, {""name"": ""wx_wind_kmh"", ""value"": 18.6, ""contribution"": 0.0748}]",,0.5084,4.096,4.2,34.0,50.0,0.7272,0.7136,5.47,5.0,0.72,0.72,,,,,,,,,,,,,,,,,,,,,,,,,,,,,,,,,,
2026-08-19,2026,824076,1,N,OAK,KC,7:40 PM ET,TBD,TBD,,,avg,avg,live,live,0.96,0.4725,0.4839,0.9564,0.2788,0.3389,0.6177,0.5218,0.4782,0.2482,0.7518,0.539182,0.460818,PASS,LINEUP PENDING,PASS - Lineup pending + Starter pending,2,2026-08-19T05:31:14Z,4.17,4.17,1.26,1.26,4.17,4.17,2.93,2.93,1.21,1.21,8.75,8.75,0.318,0.312,0.403,0.395,4.365,4.18,30.4,8.2,62.0,0.0,0.5,0.5,0.5,0.5,0.3124,0.3178,0.3954,0.4025,0.169,0.169,team_fallback,team_fallback,[],[],"[{""name"": ""fi_park_nrfi_rate"", ""value"": 0.5614, ""contribution"": -0.2197}, {""name"": ""away_top3c_slg"", ""value"": 0.4025, ""contribution"": 0.1912}, {""name"": ""home_p_last10_pitcher_nrfi"", ""value"": 0.5, ""contribution"": -0.0846}, {""name"": ""away_top3c_iso"", ""value"": 0.169, ""contribution"": -0.0668}, {""name"": ""wx_temp_c"", ""value"": 30.4, ""contribution"": 0.0548}]","[{""name"": ""fi_park_nrfi_rate"", ""value"": 0.5614, ""contribution"": -0.3377}, {""name"": ""home_top3c_slg"", ""value"": 0.3954, ""contribution"": 0.2797}, {""name"": ""home_top3c_obp"", ""value"": 0.3124, ""contribution"": -0.0978}, {""name"": ""wx_temp_c"", ""value"": 30.4, ""contribution"": 0.0764}, {""name"": ""away_p_last10_pitcher_nrfi"", ""value"": 0.5, ""contribution"": 0.0713}]",,0.5084,4.2,4.2,50.0,50.0,0.7136,0.7136,5.0,5.0,0.72,0.72,,,,,,,,,,,,,,,,,,,,,,,,,,,,,,,,,,
